/*--------------------------------*- C++ -*----------------------------------*\
  =========                 |
  \\      /  F ield         | OpenFOAM: The Open Source CFD Toolbox
   \\    /   O peration     | Website:  https://openfoam.org
    \\  /    A nd           | Version:  11
     \\/     M anipulation  |
\*---------------------------------------------------------------------------*/
FoamFile
{
    format      ascii;
    class       volScalarField;
    location    "6.5";
    object      mag(U);
}
// * * * * * * * * * * * * * * * * * * * * * * * * * * * * * * * * * * * * * //

dimensions      [0 1 -1 0 0 0 0];

internalField   nonuniform List<scalar> 
9600
(
0.993683
0.993035
0.992134
0.991486
0.991352
0.991479
0.99177
0.992296
0.99317
0.994403
0.995961
0.997789
0.999687
1.00174
1.00401
1.00636
1.00928
1.0137
1.01521
1.01363
1.00427
0.985452
0.972262
0.966279
0.965773
0.971355
0.986704
1.00263
1.01724
1.03096
1.04444
1.05659
1.06521
1.06918
1.0695
1.06812
1.0653
1.06152
1.05758
1.05207
0.994192
0.994146
0.994231
0.994498
0.995103
0.99586
0.996582
0.997511
0.999214
1.0007
1.00223
1.0049
1.008
1.01075
1.01346
1.01629
1.01876
1.02126
1.02409
1.02715
1.02984
1.03131
1.03109
1.02851
1.027
1.02806
1.0309
1.03639
1.04387
1.05174
1.06014
1.06691
1.07258
1.0755
1.07681
1.07534
1.0732
1.0672
1.0628
1.04966
0.994286
0.994302
0.994453
0.994719
0.995375
0.996003
0.996674
0.997759
0.999337
1.00105
1.00272
1.0053
1.00847
1.01159
1.01377
1.01544
1.018
1.02287
1.02821
1.03196
1.03303
1.03196
1.02931
1.02333
1.0198
1.0206
1.02509
1.03178
1.0407
1.05038
1.05982
1.06812
1.07575
1.08225
1.08648
1.08778
1.08745
1.08603
1.08329
1.074
0.994352
0.994413
0.994596
0.995012
0.995603
0.996316
0.997199
0.998188
0.999579
1.00162
1.00388
1.00537
1.00813
1.01162
1.01496
1.01658
1.0188
1.02215
1.02701
1.03025
1.03252
1.03364
1.03505
1.03616
1.03944
1.0425
1.04755
1.05115
1.05687
1.06172
1.06837
1.07282
1.07876
1.08132
1.08421
1.08266
1.08091
1.07454
1.06966
1.05735
0.994398
0.994478
0.994707
0.995172
0.995855
0.996602
0.997246
0.998408
0.999876
1.00175
1.00384
1.00635
1.00855
1.01134
1.01451
1.01834
1.02132
1.02291
1.02421
1.02709
1.03333
1.03864
1.04245
1.04358
1.04309
1.04187
1.04271
1.04409
1.04872
1.05454
1.06242
1.06928
1.07598
1.081
1.08562
1.08796
1.08889
1.08765
1.08629
1.07928
0.994365
0.994459
0.994764
0.995284
0.996017
0.996694
0.997473
0.998404
1.00031
1.00242
1.00443
1.00591
1.00892
1.0121
1.0158
1.01801
1.02029
1.02225
1.02579
1.02937
1.03317
1.03603
1.03934
1.04084
1.04496
1.0481
1.05283
1.05578
1.06143
1.06566
1.07256
1.07663
1.08367
1.08669
1.09165
1.09125
1.09119
1.08472
1.08013
1.06698
0.994403
0.994512
0.994854
0.995385
0.996295
0.996822
0.997731
0.998539
1.00063
1.00272
1.00488
1.00626
1.00905
1.01277
1.01675
1.01846
1.02087
1.02299
1.02659
1.0287
1.0327
1.03525
1.03974
1.04318
1.0469
1.04845
1.05109
1.05219
1.05584
1.05915
1.06561
1.07135
1.07861
1.08305
1.08777
1.08959
1.09207
1.09117
1.0908
1.08467
0.994312
0.994369
0.994841
0.99529
0.99627
0.996875
0.997735
0.99872
1.00098
1.00282
1.00501
1.00699
1.00971
1.01257
1.01633
1.01939
1.02237
1.02395
1.02619
1.02853
1.03302
1.03637
1.0404
1.04131
1.04349
1.04519
1.05041
1.05348
1.06004
1.06454
1.07272
1.07756
1.08587
1.08987
1.09689
1.09809
1.10133
1.0963
1.09305
1.08013
0.994387
0.994436
0.994939
0.995463
0.996424
0.997047
0.998023
0.99904
1.00082
1.0035
1.00555
1.00771
1.00957
1.01304
1.01712
1.02057
1.02319
1.02468
1.02723
1.02899
1.03318
1.0352
1.03881
1.04088
1.04428
1.04554
1.04885
1.05087
1.05631
1.06032
1.06711
1.0726
1.08092
1.08658
1.09297
1.09482
1.09756
1.0964
1.09735
1.09111
0.994253
0.994277
0.994794
0.995389
0.996379
0.997055
0.998072
0.998945
1.00103
1.00356
1.00598
1.00792
1.0102
1.01344
1.01734
1.02077
1.02399
1.02593
1.02815
1.02928
1.0323
1.03476
1.03915
1.04095
1.04356
1.04335
1.04622
1.04714
1.0533
1.05774
1.06715
1.07334
1.08397
1.08983
1.0995
1.10261
1.10906
1.10714
1.10713
1.09572
0.994451
0.994452
0.994943
0.995482
0.99649
0.99722
0.998253
0.999464
1.00109
1.00379
1.00639
1.00907
1.0108
1.01368
1.01752
1.02181
1.02537
1.0272
1.02895
1.02976
1.0327
1.03492
1.03872
1.04002
1.04267
1.04328
1.04594
1.04572
1.04938
1.05296
1.06063
1.06708
1.07792
1.08571
1.09625
1.10111
1.10696
1.10561
1.108
1.09978
0.994196
0.994192
0.994811
0.995197
0.996307
0.99691
0.998191
0.999331
1.00114
1.00362
1.00681
1.00922
1.01114
1.01401
1.01806
1.02194
1.02591
1.02798
1.02995
1.03102
1.03306
1.03451
1.03793
1.03982
1.04261
1.0429
1.04452
1.04344
1.0458
1.04748
1.05492
1.0612
1.07426
1.08281
1.09703
1.10364
1.11448
1.11573
1.12077
1.11066
0.994304
0.994316
0.994987
0.995418
0.996383
0.997091
0.998435
0.999776
1.00142
1.00417
1.00687
1.00997
1.01215
1.01508
1.01889
1.02264
1.02672
1.02915
1.03169
1.03261
1.03444
1.03525
1.03813
1.03928
1.04128
1.04123
1.04298
1.04234
1.0437
1.04357
1.04923
1.05412
1.06543
1.07455
1.0898
1.09932
1.1131
1.11571
1.12276
1.11389
0.993876
0.993789
0.994596
0.994922
0.996077
0.996887
0.997991
0.999569
1.0017
1.00398
1.00706
1.00995
1.01294
1.01537
1.01928
1.02275
1.02717
1.03014
1.03267
1.03377
1.03558
1.03641
1.03789
1.03856
1.03999
1.04008
1.04112
1.04036
1.04141
1.04061
1.04451
1.04755
1.05825
1.0666
1.08336
1.09411
1.11283
1.11841
1.13248
1.12567
0.99368
0.994101
0.994755
0.995126
0.996166
0.997049
0.998408
0.999917
1.00173
1.00468
1.00769
1.01086
1.01385
1.0166
1.02028
1.02408
1.02865
1.03146
1.03455
1.03581
1.03797
1.03865
1.03914
1.03908
1.03898
1.03856
1.03917
1.03791
1.03927
1.03796
1.0411
1.04265
1.05156
1.05904
1.07449
1.08575
1.10612
1.11457
1.13392
1.12964
0.992931
0.993352
0.994087
0.994559
0.995259
0.99648
0.997901
0.999445
1.00172
1.00406
1.00791
1.01061
1.01442
1.01725
1.02108
1.02455
1.02886
1.03212
1.03565
1.0371
1.03893
1.03956
1.04009
1.03957
1.03859
1.03701
1.03654
1.03469
1.03564
1.03384
1.03783
1.0375
1.04596
1.05149
1.06692
1.07717
1.09965
1.10879
1.13439
1.13526
0.992449
0.993071
0.994082
0.994787
0.995665
0.996719
0.99827
1.00033
1.00238
1.00496
1.00806
1.01169
1.01545
1.01919
1.02303
1.02602
1.03055
1.03395
1.03769
1.03981
1.04132
1.04203
1.04226
1.04124
1.03975
1.03675
1.03528
1.0318
1.0322
1.02911
1.03251
1.03175
1.03985
1.04383
1.05903
1.06902
1.09166
1.10231
1.12882
1.13509
0.991273
0.992111
0.992693
0.993817
0.994825
0.995905
0.997473
0.999639
1.00213
1.00466
1.00784
1.0114
1.0156
1.01944
1.0238
1.02713
1.03147
1.03488
1.03839
1.04088
1.04265
1.04315
1.04303
1.04177
1.04016
1.03658
1.03426
1.02942
1.02907
1.02336
1.02597
1.02357
1.03124
1.03403
1.04887
1.05878
1.08189
1.09472
1.12362
1.1359
0.991315
0.992093
0.992596
0.993695
0.994921
0.996304
0.998056
1.00001
1.00308
1.00601
1.00936
1.01293
1.01679
1.0207
1.02589
1.02964
1.03426
1.03791
1.04103
1.04332
1.04556
1.04619
1.04617
1.04407
1.04232
1.03758
1.03477
1.02836
1.02701
1.01999
1.02071
1.01538
1.0209
1.02209
1.03527
1.0445
1.06791
1.08308
1.11561
1.13164
0.98951
0.990626
0.991366
0.992164
0.993723
0.994964
0.997203
0.999193
1.00215
1.00565
1.00928
1.01333
1.01737
1.02114
1.0263
1.0304
1.03534
1.03944
1.04313
1.04518
1.0472
1.04754
1.04776
1.04515
1.04328
1.03785
1.03452
1.02695
1.02448
1.01638
1.01564
1.0084
1.01081
1.00929
1.01918
1.02594
1.04701
1.064
1.09558
1.12326
0.989692
0.990781
0.991641
0.992211
0.994125
0.995087
0.997893
0.999902
1.00313
1.00675
1.01068
1.01504
1.01986
1.02389
1.02902
1.03337
1.03816
1.04245
1.04689
1.04915
1.05163
1.05151
1.05154
1.04851
1.04675
1.04095
1.03708
1.02853
1.0246
1.01438
1.01159
1.00268
1.00264
0.997745
1.00399
1.0083
1.02255
1.04078
1.06556
1.10285
0.988402
0.988747
0.990129
0.990266
0.99247
0.993609
0.996348
0.998816
1.00227
1.00614
1.01047
1.01488
1.02014
1.02482
1.0303
1.03514
1.04017
1.04424
1.04885
1.05114
1.05401
1.05409
1.05449
1.05075
1.04883
1.04246
1.03824
1.02898
1.02408
1.01268
1.0079
0.996626
0.994114
0.987512
0.987594
0.991326
0.995782
1.01545
1.02791
1.07276
0.988909
0.98907
0.990753
0.990757
0.993124
0.994248
0.997177
0.999837
1.00347
1.00753
1.01255
1.01711
1.02272
1.02777
1.03361
1.03881
1.04476
1.04891
1.05407
1.05641
1.05919
1.05893
1.0602
1.05633
1.05418
1.0474
1.04281
1.03301
1.02709
1.01483
1.00762
0.995538
0.987491
0.980697
0.972241
0.975837
0.969947
0.98822
0.99017
1.03312
0.986598
0.987076
0.988969
0.988965
0.991343
0.992692
0.995597
0.998475
1.00235
1.00671
1.01202
1.01715
1.02344
1.02875
1.0353
1.04045
1.04696
1.05133
1.05693
1.05962
1.06337
1.06241
1.06391
1.06013
1.05809
1.05082
1.04612
1.03586
1.02903
1.01667
1.00621
0.99523
0.981415
0.974549
0.959013
0.961106
0.94643
0.960828
0.953187
0.988921
0.98679
0.987303
0.989471
0.98986
0.992347
0.9942
0.997441
1.00044
1.00477
1.00921
1.01495
1.02011
1.02701
1.03257
1.0401
1.04546
1.05267
1.05743
1.06354
1.06577
1.07068
1.07
1.07172
1.06809
1.06624
1.05894
1.05359
1.04409
1.03456
1.02445
1.00968
0.999616
0.981396
0.973945
0.953111
0.951184
0.929966
0.937143
0.920394
0.947792
0.983301
0.983837
0.986176
0.98685
0.989781
0.991947
0.995605
0.999298
1.00412
1.00874
1.01541
1.02065
1.02839
1.03408
1.04207
1.0478
1.05574
1.06045
1.06795
1.07013
1.07538
1.07517
1.07694
1.07418
1.07189
1.06617
1.05862
1.05164
1.03903
1.03067
1.01343
1.00356
0.982782
0.973733
0.950022
0.943844
0.918373
0.918772
0.894152
0.911361
0.983775
0.984447
0.987241
0.988148
0.991049
0.993926
0.997798
1.00187
1.00749
1.01239
1.01993
1.02581
1.03407
1.04057
1.04916
1.05519
1.06385
1.06871
1.07617
1.07969
1.0841
1.08597
1.08627
1.08605
1.08143
1.07887
1.06923
1.06426
1.0503
1.04243
1.0248
1.01435
0.992782
0.981493
0.956068
0.945879
0.917603
0.91149
0.881127
0.886172
0.978716
0.980449
0.9823
0.98472
0.987342
0.990665
0.995342
0.999788
1.00588
1.01212
1.01933
1.02703
1.03543
1.04341
1.05204
1.05998
1.068
1.07535
1.08123
1.08753
1.09008
1.09441
1.09294
1.09521
1.0892
1.08861
1.0781
1.07397
1.06017
1.05222
1.03486
1.02413
1.00265
0.990101
0.964353
0.95139
0.922295
0.910842
0.878433
0.870927
0.977801
0.981286
0.983186
0.986102
0.989573
0.993455
0.998074
1.0047
1.00984
1.01845
1.02524
1.03481
1.04251
1.05307
1.06062
1.07122
1.07788
1.08792
1.09247
1.10138
1.10243
1.10953
1.10676
1.11065
1.10444
1.10462
1.09493
1.09101
1.07785
1.07042
1.05346
1.04282
1.02189
1.00847
0.983786
0.968397
0.940193
0.923816
0.893182
0.875991
0.971614
0.974654
0.97739
0.98105
0.983704
0.990221
0.993607
1.00209
1.00777
1.01775
1.0247
1.03667
1.04425
1.05698
1.06437
1.07742
1.08309
1.09605
1.09925
1.11057
1.11121
1.11945
1.11714
1.12185
1.11633
1.11744
1.10853
1.10558
1.09313
1.0865
1.07061
1.05999
1.0408
1.0264
1.00359
0.985893
0.960321
0.939994
0.913221
0.890514
0.973701
0.97826
0.979962
0.985504
0.988006
0.995185
0.999099
1.00842
1.01401
1.02585
1.03276
1.04651
1.05395
1.06895
1.0758
1.09136
1.09675
1.11136
1.11499
1.12731
1.12833
1.13758
1.1358
1.14138
1.13639
1.13834
1.13048
1.12818
1.11781
1.11157
1.09877
1.08785
1.07217
1.05713
1.0379
1.01922
0.996681
0.975104
0.952147
0.928093
0.963751
0.970596
0.972417
0.979736
0.982694
0.992166
0.99679
1.00805
1.01437
1.02791
1.03559
1.05156
1.05948
1.07661
1.08355
1.10055
1.10653
1.12164
1.12585
1.13841
1.14018
1.14963
1.14861
1.15454
1.15102
1.15286
1.14785
1.14523
1.1388
1.13156
1.12241
1.11093
1.0998
1.08326
1.06975
1.04812
1.0321
1.00577
0.990672
0.957665
0.967596
0.974536
0.977805
0.983968
0.989146
0.99796
1.00559
1.01756
1.02679
1.04151
1.05147
1.06896
1.07802
1.09657
1.10486
1.12276
1.12924
1.14568
1.15007
1.16317
1.16614
1.17467
1.17592
1.18033
1.17913
1.1807
1.17633
1.17566
1.16838
1.165
1.15652
1.14941
1.1403
1.12683
1.11778
1.09569
1.08816
1.06158
1.04819
1.0239
0.956256
0.964264
0.970464
0.978012
0.985572
0.996198
1.00502
1.01952
1.02906
1.04675
1.05653
1.07676
1.08622
1.10681
1.117
1.13465
1.14447
1.1586
1.16719
1.17717
1.18438
1.19012
1.19571
1.19736
1.20141
1.19939
1.20305
1.19677
1.20059
1.19132
1.1941
1.18155
1.18322
1.16533
1.16476
1.1442
1.1398
1.11348
1.10757
1.07846
0.960615
0.967424
0.974381
0.983223
0.992129
1.00732
1.01818
1.03772
1.05047
1.07029
1.08613
1.10442
1.12169
1.13864
1.15668
1.16911
1.18803
1.19449
1.2126
1.21477
1.22915
1.22882
1.23985
1.23544
1.24642
1.2378
1.24829
1.23876
1.24753
1.23793
1.24482
1.23384
1.24064
1.22602
1.23241
1.21568
1.21849
1.20062
1.19953
1.17774
0.947291
0.964942
0.973187
0.988387
0.999067
1.01465
1.03119
1.04585
1.06617
1.08237
1.10439
1.12178
1.14307
1.16033
1.17986
1.19347
1.21239
1.21968
1.23726
1.23896
1.25348
1.25183
1.2626
1.25807
1.26768
1.26074
1.27016
1.26319
1.27303
1.26564
1.27734
1.26918
1.28181
1.2723
1.28291
1.27165
1.28008
1.26792
1.27312
1.25757
0.947236
0.96281
0.977093
0.997038
1.01951
1.04075
1.06723
1.08898
1.11431
1.13618
1.15786
1.18085
1.19956
1.22092
1.23676
1.25462
1.26722
1.28099
1.28891
1.29856
1.30195
1.30781
1.30752
1.31044
1.3081
1.31028
1.30761
1.31086
1.3104
1.31493
1.31794
1.32329
1.32889
1.33426
1.34072
1.347
1.35407
1.35825
1.36512
1.36834
0.957992
0.983822
1.00507
1.02629
1.04987
1.07019
1.09639
1.11934
1.14587
1.17139
1.19668
1.22201
1.24377
1.26675
1.28372
1.30336
1.31447
1.32939
1.33424
1.34435
1.34345
1.34892
1.3434
1.34564
1.3374
1.33872
1.33088
1.33399
1.32881
1.33547
1.33329
1.34311
1.34419
1.3536
1.35701
1.37461
1.37307
1.39036
1.3835
1.3978
0.992774
1.03073
1.07384
1.10804
1.15404
1.18499
1.2255
1.25712
1.29322
1.32335
1.35348
1.37968
1.40334
1.42532
1.44144
1.45899
1.46705
1.4786
1.47818
1.48198
1.47306
1.4678
1.45386
1.44127
1.42189
1.4043
1.3835
1.36444
1.34447
1.32702
1.30949
1.29615
1.2822
1.27206
1.25837
1.23743
1.20247
1.15636
1.07207
1.04434
1.16006
1.19601
1.23227
1.26935
1.30581
1.34032
1.37155
1.39893
1.42421
1.43882
1.45849
1.46654
1.48078
1.48592
1.4941
1.49214
1.4895
1.47849
1.46396
1.44396
1.41815
1.38941
1.35214
1.31271
1.26329
1.21427
1.15521
1.09918
1.03481
0.97537
0.910821
0.851618
0.788657
0.730974
0.66551
0.588671
0.444324
0.147933
0.118049
0.166132
1.05606
1.05619
1.05425
1.05442
1.05285
1.04004
1.02272
0.987977
0.937461
0.914989
0.882533
0.846093
0.949237
0.995508
0.992788
0.992409
0.997836
1.00012
1.00419
1.00605
1.00829
1.00989
1.0106
1.01152
1.01166
1.0122
1.01211
1.01222
1.01206
1.01205
1.01189
1.01188
1.01159
1.01145
1.01098
1.01081
1.01028
1.01018
1.01044
1.0124
1.05898
1.05952
1.05849
1.06
1.05803
1.0459
1.02717
0.988209
0.936068
0.912057
0.87939
0.826293
0.926886
0.986636
0.989727
0.989211
0.996423
0.999093
1.00374
1.006
1.00833
1.00999
1.01093
1.01188
1.012
1.01258
1.01254
1.01266
1.01255
1.01245
1.0123
1.01227
1.01203
1.01187
1.01141
1.01123
1.01071
1.0105
1.00994
1.00774
1.06458
1.06443
1.06453
1.0671
1.06707
1.05588
1.03576
0.992452
0.937534
0.911058
0.876841
0.81291
0.908935
0.975493
0.9833
0.985313
0.994563
0.998175
1.0037
1.00629
1.00879
1.01063
1.01152
1.01254
1.01262
1.01311
1.01313
1.0132
1.01308
1.01292
1.01278
1.01267
1.0125
1.01236
1.01187
1.01164
1.01119
1.0111
1.01131
1.01328
1.06605
1.06797
1.07078
1.07471
1.07522
1.06467
1.04237
0.993175
0.936131
0.905982
0.870497
0.790399
0.885388
0.964077
0.978143
0.981436
0.992508
0.996713
1.00285
1.00598
1.00854
1.01075
1.01175
1.01289
1.01291
1.01352
1.01354
1.01369
1.01359
1.01335
1.01324
1.01312
1.01297
1.01288
1.01242
1.01202
1.01146
1.01117
1.01055
1.0085
1.07237
1.0742
1.07872
1.08439
1.08736
1.07742
1.05329
0.997189
0.937018
0.901105
0.858977
0.774533
0.866369
0.951234
0.970132
0.977217
0.990168
0.995519
1.00243
1.00611
1.00893
1.01146
1.0124
1.01373
1.01372
1.01429
1.01422
1.01435
1.01418
1.01391
1.01368
1.01353
1.01337
1.01328
1.0129
1.01257
1.0122
1.01193
1.01194
1.01309
1.07477
1.07874
1.08631
1.09409
1.09889
1.08983
1.06331
0.998968
0.933198
0.891497
0.843392
0.748474
0.843677
0.938789
0.963417
0.973324
0.987704
0.99395
1.00129
1.00567
1.00879
1.01175
1.01263
1.01419
1.0141
1.01478
1.01469
1.01487
1.0147
1.01451
1.01412
1.01382
1.01357
1.01342
1.01317
1.01274
1.01244
1.01206
1.01157
1.00984
1.08197
1.08748
1.09639
1.10623
1.11407
1.10733
1.07766
1.00368
0.929543
0.8785
0.817614
0.728704
0.827188
0.925878
0.954777
0.969691
0.985232
0.993053
1.0008
1.00587
1.00916
1.01241
1.01338
1.01503
1.01498
1.01569
1.01552
1.0158
1.01551
1.01532
1.01483
1.01438
1.01411
1.01387
1.01387
1.01348
1.01327
1.01283
1.01278
1.01318
1.08532
1.09389
1.10671
1.11951
1.13006
1.12788
1.0936
1.00518
0.917712
0.857635
0.78702
0.701147
0.808635
0.913689
0.947764
0.966587
0.982751
0.99187
0.999654
1.00536
1.00883
1.0124
1.01358
1.01549
1.01553
1.01644
1.01629
1.01658
1.01634
1.0162
1.01578
1.01526
1.01489
1.01439
1.01432
1.01368
1.01358
1.01299
1.01277
1.0114
1.09353
1.10609
1.11979
1.13524
1.15134
1.15729
1.11505
1.0058
0.901175
0.826715
0.745826
0.680406
0.798726
0.902018
0.939977
0.964333
0.980799
0.991669
0.999479
1.00573
1.00912
1.013
1.01419
1.01618
1.01632
1.01717
1.01701
1.01741
1.01718
1.01707
1.01674
1.01612
1.01585
1.01517
1.01508
1.01447
1.0144
1.0138
1.01371
1.01353
1.09998
1.11352
1.13051
1.15192
1.17708
1.1931
1.13665
0.995339
0.869268
0.782746
0.700413
0.657673
0.789984
0.892258
0.934324
0.963115
0.979197
0.991579
0.999212
1.00578
1.00918
1.01316
1.01451
1.01654
1.01672
1.01761
1.01747
1.01785
1.01765
1.01752
1.01719
1.01657
1.01621
1.01542
1.01528
1.0146
1.01466
1.01409
1.01406
1.01302
1.10892
1.12951
1.14404
1.17279
1.21548
1.24395
1.14519
0.971554
0.823255
0.724307
0.653263
0.647558
0.789995
0.884756
0.9296
0.96289
0.978861
0.99287
1.00014
1.00708
1.0103
1.01422
1.01551
1.0175
1.01778
1.01857
1.01833
1.01863
1.01836
1.01822
1.01783
1.01746
1.01711
1.01655
1.0163
1.01571
1.01566
1.01493
1.01482
1.01442
1.11736
1.1393
1.15547
1.19962
1.26603
1.2808
1.1423
0.922312
0.755186
0.655333
0.61383
0.6429
0.793335
0.88115
0.928043
0.963086
0.979392
0.994242
1.00128
1.00851
1.01155
1.01544
1.01677
1.01871
1.01899
1.01973
1.0195
1.01975
1.01944
1.01937
1.01886
1.0187
1.01794
1.01768
1.01698
1.01646
1.01617
1.01557
1.01539
1.01478
1.12712
1.15555
1.17303
1.24028
1.33553
1.30533
1.116
0.846885
0.671446
0.587589
0.593393
0.656463
0.802833
0.881118
0.929011
0.965226
0.981506
0.996609
1.00338
1.01049
1.01344
1.01711
1.01832
1.02016
1.02043
1.02102
1.02075
1.02094
1.02062
1.02077
1.02017
1.02032
1.01924
1.01915
1.01812
1.01786
1.01701
1.01644
1.016
1.01571
1.13844
1.16342
1.19052
1.29452
1.39085
1.31343
1.05045
0.741694
0.581812
0.547936
0.595139
0.681082
0.815855
0.886122
0.934353
0.969148
0.984819
0.999477
1.00568
1.01266
1.01523
1.01866
1.01956
1.02111
1.02137
1.02174
1.02152
1.02155
1.02118
1.02139
1.02053
1.02084
1.01951
1.01955
1.01829
1.01841
1.0173
1.01715
1.01654
1.01642
1.14666
1.17678
1.21907
1.36297
1.42048
1.29492
0.944655
0.630769
0.524438
0.559338
0.626909
0.718369
0.832367
0.896219
0.944513
0.976011
0.991096
1.00433
1.00976
1.01599
1.01796
1.02109
1.02167
1.02271
1.02301
1.02289
1.02276
1.02236
1.02198
1.02214
1.02147
1.02174
1.02064
1.02073
1.01955
1.01955
1.0182
1.01822
1.01723
1.01708
1.15668
1.18605
1.2514
1.42353
1.42957
1.24644
0.82584
0.565582
0.55033
0.612375
0.677994
0.760542
0.855801
0.912875
0.959436
0.985582
1.00002
1.01051
1.01538
1.02018
1.02184
1.02433
1.02499
1.02527
1.02588
1.02481
1.02497
1.02376
1.02344
1.02298
1.02252
1.0224
1.0217
1.02158
1.0208
1.02058
1.01956
1.01933
1.01817
1.01789
1.15898
1.1994
1.28974
1.45854
1.42637
1.18864
0.783266
0.629246
0.648941
0.692648
0.733866
0.807449
0.883756
0.935141
0.979237
0.999414
1.01245
1.01914
1.02335
1.02565
1.02718
1.0284
1.02942
1.02841
1.02977
1.02745
1.02827
1.02593
1.02619
1.02485
1.02485
1.02394
1.02381
1.0231
1.02271
1.022
1.02123
1.0208
1.01977
1.01923
1.16309
1.20632
1.31567
1.43315
1.37853
1.15543
0.880047
0.784602
0.765845
0.769848
0.78695
0.857583
0.916525
0.965703
1.00267
1.01811
1.02708
1.02964
1.03275
1.03194
1.03305
1.03236
1.03364
1.03124
1.0333
1.03
1.03137
1.02792
1.02864
1.02609
1.02662
1.02478
1.02516
1.02373
1.02383
1.02264
1.02218
1.02135
1.02079
1.02034
1.15791
1.20791
1.31719
1.35131
1.29596
1.15273
0.969359
0.894861
0.831432
0.822576
0.84007
0.910534
0.95151
1.00316
1.02888
1.04328
1.04438
1.04457
1.04383
1.04062
1.0397
1.03756
1.03821
1.0348
1.03636
1.03293
1.03409
1.03083
1.03131
1.02842
1.02885
1.02648
1.02687
1.02492
1.02522
1.02376
1.02376
1.02258
1.02226
1.0216
1.14621
1.19512
1.25098
1.23701
1.22573
1.11754
0.982502
0.922991
0.852464
0.860629
0.903219
0.963388
0.992753
1.04567
1.05876
1.07458
1.06397
1.06382
1.05613
1.0526
1.04747
1.04507
1.04305
1.03961
1.03906
1.03649
1.03602
1.03361
1.03299
1.0305
1.03032
1.02793
1.02797
1.026
1.02613
1.02454
1.02468
1.02329
1.02334
1.02255
1.11565
1.15865
1.13934
1.12998
1.12161
1.04532
0.956704
0.907647
0.841853
0.880138
0.92902
1.01342
1.04503
1.08971
1.095
1.11008
1.08874
1.08786
1.07219
1.06851
1.0571
1.05535
1.0495
1.04694
1.04315
1.04223
1.03916
1.0384
1.03618
1.03487
1.03353
1.03161
1.03079
1.02897
1.02861
1.02693
1.02663
1.02512
1.02484
1.02401
1.07615
1.08118
1.00825
1.00318
0.996538
0.943947
0.889479
0.843816
0.814567
0.879296
0.932854
1.03362
1.09253
1.13743
1.13755
1.14798
1.12011
1.11341
1.09243
1.08658
1.06998
1.06787
1.05862
1.05639
1.04927
1.04948
1.04361
1.04396
1.03988
1.03958
1.03681
1.03593
1.03356
1.0325
1.03065
1.02969
1.02851
1.0274
1.02669
1.02568
1.02608
0.987236
0.893747
0.864449
0.856624
0.820836
0.791821
0.76148
0.769132
0.845542
0.914573
1.03572
1.11837
1.19455
1.18373
1.19106
1.15688
1.14071
1.11612
1.1058
1.086
1.08036
1.07008
1.06596
1.05778
1.05672
1.05005
1.04953
1.04471
1.04432
1.04053
1.04006
1.03671
1.03623
1.03324
1.03283
1.03044
1.03008
1.0285
1.02804
0.968342
0.902525
0.787387
0.732116
0.716795
0.695699
0.685054
0.672248
0.69125
0.76652
0.863439
1.0123
1.12685
1.22494
1.23652
1.23525
1.1985
1.16797
1.14216
1.12471
1.10396
1.09125
1.08224
1.07279
1.06636
1.0614
1.05557
1.05275
1.04891
1.0468
1.04375
1.04238
1.03965
1.03887
1.03611
1.03556
1.03291
1.03243
1.03042
1.03016
0.908178
0.843875
0.723947
0.645446
0.607495
0.598304
0.595642
0.58145
0.589277
0.651459
0.770289
0.933756
1.09991
1.24005
1.28716
1.28161
1.24739
1.20057
1.17127
1.14743
1.12564
1.10584
1.09746
1.08249
1.07799
1.06904
1.06479
1.05851
1.05633
1.05118
1.04957
1.04597
1.0443
1.04164
1.03984
1.03831
1.03619
1.03526
1.03354
1.03323
0.862756
0.808747
0.703099
0.623304
0.569231
0.562526
0.554423
0.530877
0.512301
0.54675
0.646029
0.800935
1.0175
1.21587
1.31282
1.33258
1.30082
1.24137
1.20271
1.17685
1.15119
1.12798
1.11579
1.09905
1.09212
1.08161
1.07622
1.06814
1.06531
1.05875
1.05708
1.05164
1.05025
1.04606
1.04464
1.04191
1.04013
1.038
1.03677
1.03548
0.837788
0.787483
0.718831
0.660886
0.609196
0.60417
0.597766
0.57406
0.547113
0.54869
0.580665
0.67675
0.880046
1.136
1.30411
1.35884
1.35202
1.28706
1.23072
1.20448
1.17457
1.15177
1.13394
1.11921
1.10664
1.09813
1.08879
1.08188
1.07603
1.07003
1.06622
1.06097
1.05768
1.05402
1.0511
1.04824
1.04589
1.04363
1.04161
1.04021
0.832402
0.786741
0.751346
0.716222
0.679591
0.673293
0.685718
0.68881
0.688156
0.697139
0.704598
0.721163
0.795542
0.991484
1.22712
1.34804
1.37713
1.32961
1.25725
1.22148
1.19194
1.16682
1.14732
1.13317
1.1183
1.1103
1.09972
1.09361
1.08639
1.08095
1.07542
1.07156
1.06596
1.06321
1.05793
1.05588
1.05132
1.04934
1.04631
1.04534
0.843992
0.807646
0.781836
0.767997
0.752902
0.746514
0.763729
0.784036
0.804444
0.83156
0.86735
0.895386
0.899299
0.921361
1.02623
1.24017
1.34387
1.35611
1.28533
1.23436
1.20823
1.17903
1.16019
1.14367
1.12997
1.11853
1.11021
1.10141
1.09552
1.08917
1.08388
1.07968
1.07435
1.07121
1.06622
1.06344
1.059
1.05681
1.05339
1.0519
0.862542
0.844826
0.834576
0.819328
0.818238
0.820552
0.839503
0.862253
0.884291
0.909041
0.937802
0.95789
0.959147
0.949399
0.932432
0.983743
1.19153
1.29734
1.29993
1.2448
1.21768
1.19343
1.17162
1.15529
1.1413
1.12814
1.11969
1.10995
1.10378
1.09616
1.09148
1.08505
1.0812
1.0757
1.07238
1.06812
1.0651
1.0621
1.05988
1.05796
0.904271
0.892261
0.887443
0.88425
0.891852
0.902186
0.920621
0.944511
0.96225
0.981653
0.98524
0.970057
0.947343
0.933465
0.899808
0.85804
0.89295
1.11792
1.2269
1.23061
1.20695
1.19912
1.18079
1.16763
1.15589
1.14263
1.13377
1.12394
1.11578
1.10846
1.10173
1.09552
1.09035
1.08498
1.08147
1.07634
1.07363
1.06914
1.06698
1.06407
0.946024
0.941271
0.946375
0.960341
0.979229
1.00307
1.01936
1.03715
1.05779
1.04561
1.00116
0.965644
0.910234
0.859119
0.817523
0.756464
0.711409
0.807627
1.04196
1.14131
1.15663
1.16527
1.17136
1.1624
1.16256
1.15288
1.14767
1.13994
1.13347
1.12592
1.11929
1.11146
1.10465
1.09806
1.09339
1.08834
1.08487
1.08042
1.07814
1.07522
1.01011
1.01965
1.02875
1.03867
1.06121
1.0983
1.12332
1.13558
1.11635
1.06093
0.998954
0.922237
0.846432
0.756726
0.682298
0.620281
0.552254
0.529246
0.756037
0.967361
1.05102
1.08322
1.12015
1.12662
1.13913
1.14262
1.14207
1.14244
1.13863
1.13527
1.13134
1.12727
1.12258
1.11544
1.1094
1.10226
1.09705
1.09132
1.08825
1.08584
1.07986
1.08592
1.10911
1.13575
1.17312
1.20078
1.21276
1.17946
1.12691
1.04905
0.959548
0.839656
0.721107
0.61184
0.503274
0.431642
0.373211
0.326529
0.440805
0.743258
0.885688
0.961848
1.02492
1.05948
1.08274
1.10457
1.11239
1.12362
1.12614
1.1282
1.12835
1.12824
1.12659
1.12464
1.12208
1.11882
1.11379
1.10907
1.10488
1.10207
1.18809
1.20685
1.23684
1.25366
1.27677
1.27807
1.25207
1.18919
1.09841
0.978366
0.845891
0.708509
0.545727
0.402099
0.275522
0.186595
0.153084
0.165442
0.225493
0.513894
0.712746
0.810398
0.91119
0.967624
1.00924
1.0477
1.06759
1.09209
1.10389
1.11163
1.11827
1.12132
1.12407
1.12464
1.12453
1.12454
1.12284
1.12043
1.11712
1.11363
1.27675
1.2994
1.32023
1.3363
1.32792
1.28942
1.22013
1.12173
0.99368
0.8332
0.646567
0.471144
0.299162
0.143532
0.0321526
0.0944799
0.195449
0.276106
0.291609
0.415073
0.587444
0.6756
0.789274
0.870717
0.918893
0.979657
1.00693
1.04316
1.06626
1.08497
1.09611
1.10663
1.11276
1.1183
1.12174
1.12369
1.1239
1.12417
1.12403
1.12444
1.37944
1.38321
1.37836
1.35412
1.29911
1.2182
1.09322
0.927804
0.737139
0.534844
0.32175
0.093016
0.0962934
0.241651
0.382756
0.452665
0.514454
0.532179
0.469009
0.413174
0.489681
0.571417
0.660097
0.760429
0.808042
0.875246
0.912479
0.942515
0.988953
1.01549
1.0435
1.06493
1.07814
1.09416
1.10216
1.11484
1.12082
1.1263
1.12767
1.13287
1.37966
1.3365
1.25977
1.1787
1.01797
0.817164
0.637419
0.487646
0.374092
0.344004
0.38555
0.460157
0.546821
0.605168
0.663005
0.706446
0.731762
0.719665
0.630214
0.520944
0.503111
0.519175
0.577786
0.658574
0.72388
0.788501
0.854201
0.886833
0.929213
0.954643
0.986399
1.00901
1.03094
1.05083
1.06318
1.07949
1.08595
1.1018
1.10986
1.12235
0.916376
0.747748
0.553386
0.302657
0.160653
0.214197
0.344589
0.439593
0.494762
0.542895
0.603394
0.652755
0.703504
0.747667
0.779944
0.807205
0.813617
0.804612
0.717694
0.511279
0.368873
0.397342
0.470367
0.593296
0.703429
0.809468
0.881464
0.927534
0.959815
0.993721
1.01725
1.04066
1.05653
1.08264
1.09811
1.12341
1.13615
1.1555
1.16284
1.17484
0.30589
0.391556
0.456727
0.503018
0.536208
0.565718
0.598787
0.636006
0.667545
0.693526
0.711423
0.722411
0.734531
0.733347
0.725975
0.721473
0.709869
0.700562
0.671886
0.623203
0.561491
0.537644
0.549274
0.585103
0.626073
0.649135
0.448739
0.267204
0.553159
0.606387
0.631533
0.680935
0.712914
0.764813
0.803858
0.850889
0.890475
0.938492
0.99117
1.04801
1.01901
1.01917
1.01977
1.01936
1.01967
1.01883
1.0183
1.01658
1.01483
1.01155
1.00784
1.00233
0.996082
0.988513
0.982429
0.97921
0.980972
0.986935
0.99764
1.00777
1.01332
1.0131
1.01214
1.01125
1.01075
1.0104
1.01009
1.00978
1.00945
1.00908
1.00869
1.00828
1.00785
1.00738
1.0069
1.00645
1.00605
1.00565
1.00526
1.00501
1.00122
1.00214
1.00157
1.00251
1.00239
1.00365
1.00413
1.00609
1.00751
1.01064
1.01338
1.01752
1.02093
1.02515
1.02665
1.02745
1.02703
1.02396
1.01785
1.01284
1.0112
1.01127
1.01156
1.01185
1.01192
1.01178
1.01149
1.01112
1.01067
1.01013
1.00963
1.00922
1.00871
1.00805
1.00744
1.00687
1.00637
1.00602
1.00563
1.00524
1.01825
1.01852
1.01883
1.01839
1.0183
1.01721
1.01651
1.01446
1.01275
1.00977
1.00716
1.0037
1.00183
1.00171
1.00429
1.00633
1.00898
1.01018
1.0109
1.011
1.01106
1.01144
1.01168
1.01189
1.0119
1.01181
1.01154
1.01129
1.01091
1.01051
1.01004
1.00966
1.00913
1.00857
1.00795
1.00739
1.00701
1.00665
1.00625
1.00596
1.00416
1.00505
1.0055
1.00669
1.00752
1.00938
1.01077
1.01352
1.01574
1.01918
1.02178
1.02507
1.02651
1.0274
1.0276
1.02704
1.02477
1.0215
1.01826
1.01536
1.01377
1.01333
1.01329
1.01312
1.01278
1.01232
1.01189
1.01153
1.01117
1.01083
1.01038
1.00991
1.00939
1.00872
1.00812
1.00755
1.00712
1.00679
1.00632
1.00602
1.01647
1.01669
1.01653
1.01611
1.01551
1.01447
1.01337
1.01177
1.0103
1.00869
1.00779
1.00745
1.0085
1.00961
1.01103
1.01146
1.01191
1.01232
1.0125
1.01253
1.01247
1.0125
1.01253
1.0126
1.01256
1.01241
1.01203
1.01172
1.01143
1.0112
1.01081
1.01041
1.00988
1.00925
1.00871
1.00819
1.00769
1.00735
1.00697
1.00658
1.00712
1.00851
1.00933
1.01075
1.01184
1.01352
1.01491
1.01693
1.01842
1.02041
1.02168
1.02306
1.02349
1.02377
1.02361
1.02277
1.02143
1.02002
1.01866
1.01727
1.01593
1.01487
1.01435
1.01411
1.01376
1.01316
1.01256
1.01202
1.01166
1.01141
1.01091
1.01045
1.00998
1.00939
1.00879
1.00821
1.00778
1.00734
1.00691
1.00659
1.01511
1.01514
1.01479
1.01442
1.01374
1.01303
1.01218
1.01137
1.01075
1.01037
1.01049
1.01117
1.01196
1.01267
1.0131
1.01336
1.01358
1.014
1.0141
1.0141
1.01371
1.0135
1.01341
1.01348
1.01342
1.01321
1.01277
1.01248
1.01221
1.0119
1.01151
1.01105
1.01047
1.00999
1.00939
1.00885
1.00849
1.00802
1.00752
1.00721
1.01007
1.01161
1.01235
1.01374
1.0146
1.01589
1.0168
1.01797
1.01869
1.01975
1.02024
1.02093
1.0212
1.02127
1.02092
1.02028
1.01958
1.01895
1.01829
1.01767
1.01661
1.01567
1.01529
1.01501
1.01441
1.01381
1.01327
1.0128
1.01239
1.01205
1.01174
1.01128
1.01061
1.01002
1.00947
1.00898
1.00855
1.00801
1.00759
1.00721
1.01433
1.0143
1.01404
1.01393
1.01363
1.01354
1.01337
1.01342
1.01346
1.01377
1.01405
1.01448
1.01461
1.01482
1.01492
1.01511
1.01521
1.01545
1.01553
1.01532
1.0149
1.01471
1.01467
1.0146
1.0144
1.01409
1.0137
1.01344
1.01305
1.01272
1.01242
1.01196
1.01141
1.01077
1.01022
1.00976
1.00925
1.00886
1.00838
1.00794
1.01244
1.01388
1.01447
1.01565
1.01623
1.01719
1.0177
1.0185
1.01892
1.01942
1.01967
1.01992
1.01996
1.01985
1.01956
1.01922
1.01908
1.01891
1.01849
1.0178
1.01686
1.01643
1.01624
1.01574
1.01509
1.01471
1.01412
1.01366
1.01331
1.013
1.01265
1.01212
1.01159
1.011
1.01047
1.00993
1.00941
1.00895
1.00847
1.00804
1.01452
1.01472
1.01475
1.01496
1.01508
1.01529
1.0154
1.0156
1.01573
1.01591
1.01606
1.01629
1.01651
1.0167
1.01678
1.0168
1.01681
1.01692
1.01689
1.01656
1.01629
1.01623
1.01609
1.01581
1.01556
1.01521
1.01491
1.0145
1.01408
1.01383
1.01352
1.01296
1.01237
1.01184
1.0113
1.01075
1.0103
1.00991
1.00937
1.00892
1.01446
1.0158
1.01632
1.01724
1.01766
1.01836
1.01865
1.01902
1.01917
1.01935
1.0194
1.01956
1.01962
1.01957
1.01931
1.01935
1.01939
1.01934
1.01886
1.01818
1.01762
1.01741
1.01711
1.01657
1.01612
1.01568
1.01523
1.01487
1.01447
1.01409
1.01373
1.01322
1.01266
1.01213
1.01151
1.01088
1.01046
1.01007
1.00949
1.00899
1.01552
1.01615
1.01638
1.01685
1.01708
1.01737
1.0175
1.01763
1.01773
1.01784
1.01796
1.01813
1.01829
1.01842
1.01847
1.0185
1.0185
1.01846
1.0183
1.01807
1.01795
1.01785
1.01757
1.01724
1.01692
1.01647
1.01612
1.01581
1.01546
1.01511
1.01463
1.01412
1.01359
1.01304
1.01243
1.01181
1.01141
1.01102
1.01048
1.01
1.01621
1.01744
1.01787
1.0186
1.01888
1.01945
1.01961
1.01995
1.01999
1.02024
1.02027
1.02051
1.02041
1.02036
1.02017
1.02034
1.0203
1.02012
1.01953
1.0192
1.01886
1.0186
1.01812
1.01774
1.01733
1.01695
1.01651
1.01616
1.0158
1.01545
1.01502
1.01447
1.0139
1.01333
1.01268
1.01207
1.0116
1.01125
1.01064
1.01013
1.01704
1.0179
1.01823
1.01868
1.01888
1.01926
1.01944
1.01979
1.01997
1.02022
1.02037
1.02054
1.02054
1.02052
1.02041
1.02041
1.02034
1.02028
1.02013
1.01996
1.01977
1.01956
1.01918
1.01885
1.01843
1.01797
1.01755
1.01722
1.01692
1.0165
1.01603
1.01555
1.01505
1.01443
1.01372
1.0131
1.01268
1.01235
1.01179
1.01125
1.01779
1.01903
1.01941
1.02015
1.02036
1.0209
1.02105
1.02149
1.02161
1.02197
1.02198
1.02216
1.02193
1.02194
1.02178
1.02186
1.0216
1.02136
1.02093
1.02074
1.02033
1.02008
1.01971
1.01949
1.019
1.01855
1.01802
1.0178
1.01743
1.01702
1.01636
1.01597
1.01541
1.01486
1.01396
1.01335
1.01292
1.01262
1.01201
1.01147
1.01875
1.01994
1.02018
1.02078
1.02097
1.02148
1.02169
1.02214
1.02235
1.02274
1.02278
1.02294
1.0228
1.02289
1.02277
1.0228
1.02252
1.02237
1.0221
1.02204
1.02172
1.02146
1.02099
1.02074
1.02019
1.01979
1.01928
1.01906
1.01869
1.01827
1.01761
1.01719
1.01674
1.01611
1.01519
1.01459
1.01419
1.01381
1.01326
1.01276
1.02004
1.02122
1.02143
1.02216
1.02241
1.02291
1.02313
1.02353
1.02364
1.02397
1.02392
1.02408
1.02392
1.02405
1.02394
1.02386
1.02343
1.02309
1.02284
1.02273
1.02251
1.02224
1.0218
1.02142
1.02087
1.02055
1.01998
1.01969
1.01919
1.01885
1.01811
1.01767
1.01709
1.0165
1.01557
1.01501
1.01445
1.01403
1.01347
1.01305
1.02138
1.02241
1.02264
1.02337
1.02364
1.02418
1.02438
1.02481
1.02494
1.02532
1.02531
1.02555
1.02547
1.02569
1.02552
1.02545
1.02503
1.02489
1.02461
1.02446
1.02411
1.0238
1.02339
1.02294
1.02242
1.02204
1.02149
1.02115
1.0207
1.02041
1.01966
1.01908
1.01843
1.01784
1.017
1.01652
1.01588
1.01543
1.01485
1.01448
1.02265
1.02365
1.02406
1.02479
1.02507
1.02562
1.02571
1.02608
1.02625
1.02651
1.02653
1.02665
1.0266
1.02671
1.02648
1.02629
1.02599
1.02594
1.02569
1.02544
1.02499
1.02471
1.02433
1.02385
1.02329
1.02282
1.02231
1.02189
1.02145
1.0211
1.02031
1.01969
1.01893
1.01826
1.01747
1.017
1.01634
1.01575
1.01516
1.01484
1.02412
1.0251
1.02561
1.02644
1.0267
1.02736
1.02749
1.02813
1.02827
1.02858
1.02855
1.02869
1.02866
1.02877
1.02851
1.0284
1.02815
1.02804
1.02771
1.02741
1.02696
1.02674
1.02627
1.0258
1.02521
1.02471
1.02416
1.02378
1.02336
1.02291
1.02216
1.0215
1.02054
1.01981
1.0191
1.0187
1.01798
1.01727
1.01653
1.01601
1.02558
1.0266
1.02706
1.02781
1.02805
1.02878
1.02897
1.02968
1.02964
1.02993
1.02981
1.03002
1.03002
1.03003
1.0298
1.02977
1.02955
1.02931
1.02894
1.02862
1.02828
1.02789
1.02735
1.02688
1.02619
1.02556
1.02502
1.02469
1.02418
1.02363
1.02294
1.02226
1.02119
1.02041
1.0197
1.01932
1.01868
1.0181
1.01746
1.01717
1.02778
1.0289
1.02928
1.03016
1.03042
1.03128
1.03151
1.0322
1.03202
1.03242
1.03233
1.03274
1.03261
1.03261
1.03244
1.03246
1.03214
1.03185
1.0315
1.03129
1.03086
1.03029
1.02982
1.02931
1.02861
1.02791
1.02745
1.02704
1.02645
1.02586
1.02515
1.02428
1.02312
1.02226
1.02141
1.02095
1.02012
1.01936
1.01831
1.0177
1.02949
1.03079
1.03121
1.03203
1.03234
1.03327
1.03338
1.03386
1.0337
1.03422
1.03424
1.03462
1.03428
1.03443
1.03416
1.03418
1.03378
1.03361
1.03322
1.03293
1.03227
1.03172
1.03117
1.03061
1.02992
1.02917
1.02868
1.02817
1.02771
1.02704
1.02632
1.02537
1.02438
1.02356
1.02275
1.02231
1.02166
1.02125
1.0205
1.02003
1.03242
1.03402
1.03438
1.03534
1.03588
1.03666
1.03656
1.03716
1.03713
1.03783
1.03776
1.03795
1.03764
1.0377
1.03736
1.03743
1.03709
1.03694
1.03638
1.03597
1.03529
1.03479
1.0341
1.03359
1.03271
1.03188
1.03109
1.03057
1.02997
1.02918
1.02834
1.02722
1.02608
1.02495
1.02399
1.02316
1.0223
1.02153
1.02065
1.02023
1.03499
1.03671
1.03695
1.03827
1.03839
1.03906
1.03906
1.03986
1.0399
1.04044
1.04016
1.04051
1.04015
1.0402
1.03991
1.04005
1.03973
1.03939
1.03872
1.03826
1.03771
1.03708
1.03653
1.03597
1.03511
1.03432
1.03356
1.0331
1.03234
1.03168
1.03066
1.02959
1.02858
1.02767
1.02678
1.02593
1.02526
1.02444
1.02349
1.02274
1.03991
1.04173
1.04197
1.0432
1.04291
1.04394
1.04386
1.04474
1.04437
1.04483
1.04442
1.04459
1.04415
1.04418
1.04387
1.04393
1.04328
1.0429
1.0421
1.04165
1.04095
1.04038
1.03965
1.03874
1.03787
1.03686
1.03612
1.03523
1.03449
1.03352
1.03215
1.03091
1.02949
1.02848
1.02737
1.02651
1.02541
1.02453
1.02377
1.02307
1.0439
1.04598
1.04586
1.047
1.04678
1.04799
1.04772
1.04874
1.04819
1.04887
1.04821
1.04876
1.04818
1.04843
1.04794
1.04786
1.04727
1.04692
1.04617
1.04591
1.04523
1.04471
1.04368
1.04277
1.04183
1.04101
1.04028
1.03943
1.03873
1.03747
1.03647
1.03485
1.03354
1.0323
1.03134
1.03048
1.0292
1.02808
1.02695
1.02634
1.04995
1.05215
1.05161
1.05273
1.05211
1.05321
1.05259
1.05354
1.05269
1.05344
1.05267
1.05336
1.05239
1.05279
1.05171
1.05178
1.05067
1.05044
1.04948
1.04919
1.0482
1.04758
1.04624
1.04546
1.04427
1.04353
1.04246
1.04152
1.04038
1.03906
1.03754
1.03582
1.03461
1.03307
1.03205
1.03069
1.02981
1.02854
1.02739
1.02659
1.05676
1.05883
1.05829
1.05964
1.0591
1.06029
1.05956
1.06055
1.05974
1.06057
1.05974
1.06034
1.05937
1.05963
1.05849
1.05861
1.05749
1.05746
1.05626
1.05605
1.05476
1.05415
1.05273
1.05196
1.05071
1.04997
1.04877
1.04779
1.04631
1.04506
1.04318
1.04156
1.03988
1.03852
1.03728
1.03575
1.03449
1.03279
1.03177
1.03054
1.06261
1.06457
1.06378
1.06525
1.06425
1.06561
1.06454
1.06568
1.06456
1.06554
1.06432
1.06501
1.06359
1.06404
1.06253
1.06281
1.06134
1.06146
1.05997
1.05971
1.05826
1.05756
1.05595
1.05512
1.05356
1.05287
1.05151
1.05063
1.04886
1.04729
1.04526
1.0436
1.04163
1.04012
1.03852
1.03706
1.03558
1.03401
1.03278
1.03149
1.07407
1.07595
1.07532
1.07645
1.07556
1.07675
1.07561
1.07678
1.07559
1.07652
1.07532
1.076
1.07453
1.07507
1.07348
1.07377
1.07208
1.07215
1.07043
1.07013
1.06835
1.06775
1.06595
1.06506
1.06344
1.06233
1.06067
1.05926
1.05722
1.05522
1.05281
1.05076
1.04873
1.04688
1.04512
1.04325
1.0414
1.03956
1.03814
1.03669
1.08398
1.08613
1.08471
1.08614
1.08451
1.08576
1.08413
1.08523
1.08349
1.08442
1.08245
1.08322
1.08101
1.08156
1.07931
1.07969
1.07754
1.07783
1.07557
1.07558
1.0731
1.07275
1.07004
1.06943
1.06689
1.0662
1.06389
1.06289
1.0605
1.05893
1.05644
1.05475
1.05249
1.05083
1.04871
1.04693
1.0446
1.04266
1.04043
1.03889
1.10027
1.10123
1.09944
1.10016
1.09835
1.09936
1.09755
1.09871
1.09686
1.09807
1.09605
1.09719
1.09505
1.09618
1.09411
1.09512
1.0929
1.09358
1.09109
1.09134
1.08879
1.0888
1.08636
1.08613
1.0836
1.0828
1.07987
1.07836
1.07496
1.07275
1.06913
1.06675
1.06343
1.06116
1.05797
1.05539
1.05207
1.04961
1.04711
1.04529
1.11269
1.11153
1.11053
1.11055
1.10972
1.11012
1.10912
1.10978
1.10851
1.10924
1.10756
1.10823
1.10635
1.10692
1.10462
1.10508
1.10266
1.10303
1.10002
1.10004
1.09648
1.09616
1.09195
1.09129
1.08688
1.08639
1.08203
1.08146
1.07716
1.07647
1.07242
1.07159
1.06766
1.06666
1.06264
1.06118
1.05694
1.05525
1.05163
1.05027
1.1248
1.12546
1.12585
1.12658
1.1274
1.12758
1.12788
1.12801
1.12817
1.1286
1.12869
1.12933
1.12945
1.13003
1.13009
1.13053
1.13011
1.13041
1.12937
1.12975
1.12822
1.12891
1.1271
1.12763
1.12498
1.1244
1.12064
1.11898
1.11407
1.11156
1.10573
1.10265
1.09622
1.09269
1.08592
1.08209
1.07534
1.07176
1.0659
1.06303
1.13413
1.13391
1.13573
1.13668
1.13746
1.13793
1.13879
1.13988
1.14113
1.14239
1.14342
1.14433
1.14474
1.14522
1.14507
1.1451
1.14458
1.14411
1.14311
1.14178
1.1397
1.13698
1.13321
1.1293
1.12463
1.12102
1.11656
1.11318
1.10894
1.10584
1.10184
1.09885
1.09468
1.09137
1.08635
1.08242
1.07676
1.07319
1.06875
1.06761
1.12983
1.14374
1.15342
1.16431
1.17112
1.18034
1.18554
1.1937
1.19841
1.20536
1.2098
1.21571
1.21958
1.22456
1.22743
1.23124
1.23266
1.23513
1.23544
1.23726
1.23727
1.23902
1.23875
1.23955
1.23761
1.2364
1.23205
1.22887
1.22234
1.21706
1.20847
1.20134
1.19128
1.1831
1.17258
1.1642
1.15366
1.145
1.13332
1.12236
1.18049
1.17948
1.18932
1.1936
1.20451
1.21215
1.22118
1.22976
1.23748
1.2448
1.25192
1.25708
1.26299
1.26634
1.27045
1.27308
1.27585
1.27838
1.27964
1.28069
1.27865
1.27661
1.27071
1.26623
1.2575
1.2514
1.24067
1.23439
1.2231
1.21669
1.20512
1.19924
1.18833
1.18307
1.17173
1.16403
1.14775
1.13381
1.11367
1.10264
1.10302
1.13523
1.18633
1.22541
1.27044
1.30657
1.34838
1.38148
1.41957
1.4493
1.48318
1.5094
1.53861
1.56041
1.58396
1.60004
1.61719
1.62678
1.63798
1.64226
1.64924
1.64959
1.65293
1.64965
1.64928
1.64221
1.63693
1.62475
1.61365
1.59777
1.58163
1.56286
1.54247
1.52143
1.49653
1.47255
1.4437
1.41706
1.38845
1.36183
1.00484
1.00548
1.00536
1.00541
1.00551
1.0056
1.00572
1.00584
1.00597
1.00608
1.00617
1.00623
1.00626
1.00624
1.00616
1.00599
1.00569
1.00522
1.00459
1.00381
1.00283
1.00165
1.00024
0.998819
0.997317
0.995809
0.994477
0.99303
0.992082
0.991327
0.990859
0.990826
0.991108
0.991661
0.992354
0.993127
0.993839
0.994419
0.994782
0.994344
1.00508
1.00561
1.00534
1.00552
1.0056
1.00572
1.00585
1.00599
1.00612
1.00624
1.00634
1.00643
1.00645
1.00641
1.00631
1.0061
1.00576
1.00526
1.00466
1.00387
1.00288
1.00175
1.00042
0.998873
0.997292
0.995694
0.99389
0.992706
0.991412
0.99064
0.990311
0.990246
0.990537
0.991117
0.991864
0.992686
0.993467
0.994116
0.994599
0.994378
1.00572
1.00611
1.00579
1.00616
1.00621
1.00635
1.00652
1.00666
1.00682
1.00696
1.00709
1.00718
1.00722
1.00719
1.00705
1.00682
1.00643
1.0059
1.00515
1.00421
1.00303
1.00167
1.00021
0.998629
0.996866
0.995087
0.993633
0.991933
0.990973
0.990127
0.989555
0.989501
0.989915
0.990584
0.991418
0.992318
0.993164
0.993919
0.994523
0.994403
1.0058
1.00611
1.00585
1.00627
1.00627
1.00648
1.00662
1.00678
1.00694
1.00709
1.00723
1.00732
1.00735
1.00728
1.0071
1.00682
1.0064
1.00582
1.00502
1.0041
1.00297
1.00163
1.00005
0.99828
0.996557
0.9949
0.992796
0.99157
0.990089
0.98925
0.988905
0.988895
0.989296
0.989974
0.990862
0.991821
0.992735
0.993547
0.994318
0.99437
1.00639
1.00658
1.00641
1.00695
1.00687
1.00716
1.0073
1.00748
1.00766
1.00783
1.00798
1.00808
1.00814
1.00805
1.00783
1.00748
1.00699
1.00634
1.00545
1.00435
1.00303
1.00151
0.999882
0.99815
0.996189
0.994048
0.992529
0.990615
0.989617
0.988707
0.988119
0.988093
0.988566
0.989341
0.990336
0.991402
0.992414
0.993312
0.994205
0.99437
1.0064
1.00657
1.00651
1.007
1.00692
1.00727
1.00736
1.00754
1.00768
1.00784
1.00795
1.00805
1.0081
1.008
1.00778
1.00738
1.00686
1.00618
1.00522
1.00415
1.00281
1.00131
0.999509
0.997502
0.995579
0.993871
0.991563
0.990222
0.988552
0.987714
0.98731
0.987445
0.987876
0.988658
0.989708
0.990836
0.991937
0.992873
0.993933
0.994271
1.007
1.00717
1.00725
1.00773
1.00758
1.00807
1.00813
1.00835
1.00846
1.00859
1.00872
1.00884
1.0089
1.00882
1.00858
1.00811
1.00744
1.00663
1.00554
1.00424
1.00276
1.00107
0.999255
0.997339
0.99522
0.992787
0.991295
0.989079
0.98803
0.987086
0.986632
0.986538
0.987019
0.987943
0.989103
0.990349
0.991563
0.992584
0.993757
0.994285
1.00701
1.00722
1.00734
1.00768
1.0076
1.00817
1.00814
1.00838
1.00843
1.00854
1.00866
1.00874
1.00875
1.00866
1.00835
1.00783
1.00716
1.00628
1.00517
1.00386
1.00234
1.00054
0.99856
0.996396
0.99425
0.992528
0.989982
0.988603
0.986771
0.985907
0.985439
0.985629
0.986221
0.987172
0.988364
0.989659
0.990983
0.992035
0.99333
0.994133
1.00774
1.00806
1.00821
1.00844
1.00847
1.00917
1.00906
1.00942
1.00947
1.00955
1.00966
1.0097
1.00971
1.00961
1.00926
1.00874
1.00795
1.00686
1.00559
1.00408
1.00229
1.00035
0.998244
0.996037
0.9938
0.991123
0.989576
0.987209
0.986113
0.985053
0.984661
0.984743
0.985302
0.986372
0.987679
0.989103
0.990565
0.991725
0.99309
0.994119
1.00777
1.00814
1.00822
1.00841
1.0086
1.00918
1.00899
1.00948
1.00935
1.00943
1.00944
1.00945
1.00941
1.00926
1.00889
1.00834
1.00755
1.00651
1.0052
1.00367
1.00187
0.999873
0.997627
0.995267
0.992715
0.9908
0.988003
0.986557
0.984669
0.983758
0.983391
0.983554
0.98433
0.985415
0.986757
0.988232
0.98982
0.991069
0.992476
0.993873
1.0087
1.00913
1.00916
1.00939
1.00968
1.01011
1.01002
1.01059
1.01041
1.01052
1.01045
1.01042
1.0103
1.01006
1.00973
1.00918
1.00835
1.00724
1.00576
1.00408
1.002
0.999762
0.997273
0.994657
0.992316
0.989272
0.987457
0.984983
0.983787
0.982726
0.982177
0.982644
0.983271
0.984502
0.986
0.987621
0.989356
0.99075
0.992217
0.993788
1.00875
1.00922
1.00924
1.00958
1.00975
1.01006
1.01006
1.01067
1.01032
1.01054
1.01034
1.01021
1.01002
1.00974
1.00933
1.00866
1.00787
1.00676
1.00533
1.00352
1.00141
0.999089
0.996589
0.994035
0.990935
0.9888
0.985735
0.984107
0.982151
0.981173
0.980971
0.981
0.981978
0.983281
0.98485
0.986535
0.988399
0.989934
0.991405
0.99331
1.0098
1.0103
1.01039
1.01078
1.01083
1.01112
1.01126
1.01178
1.0115
1.01186
1.01153
1.01142
1.01113
1.01076
1.01022
1.0096
1.00871
1.00742
1.00583
1.00397
1.00162
0.998994
0.996048
0.992986
0.990522
0.987004
0.984976
0.9823
0.980978
0.979868
0.979386
0.980011
0.980816
0.982251
0.984004
0.985854
0.987885
0.989589
0.991144
0.993176
1.00988
1.01042
1.01049
1.01092
1.01085
1.01124
1.01134
1.01171
1.01144
1.01184
1.01142
1.01135
1.01096
1.01051
1.00989
1.00907
1.00811
1.00683
1.00527
1.00323
1.00083
0.998124
0.995272
0.992384
0.988695
0.986303
0.982951
0.981158
0.979102
0.978126
0.977823
0.978034
0.979155
0.980734
0.982578
0.984508
0.98666
0.988585
0.990105
0.992418
1.01102
1.01159
1.01169
1.01209
1.01209
1.0125
1.01246
1.01275
1.01265
1.0131
1.01267
1.01269
1.01217
1.01163
1.01087
1.01003
1.00888
1.00736
1.00552
1.00335
1.00069
0.997696
0.994412
0.990804
0.988137
0.984221
0.98201
0.979063
0.977614
0.976491
0.97611
0.976855
0.977893
0.979557
0.981603
0.983729
0.9861
0.988222
0.989877
0.992298
1.01116
1.01174
1.01176
1.0122
1.01217
1.01258
1.01241
1.01269
1.01256
1.01296
1.01247
1.01254
1.01192
1.01137
1.01054
1.00948
1.00821
1.00662
1.0047
1.00245
0.999752
0.996695
0.993357
0.990268
0.985966
0.983281
0.979602
0.97761
0.975411
0.974377
0.974237
0.974517
0.975833
0.977673
0.979816
0.982067
0.98454
0.987
0.988669
0.991191
1.01246
1.01303
1.013
1.01351
1.01353
1.01393
1.01366
1.01393
1.01383
1.01407
1.01362
1.01371
1.01293
1.0124
1.0114
1.01025
1.00876
1.00696
1.00478
1.00226
0.999188
0.995901
0.992333
0.988102
0.98521
0.980842
0.978407
0.975139
0.97353
0.972523
0.972103
0.973084
0.974278
0.976301
0.978684
0.981167
0.983899
0.986555
0.98852
0.991131
1.01268
1.01319
1.01312
1.01365
1.01357
1.01399
1.01367
1.01396
1.01372
1.01386
1.01338
1.01347
1.01265
1.01213
1.01108
1.00988
1.00821
1.00624
1.00397
1.00131
0.998238
0.994724
0.990798
0.987481
0.982582
0.97961
0.975511
0.973312
0.970908
0.969637
0.969935
0.970219
0.971848
0.973936
0.976442
0.979114
0.981925
0.984938
0.987074
0.989796
1.01401
1.01465
1.0145
1.0151
1.01496
1.01544
1.01512
1.01545
1.01494
1.01495
1.01432
1.01424
1.01325
1.01291
1.0116
1.01027
1.00843
1.00635
1.00375
1.00078
0.997313
0.993587
0.98974
0.984814
0.981589
0.976647
0.973972
0.970333
0.968567
0.967738
0.966937
0.968441
0.969878
0.972325
0.97512
0.978055
0.98119
0.984385
0.986918
0.989802
1.01457
1.015
1.01487
1.01531
1.01516
1.01553
1.01527
1.01553
1.0151
1.01508
1.01449
1.01424
1.01332
1.01268
1.01128
1.0099
1.00798
1.00557
1.00296
0.999735
0.99607
0.992064
0.987404
0.983858
0.978275
0.975018
0.970385
0.967988
0.965369
0.963919
0.964745
0.965001
0.966859
0.969318
0.972312
0.975484
0.978718
0.982277
0.985101
0.988195
1.01555
1.01627
1.01613
1.01674
1.01642
1.01696
1.01654
1.01692
1.01615
1.01613
1.01517
1.01484
1.0136
1.01307
1.0115
1.01014
1.00785
1.00545
1.00239
0.998881
0.994943
0.990535
0.986363
0.980443
0.976956
0.971324
0.968396
0.964296
0.962359
0.961557
0.96072
0.962488
0.964539
0.967491
0.970762
0.974216
0.977857
0.98162
0.984866
0.988344
1.01695
1.01735
1.01721
1.01752
1.01717
1.0175
1.01708
1.01738
1.01676
1.01686
1.01587
1.01543
1.01418
1.01332
1.01125
1.00956
1.00711
1.00443
1.00122
0.997483
0.993163
0.988589
0.98295
0.979122
0.972749
0.969116
0.96381
0.961229
0.958417
0.956874
0.957935
0.958631
0.960667
0.963534
0.967142
0.970952
0.974714
0.978868
0.982458
0.986315
1.01727
1.01794
1.01786
1.01834
1.01807
1.01836
1.01794
1.01814
1.01747
1.01748
1.01644
1.01594
1.01457
1.01332
1.01139
1.00979
1.0071
1.00425
1.00059
0.996376
0.991772
0.986332
0.981752
0.97476
0.97089
0.964406
0.961213
0.956564
0.954487
0.953818
0.952976
0.955184
0.957832
0.961348
0.965306
0.969507
0.97368
0.978082
0.982113
0.986303
1.01947
1.01991
1.0196
1.02002
1.01956
1.01975
1.01915
1.01922
1.01846
1.01829
1.01703
1.01659
1.01485
1.01359
1.01126
1.00916
1.0059
1.00269
0.998614
0.994228
0.989007
0.983964
0.977046
0.972776
0.965416
0.961344
0.955258
0.952467
0.949456
0.947819
0.94932
0.950164
0.9528
0.956236
0.960589
0.965195
0.969642
0.974468
0.978902
0.983384
1.01975
1.02022
1.02006
1.02058
1.02017
1.02047
1.0198
1.01988
1.01889
1.01879
1.01754
1.01698
1.0152
1.01376
1.01134
1.0091
1.00564
1.0023
0.997787
0.992724
0.987326
0.980467
0.975362
0.967499
0.962677
0.95528
0.951701
0.946433
0.944131
0.943773
0.942996
0.946047
0.94907
0.953419
0.95832
0.963412
0.968394
0.973555
0.978497
0.983391
1.02222
1.02254
1.02213
1.02243
1.02189
1.02207
1.02132
1.02114
1.02
1.0196
1.01808
1.01714
1.01499
1.01339
1.01072
1.00806
1.00406
1.00023
0.994856
0.989676
0.982957
0.977479
0.968906
0.963752
0.955322
0.95072
0.943893
0.94079
0.937566
0.935818
0.937987
0.938856
0.942979
0.946887
0.951998
0.957832
0.963148
0.968761
0.974235
0.97944
1.02263
1.0231
1.02271
1.02311
1.02254
1.02281
1.02201
1.02195
1.02078
1.02022
1.01852
1.01762
1.01545
1.0137
1.01052
1.00751
1.00315
0.998878
0.993151
0.986835
0.980724
0.97205
0.966379
0.956968
0.951454
0.943591
0.938679
0.932814
0.930556
0.930403
0.92982
0.933688
0.936988
0.942904
0.949038
0.955457
0.961626
0.967721
0.973819
0.979563
1.02579
1.02593
1.02544
1.02552
1.02476
1.02483
1.02368
1.02356
1.02199
1.02131
1.01923
1.01784
1.01501
1.01272
1.00916
1.00563
1.00087
0.996056
0.9889
0.983121
0.974215
0.967984
0.957531
0.951644
0.941311
0.93555
0.928133
0.924791
0.921746
0.919535
0.922283
0.9244
0.929889
0.93456
0.940626
0.947873
0.954553
0.961267
0.968093
0.974061
1.02612
1.02633
1.02586
1.02599
1.02525
1.02513
1.0241
1.02385
1.02239
1.02176
1.01961
1.0183
1.01514
1.01282
1.00864
1.00477
0.999177
0.992852
0.986145
0.977858
0.970665
0.959975
0.953347
0.941959
0.935531
0.926637
0.920294
0.913975
0.911767
0.912048
0.912491
0.916408
0.92108
0.928774
0.936719
0.944765
0.952651
0.96007
0.967786
0.97519
1.03016
1.02996
1.02945
1.02939
1.02836
1.02812
1.02651
1.02593
1.02393
1.0228
1.02022
1.01822
1.01465
1.01141
1.00635
1.00173
0.99467
0.988718
0.979601
0.972867
0.961001
0.954028
0.941526
0.933529
0.922304
0.914407
0.905981
0.902245
0.899542
0.896881
0.90027
0.904679
0.911387
0.917653
0.925109
0.934102
0.942953
0.951014
0.959623
0.968701
1.03091
1.03046
1.03002
1.02962
1.0287
1.02825
1.02671
1.02612
1.02397
1.02302
1.0199
1.01794
1.01376
1.01043
1.00489
0.999183
0.992247
0.983721
0.975716
0.964119
0.955318
0.942576
0.933006
0.920114
0.910744
0.901331
0.894038
0.887982
0.885134
0.886177
0.88832
0.89278
0.899664
0.909481
0.919829
0.929981
0.940342
0.949838
0.959258
0.96998
1.0359
1.0353
1.03461
1.03399
1.03286
1.03196
1.03017
1.02882
1.02619
1.02417
1.02051
1.01755
1.01233
1.00801
1.00036
0.994603
0.984375
0.977087
0.964054
0.955501
0.941245
0.931642
0.916556
0.906095
0.894114
0.883478
0.873784
0.868516
0.866847
0.864669
0.869456
0.876492
0.884916
0.893722
0.903644
0.915518
0.926734
0.937269
0.947992
0.959664
1.03749
1.03654
1.03547
1.03466
1.03318
1.0322
1.03007
1.0287
1.02555
1.0234
1.01917
1.01559
1.01004
1.00414
0.997193
0.988387
0.979526
0.967688
0.957257
0.943251
0.930997
0.915029
0.901538
0.886974
0.873432
0.862053
0.853649
0.849764
0.845896
0.848657
0.85255
0.859121
0.869618
0.882847
0.896254
0.909071
0.923558
0.9359
0.948931
0.962092
1.04392
1.04276
1.04178
1.04041
1.03893
1.0371
1.03474
1.03228
1.02844
1.02519
1.01927
1.01504
1.0064
1.00069
0.988941
0.980975
0.966347
0.956055
0.939101
0.926369
0.907777
0.89345
0.875588
0.861323
0.846492
0.834118
0.824816
0.816197
0.817099
0.816501
0.824708
0.83482
0.846599
0.859256
0.873981
0.889334
0.903472
0.917884
0.932885
0.947148
1.04798
1.04702
1.04504
1.0436
1.04111
1.03863
1.0353
1.03138
1.02701
1.02151
1.01601
1.00854
1.00109
0.990988
0.980694
0.967738
0.954492
0.938721
0.922722
0.904746
0.886627
0.867479
0.848635
0.830554
0.812374
0.799103
0.788352
0.788964
0.785446
0.791426
0.797756
0.810204
0.82667
0.844752
0.862944
0.881869
0.902911
0.916493
0.936723
0.950011
1.05888
1.05716
1.05378
1.05223
1.0477
1.04531
1.03918
1.03574
1.02781
1.02317
1.01296
1.00625
0.992796
0.98301
0.965834
0.952484
0.931683
0.915
0.891259
0.871569
0.846223
0.824786
0.800596
0.780247
0.76235
0.749839
0.744209
0.732577
0.736622
0.741134
0.756963
0.771214
0.789354
0.808993
0.83138
0.849041
0.873695
0.892916
0.913636
0.933969
1.06635
1.06479
1.06241
1.05792
1.05327
1.04695
1.04104
1.03325
1.02583
1.01597
1.0058
0.992633
0.978432
0.961454
0.942755
0.922201
0.899282
0.875936
0.849418
0.82402
0.795726
0.7707
0.744
0.723845
0.703948
0.693517
0.676387
0.684272
0.687695
0.700823
0.714159
0.73735
0.764576
0.790965
0.821501
0.847208
0.874218
0.899052
0.919535
0.938147
1.1081
1.0987
1.08422
1.07669
1.06413
1.05839
1.04659
1.03996
1.02577
1.01512
0.996326
0.980386
0.956475
0.935147
0.906422
0.880299
0.847424
0.81739
0.780792
0.749102
0.712157
0.682719
0.650437
0.626516
0.605748
0.587235
0.591201
0.592893
0.601667
0.618279
0.649857
0.671324
0.704065
0.733133
0.767737
0.798768
0.834096
0.863345
0.904656
0.934518
1.09537
1.0901
1.08921
1.0866
1.08227
1.07521
1.06162
1.0464
1.02372
1.001
0.970707
0.94164
0.905027
0.870451
0.828495
0.789397
0.743951
0.703015
0.658109
0.618649
0.576556
0.545983
0.508397
0.494524
0.464969
0.47861
0.483768
0.502876
0.533037
0.568405
0.609302
0.659074
0.705639
0.744865
0.796063
0.83328
0.867329
0.906828
0.926438
0.963527
1.33204
1.30673
1.26532
1.23066
1.18088
1.13955
1.08512
1.04129
0.983695
0.938703
0.87895
0.833086
0.770941
0.723851
0.659359
0.611358
0.545654
0.497802
0.433556
0.388899
0.334174
0.294286
0.270289
0.246551
0.242651
0.323006
0.342163
0.403127
0.460746
0.514281
0.594098
0.633179
0.722966
0.770777
0.841773
0.898712
0.961107
1.01407
1.07268
1.11372
0.999994
0.999999
0.999996
0.999993
0.999996
0.999992
0.99999
0.99999
0.999989
0.999987
0.999986
0.999984
0.999986
0.999984
0.999981
0.999983
0.999997
0.999998
1.00002
1.00002
1.00003
1.00003
1.00003
1.00002
1.00002
1.00002
1.00002
1.00002
1.00001
1.00001
1.00001
1.00001
1.00001
1.00001
1.00001
0.999994
1
0.999999
1
0.999992
0.999998
1.00001
1.00001
1.00001
1.00001
1.00002
1.00002
1.00002
1.00002
1.00002
1.00002
1.00002
1.00002
1.00002
1.00002
1.00002
1
1
0.999984
0.999977
0.999967
0.999964
0.999963
0.999968
0.999966
0.999965
0.999964
0.99997
0.999982
0.999983
0.999991
0.999987
0.999982
0.999979
0.999979
0.999992
0.99999
0.999993
0.999989
0.999972
1.00001
1.00003
1.00002
1.00002
1.00002
1.00002
1.00002
1.00002
1.00002
1.00001
1.00001
1.00001
1.00001
1.00001
1
1.00001
1.00002
1.00002
1.00003
1.00004
1.00004
1.00004
1.00003
1.00003
1.00002
1.00002
1.00002
1
0.999987
0.999983
0.999975
0.999974
0.999974
0.999979
0.999978
0.999974
0.999973
0.999973
0.999982
0.999954
1.00002
1.00004
1.00004
1.00003
1.00003
1.00003
1.00002
1.00002
1.00002
1.00002
1.00003
1.00003
1.00003
1.00003
1.00003
1.00002
1
1.00001
0.999989
0.999984
0.999969
0.999964
0.999959
0.999954
0.999948
0.999947
0.999946
0.999953
0.999963
0.999964
0.999966
0.999961
0.999958
0.999952
0.999953
0.999952
0.99996
0.999959
0.999963
0.999927
1.00003
1.00008
1.00008
1.00007
1.00007
1.00007
1.00008
1.00008
1.00008
1.00008
1.00007
1.00007
1.00007
1.00007
1.00006
1.00007
1.00007
1.00006
1.00006
1.00005
1.00005
1.00004
1.00003
1.00001
0.999996
0.999976
0.999963
0.999943
0.999921
0.99991
0.999904
0.999901
0.999899
0.999907
0.999906
0.999921
0.999914
0.999919
0.99993
0.99989
1.00005
1.0001
1.00009
1.00008
1.00008
1.00008
1.00007
1.00007
1.00007
1.00007
1.00008
1.00008
1.00007
1.00007
1.00006
1.00005
1.00004
1.00004
1.00001
0.999997
0.999973
0.999959
0.99994
0.999925
0.999913
0.999908
0.999898
0.999896
0.9999
0.999898
0.999893
0.999892
0.999893
0.999887
0.999897
0.999886
0.999903
0.999905
0.999914
0.999858
1.00007
1.00015
1.00014
1.00013
1.00013
1.00013
1.00013
1.00013
1.00013
1.00013
1.00012
1.00011
1.00011
1.00012
1.00011
1.00011
1.00011
1.00008
1.00009
1.00007
1.00006
1.00004
1.00003
1
0.999975
0.999942
0.99992
0.999895
0.99987
0.999853
0.999838
0.999829
0.999825
0.999834
0.999829
0.999854
0.999848
0.999858
0.999872
0.999802
1.0001
1.00018
1.00017
1.00017
1.00017
1.00016
1.00016
1.00016
1.00016
1.00016
1.00017
1.00017
1.00017
1.00015
1.00014
1.00011
1.00009
1.00008
1.00005
1.00001
0.999982
0.999952
0.999912
0.999886
0.999862
0.999848
0.999825
0.99981
0.999801
0.999794
0.999797
0.999798
0.999799
0.9998
0.999814
0.999807
0.999827
0.999835
0.999848
0.999756
1.00013
1.00024
1.00024
1.00023
1.00022
1.00022
1.00022
1.00022
1.00022
1.00021
1.0002
1.00019
1.00018
1.00019
1.00017
1.00017
1.00016
1.00013
1.00013
1.00011
1.00008
1.00005
1.00002
0.999975
0.999933
0.999885
0.99985
0.999817
0.999789
0.999769
0.99974
0.999733
0.999734
0.999733
0.99974
0.99976
0.999768
0.999781
0.999802
0.999708
1.00016
1.00028
1.00027
1.00027
1.00027
1.00026
1.00026
1.00026
1.00026
1.00027
1.00027
1.00027
1.00026
1.00024
1.00023
1.00019
1.00015
1.00013
1.00007
1.00003
0.999985
0.99994
0.999888
0.999851
0.999807
0.999775
0.999742
0.999718
0.999698
0.999682
0.999695
0.999691
0.999689
0.999707
0.99971
0.999726
0.999739
0.999755
0.999771
0.999635
1.00021
1.00036
1.00035
1.00035
1.00034
1.00034
1.00034
1.00034
1.00034
1.00033
1.00031
1.0003
1.00029
1.00028
1.00025
1.00025
1.00024
1.0002
1.00018
1.00015
1.0001
1.00005
1
0.999939
0.999885
0.999824
0.999774
0.999726
0.999686
0.999664
0.999621
0.999613
0.999619
0.999614
0.999641
0.999646
0.999669
0.999692
0.999716
0.999591
1.00024
1.0004
1.0004
1.00039
1.00039
1.00039
1.00039
1.00039
1.00038
1.00038
1.00038
1.00038
1.00036
1.00034
1.00032
1.00027
1.00021
1.00017
1.0001
1.00004
0.999985
0.999922
0.999855
0.999798
0.999731
0.999681
0.999632
0.999599
0.999578
0.999554
0.99957
0.999572
0.999568
0.999594
0.999592
0.999626
0.999645
0.999663
0.999682
0.999511
1.00031
1.00049
1.00048
1.00048
1.00047
1.00047
1.00047
1.00047
1.00047
1.00046
1.00044
1.00043
1.00041
1.00039
1.00035
1.00034
1.00031
1.00026
1.00024
1.00018
1.00011
1.00004
0.999959
0.999881
0.999809
0.999731
0.999668
0.999601
0.999543
0.999511
0.999467
0.999455
0.999472
0.999469
0.999505
0.999519
0.999548
0.999579
0.999607
0.99945
1.00035
1.00054
1.00053
1.00052
1.00052
1.00052
1.00052
1.00052
1.00051
1.00051
1.0005
1.00049
1.00047
1.00044
1.00041
1.00036
1.00029
1.00023
1.00015
1.00008
0.99998
0.999894
0.999807
0.999717
0.999634
0.999561
0.999489
0.999448
0.99942
0.999397
0.999407
0.999411
0.999401
0.999436
0.999453
0.999489
0.999521
0.999546
0.999566
0.999354
1.00042
1.00064
1.00062
1.00062
1.00062
1.00061
1.00061
1.00061
1.0006
1.00059
1.00058
1.00056
1.00053
1.0005
1.00047
1.00044
1.0004
1.00033
1.00027
1.00019
1.00011
1.00002
0.999917
0.999823
0.999721
0.999622
0.999544
0.999452
0.999385
0.999331
0.999284
0.999273
0.999301
0.999299
0.999327
0.999358
0.999396
0.999433
0.999469
0.99928
1.00047
1.00069
1.00068
1.00068
1.00067
1.00067
1.00066
1.00066
1.00065
1.00064
1.00063
1.00062
1.00059
1.00057
1.00052
1.00046
1.00039
1.00031
1.00021
1.00011
0.999988
0.999867
0.999749
0.999624
0.999513
0.999414
0.999311
0.999256
0.999202
0.999186
0.999186
0.999194
0.99919
0.999237
0.999279
0.999318
0.999353
0.999393
0.999423
0.999171
1.00056
1.00081
1.00079
1.00078
1.00078
1.00078
1.00078
1.00077
1.00077
1.00076
1.00075
1.00073
1.0007
1.00066
1.00063
1.00058
1.00051
1.00043
1.00034
1.00024
1.00014
1.00002
0.999895
0.99977
0.999636
0.999504
0.999402
0.999286
0.999206
0.999126
0.999084
0.999054
0.999085
0.999091
0.999115
0.999161
0.999219
0.999257
0.999308
0.999096
1.00062
1.00088
1.00087
1.00087
1.00086
1.00086
1.00086
1.00086
1.00086
1.00085
1.00085
1.00084
1.00082
1.00078
1.00072
1.00065
1.00057
1.00047
1.00037
1.00023
1.00008
0.999922
0.99976
0.999598
0.999449
0.999313
0.999172
0.999081
0.999008
0.998968
0.998937
0.998963
0.998951
0.998999
0.999055
0.999107
0.999146
0.999205
0.999238
0.998955
1.00073
1.00102
1.00101
1.00101
1.00101
1.00101
1.00101
1.00101
1.00101
1.001
1.00099
1.00097
1.00093
1.0009
1.00086
1.00079
1.00071
1.00062
1.0005
1.00038
1.00024
1.00009
0.999922
0.99975
0.999566
0.99939
0.999258
0.999113
0.998986
0.998904
0.998865
0.998796
0.998835
0.998849
0.998883
0.998938
0.999003
0.999054
0.999116
0.998868
1.0008
1.0011
1.0011
1.00109
1.00109
1.00109
1.0011
1.0011
1.0011
1.0011
1.0011
1.00108
1.00105
1.001
1.00093
1.00085
1.00076
1.00065
1.00051
1.00034
1.00016
0.999961
0.999752
0.999546
0.999363
0.999187
0.99899
0.998858
0.998775
0.998692
0.998636
0.998684
0.998657
0.998707
0.998774
0.998837
0.998903
0.998966
0.999019
0.998706
1.00094
1.00126
1.00125
1.00125
1.00126
1.00127
1.00127
1.00128
1.00129
1.00128
1.00126
1.00123
1.00119
1.00115
1.00109
1.00102
1.00092
1.00079
1.00065
1.00049
1.00031
1.00011
0.999902
0.999679
0.999433
0.999202
0.999046
0.998871
0.998706
0.998616
0.99856
0.998475
0.998529
0.998559
0.998597
0.99867
0.99873
0.998803
0.998859
0.998591
1.00101
1.00134
1.00133
1.00133
1.00133
1.00133
1.00133
1.00133
1.00133
1.00133
1.00132
1.0013
1.00126
1.00119
1.00112
1.00103
1.00091
1.00076
1.0006
1.0004
1.00018
0.999927
0.999672
0.999418
0.999201
0.998992
0.998732
0.998566
0.998447
0.998346
0.998282
0.998315
0.998288
0.998327
0.998421
0.998497
0.998592
0.998667
0.998736
0.998378
1.00116
1.00151
1.0015
1.0015
1.0015
1.0015
1.0015
1.0015
1.00151
1.0015
1.00148
1.00145
1.00141
1.00136
1.00128
1.00119
1.00107
1.00093
1.00074
1.00054
1.00031
1.00007
0.999804
0.999522
0.9992
0.998902
0.998714
0.998486
0.998306
0.998177
0.998121
0.998049
0.9981
0.998168
0.998222
0.998314
0.998394
0.998476
0.998547
0.998252
1.00125
1.00162
1.0016
1.0016
1.0016
1.0016
1.00161
1.00162
1.00162
1.00161
1.0016
1.00157
1.00152
1.00146
1.00137
1.00126
1.00112
1.00093
1.00074
1.0005
1.00023
0.99993
0.99962
0.999303
0.999043
0.998788
0.998456
0.998253
0.998074
0.997967
0.997859
0.997879
0.997878
0.997906
0.998006
0.998113
0.998225
0.998324
0.998385
0.998007
1.00143
1.00183
1.00183
1.00183
1.00184
1.00185
1.00186
1.00188
1.00188
1.00188
1.00186
1.00185
1.00182
1.00175
1.00168
1.00158
1.00143
1.00127
1.00105
1.0008
1.00052
1.00022
0.999879
0.999533
0.999114
0.998718
0.99848
0.99818
0.99797
0.997774
0.997731
0.997636
0.997661
0.997751
0.997821
0.997907
0.99801
0.998107
0.998215
0.99787
1.00155
1.00197
1.00197
1.00198
1.00199
1.002
1.00203
1.00204
1.00206
1.00207
1.00207
1.00206
1.00201
1.00196
1.00187
1.00174
1.00158
1.00139
1.00115
1.00088
1.00054
1.00019
0.999792
0.999382
0.999055
0.998735
0.998286
0.998018
0.997745
0.997606
0.997413
0.997422
0.997417
0.997453
0.99756
0.997696
0.997824
0.997934
0.998008
0.997614
1.00175
1.00219
1.00219
1.00219
1.0022
1.00222
1.00225
1.00227
1.00228
1.00229
1.00229
1.00228
1.00225
1.0022
1.00212
1.00201
1.00186
1.00166
1.00141
1.0011
1.00077
1.00038
0.999969
0.999529
0.998997
0.998489
0.998187
0.997774
0.997526
0.997268
0.997226
0.997108
0.997143
0.997214
0.99731
0.997424
0.997548
0.997677
0.9978
0.997428
1.00185
1.0023
1.00229
1.0023
1.00231
1.00233
1.00235
1.00237
1.00238
1.00239
1.00239
1.00236
1.00233
1.00225
1.00215
1.002
1.00182
1.00158
1.0013
1.00097
1.00058
1.00016
0.999684
0.9992
0.998799
0.998393
0.997858
0.997572
0.997225
0.997037
0.996821
0.99682
0.996798
0.996886
0.997006
0.997159
0.997326
0.997458
0.997552
0.997143
1.00206
1.00253
1.00252
1.00253
1.00254
1.00255
1.00258
1.00259
1.0026
1.0026
1.0026
1.00257
1.00253
1.00245
1.00235
1.00221
1.00201
1.00178
1.00147
1.00112
1.0007
1.00024
0.999743
0.999214
0.998588
0.99801
0.997643
0.997114
0.996831
0.996594
0.996498
0.996409
0.996485
0.996556
0.996699
0.996857
0.997025
0.997187
0.997337
0.996926
1.00219
1.00267
1.00267
1.00268
1.0027
1.00273
1.00275
1.00278
1.0028
1.00283
1.00282
1.00281
1.00277
1.0027
1.00259
1.00244
1.00223
1.00196
1.00165
1.00126
1.00082
1.00032
0.999756
0.999158
0.998652
0.998131
0.997466
0.99713
0.996711
0.996408
0.996224
0.996162
0.996165
0.996273
0.996406
0.996592
0.996786
0.996962
0.997078
0.996647
1.00245
1.00296
1.00297
1.00299
1.00301
1.00305
1.00308
1.00311
1.00314
1.00317
1.00318
1.00318
1.00314
1.00309
1.003
1.00284
1.00265
1.00239
1.00205
1.00163
1.00112
1.00056
0.999958
0.999325
0.998572
0.997871
0.997414
0.996733
0.996338
0.996068
0.995869
0.995815
0.995833
0.995936
0.996124
0.996315
0.996532
0.996726
0.996907
0.996469
1.00259
1.00313
1.00314
1.00316
1.00319
1.00323
1.00327
1.00331
1.00336
1.0034
1.00341
1.00342
1.0034
1.00334
1.00322
1.00306
1.00283
1.00253
1.00217
1.00173
1.00121
1.00064
0.99997
0.999248
0.998627
0.997941
0.997097
0.99668
0.996196
0.995831
0.995633
0.995521
0.995546
0.995658
0.995826
0.996052
0.99628
0.996503
0.996646
0.996184
1.00283
1.00338
1.00338
1.00339
1.00342
1.00346
1.0035
1.00354
1.00358
1.0036
1.00362
1.0036
1.00357
1.0035
1.0034
1.00324
1.00302
1.00272
1.00233
1.00182
1.00125
1.00057
0.999846
0.999099
0.998179
0.997407
0.996902
0.996076
0.99559
0.995246
0.99504
0.994993
0.99504
0.99518
0.9954
0.995671
0.995951
0.996203
0.996427
0.995979
1.00296
1.00352
1.00353
1.00355
1.00357
1.00362
1.00367
1.00371
1.00377
1.0038
1.00383
1.00383
1.0038
1.00374
1.00361
1.00343
1.00316
1.00281
1.00241
1.00193
1.00134
1.00066
0.999882
0.998996
0.99828
0.99742
0.996383
0.995906
0.995295
0.994896
0.994656
0.994583
0.994633
0.994806
0.995041
0.995324
0.995636
0.99592
0.996116
0.995635
1.00322
1.00381
1.00381
1.00383
1.00386
1.00392
1.00397
1.00403
1.00408
1.00413
1.00416
1.00417
1.00414
1.00408
1.00398
1.00382
1.0036
1.00326
1.00283
1.00225
1.00158
1.00082
0.999969
0.999116
0.997993
0.997047
0.996424
0.995421
0.994856
0.994412
0.994186
0.994118
0.9942
0.994362
0.994658
0.995005
0.995353
0.995673
0.995926
0.99547
1.0034
1.00401
1.00402
1.00405
1.00409
1.00415
1.00421
1.00428
1.00435
1.00441
1.00445
1.00447
1.00445
1.0044
1.00429
1.0041
1.00383
1.00345
1.00298
1.0024
1.0017
1.0009
0.999994
0.998951
0.998123
0.99713
0.995931
0.995333
0.994537
0.994082
0.99386
0.993755
0.993842
0.994055
0.994376
0.994751
0.995147
0.99549
0.995736
0.995203
1.00368
1.00431
1.00432
1.00435
1.00439
1.00446
1.00453
1.0046
1.00468
1.00475
1.00481
1.00483
1.00483
1.00477
1.00467
1.0045
1.00425
1.00388
1.0034
1.00277
1.00204
1.00116
1.00016
0.999128
0.997809
0.996677
0.995875
0.994715
0.994109
0.993552
0.993272
0.993207
0.993293
0.993564
0.993936
0.994385
0.994833
0.995233
0.99553
0.995045
1.00382
1.00446
1.00446
1.0045
1.00454
1.00462
1.00469
1.00477
1.00486
1.00492
1.00497
1.005
1.00499
1.00493
1.00482
1.00463
1.00434
1.00395
1.00342
1.00276
1.00196
1.00102
0.999984
0.998819
0.997774
0.996603
0.995293
0.994511
0.99348
0.99294
0.992755
0.992686
0.992813
0.993098
0.993548
0.994071
0.994571
0.995002
0.995281
0.994736
1.00421
1.00485
1.00484
1.00486
1.00492
1.00499
1.00507
1.00517
1.00525
1.00534
1.00541
1.00545
1.00545
1.00541
1.00531
1.00513
1.00484
1.00442
1.00388
1.00319
1.00237
1.0014
1.00021
0.998952
0.997546
0.996205
0.995185
0.993866
0.993162
0.992489
0.992093
0.992044
0.992206
0.992575
0.993109
0.993716
0.994293
0.994773
0.995112
0.994593
1.00403
1.00479
1.00487
1.00491
1.00497
1.00505
1.00514
1.00524
1.00535
1.00545
1.00552
1.00557
1.00558
1.00555
1.00545
1.00529
1.00499
1.00456
1.00398
1.00325
1.00234
1.00127
1.00015
0.998865
0.997501
0.99611
0.994625
0.993629
0.992473
0.991779
0.991532
0.991492
0.991691
0.992141
0.992746
0.993423
0.994064
0.994594
0.994911
0.994264
1.01093
1.00978
1.00946
1.01001
1.01038
1.01046
1.01081
1.0108
1.01121
1.01113
1.01142
1.01132
1.01153
1.01128
1.0113
1.01054
1.01036
1.00923
1.00858
1.0068
1.00511
1.00333
1.00069
1.00004
0.998309
1.00323
1.01227
0.979053
0.874431
0.879398
0.913264
0.935528
0.977033
1.00826
1.02311
1.0383
1.04301
1.04403
1.04706
1.04502
1.01139
1.00891
1.00913
1.00949
1.00966
1.00977
1.01005
1.01002
1.01033
1.01021
1.01047
1.01018
1.01032
1.00983
1.00981
1.00898
1.00889
1.00773
1.00703
1.00564
1.00418
1.00269
1.00146
1.00196
1.00292
1.01186
1.0205
1.0043
0.914304
0.889745
0.913753
0.935651
0.967439
0.994829
1.00766
1.02147
1.02866
1.03169
1.03512
1.03345
1.01167
1.00862
1.00909
1.00873
1.00899
1.0091
1.00924
1.00916
1.00947
1.00931
1.00946
1.00914
1.00927
1.00875
1.00873
1.00798
1.00774
1.00672
1.00599
1.0049
1.00357
1.00239
1.00158
1.00229
1.00397
1.01223
1.01874
1.00856
0.946352
0.914895
0.924539
0.940796
0.964013
0.986429
0.999131
1.01047
1.01798
1.02156
1.02591
1.02569
1.01146
1.00836
1.00886
1.00795
1.00841
1.00834
1.00847
1.00845
1.00862
1.00845
1.0086
1.00832
1.00837
1.00792
1.00793
1.00726
1.0068
1.00589
1.00508
1.00408
1.00296
1.00207
1.00135
1.00209
1.00375
1.00894
1.01277
1.00516
0.966071
0.941243
0.94104
0.95034
0.965762
0.981793
0.993901
1.00352
1.01066
1.01451
1.01863
1.01932
1.01106
1.00799
1.00826
1.00746
1.00801
1.00766
1.00793
1.00785
1.00782
1.00777
1.00786
1.00764
1.00759
1.00715
1.00699
1.00632
1.00581
1.0051
1.00434
1.00336
1.00238
1.00173
1.00116
1.00176
1.00294
1.00471
1.00612
1.00182
0.977784
0.961019
0.956906
0.961116
0.970668
0.980901
0.990328
0.998643
1.00508
1.00974
1.01229
1.01263
1.01009
1.00725
1.00757
1.00709
1.00758
1.00718
1.0075
1.00727
1.00729
1.00727
1.00728
1.00708
1.00692
1.00644
1.00605
1.00545
1.00505
1.00455
1.00386
1.00295
1.00216
1.00172
1.00124
1.00147
1.00162
1.00188
1.00112
0.997788
0.984502
0.973645
0.96905
0.970541
0.976392
0.982903
0.988834
0.995355
1.00058
1.00538
1.00696
1.00694
1.0094
1.00662
1.00702
1.00653
1.00696
1.00673
1.00698
1.00681
1.00685
1.00676
1.00663
1.00641
1.00622
1.00587
1.00553
1.00508
1.00471
1.00421
1.00352
1.00277
1.00215
1.00177
1.0012
1.00104
1.00055
0.999874
0.99833
0.995512
0.98811
0.981254
0.977385
0.97785
0.981513
0.986384
0.989497
0.993707
0.997305
1.00122
1.00313
1.00353
1.0092
1.00627
1.00655
1.00575
1.00632
1.00611
1.00638
1.00626
1.00629
1.00614
1.00598
1.00581
1.0057
1.00546
1.00519
1.00481
1.00436
1.00382
1.00322
1.00265
1.00208
1.00152
1.00077
1.00034
0.99956
0.998551
0.996937
0.99454
0.990127
0.986004
0.983069
0.983217
0.985512
0.989787
0.991272
0.993644
0.995456
0.997797
1.00033
1.00118
1.00899
1.00585
1.00609
1.00503
1.00578
1.00535
1.00568
1.00548
1.00546
1.00537
1.0053
1.00526
1.00511
1.00486
1.0046
1.00425
1.00379
1.00332
1.00282
1.00238
1.00183
1.00117
1.00033
0.999789
0.998948
0.997875
0.996333
0.994289
0.991501
0.98912
0.986906
0.98695
0.98825
0.992252
0.993116
0.994702
0.994852
0.995947
0.997779
0.998786
1.00857
1.00505
1.00538
1.00441
1.00525
1.00464
1.00504
1.00475
1.00483
1.00472
1.00471
1.00472
1.00455
1.0043
1.00404
1.00377
1.00336
1.00287
1.00234
1.00196
1.0015
1.00087
1.0001
0.999523
0.99871
0.997679
0.996236
0.994526
0.992598
0.991216
0.989427
0.989524
0.989959
0.993733
0.994401
0.996139
0.994978
0.995861
0.995359
0.996695
1.00785
1.00378
1.00461
1.00383
1.00476
1.00413
1.00471
1.00444
1.0047
1.00461
1.0047
1.00464
1.00446
1.00419
1.00389
1.00366
1.00325
1.00257
1.00194
1.00159
1.00122
1.00067
0.999988
0.999384
0.99863
0.997709
0.996442
0.995072
0.993598
0.99276
0.991239
0.991472
0.991193
0.994518
0.994977
0.997276
0.995196
0.99688
0.993177
0.995185
1.0061
1.003
1.00416
1.00338
1.00433
1.0038
1.00456
1.00436
1.0048
1.0048
1.00496
1.00481
1.00452
1.00414
1.00378
1.00356
1.00314
1.00235
1.00168
1.00139
1.00105
1.00055
0.99993
0.999322
0.998636
0.997831
0.99682
0.995789
0.994578
0.994028
0.992741
0.993095
0.992373
0.995054
0.995125
0.997951
0.995242
0.997851
0.991322
0.994336
1.00351
1.00294
1.00405
1.00312
1.00392
1.00354
1.00441
1.00423
1.00479
1.00474
1.00495
1.00471
1.00434
1.00383
1.00339
1.0032
1.00284
1.0021
1.00154
1.0013
1.00097
1.00051
0.999945
0.999358
0.998721
0.997991
0.997251
0.996526
0.995497
0.99506
0.993997
0.994436
0.993587
0.995709
0.995243
0.998437
0.99544
0.998566
0.990584
0.993068
1.00012
1.00329
1.00409
1.00307
1.00361
1.00327
1.00422
1.00403
1.00456
1.00442
1.00463
1.00432
1.00393
1.00339
1.00299
1.00281
1.00249
1.00188
1.00145
1.00122
1.00089
1.00049
0.999975
0.999424
0.998822
0.998138
0.997641
0.997161
0.996285
0.995859
0.995002
0.995474
0.994737
0.996518
0.995513
0.998845
0.996059
0.999494
0.991331
0.988269
0.996713
1.00414
1.00423
1.0033
1.00334
1.00314
1.00395
1.00391
1.00429
1.00412
1.00428
1.00399
1.00364
1.00315
1.00278
1.00256
1.00224
1.00175
1.00139
1.00112
1.00077
1.00042
0.999959
0.999455
0.998896
0.998261
0.997956
0.997645
0.996921
0.996478
0.995821
0.996225
0.99573
0.997154
0.996228
0.998965
0.997252
0.9999
0.995286
0.982133
0.99467
1.00493
1.00402
1.00354
1.00305
1.00313
1.00371
1.00379
1.00404
1.00389
1.00398
1.00373
1.00344
1.00299
1.00264
1.00237
1.00204
1.00168
1.00135
1.00103
1.00067
1.00034
0.999919
0.999466
0.998967
0.998393
0.998214
0.997994
0.997424
0.996972
0.996519
0.996746
0.996572
0.997403
0.99713
0.998814
0.998376
0.999649
0.999404
0.977642
0.994226
1.00539
1.00355
1.00361
1.00274
1.00311
1.00342
1.00359
1.00368
1.00359
1.0036
1.0034
1.00314
1.00275
1.00243
1.00213
1.00184
1.00158
1.00128
1.00094
1.00058
1.00027
0.999885
0.999483
0.999049
0.998542
0.998426
0.998233
0.997812
0.997361
0.997107
0.997103
0.997269
0.997453
0.997998
0.998368
0.999237
0.998338
1.00145
0.976501
0.994833
1.00546
1.00299
1.00355
1.00246
1.00305
1.0031
1.00333
1.00328
1.00325
1.00318
1.00303
1.00281
1.00247
1.00217
1.00189
1.00164
1.00145
1.00119
1.00084
1.00051
1.00021
0.999866
0.999509
0.999136
0.998695
0.998601
0.998398
0.998106
0.997659
0.99758
0.997355
0.997789
0.99747
0.998582
0.997765
0.999695
0.996615
1.0022
0.978276
0.996042
1.0053
1.0024
1.00345
1.00219
1.00297
1.00277
1.00307
1.00289
1.00293
1.0028
1.00269
1.0025
1.00222
1.00194
1.00169
1.00146
1.00131
1.00107
1.00075
1.00044
1.00016
0.999848
0.99953
0.999211
0.99883
0.998735
0.998509
0.998323
0.997877
0.997936
0.997524
0.998127
0.997455
0.998807
0.997216
0.999774
0.995315
1.00222
0.981865
0.997463
1.00466
1.00194
1.00325
1.00197
1.0029
1.00243
1.00284
1.00257
1.00267
1.00249
1.00242
1.00224
1.00201
1.00176
1.00153
1.00133
1.00118
1.00095
1.00065
1.00037
1.00012
0.999841
0.999557
0.999282
0.998953
0.998851
0.998604
0.998496
0.998049
0.998205
0.997645
0.998342
0.997387
0.998847
0.996682
0.999674
0.994582
1.00148
0.986004
0.998684
1.00386
1.0017
1.003
1.00183
1.00272
1.00215
1.00261
1.00229
1.00243
1.00223
1.00218
1.00201
1.00182
1.0016
1.00139
1.00121
1.00106
1.00084
1.00057
1.00032
1.00008
0.999833
0.999578
0.999336
0.999053
0.998941
0.998684
0.998624
0.99818
0.998392
0.997733
0.998464
0.997302
0.998822
0.996437
0.999386
0.994592
1.00038
0.989536
0.999528
1.00322
1.00161
1.00277
1.00175
1.00255
1.00196
1.00241
1.00208
1.00222
1.00202
1.00198
1.00182
1.00165
1.00146
1.00128
1.00111
1.00096
1.00075
1.00052
1.00029
1.00007
0.999845
0.999614
0.999398
0.999149
0.99903
0.998773
0.998739
0.998307
0.998538
0.997841
0.998552
0.997298
0.99877
0.996472
0.999112
0.995102
0.999515
0.992078
1.00006
1.0027
1.00156
1.00252
1.00168
1.00235
1.00182
1.0022
1.00189
1.00202
1.00182
1.00179
1.00164
1.0015
1.00132
1.00116
1.001
1.00085
1.00066
1.00046
1.00025
1.00004
0.999841
0.999632
0.999436
0.999216
0.999091
0.998844
0.998819
0.998413
0.998635
0.997955
0.998607
0.997395
0.998725
0.996708
0.998861
0.995768
0.998858
0.993827
1.00036
1.00231
1.00153
1.00227
1.00162
1.00216
1.00171
1.00203
1.00174
1.00185
1.00167
1.00164
1.0015
1.00137
1.00122
1.00108
1.00093
1.00078
1.00061
1.00042
1.00023
1.00004
0.999859
0.999668
0.999488
0.999291
0.999163
0.998934
0.998904
0.998533
0.998724
0.9981
0.998659
0.997596
0.998679
0.997013
0.998667
0.996356
0.998465
0.995019
1.0005
1.00203
1.00151
1.00205
1.00156
1.00197
1.0016
1.00185
1.00161
1.00168
1.00153
1.00148
1.00136
1.00125
1.00111
1.00098
1.00084
1.00069
1.00053
1.00037
1.00019
1.00002
0.999852
0.999678
0.999512
0.999336
0.999206
0.999
0.998958
0.998632
0.99878
0.998234
0.998685
0.997789
0.998641
0.997314
0.998549
0.996873
0.998279
0.995826
1.00055
1.00183
1.00148
1.00186
1.0015
1.0018
1.00152
1.0017
1.0015
1.00155
1.00142
1.00137
1.00126
1.00115
1.00103
1.00091
1.00078
1.00064
1.0005
1.00034
1.00019
1.00003
0.999871
0.999711
0.999557
0.999397
0.999268
0.999084
0.999026
0.998747
0.998845
0.998386
0.998726
0.997997
0.998639
0.997613
0.998507
0.997306
0.998224
0.996392
1.00053
1.00167
1.00144
1.0017
1.00144
1.00165
1.00143
1.00155
1.0014
1.00141
1.0013
1.00125
1.00115
1.00105
1.00094
1.00082
1.0007
1.00057
1.00044
1.0003
1.00016
1.00001
0.999865
0.999719
0.999576
0.99943
0.999304
0.999144
0.999072
0.99884
0.998892
0.998519
0.99876
0.998185
0.998649
0.997872
0.9985
0.997648
0.998229
0.996793
1.00049
1.00153
1.00138
1.00155
1.00137
1.00151
1.00135
1.00142
1.0013
1.0013
1.00121
1.00115
1.00106
1.00097
1.00087
1.00076
1.00065
1.00053
1.00041
1.00028
1.00015
1.00001
0.999879
0.999743
0.999611
0.999477
0.999356
0.999214
0.999131
0.998939
0.998949
0.998652
0.998808
0.998366
0.998685
0.998113
0.998547
0.997954
0.99829
0.997096
1.00043
1.00143
1.00133
1.00144
1.00131
1.0014
1.00128
1.00131
1.00122
1.0012
1.00112
1.00106
1.00098
1.00089
1.0008
1.0007
1.00059
1.00048
1.00037
1.00025
1.00013
1
0.99988
0.999755
0.999632
0.99951
0.999395
0.999269
0.99918
0.999023
0.999001
0.998772
0.998857
0.998524
0.998729
0.998314
0.998596
0.99819
0.998404
0.9973
1.00035
1.00132
1.00125
1.00132
1.00123
1.00128
1.00119
1.0012
1.00113
1.0011
1.00103
1.00097
1.0009
1.00082
1.00073
1.00064
1.00054
1.00044
1.00033
1.00023
1.00011
1
0.999886
0.999771
0.999657
0.999544
0.999436
0.999323
0.999232
0.999102
0.999057
0.998879
0.998912
0.998669
0.99879
0.998496
0.99867
0.998394
0.998521
0.997482
1.00029
1.00124
1.0012
1.00123
1.00117
1.00119
1.00113
1.00112
1.00106
1.00103
1.00097
1.00091
1.00084
1.00076
1.00068
1.0006
1.00051
1.00041
1.00031
1.00021
1.00011
1
0.999894
0.999787
0.999682
0.999577
0.999475
0.999372
0.999282
0.999172
0.999113
0.998975
0.99897
0.998791
0.998847
0.998637
0.998734
0.998545
0.998618
0.997632
1.00021
1.00115
1.00112
1.00113
1.00109
1.00109
1.00105
1.00103
1.00098
1.00094
1.00089
1.00083
1.00077
1.0007
1.00062
1.00054
1.00046
1.00037
1.00028
1.00019
1.00009
0.999994
0.999896
0.999799
0.999702
0.999606
0.999512
0.999419
0.999334
0.999239
0.999173
0.999066
0.999037
0.998907
0.998924
0.998777
0.998823
0.998694
0.998735
0.997784
1.00016
1.00108
1.00106
1.00107
1.00103
1.00103
1.00099
1.00097
1.00092
1.00088
1.00083
1.00078
1.00072
1.00065
1.00058
1.00051
1.00043
1.00035
1.00026
1.00017
1.00009
0.999995
0.999904
0.999813
0.999722
0.999632
0.999544
0.999456
0.999374
0.999289
0.999221
0.999133
0.99909
0.998992
0.998982
0.99888
0.998895
0.998809
0.998827
0.997893
1.00008
1.001
1.00099
1.00099
1.00096
1.00095
1.00092
1.00089
1.00085
1.00081
1.00076
1.00071
1.00066
1.0006
1.00053
1.00046
1.00039
1.00032
1.00024
1.00016
1.00008
0.999995
0.999911
0.999828
0.999744
0.999662
0.999582
0.999503
0.999429
0.999354
0.999289
0.999216
0.999169
0.999094
0.999068
0.998995
0.998991
0.998935
0.998937
0.997995
1.00003
1.00095
1.00094
1.00093
1.00091
1.00089
1.00087
1.00084
1.0008
1.00076
1.00072
1.00067
1.00062
1.00056
1.0005
1.00043
1.00037
1.00029
1.00022
1.00015
1.00007
0.999991
0.999912
0.999834
0.999756
0.999679
0.999604
0.99953
0.999459
0.99939
0.999328
0.999262
0.999213
0.999152
0.99912
0.999066
0.99905
0.999012
0.999005
0.998067
0.999954
1.00088
1.00087
1.00086
1.00084
1.00082
1.0008
1.00077
1.00074
1.0007
1.00066
1.00062
1.00057
1.00051
1.00046
1.0004
1.00034
1.00027
1.0002
1.00014
1.00007
0.999995
0.999923
0.999852
0.999781
0.999711
0.999642
0.999575
0.999511
0.999448
0.999391
0.999334
0.999286
0.999235
0.999201
0.999159
0.999137
0.99911
0.9991
0.99817
0.999912
1.00083
1.00083
1.00082
1.0008
1.00078
1.00076
1.00073
1.0007
1.00067
1.00063
1.00058
1.00054
1.00049
1.00043
1.00038
1.00032
1.00026
1.00019
1.00013
1.00006
0.999992
0.999925
0.999857
0.99979
0.999724
0.999659
0.999597
0.999536
0.999478
0.999424
0.999372
0.999326
0.99928
0.999245
0.999208
0.999185
0.999162
0.999151
0.998244
0.999844
1.00077
1.00076
1.00075
1.00073
1.00072
1.00069
1.00067
1.00064
1.00061
1.00057
1.00053
1.00049
1.00044
1.00039
1.00034
1.00029
1.00023
1.00017
1.00012
1.00006
0.999995
0.999934
0.999873
0.999812
0.999752
0.999694
0.999637
0.999582
0.99953
0.99948
0.999434
0.999392
0.999352
0.999318
0.999287
0.999264
0.999242
0.999232
0.99835
0.999813
1.00073
1.00073
1.00072
1.0007
1.00069
1.00067
1.00064
1.00061
1.00058
1.00055
1.00051
1.00047
1.00043
1.00038
1.00033
1.00028
1.00022
1.00017
1.00011
1.00005
0.999995
0.999937
0.999878
0.99982
0.999763
0.999707
0.999653
0.9996
0.99955
0.999504
0.999459
0.999419
0.999383
0.999351
0.999322
0.999299
0.999278
0.999268
0.998396
0.99974
1.00066
1.00066
1.00065
1.00063
1.00062
1.0006
1.00058
1.00055
1.00052
1.00049
1.00046
1.00042
1.00038
1.00034
1.00029
1.00025
1.0002
1.00015
1.0001
1.00005
0.999998
0.999946
0.999895
0.999844
0.999794
0.999745
0.999697
0.999651
0.999608
0.999567
0.999529
0.999493
0.999461
0.999433
0.999408
0.999389
0.99937
0.99936
0.998494
)
;

boundaryField
{
    FrontBack
    {
        type            empty;
    }
    Cylinder
    {
        type            calculated;
        value           uniform 0;
    }
    Bottom
    {
        type            calculated;
        value           uniform 0;
    }
    Top
    {
        type            calculated;
        value           uniform 0;
    }
    Inlet
    {
        type            calculated;
        value           uniform 1;
    }
    Outlet
    {
        type            calculated;
        value           nonuniform List<scalar> 
40
(
0.99974
1.00066
1.00066
1.00065
1.00063
1.00062
1.0006
1.00058
1.00055
1.00052
1.00049
1.00046
1.00042
1.00038
1.00034
1.00029
1.00025
1.0002
1.00015
1.0001
1.00005
0.999998
0.999946
0.999895
0.999844
0.999794
0.999745
0.999697
0.999651
0.999608
0.999567
0.999529
0.999493
0.999461
0.999433
0.999408
0.999389
0.99937
0.99936
0.998494
)
;
    }
}


// ************************************************************************* //
