/*--------------------------------*- C++ -*----------------------------------*\
  =========                 |
  \\      /  F ield         | OpenFOAM: The Open Source CFD Toolbox
   \\    /   O peration     | Website:  https://openfoam.org
    \\  /    A nd           | Version:  11
     \\/     M anipulation  |
\*---------------------------------------------------------------------------*/
FoamFile
{
    format      ascii;
    class       volScalarField;
    location    "1.5";
    object      mag(U);
}
// * * * * * * * * * * * * * * * * * * * * * * * * * * * * * * * * * * * * * //

dimensions      [0 1 -1 0 0 0 0];

internalField   nonuniform List<scalar> 
9600
(
0.994708
0.99525
0.987993
0.947126
0.908749
0.905185
0.924091
0.949985
0.97277
0.990618
1.00393
1.01395
1.02184
1.0286
1.03448
1.03947
1.04349
1.04645
1.04867
1.05034
1.05128
1.05119
1.04992
1.04784
1.04519
1.04218
1.03879
1.03488
1.03089
1.02676
1.02307
1.01927
1.0158
1.01236
1.00983
1.00727
1.00548
1.00318
1.0009
0.994404
0.996274
0.994506
0.989742
0.988789
0.991022
0.991962
0.995718
1.00012
1.00236
1.00397
1.00514
1.00734
1.01187
1.01644
1.02074
1.02441
1.02725
1.02935
1.03103
1.03243
1.03317
1.03273
1.03136
1.02953
1.02711
1.02441
1.02107
1.01734
1.01331
1.00897
1.00563
1.00071
0.998972
0.993923
0.992942
0.988664
0.98856
0.984745
0.9839
0.984308
0.997215
0.998483
0.995098
0.986694
0.973684
0.964271
0.962956
0.971194
0.984446
0.997239
1.00876
1.01857
1.02622
1.03246
1.03789
1.04256
1.04627
1.04897
1.05107
1.05272
1.05379
1.05423
1.05336
1.05124
1.04868
1.04569
1.04275
1.03887
1.03571
1.03133
1.02902
1.02452
1.02248
1.01781
1.0164
1.01176
1.01092
1.00636
1.00554
0.99599
0.998651
1.00014
1.00017
1.00007
1.00853
1.01692
1.02079
1.02455
1.02358
1.01941
1.01661
1.01609
1.01653
1.0194
1.02361
1.02692
1.02958
1.03163
1.03315
1.03452
1.03513
1.03431
1.03286
1.0315
1.02968
1.02717
1.02415
1.02019
1.01644
1.01125
1.00838
1.00274
1.00041
0.9973
0.994643
0.993068
0.991939
0.989013
0.991638
0.995546
1.00059
1.00507
1.00682
1.00787
1.00744
0.996731
0.984475
0.980599
0.986622
0.997418
1.00774
1.01723
1.02554
1.03237
1.03764
1.04197
1.04544
1.04783
1.0499
1.05141
1.05239
1.05333
1.05296
1.05083
1.04811
1.04513
1.04231
1.03874
1.03594
1.03199
1.02985
1.02599
1.02382
1.01915
1.01706
1.01262
1.00977
1.00591
1.00277
0.991726
1.00277
1.00767
1.00871
1.01099
1.01629
1.02067
1.02455
1.02788
1.0308
1.02976
1.02656
1.02444
1.02419
1.02459
1.02678
1.03008
1.03241
1.03463
1.03607
1.03748
1.03809
1.03711
1.03515
1.03385
1.03266
1.03049
1.02763
1.02343
1.0197
1.01428
1.01078
1.00548
1.00263
0.99994
0.998022
0.996806
0.996124
0.995091
0.998615
1.00072
1.00611
1.00975
1.01142
1.01436
1.01347
1.01114
1.00443
0.995621
0.994384
0.99978
1.00797
1.01654
1.02462
1.03178
1.0376
1.042
1.04521
1.04746
1.04933
1.05065
1.0515
1.05279
1.05294
1.05089
1.04802
1.04487
1.04218
1.03874
1.03611
1.03298
1.03036
1.02733
1.02486
1.02053
1.01681
1.01231
1.00866
1.0049
1.00013
0.98895
1.00923
1.01088
1.01259
1.01586
1.01874
1.01996
1.02319
1.02799
1.0313
1.03285
1.03186
1.03034
1.03001
1.03055
1.03141
1.0335
1.03571
1.03788
1.0394
1.04113
1.04119
1.04056
1.03855
1.03693
1.03584
1.03412
1.03144
1.02723
1.02335
1.01772
1.01363
1.0086
1.00507
1.0028
1.00192
1.00047
1.00016
1.00068
1.00234
1.00339
1.01033
1.01173
1.01421
1.01657
1.01689
1.01674
1.01551
1.01188
1.00753
1.00686
1.01072
1.01705
1.02428
1.03127
1.03745
1.04217
1.04562
1.04783
1.04941
1.05101
1.05139
1.05232
1.05325
1.05161
1.04841
1.045
1.04244
1.03908
1.03655
1.03332
1.03096
1.02818
1.02519
1.02122
1.01658
1.01151
1.00756
1.00363
0.996527
0.988343
1.01097
1.01289
1.01481
1.01543
1.01781
1.01967
1.02285
1.02757
1.03027
1.03148
1.03281
1.03348
1.03432
1.03527
1.03653
1.03768
1.0398
1.04141
1.04321
1.0451
1.04523
1.04438
1.04231
1.04074
1.03931
1.03764
1.03548
1.03137
1.0271
1.02128
1.01673
1.0116
1.00796
1.006
1.00503
1.00417
1.00421
1.00417
1.00443
1.00484
1.01164
1.01352
1.01451
1.01498
1.01691
1.01925
1.01963
1.01941
1.01837
1.01668
1.01701
1.02036
1.02577
1.03186
1.03774
1.04281
1.04642
1.04892
1.05065
1.05188
1.05211
1.05317
1.05437
1.05276
1.04976
1.04598
1.04309
1.03952
1.03701
1.03368
1.03138
1.02857
1.02558
1.02093
1.01612
1.01093
1.00652
1.00158
0.994778
0.991234
1.01163
1.01328
1.01384
1.01422
1.01588
1.01989
1.02286
1.02578
1.03001
1.03169
1.03247
1.03458
1.03677
1.03865
1.04033
1.0424
1.04398
1.046
1.04774
1.04899
1.05021
1.04935
1.04677
1.04484
1.04348
1.04182
1.03945
1.03545
1.03099
1.02498
1.02028
1.01506
1.0111
1.0089
1.00866
1.00759
1.00686
1.00595
1.00585
1.00535
1.01091
1.01212
1.01248
1.013
1.01476
1.01954
1.02288
1.02422
1.02448
1.02453
1.02459
1.02573
1.0291
1.03421
1.03961
1.04437
1.04835
1.05096
1.05263
1.0541
1.0542
1.05488
1.05612
1.05481
1.05201
1.04817
1.04449
1.04092
1.03774
1.03459
1.03175
1.02878
1.02581
1.02066
1.01577
1.01038
1.00525
1.00108
0.996333
0.99474
1.00976
1.01066
1.01092
1.0116
1.01358
1.01892
1.02344
1.02568
1.02897
1.03186
1.03357
1.03582
1.03857
1.04142
1.04394
1.04655
1.04873
1.05062
1.05256
1.05381
1.05526
1.0545
1.05181
1.04985
1.04837
1.0463
1.04353
1.03957
1.03526
1.02917
1.02425
1.0187
1.01432
1.0119
1.01172
1.01029
1.00893
1.00759
1.00662
1.00453
1.00863
1.00918
1.00944
1.01025
1.01244
1.01814
1.02319
1.02697
1.02963
1.03075
1.03095
1.03197
1.03421
1.03811
1.04276
1.04698
1.05105
1.05392
1.05585
1.0574
1.05771
1.05801
1.05882
1.05757
1.05515
1.05151
1.0473
1.04301
1.03943
1.0359
1.03269
1.02917
1.02614
1.02077
1.01549
1.01004
1.00566
1.0025
0.998993
0.997777
1.00747
1.00796
1.00837
1.00937
1.01174
1.01785
1.02395
1.02764
1.03104
1.03421
1.03595
1.03809
1.04073
1.04423
1.0474
1.05039
1.05342
1.05562
1.05787
1.05931
1.06056
1.06023
1.05783
1.05575
1.05414
1.05156
1.04832
1.04387
1.03961
1.03366
1.02845
1.02291
1.01807
1.01533
1.01425
1.01241
1.01052
1.00878
1.00626
1.00326
1.00685
1.00739
1.0079
1.00899
1.01119
1.01707
1.0236
1.02802
1.03241
1.03569
1.03671
1.03779
1.03963
1.04307
1.04726
1.05113
1.05542
1.05845
1.06046
1.06226
1.0626
1.06276
1.06334
1.06187
1.05957
1.056
1.05179
1.0466
1.04212
1.03792
1.03419
1.03007
1.0269
1.02167
1.01586
1.01107
1.00712
1.00474
1.00156
1.00067
1.00614
1.00692
1.00749
1.00867
1.01061
1.01557
1.02249
1.02797
1.03298
1.0368
1.03844
1.04043
1.04317
1.04701
1.05123
1.05458
1.05842
1.06125
1.0635
1.06545
1.06672
1.06675
1.06491
1.06251
1.06066
1.0578
1.0542
1.04894
1.04444
1.03843
1.03293
1.02726
1.02227
1.01865
1.01674
1.01447
1.0112
1.00907
1.00531
1.00294
1.00623
1.00686
1.0073
1.00836
1.01011
1.01422
1.02124
1.02723
1.03286
1.03789
1.04045
1.04266
1.04533
1.04858
1.05307
1.05657
1.06063
1.06424
1.06654
1.06846
1.06918
1.06953
1.06958
1.06757
1.06517
1.06176
1.05788
1.05235
1.04715
1.04153
1.03702
1.03186
1.0283
1.0231
1.01726
1.01311
1.00901
1.00718
1.00382
1.00231
1.00556
1.00637
1.00698
1.00806
1.00985
1.01347
1.02017
1.02653
1.03271
1.03892
1.04246
1.04498
1.04806
1.05157
1.05651
1.06038
1.06441
1.06807
1.07071
1.07261
1.07385
1.07433
1.0733
1.07062
1.06831
1.06511
1.06135
1.05561
1.05052
1.04408
1.03846
1.03211
1.02664
1.02216
1.01894
1.01606
1.01154
1.00924
1.00537
1.00305
1.00539
1.00666
1.00732
1.00832
1.01015
1.01313
1.01926
1.02589
1.03254
1.03975
1.04458
1.04791
1.05161
1.05506
1.05994
1.06407
1.06806
1.07198
1.07482
1.07686
1.07778
1.07804
1.07796
1.07565
1.07295
1.06933
1.0656
1.05963
1.05409
1.04733
1.04165
1.03543
1.03073
1.02551
1.01957
1.01585
1.01117
1.00906
1.00535
1.00315
1.00508
1.00658
1.0073
1.00816
1.01012
1.01297
1.01857
1.02514
1.03225
1.04056
1.04692
1.05109
1.05546
1.05915
1.0639
1.06843
1.07257
1.07654
1.07967
1.08187
1.08284
1.08314
1.08312
1.08061
1.07782
1.07391
1.07011
1.06411
1.05843
1.05118
1.04493
1.03809
1.03188
1.02656
1.0213
1.01799
1.01271
1.00996
1.00607
1.00368
1.00476
1.00651
1.00774
1.00855
1.01057
1.01344
1.01855
1.02465
1.03181
1.04096
1.04892
1.05421
1.05942
1.06397
1.06875
1.07343
1.07774
1.08156
1.08493
1.08761
1.08904
1.08895
1.08901
1.08693
1.08384
1.07953
1.07531
1.0692
1.06338
1.05573
1.049
1.04172
1.03525
1.02981
1.02307
1.0192
1.01371
1.01052
1.00636
1.00422
1.00382
1.0062
1.00821
1.00916
1.01112
1.014
1.01893
1.02444
1.03115
1.04064
1.0502
1.05721
1.06329
1.06897
1.07431
1.07914
1.08379
1.08773
1.09107
1.09381
1.09564
1.09573
1.09537
1.09361
1.09064
1.08603
1.08146
1.07491
1.06878
1.06088
1.05377
1.04643
1.03874
1.03298
1.02567
1.02141
1.01541
1.01176
1.00696
1.00482
1.00437
1.00647
1.00881
1.01004
1.01194
1.01486
1.0198
1.02489
1.0309
1.04024
1.0509
1.06006
1.06752
1.07442
1.08079
1.08589
1.0907
1.09504
1.09839
1.10095
1.10306
1.10336
1.10285
1.10083
1.09828
1.09343
1.08872
1.08165
1.075
1.06684
1.05909
1.05187
1.04326
1.03732
1.02915
1.02423
1.01756
1.01354
1.00803
1.00544
1.00263
1.00495
1.0084
1.01067
1.01296
1.01626
1.02132
1.02646
1.03156
1.04
1.05141
1.06231
1.07166
1.07994
1.08749
1.09363
1.09873
1.10322
1.10683
1.10943
1.11146
1.11183
1.11141
1.10924
1.10677
1.10177
1.0969
1.0897
1.08245
1.07416
1.06518
1.05795
1.04827
1.04202
1.03299
1.02764
1.0201
1.01605
1.0094
1.00657
1.00444
1.0062
1.00976
1.01271
1.01514
1.01835
1.02351
1.02916
1.03386
1.04088
1.0521
1.06434
1.07528
1.08518
1.09423
1.10186
1.1079
1.11281
1.11667
1.11936
1.12131
1.12154
1.12135
1.11902
1.11659
1.1114
1.10608
1.09891
1.09093
1.08286
1.07264
1.06519
1.05429
1.04751
1.03743
1.0316
1.02357
1.01875
1.01188
1.00801
1.00181
1.00418
1.00796
1.01218
1.01567
1.01933
1.02519
1.03241
1.03801
1.04395
1.05391
1.06644
1.07847
1.08978
1.10059
1.11011
1.11767
1.12338
1.12785
1.13066
1.13277
1.13277
1.13237
1.12997
1.12759
1.12265
1.11693
1.10998
1.10107
1.0935
1.08211
1.07491
1.06289
1.05608
1.04507
1.03829
1.02801
1.02304
1.01427
1.00962
1.00533
1.00776
1.01068
1.01485
1.01893
1.02278
1.02869
1.03704
1.04434
1.05007
1.05857
1.07033
1.08247
1.09432
1.10676
1.11859
1.12866
1.13599
1.14161
1.14481
1.14702
1.14695
1.14629
1.14305
1.13973
1.1351
1.12852
1.12224
1.11224
1.1052
1.09266
1.08493
1.07204
1.06359
1.05139
1.04355
1.03369
1.02753
1.01891
1.01315
0.999882
1.00331
1.00683
1.01189
1.018
1.02394
1.03077
1.04038
1.05028
1.0579
1.06617
1.07732
1.08917
1.10059
1.11296
1.12609
1.13869
1.14825
1.15615
1.16023
1.16337
1.16308
1.16238
1.16068
1.15715
1.15272
1.14488
1.13959
1.12811
1.12171
1.10831
1.10037
1.08718
1.07843
1.06546
1.0571
1.04322
1.03554
1.02387
1.01615
1.00304
1.00828
1.01304
1.01813
1.02405
1.03048
1.03766
1.04728
1.0586
1.06847
1.07749
1.08867
1.1013
1.11214
1.12328
1.13535
1.14888
1.16017
1.17033
1.17698
1.18166
1.18292
1.18139
1.17833
1.17113
1.16826
1.15935
1.15492
1.14302
1.13605
1.12287
1.11363
1.09989
1.08933
1.07648
1.0641
1.05468
1.04275
1.03504
1.02304
0.994707
1.00041
1.00692
1.01416
1.02181
1.03023
1.03906
1.04935
1.06284
1.07607
1.08757
1.09967
1.11491
1.12813
1.13981
1.1497
1.1619
1.17278
1.18251
1.19127
1.19634
1.20282
1.20243
1.20452
1.20054
1.19878
1.18716
1.18176
1.17009
1.16251
1.14884
1.13888
1.12428
1.11318
1.09826
1.0862
1.07088
1.0578
1.04434
1.03128
1.00153
1.00804
1.01473
1.02155
1.03006
1.04003
1.0507
1.06162
1.07586
1.09102
1.10552
1.11801
1.13352
1.15023
1.16455
1.17607
1.18556
1.19826
1.20549
1.21555
1.2176
1.22599
1.22397
1.22758
1.22007
1.2172
1.21019
1.2045
1.19524
1.18214
1.1729
1.15679
1.14672
1.12925
1.11885
1.10094
1.09103
1.074
1.06535
1.04586
0.991527
1.00051
1.00925
1.0185
1.02957
1.04095
1.05411
1.06728
1.08281
1.0994
1.11656
1.13289
1.14595
1.16566
1.18094
1.20036
1.20828
1.22399
1.23204
1.24434
1.24662
1.25219
1.2518
1.25531
1.25313
1.25271
1.2476
1.24081
1.23018
1.22205
1.21113
1.19952
1.18476
1.17055
1.156
1.14004
1.12441
1.1073
1.0923
1.07166
0.999902
1.00907
1.01726
1.02943
1.04139
1.05864
1.07319
1.09489
1.1099
1.13353
1.14944
1.17385
1.18629
1.20755
1.22185
1.24205
1.25441
1.26615
1.27562
1.28209
1.29036
1.28959
1.29245
1.28631
1.28619
1.27846
1.27629
1.26767
1.26816
1.2566
1.25229
1.2361
1.23027
1.2119
1.20384
1.18212
1.17197
1.14933
1.13681
1.11167
0.993335
1.01102
1.02183
1.04041
1.0519
1.07249
1.0864
1.11053
1.12656
1.15156
1.16994
1.19496
1.21416
1.23611
1.25271
1.27148
1.28687
1.30143
1.31075
1.319
1.32457
1.32944
1.33171
1.33086
1.3295
1.32433
1.32149
1.31256
1.30698
1.29484
1.28854
1.2766
1.27102
1.25663
1.24863
1.23156
1.22375
1.20506
1.1967
1.17303
1.00506
1.01916
1.03752
1.06233
1.08799
1.11469
1.14325
1.16736
1.19331
1.21576
1.24218
1.26235
1.28882
1.30437
1.32956
1.33958
1.36252
1.36806
1.38702
1.38641
1.39943
1.39357
1.40216
1.39331
1.39734
1.38595
1.38715
1.37753
1.37913
1.37026
1.37007
1.36009
1.35667
1.34416
1.33753
1.32323
1.31305
1.29549
1.28249
1.2612
1.02344
1.04774
1.07451
1.09663
1.12475
1.14628
1.17674
1.20053
1.2332
1.25745
1.2902
1.31245
1.34295
1.36096
1.38775
1.40024
1.42229
1.42849
1.44466
1.44449
1.45428
1.44848
1.45135
1.4424
1.43927
1.42916
1.42184
1.41349
1.40571
1.40105
1.39419
1.39446
1.38922
1.39379
1.38634
1.39251
1.37943
1.38497
1.3642
1.3657
1.08645
1.12086
1.17257
1.21061
1.25727
1.29248
1.33476
1.36823
1.40649
1.43819
1.47138
1.49963
1.52624
1.55056
1.57031
1.59078
1.60295
1.61824
1.62197
1.6306
1.62561
1.62603
1.61438
1.60826
1.59007
1.57882
1.5572
1.54249
1.52028
1.50421
1.48412
1.46857
1.45265
1.44023
1.4288
1.4213
1.4116
1.40739
1.38561
1.39709
1.26997
1.30559
1.34202
1.38038
1.41846
1.4545
1.48721
1.51514
1.54209
1.55797
1.57844
1.58926
1.60522
1.61414
1.62338
1.62539
1.62407
1.61735
1.60486
1.58965
1.56643
1.54319
1.50894
1.47592
1.42914
1.38567
1.32844
1.27785
1.21421
1.15901
1.09147
1.03478
0.965872
0.910189
0.844612
0.789783
0.73267
0.669628
0.625978
0.55262
0.988046
0.99118
0.999337
0.998142
0.997194
0.993412
0.992045
0.990944
0.990627
0.990378
0.990786
0.991632
0.99283
0.994285
0.99603
0.997802
0.999292
1.00056
1.00169
1.00245
1.00285
1.00336
1.00402
1.00494
1.0054
1.00546
1.00582
1.0061
1.00661
1.00689
1.00692
1.00643
1.00594
1.0053
1.00438
1.00408
1.00363
1.00317
1.00089
1.00355
0.988654
0.993023
0.9995
0.998379
0.99664
0.993069
0.991171
0.990112
0.989832
0.989717
0.990225
0.99114
0.992457
0.994065
0.995885
0.997765
0.999414
1.00075
1.00183
1.00258
1.00308
1.00352
1.00397
1.00476
1.00554
1.00566
1.00594
1.00627
1.00685
1.00719
1.00718
1.00686
1.00646
1.0059
1.00487
1.00433
1.00414
1.00365
1.00157
1.0003
0.99119
0.994328
0.998902
0.998588
0.996469
0.992929
0.990652
0.989372
0.989
0.988932
0.989557
0.990542
0.99196
0.993731
0.99578
0.997822
0.999654
1.00111
1.00232
1.00312
1.00369
1.00414
1.00455
1.00522
1.00605
1.00642
1.00658
1.00691
1.00734
1.00752
1.00739
1.00703
1.00667
1.00608
1.00514
1.00472
1.00449
1.00433
1.00372
1.00363
0.991021
0.994846
0.998723
0.998635
0.996377
0.992581
0.990309
0.988666
0.988201
0.988162
0.988774
0.989895
0.991473
0.993335
0.995364
0.997479
0.999368
1.00094
1.00227
1.00323
1.00397
1.00442
1.00473
1.00519
1.00574
1.00651
1.00678
1.00722
1.00757
1.00766
1.00748
1.0072
1.007
1.0063
1.00544
1.00508
1.00459
1.00436
1.00353
1.00326
0.99186
0.995792
0.998442
0.99857
0.996452
0.992466
0.990107
0.988003
0.987434
0.987329
0.98795
0.989026
0.990682
0.992789
0.995075
0.997332
0.999337
1.00102
1.0025
1.00366
1.00458
1.00496
1.0052
1.00567
1.00618
1.00705
1.00745
1.00756
1.0077
1.00773
1.0075
1.00728
1.00711
1.00637
1.00574
1.00541
1.00514
1.00494
1.00436
1.00289
0.993374
0.99605
0.997927
0.998395
0.996702
0.992442
0.989711
0.987258
0.986479
0.986456
0.987012
0.98818
0.989926
0.992036
0.994381
0.996722
0.998861
1.00071
1.00229
1.00361
1.00462
1.00518
1.00542
1.00576
1.00663
1.00725
1.0078
1.00776
1.00789
1.00796
1.00774
1.00754
1.0074
1.00665
1.00606
1.00569
1.00541
1.00515
1.00497
1.00524
0.99296
0.996406
0.997943
0.998185
0.996731
0.992217
0.989382
0.986746
0.98557
0.985439
0.985996
0.987195
0.989019
0.991396
0.993944
0.996369
0.99861
1.00059
1.00231
1.00369
1.0049
1.0057
1.00589
1.00622
1.00702
1.00756
1.00799
1.00826
1.00864
1.00852
1.0081
1.00787
1.00766
1.00675
1.00627
1.00594
1.00569
1.0055
1.00505
1.00352
0.99561
0.996553
0.997375
0.998006
0.996665
0.991833
0.988738
0.985991
0.984506
0.984337
0.984853
0.98604
0.987948
0.990363
0.99306
0.995679
0.9981
1.00018
1.00191
1.00348
1.00487
1.00563
1.00606
1.0065
1.00727
1.00803
1.0082
1.00881
1.00937
1.00889
1.00845
1.00825
1.00789
1.00701
1.00662
1.00634
1.00612
1.0058
1.00588
1.00619
0.994509
0.996721
0.997714
0.99776
0.996196
0.991466
0.987933
0.985148
0.983422
0.98313
0.983719
0.984948
0.98683
0.989496
0.992424
0.99511
0.997702
0.999955
1.00186
1.00356
1.0049
1.00569
1.00627
1.00702
1.00794
1.00855
1.00858
1.00918
1.00969
1.00913
1.0087
1.00852
1.00796
1.00717
1.00684
1.00663
1.00636
1.00608
1.00575
1.00457
0.997613
0.996921
0.997175
0.997046
0.995238
0.990743
0.987101
0.984233
0.982243
0.981739
0.982289
0.983532
0.985536
0.988314
0.991392
0.994384
0.997162
0.999489
1.00147
1.00317
1.00449
1.00559
1.00669
1.00765
1.00871
1.00927
1.00954
1.00987
1.01004
1.00934
1.00893
1.00871
1.00804
1.0075
1.00727
1.00712
1.00675
1.00651
1.00653
1.00666
0.996282
0.997002
0.997169
0.996225
0.994503
0.990842
0.98628
0.982981
0.980939
0.980328
0.980891
0.982128
0.984198
0.987248
0.990597
0.993614
0.996646
0.999134
1.00116
1.00285
1.00437
1.00579
1.00716
1.00851
1.00951
1.01012
1.01066
1.01075
1.01029
1.00953
1.00915
1.00899
1.00826
1.00774
1.00752
1.00742
1.00705
1.00673
1.00646
1.00577
0.998981
0.997162
0.996349
0.995222
0.994149
0.990985
0.985245
0.981502
0.979423
0.978626
0.979144
0.980424
0.982625
0.985843
0.989321
0.992697
0.995852
0.998437
1.00053
1.00235
1.00426
1.00627
1.00784
1.00899
1.00997
1.01064
1.01141
1.01143
1.0106
1.00994
1.00959
1.00932
1.00855
1.00822
1.00803
1.00787
1.00745
1.00721
1.00699
1.00695
0.997617
0.996743
0.995729
0.994496
0.993659
0.99052
0.984053
0.979992
0.977882
0.976938
0.977371
0.978598
0.980948
0.98441
0.988179
0.99153
0.995001
0.997825
1.00017
1.00228
1.00452
1.00682
1.00842
1.00942
1.01051
1.01131
1.01189
1.01185
1.0109
1.01016
1.00986
1.00938
1.00864
1.00842
1.00831
1.0082
1.00773
1.00744
1.00707
1.00685
0.999486
0.996744
0.99515
0.994072
0.99301
0.989143
0.982384
0.978504
0.976175
0.974933
0.97528
0.976588
0.978978
0.982554
0.986511
0.990318
0.994061
0.997265
0.999919
1.00227
1.0047
1.00723
1.00874
1.00977
1.01123
1.01167
1.01212
1.012
1.01115
1.01039
1.01006
1.0096
1.00906
1.00892
1.00887
1.00873
1.00826
1.00801
1.00772
1.00745
0.998517
0.996592
0.994643
0.993327
0.991946
0.987907
0.980651
0.976852
0.974344
0.972837
0.973013
0.97424
0.976782
0.98067
0.985061
0.989025
0.993215
0.996778
0.999909
1.00262
1.00521
1.00751
1.00889
1.01025
1.01157
1.01187
1.01218
1.01217
1.01137
1.0107
1.01041
1.00987
1.0093
1.00919
1.00917
1.00905
1.00854
1.00829
1.00798
1.0078
0.999899
0.996635
0.994024
0.992373
0.990843
0.986533
0.97875
0.974969
0.972142
0.970322
0.970333
0.971664
0.974365
0.978466
0.983233
0.987692
0.992185
0.996125
0.999724
1.00279
1.00532
1.0075
1.00924
1.01077
1.01204
1.01227
1.0127
1.0124
1.01163
1.0112
1.011
1.01055
1.01005
1.00995
1.00991
1.00969
1.00917
1.00893
1.0085
1.00829
0.999213
0.996336
0.992982
0.990621
0.989132
0.98486
0.976695
0.972754
0.969528
0.967478
0.967329
0.968767
0.971747
0.97615
0.981397
0.986174
0.991147
0.995423
0.99943
1.00286
1.00559
1.00786
1.00992
1.01164
1.01249
1.01271
1.01303
1.01247
1.01168
1.01145
1.01138
1.01094
1.01058
1.0105
1.01047
1.01018
1.00967
1.00942
1.00897
1.0088
1.00067
0.996768
0.992435
0.989248
0.987397
0.982992
0.974976
0.970298
0.966331
0.96406
0.963862
0.965574
0.96888
0.973483
0.979233
0.984628
0.989974
0.994489
0.998715
1.00249
1.00562
1.00804
1.01038
1.01233
1.01288
1.01276
1.01282
1.01248
1.01209
1.01225
1.01228
1.01168
1.01133
1.01124
1.01114
1.01078
1.0103
1.01004
1.00951
1.00935
0.999825
0.996229
0.991368
0.986986
0.984861
0.981101
0.973403
0.967411
0.962459
0.960094
0.959939
0.96182
0.965632
0.970618
0.977011
0.982983
0.988755
0.993496
0.998087
1.00221
1.00574
1.00838
1.0109
1.01271
1.0132
1.01301
1.01303
1.01302
1.01257
1.01275
1.01261
1.01205
1.01179
1.01182
1.01172
1.01133
1.01089
1.01062
1.01012
1.00996
1.00022
0.996562
0.991019
0.98521
0.982282
0.978863
0.971599
0.96392
0.957836
0.95543
0.955416
0.9575
0.961933
0.967411
0.974452
0.981098
0.987266
0.992374
0.997424
1.00176
1.00562
1.0089
1.01167
1.013
1.01324
1.0133
1.01342
1.01308
1.01289
1.01308
1.01301
1.01256
1.01235
1.01254
1.01241
1.01199
1.01157
1.01123
1.01076
1.01064
0.999591
0.995815
0.99037
0.983045
0.97889
0.976086
0.968625
0.959733
0.952832
0.950077
0.950229
0.952432
0.957565
0.96379
0.971544
0.978883
0.985572
0.991294
0.996902
1.00148
1.00574
1.00948
1.01236
1.01305
1.01309
1.01337
1.01355
1.01312
1.01352
1.01389
1.01375
1.01322
1.01313
1.01329
1.01322
1.01273
1.01236
1.01189
1.01148
1.01136
0.999521
0.995333
0.990084
0.98154
0.975447
0.972118
0.964053
0.954992
0.947778
0.94401
0.944141
0.946472
0.952308
0.959463
0.968164
0.976388
0.983686
0.990077
0.996146
1.00133
1.00602
1.00987
1.01249
1.01318
1.01325
1.01361
1.01413
1.01434
1.01471
1.01536
1.01485
1.01424
1.01415
1.01417
1.01405
1.01347
1.01312
1.01258
1.01224
1.01214
0.999575
0.994424
0.989234
0.979856
0.971606
0.967253
0.958964
0.949709
0.942066
0.937077
0.936732
0.939325
0.945867
0.954181
0.964347
0.973794
0.981851
0.988919
0.995308
1.00128
1.00655
1.01035
1.01229
1.01315
1.01377
1.01456
1.01537
1.01586
1.01613
1.01659
1.01596
1.01539
1.01511
1.01513
1.01484
1.01432
1.01388
1.0134
1.01308
1.01299
0.999943
0.993551
0.987987
0.978532
0.967933
0.961886
0.953921
0.943853
0.934699
0.9287
0.927546
0.930533
0.937873
0.947837
0.960112
0.971116
0.979994
0.987879
0.994564
1.00126
1.00722
1.01076
1.01223
1.01311
1.01436
1.01605
1.01668
1.0174
1.01782
1.01759
1.01709
1.01654
1.01624
1.01632
1.01593
1.01541
1.01494
1.01445
1.01409
1.01399
1.00057
0.992863
0.986197
0.97732
0.964169
0.955547
0.947822
0.936852
0.925551
0.918296
0.916213
0.919486
0.927923
0.940268
0.955088
0.968131
0.978098
0.986908
0.994102
1.00133
1.00724
1.01088
1.01257
1.01378
1.01529
1.0174
1.01813
1.01859
1.01897
1.01872
1.01842
1.01815
1.01793
1.01799
1.01746
1.01686
1.01629
1.01568
1.0153
1.01519
1.00144
0.992626
0.984345
0.976443
0.961142
0.949677
0.940268
0.927817
0.914952
0.905812
0.902116
0.905276
0.915087
0.93054
0.948518
0.964585
0.976003
0.985942
0.994025
1.0019
1.00741
1.01105
1.01326
1.01552
1.01708
1.01864
1.01962
1.02004
1.02075
1.02074
1.02018
1.01993
1.01979
1.01958
1.01896
1.01841
1.01767
1.0171
1.01671
1.01654
1.00242
0.992859
0.983007
0.974933
0.959329
0.944343
0.93137
0.917042
0.902716
0.891
0.884243
0.886515
0.897632
0.916742
0.939252
0.95997
0.973775
0.984873
0.99388
1.00258
1.0086
1.0129
1.01548
1.01812
1.01978
1.02078
1.02194
1.02279
1.02331
1.02302
1.02206
1.02166
1.0214
1.02095
1.02027
1.01993
1.01899
1.01852
1.0182
1.01798
1.00332
0.993432
0.982468
0.972893
0.958285
0.9391
0.922336
0.905534
0.888025
0.872498
0.861158
0.861262
0.873212
0.896561
0.925699
0.953347
0.971193
0.983973
0.994369
1.00346
1.00998
1.01576
1.01905
1.02118
1.02295
1.02397
1.02518
1.02571
1.02606
1.0252
1.02412
1.02386
1.02331
1.02279
1.022
1.02168
1.02049
1.02005
1.01966
1.01948
1.0054
0.995132
0.982974
0.971866
0.956923
0.935714
0.916353
0.894468
0.870808
0.849559
0.831575
0.827078
0.838863
0.867145
0.905636
0.943266
0.967499
0.983499
0.996306
1.00624
1.01314
1.01958
1.02385
1.02571
1.02739
1.0283
1.02947
1.02944
1.02933
1.02828
1.02721
1.02731
1.02629
1.0259
1.0251
1.02418
1.02325
1.02227
1.02201
1.02167
1.00796
0.997044
0.986007
0.972202
0.957174
0.93511
0.912465
0.88513
0.853204
0.823191
0.794852
0.781336
0.790843
0.824764
0.875986
0.927588
0.961151
0.981892
0.997678
1.00949
1.01778
1.02444
1.02851
1.03087
1.03321
1.0337
1.03483
1.03478
1.03343
1.03282
1.03202
1.03207
1.03122
1.03052
1.02984
1.02822
1.02732
1.02613
1.02562
1.02529
1.01402
1.00397
0.993428
0.976262
0.960209
0.938535
0.910808
0.878505
0.837312
0.79417
0.750729
0.721006
0.724283
0.764265
0.831867
0.902449
0.949618
0.977892
0.998706
1.01285
1.02241
1.03011
1.03481
1.03777
1.0402
1.04035
1.04046
1.04007
1.03859
1.03813
1.03778
1.03719
1.03667
1.03548
1.03475
1.03297
1.03209
1.03068
1.02988
1.02941
1.02418
1.00921
0.999067
0.984371
0.967003
0.945528
0.914944
0.876803
0.825041
0.764095
0.700654
0.646224
0.635212
0.679238
0.766036
0.860536
0.926433
0.967281
0.997303
1.01528
1.02678
1.03644
1.04241
1.04567
1.04726
1.04731
1.04715
1.04606
1.04462
1.04382
1.0432
1.04274
1.04184
1.04148
1.04013
1.03844
1.03693
1.03499
1.03388
1.03363
1.03583
1.02605
1.01491
1.00115
0.982965
0.958741
0.923927
0.878567
0.817721
0.737582
0.65016
0.563904
0.524262
0.563391
0.668138
0.79011
0.88117
0.941573
0.985588
1.01187
1.02918
1.04207
1.04846
1.05294
1.05609
1.05682
1.05739
1.05549
1.05431
1.05325
1.05245
1.05261
1.05167
1.05093
1.04823
1.04595
1.04345
1.04185
1.04072
1.04076
1.0664
1.04888
1.03654
1.02782
1.01561
0.987805
0.94401
0.887025
0.815097
0.717428
0.605673
0.485967
0.39964
0.412376
0.526126
0.676329
0.800708
0.888255
0.952552
0.993097
1.0199
1.03902
1.04925
1.059
1.06643
1.06868
1.07115
1.06954
1.06951
1.06842
1.06718
1.06646
1.06366
1.06165
1.05876
1.05784
1.05605
1.05543
1.05462
1.05308
1.09447
1.09428
1.09973
1.09765
1.07716
1.03957
0.978074
0.902795
0.813643
0.700221
0.568726
0.425413
0.288389
0.231451
0.32827
0.503118
0.667966
0.791884
0.88487
0.947733
0.990058
1.02002
1.03927
1.05458
1.06655
1.07176
1.07882
1.07959
1.08227
1.08114
1.08053
1.07916
1.07694
1.07614
1.07537
1.07521
1.07437
1.07257
1.07062
1.06947
1.17729
1.18133
1.17973
1.16153
1.12259
1.06493
0.99106
0.904241
0.80131
0.67595
0.532417
0.387921
0.246313
0.123621
0.0904724
0.272147
0.469928
0.634562
0.763738
0.857759
0.924219
0.97288
1.00695
1.02923
1.05154
1.06259
1.07621
1.08099
1.08836
1.09074
1.09526
1.09771
1.10011
1.10083
1.10162
1.10059
1.09808
1.09312
1.09
1.08565
1.25239
1.24577
1.22782
1.18835
1.13216
1.06472
0.973629
0.871383
0.747614
0.617365
0.467721
0.34365
0.251392
0.251797
0.232003
0.0969886
0.182912
0.386589
0.562685
0.697537
0.803848
0.886124
0.948111
0.990062
1.02734
1.04748
1.06944
1.07972
1.0924
1.09868
1.10738
1.11178
1.11863
1.1213
1.12427
1.1248
1.12613
1.12608
1.12532
1.12154
1.33468
1.29089
1.24108
1.1814
1.10325
1.01206
0.892024
0.770867
0.62467
0.478107
0.353003
0.264453
0.241829
0.281845
0.361714
0.370548
0.319957
0.0568284
0.25085
0.460788
0.601024
0.725471
0.817598
0.891555
0.955577
1.00248
1.04003
1.06541
1.08289
1.09272
1.09874
1.10097
1.10454
1.11183
1.11558
1.12121
1.12635
1.12977
1.13918
1.14455
1.33515
1.23281
1.11586
0.984416
0.844145
0.694268
0.53931
0.375574
0.216666
0.0681473
0.110126
0.240389
0.332793
0.385645
0.439201
0.509056
0.50907
0.477517
0.455481
0.441124
0.139845
0.227786
0.379778
0.515335
0.641475
0.751471
0.829906
0.889591
0.931424
0.976762
1.01176
1.04521
1.06956
1.08726
1.11226
1.12742
1.14851
1.15796
1.17188
1.17612
0.32107
0.212381
0.320438
0.411311
0.491042
0.563672
0.623502
0.66889
0.699854
0.714501
0.717458
0.695578
0.664589
0.624743
0.57495
0.523355
0.47096
0.426967
0.41984
0.420716
0.36385
0.342512
0.34592
0.340188
0.314707
0.249289
0.0541419
0.572097
0.629463
0.647912
0.69461
0.711218
0.756735
0.786464
0.83079
0.866761
0.909335
0.95383
1.00484
1.05834
1.00823
1.01315
1.01405
1.01545
1.0155
1.0166
1.0165
1.01737
1.01705
1.01763
1.0174
1.01764
1.01758
1.01766
1.01765
1.01766
1.01765
1.01761
1.01752
1.01735
1.01714
1.01686
1.0165
1.01603
1.01544
1.01464
1.01353
1.01186
1.00932
1.00556
1.00004
0.991514
0.97898
0.966141
0.962919
0.973439
0.983052
0.995126
1.00144
1.00025
0.998105
0.99471
0.99556
0.995344
0.996203
0.995846
0.996409
0.996357
0.996401
0.996533
0.996449
0.996529
0.996509
0.996546
0.996555
0.996581
0.996552
0.996458
0.996382
0.99632
0.996249
0.996144
0.996056
0.99601
0.996062
0.996258
0.996707
0.997549
0.99901
1.0016
1.00582
1.01095
1.01538
1.02109
1.02392
1.02312
1.01431
1.00646
1.00341
1.00271
1.00365
1.00907
1.0103
1.01322
1.01352
1.01517
1.01487
1.0162
1.01561
1.01645
1.01607
1.01637
1.01624
1.01635
1.0163
1.01627
1.01626
1.01628
1.01615
1.01588
1.01551
1.01503
1.01441
1.01358
1.01252
1.01117
1.00941
1.00711
1.00405
1.0004
0.996761
0.99271
0.988182
0.98845
0.994052
1.00037
1.00096
1.00071
1.00169
1.0027
1.00499
1.00249
1.00122
1.00033
0.999854
0.999751
0.999065
0.999352
0.998763
0.99906
0.998703
0.998877
0.998721
0.998752
0.998769
0.99879
0.998712
0.998555
0.998495
0.998603
0.998726
0.998898
0.999191
0.999634
1.00027
1.00123
1.00253
1.00423
1.00634
1.00913
1.01281
1.01604
1.01721
1.01938
1.02075
1.01994
1.01538
1.01048
1.00774
1.00542
1.00085
1.00575
1.00769
1.01025
1.01114
1.01272
1.01286
1.01387
1.0138
1.0143
1.01427
1.01447
1.01444
1.01448
1.01442
1.01437
1.01442
1.01449
1.0143
1.01389
1.0134
1.01276
1.01193
1.01091
1.00965
1.00817
1.00642
1.00435
1.00195
0.999754
0.998267
0.996696
0.995154
0.996579
1.00088
1.0042
1.00372
1.00394
1.00452
1.00504
1.00721
1.00541
1.00438
1.00391
1.00319
1.00298
1.00225
1.00228
1.0017
1.00184
1.00146
1.00153
1.00139
1.00141
1.00139
1.00137
1.00116
1.00094
1.00097
1.0012
1.00148
1.00185
1.00238
1.00307
1.00395
1.00504
1.00635
1.00774
1.0091
1.01078
1.01288
1.01359
1.01299
1.01407
1.01505
1.01431
1.01125
1.00935
1.00765
1.00618
1.00146
1.00449
1.00626
1.00825
1.00927
1.01057
1.01102
1.01186
1.01196
1.01247
1.01246
1.0127
1.01267
1.01272
1.01263
1.01268
1.01282
1.01284
1.01257
1.01207
1.01146
1.01074
1.00984
1.00876
1.00757
1.00631
1.00496
1.00347
1.00197
1.001
1.00071
0.999944
0.999169
1.00071
1.0035
1.00462
1.00453
1.0055
1.00586
1.00603
1.00774
1.0066
1.00603
1.00585
1.00574
1.00565
1.00517
1.00502
1.00469
1.00455
1.00435
1.00432
1.00418
1.00419
1.00411
1.00392
1.0036
1.00346
1.00356
1.00382
1.00414
1.0046
1.0052
1.00591
1.00669
1.00753
1.0084
1.00912
1.00967
1.0106
1.01144
1.01125
1.01058
1.0107
1.01083
1.00991
1.00816
1.00739
1.00673
1.00622
1.00317
1.00481
1.00608
1.00766
1.00842
1.00935
1.00975
1.01039
1.01063
1.01097
1.01109
1.01123
1.01126
1.01128
1.0113
1.01146
1.01161
1.01153
1.01118
1.01066
1.01005
1.0093
1.00842
1.00747
1.00657
1.00568
1.00487
1.00406
1.00342
1.00339
1.00377
1.00362
1.00338
1.00483
1.0061
1.00624
1.00607
1.00636
1.00648
1.0064
1.00747
1.00721
1.00717
1.00715
1.00708
1.00708
1.00721
1.00734
1.00719
1.00708
1.00695
1.00687
1.00679
1.00673
1.00653
1.00619
1.00591
1.00584
1.00595
1.00619
1.00645
1.0068
1.00736
1.00795
1.00842
1.0088
1.00906
1.00917
1.00933
1.00982
1.01002
1.00959
1.00902
1.00885
1.00864
1.00772
1.00691
1.00666
1.00658
1.00642
1.00515
1.00595
1.00677
1.00772
1.00832
1.00912
1.00935
1.00976
1.00992
1.01015
1.01026
1.01037
1.01041
1.0105
1.01067
1.01082
1.01084
1.0107
1.01037
1.00988
1.00931
1.00863
1.00793
1.00732
1.00674
1.00629
1.00601
1.00579
1.00575
1.00612
1.00647
1.00626
1.00633
1.00712
1.00742
1.00726
1.00681
1.00675
1.00669
1.00653
1.00708
1.00734
1.00796
1.00835
1.00848
1.00856
1.00857
1.00864
1.00877
1.00894
1.009
1.009
1.00893
1.00878
1.00848
1.00809
1.00791
1.00784
1.0079
1.00812
1.00833
1.00857
1.00888
1.00908
1.00922
1.00928
1.00925
1.00912
1.00919
1.00945
1.00934
1.00879
1.00843
1.00822
1.00799
1.00732
1.00691
1.00682
1.00662
1.00648
1.00681
1.00719
1.00788
1.00847
1.00886
1.00937
1.00959
1.00988
1.01
1.01015
1.01022
1.01031
1.01039
1.01054
1.01064
1.01067
1.01065
1.01054
1.01023
1.0098
1.00933
1.0088
1.0083
1.00797
1.00779
1.0077
1.00765
1.00763
1.00784
1.00835
1.0085
1.00852
1.00853
1.00853
1.00836
1.00774
1.00737
1.00718
1.00676
1.00656
1.00735
1.00784
1.0084
1.00897
1.00928
1.00972
1.00988
1.01012
1.0102
1.01033
1.01034
1.01036
1.01027
1.01015
1.00999
1.00982
1.00968
1.00958
1.00955
1.00957
1.00962
1.0097
1.00976
1.00973
1.00966
1.00953
1.00931
1.00921
1.00937
1.0094
1.00916
1.00894
1.00884
1.00878
1.00854
1.00806
1.00791
1.00768
1.0072
1.00687
1.00782
1.0083
1.00888
1.00942
1.00978
1.01023
1.01039
1.01066
1.01073
1.01089
1.01093
1.01103
1.01107
1.01112
1.01112
1.01111
1.01106
1.01094
1.01071
1.01036
1.01
1.00968
1.00941
1.00927
1.00922
1.00919
1.00921
1.00946
1.00965
1.00969
1.00961
1.00934
1.00922
1.0091
1.00881
1.00842
1.00831
1.0081
1.00768
1.00738
1.00828
1.00882
1.00936
1.00992
1.01026
1.01072
1.0109
1.01117
1.01122
1.01139
1.01141
1.01148
1.01147
1.01146
1.01139
1.01129
1.01116
1.01102
1.01088
1.01079
1.01069
1.01057
1.01042
1.01021
1.00998
1.00973
1.00957
1.00962
1.00977
1.0098
1.00971
1.00954
1.00948
1.00945
1.00911
1.00879
1.00865
1.00843
1.00804
1.00787
1.00879
1.00936
1.00991
1.01044
1.01081
1.01126
1.01143
1.01172
1.01178
1.01198
1.01201
1.0121
1.01211
1.01212
1.01209
1.01202
1.01193
1.0118
1.01162
1.0114
1.01115
1.01094
1.01077
1.01062
1.01048
1.01033
1.01024
1.01026
1.01032
1.01032
1.0102
1.01005
1.00996
1.00991
1.00956
1.00923
1.00908
1.00878
1.00837
1.00821
1.00935
1.00996
1.01051
1.01104
1.0114
1.01183
1.01201
1.01233
1.01237
1.0126
1.01263
1.01274
1.01274
1.01275
1.0127
1.01264
1.01253
1.01239
1.01223
1.01205
1.01187
1.01167
1.01147
1.01128
1.0111
1.01099
1.01094
1.01096
1.011
1.01097
1.01079
1.01059
1.01046
1.01035
1.00999
1.00968
1.00952
1.00918
1.0087
1.00851
1.00997
1.0106
1.01116
1.01166
1.01205
1.01245
1.01264
1.01299
1.01304
1.01329
1.01333
1.01345
1.01346
1.01349
1.01343
1.01337
1.01326
1.01313
1.01297
1.01279
1.01261
1.01242
1.01222
1.01202
1.01186
1.01176
1.01169
1.01168
1.01171
1.01164
1.0114
1.01117
1.01099
1.01088
1.0105
1.01019
1.01
1.00965
1.00913
1.00893
1.01064
1.0113
1.01185
1.01232
1.01276
1.01312
1.01335
1.0137
1.01379
1.01405
1.01408
1.01425
1.01423
1.01429
1.01423
1.01419
1.01408
1.01396
1.01379
1.01363
1.01344
1.01324
1.01305
1.01287
1.01272
1.01263
1.01255
1.01253
1.01253
1.0124
1.01205
1.01174
1.01152
1.01136
1.01093
1.01063
1.0104
1.01006
1.00957
1.00938
1.01136
1.01209
1.01259
1.01305
1.01353
1.01388
1.01416
1.01451
1.01461
1.01491
1.01494
1.01514
1.01512
1.01521
1.01513
1.01512
1.015
1.01489
1.01473
1.01458
1.01438
1.0142
1.01399
1.01383
1.01371
1.0136
1.01351
1.01349
1.01348
1.01324
1.01278
1.01239
1.01212
1.01189
1.01139
1.01111
1.01082
1.0104
1.00988
1.00965
1.01214
1.01294
1.01337
1.01389
1.01439
1.01473
1.01505
1.01541
1.01556
1.01588
1.01592
1.01613
1.01613
1.01624
1.01616
1.01618
1.01605
1.01597
1.01581
1.01565
1.01546
1.01527
1.0151
1.01495
1.01481
1.01468
1.01457
1.01455
1.01448
1.01412
1.01356
1.01314
1.01288
1.01256
1.01205
1.01179
1.01147
1.01096
1.01026
1.00992
1.01307
1.01385
1.01427
1.01485
1.01538
1.01574
1.01611
1.01645
1.01663
1.01696
1.01703
1.01729
1.01727
1.01743
1.01734
1.01739
1.01725
1.01719
1.01701
1.01686
1.01664
1.01642
1.01623
1.01605
1.01588
1.0157
1.0156
1.01557
1.01544
1.01494
1.01429
1.01385
1.01363
1.0132
1.0127
1.0124
1.01202
1.01149
1.01084
1.0104
1.01413
1.01492
1.01532
1.01597
1.01647
1.01687
1.01731
1.01765
1.01787
1.01823
1.01831
1.0186
1.01858
1.0188
1.01868
1.0188
1.01863
1.0186
1.0184
1.01825
1.01801
1.01781
1.01758
1.0174
1.01722
1.01704
1.0169
1.01681
1.01654
1.01584
1.01504
1.01463
1.01439
1.01381
1.01317
1.01277
1.01223
1.01171
1.01127
1.01084
1.01538
1.01619
1.01659
1.01731
1.01776
1.01822
1.01869
1.01906
1.01936
1.01972
1.01983
1.02018
1.02014
1.02041
1.02029
1.02044
1.02026
1.02027
1.02006
1.01994
1.01969
1.01951
1.01931
1.01915
1.01895
1.01871
1.01851
1.01834
1.01784
1.01687
1.016
1.0157
1.01545
1.01469
1.0139
1.01345
1.01281
1.01245
1.01207
1.01191
1.01676
1.01756
1.01805
1.01881
1.01926
1.01983
1.02027
1.02072
1.02107
1.02146
1.02164
1.02199
1.02199
1.0223
1.02216
1.02237
1.02214
1.0222
1.02195
1.02187
1.02163
1.0215
1.02134
1.02122
1.02097
1.02065
1.0204
1.02008
1.01926
1.01805
1.01724
1.01707
1.0167
1.01571
1.01474
1.01423
1.01353
1.013
1.01254
1.01226
1.01829
1.01913
1.01977
1.02059
1.0211
1.02181
1.02225
1.02279
1.02315
1.0236
1.0238
1.02418
1.0242
1.02452
1.02439
1.02464
1.02438
1.02451
1.02423
1.02422
1.02397
1.02394
1.02385
1.02374
1.02336
1.02298
1.02266
1.02211
1.02091
1.0196
1.01904
1.01897
1.01852
1.01737
1.01649
1.01608
1.01563
1.01528
1.01475
1.01408
1.02
1.02101
1.02181
1.02277
1.02338
1.0242
1.02464
1.02532
1.02563
1.02618
1.02637
1.02678
1.02682
1.02715
1.02702
1.02728
1.02699
1.02719
1.02687
1.02696
1.02672
1.02685
1.02678
1.0266
1.02602
1.02553
1.02509
1.02421
1.02269
1.02154
1.02122
1.02109
1.02023
1.01882
1.01799
1.01757
1.01705
1.01643
1.01548
1.01452
1.02249
1.02381
1.02456
1.02574
1.02631
1.02729
1.0277
1.0285
1.02877
1.0294
1.02956
1.03002
1.03006
1.03038
1.03026
1.03053
1.03025
1.03053
1.03024
1.03048
1.03027
1.03054
1.03033
1.02992
1.02906
1.02851
1.02794
1.02682
1.02531
1.02463
1.02452
1.02416
1.02284
1.02157
1.02105
1.02071
1.02004
1.01917
1.01833
1.01747
1.02588
1.02754
1.02817
1.02951
1.02998
1.03114
1.03147
1.03243
1.03261
1.03341
1.03343
1.03404
1.03401
1.03441
1.03431
1.03466
1.03448
1.0349
1.03464
1.03503
1.03478
1.03501
1.03428
1.03349
1.03243
1.03205
1.0313
1.02991
1.02846
1.02791
1.02757
1.02639
1.02458
1.02343
1.02283
1.02169
1.02024
1.01913
1.01808
1.01714
1.02994
1.0316
1.03238
1.03383
1.0344
1.0357
1.0361
1.03718
1.0374
1.03835
1.03838
1.03918
1.03915
1.03975
1.0397
1.04022
1.04016
1.04061
1.04022
1.0405
1.03998
1.03993
1.03855
1.03761
1.03679
1.03678
1.03578
1.03422
1.0329
1.03252
1.03172
1.03007
1.02849
1.02759
1.02634
1.02469
1.02369
1.02283
1.02162
1.02067
1.03438
1.03629
1.03762
1.03932
1.04009
1.0416
1.04211
1.04329
1.04365
1.04462
1.04478
1.04572
1.04575
1.04659
1.04664
1.04736
1.04741
1.04795
1.04775
1.04821
1.04754
1.04705
1.04488
1.04394
1.04313
1.04291
1.04088
1.0388
1.03748
1.03702
1.03576
1.03353
1.03157
1.03008
1.02843
1.02718
1.02622
1.02475
1.02312
1.02187
1.04146
1.04467
1.04575
1.04816
1.04901
1.05089
1.05138
1.05297
1.0533
1.05457
1.0548
1.05581
1.05583
1.05678
1.05667
1.05731
1.05658
1.05613
1.05481
1.05422
1.05256
1.05089
1.04854
1.04849
1.04826
1.04815
1.04578
1.04456
1.04414
1.04431
1.04262
1.04024
1.03785
1.03598
1.03449
1.0335
1.03208
1.02996
1.02811
1.0263
1.05082
1.05435
1.05555
1.05726
1.05808
1.0599
1.0607
1.06246
1.06322
1.0649
1.06569
1.06709
1.06758
1.06857
1.06859
1.06918
1.06856
1.06894
1.06875
1.06898
1.0679
1.06706
1.06638
1.06696
1.06598
1.06357
1.06054
1.05949
1.05812
1.05633
1.05249
1.04928
1.04629
1.0441
1.04231
1.04077
1.03905
1.03721
1.03504
1.03291
1.06875
1.07084
1.07238
1.07443
1.07571
1.07754
1.07861
1.08003
1.08058
1.08164
1.08128
1.08196
1.08114
1.08158
1.08029
1.07958
1.0775
1.07734
1.07582
1.07477
1.07144
1.07016
1.06902
1.06823
1.06504
1.06285
1.0615
1.06193
1.06015
1.0584
1.0552
1.05346
1.05117
1.05
1.04831
1.04698
1.04513
1.04289
1.03954
1.03625
1.08787
1.09149
1.09325
1.09612
1.09696
1.09936
1.10009
1.1023
1.10315
1.10508
1.1059
1.10763
1.10811
1.10915
1.10925
1.11065
1.11192
1.11325
1.11254
1.11287
1.11365
1.11567
1.1144
1.11225
1.10973
1.10889
1.10698
1.10398
1.09936
1.09475
1.08952
1.08499
1.08042
1.07632
1.0714
1.06722
1.06183
1.0569
1.05109
1.04685
1.12141
1.11881
1.11892
1.1192
1.12012
1.12104
1.12176
1.12243
1.12266
1.12331
1.12379
1.12429
1.12416
1.1242
1.12451
1.12454
1.12281
1.12067
1.11863
1.11813
1.11535
1.11193
1.1069
1.10462
1.10057
1.09869
1.09443
1.09239
1.0881
1.08554
1.08223
1.07964
1.07648
1.0733
1.06951
1.06553
1.06099
1.05719
1.05334
1.05099
1.1538
1.16403
1.1705
1.17917
1.18247
1.19011
1.19238
1.19943
1.20065
1.20692
1.20796
1.21415
1.21446
1.2191
1.21817
1.22222
1.22228
1.22684
1.22644
1.2295
1.22748
1.22907
1.226
1.2265
1.2221
1.22042
1.21413
1.21008
1.20173
1.19567
1.18588
1.17811
1.16733
1.1587
1.14808
1.13909
1.1288
1.11907
1.10782
1.09526
1.18422
1.18699
1.19015
1.19413
1.1981
1.20639
1.2124
1.22074
1.22652
1.23384
1.23849
1.24413
1.24706
1.25105
1.25231
1.25512
1.25516
1.2573
1.25602
1.25638
1.25218
1.24956
1.24225
1.23735
1.22796
1.22209
1.21169
1.20572
1.19436
1.18846
1.17636
1.17116
1.15942
1.15511
1.14262
1.13598
1.11923
1.10656
1.08681
1.07561
1.10782
1.14344
1.19187
1.22964
1.27302
1.30824
1.34772
1.37998
1.41527
1.44411
1.47508
1.50014
1.52661
1.54748
1.56867
1.58445
1.59904
1.60867
1.61661
1.62087
1.62413
1.6248
1.6245
1.62171
1.61729
1.61015
1.60036
1.58902
1.57392
1.55871
1.53862
1.52063
1.49659
1.47637
1.44841
1.42405
1.39309
1.36506
1.33475
1.30649
1.00159
1.00315
1.00387
1.00433
1.00447
1.00453
1.00461
1.00465
1.00473
1.00468
1.00467
1.00459
1.00446
1.00415
1.00377
1.00353
1.00315
1.00248
1.00188
1.00099
1.00014
0.999165
0.99815
0.997138
0.996157
0.995262
0.994493
0.993944
0.993632
0.993663
0.994104
0.994695
0.995423
0.996345
0.997343
0.998569
0.999766
1.00021
0.999691
0.997416
1.00236
1.00388
1.00448
1.00482
1.00466
1.00485
1.00494
1.00491
1.00505
1.00503
1.00513
1.00505
1.00482
1.00453
1.00426
1.00374
1.00318
1.00272
1.00187
1.00105
1.0001
0.999143
0.998125
0.997068
0.996072
0.995129
0.994245
0.993622
0.993322
0.993341
0.993658
0.994302
0.995137
0.996156
0.997511
0.998725
1.00049
1.00111
1.00019
0.99768
1.00303
1.00465
1.00483
1.00492
1.0048
1.00505
1.00502
1.00503
1.00526
1.00534
1.00545
1.00534
1.00517
1.00487
1.00447
1.00397
1.00345
1.00267
1.00191
1.00099
1.00003
0.999006
0.997995
0.996924
0.995906
0.994936
0.994047
0.993336
0.992987
0.992917
0.993203
0.993889
0.994847
0.996076
0.997524
0.999211
1.00111
1.0019
1.00079
0.997544
1.00417
1.00539
1.00507
1.00499
1.00509
1.0051
1.00515
1.00519
1.00534
1.00535
1.00538
1.00538
1.00536
1.00529
1.00479
1.00418
1.00351
1.00273
1.00181
1.0009
0.999768
0.998852
0.997778
0.99673
0.995677
0.994667
0.993749
0.993008
0.992584
0.992491
0.992738
0.993495
0.994614
0.995965
0.997676
0.999746
1.0017
1.00274
1.00149
0.997722
1.00513
1.00592
1.00534
1.00537
1.00535
1.00516
1.00534
1.00542
1.00539
1.00526
1.00518
1.00523
1.00521
1.00538
1.00498
1.00449
1.00376
1.00283
1.0017
1.00063
0.999564
0.998523
0.997528
0.996433
0.995367
0.994349
0.993444
0.992581
0.992074
0.992046
0.992173
0.992985
0.994238
0.99574
0.997867
1.00004
1.0022
1.00327
1.00266
0.998888
1.00566
1.00603
1.00542
1.00562
1.00546
1.00527
1.0055
1.0057
1.00569
1.00551
1.00532
1.00516
1.00496
1.00507
1.00507
1.00468
1.00395
1.00288
1.00169
1.00056
0.999272
0.998342
0.997123
0.996024
0.994872
0.993832
0.992895
0.992058
0.991568
0.991454
0.99151
0.992353
0.993714
0.995511
0.997812
1.00034
1.00234
1.00343
1.00391
1.00057
1.00587
1.00584
1.00543
1.00575
1.00554
1.00548
1.00585
1.00595
1.00596
1.00579
1.00571
1.00555
1.00495
1.00466
1.00471
1.00482
1.00432
1.00332
1.00185
1.00059
0.999313
0.99805
0.996901
0.995619
0.994414
0.993322
0.992369
0.991559
0.99095
0.990781
0.990902
0.991769
0.993291
0.995422
0.997766
1.00043
1.00186
1.00316
1.00467
1.00157
1.00592
1.0058
1.00563
1.00597
1.00574
1.00578
1.00616
1.00619
1.00623
1.00638
1.00635
1.00591
1.00544
1.00481
1.00447
1.00454
1.00437
1.00366
1.00236
1.00098
0.999238
0.998089
0.996642
0.995392
0.994058
0.992827
0.991736
0.990901
0.990203
0.990054
0.99036
0.991253
0.992962
0.99524
0.997751
1.00011
1.00135
1.00325
1.00549
1.00247
1.00605
1.00584
1.00581
1.00611
1.00594
1.00613
1.00666
1.00662
1.00662
1.00668
1.00667
1.00664
1.00595
1.00525
1.00474
1.00409
1.00404
1.00373
1.00274
1.00117
0.999488
0.997951
0.996458
0.995044
0.993613
0.992222
0.991043
0.99009
0.989316
0.98922
0.989655
0.990642
0.992457
0.994797
0.997336
0.999731
1.00131
1.00349
1.00618
1.00516
1.00615
1.00598
1.00621
1.00658
1.00656
1.00678
1.00706
1.00728
1.00717
1.00655
1.00655
1.00684
1.00657
1.0062
1.00505
1.00426
1.00367
1.00358
1.00312
1.00167
0.999407
0.997763
0.995937
0.994424
0.992938
0.991443
0.990145
0.989051
0.988319
0.988279
0.988779
0.989869
0.991764
0.994264
0.996766
0.999473
1.00145
1.00331
1.00657
1.00705
1.00639
1.0063
1.00651
1.00689
1.00705
1.00703
1.00697
1.00726
1.00726
1.00658
1.00657
1.00668
1.00647
1.0064
1.00605
1.00455
1.00372
1.00336
1.00325
1.00186
0.999704
0.997554
0.995489
0.993785
0.992142
0.99051
0.989068
0.98786
0.987226
0.987246
0.987828
0.989089
0.991048
0.9937
0.9964
0.999193
1.00117
1.00285
1.00672
1.00871
1.00652
1.00662
1.00669
1.00688
1.00705
1.00701
1.00692
1.00719
1.00732
1.00692
1.00683
1.00683
1.00648
1.00622
1.00638
1.00543
1.00399
1.00339
1.00294
1.00181
0.999797
0.997546
0.995181
0.993155
0.991272
0.989557
0.987979
0.986654
0.986089
0.986093
0.986778
0.988218
0.990428
0.993136
0.995857
0.998682
1.00074
1.00251
1.00647
1.01002
1.00661
1.00711
1.00722
1.00716
1.0074
1.00726
1.0073
1.00743
1.00744
1.00725
1.00735
1.00723
1.00665
1.00607
1.00622
1.00615
1.00481
1.00369
1.00289
1.00169
0.999687
0.997477
0.994922
0.99254
0.990413
0.988502
0.986829
0.985454
0.984867
0.984816
0.985599
0.987314
0.989533
0.992422
0.995324
0.998049
1.00031
1.00211
1.00553
1.0102
1.00689
1.00766
1.00784
1.0077
1.00804
1.00808
1.00826
1.00815
1.00785
1.00715
1.00744
1.00771
1.00703
1.0062
1.00584
1.00601
1.00553
1.00437
1.00293
1.00109
0.999299
0.997152
0.994348
0.991816
0.989527
0.987442
0.985597
0.984144
0.983493
0.983401
0.984339
0.986207
0.988686
0.991402
0.994377
0.997488
1.00002
1.00214
1.00485
1.00973
1.00738
1.00802
1.00822
1.00832
1.00851
1.0087
1.00895
1.00881
1.00843
1.00722
1.00706
1.00757
1.00751
1.00679
1.00615
1.0058
1.00526
1.00406
1.00262
1.0007
0.99894
0.996347
0.993644
0.991024
0.988574
0.986235
0.984298
0.982761
0.981951
0.981869
0.982996
0.984945
0.987499
0.990618
0.993266
0.996511
0.999283
1.00198
1.00443
1.00905
1.00786
1.00827
1.00835
1.00861
1.00881
1.00879
1.00868
1.00844
1.00827
1.00734
1.0071
1.00745
1.00758
1.00715
1.00635
1.00586
1.00481
1.00364
1.00226
1.00005
0.997663
0.995611
0.99274
0.99004
0.987394
0.984984
0.982812
0.981153
0.980291
0.980237
0.98148
0.983586
0.986261
0.989153
0.992339
0.995918
0.998782
1.00175
1.00396
1.00805
1.00822
1.00863
1.00854
1.00867
1.00884
1.00893
1.00878
1.00844
1.00866
1.00791
1.00745
1.00758
1.00745
1.00684
1.0061
1.00555
1.00448
1.00321
1.00171
0.999401
0.997599
0.994628
0.991663
0.988894
0.98614
0.983322
0.981143
0.979438
0.978492
0.978505
0.979858
0.981971
0.98484
0.988253
0.990661
0.99467
0.997814
1.00126
1.00339
1.00733
1.00849
1.009
1.00899
1.00894
1.00886
1.00902
1.009
1.00888
1.00895
1.00833
1.00754
1.00749
1.00751
1.0067
1.00584
1.0053
1.00428
1.00276
1.00102
0.998926
0.996178
0.993445
0.990571
0.987431
0.984298
0.981716
0.979289
0.977442
0.97653
0.97657
0.978019
0.980286
0.983141
0.986519
0.989564
0.99378
0.997096
1.00086
1.00263
1.00611
1.00889
1.0094
1.00939
1.00937
1.00908
1.00917
1.00931
1.00967
1.00984
1.00906
1.00793
1.00734
1.00755
1.00727
1.00637
1.00511
1.00383
1.00241
1.0005
0.998222
0.99576
0.992679
0.988955
0.985726
0.982775
0.979549
0.977108
0.975352
0.974367
0.974468
0.975992
0.9783
0.981446
0.98512
0.987802
0.992354
0.99595
1.00056
1.0028
1.00588
1.00937
1.00973
1.00975
1.00989
1.00966
1.00985
1.00975
1.01031
1.01029
1.00947
1.0084
1.00763
1.00706
1.00676
1.00638
1.00507
1.00394
1.00203
0.999919
0.997121
0.994176
0.990807
0.987621
0.983988
0.980075
0.977141
0.974696
0.972722
0.971838
0.971996
0.973609
0.976025
0.979175
0.983392
0.986316
0.990827
0.994568
0.999427
1.00179
1.00508
1.00981
1.0102
1.01023
1.0101
1.01021
1.01075
1.01049
1.01051
1.01073
1.01055
1.00985
1.00882
1.00786
1.00704
1.00651
1.00551
1.00357
1.00184
0.99896
0.996592
0.993354
0.989814
0.985606
0.981563
0.978303
0.974809
0.971801
0.970035
0.969133
0.969326
0.970979
0.973731
0.976966
0.981108
0.984635
0.989743
0.993474
0.998904
1.00168
1.00455
1.00999
1.01056
1.01061
1.0105
1.01017
1.01066
1.01061
1.01065
1.01092
1.01109
1.0105
1.00963
1.00831
1.00712
1.00615
1.0051
1.00277
1.00074
0.998085
0.994963
0.991225
0.987368
0.983541
0.979639
0.974984
0.971267
0.968726
0.966617
0.965642
0.965996
0.96777
0.970557
0.974268
0.978935
0.982117
0.987373
0.991397
0.997268
1.00078
1.00395
1.01034
1.01088
1.01125
1.0113
1.01103
1.0115
1.01172
1.01209
1.01227
1.01219
1.01164
1.01092
1.00965
1.00824
1.00643
1.00474
1.00246
1.00043
0.997451
0.993857
0.990167
0.986057
0.981387
0.976316
0.972406
0.968833
0.965209
0.963102
0.962268
0.962661
0.964665
0.967597
0.971326
0.9768
0.980456
0.985958
0.989906
0.996206
0.999778
1.00378
1.01045
1.01064
1.0109
1.01142
1.01142
1.01202
1.01244
1.01239
1.01219
1.01192
1.01148
1.01024
1.00909
1.00742
1.00599
1.00355
1.00126
0.998501
0.995064
0.991232
0.987468
0.9826
0.97788
0.97334
0.968424
0.963598
0.960504
0.958386
0.957351
0.957953
0.960063
0.963394
0.967522
0.972778
0.977241
0.983699
0.988019
0.994306
0.998784
1.00245
1.01141
1.01122
1.01143
1.01246
1.01314
1.01387
1.01416
1.0138
1.01311
1.01326
1.01242
1.01117
1.00973
1.00772
1.00584
1.00368
1.00116
0.997934
0.994311
0.990472
0.985966
0.980719
0.9756
0.969964
0.964504
0.960348
0.956658
0.954114
0.953343
0.95402
0.956127
0.960064
0.9643
0.970556
0.974623
0.981781
0.986299
0.993781
0.998745
1.00309
1.01179
1.01172
1.01177
1.01241
1.01273
1.01317
1.01338
1.0134
1.01275
1.01249
1.01151
1.01012
1.00849
1.00638
1.00399
1.00207
0.998794
0.995304
0.991388
0.986822
0.981619
0.976197
0.970443
0.964328
0.958816
0.953724
0.949592
0.94735
0.946325
0.947153
0.949775
0.95334
0.958488
0.96561
0.969832
0.977397
0.982683
0.990185
0.996323
1.00087
1.01351
1.01399
1.014
1.01459
1.01468
1.01485
1.01497
1.01496
1.01425
1.01358
1.01247
1.01126
1.00958
1.00722
1.00496
1.00219
0.998273
0.994502
0.990285
0.985088
0.979333
0.973392
0.966828
0.960323
0.954392
0.948661
0.94472
0.942153
0.941276
0.94231
0.945149
0.949574
0.95463
0.962182
0.967786
0.976314
0.981746
0.99025
0.996737
1.00258
1.01383
1.01449
1.01461
1.01513
1.01457
1.01454
1.01381
1.01327
1.0123
1.01135
1.01032
1.00924
1.00783
1.00527
1.003
0.999491
0.995389
0.991193
0.98617
0.98014
0.973624
0.967151
0.959763
0.952909
0.945588
0.939928
0.935293
0.932302
0.93143
0.932527
0.93544
0.940653
0.94669
0.95415
0.959946
0.969641
0.975673
0.984453
0.992659
0.99873
1.01693
1.01772
1.01758
1.01784
1.0174
1.01739
1.01633
1.01568
1.0147
1.01378
1.01262
1.01112
1.00911
1.0062
1.00337
0.999477
0.995048
0.989604
0.983847
0.976879
0.969753
0.961877
0.954151
0.945683
0.938892
0.932314
0.92774
0.924799
0.923986
0.925624
0.929551
0.935153
0.942005
0.951478
0.957904
0.968547
0.975386
0.984382
0.993492
1.00109
1.01646
1.01673
1.01624
1.01619
1.01561
1.01552
1.01473
1.01433
1.01323
1.01227
1.01069
1.0086
1.00603
1.00267
0.999704
0.995221
0.990027
0.984354
0.977443
0.969963
0.961544
0.953263
0.943627
0.935645
0.926801
0.920187
0.914486
0.91137
0.910467
0.912269
0.916246
0.922363
0.929779
0.940204
0.947964
0.959498
0.965779
0.975584
0.985824
0.99447
1.01997
1.02003
1.01934
1.01922
1.01847
1.01833
1.01763
1.01731
1.01606
1.01496
1.01264
1.01019
1.00708
1.00299
0.999031
0.993066
0.987786
0.979967
0.972765
0.963135
0.954782
0.943792
0.934624
0.924447
0.915974
0.908017
0.903105
0.899898
0.899492
0.901956
0.907628
0.915088
0.923779
0.936084
0.945099
0.958758
0.967133
0.976784
0.987982
0.997787
1.02079
1.02035
1.01962
1.01911
1.01829
1.01786
1.01704
1.01605
1.01438
1.01245
1.00992
1.00736
1.0032
0.999122
0.993847
0.987574
0.979831
0.972187
0.962243
0.952821
0.941123
0.930955
0.917772
0.908159
0.896822
0.889377
0.88264
0.879196
0.879067
0.881889
0.887983
0.896226
0.90676
0.918772
0.928861
0.944933
0.954942
0.964758
0.977886
0.988759
1.02467
1.02477
1.0237
1.02353
1.0219
1.02103
1.01884
1.01744
1.01516
1.01348
1.01063
1.0072
1.00276
0.99772
0.991092
0.9825
0.97562
0.963875
0.954077
0.940971
0.929974
0.914819
0.902824
0.890815
0.879795
0.871001
0.865196
0.862411
0.86328
0.868064
0.875477
0.886528
0.89898
0.913555
0.925795
0.943433
0.957178
0.967466
0.982342
0.994404
1.03101
1.03003
1.0277
1.0264
1.02406
1.02224
1.01897
1.0172
1.01355
1.01073
1.00651
1.00275
0.995727
0.989771
0.980206
0.972259
0.96004
0.948793
0.934953
0.920978
0.9047
0.890566
0.874408
0.861321
0.848256
0.838784
0.83202
0.829267
0.831381
0.836169
0.844861
0.857778
0.871572
0.889839
0.90301
0.92271
0.939295
0.95139
0.967586
0.98128
1.03341
1.03205
1.03011
1.02904
1.02582
1.02337
1.01899
1.01518
1.01032
1.0068
1.00183
0.995906
0.9905
0.981562
0.971954
0.960062
0.948709
0.931586
0.917725
0.898811
0.883248
0.863762
0.847767
0.832651
0.819029
0.809649
0.803647
0.80258
0.804545
0.814571
0.827012
0.844504
0.859489
0.884083
0.898922
0.921021
0.944607
0.957165
0.976733
0.989859
1.04344
1.04194
1.039
1.0369
1.03201
1.02784
1.02108
1.0163
1.00806
1.00366
0.994516
0.988876
0.975956
0.967494
0.951533
0.938324
0.917935
0.901919
0.880127
0.858013
0.837536
0.816771
0.796741
0.778379
0.765024
0.753534
0.748456
0.748785
0.757096
0.766283
0.780676
0.801588
0.819362
0.848365
0.87182
0.888861
0.917701
0.935603
0.959584
0.976688
1.0487
1.04661
1.04241
1.03775
1.03142
1.02464
1.01726
1.00987
1.00183
0.991812
0.982241
0.970033
0.957119
0.940222
0.92356
0.903668
0.882457
0.858884
0.833979
0.809807
0.786852
0.759785
0.73988
0.722423
0.705505
0.701298
0.696852
0.703518
0.713006
0.730718
0.754186
0.784951
0.806284
0.838046
0.875056
0.899149
0.930119
0.953597
0.975642
0.992072
1.08187
1.07138
1.05792
1.04929
1.03755
1.03041
1.01821
1.01073
0.996076
0.985196
0.96562
0.950674
0.92659
0.90679
0.878572
0.854109
0.822232
0.793222
0.75902
0.727721
0.694732
0.665483
0.644545
0.618277
0.610319
0.596914
0.603683
0.609126
0.631803
0.659057
0.678699
0.719627
0.753223
0.783143
0.824421
0.855174
0.893144
0.923552
0.963597
0.991392
1.06764
1.06169
1.05946
1.05525
1.05004
1.03986
1.02578
1.00767
0.984934
0.9599
0.930292
0.899577
0.864233
0.828588
0.78856
0.749762
0.706725
0.667018
0.624035
0.588264
0.54904
0.527732
0.501187
0.494692
0.485441
0.497928
0.518199
0.553996
0.586191
0.633612
0.682076
0.729152
0.786463
0.826361
0.881641
0.917147
0.961482
0.987616
1.0217
1.04581
1.27484
1.24758
1.20482
1.16869
1.11798
1.07685
1.02161
0.977633
0.919666
0.875048
0.815765
0.770061
0.708307
0.660056
0.596985
0.548591
0.48847
0.441376
0.385583
0.341528
0.309475
0.282036
0.296438
0.298946
0.302286
0.364557
0.409749
0.472257
0.54636
0.59598
0.68824
0.726824
0.824055
0.860166
0.952679
0.992536
1.07449
1.11461
1.18553
1.22225
0.999994
1
1
1.00001
1.00001
1.00001
1.00001
1.00001
1.00001
1.00001
1.00001
1.00001
1
1
1
1
1
1
1
1
1
1
1
1
1
1
1
1
1
1
0.999999
0.999999
0.999999
0.999999
1
1
1
1
1
0.999993
0.99998
0.999998
0.999993
0.999993
0.999993
0.999993
0.999993
0.999994
0.999994
0.999995
0.999996
0.999997
0.999998
0.999998
0.999999
0.999999
0.999999
0.999998
0.999998
0.999997
0.999996
0.999995
0.999993
0.999992
0.999991
0.99999
0.999989
0.999989
0.999989
0.999989
0.999989
0.999989
0.999989
0.999989
0.999988
0.99999
0.999991
0.999991
0.999992
0.999976
0.999976
1
0.999984
0.999976
0.999966
0.99996
0.999955
0.99995
0.999947
0.999945
0.999943
0.999942
0.99994
0.999938
0.999937
0.999935
0.999934
0.999931
0.999929
0.999927
0.999925
0.999923
0.999923
0.999922
0.999922
0.999923
0.999925
0.999927
0.99993
0.999934
0.999939
0.999945
0.999951
0.999956
0.999961
0.999966
0.99997
0.999973
0.999979
0.999952
0.999986
1.00002
1.00001
1.00001
1
1
0.999995
0.999991
0.999986
0.999983
0.99998
0.999977
0.999973
0.999968
0.999963
0.999958
0.999953
0.999947
0.999941
0.999936
0.999931
0.999927
0.999923
0.99992
0.999919
0.999919
0.99992
0.999923
0.999927
0.999933
0.999939
0.999947
0.999955
0.999959
0.999963
0.999969
0.999974
0.99998
0.999986
0.999953
1.00002
1.00005
1.00005
1.00005
1.00005
1.00005
1.00005
1.00005
1.00005
1.00005
1.00006
1.00006
1.00006
1.00006
1.00006
1.00006
1.00006
1.00005
1.00005
1.00004
1.00004
1.00003
1.00002
1.00001
1
0.999994
0.999986
0.999979
0.999973
0.999969
0.999966
0.999965
0.999966
0.999972
0.999978
0.999983
0.999989
0.999995
1
0.999962
1.00006
1.00013
1.00013
1.00012
1.00012
1.00013
1.00013
1.00014
1.00015
1.00016
1.00017
1.00018
1.00019
1.00019
1.00019
1.0002
1.0002
1.0002
1.00019
1.00019
1.00017
1.00016
1.00014
1.00012
1.0001
1.00007
1.00005
1.00003
1.00001
0.999998
0.999987
0.999979
0.999977
0.999982
0.999985
0.999999
1.00001
1.00003
1.00004
0.999984
1.00005
1.00013
1.00012
1.00012
1.00012
1.00012
1.00013
1.00014
1.00014
1.00015
1.00016
1.00016
1.00017
1.00017
1.00017
1.00017
1.00016
1.00016
1.00015
1.00014
1.00012
1.0001
1.00008
1.00006
1.00004
1.00002
0.999997
0.99998
0.999967
0.999957
0.999952
0.999952
0.999955
0.999964
0.999968
0.999984
1
1.00002
1.00004
0.999968
0.999994
1.00009
1.00008
1.00008
1.00008
1.00007
1.00006
1.00006
1.00005
1.00004
1.00003
1.00003
1.00001
1
0.99998
0.99997
0.999949
0.99993
0.999911
0.999889
0.999869
0.999849
0.99983
0.999813
0.999799
0.999791
0.999787
0.99979
0.999798
0.99981
0.999825
0.999844
0.999864
0.999885
0.9999
0.999921
0.999938
0.999961
0.999979
0.999897
0.999974
1.00008
1.00007
1.00005
1.00003
1.00002
1
0.999976
0.999946
0.999915
0.999883
0.99985
0.999817
0.999782
0.999745
0.999715
0.999661
0.999633
0.999597
0.999566
0.999537
0.999513
0.999494
0.99948
0.999473
0.999474
0.999482
0.999499
0.999522
0.999552
0.999589
0.999631
0.999673
0.999717
0.999757
0.999808
0.999844
0.99989
0.99993
0.999825
1
1.00013
1.00012
1.00011
1.0001
1.00009
1.00009
1.00008
1.00008
1.00007
1.00007
1.00006
1.00005
1.00004
1.00002
1.00001
0.999969
0.999955
0.999921
0.999885
0.999847
0.999809
0.999772
0.999737
0.999705
0.99968
0.999665
0.999661
0.999662
0.999671
0.999688
0.999714
0.99974
0.999772
0.9998
0.999856
0.99989
0.99993
0.999956
0.999849
1.00012
1.00028
1.0003
1.00033
1.00036
1.0004
1.00044
1.00047
1.0005
1.00052
1.00054
1.00055
1.00055
1.00055
1.00055
1.00055
1.00049
1.00048
1.00045
1.0004
1.00036
1.00032
1.00027
1.00022
1.00018
1.00013
1.00009
1.00006
1.00003
1
0.999993
0.999988
0.999986
0.99999
1
1.00002
1.00002
1.00002
1.00001
0.99985
1.00014
1.00032
1.00034
1.00036
1.00039
1.00042
1.00045
1.00047
1.00049
1.0005
1.0005
1.0005
1.00049
1.00045
1.00046
1.00046
1.00037
1.00034
1.00028
1.00023
1.00017
1.00011
1.00004
0.999983
0.99993
0.999886
0.99985
0.999827
0.999812
0.999808
0.999818
0.999836
0.99986
0.999887
0.999904
0.999948
0.999973
0.999983
0.999974
0.999807
1.00014
1.0003
1.00029
1.00029
1.0003
1.0003
1.00031
1.00031
1.00032
1.00031
1.0003
1.00028
1.00027
1.00022
1.00017
1.00018
1.00009
1.00004
0.999957
0.999885
0.999806
0.999727
0.999648
0.999575
0.999509
0.999454
0.999414
0.999392
0.999386
0.999394
0.999422
0.99946
0.999511
0.999571
0.9996
0.999655
0.999707
0.999764
0.999805
0.999653
1.00019
1.00035
1.00034
1.00034
1.00035
1.00037
1.00038
1.0004
1.00041
1.00041
1.0004
1.00039
1.00036
1.00031
1.00025
1.00025
1.00017
1.0001
1.00001
0.999919
0.999825
0.999732
0.999639
0.99955
0.999471
0.999402
0.999349
0.999315
0.999301
0.999302
0.999324
0.999361
0.999418
0.999495
0.999521
0.999556
0.999609
0.999652
0.999686
0.999519
1.00031
1.00051
1.00052
1.00055
1.00059
1.00062
1.00065
1.00067
1.00068
1.00069
1.00069
1.00067
1.00063
1.00058
1.0005
1.00051
1.00042
1.00033
1.00022
1.00011
0.999995
0.999877
0.999763
0.999653
0.999553
0.999467
0.999398
0.999353
0.99933
0.999323
0.999337
0.999372
0.999428
0.999511
0.999517
0.999545
0.999597
0.999638
0.999667
0.999494
1.00045
1.00066
1.00068
1.0007
1.00073
1.00077
1.0008
1.00082
1.00083
1.00083
1.00083
1.00081
1.00076
1.00069
1.0006
1.0006
1.00051
1.0004
1.00027
1.00014
1.00001
0.999877
0.999746
0.999622
0.999507
0.999409
0.999333
0.999284
0.999258
0.999252
0.999268
0.999306
0.999366
0.999455
0.999464
0.999491
0.999546
0.99959
0.999622
0.999444
1.0005
1.00071
1.00072
1.00075
1.00078
1.00081
1.00084
1.00086
1.00087
1.00088
1.00086
1.00083
1.00078
1.0007
1.00059
1.00058
1.00049
1.00037
1.00023
1.00009
0.999936
0.999784
0.999633
0.999488
0.999357
0.999244
0.999155
0.999094
0.999065
0.999056
0.999075
0.99912
0.999192
0.999293
0.999326
0.999356
0.999415
0.999461
0.999496
0.99931
1.00057
1.00078
1.0008
1.00083
1.00087
1.0009
1.00093
1.00095
1.00097
1.00097
1.00095
1.00092
1.00086
1.00078
1.00065
1.00063
1.00054
1.00041
1.00026
1.00009
0.999914
0.999739
0.999566
0.999401
0.999251
0.999122
0.99902
0.998949
0.998914
0.998905
0.998923
0.998972
0.999046
0.999141
0.99918
0.999224
0.999283
0.99933
0.999364
0.999176
1.0007
1.00092
1.00095
1.00099
1.00102
1.00106
1.00109
1.00111
1.00112
1.00112
1.0011
1.00106
1.00099
1.00091
1.00077
1.00073
1.00063
1.00049
1.00031
1.00012
0.999929
0.999734
0.99954
0.999356
0.999189
0.999045
0.998933
0.998852
0.998813
0.998803
0.998824
0.998878
0.998953
0.99905
0.9991
0.999157
0.99922
0.99927
0.999305
0.999114
1.00082
1.00105
1.00108
1.00111
1.00116
1.00119
1.00122
1.00124
1.00125
1.00125
1.00123
1.00118
1.00111
1.00102
1.00088
1.00081
1.0007
1.00054
1.00034
1.00014
0.999926
0.99971
0.999497
0.999294
0.999109
0.99895
0.998824
0.998736
0.998687
0.998676
0.9987
0.99876
0.998839
0.998935
0.998994
0.999068
0.999134
0.999186
0.999224
0.999031
1.00093
1.00115
1.00119
1.00123
1.00127
1.00132
1.00135
1.00137
1.00137
1.00137
1.00134
1.00129
1.00121
1.00111
1.00098
1.00089
1.00075
1.00058
1.00037
1.00015
0.999916
0.99968
0.999443
0.999217
0.99901
0.998832
0.998692
0.998594
0.99854
0.998526
0.998557
0.998617
0.998708
0.998805
0.998879
0.998965
0.999038
0.999096
0.99913
0.998939
1.00102
1.00126
1.00129
1.00134
1.00139
1.00143
1.00147
1.00149
1.00149
1.00148
1.00145
1.00139
1.00131
1.00121
1.00107
1.00096
1.00082
1.00062
1.00039
1.00015
0.999898
0.999638
0.999381
0.999134
0.998909
0.998714
0.99856
0.998451
0.998389
0.998376
0.99841
0.998475
0.998572
0.998675
0.998763
0.998862
0.998939
0.998997
0.999041
0.998844
1.00114
1.00137
1.00142
1.00148
1.00152
1.00158
1.00161
1.00163
1.00163
1.00162
1.00158
1.00152
1.00143
1.00132
1.00118
1.00106
1.0009
1.00068
1.00043
1.00018
0.999907
0.999624
0.999337
0.999064
0.998812
0.998597
0.998425
0.998307
0.998244
0.998229
0.998265
0.99834
0.998448
0.998562
0.998668
0.998775
0.998862
0.99893
0.99896
0.998772
1.00123
1.00148
1.00152
1.00158
1.00166
1.00169
1.00173
1.00175
1.00175
1.00174
1.0017
1.00164
1.00154
1.00143
1.00128
1.00114
1.00095
1.00073
1.00047
1.00019
0.999881
0.999572
0.999268
0.998975
0.998708
0.998474
0.99829
0.998156
0.998084
0.998069
0.998113
0.998195
0.998312
0.998434
0.998555
0.998679
0.998769
0.998835
0.998887
0.998682
1.00134
1.00157
1.00165
1.00172
1.00177
1.00184
1.00187
1.00189
1.00189
1.00188
1.00183
1.00176
1.00166
1.00155
1.0014
1.00125
1.00105
1.0008
1.00051
1.00022
0.999907
0.999574
0.999233
0.998903
0.998599
0.998339
0.998132
0.997993
0.997921
0.99791
0.997954
0.998052
0.998182
0.998325
0.998464
0.998594
0.9987
0.998774
0.998798
0.998612
1.00142
1.0017
1.00175
1.00182
1.00192
1.00196
1.00201
1.00203
1.00203
1.00201
1.00196
1.00189
1.00179
1.00166
1.00149
1.00133
1.00111
1.00085
1.00056
1.00022
0.999862
0.9995
0.999143
0.998803
0.99849
0.998213
0.997996
0.997835
0.997745
0.997738
0.997793
0.9979
0.998043
0.998197
0.998351
0.998502
0.998611
0.998691
0.998745
0.998528
1.00152
1.00177
1.00186
1.00197
1.00202
1.0021
1.00214
1.00216
1.00216
1.00214
1.00209
1.00201
1.00191
1.00178
1.00162
1.00144
1.00121
1.00093
1.00061
1.00027
0.999918
0.999529
0.99913
0.998731
0.998365
0.998054
0.997805
0.997646
0.997566
0.997559
0.997621
0.997743
0.997906
0.998082
0.998263
0.998423
0.998549
0.998624
0.998651
0.998456
1.00159
1.0019
1.00199
1.00207
1.00218
1.00226
1.00231
1.00233
1.00232
1.0023
1.00224
1.00216
1.00205
1.0019
1.00172
1.00153
1.00128
1.00099
1.00066
1.00027
0.999851
0.999427
0.999007
0.998617
0.998253
0.99793
0.997671
0.997483
0.997375
0.997373
0.997453
0.997595
0.997769
0.997969
0.998158
0.998339
0.998476
0.998571
0.99861
0.99838
1.00168
1.00196
1.00206
1.00221
1.00231
1.00237
1.00242
1.00244
1.00244
1.00242
1.00236
1.00227
1.00216
1.00203
1.00186
1.00166
1.0014
1.00108
1.00072
1.00034
0.999931
0.999482
0.999021
0.998546
0.99811
0.997737
0.997446
0.99726
0.997177
0.997177
0.997263
0.997412
0.997614
0.997838
0.998066
0.99827
0.998417
0.998494
0.998534
0.998314
1.00174
1.00209
1.00221
1.00235
1.00244
1.00255
1.00261
1.00264
1.00262
1.00259
1.00253
1.00244
1.00232
1.00216
1.00197
1.00175
1.00148
1.00115
1.00077
1.00033
0.999857
0.999364
0.99887
0.998419
0.997993
0.997613
0.997302
0.997078
0.996967
0.996971
0.997078
0.997262
0.997489
0.997741
0.997984
0.998193
0.998367
0.998462
0.998493
0.99823
1.00181
1.00214
1.00228
1.00244
1.00259
1.00267
1.00272
1.00275
1.00274
1.00272
1.00265
1.00255
1.00243
1.00229
1.00212
1.00189
1.0016
1.00125
1.00086
1.00043
0.999944
0.999432
0.998899
0.998343
0.997832
0.997395
0.997057
0.996844
0.996735
0.996757
0.996884
0.997073
0.997321
0.997593
0.997877
0.998125
0.998323
0.998398
0.998441
0.99817
1.00185
1.00226
1.00241
1.00263
1.00273
1.00283
1.00291
1.00294
1.00292
1.00289
1.00282
1.00273
1.0026
1.00243
1.00225
1.00201
1.00171
1.00134
1.00089
1.00041
0.999877
0.999309
0.998738
0.998207
0.997697
0.997244
0.99687
0.996599
0.996514
0.996518
0.996655
0.9969
0.997185
0.997497
0.997813
0.998085
0.998286
0.998369
0.998394
0.998073
1.00189
1.00231
1.00252
1.00274
1.00289
1.003
1.00306
1.00309
1.00307
1.00304
1.00294
1.00285
1.00272
1.00257
1.00237
1.00213
1.00181
1.00145
1.00103
1.00054
0.999969
0.999383
0.998758
0.998117
0.997533
0.997024
0.996629
0.996385
0.996221
0.996288
0.996476
0.996725
0.997029
0.997367
0.997712
0.997998
0.998264
0.998334
0.998383
0.998017
1.00188
1.00238
1.00259
1.00284
1.00303
1.00314
1.00322
1.00325
1.00324
1.00319
1.00311
1.00302
1.00289
1.00274
1.00255
1.0023
1.00196
1.00155
1.00106
1.0005
0.9999
0.999256
0.998609
0.997976
0.997354
0.996811
0.996376
0.996058
0.995993
0.996009
0.99621
0.996503
0.996841
0.99723
0.997638
0.998002
0.998257
0.998302
0.998327
0.997896
1.00189
1.00251
1.00277
1.00305
1.00321
1.00334
1.00341
1.00344
1.00341
1.00335
1.00326
1.00315
1.00302
1.00285
1.00265
1.00238
1.00206
1.00168
1.00121
1.00065
1.00002
0.999338
0.998607
0.997883
0.997218
0.996624
0.996145
0.995839
0.995655
0.995746
0.995998
0.996328
0.996722
0.997149
0.997596
0.997915
0.998267
0.998301
0.998338
0.997842
1.00183
1.00249
1.00282
1.00316
1.00333
1.00348
1.00356
1.00361
1.0036
1.00355
1.00344
1.00332
1.0032
1.00305
1.00285
1.00259
1.00223
1.00178
1.00124
1.00061
0.999927
0.999208
0.998461
0.997699
0.996968
0.996326
0.995826
0.995485
0.995357
0.995438
0.995758
0.996103
0.996494
0.996967
0.997477
0.997957
0.998305
0.998317
0.998314
0.997688
1.00182
1.00265
1.00301
1.00338
1.00356
1.00371
1.00378
1.00382
1.0038
1.00371
1.0036
1.00347
1.00337
1.00321
1.00297
1.00269
1.00237
1.00194
1.0014
1.00077
1.00008
0.999299
0.998473
0.997646
0.996865
0.996163
0.995586
0.995201
0.995039
0.995112
0.995463
0.995874
0.996347
0.996893
0.997497
0.997912
0.998404
0.998387
0.998381
0.997641
1.00169
1.00263
1.00306
1.00349
1.00369
1.00385
1.00393
1.00397
1.00397
1.00391
1.00382
1.00367
1.00355
1.00336
1.00316
1.00288
1.0025
1.00204
1.00145
1.00074
0.999978
0.999143
0.998282
0.997407
0.996589
0.995843
0.995238
0.99486
0.99466
0.994787
0.99521
0.99564
0.996136
0.996739
0.997372
0.998001
0.99852
0.998525
0.998413
0.997429
1.00159
1.00279
1.00338
1.00384
1.004
1.00415
1.00422
1.00427
1.00429
1.00418
1.00407
1.00392
1.00383
1.00361
1.00333
1.00306
1.00274
1.00221
1.00164
1.00089
1.00013
0.999247
0.998316
0.997372
0.996471
0.995661
0.994987
0.994542
0.994314
0.994418
0.994891
0.995362
0.995907
0.996594
0.99739
0.998082
0.998803
0.998879
0.998739
0.997394
1.00077
1.00251
1.00328
1.00383
1.00407
1.00427
1.00433
1.00436
1.00442
1.00436
1.00431
1.00417
1.00403
1.0038
1.00358
1.00321
1.00282
1.00232
1.00164
1.00087
1.00002
0.999086
0.998122
0.997149
0.996244
0.995397
0.994662
0.994191
0.993962
0.994004
0.994493
0.99503
0.995675
0.996483
0.997375
0.998204
0.99921
0.999314
0.998841
0.99667
1.00547
1.00035
1.00526
1.00316
1.00458
1.00417
1.00515
1.00524
1.00537
1.00555
1.00556
1.00536
1.00491
1.00433
1.00396
1.00413
1.00417
1.00351
1.00296
1.00259
1.002
1.00094
0.999737
0.998416
0.997146
0.995822
0.994558
0.993423
0.992472
0.991968
0.991941
0.992481
0.992204
0.994104
0.992783
0.99772
0.99453
1.00286
0.990208
0.992735
1.00061
1.00198
1.00642
1.00272
1.00454
1.00308
1.00462
1.00421
1.00453
1.00451
1.0047
1.00469
1.00444
1.00399
1.0037
1.00363
1.00342
1.00295
1.00259
1.00225
1.00156
1.00078
0.999838
0.998717
0.997603
0.996473
0.995642
0.994697
0.993905
0.993306
0.993261
0.993828
0.993499
0.995699
0.993543
0.998838
0.993002
1.00347
0.989322
0.991387
0.994214
1.0052
1.00606
1.00341
1.00401
1.00342
1.00475
1.00467
1.0051
1.00509
1.00519
1.00509
1.00474
1.00432
1.00398
1.00372
1.0034
1.00287
1.00237
1.00187
1.00128
1.00068
0.999898
0.998986
0.997977
0.996871
0.996369
0.995705
0.995002
0.994258
0.994022
0.994512
0.994536
0.996376
0.995534
0.999042
0.995849
1.00111
0.995699
0.981463
0.993775
1.00719
1.0045
1.00397
1.00357
1.00391
1.00459
1.00472
1.00504
1.00506
1.00512
1.00504
1.0048
1.00446
1.00412
1.00379
1.00326
1.00272
1.0022
1.00167
1.00107
1.00048
0.99979
0.99902
0.998179
0.99722
0.996939
0.996502
0.995915
0.995209
0.994923
0.995154
0.995396
0.996211
0.996851
0.997999
0.999124
0.997581
1.00407
0.971658
0.995635
1.00737
1.00379
1.0043
1.0032
1.00384
1.00401
1.00432
1.00442
1.00442
1.00438
1.00424
1.00402
1.00371
1.00339
1.00298
1.0026
1.00234
1.00197
1.00144
1.00088
1.00035
0.999751
0.999106
0.998437
0.997667
0.997394
0.996984
0.996513
0.995992
0.995772
0.995738
0.996109
0.996066
0.997475
0.996324
0.999792
0.994451
1.00607
0.972761
0.997859
1.00668
1.00322
1.00413
1.00294
1.00366
1.00336
1.00369
1.00355
1.00357
1.00348
1.00337
1.00322
1.00297
1.0027
1.00241
1.00219
1.00204
1.00169
1.00121
1.00072
1.00024
0.999723
0.999171
0.998618
0.997997
0.997677
0.99726
0.996877
0.996507
0.996362
0.996171
0.996634
0.996124
0.997694
0.995769
0.999664
0.993523
1.00506
0.980305
0.999325
1.0051
1.00261
1.00392
1.00281
1.00355
1.00316
1.00352
1.00334
1.00338
1.00327
1.00316
1.00302
1.00277
1.0025
1.00224
1.002
1.0018
1.00145
1.00101
1.00057
1.00013
0.999671
0.999188
0.998716
0.998209
0.997884
0.997509
0.997189
0.996893
0.996775
0.996501
0.996966
0.996212
0.997734
0.995541
0.999079
0.993257
1.00144
0.986471
1.0007
1.00406
1.00239
1.00367
1.00269
1.00338
1.00298
1.00329
1.00313
1.00315
1.00305
1.00294
1.00279
1.00256
1.0023
1.00205
1.00181
1.00157
1.00123
1.00085
1.00046
1.00006
0.999649
0.999226
0.998817
0.998396
0.998085
0.997756
0.997476
0.997222
0.997097
0.996795
0.997174
0.996358
0.997675
0.995572
0.998463
0.993787
0.999137
0.990582
1.00152
1.00336
1.00234
1.00333
1.00258
1.00312
1.00277
1.00299
1.00285
1.00284
1.00274
1.00262
1.00248
1.00228
1.00206
1.00183
1.00161
1.00136
1.00106
1.00073
1.00038
1.00003
0.999659
0.999287
0.998928
0.998569
0.998273
0.997977
0.997721
0.997491
0.997351
0.99707
0.99732
0.99659
0.997586
0.995853
0.997947
0.994634
0.997824
0.993209
1.00185
1.00291
1.0023
1.00299
1.00247
1.00286
1.0026
1.00273
1.00262
1.00258
1.00248
1.00237
1.00223
1.00205
1.00185
1.00165
1.00143
1.0012
1.00093
1.00063
1.00032
1
0.999674
0.999345
0.999026
0.998711
0.998433
0.998166
0.997928
0.997714
0.997558
0.99732
0.997439
0.996861
0.997528
0.996236
0.997618
0.995426
0.997255
0.994755
1.00196
1.00261
1.00225
1.0027
1.00237
1.00262
1.00245
1.0025
1.00242
1.00237
1.00228
1.00216
1.00203
1.00187
1.00169
1.00149
1.00128
1.00106
1.00081
1.00054
1.00027
0.99998
0.999687
0.999394
0.999107
0.998827
0.99857
0.998325
0.998107
0.997905
0.997743
0.997544
0.997554
0.997132
0.997521
0.996621
0.997472
0.996067
0.997112
0.995662
1.00196
1.0024
1.00219
1.00247
1.00226
1.0024
1.00229
1.0023
1.00224
1.00217
1.00208
1.00198
1.00185
1.0017
1.00153
1.00135
1.00115
1.00094
1.00072
1.00047
1.00022
0.999964
0.9997
0.999436
0.999177
0.998926
0.998691
0.998466
0.998263
0.998074
0.997912
0.997741
0.997677
0.997383
0.997561
0.996968
0.997446
0.996574
0.997133
0.996264
1.00191
1.00223
1.00211
1.00226
1.00215
1.00221
1.00214
1.00213
1.00207
1.002
1.00191
1.00181
1.00169
1.00155
1.00139
1.00122
1.00104
1.00084
1.00063
1.00041
1.00018
0.999952
0.999713
0.999475
0.99924
0.999012
0.998796
0.998592
0.9984
0.998226
0.998067
0.997913
0.99781
0.997605
0.997644
0.997269
0.997497
0.996974
0.997252
0.996709
1.00182
1.00208
1.00202
1.00209
1.00203
1.00205
1.002
1.00197
1.00191
1.00184
1.00176
1.00166
1.00154
1.00141
1.00127
1.00111
1.00094
1.00076
1.00057
1.00036
1.00015
0.999942
0.999726
0.999509
0.999297
0.999089
0.998891
0.998702
0.998526
0.998362
0.99821
0.998068
0.99795
0.997798
0.997758
0.997525
0.9976
0.997294
0.997419
0.997037
1.00172
1.00195
1.00192
1.00195
1.00191
1.0019
1.00186
1.00182
1.00176
1.0017
1.00161
1.00152
1.00141
1.00129
1.00115
1.00101
1.00085
1.00068
1.0005
1.00032
1.00013
0.999936
0.999738
0.999542
0.999346
0.999157
0.998975
0.998802
0.998639
0.998485
0.998342
0.998209
0.998092
0.997968
0.997892
0.997741
0.997734
0.997557
0.997593
0.9973
1.00161
1.00183
1.00181
1.00182
1.00179
1.00177
1.00173
1.00169
1.00163
1.00157
1.00149
1.0014
1.00129
1.00118
1.00105
1.00092
1.00077
1.00062
1.00045
1.00028
1.00011
0.99993
0.99975
0.99957
0.999393
0.999219
0.999052
0.998892
0.998741
0.998598
0.998464
0.998341
0.998229
0.99812
0.998034
0.997926
0.997883
0.997778
0.997773
0.99752
1.00151
1.00172
1.00171
1.0017
1.00168
1.00165
1.00161
1.00157
1.00151
1.00145
1.00137
1.00129
1.00119
1.00108
1.00096
1.00084
1.0007
1.00056
1.00041
1.00025
1.00009
0.999927
0.999762
0.999597
0.999435
0.999276
0.999122
0.998973
0.998833
0.998702
0.998577
0.998463
0.998357
0.998259
0.998174
0.998089
0.998035
0.997966
0.997944
0.997711
1.0014
1.00161
1.0016
1.00159
1.00157
1.00154
1.0015
1.00146
1.0014
1.00134
1.00127
1.00118
1.00109
1.00099
1.00088
1.00076
1.00064
1.0005
1.00036
1.00022
1.00007
0.999924
0.999773
0.999622
0.999472
0.999326
0.999184
0.999048
0.998918
0.998796
0.998682
0.998576
0.998477
0.998387
0.998308
0.998236
0.998181
0.998128
0.9981
0.997883
1.0013
1.00151
1.0015
1.00149
1.00146
1.00144
1.0014
1.00135
1.0013
1.00124
1.00117
1.00109
1.00101
1.00091
1.00081
1.0007
1.00058
1.00046
1.00033
1.0002
1.00006
0.999922
0.999783
0.999645
0.999507
0.999373
0.999243
0.999117
0.998997
0.998884
0.998778
0.99868
0.998588
0.998506
0.998434
0.99837
0.998318
0.998274
0.998249
0.998024
1.00121
1.00142
1.00141
1.00139
1.00137
1.00134
1.0013
1.00126
1.00121
1.00115
1.00108
1.00101
1.00093
1.00084
1.00074
1.00064
1.00053
1.00042
1.0003
1.00017
1.00005
0.999922
0.999794
0.999666
0.99954
0.999416
0.999296
0.99918
0.99907
0.998965
0.998867
0.998775
0.998691
0.998616
0.998549
0.998493
0.998446
0.99841
0.998387
0.998162
1.00112
1.00133
1.00132
1.0013
1.00128
1.00125
1.00121
1.00117
1.00112
1.00107
1.001
1.00093
1.00086
1.00077
1.00068
1.00059
1.00049
1.00038
1.00027
1.00016
1.00004
0.999923
0.999804
0.999687
0.99957
0.999456
0.999345
0.999238
0.999136
0.999039
0.998948
0.998864
0.998787
0.998718
0.998657
0.998605
0.998562
0.998531
0.998509
0.998301
1.00104
1.00125
1.00123
1.00122
1.0012
1.00117
1.00113
1.00109
1.00105
1.00099
1.00093
1.00087
1.00079
1.00071
1.00063
1.00054
1.00044
1.00035
1.00024
1.00014
1.00003
0.999923
0.999814
0.999706
0.999598
0.999493
0.99939
0.999292
0.999197
0.999107
0.999023
0.998946
0.998875
0.998811
0.998755
0.998707
0.998668
0.998636
0.998615
0.998412
1.00096
1.00117
1.00116
1.00114
1.00112
1.00109
1.00106
1.00102
1.00097
1.00092
1.00087
1.0008
1.00073
1.00066
1.00058
1.0005
1.00041
1.00032
1.00022
1.00012
1.00002
0.999925
0.999824
0.999723
0.999624
0.999527
0.999432
0.999341
0.999252
0.99917
0.999092
0.999021
0.998955
0.998896
0.998845
0.998801
0.998765
0.998736
0.998717
0.998513
1.00089
1.00109
1.00108
1.00107
1.00105
1.00102
1.00099
1.00095
1.00091
1.00086
1.0008
1.00075
1.00068
1.00061
1.00054
1.00046
1.00038
1.00029
1.0002
1.00011
1.00002
0.999927
0.999833
0.99974
0.999648
0.999558
0.999469
0.999385
0.999304
0.999228
0.999156
0.99909
0.999029
0.998975
0.998928
0.998888
0.998857
0.998834
0.99882
0.998612
1.00082
1.00103
1.00102
1.001
1.00098
1.00095
1.00092
1.00089
1.00085
1.0008
1.00075
1.00069
1.00063
1.00057
1.0005
1.00042
1.00035
1.00027
1.00018
1.0001
1.00001
0.999927
0.999841
0.999754
0.999669
0.999586
0.999505
0.999426
0.999351
0.999281
0.999214
0.999153
0.999097
0.999047
0.999004
0.998967
0.998938
0.998918
0.998904
0.998706
1.00075
1.00096
1.00095
1.00094
1.00092
1.00089
1.00086
1.00083
1.00079
1.00075
1.0007
1.00065
1.00059
1.00053
1.00046
1.00039
1.00032
1.00025
1.00017
1.00009
1.00001
0.99993
0.999849
0.999769
0.99969
0.999612
0.999537
0.999464
0.999395
0.999329
0.999268
0.999211
0.999159
0.999113
0.999072
0.999038
0.999008
0.998988
0.998972
0.998803
1.0007
1.0009
1.00089
1.00088
1.00086
1.00084
1.00081
1.00078
1.00074
1.0007
1.00065
1.0006
1.00055
1.00049
1.00043
1.00036
1.0003
1.00023
1.00015
1.00008
1.00001
0.999932
0.999857
0.999782
0.999709
0.999637
0.999567
0.999499
0.999435
0.999374
0.999317
0.999264
0.999216
0.999173
0.999135
0.999102
0.999073
0.999049
0.999034
0.998888
1.00064
1.00085
1.00084
1.00083
1.00081
1.00079
1.00076
1.00073
1.00069
1.00065
1.00061
1.00056
1.00051
1.00046
1.0004
1.00034
1.00028
1.00021
1.00014
1.00007
1
0.999934
0.999864
0.999795
0.999726
0.999659
0.999594
0.999531
0.999471
0.999415
0.999362
0.999313
0.999268
0.999228
0.999192
0.999162
0.999135
0.999112
0.999099
0.998952
1.00059
1.0008
1.00079
1.00078
1.00076
1.00074
1.00071
1.00068
1.00065
1.00061
1.00057
1.00053
1.00048
1.00043
1.00037
1.00032
1.00026
1.00019
1.00013
1.00007
1
0.999936
0.999871
0.999806
0.999742
0.999679
0.999619
0.99956
0.999504
0.999452
0.999402
0.999357
0.999315
0.999278
0.999246
0.999218
0.999195
0.999175
0.999164
0.999002
1.00055
1.00076
1.00075
1.00074
1.00072
1.0007
1.00067
1.00064
1.00061
1.00058
1.00054
1.00049
1.00045
1.0004
1.00035
1.00029
1.00024
1.00018
1.00012
1.00006
1
0.999938
0.999877
0.999816
0.999757
0.999698
0.999641
0.999587
0.999535
0.999486
0.99944
0.999398
0.999359
0.999325
0.999294
0.999269
0.999249
0.999233
0.999223
0.999041
1.00051
1.00071
1.00071
1.00069
1.00068
1.00066
1.00063
1.00061
1.00058
1.00054
1.00051
1.00046
1.00042
1.00037
1.00033
1.00028
1.00022
1.00017
1.00011
1.00005
0.999997
0.99994
0.999882
0.999825
0.999769
0.999714
0.999661
0.99961
0.999561
0.999516
0.999473
0.999433
0.999398
0.999366
0.999339
0.999316
0.999298
0.999285
0.999276
0.999077
1.00047
1.00068
1.00067
1.00066
1.00064
1.00062
1.0006
1.00058
1.00055
1.00051
1.00048
1.00044
1.0004
1.00035
1.00031
1.00026
1.00021
1.00016
1.00011
1.00005
0.999997
0.999943
0.999889
0.999835
0.999783
0.999731
0.999681
0.999634
0.999588
0.999545
0.999505
0.999468
0.999435
0.999405
0.999379
0.999357
0.99934
0.999328
0.999319
0.999111
1.00044
1.00064
1.00064
1.00062
1.00061
1.00059
1.00057
1.00054
1.00052
1.00048
1.00045
1.00041
1.00037
1.00033
1.00029
1.00024
1.00019
1.00015
1.0001
1.00004
0.999993
0.999942
0.999891
0.99984
0.999791
0.999742
0.999695
0.99965
0.999607
0.999567
0.999529
0.999495
0.999464
0.999437
0.999415
0.999396
0.99938
0.999369
0.999362
0.999149
1.0004
1.00062
1.00061
1.0006
1.00058
1.00057
1.00055
1.00052
1.00049
1.00046
1.00043
1.0004
1.00036
1.00032
1.00028
1.00023
1.00019
1.00014
1.00009
1.00005
0.999998
0.999949
0.999901
0.999853
0.999806
0.99976
0.999716
0.999673
0.999633
0.999595
0.99956
0.999528
0.999498
0.999472
0.999447
0.999428
0.999413
0.999402
0.999395
0.99918
1.00038
1.00059
1.00058
1.00057
1.00055
1.00053
1.00051
1.00049
1.00046
1.00044
1.0004
1.00037
1.00033
1.0003
1.00026
1.00021
1.00017
1.00013
1.00008
1.00003
0.999988
0.999942
0.999896
0.99985
0.999806
0.999762
0.99972
0.999679
0.999641
0.999605
0.999572
0.999541
0.999515
0.999492
0.999473
0.999457
0.999443
0.999433
0.999426
0.99921
1.00036
1.00057
1.00056
1.00055
1.00054
1.00052
1.0005
1.00048
1.00045
1.00043
1.0004
1.00036
1.00033
1.00029
1.00025
1.00022
1.00017
1.00013
1.00009
1.00004
1
0.999956
0.999912
0.999868
0.999825
0.999784
0.999744
0.999705
0.999668
0.999634
0.999603
0.999573
0.999546
0.999522
0.999502
0.999486
0.999473
0.999463
0.999456
0.99924
1.00033
1.00054
1.00053
1.00052
1.00051
1.00049
1.00047
1.00045
1.00042
1.0004
1.00037
1.00033
1.0003
1.00026
1.00023
1.00019
1.00015
1.00011
1.00007
1.00002
0.999982
0.999939
0.999897
0.999856
0.999815
0.999776
0.999738
0.999702
0.999667
0.999635
0.999605
0.999579
0.999555
0.999534
0.999515
0.999499
0.999487
0.999478
0.999472
0.999256
1.00032
1.00053
1.00052
1.00051
1.00049
1.00048
1.00046
1.00044
1.00042
1.00039
1.00036
1.00033
1.0003
1.00027
1.00023
1.0002
1.00016
1.00012
1.00008
1.00004
0.999997
0.999956
0.999915
0.999874
0.999834
0.999795
0.999758
0.999721
0.999687
0.999655
0.999625
0.999597
0.999575
0.999555
0.999538
0.999524
0.999515
0.999507
0.9995
0.999283
1.00031
1.00052
1.00051
1.0005
1.00048
1.00046
1.00044
1.00042
1.0004
1.00037
1.00034
1.00031
1.00028
1.00025
1.00021
1.00018
1.00014
1.0001
1.00006
1.00002
0.999984
0.999945
0.999905
0.999866
0.999828
0.999792
0.999756
0.999722
0.99969
0.999661
0.999633
0.99961
0.999588
0.999572
0.999561
0.99955
0.999537
0.999529
0.999524
0.999309
1.00031
1.00051
1.00049
1.00048
1.00046
1.00045
1.00043
1.00041
1.00039
1.00036
1.00034
1.00031
1.00028
1.00024
1.00021
1.00018
1.00014
1.0001
1.00006
1.00003
0.999988
0.99995
0.999912
0.999874
0.999837
0.999802
0.999767
0.999733
0.999702
0.999672
0.999645
0.999621
0.999598
0.999583
0.999575
0.999567
0.999558
0.999549
0.999543
0.999327
)
;

boundaryField
{
    FrontBack
    {
        type            empty;
    }
    Cylinder
    {
        type            calculated;
        value           uniform 0;
    }
    Bottom
    {
        type            calculated;
        value           uniform 0;
    }
    Top
    {
        type            calculated;
        value           uniform 0;
    }
    Inlet
    {
        type            calculated;
        value           uniform 1;
    }
    Outlet
    {
        type            calculated;
        value           nonuniform List<scalar> 
40
(
1.00031
1.00051
1.00049
1.00048
1.00046
1.00045
1.00043
1.00041
1.00039
1.00036
1.00034
1.00031
1.00028
1.00024
1.00021
1.00018
1.00014
1.0001
1.00006
1.00003
0.999988
0.99995
0.999912
0.999874
0.999837
0.999802
0.999767
0.999733
0.999702
0.999672
0.999645
0.999621
0.999598
0.999583
0.999575
0.999567
0.999558
0.999549
0.999543
0.999327
)
;
    }
}


// ************************************************************************* //
