/*--------------------------------*- C++ -*----------------------------------*\
  =========                 |
  \\      /  F ield         | OpenFOAM: The Open Source CFD Toolbox
   \\    /   O peration     | Website:  https://openfoam.org
    \\  /    A nd           | Version:  11
     \\/     M anipulation  |
\*---------------------------------------------------------------------------*/
FoamFile
{
    format      ascii;
    class       volScalarField;
    location    "7";
    object      mag(U);
}
// * * * * * * * * * * * * * * * * * * * * * * * * * * * * * * * * * * * * * //

dimensions      [0 1 -1 0 0 0 0];

internalField   nonuniform List<scalar> 
9600
(
0.966392
0.963548
0.960854
0.956228
0.949322
0.944511
0.94236
0.937899
0.930567
0.926799
0.926054
0.926951
0.929367
0.93261
0.937247
0.943972
0.955445
0.975089
0.988592
0.992005
0.989514
0.977473
0.953793
0.93008
0.908733
0.889022
0.869959
0.854647
0.845551
0.844258
0.854178
0.882638
0.923951
0.989086
1.08764
1.21315
1.30241
1.31806
1.30306
1.19278
0.969488
0.968279
0.965783
0.963447
0.960681
0.957443
0.954814
0.953872
0.952299
0.951671
0.952018
0.953338
0.956438
0.963385
0.970432
0.977469
0.991897
1.01105
1.02919
1.04494
1.05141
1.05111
1.04769
1.0384
1.01604
0.990048
0.964593
0.94177
0.924431
0.915003
0.913199
0.916706
0.935346
0.984846
1.06806
1.17826
1.30348
1.3849
1.39683
1.3381
0.968076
0.967074
0.964588
0.962269
0.960322
0.957286
0.954505
0.953396
0.952274
0.951765
0.952332
0.953917
0.956991
0.963838
0.972685
0.980985
0.992662
1.00813
1.02692
1.04772
1.06221
1.06605
1.06432
1.05644
1.03367
1.00584
0.979333
0.953796
0.931666
0.918121
0.915046
0.918949
0.937534
0.978144
1.03887
1.1245
1.24576
1.35077
1.38389
1.35441
0.967818
0.966686
0.963875
0.961616
0.959577
0.956369
0.953936
0.953015
0.951816
0.951117
0.951785
0.953727
0.957647
0.964399
0.973461
0.982099
0.99434
1.00942
1.02553
1.04527
1.06439
1.07437
1.07512
1.07022
1.05517
1.03215
1.00858
0.983461
0.960134
0.937291
0.924316
0.920641
0.93207
0.95837
1.02654
1.10235
1.20338
1.32455
1.4095
1.38414
0.966914
0.965719
0.96292
0.960636
0.958628
0.955831
0.954134
0.952984
0.951791
0.951444
0.952263
0.954297
0.958572
0.96457
0.972255
0.985021
0.997288
1.0111
1.02512
1.04144
1.06166
1.0785
1.08529
1.08363
1.07489
1.05383
1.02709
0.997408
0.970141
0.943678
0.928806
0.922428
0.929427
0.946812
1.00382
1.06337
1.1552
1.25754
1.4017
1.39226
0.966281
0.965003
0.962265
0.959644
0.957957
0.955719
0.953712
0.952521
0.951609
0.950886
0.951641
0.954138
0.958953
0.96501
0.972543
0.985622
0.998088
1.0113
1.02641
1.04262
1.06134
1.0787
1.08916
1.0897
1.08271
1.06493
1.04306
1.0144
0.989953
0.95975
0.938295
0.921729
0.926541
0.931615
0.977252
1.03281
1.13103
1.21163
1.37804
1.40098
0.965226
0.963951
0.96107
0.95866
0.957149
0.954961
0.953143
0.952063
0.951193
0.95101
0.952011
0.955002
0.958953
0.965444
0.973636
0.986402
0.998706
1.01267
1.02883
1.04418
1.0607
1.07755
1.09087
1.0941
1.09058
1.07622
1.05717
1.02629
1.00182
0.969074
0.947178
0.924263
0.92471
0.923716
0.957433
0.99475
1.09284
1.16393
1.33121
1.39621
0.964501
0.963193
0.96031
0.95799
0.956434
0.954389
0.952774
0.951785
0.951014
0.950934
0.951887
0.954671
0.959307
0.96605
0.974279
0.986239
0.999332
1.01379
1.03018
1.04503
1.06131
1.07704
1.09237
1.09745
1.09585
1.08251
1.06751
1.03627
1.01386
0.97908
0.957902
0.927687
0.923286
0.913946
0.937122
0.957998
1.04404
1.11215
1.2732
1.37717
0.963341
0.962002
0.959154
0.957011
0.955461
0.953661
0.952038
0.951379
0.95061
0.950771
0.951991
0.954956
0.959613
0.96672
0.975077
0.986962
1.00038
1.01464
1.03188
1.04733
1.06376
1.07667
1.09255
1.09926
1.10083
1.08881
1.07607
1.04622
1.0241
0.987234
0.966069
0.931224
0.922919
0.906695
0.923125
0.929262
0.99271
1.06189
1.20419
1.34527
0.96251
0.961148
0.958443
0.956238
0.954717
0.953034
0.951425
0.951053
0.950357
0.950655
0.951928
0.955311
0.95959
0.967175
0.975898
0.987143
1.0009
1.01577
1.03313
1.0489
1.06506
1.07712
1.09204
1.10051
1.10569
1.09555
1.08458
1.05617
1.03398
0.994678
0.973657
0.937241
0.925766
0.899482
0.905587
0.900183
0.937313
1.01438
1.11909
1.29834
0.961266
0.959879
0.957335
0.955314
0.953495
0.95218
0.950833
0.95029
0.950056
0.950747
0.951668
0.955575
0.960366
0.96754
0.976486
0.987213
1.00259
1.01741
1.0343
1.04895
1.06791
1.07924
1.09367
1.10098
1.10879
1.10058
1.0921
1.06606
1.04625
1.00538
0.983278
0.941534
0.926681
0.895142
0.890019
0.885542
0.892287
0.969824
1.03539
1.23192
0.960297
0.958906
0.956427
0.95436
0.952654
0.951353
0.9503
0.949613
0.949646
0.950706
0.951401
0.95554
0.960743
0.967638
0.977394
0.987809
1.00265
1.01793
1.03656
1.05085
1.06963
1.08091
1.09497
1.1012
1.11118
1.10543
1.09958
1.07623
1.05816
1.01782
0.993176
0.949203
0.929816
0.900674
0.872756
0.873739
0.859039
0.914955
0.954711
1.15751
0.95898
0.957616
0.955219
0.953149
0.951788
0.950406
0.949629
0.949365
0.948773
0.950405
0.952199
0.954851
0.960968
0.968203
0.978734
0.988044
1.00326
1.01844
1.03987
1.0527
1.07148
1.08212
1.09752
1.10291
1.11418
1.10961
1.1065
1.08518
1.06901
1.03094
1.00677
0.964111
0.930069
0.909257
0.863672
0.864319
0.841543
0.877472
0.90458
1.07921
0.957858
0.956509
0.954224
0.952141
0.950692
0.949692
0.948395
0.948364
0.948449
0.949455
0.95212
0.955127
0.960859
0.96827
0.979159
0.988511
1.00489
1.01884
1.04071
1.0545
1.07423
1.08455
1.10067
1.105
1.1167
1.11304
1.11281
1.09359
1.07973
1.04665
1.01811
0.983659
0.938408
0.916369
0.869813
0.858952
0.82919
0.839131
0.867158
0.968657
0.956465
0.955034
0.952939
0.950911
0.949365
0.949129
0.947476
0.947411
0.948067
0.949269
0.951663
0.955168
0.961573
0.967886
0.980087
0.989312
1.00653
1.01945
1.04233
1.05612
1.07749
1.08772
1.10388
1.107
1.11957
1.11688
1.11933
1.10185
1.08954
1.06432
1.02633
1.00183
0.955835
0.930886
0.87875
0.858899
0.828716
0.809414
0.844662
0.875885
0.95525
0.953799
0.951337
0.949913
0.947958
0.94762
0.946359
0.9463
0.946651
0.948722
0.951244
0.954693
0.961735
0.968224
0.980706
0.990165
1.00768
1.02025
1.04364
1.05793
1.07991
1.09006
1.10792
1.11019
1.12289
1.12049
1.12459
1.11281
1.09387
1.07931
1.04202
1.01715
0.970383
0.946757
0.898684
0.869293
0.840897
0.793098
0.795135
0.825622
0.953698
0.952377
0.949768
0.948942
0.946749
0.946717
0.944968
0.945639
0.946148
0.947792
0.951404
0.954211
0.962124
0.968261
0.982114
0.991233
1.00953
1.02199
1.04485
1.05928
1.08253
1.09283
1.1123
1.11504
1.12637
1.12682
1.12572
1.12619
1.10378
1.09144
1.0556
1.03445
0.989814
0.963824
0.91915
0.878586
0.857272
0.807663
0.767267
0.787052
0.952347
0.950833
0.948113
0.947119
0.94502
0.94505
0.943132
0.944043
0.944742
0.946414
0.951475
0.952949
0.962411
0.967803
0.982776
0.992065
1.0114
1.02425
1.04697
1.06029
1.08407
1.09593
1.11447
1.12251
1.12694
1.13626
1.1288
1.13321
1.11546
1.10513
1.07147
1.05056
1.00839
0.978221
0.941659
0.892836
0.870225
0.836365
0.772383
0.753575
0.950792
0.94944
0.946669
0.945706
0.943685
0.9432
0.942721
0.942159
0.944415
0.944685
0.951603
0.952946
0.963165
0.968318
0.98355
0.993202
1.01322
1.02672
1.04876
1.06513
1.08402
1.10155
1.11253
1.13113
1.13124
1.14274
1.13657
1.14153
1.12576
1.12013
1.09118
1.06568
1.03463
0.993198
0.965801
0.915504
0.885865
0.853571
0.8024
0.758112
0.948982
0.947419
0.944692
0.943126
0.941648
0.940547
0.94098
0.939958
0.94337
0.942511
0.94999
0.952049
0.963029
0.968466
0.983895
0.995069
1.01339
1.0312
1.04744
1.07162
1.083
1.10748
1.11496
1.13374
1.13675
1.14974
1.14454
1.1491
1.1391
1.12707
1.115
1.07981
1.05921
1.01532
0.985392
0.937354
0.90736
0.874539
0.830339
0.784708
0.947107
0.945356
0.943185
0.940567
0.940191
0.938755
0.939734
0.93802
0.942641
0.941932
0.949288
0.951525
0.962679
0.970582
0.983123
0.999917
1.01208
1.03741
1.04979
1.07491
1.08645
1.10952
1.1186
1.13827
1.14159
1.15572
1.15478
1.1564
1.15502
1.13829
1.13208
1.10294
1.07593
1.04457
1.01583
0.963051
0.931462
0.901604
0.86131
0.809431
0.944876
0.942499
0.940426
0.937503
0.937025
0.934967
0.937463
0.935022
0.939694
0.93994
0.946907
0.952042
0.959115
0.973422
0.981521
1.00202
1.01465
1.03853
1.05228
1.07839
1.09011
1.1133
1.12117
1.14182
1.14626
1.15982
1.16482
1.16381
1.16865
1.15341
1.14474
1.12972
1.09707
1.06461
1.04316
0.996129
0.956148
0.924368
0.893162
0.840475
0.942963
0.940335
0.938409
0.935268
0.935143
0.932385
0.935345
0.934309
0.936878
0.940699
0.943288
0.954605
0.958488
0.973989
0.983271
1.00441
1.01716
1.042
1.05621
1.082
1.09343
1.11778
1.12504
1.14577
1.15209
1.16412
1.17317
1.17287
1.17978
1.17419
1.15819
1.15172
1.12735
1.08828
1.06793
1.03221
0.98649
0.950116
0.925199
0.874731
0.939524
0.936476
0.935
0.931141
0.931521
0.929612
0.929053
0.932947
0.931649
0.93947
0.940265
0.951435
0.958001
0.9738
0.98327
1.0054
1.01872
1.04512
1.05841
1.08604
1.09653
1.1218
1.12886
1.1483
1.15783
1.1677
1.17926
1.18399
1.18654
1.19235
1.1782
1.16677
1.15803
1.11982
1.09156
1.0613
1.0277
0.979591
0.956688
0.909131
0.936886
0.934267
0.931904
0.930226
0.927456
0.929707
0.926871
0.930653
0.93152
0.936229
0.943325
0.949899
0.960765
0.973706
0.986955
1.00928
1.022
1.04926
1.0627
1.0908
1.10135
1.12402
1.13587
1.15146
1.16159
1.17491
1.18411
1.19296
1.19709
1.20301
1.20425
1.18679
1.18042
1.15877
1.12571
1.09129
1.06597
1.01704
0.993141
0.94351
0.93054
0.929835
0.925501
0.925627
0.922378
0.923163
0.924934
0.924472
0.930184
0.93156
0.941276
0.946314
0.961823
0.972335
0.988849
1.01123
1.02453
1.05343
1.06689
1.09394
1.10642
1.12792
1.13916
1.1544
1.16741
1.17775
1.18861
1.19925
1.20893
1.21131
1.21916
1.21465
1.20448
1.18753
1.16681
1.12738
1.10663
1.05794
1.03572
0.982286
0.926763
0.926543
0.922839
0.920328
0.922098
0.918968
0.923644
0.922564
0.930103
0.931766
0.942172
0.950664
0.960941
0.979473
0.990824
1.01659
1.03085
1.05928
1.07309
1.09811
1.1154
1.13083
1.14749
1.16015
1.17161
1.18306
1.19542
1.20403
1.21548
1.22703
1.2321
1.23476
1.23184
1.21765
1.21136
1.16984
1.15014
1.10271
1.08178
1.02903
0.920828
0.917186
0.916349
0.911639
0.914563
0.910546
0.916471
0.916775
0.921958
0.930368
0.935125
0.951608
0.959119
0.980806
0.99387
1.0196
1.03631
1.06143
1.08134
1.10109
1.12005
1.13664
1.14902
1.16557
1.17487
1.18843
1.19522
1.21216
1.22338
1.23464
1.24468
1.2481
1.26314
1.24656
1.24719
1.21488
1.20146
1.15302
1.13346
1.08052
0.918479
0.914002
0.91343
0.908455
0.910603
0.911254
0.910845
0.91871
0.918708
0.93179
0.936636
0.95228
0.963973
0.984258
0.999772
1.02315
1.0452
1.06798
1.08736
1.11056
1.12585
1.14307
1.1554
1.17216
1.17835
1.1901
1.20332
1.21388
1.22834
1.23594
1.26082
1.2631
1.28451
1.27394
1.28685
1.26016
1.25644
1.21279
1.19414
1.1388
0.908986
0.905449
0.901746
0.902411
0.898051
0.903431
0.902601
0.910322
0.914704
0.924143
0.935677
0.94754
0.965819
0.983127
1.00381
1.02666
1.04881
1.07242
1.09489
1.11367
1.13012
1.14712
1.16308
1.16949
1.18395
1.19177
1.20739
1.21131
1.23043
1.23772
1.26664
1.26953
1.30199
1.29731
1.32073
1.30308
1.31008
1.27638
1.26277
1.20934
0.900714
0.902281
0.897695
0.898227
0.898558
0.899846
0.905892
0.908476
0.918936
0.927785
0.941782
0.955816
0.974322
0.991124
1.01884
1.03689
1.06239
1.08323
1.10928
1.12007
1.14476
1.15372
1.17186
1.1747
1.19359
1.19568
1.21019
1.21418
1.23149
1.23902
1.2663
1.27335
1.3103
1.31432
1.35078
1.34399
1.36161
1.3401
1.33832
1.29237
0.886256
0.884012
0.883732
0.880419
0.885153
0.886374
0.893891
0.899127
0.913069
0.919981
0.941929
0.954021
0.978859
0.993428
1.02492
1.04056
1.07307
1.08764
1.11678
1.12569
1.15272
1.15738
1.17846
1.18054
1.19815
1.1998
1.21311
1.21667
1.22948
1.23824
1.25969
1.27154
1.30818
1.31803
1.36408
1.37245
1.41151
1.40114
1.41833
1.38153
0.882997
0.879997
0.88158
0.877039
0.885452
0.883842
0.897949
0.90075
0.919042
0.927564
0.950848
0.964675
0.992489
1.00896
1.04103
1.05666
1.08899
1.1041
1.13082
1.14153
1.16426
1.16972
1.18836
1.19133
1.20772
1.20913
1.22091
1.2233
1.23208
1.24018
1.25313
1.26654
1.29561
1.31355
1.36244
1.37575
1.43343
1.44553
1.49154
1.47894
0.86534
0.860102
0.865391
0.860685
0.87151
0.87307
0.887993
0.895802
0.91508
0.927999
0.954041
0.97124
0.997138
1.02086
1.04852
1.07239
1.09643
1.11865
1.13843
1.15378
1.1704
1.18156
1.1945
1.20176
1.2157
1.22047
1.23053
1.23363
1.23943
1.24359
1.24707
1.25618
1.26973
1.28758
1.32039
1.34546
1.39032
1.4271
1.46488
1.51926
0.852201
0.85218
0.857083
0.861877
0.867069
0.882285
0.891921
0.912497
0.926552
0.952791
0.970999
0.999731
1.0219
1.05176
1.07546
1.10359
1.12329
1.14916
1.16208
1.18261
1.19033
1.20664
1.21261
1.22581
1.23233
1.24233
1.24768
1.25208
1.24968
1.24741
1.23978
1.23638
1.2301
1.2321
1.22902
1.24119
1.24476
1.26298
1.26371
1.31197
0.821816
0.834055
0.834181
0.848045
0.854934
0.872266
0.888728
0.911003
0.932582
0.960258
0.984934
1.01424
1.04107
1.07002
1.09807
1.12254
1.14665
1.16625
1.18452
1.19867
1.2105
1.22019
1.22745
1.2349
1.24216
1.24868
1.25291
1.25314
1.24847
1.23905
1.21765
1.1971
1.15877
1.12325
1.07228
1.02415
0.953156
0.879009
0.762349
0.704137
0.816776
0.82765
0.842786
0.860325
0.881039
0.905052
0.930221
0.956226
0.984556
1.01173
1.04405
1.07093
1.10476
1.12991
1.16098
1.18137
1.20412
1.21693
1.22863
1.23149
1.2342
1.23315
1.23539
1.23427
1.24229
1.24022
1.24442
1.23438
1.22473
1.19628
1.15835
1.1039
1.02977
0.943873
0.826026
0.701236
0.50277
0.254358
0.127236
0.181911
0.783205
0.804319
0.822742
0.843758
0.867811
0.896708
0.929924
0.96458
1.00307
1.03729
1.07655
1.10668
1.14265
1.16614
1.19534
1.2097
1.2273
1.23066
1.23611
1.2295
1.22615
1.21742
1.21208
1.21458
1.21488
1.20643
1.19364
1.15485
1.11592
1.03524
0.96163
0.84576
0.718405
0.544463
0.361739
0.132077
0.111719
0.168888
0.128037
0.112102
0.838151
0.881195
0.923445
0.964273
1.00443
1.04045
1.07958
1.11106
1.14809
1.17268
1.20366
1.21907
1.24138
1.2463
1.26265
1.25863
1.26576
1.24909
1.24265
1.21283
1.19534
1.15593
1.1395
1.0998
1.07865
1.02066
0.963554
0.847216
0.681615
0.485871
0.294366
0.18285
0.111692
0.0850289
0.121533
0.164606
0.203442
0.226886
0.213954
0.216282
0.948912
0.985844
1.01877
1.05402
1.08788
1.11842
1.14549
1.16729
1.18359
1.19494
1.20465
1.20071
1.20491
1.19163
1.19057
1.16249
1.14942
1.10213
1.07238
1.00459
0.957326
0.866025
0.801609
0.688766
0.637553
0.416886
0.0694161
0.15809
0.106053
0.154909
0.198315
0.216333
0.219902
0.227724
0.227718
0.216493
0.209551
0.205133
0.201174
0.20583
1.26831
1.33488
1.23955
0.968888
0.780892
0.725161
0.749927
0.826474
0.943668
0.985588
0.993196
1.00214
1.00861
1.01185
1.01428
1.01626
1.01719
1.01778
1.01814
1.01817
1.01823
1.01788
1.01792
1.01724
1.01721
1.01658
1.01631
1.01582
1.01554
1.01521
1.01497
1.01461
1.01422
1.01395
1.01354
1.01335
1.01288
1.01291
1.01314
1.01513
1.34078
1.39102
1.24572
0.934249
0.734651
0.688299
0.728648
0.802077
0.926079
0.977083
0.990574
1.00062
1.00773
1.0117
1.01428
1.01667
1.01769
1.01837
1.01866
1.01866
1.01878
1.01833
1.01852
1.01779
1.01778
1.01708
1.01688
1.01629
1.01604
1.01563
1.01552
1.01516
1.01488
1.01454
1.01412
1.01389
1.01337
1.01319
1.0124
1.01003
1.38202
1.43977
1.25013
0.902721
0.687724
0.649183
0.707957
0.793908
0.917877
0.969408
0.988627
1.0003
1.00767
1.01251
1.01477
1.01751
1.01861
1.01921
1.0196
1.01934
1.01953
1.01902
1.01921
1.0185
1.01848
1.01764
1.01756
1.01684
1.0167
1.01612
1.01617
1.01572
1.01553
1.01507
1.01461
1.01427
1.01388
1.01383
1.01403
1.01593
1.46569
1.47654
1.23968
0.837988
0.621407
0.604602
0.685143
0.774842
0.905808
0.962619
0.986085
1.00018
1.0074
1.01298
1.01505
1.01805
1.01902
1.01982
1.0202
1.01993
1.02027
1.01955
1.0196
1.01896
1.01888
1.01819
1.01799
1.01732
1.01712
1.01655
1.01654
1.01617
1.01602
1.01555
1.01505
1.01452
1.01405
1.01388
1.01308
1.01133
1.52406
1.49901
1.2072
0.763808
0.555939
0.565361
0.667858
0.773093
0.901016
0.957136
0.984246
1.00124
1.00777
1.0143
1.01581
1.01909
1.02
1.02085
1.02128
1.02098
1.02118
1.02056
1.02038
1.01969
1.01942
1.01884
1.01858
1.01789
1.01757
1.01694
1.01684
1.01644
1.01633
1.01584
1.01553
1.01512
1.01477
1.01458
1.01452
1.01549
1.57085
1.5084
1.15566
0.672926
0.48758
0.533609
0.655462
0.764653
0.895612
0.95443
0.983615
1.00245
1.00821
1.01546
1.01656
1.01992
1.0203
1.02166
1.02181
1.02175
1.02172
1.02135
1.02094
1.02059
1.02003
1.01976
1.0192
1.01871
1.01818
1.0176
1.01732
1.01693
1.01677
1.01631
1.01603
1.01536
1.01506
1.01469
1.01415
1.01287
1.59387
1.51619
1.10448
0.608865
0.454874
0.526304
0.658564
0.776745
0.896659
0.953196
0.984317
1.00451
1.00962
1.01761
1.01786
1.02154
1.02132
1.02287
1.02238
1.02289
1.02233
1.02246
1.02167
1.02163
1.02079
1.02082
1.02008
1.01983
1.0191
1.01862
1.01805
1.01768
1.01747
1.01715
1.01688
1.01631
1.01592
1.01542
1.01526
1.01533
1.59594
1.52086
1.08505
0.599334
0.469264
0.545974
0.673657
0.785144
0.900804
0.955928
0.987559
1.00761
1.01183
1.01997
1.01951
1.02324
1.02208
1.02405
1.02277
1.0239
1.02266
1.0233
1.02208
1.02246
1.02125
1.02154
1.02059
1.02063
1.01971
1.01944
1.01872
1.01832
1.01798
1.01753
1.01718
1.01666
1.01628
1.01567
1.01544
1.01441
1.57904
1.52843
1.11106
0.675665
0.546659
0.595025
0.708785
0.812864
0.910314
0.961389
0.992534
1.01238
1.01535
1.02348
1.02194
1.02573
1.0239
1.02613
1.0239
1.02546
1.02345
1.02436
1.02268
1.02317
1.02182
1.02221
1.02102
1.0212
1.02007
1.01995
1.01898
1.01884
1.01839
1.01828
1.01793
1.01767
1.01716
1.01658
1.01625
1.01581
1.54016
1.51387
1.17026
0.788249
0.65057
0.661179
0.74994
0.836293
0.925775
0.972284
1.00043
1.01838
1.01944
1.02709
1.02467
1.02831
1.02572
1.02807
1.02526
1.02685
1.02456
1.02552
1.02367
1.02417
1.02272
1.02304
1.02178
1.02203
1.02079
1.02085
1.01965
1.01955
1.01866
1.01865
1.01818
1.01813
1.01761
1.01711
1.01685
1.01613
1.48944
1.47876
1.21569
0.901665
0.756846
0.732651
0.801281
0.871913
0.944137
0.986245
1.01038
1.02632
1.02515
1.03195
1.02813
1.03139
1.02822
1.03041
1.02722
1.02872
1.02622
1.02721
1.02528
1.02582
1.0242
1.02448
1.02317
1.02333
1.0221
1.02212
1.02092
1.02084
1.01979
1.01977
1.01907
1.01911
1.0185
1.01816
1.01732
1.01703
1.40914
1.40936
1.21956
0.982158
0.831028
0.796576
0.84441
0.903466
0.968841
1.00654
1.02405
1.0361
1.03227
1.03698
1.03177
1.03425
1.03033
1.03245
1.02903
1.03057
1.0279
1.02887
1.02672
1.02725
1.02539
1.02563
1.02416
1.02431
1.02301
1.02294
1.0217
1.02151
1.02033
1.0201
1.01931
1.01938
1.01872
1.01872
1.01806
1.01782
1.30849
1.33218
1.19372
1.01324
0.872578
0.848324
0.888592
0.942576
0.994874
1.03063
1.04068
1.04943
1.04198
1.04387
1.03685
1.03797
1.03332
1.03489
1.03113
1.03241
1.02948
1.03028
1.02789
1.02831
1.02624
1.0264
1.02474
1.02484
1.02356
1.02358
1.02244
1.02228
1.02112
1.02086
1.02
1.01991
1.01928
1.01941
1.01878
1.01839
1.19884
1.23676
1.14457
1.00997
0.888137
0.882191
0.928175
0.980865
1.02865
1.05936
1.06194
1.06518
1.0533
1.05217
1.04317
1.04215
1.03686
1.03737
1.0333
1.03408
1.03101
1.03153
1.02902
1.02933
1.02716
1.02729
1.02552
1.02559
1.02426
1.02421
1.02315
1.02284
1.02184
1.02149
1.02064
1.02039
1.01977
1.01968
1.0193
1.01923
1.08014
1.12357
1.07771
0.967669
0.889765
0.900049
0.956033
1.0182
1.06364
1.08891
1.08811
1.08377
1.06761
1.06349
1.05191
1.04805
1.04214
1.04116
1.03669
1.03681
1.03378
1.03379
1.03147
1.03146
1.02932
1.02922
1.02753
1.02733
1.02631
1.02595
1.02519
1.02449
1.02378
1.02315
1.02245
1.02179
1.02104
1.0205
1.01983
1.01975
0.939425
0.994915
0.993472
0.907735
0.874074
0.89773
0.959994
1.04346
1.10876
1.12246
1.11861
1.10413
1.08347
1.07535
1.06167
1.05422
1.04796
1.04555
1.04095
1.04017
1.03731
1.03654
1.03476
1.03402
1.03233
1.03145
1.03021
1.02904
1.02849
1.02725
1.02691
1.0256
1.02532
1.02425
1.02393
1.0229
1.02249
1.02148
1.02076
1.02035
0.809861
0.87887
0.903439
0.847772
0.835363
0.875841
0.951093
1.056
1.13771
1.16141
1.15072
1.12853
1.10007
1.08831
1.07218
1.06106
1.05421
1.04992
1.04531
1.043
1.0407
1.03849
1.03738
1.03546
1.03463
1.03259
1.03207
1.03008
1.02989
1.0283
1.02823
1.02681
1.02659
1.02523
1.02495
1.02379
1.02345
1.02253
1.02194
1.02124
0.722617
0.791029
0.820643
0.780248
0.771831
0.826788
0.916118
1.04911
1.15576
1.20343
1.18491
1.15717
1.11631
1.10246
1.08275
1.06827
1.05996
1.0537
1.04893
1.04501
1.04313
1.03946
1.03893
1.03589
1.03566
1.03304
1.03279
1.03061
1.03031
1.02869
1.02854
1.02717
1.02702
1.02579
1.0255
1.02441
1.02402
1.02312
1.02284
1.02228
0.705745
0.749681
0.751716
0.714386
0.701608
0.757569
0.855372
1.01047
1.15789
1.2347
1.22618
1.19013
1.13711
1.11906
1.09638
1.07848
1.068
1.05998
1.05385
1.04926
1.04659
1.04227
1.04141
1.03818
1.03776
1.03539
1.0348
1.03277
1.03204
1.03044
1.02977
1.02847
1.0278
1.02705
1.02634
1.02573
1.02487
1.02428
1.02374
1.02338
0.734781
0.752229
0.72855
0.675139
0.655327
0.697752
0.779618
0.935441
1.13123
1.24146
1.26767
1.22578
1.16313
1.13337
1.11236
1.08988
1.07782
1.06861
1.06024
1.05629
1.05162
1.04789
1.04575
1.04275
1.04125
1.03961
1.03804
1.03666
1.03504
1.03373
1.03227
1.03128
1.02986
1.02921
1.02785
1.02747
1.02614
1.02581
1.02472
1.02454
0.77868
0.778873
0.753508
0.704328
0.674742
0.696748
0.732674
0.859257
1.06644
1.22787
1.28198
1.26498
1.18844
1.14516
1.12636
1.10014
1.08668
1.07591
1.06608
1.06191
1.05607
1.05247
1.04954
1.04691
1.04438
1.043
1.04107
1.03986
1.03839
1.03687
1.03542
1.03432
1.03292
1.03192
1.03034
1.02952
1.02817
1.02744
1.02641
1.02608
0.817328
0.81102
0.795244
0.759308
0.755201
0.776403
0.78062
0.841856
0.97941
1.17484
1.26858
1.28654
1.21226
1.1578
1.13403
1.10922
1.09217
1.08106
1.0707
1.0646
1.05944
1.05439
1.05153
1.04861
1.0458
1.0443
1.04219
1.04111
1.03974
1.03824
1.03729
1.03574
1.035
1.03345
1.03262
1.03104
1.03002
1.02873
1.02791
1.02735
0.853427
0.844519
0.840659
0.816037
0.816057
0.842958
0.865774
0.890594
0.938096
1.0622
1.22178
1.27202
1.23809
1.16879
1.13893
1.12051
1.09865
1.08853
1.07747
1.06936
1.06439
1.0578
1.05483
1.05143
1.04831
1.04608
1.04391
1.04221
1.04126
1.0394
1.03895
1.03708
1.03673
1.03489
1.03442
1.03268
1.03214
1.0306
1.0301
1.0293
0.888859
0.877947
0.884102
0.869615
0.865917
0.883557
0.904514
0.918067
0.934856
0.975195
1.10066
1.21952
1.24028
1.17512
1.14026
1.12739
1.10772
1.09653
1.08683
1.07746
1.07217
1.06536
1.06053
1.05744
1.05324
1.05107
1.04764
1.04577
1.04385
1.04203
1.0411
1.03914
1.03859
1.03672
1.03627
1.03449
1.03403
1.03244
1.03196
1.031
0.931684
0.919179
0.927136
0.924791
0.912637
0.917749
0.923542
0.922949
0.92468
0.931877
0.959332
1.10883
1.19327
1.1725
1.13222
1.12282
1.11088
1.09799
1.0934
1.08319
1.07837
1.07285
1.06753
1.06465
1.0604
1.05836
1.05437
1.05225
1.04928
1.04693
1.0454
1.04304
1.04204
1.04001
1.03915
1.03733
1.03663
1.035
1.03439
1.03346
0.975637
0.969762
0.972632
0.980847
0.964857
0.95374
0.944136
0.920982
0.905313
0.886922
0.875082
0.950727
1.10346
1.14696
1.11301
1.10389
1.1033
1.09266
1.09082
1.08413
1.07938
1.07587
1.07051
1.06767
1.06355
1.06158
1.05895
1.05692
1.05481
1.05202
1.0505
1.0477
1.04648
1.04406
1.04279
1.04073
1.03942
1.03763
1.03654
1.0355
1.02166
1.02687
1.02932
1.03957
1.02689
1.00442
0.976864
0.924723
0.876091
0.842271
0.79222
0.798444
0.974989
1.07736
1.08269
1.07696
1.08804
1.08206
1.08192
1.08196
1.07681
1.07639
1.07148
1.06954
1.06528
1.06321
1.06085
1.05901
1.05771
1.05548
1.05423
1.05205
1.0505
1.04868
1.04671
1.04522
1.04324
1.04183
1.04025
1.03957
1.07615
1.08555
1.09944
1.10516
1.09763
1.07933
1.00935
0.926823
0.836079
0.780087
0.713758
0.666103
0.804642
0.977301
1.03505
1.04046
1.06236
1.06807
1.06986
1.07653
1.07335
1.07516
1.07288
1.07235
1.06946
1.0667
1.06383
1.06118
1.05972
1.05781
1.05678
1.05489
1.05312
1.05171
1.04934
1.04821
1.04584
1.04476
1.04285
1.04215
1.13886
1.1525
1.17783
1.18225
1.18337
1.12115
1.01234
0.900666
0.774529
0.68269
0.614505
0.546925
0.63459
0.857274
0.950479
0.987866
1.02342
1.04715
1.05292
1.06604
1.06726
1.0726
1.07214
1.07272
1.0723
1.07131
1.06988
1.06702
1.06462
1.06208
1.06072
1.05896
1.05722
1.05555
1.05377
1.05232
1.05045
1.04904
1.04754
1.04673
1.20896
1.23484
1.26353
1.27209
1.23145
1.12631
0.98222
0.818881
0.664299
0.5386
0.469245
0.413454
0.476601
0.721315
0.85236
0.919708
0.970849
1.00711
1.02597
1.04576
1.05375
1.06377
1.06806
1.07002
1.07178
1.07184
1.0717
1.07113
1.07022
1.06831
1.06551
1.06349
1.06156
1.05913
1.05751
1.05529
1.05354
1.05139
1.0502
1.04933
1.30353
1.33802
1.35821
1.35512
1.25416
1.08486
0.876146
0.657366
0.468881
0.331242
0.281535
0.295505
0.360772
0.603261
0.756186
0.832577
0.909207
0.952429
0.990088
1.01743
1.03246
1.04667
1.05673
1.06259
1.06737
1.06958
1.07099
1.07143
1.07165
1.0712
1.07052
1.06906
1.06771
1.06567
1.0637
1.06146
1.05914
1.05735
1.05562
1.05478
1.42067
1.45407
1.44911
1.36668
1.17738
0.914439
0.623348
0.372515
0.187914
0.133597
0.215967
0.301493
0.353425
0.530876
0.670573
0.753739
0.851938
0.895565
0.941453
0.979473
1.0003
1.02059
1.03478
1.04671
1.0546
1.06146
1.06569
1.06822
1.0705
1.07115
1.07196
1.07128
1.0705
1.06938
1.06742
1.06616
1.06393
1.06297
1.06134
1.06093
1.52949
1.51498
1.43707
1.24879
0.917858
0.582862
0.323364
0.252095
0.35657
0.413957
0.465313
0.463769
0.438796
0.535537
0.635743
0.706057
0.79801
0.849919
0.897693
0.939996
0.965779
0.994172
1.00863
1.02984
1.03897
1.04999
1.05852
1.06271
1.06811
1.07033
1.0737
1.07473
1.07564
1.07539
1.07432
1.07415
1.0726
1.07217
1.07045
1.07
1.5029
1.40828
1.16373
0.849883
0.643243
0.617898
0.697268
0.761355
0.791914
0.781761
0.740877
0.632516
0.578244
0.617135
0.658668
0.715897
0.780082
0.829034
0.878507
0.91564
0.949607
0.97903
0.998585
1.01833
1.03374
1.04381
1.05475
1.05999
1.06718
1.06988
1.07385
1.07635
1.07716
1.07924
1.07789
1.079
1.07713
1.07795
1.07674
1.07641
1.18322
0.884512
0.734125
0.787271
0.900249
0.991226
1.03603
1.04611
1.02251
0.934224
0.840909
0.761461
0.740242
0.747956
0.746653
0.788861
0.813845
0.856049
0.891218
0.922556
0.953478
0.972371
1.00158
1.01132
1.03286
1.0418
1.05248
1.06062
1.06631
1.07309
1.07457
1.08082
1.0801
1.08436
1.08286
1.08584
1.08427
1.08557
1.08439
1.08432
0.543497
0.607416
0.701101
0.840788
0.917825
0.972076
0.987509
0.981619
0.918333
0.871244
0.849429
0.80961
0.803038
0.808313
0.815672
0.845555
0.867383
0.893249
0.915501
0.939091
0.962944
0.977228
0.997888
1.00979
1.0251
1.03575
1.04685
1.05687
1.06322
1.07271
1.0759
1.08314
1.08486
1.09034
1.09067
1.09489
1.09484
1.09528
1.09316
1.09461
0.295064
0.417758
0.504955
0.611746
0.690522
0.743541
0.752937
0.751704
0.760855
0.78419
0.774372
0.764399
0.787018
0.802219
0.819463
0.850146
0.875642
0.904247
0.924963
0.950498
0.967604
0.990109
1.00353
1.02184
1.03672
1.04914
1.06363
1.07032
1.08108
1.08614
1.09619
1.10021
1.11098
1.11527
1.12221
1.12565
1.12773
1.13061
1.13241
1.13198
0.241759
0.315195
0.365677
0.371836
0.411482
0.43174
0.458832
0.491771
0.49023
0.49751
0.511385
0.53271
0.568884
0.61725
0.666657
0.720783
0.785399
0.836818
0.881787
0.928219
0.959449
0.994728
1.01729
1.04143
1.05844
1.07274
1.08735
1.09639
1.10904
1.11437
1.12206
1.12413
1.12827
1.128
1.12951
1.13095
1.13189
1.13741
1.14125
1.15489
0.236176
0.284073
0.279255
0.281586
0.285782
0.267296
0.224096
0.133012
0.151954
0.25847
0.262521
0.253692
0.280952
0.320004
0.385523
0.449648
0.519135
0.603137
0.691816
0.779768
0.855436
0.893751
0.947097
0.976603
1.01904
1.03941
1.07156
1.08843
1.11374
1.13276
1.15504
1.17375
1.19301
1.2093
1.22314
1.23639
1.2459
1.25467
1.25874
1.25995
0.228266
0.251508
0.261929
0.280292
0.317615
0.35556
0.395234
0.426393
0.45083
0.459554
0.452405
0.438156
0.42728
0.408035
0.38439
0.347776
0.303473
0.247705
0.179905
0.135378
0.302619
0.049415
0.498429
0.533331
0.579864
0.621222
0.653512
0.71104
0.741535
0.806406
0.839962
0.90593
0.940343
1.00049
1.03181
1.08534
1.11908
1.17908
1.22698
1.29636
1.0214
1.0213
1.02162
1.02081
1.02068
1.01895
1.01772
1.01481
1.01188
1.00704
1.00185
0.995178
0.990162
0.987073
0.988341
0.993084
1.0015
1.00949
1.01498
1.01501
1.01483
1.01439
1.01421
1.0141
1.01404
1.01396
1.01385
1.01371
1.01355
1.01336
1.01315
1.01293
1.01267
1.01237
1.01205
1.01173
1.01138
1.01099
1.01056
1.01029
1.00444
1.00537
1.00522
1.00662
1.00721
1.00943
1.01105
1.01448
1.01738
1.02173
1.0252
1.02907
1.03014
1.03053
1.02962
1.02659
1.02079
1.0161
1.01493
1.01495
1.01517
1.01538
1.0155
1.01553
1.01548
1.01528
1.01504
1.01481
1.01456
1.01432
1.0141
1.01386
1.01354
1.01319
1.01284
1.01243
1.01199
1.01154
1.01107
1.01086
1.01981
1.01964
1.0195
1.01862
1.01795
1.01616
1.01468
1.01202
1.00997
1.00709
1.00579
1.00572
1.00769
1.00931
1.01137
1.01238
1.01312
1.01337
1.01384
1.01442
1.01477
1.01504
1.0152
1.01529
1.0153
1.01527
1.01509
1.01492
1.01471
1.0146
1.01434
1.01408
1.01374
1.01344
1.01303
1.01273
1.01238
1.01199
1.01166
1.0115
1.00801
1.00947
1.01035
1.01204
1.01344
1.01574
1.0176
1.02046
1.02252
1.02532
1.02658
1.02739
1.02754
1.02728
1.02591
1.02376
1.02143
1.01909
1.01752
1.01689
1.01669
1.0166
1.01647
1.01635
1.01611
1.01579
1.01553
1.01528
1.01505
1.01489
1.01463
1.0144
1.01412
1.01376
1.01338
1.01295
1.01264
1.01218
1.01186
1.01174
1.01767
1.0174
1.01684
1.01597
1.01499
1.0137
1.01257
1.01121
1.01057
1.01023
1.01106
1.01174
1.01274
1.01332
1.01388
1.01425
1.01482
1.01504
1.01537
1.01545
1.01539
1.01552
1.01566
1.01587
1.01579
1.01563
1.01544
1.01539
1.01523
1.01504
1.01479
1.01463
1.01426
1.01395
1.01356
1.01329
1.01301
1.01269
1.01238
1.01226
1.01129
1.01299
1.01387
1.01551
1.0166
1.01817
1.01927
1.02078
1.02176
1.02308
1.02363
1.02412
1.02417
1.02379
1.023
1.02191
1.0207
1.01974
1.0191
1.01838
1.01774
1.01744
1.01725
1.01708
1.01665
1.01622
1.01592
1.01564
1.01547
1.01522
1.01499
1.01486
1.01452
1.01411
1.01367
1.01332
1.01309
1.01274
1.0125
1.01235
1.01624
1.01585
1.01527
1.01475
1.01415
1.01361
1.01319
1.01297
1.01308
1.01342
1.01414
1.01467
1.01511
1.01544
1.01565
1.01588
1.01611
1.01636
1.01637
1.01634
1.01625
1.01634
1.01647
1.01644
1.01633
1.01621
1.01602
1.01592
1.01573
1.01559
1.01532
1.01503
1.01474
1.01437
1.01398
1.01374
1.01352
1.0133
1.01298
1.01278
1.01385
1.01532
1.01596
1.01723
1.01783
1.01889
1.01945
1.02038
1.02091
1.02159
1.02184
1.02204
1.02185
1.02158
1.02106
1.02053
1.02013
1.01988
1.01953
1.01884
1.01826
1.01807
1.01797
1.01762
1.01705
1.01674
1.01642
1.01615
1.01594
1.0158
1.01569
1.01536
1.01493
1.01451
1.01404
1.01374
1.01352
1.01332
1.01306
1.01279
1.01587
1.01573
1.01556
1.01555
1.01556
1.01564
1.01567
1.01587
1.016
1.01625
1.01641
1.01665
1.01681
1.01704
1.01711
1.01725
1.01741
1.01753
1.0175
1.01739
1.01734
1.01732
1.0173
1.01724
1.0171
1.01692
1.01678
1.01664
1.01632
1.01608
1.01593
1.01569
1.01534
1.0149
1.01459
1.0143
1.01411
1.01381
1.01345
1.01325
1.01594
1.01719
1.0177
1.0186
1.01902
1.0197
1.02002
1.02043
1.02061
1.02072
1.02079
1.02083
1.02081
1.02063
1.02044
1.0203
1.02022
1.02
1.0196
1.01909
1.01884
1.01876
1.01847
1.01802
1.01772
1.0174
1.01707
1.01691
1.01671
1.01648
1.01623
1.01593
1.01556
1.01502
1.01461
1.01436
1.01409
1.0138
1.01346
1.0132
1.0167
1.01701
1.01714
1.01738
1.0175
1.01771
1.0178
1.01793
1.01795
1.01804
1.01814
1.01831
1.01848
1.01861
1.01861
1.01862
1.01873
1.01876
1.01863
1.0185
1.01846
1.01841
1.01832
1.0182
1.01802
1.01788
1.01764
1.01729
1.0171
1.01691
1.0167
1.01649
1.01616
1.01571
1.01532
1.01502
1.01464
1.0143
1.01399
1.0138
1.01759
1.01869
1.0191
1.0197
1.01997
1.0203
1.02043
1.02057
1.0206
1.0207
1.02075
1.02083
1.02074
1.02064
1.02059
1.0207
1.02067
1.02051
1.02008
1.0198
1.01964
1.01939
1.01901
1.01875
1.0185
1.01825
1.01803
1.01787
1.01755
1.01726
1.01698
1.01674
1.0163
1.01581
1.01545
1.01516
1.01475
1.01438
1.01409
1.01392
1.01815
1.01866
1.01884
1.01913
1.01926
1.01941
1.01949
1.01958
1.01969
1.0198
1.01992
1.02002
1.02011
1.02012
1.02012
1.02015
1.02017
1.02011
1.02003
1.01995
1.01982
1.01966
1.01944
1.01933
1.01912
1.01878
1.01846
1.01831
1.01818
1.01793
1.01766
1.01749
1.01712
1.01664
1.01626
1.01589
1.01548
1.01517
1.01491
1.01472
1.01911
1.01997
1.02027
1.02069
1.02084
1.02109
1.02115
1.02132
1.02132
1.0215
1.0215
1.0216
1.02146
1.02155
1.02153
1.02169
1.02145
1.02127
1.02098
1.02084
1.02051
1.02022
1.01989
1.01985
1.01967
1.0194
1.01901
1.01883
1.0186
1.0183
1.01792
1.01768
1.01729
1.01685
1.01642
1.01608
1.01565
1.01537
1.01508
1.01494
1.01971
1.02017
1.02032
1.02062
1.02075
1.021
1.02112
1.02132
1.02144
1.02161
1.02165
1.02173
1.02171
1.02181
1.02181
1.02185
1.02174
1.02167
1.02153
1.02148
1.02129
1.021
1.02071
1.02055
1.0203
1.01999
1.01972
1.01961
1.01945
1.0192
1.01888
1.01862
1.01825
1.01775
1.01729
1.01688
1.0165
1.0162
1.01593
1.01577
1.02041
1.02112
1.02133
1.02174
1.02188
1.02218
1.02228
1.02254
1.02258
1.02283
1.02276
1.02287
1.02274
1.02287
1.02281
1.02285
1.02258
1.02248
1.02225
1.02215
1.02178
1.02155
1.02129
1.02126
1.02096
1.02061
1.02016
1.02004
1.01981
1.01954
1.01906
1.01882
1.01845
1.01806
1.01753
1.01712
1.01667
1.01638
1.01611
1.01593
1.02109
1.02173
1.02192
1.02236
1.02257
1.02289
1.02306
1.02332
1.0234
1.02359
1.02358
1.02369
1.02362
1.02376
1.0237
1.02373
1.02353
1.02349
1.02333
1.02322
1.02281
1.02248
1.02223
1.02219
1.02193
1.02161
1.02119
1.02112
1.02092
1.02067
1.02019
1.01986
1.01946
1.01906
1.01852
1.01807
1.01765
1.01737
1.01703
1.01685
1.02225
1.02283
1.02314
1.02357
1.02376
1.0241
1.02417
1.02445
1.02447
1.02464
1.02453
1.02461
1.02453
1.02464
1.02452
1.0245
1.02425
1.02416
1.02397
1.02388
1.02352
1.02323
1.0229
1.02282
1.02252
1.02218
1.02169
1.02157
1.02131
1.02107
1.02052
1.02018
1.01973
1.01942
1.01886
1.01836
1.01783
1.01755
1.01715
1.017
1.02334
1.024
1.02433
1.02481
1.02496
1.02533
1.02543
1.02577
1.02582
1.02603
1.02588
1.02603
1.02592
1.02611
1.02598
1.02596
1.02565
1.02554
1.02529
1.02517
1.0248
1.02456
1.02419
1.02411
1.02381
1.02357
1.0231
1.02301
1.02266
1.02235
1.02178
1.02143
1.02087
1.02056
1.02011
1.01967
1.01905
1.01871
1.0183
1.01814
1.02444
1.02511
1.0255
1.02592
1.02607
1.02643
1.02652
1.02685
1.02679
1.02693
1.02677
1.02696
1.02691
1.02708
1.0269
1.02685
1.0266
1.02651
1.02618
1.026
1.02565
1.02541
1.02499
1.02483
1.02441
1.02413
1.02373
1.02362
1.02317
1.02286
1.02233
1.02194
1.02127
1.02088
1.02041
1.02
1.01933
1.01893
1.01848
1.01832
1.02579
1.02676
1.02697
1.02752
1.02772
1.02816
1.02827
1.02857
1.02848
1.02864
1.02853
1.0288
1.02873
1.02885
1.02856
1.02854
1.02827
1.02817
1.02782
1.02768
1.02734
1.02714
1.02678
1.02655
1.02606
1.02583
1.02555
1.02538
1.02484
1.02455
1.02397
1.0235
1.02279
1.02244
1.02194
1.02153
1.0208
1.0204
1.01993
1.01977
1.02715
1.0281
1.02823
1.02883
1.02893
1.02937
1.02938
1.02962
1.02953
1.02973
1.02974
1.03003
1.02991
1.03002
1.02971
1.02969
1.02935
1.02925
1.0289
1.02867
1.02828
1.02816
1.02777
1.02735
1.0268
1.0266
1.02629
1.02605
1.0256
1.02523
1.02457
1.02402
1.02337
1.02292
1.02227
1.02189
1.02116
1.02072
1.02021
1.02005
1.02915
1.03006
1.03023
1.03091
1.03099
1.03153
1.03145
1.03179
1.03171
1.03208
1.03208
1.03233
1.03217
1.03231
1.03196
1.03197
1.03157
1.03159
1.03112
1.03088
1.03051
1.03046
1.03001
1.02956
1.02902
1.02874
1.0284
1.02823
1.02788
1.02744
1.02664
1.02609
1.02545
1.02492
1.02422
1.0238
1.02306
1.02258
1.02207
1.02189
1.03079
1.03163
1.03182
1.03249
1.03257
1.03302
1.03284
1.03326
1.03321
1.03365
1.03346
1.03371
1.03355
1.03367
1.0333
1.03333
1.03296
1.03291
1.03229
1.03216
1.03174
1.03163
1.03106
1.03068
1.03001
1.02966
1.02931
1.02919
1.02885
1.02831
1.02746
1.02681
1.02609
1.02551
1.02478
1.02423
1.0235
1.023
1.02249
1.02231
1.03327
1.03427
1.03447
1.0353
1.03526
1.03574
1.03563
1.03619
1.03615
1.0365
1.03629
1.03668
1.03642
1.03664
1.03633
1.03644
1.03596
1.03583
1.03528
1.03526
1.03472
1.03461
1.03399
1.03365
1.03286
1.03263
1.03226
1.03213
1.03164
1.03109
1.03021
1.0295
1.02874
1.02815
1.02737
1.02675
1.02599
1.02546
1.02498
1.02473
1.03524
1.0363
1.03651
1.03724
1.03712
1.03775
1.03763
1.03822
1.03804
1.03846
1.03821
1.03851
1.03822
1.03855
1.03813
1.03811
1.03753
1.03746
1.037
1.03685
1.03628
1.03599
1.03525
1.03487
1.03424
1.03406
1.03353
1.03334
1.03273
1.03218
1.03122
1.03047
1.02962
1.02898
1.02814
1.02744
1.02656
1.02607
1.02552
1.0253
1.03907
1.04037
1.04029
1.0411
1.04101
1.04165
1.04143
1.04209
1.04184
1.04233
1.04197
1.04243
1.04214
1.04249
1.04196
1.04205
1.04151
1.04159
1.04105
1.04102
1.04029
1.03992
1.03914
1.03882
1.03827
1.03805
1.03752
1.03718
1.0365
1.0359
1.03489
1.03409
1.03316
1.03245
1.03154
1.03079
1.02992
1.02936
1.02879
1.02852
1.04152
1.04283
1.04262
1.04355
1.04325
1.04399
1.04374
1.04442
1.04411
1.0447
1.04431
1.04477
1.04429
1.04466
1.044
1.04422
1.04352
1.04369
1.04298
1.04283
1.04196
1.04159
1.04069
1.04046
1.03987
1.03972
1.03913
1.03877
1.03795
1.03719
1.03613
1.03534
1.03434
1.03356
1.03262
1.03179
1.03087
1.03015
1.02955
1.02921
1.04658
1.04763
1.04752
1.04846
1.04815
1.04895
1.04865
1.04952
1.04921
1.04995
1.04948
1.05012
1.04961
1.05013
1.04954
1.04997
1.04926
1.04955
1.04865
1.04873
1.04756
1.04732
1.04628
1.04614
1.0454
1.04539
1.04462
1.04428
1.04312
1.04239
1.04119
1.04039
1.03929
1.03848
1.03741
1.03645
1.03543
1.03456
1.03399
1.03357
1.04945
1.05026
1.05023
1.0512
1.05096
1.05183
1.05164
1.05233
1.0521
1.05269
1.05225
1.05275
1.0522
1.05276
1.05229
1.0528
1.05216
1.05234
1.05139
1.05122
1.05011
1.04991
1.0488
1.04887
1.04796
1.0481
1.04697
1.04658
1.0451
1.04429
1.04289
1.0421
1.0408
1.03997
1.03855
1.03766
1.03638
1.03569
1.03495
1.0346
1.05469
1.05615
1.05612
1.05726
1.05705
1.05815
1.05782
1.05896
1.05852
1.05937
1.05878
1.0595
1.05889
1.05965
1.05903
1.05966
1.05872
1.05902
1.05785
1.05798
1.05667
1.05667
1.05554
1.05572
1.05487
1.05494
1.05383
1.05339
1.05189
1.0512
1.04969
1.04895
1.04748
1.04658
1.04502
1.04395
1.04257
1.04175
1.04097
1.04056
1.06077
1.06234
1.06229
1.06335
1.06318
1.06422
1.06402
1.06515
1.06475
1.06589
1.06528
1.06629
1.06572
1.06666
1.0661
1.06675
1.0658
1.06604
1.06487
1.06494
1.06376
1.06386
1.06274
1.0629
1.06172
1.06158
1.05995
1.05922
1.05723
1.05621
1.05433
1.05333
1.05151
1.05037
1.04851
1.04743
1.04582
1.04498
1.044
1.0436
1.06894
1.0704
1.07049
1.07144
1.07141
1.07251
1.07228
1.07344
1.07304
1.07414
1.07358
1.07459
1.07381
1.0748
1.07382
1.07466
1.07339
1.07382
1.07224
1.07235
1.07059
1.07063
1.06906
1.0693
1.0678
1.06801
1.06626
1.0662
1.06409
1.06377
1.06166
1.06121
1.05919
1.0584
1.05612
1.05502
1.05281
1.05187
1.05038
1.05001
1.07773
1.07808
1.07924
1.07957
1.08073
1.08134
1.0822
1.08309
1.0836
1.08462
1.08501
1.08604
1.08638
1.08746
1.08761
1.08858
1.08829
1.08909
1.08848
1.08926
1.08855
1.08941
1.08836
1.08878
1.08717
1.0869
1.08448
1.08353
1.08066
1.07934
1.07633
1.07479
1.07166
1.06993
1.06681
1.06502
1.06229
1.06092
1.05919
1.05865
1.08473
1.08577
1.08734
1.08853
1.09052
1.0915
1.09348
1.0942
1.09584
1.09623
1.09737
1.09753
1.09827
1.09823
1.09863
1.09841
1.09838
1.09761
1.09671
1.09544
1.0939
1.09265
1.09104
1.09024
1.08855
1.08785
1.086
1.08541
1.08354
1.08302
1.08102
1.08025
1.07795
1.07665
1.07391
1.07237
1.06971
1.0686
1.06654
1.06618
1.09642
1.10133
1.10515
1.10818
1.1111
1.11363
1.11648
1.11882
1.12142
1.12378
1.12605
1.12849
1.13039
1.13266
1.13394
1.13584
1.13682
1.13867
1.13988
1.14174
1.14265
1.14364
1.14342
1.14323
1.14186
1.14071
1.13831
1.1362
1.13294
1.13005
1.12606
1.12251
1.11767
1.11346
1.1081
1.10377
1.09858
1.0948
1.09049
1.08797
1.13311
1.1322
1.13347
1.13452
1.13669
1.13802
1.14015
1.14163
1.14316
1.14454
1.14538
1.14624
1.14661
1.14712
1.14725
1.14758
1.14722
1.14675
1.14522
1.1434
1.14083
1.13831
1.13553
1.13304
1.13059
1.12814
1.12586
1.12356
1.12148
1.11934
1.11744
1.11535
1.11329
1.11062
1.1075
1.10365
1.09963
1.09621
1.09398
1.09424
1.16301
1.17926
1.19024
1.20312
1.21021
1.22115
1.22714
1.23665
1.24202
1.25027
1.25496
1.26196
1.26569
1.27149
1.27413
1.27904
1.28085
1.2852
1.28636
1.29017
1.29032
1.29287
1.29149
1.29215
1.28874
1.28762
1.28245
1.27927
1.27246
1.26726
1.25904
1.25204
1.24274
1.23462
1.22525
1.21713
1.20847
1.20011
1.19017
1.17867
1.26125
1.25476
1.26068
1.26245
1.27231
1.27524
1.28508
1.28729
1.29609
1.29715
1.3045
1.30413
1.30977
1.30792
1.31205
1.30913
1.31224
1.30922
1.31111
1.3074
1.30638
1.30096
1.29658
1.28995
1.28335
1.27687
1.2695
1.26323
1.25522
1.24927
1.24079
1.23549
1.22776
1.22336
1.21591
1.20838
1.19567
1.17958
1.1632
1.14991
1.34176
1.38194
1.42421
1.4595
1.49776
1.52947
1.56412
1.59234
1.62336
1.64796
1.67536
1.69622
1.71966
1.73605
1.7544
1.76532
1.77793
1.78324
1.79069
1.79163
1.79552
1.79344
1.79421
1.78912
1.78587
1.77693
1.7687
1.75678
1.74325
1.7279
1.70907
1.69105
1.66791
1.64803
1.62154
1.59933
1.56983
1.54511
1.51716
1.49292
1.01059
1.01147
1.01134
1.01121
1.01137
1.01153
1.0116
1.01182
1.01198
1.012
1.01198
1.01182
1.012
1.01228
1.01267
1.01246
1.01225
1.01206
1.01137
1.01081
1.01021
1.00943
1.00837
1.00709
1.00563
1.0037
1.0012
0.998655
0.995864
0.993027
0.989937
0.986834
0.983611
0.978476
0.977954
0.974026
0.974623
0.972008
0.972997
0.97079
1.01096
1.01156
1.01135
1.01131
1.01144
1.01159
1.01164
1.01201
1.0123
1.01231
1.01231
1.01224
1.01229
1.01237
1.01282
1.0127
1.0124
1.0123
1.01148
1.01106
1.01016
1.00936
1.00823
1.0069
1.00541
1.00343
1.00094
0.998339
0.995476
0.992514
0.98902
0.986228
0.983134
0.978053
0.97751
0.973193
0.974038
0.97112
0.972178
0.970345
1.01155
1.01187
1.01164
1.01171
1.01174
1.01183
1.01202
1.01239
1.01268
1.01255
1.01249
1.01257
1.01254
1.01226
1.0124
1.01228
1.01194
1.01159
1.01095
1.01043
1.00939
1.00844
1.00717
1.0057
1.00408
1.00205
0.999523
0.996929
0.993926
0.990806
0.987997
0.984343
0.981607
0.977535
0.97612
0.973081
0.972748
0.970705
0.970929
0.969491
1.01175
1.01188
1.01168
1.01179
1.01175
1.01185
1.01205
1.01247
1.0127
1.01261
1.01257
1.01265
1.01252
1.01214
1.01195
1.01164
1.01131
1.01082
1.01037
1.00989
1.00892
1.00787
1.0065
1.00505
1.00331
1.00119
0.99875
0.995795
0.992692
0.989611
0.986096
0.983514
0.98033
0.977345
0.975277
0.973017
0.971959
0.970396
0.969966
0.968953
1.0122
1.01215
1.01202
1.01222
1.01217
1.01232
1.01255
1.01289
1.01296
1.01299
1.01299
1.01295
1.01272
1.01237
1.01194
1.01146
1.01105
1.01052
1.01016
1.00964
1.0085
1.00741
1.00595
1.00434
1.00249
1.00029
0.997633
0.99482
0.991603
0.988105
0.985453
0.981609
0.979163
0.976522
0.973923
0.972246
0.970727
0.969498
0.968872
0.967957
1.01223
1.01214
1.01206
1.0122
1.01216
1.01246
1.0127
1.0129
1.01287
1.01302
1.01303
1.01287
1.0126
1.01223
1.01167
1.01125
1.01093
1.01044
1.0101
1.00945
1.00845
1.0074
1.00581
1.00421
1.00227
0.999994
0.997457
0.994305
0.99079
0.987704
0.983825
0.981179
0.978026
0.97564
0.973372
0.971544
0.969998
0.968768
0.968023
0.967345
1.01266
1.01252
1.01253
1.01265
1.01264
1.01302
1.01311
1.01329
1.01326
1.01337
1.01334
1.01326
1.01295
1.01253
1.01206
1.01182
1.01144
1.01095
1.0105
1.00977
1.00867
1.00759
1.00595
1.00413
1.00213
0.999711
0.996801
0.993685
0.990477
0.986554
0.983623
0.979678
0.977328
0.974785
0.972057
0.970301
0.968687
0.967466
0.966913
0.966239
1.01265
1.01249
1.01257
1.01268
1.01283
1.01321
1.01319
1.01331
1.0133
1.01335
1.01314
1.01291
1.01266
1.01242
1.01217
1.012
1.01156
1.01111
1.0107
1.00986
1.00882
1.00775
1.00604
1.00423
1.00213
0.999516
0.996767
0.993489
0.989757
0.98667
0.98225
0.979417
0.975893
0.973393
0.97134
0.969125
0.967736
0.966454
0.965923
0.965527
1.01307
1.013
1.01319
1.01336
1.01362
1.01383
1.01369
1.01387
1.01384
1.01387
1.01364
1.01355
1.01335
1.01323
1.01309
1.01286
1.01238
1.01199
1.01144
1.01049
1.00935
1.00821
1.00647
1.00441
1.00217
0.999528
0.996295
0.992992
0.989701
0.985445
0.982169
0.977906
0.975319
0.972437
0.96974
0.967873
0.96632
0.964985
0.96466
0.964345
1.01307
1.01313
1.01335
1.01353
1.01383
1.0139
1.01379
1.01397
1.01388
1.0138
1.01349
1.01346
1.01334
1.0133
1.01311
1.01291
1.01247
1.01214
1.01158
1.01054
1.00943
1.00824
1.0064
1.00442
1.00206
0.999231
0.996127
0.992842
0.988595
0.98544
0.980633
0.977583
0.973537
0.970905
0.968839
0.966524
0.965226
0.96399
0.963503
0.963519
1.01372
1.01382
1.01401
1.01423
1.0145
1.0145
1.01453
1.01474
1.01455
1.01454
1.01436
1.01446
1.0143
1.01429
1.01409
1.01383
1.01346
1.01317
1.01245
1.01135
1.01019
1.00884
1.00687
1.00465
1.00205
0.999225
0.995695
0.992031
0.988549
0.983801
0.980482
0.975843
0.972963
0.969716
0.966944
0.965189
0.96373
0.962543
0.962166
0.962221
1.01389
1.01401
1.01419
1.01436
1.01452
1.01451
1.01459
1.01472
1.0145
1.01446
1.01438
1.0145
1.01435
1.01424
1.01389
1.01366
1.01339
1.01304
1.01227
1.0112
1.01012
1.00863
1.00651
1.00446
1.00182
0.998753
0.995333
0.991755
0.987147
0.983713
0.978638
0.975368
0.970975
0.968286
0.965882
0.963826
0.962561
0.961484
0.960902
0.96126
1.0147
1.01481
1.01494
1.01505
1.01516
1.01524
1.01541
1.01548
1.01532
1.01546
1.01541
1.01555
1.01537
1.0153
1.01494
1.01487
1.01451
1.014
1.01319
1.01207
1.01096
1.00936
1.00721
1.00482
1.00188
0.998623
0.994821
0.990602
0.987015
0.981761
0.978338
0.973295
0.970319
0.966704
0.963753
0.961994
0.960795
0.95982
0.959424
0.959867
1.01487
1.01498
1.01503
1.01513
1.01519
1.01527
1.01537
1.01535
1.01525
1.01544
1.01542
1.01549
1.0152
1.0151
1.01489
1.01489
1.01442
1.01375
1.01288
1.01178
1.0107
1.00903
1.00679
1.0045
1.00152
0.998097
0.994114
0.990214
0.985169
0.981514
0.976065
0.972568
0.96797
0.965106
0.96245
0.960609
0.959416
0.958483
0.957868
0.958672
1.0157
1.01579
1.01581
1.01595
1.01606
1.01619
1.01624
1.01625
1.01635
1.01658
1.0165
1.01655
1.01631
1.01636
1.0162
1.01612
1.01549
1.01481
1.01383
1.0126
1.01141
1.00955
1.00731
1.00468
1.0013
0.997537
0.993398
0.988593
0.98489
0.979061
0.97546
0.970006
0.967079
0.963113
0.960087
0.958307
0.957315
0.956556
0.956182
0.957105
1.01581
1.01587
1.01586
1.016
1.01608
1.01619
1.01619
1.01623
1.01635
1.01654
1.01643
1.01636
1.01611
1.01617
1.01599
1.01579
1.01502
1.01437
1.01329
1.01216
1.01092
1.00892
1.00661
1.004
1.00057
0.996878
0.992349
0.988295
0.982634
0.978658
0.972694
0.969047
0.964178
0.961321
0.958528
0.956665
0.955687
0.954974
0.954342
0.955653
1.0167
1.01678
1.0168
1.01703
1.01713
1.01728
1.01731
1.01749
1.01765
1.01769
1.01757
1.01764
1.01751
1.01762
1.01726
1.01692
1.01616
1.01537
1.01426
1.01294
1.01148
1.0093
1.00691
1.00393
1.00009
0.995921
0.991591
0.986189
0.98222
0.975749
0.971887
0.966038
0.963021
0.958698
0.955836
0.954114
0.953361
0.95289
0.952472
0.953943
1.01682
1.01688
1.01689
1.01711
1.01717
1.01732
1.01733
1.01754
1.01766
1.01763
1.01747
1.01747
1.01744
1.01743
1.01694
1.0165
1.01565
1.01499
1.01377
1.01251
1.011
1.00866
1.00619
1.0031
0.999253
0.995331
0.99019
0.985949
0.979586
0.975219
0.968794
0.964861
0.959577
0.956814
0.95389
0.952056
0.951215
0.950975
0.950316
0.952274
1.01792
1.01807
1.01813
1.01838
1.01845
1.01868
1.01876
1.01906
1.01911
1.01907
1.01907
1.01919
1.01914
1.01898
1.01844
1.01806
1.01721
1.01634
1.01501
1.01356
1.01171
1.00914
1.00649
1.00309
0.998829
0.994136
0.989499
0.983418
0.978928
0.971794
0.967632
0.961342
0.957964
0.953464
0.950681
0.949029
0.948474
0.948568
0.948176
0.950365
1.0181
1.01825
1.0183
1.01854
1.01859
1.01878
1.01885
1.01913
1.0191
1.01909
1.01909
1.01921
1.01898
1.01868
1.01814
1.01777
1.0169
1.01617
1.01471
1.01327
1.01124
1.00857
1.00587
1.00208
0.997716
0.993458
0.987713
0.98302
0.975851
0.970998
0.964021
0.959723
0.954054
0.950951
0.948162
0.946372
0.945769
0.946042
0.945616
0.94819
1.01954
1.01976
1.01985
1.02015
1.02023
1.02051
1.02061
1.02089
1.02088
1.0211
1.0212
1.02118
1.02082
1.0205
1.0199
1.01951
1.01873
1.01766
1.01605
1.01432
1.01191
1.00921
1.00598
1.00183
0.997293
0.991868
0.986737
0.979724
0.97459
0.966792
0.962212
0.955357
0.951623
0.947208
0.944284
0.942806
0.942602
0.943273
0.943276
0.946121
1.0198
1.02
1.02008
1.02036
1.02042
1.02067
1.02073
1.02096
1.02091
1.02111
1.0211
1.02098
1.02052
1.02019
1.01982
1.01949
1.0184
1.01726
1.01564
1.01383
1.01148
1.00852
1.00522
1.00071
0.995788
0.99087
0.984219
0.979007
0.97095
0.965524
0.957794
0.953066
0.947095
0.943636
0.940997
0.939364
0.939132
0.940051
0.93997
0.943475
1.02163
1.02189
1.02204
1.0224
1.02249
1.02278
1.02284
1.02315
1.02319
1.02344
1.02326
1.02315
1.02272
1.02251
1.02196
1.02122
1.01991
1.01877
1.01697
1.01497
1.01209
1.00904
1.00499
1.00008
0.995047
0.988458
0.982737
0.974623
0.96881
0.960214
0.955026
0.947605
0.943581
0.939282
0.936315
0.935127
0.935395
0.936813
0.937187
0.94108
1.02202
1.02225
1.02236
1.02268
1.02273
1.02298
1.02299
1.02322
1.02314
1.0233
1.023
1.0229
1.02259
1.02239
1.02167
1.02085
1.01972
1.01847
1.01644
1.01417
1.01134
1.00793
1.0037
0.998619
0.9927
0.986975
0.979209
0.973274
0.964192
0.958203
0.949642
0.944353
0.938087
0.934409
0.931861
0.930547
0.930791
0.932562
0.932735
0.937372
1.02444
1.02473
1.02489
1.02523
1.02532
1.02569
1.02577
1.02602
1.02589
1.02596
1.02564
1.02563
1.02518
1.02479
1.02384
1.0231
1.02157
1.01999
1.01755
1.01535
1.01188
1.0082
1.00323
0.997385
0.991613
0.98365
0.977192
0.967816
0.961137
0.951517
0.94534
0.937671
0.933047
0.928961
0.925978
0.925254
0.926104
0.92857
0.929346
0.934449
1.025
1.0252
1.02527
1.02552
1.02555
1.02585
1.02586
1.02603
1.0258
1.02584
1.0256
1.02564
1.02505
1.0246
1.02372
1.02275
1.02124
1.01943
1.01728
1.01439
1.01077
1.00655
1.00104
0.995447
0.987955
0.981211
0.972103
0.965009
0.954791
0.947927
0.938702
0.932421
0.926178
0.922047
0.919761
0.918842
0.919667
0.922685
0.923363
0.929287
1.02822
1.02843
1.02851
1.02883
1.02896
1.02935
1.02936
1.02957
1.02938
1.02948
1.02915
1.0289
1.02808
1.02764
1.02635
1.02543
1.02338
1.02168
1.01861
1.01548
1.01115
1.00631
1.00052
0.993109
0.986179
0.976945
0.96916
0.958383
0.950417
0.93969
0.932348
0.924431
0.91903
0.915138
0.912173
0.912207
0.913662
0.917636
0.919259
0.926067
1.02892
1.02896
1.029
1.0292
1.02926
1.0295
1.02938
1.0295
1.02929
1.0295
1.02903
1.0288
1.02815
1.02747
1.02644
1.02502
1.02318
1.02075
1.01773
1.01405
1.00929
1.00417
0.99667
0.990165
0.98096
0.972619
0.961881
0.953109
0.941521
0.933396
0.923161
0.916061
0.909586
0.905046
0.903298
0.902765
0.904591
0.909373
0.911141
0.919041
1.0333
1.03338
1.03353
1.03381
1.03391
1.03411
1.03404
1.03433
1.03424
1.03423
1.03349
1.03335
1.03207
1.03155
1.02962
1.02828
1.02552
1.02301
1.01923
1.0148
1.00964
1.00267
0.995668
0.986652
0.97796
0.966867
0.957197
0.944917
0.934988
0.922958
0.914272
0.905554
0.899602
0.896099
0.893392
0.894487
0.896867
0.902756
0.905835
0.914686
1.03428
1.03415
1.03428
1.03434
1.03432
1.03435
1.0342
1.03436
1.03422
1.03396
1.03364
1.03299
1.03222
1.03102
1.02939
1.0274
1.02456
1.02165
1.017
1.01253
1.00563
0.998984
0.989831
0.98145
0.969674
0.959577
0.946781
0.935303
0.922217
0.911954
0.900669
0.892498
0.88596
0.88131
0.880392
0.88063
0.883758
0.89072
0.894109
0.903633
1.04008
1.04021
1.04035
1.04052
1.04063
1.04095
1.04096
1.04124
1.04056
1.04064
1.03946
1.03914
1.03741
1.03623
1.03372
1.03125
1.02781
1.02372
1.01862
1.0123
1.00518
0.996217
0.987162
0.975548
0.964506
0.951109
0.938578
0.924322
0.911864
0.898359
0.887844
0.878399
0.872036
0.869031
0.867494
0.869798
0.873737
0.882074
0.887298
0.89887
1.04319
1.04276
1.04302
1.04263
1.04297
1.04242
1.04257
1.04181
1.04156
1.04078
1.03989
1.03893
1.03707
1.03559
1.03244
1.03004
1.0253
1.02124
1.01418
1.00794
0.998263
0.989561
0.977257
0.965894
0.951433
0.93834
0.922036
0.907677
0.892129
0.879145
0.86658
0.857536
0.851041
0.846917
0.847031
0.849102
0.854282
0.864153
0.869935
0.883626
1.04918
1.04956
1.04959
1.05004
1.05011
1.05028
1.05018
1.04989
1.04953
1.04872
1.04781
1.04623
1.04436
1.04171
1.03846
1.03427
1.02909
1.02266
1.01513
1.00595
0.995747
0.983634
0.971027
0.95605
0.941157
0.923982
0.907801
0.89032
0.874721
0.859354
0.847319
0.837361
0.831103
0.829286
0.830345
0.834375
0.84132
0.853299
0.861793
0.876815
1.05799
1.05764
1.05762
1.05724
1.05702
1.05644
1.0558
1.05487
1.0535
1.05205
1.04969
1.04754
1.04391
1.04089
1.03558
1.03116
1.02338
1.01684
1.00598
0.996677
0.98264
0.970302
0.953183
0.937623
0.918193
0.900123
0.879389
0.861122
0.84207
0.826432
0.812436
0.802966
0.797462
0.795243
0.798057
0.803078
0.811545
0.825381
0.83518
0.854155
1.06494
1.065
1.06485
1.06482
1.06475
1.06417
1.06388
1.06233
1.06147
1.05884
1.05724
1.05347
1.05071
1.04544
1.04071
1.0332
1.02547
1.01491
1.00342
0.989454
0.974104
0.956814
0.937772
0.917379
0.896148
0.873646
0.852139
0.830568
0.811221
0.794279
0.781326
0.772507
0.768174
0.769021
0.775201
0.782621
0.794632
0.811735
0.82738
0.841117
1.08508
1.08483
1.08321
1.0834
1.08122
1.08074
1.07754
1.076
1.07179
1.06915
1.06395
1.05993
1.05317
1.04694
1.0375
1.02809
1.0149
1.00175
0.984367
0.967569
0.946064
0.926019
0.900993
0.878309
0.850511
0.826664
0.799248
0.776103
0.753781
0.736288
0.722442
0.714556
0.711587
0.714633
0.723818
0.733866
0.749044
0.770396
0.786447
0.818171
1.0961
1.09526
1.09591
1.09379
1.09192
1.08869
1.08572
1.08184
1.07808
1.07333
1.06837
1.06147
1.05403
1.04362
1.03257
1.01776
1.00235
0.982938
0.963092
0.939636
0.915579
0.888572
0.860399
0.830929
0.800369
0.771092
0.741339
0.71713
0.694494
0.678729
0.667631
0.663545
0.666785
0.67545
0.69098
0.708363
0.726839
0.75426
0.77821
0.800665
1.16497
1.15763
1.1449
1.13864
1.12852
1.12507
1.11688
1.11435
1.10522
1.10032
1.08735
1.0782
1.06046
1.0462
1.02348
1.00355
0.975932
0.950218
0.918214
0.887125
0.851138
0.815024
0.776394
0.738967
0.700542
0.665352
0.632507
0.603681
0.581689
0.562395
0.559724
0.553626
0.563853
0.576815
0.601303
0.63002
0.650461
0.685157
0.726346
0.759128
1.15006
1.14311
1.15074
1.14849
1.15455
1.1509
1.14898
1.13759
1.12594
1.10674
1.0866
1.06124
1.0338
1.00323
0.968918
0.933624
0.893007
0.853551
0.808073
0.765957
0.718504
0.675969
0.629899
0.590892
0.548028
0.520096
0.486117
0.477741
0.454161
0.470859
0.472139
0.498884
0.528569
0.569768
0.603886
0.648173
0.690422
0.725071
0.761927
0.801977
1.46604
1.4445
1.40613
1.37355
1.32729
1.28574
1.23476
1.19
1.13625
1.08977
1.0344
0.986529
0.929673
0.879935
0.821719
0.770397
0.711317
0.659463
0.599495
0.547629
0.486923
0.437869
0.380372
0.335938
0.296571
0.261972
0.265333
0.274556
0.274818
0.327406
0.377199
0.420833
0.498338
0.541382
0.622018
0.666453
0.743305
0.788402
0.858536
0.898563
0.999981
1
1
1
1.00001
1.00001
1.00001
1.00001
1.00001
1.00001
1.00001
1.00001
1
1
1
1
1
1
1
1
1
1
1
1
1
1
1
0.999999
0.999999
0.999998
0.999997
0.999997
0.999995
0.999995
0.999994
0.999993
0.999993
0.999994
0.999997
0.999975
0.999986
1.00002
1.00001
1.00001
1.00001
1
1
1
1
1
1
1
1
1
1
1
1
0.999999
0.999999
0.999998
0.999996
0.999995
0.999993
0.999991
0.99999
0.99999
0.99999
0.999989
0.999989
0.999988
0.999987
0.999986
0.999985
0.999985
0.999986
0.999986
0.999987
0.999987
0.999987
0.999941
0.999999
1.00006
1.00006
1.00005
1.00005
1.00005
1.00005
1.00005
1.00005
1.00004
1.00004
1.00004
1.00003
1.00003
1.00003
1.00002
1.00002
1.00002
1.00001
1.00001
1
0.999998
0.999993
0.999989
0.999984
0.99998
0.999975
0.999971
0.999966
0.99996
0.999954
0.99995
0.999945
0.999941
0.999937
0.999934
0.999932
0.999933
0.99994
0.99986
1.00002
1.00012
1.00011
1.0001
1.00009
1.00008
1.00008
1.00007
1.00006
1.00006
1.00005
1.00005
1.00004
1.00004
1.00003
1.00003
1.00002
1.00001
1
0.999997
0.999989
0.99998
0.999971
0.999961
0.999951
0.999941
0.99993
0.99992
0.99991
0.999902
0.999894
0.999888
0.999883
0.999879
0.999877
0.999876
0.999876
0.999875
0.999881
0.999773
1.00004
1.00017
1.00016
1.00014
1.00013
1.00013
1.00012
1.00011
1.00011
1.0001
1.00009
1.00008
1.00007
1.00007
1.00006
1.00005
1.00003
1.00002
1.00001
1
0.999989
0.999975
0.999962
0.999949
0.999936
0.999924
0.999911
0.999899
0.999886
0.999873
0.999861
0.99985
0.99984
0.999831
0.999823
0.999817
0.999816
0.999821
0.999831
0.999679
1.00008
1.00027
1.00026
1.00024
1.00023
1.00022
1.00021
1.0002
1.00019
1.00018
1.00017
1.00016
1.00015
1.00014
1.00013
1.00011
1.0001
1.00008
1.00007
1.00005
1.00003
1.00001
0.999988
0.999966
0.999943
0.99992
0.999897
0.999874
0.99985
0.999827
0.999805
0.999783
0.999764
0.999747
0.999735
0.999725
0.999721
0.999718
0.999723
0.999538
1.00013
1.00034
1.00033
1.00031
1.0003
1.00029
1.00028
1.00027
1.00026
1.00025
1.00023
1.00022
1.0002
1.00019
1.00017
1.00015
1.00013
1.0001
1.00008
1.00005
1.00003
1
0.999971
0.999942
0.999912
0.999881
0.999851
0.999822
0.999794
0.999768
0.999743
0.99972
0.999698
0.999678
0.999662
0.999651
0.999644
0.999641
0.999646
0.999423
1.00017
1.00044
1.00043
1.00042
1.00041
1.00039
1.00038
1.00037
1.00035
1.00034
1.00032
1.0003
1.00028
1.00026
1.00024
1.00022
1.00019
1.00016
1.00013
1.0001
1.00007
1.00003
1
0.999964
0.999928
0.999891
0.999853
0.999815
0.999777
0.999739
0.999703
0.999669
0.999638
0.99961
0.999586
0.999565
0.999552
0.999548
0.999553
0.999278
1.00025
1.00056
1.00055
1.00054
1.00053
1.00053
1.00052
1.00051
1.00049
1.00048
1.00046
1.00044
1.00042
1.0004
1.00037
1.00034
1.0003
1.00027
1.00023
1.00019
1.00015
1.0001
1.00005
1
0.999953
0.999902
0.999851
0.999799
0.999749
0.9997
0.999654
0.999611
0.999569
0.999531
0.999497
0.999472
0.999451
0.999441
0.999435
0.999115
1.00031
1.00066
1.00065
1.00063
1.00062
1.0006
1.00059
1.00057
1.00056
1.00053
1.00051
1.00049
1.00046
1.00043
1.0004
1.00036
1.00032
1.00028
1.00024
1.00019
1.00013
1.00008
1.00002
0.99997
0.999911
0.999851
0.99979
0.99973
0.999669
0.999611
0.999553
0.999495
0.999448
0.999406
0.999367
0.999335
0.999314
0.999296
0.999293
0.99892
1.00038
1.00076
1.00073
1.00071
1.00069
1.00067
1.00064
1.00062
1.00059
1.00056
1.00053
1.00049
1.00046
1.00041
1.00037
1.00032
1.00027
1.00021
1.00015
1.00009
1.00003
0.999962
0.999891
0.999817
0.999742
0.999668
0.999594
0.999522
0.999454
0.999386
0.999324
0.999274
0.999218
0.999168
0.999126
0.999093
0.999068
0.999061
0.99905
0.998656
1.00046
1.00087
1.00085
1.00083
1.0008
1.00077
1.00074
1.00071
1.00067
1.00063
1.00059
1.00055
1.0005
1.00045
1.0004
1.00034
1.00028
1.00021
1.00014
1.00006
0.999988
0.99991
0.999827
0.999746
0.999663
0.999577
0.999491
0.999406
0.999317
0.999237
0.999159
0.999078
0.999019
0.998967
0.998923
0.998884
0.998859
0.998834
0.998838
0.998376
1.0006
1.00107
1.00104
1.00103
1.001
1.00098
1.00095
1.00092
1.00089
1.00085
1.00081
1.00076
1.00071
1.00066
1.0006
1.00053
1.00046
1.00039
1.0003
1.00023
1.00014
1.00004
0.999939
0.99983
0.999721
0.999615
0.999509
0.999402
0.999307
0.999207
0.999114
0.999043
0.998951
0.998868
0.998799
0.998746
0.998699
0.998689
0.998663
0.998186
1.00079
1.00131
1.00131
1.00129
1.00126
1.00125
1.00122
1.0012
1.00117
1.00114
1.0011
1.00105
1.001
1.00094
1.00088
1.00082
1.00074
1.00065
1.00055
1.00045
1.00035
1.00024
1.00012
1
0.999882
0.999752
0.999623
0.999493
0.999352
0.999224
0.999096
0.998953
0.998858
0.998774
0.998691
0.998619
0.998564
0.998496
0.998506
0.997953
1.00095
1.0015
1.00148
1.00146
1.00144
1.00142
1.00139
1.00136
1.00133
1.00129
1.00124
1.00118
1.00113
1.00107
1.00099
1.0009
1.00082
1.00072
1.00061
1.0005
1.00037
1.00024
1.0001
0.999952
0.999798
0.999649
0.999495
0.999343
0.999208
0.999066
0.998931
0.99883
0.998692
0.99856
0.998458
0.99837
0.998303
0.998286
0.998224
0.997669
1.00107
1.00167
1.00164
1.00161
1.00157
1.00153
1.00149
1.00144
1.00139
1.00133
1.00127
1.0012
1.00112
1.00103
1.00094
1.00084
1.00073
1.00061
1.00048
1.00034
1.0002
1.00005
0.999886
0.999732
0.999572
0.999402
0.999234
0.999068
0.998884
0.998716
0.998555
0.998373
0.99826
0.99816
0.998054
0.997974
0.997908
0.99782
0.997831
0.997166
1.0012
1.00183
1.0018
1.00177
1.00173
1.00169
1.00164
1.00159
1.00153
1.00146
1.00138
1.00131
1.00123
1.00114
1.00102
1.00089
1.00076
1.00062
1.00047
1.00031
1.00014
0.999964
0.999788
0.999591
0.999391
0.999197
0.998994
0.998793
0.998618
0.998438
0.998263
0.99813
0.99795
0.997787
0.997669
0.997554
0.997468
0.997462
0.997373
0.99674
1.00143
1.00213
1.00211
1.00208
1.00204
1.002
1.00195
1.0019
1.00184
1.00178
1.00172
1.00164
1.00153
1.00142
1.00132
1.00121
1.00107
1.00093
1.00077
1.00061
1.00043
1.00023
1.00001
0.9998
0.999581
0.999347
0.999123
0.998897
0.998646
0.998408
0.998192
0.997958
0.997786
0.99763
0.99747
0.997358
0.997281
0.997147
0.997169
0.996402
1.00177
1.00249
1.00247
1.00243
1.0024
1.00235
1.00231
1.00226
1.0022
1.00213
1.00206
1.00198
1.00189
1.00178
1.00164
1.00148
1.00132
1.00115
1.00096
1.00075
1.00054
1.00033
1.00011
0.999865
0.999613
0.999364
0.999091
0.998822
0.998578
0.998336
0.998079
0.997865
0.997643
0.997436
0.997268
0.997092
0.996918
0.996911
0.996781
0.996037
1.00194
1.00271
1.00268
1.00266
1.00261
1.00257
1.00252
1.00246
1.00239
1.00232
1.00223
1.00212
1.00199
1.00186
1.00172
1.00159
1.00142
1.00125
1.00106
1.00085
1.00061
1.00035
1.00007
0.99978
0.999488
0.99918
0.998898
0.998607
0.9983
0.997999
0.997724
0.99745
0.997219
0.996992
0.99679
0.996653
0.996574
0.996382
0.996413
0.995541
1.00214
1.00295
1.00292
1.00286
1.00282
1.00276
1.0027
1.00263
1.00256
1.00247
1.00237
1.00227
1.00217
1.00202
1.00185
1.00165
1.00146
1.00123
1.00099
1.00074
1.00048
1.00021
0.999938
0.999645
0.999342
0.999032
0.99868
0.99834
0.998017
0.997702
0.997391
0.997072
0.996774
0.996541
0.996317
0.996098
0.995882
0.995874
0.995689
0.994906
1.00238
1.00322
1.00319
1.00317
1.00313
1.00308
1.00302
1.00295
1.00288
1.0028
1.0027
1.00256
1.0024
1.00226
1.00209
1.00196
1.00177
1.00155
1.00131
1.00104
1.00073
1.00042
1.00006
0.999691
0.999306
0.998913
0.998557
0.998177
0.99779
0.997415
0.997053
0.996747
0.996431
0.996118
0.995874
0.995668
0.995567
0.995332
0.99535
0.994358
1.00276
1.00366
1.00364
1.00358
1.00353
1.00347
1.00341
1.00334
1.00325
1.00314
1.00301
1.0029
1.00279
1.00263
1.00245
1.00219
1.00195
1.00168
1.00139
1.00111
1.00082
1.00048
1.00014
0.999788
0.999419
0.999027
0.998583
0.998163
0.997747
0.997326
0.996931
0.996507
0.996154
0.995834
0.995511
0.995252
0.994955
0.994918
0.994696
0.99381
1.00304
1.00393
1.0039
1.00387
1.00383
1.00379
1.00372
1.00366
1.00357
1.00348
1.00339
1.00323
1.00304
1.00288
1.00267
1.00251
1.00229
1.00203
1.00175
1.0014
1.00101
1.00062
1.00019
0.999722
0.999245
0.998767
0.998317
0.997826
0.997345
0.996888
0.996422
0.996034
0.995614
0.99526
0.994975
0.994698
0.994551
0.994278
0.994271
0.99318
1.00341
1.00434
1.00432
1.00428
1.00422
1.00415
1.00408
1.004
1.0039
1.00377
1.00361
1.00347
1.00334
1.00317
1.00298
1.00267
1.00238
1.00208
1.00174
1.00141
1.00107
1.00069
1.00026
0.999816
0.999345
0.99885
0.998309
0.997798
0.997277
0.99674
0.996242
0.995718
0.995279
0.994807
0.994385
0.994055
0.993731
0.993648
0.99341
0.992524
1.00366
1.00461
1.00459
1.00456
1.00452
1.00446
1.00439
1.00432
1.00423
1.00412
1.00403
1.00388
1.0037
1.00346
1.00322
1.00305
1.00279
1.00249
1.00215
1.00173
1.00123
1.00075
1.00025
0.999714
0.999154
0.998553
0.997977
0.997354
0.996747
0.996178
0.995601
0.995078
0.994559
0.994164
0.993781
0.993442
0.993182
0.992855
0.99279
0.991604
1.00418
1.00514
1.0051
1.00505
1.00499
1.00493
1.00487
1.00478
1.00467
1.00454
1.00435
1.00419
1.004
1.00384
1.00362
1.00329
1.00295
1.00263
1.00224
1.00188
1.0015
1.00102
1.00049
0.99991
0.999307
0.998726
0.99807
0.997441
0.996798
0.996127
0.995502
0.994871
0.994294
0.993688
0.993185
0.992732
0.992392
0.992195
0.991966
0.99105
1.00445
1.00541
1.0054
1.00538
1.00534
1.00527
1.0052
1.00511
1.00501
1.0049
1.00479
1.00464
1.00446
1.0042
1.00395
1.00371
1.00342
1.00309
1.0027
1.00218
1.00161
1.00104
1.00046
0.999838
0.999187
0.998438
0.997724
0.996968
0.996197
0.995502
0.994763
0.994142
0.993477
0.992955
0.99245
0.992046
0.991652
0.99136
0.991165
0.989933
1.00497
1.00594
1.00591
1.00585
1.00579
1.00574
1.00568
1.00558
1.00547
1.00533
1.00516
1.00498
1.00476
1.00456
1.0043
1.004
1.00363
1.00326
1.00283
1.0024
1.00195
1.0014
1.00076
1.00008
0.999312
0.998593
0.997818
0.997031
0.996275
0.995409
0.994662
0.993808
0.993153
0.992434
0.991798
0.991236
0.990826
0.990471
0.990306
0.989293
1.00527
1.00625
1.00623
1.00622
1.00619
1.00611
1.00605
1.00595
1.00585
1.00572
1.00559
1.00542
1.00524
1.00502
1.00477
1.00446
1.00416
1.00377
1.00335
1.00281
1.00215
1.00149
1.00078
0.999999
0.999263
0.998391
0.997504
0.996613
0.99561
0.994793
0.993865
0.993139
0.992251
0.99156
0.990957
0.990399
0.98992
0.989556
0.989201
0.988033
1.00581
1.00678
1.00674
1.00669
1.00663
1.00659
1.00652
1.00643
1.00632
1.00618
1.00603
1.00584
1.00564
1.00539
1.00508
1.00479
1.00442
1.00402
1.00353
1.00299
1.0025
1.00185
1.00111
1.00034
0.999424
0.99853
0.997554
0.996552
0.995695
0.994605
0.993668
0.992607
0.991824
0.990962
0.99015
0.989506
0.988933
0.988542
0.988316
0.987263
1.00613
1.00711
1.00711
1.00708
1.00706
1.00698
1.00694
1.00685
1.00674
1.00661
1.00645
1.00628
1.00607
1.00584
1.00562
1.00535
1.005
1.00462
1.00417
1.00362
1.00284
1.00209
1.00128
1.00034
0.999418
0.998395
0.997417
0.996378
0.995112
0.994093
0.992997
0.992066
0.990981
0.990088
0.989312
0.988551
0.987981
0.98742
0.987044
0.985776
1.00671
1.0077
1.00763
1.00758
1.00752
1.0075
1.00742
1.00735
1.00724
1.00711
1.00697
1.00675
1.00657
1.00636
1.00604
1.00572
1.00537
1.00496
1.00443
1.00383
1.00328
1.00248
1.00161
1.00069
0.999675
0.998607
0.997341
0.996086
0.995005
0.9937
0.992486
0.991221
0.990193
0.989182
0.988254
0.987494
0.986783
0.986274
0.985917
0.984886
1.00702
1.008
1.00801
1.00797
1.00793
1.00789
1.00787
1.00781
1.00771
1.00759
1.00739
1.00723
1.00699
1.00674
1.00658
1.00633
1.00602
1.00563
1.00517
1.00455
1.0037
1.0029
1.00198
1.00091
0.999773
0.998552
0.997405
0.996197
0.994787
0.99348
0.992122
0.990913
0.989666
0.9885
0.987479
0.986426
0.985682
0.985072
0.984591
0.983125
1.00764
1.00861
1.00853
1.0085
1.00844
1.0084
1.00835
1.00834
1.00824
1.00812
1.00797
1.00771
1.00754
1.00736
1.00709
1.00682
1.0065
1.00614
1.0056
1.00501
1.00432
1.00336
1.00236
1.00127
1.00007
0.998793
0.99737
0.99577
0.994268
0.992724
0.991207
0.989676
0.988328
0.987117
0.985963
0.985186
0.984139
0.983634
0.982903
0.9821
1.00796
1.00894
1.00895
1.00889
1.00884
1.00879
1.00888
1.00883
1.00876
1.00863
1.00844
1.00829
1.00804
1.00781
1.00768
1.0075
1.00723
1.00687
1.00648
1.00578
1.0049
1.00399
1.00294
1.00177
1.00047
0.999035
0.997519
0.996151
0.994577
0.992919
0.991212
0.989547
0.988036
0.986721
0.9852
0.984114
0.982864
0.982555
0.981588
0.980049
1.00861
1.00957
1.00944
1.00944
1.00937
1.00929
1.00941
1.00947
1.00931
1.00918
1.00908
1.00883
1.00861
1.00845
1.00832
1.00819
1.00787
1.00756
1.00724
1.00653
1.00561
1.00461
1.00353
1.00229
1.00089
0.999325
0.997684
0.995768
0.993935
0.992009
0.990109
0.988129
0.986338
0.985137
0.983159
0.982716
0.980647
0.980851
0.979273
0.978843
1.00894
1.0099
1.00984
1.0098
1.00984
1.00959
1.00996
1.00998
1.00991
1.00971
1.00964
1.00946
1.0092
1.00909
1.00899
1.00902
1.00876
1.00833
1.00837
1.00748
1.00649
1.0055
1.00441
1.00314
1.00163
0.999962
0.99811
0.996391
0.994447
0.992322
0.990176
0.98808
0.985897
0.984534
0.982243
0.981365
0.979343
0.979651
0.977823
0.976446
1.00982
1.01074
1.01036
1.01043
1.01049
1.01025
1.01067
1.01089
1.01065
1.0103
1.01042
1.01037
1.00995
1.00985
1.01003
1.01014
1.0099
1.00931
1.00958
1.00855
1.00761
1.00665
1.00553
1.00427
1.00272
1.00087
0.998719
0.996636
0.994412
0.991954
0.989731
0.986999
0.983998
0.982941
0.979804
0.97961
0.976715
0.977456
0.975344
0.975056
1.00927
1.01067
1.01076
1.01083
1.01085
1.01065
1.01127
1.01134
1.0112
1.01101
1.01113
1.01113
1.01095
1.01131
1.01116
1.01131
1.01093
1.01054
1.01093
1.00954
1.00885
1.008
1.00693
1.00565
1.0041
1.00218
0.999762
0.997668
0.995172
0.992522
0.98954
0.987237
0.984031
0.981117
0.97912
0.976786
0.975847
0.975114
0.974077
0.971222
1.01377
1.01288
1.01233
1.01267
1.01314
1.01333
1.01381
1.01397
1.0144
1.01455
1.01494
1.01504
1.01545
1.01568
1.01613
1.01646
1.01656
1.01697
1.01698
1.01722
1.0173
1.01708
1.01681
1.01604
1.01504
1.01354
1.01104
1.00843
1.00308
0.996272
0.995211
0.956791
0.841028
0.7734
0.76586
0.819566
0.969071
1.17829
1.25657
1.21863
1.01377
1.01225
1.01197
1.01253
1.01285
1.01312
1.01338
1.0136
1.01388
1.0141
1.01438
1.01451
1.0149
1.01502
1.01553
1.01571
1.01591
1.01611
1.01608
1.01618
1.01611
1.01563
1.01564
1.01446
1.01389
1.01273
1.01035
1.00858
1.0053
1.00169
1.00614
0.97725
0.862772
0.798215
0.799749
0.851876
0.964442
1.10919
1.17894
1.1684
1.01478
1.01173
1.01193
1.01221
1.01246
1.01271
1.01287
1.01319
1.01338
1.01369
1.01383
1.01409
1.01429
1.0144
1.01479
1.01488
1.01517
1.01528
1.01524
1.0152
1.01506
1.01445
1.01457
1.01319
1.01286
1.01183
1.0098
1.0089
1.00731
1.00765
1.01485
0.996865
0.887962
0.81703
0.821616
0.872604
0.959491
1.06477
1.12393
1.12396
1.01522
1.01171
1.01195
1.01186
1.01209
1.01235
1.01252
1.01288
1.013
1.01333
1.01341
1.01369
1.01378
1.01392
1.01416
1.01418
1.0144
1.0144
1.01439
1.01428
1.01423
1.01354
1.01347
1.01222
1.01181
1.01084
1.00934
1.00934
1.00904
1.01295
1.02169
1.01197
0.913539
0.833177
0.836782
0.884608
0.955309
1.03393
1.08439
1.08836
1.01515
1.01168
1.01186
1.01152
1.0118
1.01208
1.01219
1.01255
1.0126
1.01295
1.01299
1.01328
1.01333
1.01352
1.01367
1.01365
1.0138
1.01367
1.01372
1.01352
1.01344
1.01267
1.0124
1.01144
1.01087
1.00988
1.00904
1.00975
1.01039
1.01678
1.02675
1.0213
0.935587
0.849772
0.849364
0.891854
0.951857
1.01253
1.05509
1.06099
1.01489
1.01156
1.0117
1.01124
1.01159
1.0118
1.01185
1.01221
1.01223
1.01254
1.01252
1.01282
1.01285
1.01306
1.01316
1.01317
1.01332
1.01311
1.01314
1.0128
1.0126
1.01182
1.01153
1.0108
1.01006
1.00901
1.00877
1.00989
1.01107
1.01867
1.02935
1.02519
0.952897
0.868556
0.862306
0.897984
0.949015
0.997884
1.03314
1.03919
1.01469
1.01125
1.01145
1.01107
1.01141
1.01151
1.0116
1.01193
1.01188
1.01212
1.01209
1.01238
1.01239
1.01254
1.0126
1.0126
1.01271
1.01243
1.01241
1.01197
1.01169
1.01103
1.01073
1.00997
1.00923
1.00829
1.00833
1.0095
1.01107
1.01865
1.02881
1.02471
0.966079
0.888798
0.877092
0.904798
0.94708
0.987693
1.01655
1.02149
1.01425
1.01094
1.01117
1.0109
1.0112
1.01121
1.01136
1.0116
1.01153
1.01174
1.01174
1.01199
1.01197
1.01209
1.01215
1.01206
1.0121
1.01177
1.01165
1.0112
1.01091
1.01035
1.00995
1.00914
1.00853
1.0078
1.0077
1.00871
1.01044
1.01676
1.02533
1.02144
0.975523
0.908387
0.89366
0.912895
0.946668
0.980495
1.00386
1.00731
1.01398
1.01062
1.01084
1.01065
1.01094
1.01091
1.01106
1.01119
1.01114
1.01134
1.01135
1.01156
1.01156
1.01168
1.01172
1.01153
1.01149
1.01116
1.01093
1.01054
1.01024
1.00969
1.00927
1.00844
1.00786
1.00719
1.00665
1.00747
1.00908
1.01371
1.02015
1.01678
0.98143
0.925833
0.910482
0.922204
0.947867
0.975639
0.994459
0.996409
1.01395
1.01035
1.01055
1.01034
1.01064
1.0106
1.01074
1.01083
1.01083
1.01101
1.01102
1.01116
1.01118
1.01126
1.01123
1.01096
1.01092
1.01067
1.0104
1.01008
1.00972
1.00916
1.00871
1.00778
1.00714
1.00638
1.00546
1.00615
1.00778
1.01069
1.01473
1.01178
0.984716
0.940493
0.925935
0.931998
0.950198
0.972409
0.987861
0.988752
1.01385
1.01018
1.01042
1.01
1.0103
1.01024
1.01039
1.01049
1.0105
1.01065
1.01061
1.0107
1.01071
1.0107
1.01063
1.01036
1.01036
1.01018
1.00986
1.00952
1.00913
1.00852
1.00796
1.00702
1.00637
1.00559
1.00452
1.00509
1.00648
1.00773
1.00979
1.00668
0.98607
0.952216
0.939082
0.941451
0.953433
0.970431
0.98328
0.983973
1.01362
1.01002
1.01031
1.00962
1.00997
1.00985
1.01005
1.01012
1.01012
1.01024
1.01017
1.01023
1.01024
1.01018
1.01013
1.0099
1.00989
1.00969
1.00927
1.00892
1.00847
1.0078
1.00721
1.00636
1.00572
1.00505
1.00407
1.00445
1.00526
1.00498
1.00552
1.00179
0.986495
0.96127
0.949769
0.950278
0.957538
0.969913
0.980154
0.980958
1.01316
1.00979
1.01011
1.00927
1.00972
1.00947
1.00974
1.00976
1.00974
1.00983
1.00975
1.0098
1.00983
1.00978
1.00977
1.00954
1.00946
1.00917
1.0087
1.00832
1.00779
1.00706
1.00651
1.00583
1.00519
1.00469
1.00394
1.00394
1.00398
1.00247
1.00193
0.997876
0.98636
0.967907
0.958003
0.958275
0.962096
0.970642
0.978292
0.978889
1.01285
1.0095
1.00977
1.00894
1.00947
1.00915
1.00946
1.00942
1.00941
1.00948
1.00941
1.00947
1.00952
1.00947
1.00944
1.00919
1.00899
1.00862
1.0081
1.00771
1.00714
1.0064
1.00596
1.0054
1.00479
1.00449
1.00392
1.0033
1.00252
1.00031
0.999053
0.995147
0.986103
0.972765
0.96423
0.964906
0.966588
0.9719
0.977042
0.977397
1.01264
1.00917
1.00942
1.00861
1.0092
1.00886
1.00921
1.00912
1.00913
1.0092
1.00916
1.00921
1.00922
1.0091
1.00901
1.00872
1.00841
1.008
1.00744
1.00706
1.00658
1.00597
1.00563
1.00519
1.00453
1.00419
1.00362
1.00236
1.00095
0.998558
0.996735
0.993168
0.985774
0.976299
0.968855
0.969952
0.970764
0.97341
0.97599
0.976152
1.01232
1.00883
1.00909
1.0083
1.00891
1.00853
1.00889
1.00878
1.00883
1.00888
1.00885
1.00889
1.00882
1.00865
1.00851
1.00822
1.00784
1.00743
1.00695
1.00662
1.00621
1.00574
1.00551
1.00501
1.00414
1.00356
1.00289
1.00128
0.999543
0.997237
0.994931
0.991811
0.98548
0.978891
0.972288
0.973881
0.974509
0.975308
0.975499
0.975457
1.01194
1.00851
1.00882
1.00803
1.00862
1.00822
1.0086
1.00849
1.00859
1.0086
1.00855
1.00854
1.00844
1.00826
1.0081
1.00783
1.00746
1.00711
1.00676
1.0065
1.00608
1.00562
1.00537
1.00475
1.0037
1.0029
1.00215
1.00048
0.998583
0.996432
0.993743
0.991128
0.985428
0.980955
0.974861
0.977131
0.977645
0.977508
0.975738
0.975545
1.01155
1.00823
1.0086
1.00774
1.00834
1.0079
1.00831
1.00816
1.0083
1.00826
1.00819
1.00813
1.00799
1.00783
1.00769
1.00744
1.00712
1.00682
1.00654
1.00632
1.00588
1.00535
1.00501
1.00439
1.00335
1.00243
1.0016
0.999972
0.997964
0.996029
0.993071
0.990963
0.985597
0.982799
0.976856
0.979739
0.979967
0.979783
0.976445
0.97626
1.0112
1.00795
1.00836
1.00739
1.00804
1.00755
1.00802
1.00781
1.00796
1.00788
1.00777
1.00769
1.00756
1.00745
1.00732
1.00712
1.00683
1.00656
1.00629
1.00608
1.00566
1.00507
1.00467
1.00406
1.00307
1.00205
1.00109
0.999531
0.997446
0.995782
0.992609
0.990997
0.985768
0.984359
0.978336
0.981677
0.981443
0.982128
0.977642
0.97694
1.01092
1.00764
1.00802
1.00697
1.0077
1.0072
1.00773
1.00746
1.00763
1.00749
1.00742
1.00737
1.00727
1.00721
1.00709
1.00692
1.00669
1.0064
1.00609
1.00587
1.00542
1.00477
1.0043
1.00367
1.00265
1.00148
1.0004
0.998986
0.996886
0.995506
0.992198
0.991104
0.985939
0.985682
0.97945
0.983144
0.982279
0.984681
0.979281
0.977244
1.01077
1.00729
1.00758
1.00648
1.00733
1.0069
1.00747
1.0072
1.00738
1.00724
1.00724
1.00722
1.00717
1.00713
1.00705
1.00687
1.00666
1.00629
1.00594
1.00562
1.00513
1.00443
1.00391
1.0032
1.00211
1.00087
0.999709
0.998486
0.996374
0.99527
0.991875
0.991341
0.98613
0.986781
0.98015
0.984382
0.982777
0.987292
0.981077
0.97755
1.01069
1.00693
1.00703
1.00602
1.007
1.0066
1.00718
1.00694
1.00718
1.00704
1.00713
1.00714
1.00711
1.00704
1.00691
1.00671
1.00648
1.00604
1.00563
1.00526
1.00474
1.00406
1.0035
1.00275
1.00167
1.00048
0.999294
0.998233
0.996101
0.995247
0.991819
0.991732
0.986495
0.987878
0.980607
0.985499
0.983099
0.989414
0.983053
0.978233
1.01032
1.00639
1.00661
1.00572
1.00676
1.00638
1.00692
1.00669
1.00699
1.00687
1.007
1.00699
1.00691
1.0068
1.00661
1.00639
1.00615
1.00568
1.00528
1.00488
1.00435
1.00373
1.00313
1.00237
1.00135
1.00026
0.999034
0.998065
0.995913
0.995306
0.991836
0.992142
0.986832
0.988784
0.980791
0.986438
0.983193
0.990501
0.984208
0.980485
1.00929
1.00586
1.00635
1.0056
1.00661
1.00619
1.00674
1.0065
1.00684
1.00672
1.00685
1.0068
1.00667
1.00651
1.00631
1.00607
1.00583
1.00538
1.00498
1.00456
1.00405
1.00347
1.00284
1.00208
1.00109
1.00011
0.998839
0.997951
0.995822
0.995416
0.991975
0.992507
0.987275
0.989627
0.981144
0.987165
0.983009
0.990569
0.983346
0.986429
1.00782
1.00535
1.00623
1.00561
1.00653
1.0061
1.0067
1.00643
1.00679
1.00667
1.00679
1.00669
1.00652
1.00633
1.00615
1.0059
1.00565
1.00521
1.00478
1.00429
1.00378
1.00322
1.00256
1.0018
1.00085
0.999909
0.998609
0.997811
0.995725
0.995486
0.992129
0.992836
0.987723
0.990242
0.98176
0.987723
0.982096
0.990067
0.98127
0.993378
1.00608
1.00499
1.00623
1.00567
1.00647
1.00601
1.00667
1.00638
1.00673
1.00658
1.0067
1.00656
1.00638
1.00615
1.00595
1.00568
1.0054
1.00497
1.00451
1.00399
1.00348
1.00294
1.00227
1.00155
1.00064
0.999742
0.998455
0.99776
0.99577
0.995627
0.992479
0.993198
0.988392
0.990875
0.982946
0.988427
0.980782
0.989229
0.979009
0.999289
1.00411
1.00489
1.00629
1.00576
1.00645
1.00597
1.00662
1.00634
1.0067
1.00648
1.00657
1.0064
1.00621
1.00597
1.00575
1.00544
1.00512
1.00473
1.00425
1.00375
1.00325
1.00271
1.00204
1.00139
1.00052
0.999641
0.998377
0.997784
0.9959
0.995811
0.992907
0.993589
0.989159
0.991382
0.984475
0.989488
0.981141
0.989621
0.978629
1.00025
1.00172
1.00502
1.00639
1.00587
1.00643
1.00592
1.00646
1.00623
1.00661
1.00631
1.00634
1.00616
1.00599
1.00572
1.00547
1.00514
1.00481
1.00444
1.00398
1.00351
1.00301
1.00248
1.00181
1.00123
1.00041
0.999535
0.998325
0.997823
0.996098
0.996012
0.99346
0.993987
0.990129
0.991941
0.986292
0.990851
0.983126
0.992356
0.983978
0.990072
0.999108
1.00547
1.00673
1.00609
1.00641
1.0059
1.00625
1.0061
1.00657
1.00623
1.00614
1.00596
1.00584
1.00556
1.00527
1.00493
1.00462
1.00427
1.00378
1.00338
1.00287
1.00229
1.00163
1.00109
1.0003
0.999418
0.998259
0.997842
0.996261
0.996161
0.993964
0.99435
0.99111
0.992332
0.988043
0.992127
0.986848
0.995562
0.994945
0.972215
0.996669
1.00646
1.00712
1.0062
1.00619
1.00576
1.00592
1.00589
1.00643
1.00608
1.0059
1.00573
1.00563
1.00536
1.00504
1.0047
1.00442
1.00407
1.00356
1.0032
1.00271
1.00208
1.00141
1.00091
1.00016
0.999292
0.998218
0.997845
0.996461
0.996295
0.994525
0.99466
0.992203
0.992712
0.989819
0.992952
0.990543
0.99715
1.00731
0.95506
0.995038
1.00752
1.00716
1.00627
1.00593
1.00562
1.00564
1.00574
1.00628
1.00596
1.00571
1.00556
1.00546
1.0052
1.00486
1.00451
1.00428
1.00392
1.00336
1.00306
1.00256
1.00189
1.0012
1.00073
1
0.999161
0.998149
0.997808
0.996574
0.996355
0.994965
0.994889
0.99317
0.992877
0.991472
0.993199
0.994244
0.997026
1.01494
0.943523
0.994233
1.00833
1.00692
1.00625
1.00558
1.00543
1.00532
1.00553
1.00603
1.00572
1.00543
1.00529
1.0052
1.00494
1.00459
1.00425
1.00407
1.0037
1.00311
1.00287
1.00238
1.00168
1.001
1.00055
0.999861
0.999057
0.99815
0.997784
0.996759
0.996425
0.995459
0.995043
0.994167
0.993026
0.993206
0.993164
0.997741
0.995589
1.01771
0.940059
0.994264
1.00882
1.00651
1.00623
1.00527
1.00531
1.00511
1.00541
1.00581
1.00555
1.00524
1.00511
1.00501
1.00475
1.00441
1.00408
1.00393
1.00356
1.00293
1.00272
1.00224
1.00152
1.00085
1.00038
0.999722
0.998968
0.998119
0.997741
0.996853
0.996435
0.995807
0.995116
0.994975
0.993025
0.994851
0.99286
1.00009
0.991935
1.01716
0.942012
0.994855
1.00891
1.00598
1.0061
1.00493
1.00515
1.00486
1.00522
1.00549
1.00528
1.00498
1.00486
1.00473
1.00448
1.00416
1.00384
1.00371
1.00334
1.00269
1.0025
1.00203
1.00133
1.00068
1.00021
0.999599
0.998885
0.998147
0.997699
0.997019
0.996448
0.996191
0.995139
0.995725
0.993074
0.996236
0.992364
1.00099
0.988759
1.01557
0.948456
0.995899
1.00882
1.00541
1.00602
1.00466
1.00509
1.00471
1.00512
1.00525
1.00511
1.00481
1.0047
1.00454
1.00431
1.004
1.00369
1.00356
1.0032
1.00255
1.00233
1.00188
1.00121
1.00057
1.00011
0.999501
0.998844
0.998151
0.997677
0.997111
0.996437
0.996433
0.995116
0.996227
0.99299
0.997103
0.991614
1.00112
0.985425
1.01359
0.955869
0.997238
1.0083
1.0048
1.00577
1.00438
1.00497
1.00449
1.00493
1.00493
1.00484
1.00457
1.00446
1.00429
1.00405
1.00377
1.00346
1.00332
1.00297
1.00235
1.00212
1.00167
1.00106
1.00046
0.999984
0.99943
0.99879
0.998215
0.997649
0.997279
0.996431
0.99672
0.995086
0.996659
0.992972
0.997542
0.990988
1.00099
0.983824
1.01016
0.964451
0.998496
1.0077
1.00433
1.00568
1.00422
1.00493
1.00436
1.00483
1.00472
1.00469
1.00442
1.00431
1.00413
1.00389
1.00363
1.00333
1.00318
1.00283
1.00223
1.00198
1.00154
1.00096
1.00039
0.999916
0.999363
0.998778
0.998221
0.997649
0.997346
0.996421
0.996863
0.995037
0.99689
0.992851
0.997767
0.990146
1.00072
0.983347
1.00769
0.970558
0.999739
1.00678
1.00399
1.0054
1.00404
1.00478
1.00419
1.00463
1.00443
1.00445
1.0042
1.00409
1.0039
1.00367
1.00342
1.00313
1.00294
1.00261
1.00207
1.0018
1.00137
1.00083
1.00029
0.999836
0.999333
0.998746
0.99831
0.997633
0.997524
0.996418
0.997099
0.995009
0.997132
0.992865
0.997826
0.989858
0.999911
0.984324
1.00454
0.976971
1.00041
1.00641
1.00381
1.00532
1.00396
1.00475
1.0041
1.00456
1.0043
1.00434
1.00408
1.00397
1.00378
1.00355
1.00331
1.00303
1.00282
1.0025
1.00199
1.0017
1.00128
1.00077
1.00025
0.999805
0.999296
0.998754
0.998323
0.997651
0.997575
0.996428
0.997179
0.994978
0.997215
0.992838
0.997842
0.989778
0.99967
0.985049
1.00299
0.980066
1.00141
1.00546
1.00362
1.00495
1.00379
1.00454
1.0039
1.00433
1.004
1.00408
1.00381
1.00372
1.00351
1.0033
1.00306
1.0028
1.00256
1.00226
1.00181
1.0015
1.00109
1.00064
1.00017
0.999722
0.999299
0.998709
0.998453
0.99762
0.997802
0.996412
0.997439
0.994974
0.997405
0.993008
0.997793
0.990309
0.998778
0.987131
0.999999
0.985113
)
;

boundaryField
{
    FrontBack
    {
        type            empty;
    }
    Cylinder
    {
        type            calculated;
        value           uniform 0;
    }
    Bottom
    {
        type            calculated;
        value           uniform 0;
    }
    Top
    {
        type            calculated;
        value           uniform 0;
    }
    Inlet
    {
        type            calculated;
        value           uniform 1;
    }
    Outlet
    {
        type            calculated;
        value           nonuniform List<scalar> 
40
(
1.00141
1.00546
1.00362
1.00495
1.00379
1.00454
1.0039
1.00433
1.004
1.00408
1.00381
1.00372
1.00351
1.0033
1.00306
1.0028
1.00256
1.00226
1.00181
1.0015
1.00109
1.00064
1.00017
0.999722
0.999299
0.998709
0.998453
0.99762
0.997802
0.996412
0.997439
0.994974
0.997405
0.993008
0.997793
0.990309
0.998778
0.987131
0.999999
0.985113
)
;
    }
}


// ************************************************************************* //
