/*--------------------------------*- C++ -*----------------------------------*\
  =========                 |
  \\      /  F ield         | OpenFOAM: The Open Source CFD Toolbox
   \\    /   O peration     | Website:  https://openfoam.org
    \\  /    A nd           | Version:  11
     \\/     M anipulation  |
\*---------------------------------------------------------------------------*/
FoamFile
{
    format      ascii;
    class       volScalarField;
    location    "7.5";
    object      mag(U);
}
// * * * * * * * * * * * * * * * * * * * * * * * * * * * * * * * * * * * * * //

dimensions      [0 1 -1 0 0 0 0];

internalField   nonuniform List<scalar> 
9600
(
0.991621
0.991026
0.990202
0.989475
0.988539
0.988114
0.988213
0.988551
0.989168
0.990159
0.991609
0.993449
0.995452
0.997691
1.00026
1.00328
1.00708
1.00971
1.01223
1.01621
1.01989
1.02106
1.02045
1.01716
1.00519
0.985942
0.973169
0.967335
0.966756
0.9735
0.988927
1.00522
1.02166
1.03851
1.05463
1.06843
1.0769
1.07915
1.07871
1.0694
0.992414
0.992318
0.991885
0.991684
0.991849
0.992259
0.99303
0.994226
0.995129
0.996458
0.998805
1.00131
1.00357
1.00642
1.01
1.01402
1.01792
1.02178
1.02514
1.02743
1.02903
1.0315
1.03419
1.03504
1.03435
1.03406
1.0332
1.03001
1.02777
1.02827
1.03071
1.03696
1.04734
1.0582
1.0694
1.07877
1.08692
1.09078
1.09242
1.08324
0.992324
0.992235
0.991962
0.991955
0.992126
0.992526
0.993312
0.994417
0.99533
0.996635
0.998755
1.00146
1.00412
1.00685
1.01005
1.01442
1.01908
1.0224
1.0244
1.02613
1.02915
1.03358
1.0377
1.03948
1.03896
1.0369
1.03246
1.02609
1.0218
1.02163
1.02618
1.03447
1.04528
1.05692
1.06829
1.07896
1.08873
1.09616
1.10026
1.09951
0.992315
0.992153
0.991925
0.991932
0.992186
0.992779
0.993722
0.994479
0.996124
0.997518
0.999336
1.00166
1.00519
1.00775
1.01061
1.01389
1.01881
1.0228
1.0257
1.02713
1.02991
1.03268
1.03545
1.03757
1.03835
1.03759
1.03725
1.03677
1.03901
1.04046
1.04484
1.04896
1.0569
1.06442
1.07439
1.08253
1.09118
1.09679
1.10089
1.09593
0.992189
0.99203
0.991869
0.991906
0.992253
0.993015
0.993952
0.995083
0.996043
0.997714
0.999585
1.00207
1.00487
1.00803
1.01164
1.01485
1.01815
1.02166
1.02621
1.02998
1.03222
1.03253
1.03284
1.0344
1.03869
1.04122
1.04308
1.04381
1.04374
1.04157
1.04193
1.04434
1.05112
1.05927
1.06965
1.079
1.08825
1.09492
1.10222
1.10214
0.992067
0.991924
0.991834
0.991888
0.992381
0.993036
0.994171
0.994975
0.996599
0.997755
0.999982
1.00234
1.00591
1.00855
1.01156
1.01448
1.01877
1.02302
1.02723
1.02909
1.03123
1.03234
1.03459
1.03608
1.03859
1.03938
1.04077
1.04089
1.04302
1.04407
1.04852
1.05113
1.05857
1.06432
1.07483
1.08244
1.09339
1.09926
1.10862
1.10449
0.991929
0.991806
0.991833
0.991897
0.992522
0.993161
0.994305
0.995103
0.996853
0.998228
1.00018
1.00239
1.00636
1.00907
1.01208
1.0145
1.01949
1.02348
1.02759
1.02987
1.03231
1.03351
1.03529
1.03579
1.03768
1.03823
1.03996
1.04094
1.04458
1.04495
1.0469
1.04782
1.05352
1.05897
1.06934
1.07761
1.09001
1.09564
1.10568
1.10699
0.99175
0.991726
0.991773
0.991837
0.992532
0.993056
0.99425
0.995207
0.996729
0.998208
1.00063
1.00288
1.00622
1.00915
1.01278
1.01571
1.01942
1.02303
1.0278
1.03093
1.0338
1.03461
1.03538
1.03565
1.03804
1.03929
1.04029
1.04022
1.04138
1.04059
1.04395
1.04533
1.0534
1.05862
1.07036
1.07801
1.09177
1.09851
1.11246
1.11108
0.991604
0.991628
0.99176
0.991822
0.992501
0.993399
0.994234
0.995382
0.996811
0.998879
1.00087
1.00289
1.00647
1.00978
1.0137
1.01596
1.01973
1.02364
1.02859
1.03181
1.03477
1.03565
1.03718
1.037
1.03819
1.03868
1.03917
1.03905
1.04013
1.04006
1.04228
1.04213
1.04779
1.05176
1.06298
1.07051
1.08645
1.09419
1.10934
1.11179
0.991325
0.991488
0.991653
0.991691
0.992362
0.993248
0.994153
0.995127
0.996825
0.998905
1.00104
1.00315
1.00664
1.00986
1.01395
1.01678
1.02068
1.02392
1.02882
1.032
1.03578
1.03728
1.03867
1.03778
1.03809
1.03829
1.03879
1.03863
1.0392
1.03834
1.04007
1.0375
1.04286
1.04566
1.05735
1.06507
1.08205
1.09095
1.11041
1.11504
0.991162
0.991323
0.991593
0.991648
0.992397
0.993363
0.994341
0.995313
0.996798
0.999206
1.00164
1.00364
1.00665
1.00997
1.0148
1.018
1.02151
1.02437
1.02917
1.03303
1.03714
1.03881
1.04013
1.03933
1.03904
1.03906
1.03878
1.03794
1.03786
1.03699
1.03864
1.03621
1.03927
1.03904
1.04847
1.05437
1.07078
1.08084
1.10174
1.11185
0.990816
0.991028
0.991351
0.991378
0.992068
0.993079
0.9942
0.995018
0.99651
0.998972
1.00181
1.00359
1.00685
1.0102
1.01487
1.01843
1.02236
1.0251
1.02981
1.03348
1.03764
1.0396
1.04172
1.04144
1.04039
1.03945
1.03869
1.03741
1.03693
1.03562
1.03687
1.03417
1.03568
1.03333
1.04079
1.04517
1.06041
1.07129
1.09208
1.10871
0.990587
0.990811
0.991188
0.991175
0.991961
0.993077
0.994192
0.99533
0.996767
0.998966
1.00219
1.00433
1.00756
1.01048
1.01533
1.01911
1.02359
1.02648
1.03106
1.03459
1.03853
1.04114
1.04348
1.04366
1.0427
1.04116
1.04019
1.03785
1.03645
1.03378
1.034
1.03146
1.03338
1.02934
1.03432
1.03638
1.04794
1.05908
1.07764
1.09727
0.98997
0.990351
0.990605
0.990686
0.991494
0.992327
0.993808
0.99472
0.996683
0.998461
1.00194
1.00446
1.00773
1.0108
1.01533
1.0196
1.02434
1.02773
1.03169
1.03535
1.0394
1.04215
1.04461
1.0453
1.04498
1.04291
1.0418
1.03848
1.03655
1.03246
1.03176
1.02794
1.02966
1.02554
1.02831
1.02959
1.03712
1.04777
1.06316
1.08507
0.989761
0.990046
0.990312
0.990304
0.991182
0.992269
0.993812
0.994832
0.996825
0.998961
1.00234
1.00486
1.00849
1.01132
1.01606
1.0206
1.02547
1.02945
1.03317
1.03714
1.04125
1.04376
1.04673
1.04751
1.04805
1.04591
1.04473
1.04075
1.03823
1.03258
1.0306
1.02492
1.02549
1.02126
1.02246
1.02303
1.02695
1.0365
1.04706
1.07234
0.988758
0.989149
0.989506
0.989244
0.990369
0.991052
0.993306
0.994103
0.996188
0.998337
1.00175
1.0047
1.00845
1.01155
1.01618
1.02073
1.02584
1.0304
1.03485
1.03838
1.04251
1.04485
1.04825
1.0492
1.05
1.04771
1.04672
1.04254
1.03984
1.03352
1.03051
1.02332
1.02074
1.01639
1.01482
1.01565
1.01589
1.02606
1.02929
1.05713
0.988478
0.988943
0.989352
0.989137
0.989967
0.990657
0.992689
0.994315
0.996432
0.998485
1.00225
1.00534
1.00945
1.01317
1.01719
1.02174
1.02703
1.03187
1.03723
1.04079
1.04519
1.04721
1.0508
1.05187
1.05339
1.05115
1.05037
1.04588
1.04299
1.03617
1.0322
1.02378
1.01897
1.01292
1.00816
1.00832
1.00365
1.01383
1.01214
1.04073
0.98726
0.987506
0.987964
0.98778
0.988782
0.989307
0.991313
0.99301
0.995566
0.997832
1.00138
1.00485
1.0091
1.0133
1.01772
1.02214
1.02771
1.03238
1.03809
1.04208
1.04718
1.04918
1.05278
1.05376
1.0557
1.05369
1.05262
1.04808
1.04501
1.03819
1.03356
1.02533
1.01812
1.01135
1.00239
1.00195
0.991951
1.00074
0.994437
1.01892
0.986989
0.987136
0.987861
0.987502
0.98879
0.989399
0.991281
0.992868
0.995648
0.998111
1.00186
1.00559
1.00988
1.01421
1.01966
1.02405
1.03023
1.03463
1.04047
1.04414
1.05024
1.05268
1.0568
1.0574
1.05969
1.05776
1.0572
1.05266
1.04942
1.04257
1.03726
1.02867
1.0192
1.0125
1.00027
0.998246
0.984668
0.989154
0.978298
0.998269
0.985475
0.985697
0.986278
0.985904
0.986951
0.987709
0.989746
0.991466
0.994239
0.996918
1.00096
1.00481
1.00975
1.01375
1.01974
1.0244
1.03108
1.03584
1.04246
1.04589
1.05202
1.05455
1.0592
1.06018
1.0628
1.06137
1.06063
1.05634
1.0528
1.04622
1.03961
1.03263
1.02027
1.01374
0.999014
0.995495
0.979517
0.980876
0.96565
0.979807
0.985221
0.985361
0.986102
0.985873
0.986877
0.987811
0.989826
0.991788
0.994579
0.997459
1.00175
1.00536
1.01117
1.01521
1.02159
1.02631
1.03339
1.03815
1.04581
1.04959
1.05616
1.05873
1.0635
1.06464
1.06758
1.06675
1.06651
1.06275
1.05863
1.0534
1.04477
1.03898
1.02599
1.01879
1.00258
0.996443
0.978331
0.975907
0.95741
0.965444
0.982924
0.983225
0.98404
0.983966
0.985101
0.986163
0.988086
0.990226
0.993238
0.996027
1.00093
1.00431
1.01056
1.01497
1.0218
1.02662
1.03453
1.0391
1.04717
1.05142
1.05847
1.06164
1.06701
1.0684
1.07135
1.07095
1.07029
1.06845
1.06298
1.05968
1.04981
1.04406
1.03106
1.02322
1.00664
0.998847
0.979466
0.973908
0.952757
0.953504
0.98247
0.982894
0.983718
0.983815
0.984983
0.986289
0.988527
0.990714
0.994426
0.996883
1.00231
1.0059
1.0124
1.0169
1.02434
1.02893
1.03765
1.04243
1.05086
1.05537
1.06286
1.06644
1.07179
1.07465
1.07694
1.079
1.07657
1.07691
1.07068
1.06865
1.05908
1.05328
1.0403
1.03227
1.01573
1.00655
0.986671
0.97826
0.955454
0.950316
0.979435
0.980117
0.980787
0.98092
0.982064
0.983471
0.986381
0.988319
0.992877
0.995613
1.00139
1.00523
1.01242
1.01668
1.02516
1.02969
1.03864
1.04392
1.05252
1.05797
1.06502
1.07047
1.07457
1.07952
1.08029
1.08456
1.08186
1.08353
1.07766
1.07568
1.06692
1.06159
1.04903
1.04083
1.0245
1.01423
0.994825
0.983987
0.961776
0.950888
0.978847
0.979577
0.980423
0.980873
0.982269
0.983436
0.986835
0.98896
0.993864
0.996688
1.00322
1.00729
1.0153
1.01997
1.02853
1.03422
1.04262
1.0495
1.05665
1.06436
1.06949
1.07718
1.0801
1.08723
1.08738
1.09266
1.09039
1.09273
1.08793
1.0871
1.07901
1.07457
1.06273
1.05454
1.03947
1.02832
1.01013
0.997225
0.975626
0.960654
0.974657
0.975745
0.976578
0.976739
0.978761
0.979993
0.983681
0.985738
0.991255
0.994427
1.00136
1.006
1.01396
1.02043
1.02818
1.03629
1.04329
1.05281
1.05868
1.06836
1.0727
1.082
1.08405
1.09226
1.09253
1.09859
1.09702
1.10028
1.09618
1.09607
1.08919
1.0852
1.07549
1.06712
1.05393
1.04171
1.02559
1.01051
0.993093
0.97171
0.973723
0.974946
0.976332
0.976721
0.97881
0.980305
0.984413
0.987397
0.992469
0.997263
1.003
1.0102
1.01625
1.02551
1.03175
1.04215
1.04816
1.05925
1.06438
1.07583
1.07938
1.08996
1.0924
1.1012
1.10204
1.10864
1.10779
1.11168
1.10889
1.10919
1.10458
1.10065
1.09338
1.08485
1.07449
1.06169
1.04888
1.03164
1.01883
0.99424
0.968008
0.969476
0.970387
0.971655
0.973005
0.976213
0.978762
0.984327
0.987925
0.995476
0.999842
1.00917
1.01477
1.02589
1.03178
1.04376
1.04942
1.06195
1.06676
1.07899
1.08299
1.09424
1.09705
1.10615
1.10829
1.11513
1.11603
1.11985
1.11977
1.11986
1.11801
1.11392
1.10994
1.10111
1.09456
1.08015
1.07159
1.05201
1.04219
1.01885
0.966101
0.970107
0.969492
0.972716
0.973
0.978192
0.979699
0.986691
0.989637
0.998447
1.00294
1.01332
1.01932
1.03107
1.03767
1.05037
1.05638
1.06962
1.07464
1.0873
1.09216
1.10275
1.10715
1.11548
1.11946
1.12517
1.12875
1.13176
1.13464
1.13454
1.13638
1.13242
1.13237
1.12338
1.12135
1.10634
1.10244
1.08267
1.07592
1.05084
0.957653
0.96253
0.961954
0.966022
0.966213
0.972199
0.974381
0.982097
0.986343
0.995191
1.00117
1.01193
1.01881
1.0314
1.03847
1.05202
1.05855
1.07175
1.0786
1.08995
1.09672
1.10595
1.11255
1.11933
1.12555
1.13013
1.13633
1.13849
1.14478
1.14416
1.15024
1.14607
1.15075
1.14187
1.14493
1.13091
1.13023
1.11155
1.10839
1.08403
0.95754
0.962416
0.963064
0.9669
0.968926
0.973873
0.978259
0.985553
0.991464
1.00087
1.00783
1.01963
1.02745
1.04074
1.04889
1.06163
1.07108
1.08189
1.0915
1.10043
1.10973
1.11687
1.12502
1.13055
1.13819
1.14166
1.14936
1.15117
1.15977
1.15885
1.16936
1.16426
1.17456
1.16712
1.17387
1.16222
1.16556
1.14985
1.14902
1.12776
0.947547
0.951712
0.953588
0.957063
0.960526
0.966223
0.971416
0.979957
0.986936
0.997331
1.00582
1.01824
1.0279
1.04072
1.0525
1.06354
1.07624
1.08483
1.098
1.1042
1.11705
1.12093
1.13317
1.13523
1.14666
1.14755
1.15871
1.15858
1.17039
1.16933
1.18203
1.17913
1.19244
1.18665
1.19877
1.18995
1.19874
1.18523
1.18866
1.16836
0.948675
0.952544
0.956964
0.958893
0.965516
0.969589
0.978267
0.986261
0.996192
1.00703
1.01831
1.02976
1.04273
1.05421
1.06826
1.07784
1.09324
1.09976
1.11516
1.11928
1.13365
1.13583
1.1487
1.14961
1.16106
1.16182
1.17245
1.17307
1.18466
1.18532
1.19857
1.19864
1.21414
1.21245
1.22885
1.22535
1.23982
1.23301
1.2426
1.22729
0.933712
0.938303
0.945263
0.947324
0.957256
0.961098
0.973817
0.979999
0.9951
1.00323
1.02053
1.02946
1.04803
1.05668
1.07551
1.08286
1.10099
1.10628
1.12301
1.12603
1.14083
1.14247
1.15508
1.15597
1.16705
1.16798
1.17825
1.17974
1.19045
1.1928
1.20552
1.20845
1.22426
1.22703
1.24656
1.24788
1.27032
1.2695
1.29084
1.28284
0.933165
0.936949
0.945361
0.94881
0.959819
0.966377
0.982005
0.991291
1.01056
1.02079
1.04131
1.05153
1.07177
1.08209
1.10136
1.1108
1.12805
1.13571
1.15059
1.15562
1.16787
1.17099
1.18105
1.18226
1.19125
1.19157
1.20011
1.20084
1.20933
1.21143
1.22109
1.22515
1.2375
1.24357
1.26064
1.26801
1.29155
1.29867
1.3279
1.3346
0.915399
0.923088
0.93665
0.944455
0.957061
0.966518
0.983062
0.994805
1.01314
1.02772
1.04669
1.06282
1.08127
1.09606
1.11335
1.12593
1.14065
1.15053
1.16243
1.16871
1.17769
1.1813
1.18822
1.18994
1.1961
1.1969
1.20345
1.20374
1.20945
1.2106
1.21612
1.21876
1.225
1.23036
1.23887
1.24797
1.26126
1.2764
1.29368
1.31634
0.904575
0.917802
0.929326
0.946306
0.963058
0.983845
1.00444
1.02722
1.04679
1.06853
1.08694
1.10685
1.1236
1.14066
1.15543
1.16916
1.18041
1.19067
1.19762
1.20465
1.20752
1.21163
1.21229
1.21474
1.21444
1.21736
1.21726
1.2215
1.22204
1.22614
1.22532
1.22701
1.22548
1.22421
1.22092
1.21895
1.21335
1.21384
1.20744
1.22073
0.906798
0.928993
0.947005
0.967867
0.985488
1.00718
1.02559
1.04923
1.07011
1.09375
1.11569
1.13699
1.1573
1.17445
1.19135
1.20436
1.21631
1.22491
1.23122
1.2357
1.23722
1.23778
1.2358
1.23411
1.23088
1.22927
1.22766
1.22702
1.22715
1.22594
1.22573
1.2263
1.22037
1.20989
1.1859
1.16176
1.11431
1.07949
0.992336
0.985345
0.919949
0.955652
0.99009
1.02657
1.05973
1.09459
1.1276
1.15863
1.18964
1.21533
1.24226
1.26213
1.28327
1.29695
1.3115
1.3187
1.32558
1.32533
1.32361
1.31509
1.30531
1.29178
1.27492
1.25669
1.2363
1.21791
1.19915
1.18484
1.17037
1.16191
1.14972
1.1354
1.10815
1.06103
0.986567
0.896299
0.788393
0.703046
0.57357
0.507114
1.06197
1.09765
1.13251
1.16715
1.20086
1.23248
1.26094
1.28563
1.30633
1.32112
1.33346
1.34134
1.34781
1.35169
1.35206
1.34766
1.33739
1.32158
1.29953
1.27248
1.23994
1.20146
1.15834
1.10788
1.05495
0.99463
0.936263
0.872431
0.816389
0.757312
0.703932
0.654203
0.47655
0.0945652
0.0915413
0.146362
0.163554
0.226171
0.256465
0.280029
1.08969
1.09769
1.1097
1.12391
1.15161
1.17467
1.13169
0.98698
0.866968
0.820993
0.781067
0.752283
0.879741
0.946279
0.968631
0.986328
0.997161
1.00352
1.00827
1.01161
1.01293
1.01471
1.01455
1.01566
1.01507
1.01574
1.01496
1.01512
1.01443
1.01442
1.01405
1.01398
1.01361
1.01322
1.01274
1.01221
1.01181
1.01133
1.01169
1.01269
1.09649
1.10521
1.11922
1.13677
1.17674
1.2089
1.14432
0.966353
0.834668
0.786651
0.749001
0.736986
0.867825
0.939235
0.966447
0.985416
0.996508
1.00398
1.00829
1.01201
1.01331
1.01521
1.01512
1.01623
1.0157
1.01643
1.01569
1.01584
1.01501
1.01498
1.01453
1.01457
1.01423
1.01387
1.0133
1.01275
1.01241
1.01185
1.0114
1.00869
1.09994
1.11167
1.12784
1.15037
1.21021
1.25081
1.15255
0.948217
0.80209
0.74894
0.719645
0.729966
0.871952
0.935769
0.96696
0.986781
0.99768
1.00578
1.00924
1.01331
1.01412
1.0161
1.01585
1.01691
1.01634
1.01706
1.01629
1.01644
1.0156
1.0155
1.0149
1.0149
1.01458
1.01422
1.01369
1.01316
1.01294
1.01256
1.01275
1.01398
1.10279
1.12045
1.13734
1.16772
1.25326
1.28791
1.14901
0.905389
0.750303
0.699313
0.688296
0.725796
0.866612
0.933371
0.967284
0.987806
0.998309
1.007
1.01
1.01427
1.01488
1.01687
1.01651
1.01747
1.01694
1.01774
1.0171
1.01721
1.01634
1.01608
1.01539
1.01526
1.01495
1.01462
1.01417
1.0137
1.01317
1.01279
1.01227
1.01041
1.10884
1.12906
1.14697
1.19191
1.30473
1.31798
1.13404
0.852863
0.694507
0.651002
0.670785
0.735135
0.875913
0.934355
0.969676
0.991044
1.00063
1.00966
1.01176
1.01601
1.01614
1.01799
1.01751
1.01837
1.0178
1.01856
1.01809
1.01822
1.01749
1.0171
1.01639
1.01603
1.0157
1.01539
1.01489
1.01447
1.0139
1.01362
1.01338
1.01379
1.11266
1.13619
1.15617
1.22228
1.35902
1.33178
1.09403
0.774432
0.627104
0.609189
0.659548
0.746957
0.878586
0.938582
0.973987
0.994159
1.00277
1.01177
1.01329
1.01748
1.01728
1.01899
1.01832
1.01908
1.01839
1.01915
1.01874
1.01891
1.01844
1.01802
1.01746
1.01694
1.01648
1.01605
1.01545
1.015
1.01414
1.01391
1.0134
1.01232
1.11876
1.14416
1.16823
1.26037
1.40099
1.33235
1.03161
0.696548
0.57506
0.595601
0.670572
0.772544
0.89341
0.94598
0.980667
0.999649
1.007
1.01529
1.0159
1.01964
1.01904
1.02027
1.01939
1.01984
1.019
1.01955
1.01933
1.0194
1.0192
1.01858
1.01817
1.01746
1.01696
1.01647
1.01596
1.01575
1.01486
1.01464
1.01416
1.0138
1.12556
1.14701
1.17919
1.29529
1.42632
1.31799
0.954169
0.631205
0.552715
0.608359
0.695226
0.795648
0.906005
0.959076
0.990297
1.00589
1.01187
1.01879
1.01871
1.02188
1.02104
1.02177
1.02077
1.02084
1.01984
1.02006
1.01987
1.01969
1.01971
1.01886
1.01874
1.01785
1.01748
1.01686
1.0163
1.01607
1.0153
1.01506
1.01475
1.01407
1.12967
1.15037
1.19687
1.32279
1.43145
1.30562
0.906721
0.629822
0.590048
0.653849
0.732956
0.830381
0.928443
0.974663
1.00296
1.01531
1.01885
1.02416
1.0227
1.02521
1.02398
1.02411
1.02303
1.02279
1.02146
1.02136
1.02112
1.02056
1.02082
1.01961
1.01979
1.0187
1.01865
1.01786
1.01763
1.01707
1.01655
1.01595
1.01528
1.01452
1.13424
1.14834
1.20578
1.33177
1.40761
1.29723
0.92291
0.697262
0.664441
0.71107
0.77284
0.861749
0.951644
0.998447
1.01873
1.02661
1.02662
1.03
1.02673
1.02844
1.02679
1.02657
1.02525
1.02494
1.0233
1.02291
1.02261
1.02166
1.02201
1.02071
1.02099
1.01972
1.01972
1.01856
1.01852
1.01754
1.01735
1.01656
1.01637
1.01571
1.12904
1.14907
1.21047
1.3167
1.36152
1.29467
0.999608
0.814048
0.760975
0.768589
0.80947
0.904548
0.979871
1.02602
1.0372
1.04233
1.03611
1.03803
1.03159
1.03234
1.02987
1.02901
1.02729
1.02701
1.0249
1.02436
1.02378
1.02264
1.02288
1.02166
1.02188
1.0206
1.02064
1.0195
1.01937
1.01832
1.0182
1.01733
1.01685
1.01599
1.12433
1.14078
1.19731
1.2577
1.30295
1.27063
1.03128
0.891036
0.817565
0.809913
0.84644
0.942204
1.01202
1.06224
1.05936
1.06123
1.04692
1.04715
1.03713
1.03638
1.03283
1.03126
1.02878
1.02872
1.02618
1.02564
1.02464
1.02359
1.02344
1.02236
1.02231
1.02116
1.02098
1.01986
1.01963
1.01864
1.0186
1.01785
1.0177
1.01729
1.10979
1.12903
1.1687
1.18159
1.23916
1.215
1.02674
0.915699
0.837353
0.835139
0.889312
0.988314
1.04835
1.10127
1.08685
1.08441
1.06084
1.05918
1.04505
1.04204
1.03725
1.03471
1.0313
1.0312
1.02803
1.02754
1.02594
1.02506
1.02436
1.02364
1.02315
1.02237
1.02191
1.02106
1.02044
1.01961
1.01929
1.01845
1.01816
1.01748
1.09752
1.10854
1.1067
1.09757
1.14403
1.13332
0.998387
0.911117
0.832848
0.849528
0.913591
1.02081
1.09863
1.14537
1.12156
1.10899
1.07796
1.07164
1.05479
1.04837
1.04269
1.03877
1.03444
1.03437
1.03039
1.03009
1.02775
1.02714
1.02568
1.02526
1.02396
1.0237
1.02271
1.02236
1.02146
1.02094
1.02009
1.01953
1.0189
1.01862
1.07384
1.08239
1.0425
1.01729
1.04536
1.03966
0.948211
0.87145
0.815549
0.84828
0.915184
1.03813
1.14664
1.19386
1.16377
1.13808
1.09772
1.08615
1.06622
1.05596
1.04939
1.04365
1.03834
1.03784
1.03331
1.03308
1.03004
1.02962
1.02763
1.02749
1.02568
1.02573
1.02419
1.02417
1.02289
1.02264
1.02123
1.02057
1.01971
1.01901
1.05258
1.04496
0.974082
0.924465
0.94185
0.931276
0.874901
0.811348
0.787315
0.826808
0.897613
1.03852
1.17164
1.25066
1.21223
1.17204
1.11797
1.10077
1.07745
1.06325
1.05565
1.04845
1.04194
1.0408
1.03602
1.03554
1.03211
1.03147
1.02919
1.02859
1.02687
1.02658
1.02509
1.02493
1.02373
1.02363
1.02227
1.02165
1.02062
1.02031
1.02467
1.00263
0.925759
0.842847
0.841553
0.823603
0.792243
0.751965
0.737141
0.777129
0.852435
1.01589
1.18402
1.29532
1.26984
1.21196
1.14235
1.11721
1.09102
1.07109
1.06245
1.05361
1.0458
1.04358
1.0385
1.0375
1.03402
1.03277
1.03096
1.02958
1.02847
1.02746
1.02634
1.02567
1.02475
1.02435
1.02338
1.02283
1.02167
1.02116
0.999208
0.962921
0.880768
0.776464
0.746085
0.730576
0.717936
0.689281
0.669303
0.700622
0.780221
0.953222
1.16737
1.31057
1.32945
1.25862
1.17219
1.13289
1.10609
1.0798
1.07023
1.05943
1.05069
1.04722
1.0416
1.03958
1.03671
1.03424
1.0331
1.03052
1.03003
1.02814
1.02783
1.02638
1.02597
1.02483
1.02437
1.02338
1.02301
1.0223
0.970535
0.930925
0.857113
0.752225
0.69083
0.674449
0.667428
0.641442
0.612798
0.630833
0.706966
0.866817
1.12254
1.30259
1.35925
1.3153
1.20494
1.14846
1.12172
1.09172
1.07919
1.0672
1.05765
1.05229
1.04704
1.04342
1.04104
1.03789
1.03701
1.03404
1.03337
1.03089
1.03038
1.02846
1.02811
1.02643
1.02609
1.02464
1.02425
1.02348
0.949541
0.909966
0.843015
0.753891
0.684309
0.666379
0.658197
0.639839
0.611472
0.629473
0.694384
0.831582
1.083
1.27362
1.34742
1.35389
1.2364
1.16589
1.13396
1.1028
1.08585
1.07394
1.06389
1.05684
1.05194
1.04736
1.04433
1.04158
1.03953
1.03732
1.036
1.03377
1.03283
1.03095
1.03011
1.02845
1.02777
1.02639
1.02581
1.02485
0.933836
0.893855
0.840676
0.784782
0.72023
0.706355
0.705224
0.703025
0.692715
0.728237
0.799426
0.927209
1.10358
1.21609
1.30713
1.336
1.26872
1.18036
1.13986
1.11262
1.08923
1.07823
1.06712
1.05977
1.05429
1.05018
1.04622
1.04419
1.04117
1.03976
1.03757
1.03626
1.0346
1.0336
1.03201
1.03087
1.02937
1.02825
1.02732
1.02676
0.926437
0.890887
0.847196
0.809867
0.767771
0.757528
0.766585
0.787483
0.804911
0.860897
0.936399
1.03574
1.13753
1.1857
1.21318
1.26458
1.27762
1.18881
1.1413
1.12
1.09391
1.08159
1.07063
1.06241
1.05666
1.05216
1.04781
1.04556
1.04228
1.04103
1.03842
1.03759
1.03549
1.03497
1.03301
1.03263
1.03066
1.02983
1.02859
1.02798
0.924376
0.894787
0.858951
0.838361
0.819936
0.812116
0.82285
0.847955
0.875781
0.927534
0.993313
1.06552
1.13504
1.15821
1.13302
1.16284
1.22842
1.19295
1.13932
1.12239
1.10127
1.08573
1.07766
1.06726
1.06171
1.05669
1.05179
1.04879
1.04547
1.04326
1.04096
1.03947
1.0376
1.03634
1.03461
1.03358
1.03233
1.03127
1.03041
1.02977
0.929215
0.906751
0.888319
0.867863
0.861457
0.861888
0.872939
0.895883
0.92252
0.964223
1.0172
1.0666
1.11007
1.11545
1.0653
1.04593
1.12655
1.17214
1.12771
1.11275
1.10328
1.08674
1.08168
1.07203
1.06607
1.06219
1.05712
1.05416
1.05035
1.04733
1.04473
1.04219
1.04079
1.03852
1.03754
1.03539
1.03455
1.03264
1.03203
1.03103
0.943784
0.922265
0.913953
0.90692
0.905605
0.910183
0.923166
0.943864
0.961527
0.987017
1.03068
1.05779
1.06992
1.06067
1.00097
0.938674
1.00705
1.10653
1.10228
1.08967
1.09296
1.08122
1.07811
1.07367
1.06744
1.0656
1.06086
1.0587
1.05539
1.05273
1.05018
1.04732
1.04536
1.04311
1.04176
1.03952
1.03843
1.03632
1.03532
1.03429
0.96144
0.946916
0.949489
0.951847
0.953735
0.959214
0.974783
0.995596
1.00773
1.02457
1.04596
1.04684
1.03042
0.993501
0.934325
0.837696
0.879104
1.01597
1.06465
1.05945
1.07072
1.06925
1.06668
1.06878
1.064
1.0639
1.06133
1.05912
1.05735
1.05459
1.05275
1.05049
1.04883
1.04665
1.04517
1.04288
1.04122
1.03936
1.03758
1.03683
0.985894
0.983497
0.980454
0.990391
1.0041
1.01521
1.03297
1.04776
1.05858
1.08127
1.06297
1.03023
0.988303
0.915948
0.848791
0.740092
0.756263
0.926477
1.00337
1.02223
1.04069
1.05428
1.05291
1.06037
1.05722
1.0593
1.05844
1.05756
1.05739
1.05527
1.05419
1.05178
1.05065
1.04862
1.04757
1.04565
1.04433
1.04285
1.04132
1.0406
1.01286
1.01542
1.0256
1.04023
1.05335
1.07264
1.09747
1.09963
1.12329
1.10747
1.06265
1.00153
0.916946
0.818096
0.737625
0.645404
0.64242
0.829491
0.933026
0.979019
1.00753
1.03126
1.03647
1.04831
1.04875
1.05342
1.05568
1.05617
1.05719
1.05648
1.05605
1.05423
1.05269
1.05032
1.04918
1.04719
1.04616
1.04462
1.04354
1.04298
1.05148
1.06036
1.06912
1.0907
1.10901
1.13825
1.1594
1.16141
1.16815
1.11522
1.04292
0.932262
0.812367
0.689585
0.598524
0.547236
0.559602
0.742609
0.869062
0.924881
0.968484
0.99845
1.01673
1.03338
1.04131
1.04652
1.05226
1.05374
1.05605
1.05647
1.05678
1.05649
1.05601
1.05482
1.05299
1.0514
1.04993
1.04805
1.04673
1.0459
1.0879
1.10142
1.11747
1.1446
1.17501
1.21812
1.22017
1.23189
1.18254
1.10027
0.976021
0.813502
0.656548
0.526084
0.447742
0.455474
0.522145
0.689615
0.80294
0.861417
0.929771
0.960922
0.991822
1.01077
1.02697
1.03539
1.04408
1.04852
1.05262
1.05458
1.05589
1.05649
1.05666
1.05652
1.05571
1.05417
1.05288
1.05169
1.05066
1.05023
1.1341
1.15114
1.17943
1.2056
1.244
1.27858
1.28673
1.26576
1.18031
1.02973
0.832858
0.625873
0.449732
0.350023
0.349476
0.411037
0.510358
0.65858
0.754217
0.819925
0.889468
0.923221
0.960067
0.984749
1.00335
1.01875
1.02966
1.03794
1.04385
1.04932
1.0523
1.05464
1.05599
1.05666
1.05666
1.05599
1.05484
1.05382
1.05293
1.05245
1.18315
1.20543
1.23697
1.27592
1.3334
1.34526
1.33592
1.25669
1.0969
0.862546
0.593592
0.369548
0.264918
0.309912
0.387489
0.450494
0.531446
0.643208
0.728183
0.790912
0.854191
0.894094
0.931023
0.957181
0.979806
0.997721
1.01034
1.02398
1.03084
1.04014
1.04468
1.0497
1.05298
1.05507
1.0569
1.05746
1.05848
1.05835
1.05798
1.05828
1.2489
1.28013
1.32438
1.37475
1.40143
1.39331
1.32749
1.16523
0.873993
0.560038
0.307818
0.281917
0.402225
0.482471
0.521393
0.529276
0.587232
0.65931
0.723814
0.790325
0.841706
0.874213
0.917762
0.935692
0.967088
0.98236
0.9997
1.01355
1.02363
1.03417
1.03933
1.04686
1.04945
1.05404
1.05553
1.0576
1.05837
1.05893
1.0587
1.05978
1.31636
1.35544
1.39976
1.44061
1.42936
1.36631
1.20397
0.903337
0.551199
0.364914
0.481704
0.608489
0.667739
0.672447
0.628634
0.614345
0.658136
0.703522
0.759144
0.805834
0.852168
0.88265
0.920835
0.941014
0.968353
0.984735
1.00373
1.01486
1.02575
1.03633
1.03987
1.04954
1.05019
1.05666
1.05666
1.05968
1.05905
1.06052
1.06072
1.06372
1.37052
1.40729
1.43431
1.41315
1.32118
1.12485
0.787912
0.55663
0.60159
0.741733
0.820982
0.84245
0.818782
0.73784
0.705004
0.711451
0.74133
0.773343
0.816803
0.850921
0.897687
0.914832
0.950834
0.964746
0.986759
0.995348
1.01294
1.02171
1.03057
1.04008
1.04447
1.05135
1.05439
1.05743
1.06037
1.06271
1.06497
1.06712
1.06821
1.06916
1.33972
1.33388
1.27968
1.13209
0.818134
0.57854
0.6057
0.75458
0.840116
0.873487
0.882531
0.854762
0.781151
0.742098
0.747962
0.751166
0.782999
0.824583
0.856885
0.900572
0.933668
0.955835
0.984521
0.996336
1.01782
1.02169
1.02944
1.03891
1.04276
1.05154
1.05878
1.05979
1.06931
1.06689
1.07558
1.07428
1.08071
1.0791
1.07902
1.07955
1.18288
1.08168
0.834187
0.459051
0.4099
0.496311
0.584534
0.635451
0.700631
0.728653
0.734581
0.695786
0.682834
0.714472
0.719932
0.73166
0.770195
0.811067
0.854301
0.891391
0.935066
0.965687
0.991644
1.01294
1.0353
1.05181
1.06267
1.07619
1.08259
1.0872
1.09574
1.10032
1.10979
1.113
1.12245
1.1221
1.12601
1.12671
1.12672
1.12512
0.839135
0.53943
0.128349
0.164411
0.233841
0.307117
0.369588
0.4381
0.470692
0.493763
0.496378
0.509781
0.519014
0.497925
0.500481
0.525741
0.563038
0.622625
0.696247
0.768827
0.842456
0.908358
0.958153
1.00214
1.03357
1.06643
1.08669
1.10522
1.11962
1.12839
1.14015
1.13872
1.14645
1.14103
1.14587
1.14109
1.14544
1.14411
1.15352
1.16029
0.303833
0.162121
0.228341
0.177288
0.152696
0.222044
0.263639
0.300329
0.307445
0.300049
0.273473
0.199862
0.0127481
0.185733
0.225968
0.237416
0.288627
0.34373
0.411075
0.495401
0.576568
0.672785
0.774602
0.88778
0.966992
0.98946
1.04905
1.06614
1.10776
1.12198
1.15117
1.16671
1.1937
1.20962
1.23172
1.24448
1.25789
1.26686
1.27139
1.27666
0.298468
0.306399
0.294572
0.280834
0.285585
0.29298
0.297193
0.305506
0.324506
0.351851
0.382475
0.414423
0.431739
0.444623
0.439282
0.422548
0.406128
0.383254
0.354582
0.314871
0.26669
0.212758
0.159213
0.192613
0.319605
0.452036
0.594804
0.611343
0.665842
0.693223
0.748612
0.790283
0.845365
0.892633
0.940815
0.986485
1.03116
1.08446
1.14098
1.20614
1.01904
1.01858
1.01781
1.01646
1.01475
1.0117
1.00837
1.00307
0.997312
0.990037
0.984431
0.980913
0.981936
0.986964
0.996642
1.00683
1.01426
1.01517
1.01455
1.01312
1.01226
1.012
1.01177
1.01152
1.01122
1.01089
1.01054
1.01018
1.0098
1.0094
1.00899
1.00856
1.00811
1.00766
1.00721
1.00678
1.00634
1.00587
1.00543
1.00516
1.00312
1.00404
1.00484
1.00681
1.00838
1.01157
1.01428
1.01847
1.02183
1.02582
1.02712
1.02785
1.02757
1.02498
1.01973
1.01459
1.01256
1.01239
1.01286
1.01345
1.01374
1.01368
1.0135
1.01318
1.01269
1.01222
1.01181
1.01135
1.01084
1.01032
1.0098
1.00927
1.00875
1.00826
1.00774
1.00726
1.00677
1.00621
1.00577
1.0055
1.01788
1.01732
1.01619
1.01472
1.01282
1.01033
1.00771
1.00459
1.00309
1.00317
1.00553
1.00753
1.01009
1.01141
1.01233
1.0125
1.01259
1.01301
1.01342
1.0137
1.01382
1.01376
1.01359
1.01335
1.01294
1.01245
1.012
1.01165
1.0112
1.01078
1.01029
1.00982
1.00927
1.00877
1.00821
1.00781
1.00736
1.00692
1.00651
1.00616
1.00752
1.01006
1.01163
1.01452
1.01703
1.02031
1.02308
1.02617
1.02735
1.02803
1.02813
1.02749
1.02534
1.02228
1.01915
1.0164
1.0151
1.01482
1.01491
1.01475
1.01441
1.01412
1.0139
1.01365
1.01329
1.01288
1.01241
1.01194
1.01147
1.01098
1.01053
1.01006
1.00948
1.0089
1.00834
1.00789
1.0075
1.007
1.00661
1.00629
1.01543
1.01438
1.01317
1.01189
1.01044
1.00931
1.00852
1.00873
1.0099
1.01103
1.01212
1.01271
1.01318
1.0136
1.01382
1.01386
1.01399
1.01416
1.01439
1.01435
1.01429
1.0142
1.01404
1.01378
1.01335
1.01294
1.0126
1.01232
1.01189
1.01142
1.01096
1.0106
1.01003
1.00946
1.00891
1.00854
1.00812
1.00761
1.00718
1.00686
1.01157
1.01428
1.01551
1.01801
1.01942
1.02155
1.02281
1.02394
1.02432
1.02447
1.02421
1.02335
1.02214
1.02083
1.01945
1.01816
1.01719
1.01653
1.01605
1.01557
1.01518
1.01486
1.01465
1.01433
1.01381
1.01334
1.01289
1.01249
1.01204
1.0115
1.01113
1.01064
1.00997
1.00942
1.00897
1.0086
1.00811
1.00766
1.00728
1.0069
1.01383
1.01288
1.01222
1.01159
1.01118
1.01125
1.0116
1.01253
1.01328
1.01395
1.01422
1.01456
1.01498
1.01537
1.01549
1.01551
1.01538
1.01536
1.01529
1.01529
1.01511
1.01496
1.01467
1.0145
1.01402
1.01362
1.01328
1.01297
1.01251
1.01217
1.01173
1.01125
1.01065
1.01008
1.0096
1.00919
1.00874
1.00834
1.00788
1.00751
1.0143
1.01637
1.01726
1.01878
1.01948
1.02067
1.02117
1.0217
1.02189
1.0219
1.02162
1.02108
1.02048
1.01981
1.01909
1.01844
1.01794
1.01759
1.01703
1.01631
1.01591
1.01573
1.01542
1.0149
1.01439
1.01401
1.01353
1.01312
1.01267
1.01231
1.01182
1.01127
1.01074
1.01016
1.00963
1.00923
1.0088
1.00836
1.00792
1.00762
1.01391
1.01381
1.01375
1.01401
1.01425
1.0147
1.01505
1.01547
1.01563
1.01584
1.01604
1.01644
1.01668
1.01682
1.01674
1.01671
1.0167
1.01675
1.01654
1.01635
1.01608
1.0159
1.01565
1.01532
1.01493
1.01464
1.01427
1.01377
1.01341
1.01314
1.01259
1.01204
1.01146
1.01093
1.01046
1.01004
1.00956
1.00899
1.00866
1.00838
1.01602
1.01752
1.01813
1.01906
1.01949
1.02008
1.02028
1.02056
1.02047
1.02051
1.02038
1.0204
1.0201
1.01965
1.0191
1.01881
1.01864
1.01834
1.01776
1.01721
1.017
1.01663
1.01604
1.01563
1.01533
1.01489
1.01447
1.01403
1.01361
1.01332
1.01281
1.01231
1.01163
1.011
1.01055
1.01014
1.00967
1.00911
1.00876
1.00851
1.0154
1.01579
1.01583
1.01617
1.01633
1.01666
1.01682
1.01713
1.01733
1.01768
1.01796
1.01821
1.01822
1.01816
1.01805
1.01812
1.01821
1.01814
1.01785
1.01761
1.01741
1.01714
1.01677
1.01644
1.01619
1.0158
1.01522
1.01485
1.01464
1.01414
1.01368
1.01322
1.01257
1.01195
1.01152
1.01106
1.01053
1.01001
1.00963
1.00933
1.01741
1.01848
1.01884
1.01929
1.0195
1.01979
1.01989
1.02011
1.0202
1.02047
1.02056
1.02055
1.02014
1.01983
1.01968
1.01971
1.01954
1.01921
1.0187
1.01842
1.01803
1.01757
1.01707
1.01683
1.01647
1.01606
1.01556
1.01512
1.01487
1.01448
1.01394
1.01341
1.01278
1.01212
1.0116
1.01115
1.0106
1.01005
1.00974
1.00948
1.01717
1.01757
1.01769
1.01797
1.01812
1.01841
1.01862
1.01896
1.0192
1.01951
1.01966
1.01973
1.01965
1.01961
1.01967
1.0198
1.01979
1.01958
1.01931
1.01913
1.01884
1.01851
1.01822
1.01787
1.01742
1.017
1.01655
1.01621
1.01585
1.01541
1.01498
1.01444
1.01382
1.01318
1.01263
1.01226
1.01171
1.01108
1.01069
1.01043
1.01863
1.01947
1.01975
1.02015
1.02034
1.02064
1.02074
1.02096
1.02101
1.02124
1.02123
1.0212
1.02093
1.02098
1.02093
1.02095
1.02056
1.0203
1.01986
1.01963
1.01918
1.01891
1.01853
1.01829
1.01775
1.0174
1.01695
1.01662
1.01619
1.0158
1.0153
1.01479
1.01406
1.01338
1.01284
1.01242
1.01185
1.01116
1.0108
1.01062
1.01887
1.01948
1.01974
1.02015
1.0204
1.02068
1.02089
1.02106
1.02119
1.02133
1.02139
1.02145
1.02148
1.0216
1.02162
1.02163
1.02143
1.02125
1.02098
1.02077
1.02041
1.02011
1.01976
1.01938
1.01892
1.01854
1.01813
1.01775
1.01733
1.017
1.01654
1.01596
1.01528
1.01457
1.01408
1.01362
1.01303
1.01239
1.01192
1.01153
1.02023
1.021
1.02127
1.02174
1.02189
1.0222
1.02222
1.02246
1.02246
1.02265
1.02249
1.02255
1.02244
1.02263
1.02244
1.0224
1.02201
1.02192
1.02152
1.02129
1.02084
1.02067
1.0203
1.01996
1.01938
1.01906
1.01864
1.01828
1.01771
1.0174
1.01692
1.01642
1.0156
1.01494
1.01434
1.01395
1.01329
1.01277
1.01227
1.0121
1.02083
1.02162
1.0219
1.02241
1.02262
1.02295
1.02306
1.02333
1.0234
1.02357
1.02349
1.0236
1.02358
1.02379
1.02369
1.0237
1.02339
1.02326
1.02285
1.0226
1.0222
1.02208
1.02168
1.02127
1.02066
1.02038
1.02003
1.01972
1.01909
1.01878
1.0183
1.01785
1.01696
1.01629
1.01567
1.01521
1.01456
1.01394
1.0133
1.01291
1.02217
1.02288
1.0232
1.02358
1.02375
1.02403
1.02417
1.02446
1.02443
1.02451
1.02433
1.02447
1.02447
1.02465
1.02446
1.02442
1.02407
1.02394
1.02351
1.02334
1.023
1.02278
1.02234
1.02191
1.02135
1.02095
1.02064
1.02028
1.01968
1.01926
1.01879
1.01831
1.01739
1.01677
1.01612
1.01572
1.01508
1.01465
1.01415
1.0139
1.02332
1.02413
1.02435
1.02492
1.02506
1.02549
1.02566
1.026
1.02593
1.02602
1.02593
1.02618
1.02622
1.02637
1.02611
1.02603
1.02565
1.0255
1.02509
1.025
1.02462
1.02438
1.02385
1.02353
1.02292
1.02257
1.02224
1.0219
1.02131
1.02083
1.02033
1.01974
1.01887
1.0183
1.01754
1.01693
1.01615
1.01557
1.01494
1.01466
1.02463
1.02533
1.02557
1.02603
1.02613
1.02651
1.0266
1.02682
1.0267
1.02695
1.02692
1.02729
1.02714
1.02717
1.02692
1.02692
1.02664
1.02643
1.02605
1.02591
1.02554
1.02523
1.02473
1.02432
1.02369
1.02332
1.02297
1.02267
1.02211
1.02162
1.02099
1.02027
1.01959
1.01913
1.01848
1.01791
1.01728
1.01682
1.01622
1.01589
1.02649
1.02727
1.02742
1.02792
1.02794
1.02847
1.02842
1.02874
1.02862
1.02902
1.02898
1.02933
1.02901
1.02916
1.02889
1.02896
1.0286
1.02843
1.02805
1.02795
1.02754
1.02725
1.02671
1.0262
1.02558
1.02524
1.02481
1.02452
1.02397
1.02346
1.02261
1.02181
1.02105
1.0204
1.01959
1.01885
1.01803
1.01744
1.01704
1.01684
1.02753
1.02844
1.02841
1.02891
1.02905
1.0296
1.0295
1.02991
1.02985
1.03027
1.03013
1.0304
1.03015
1.03045
1.03005
1.03005
1.0296
1.02954
1.02916
1.029
1.0286
1.02834
1.02767
1.02714
1.02664
1.02626
1.02586
1.02555
1.02515
1.02461
1.02375
1.02304
1.02246
1.02201
1.02141
1.02073
1.01989
1.01916
1.01844
1.0181
1.0296
1.03057
1.03043
1.03134
1.03144
1.03194
1.03184
1.03232
1.03229
1.03271
1.03251
1.03286
1.03268
1.03292
1.03241
1.03255
1.03212
1.03216
1.03156
1.03147
1.03105
1.03069
1.0299
1.02946
1.02889
1.02846
1.02794
1.02756
1.02706
1.02622
1.0252
1.02422
1.02344
1.02282
1.02217
1.0214
1.02061
1.02002
1.01958
1.01945
1.03095
1.03202
1.03205
1.03301
1.0328
1.03341
1.03332
1.03391
1.03386
1.0342
1.03401
1.03433
1.03401
1.03419
1.03383
1.03402
1.03366
1.03367
1.03307
1.03307
1.03255
1.03226
1.03147
1.03106
1.03045
1.03015
1.02973
1.02957
1.02912
1.02851
1.02764
1.02674
1.02596
1.02527
1.0246
1.02373
1.02281
1.0218
1.02122
1.02088
1.03406
1.03523
1.03518
1.03594
1.03564
1.03645
1.0362
1.03699
1.03673
1.03724
1.03691
1.03714
1.03682
1.0371
1.03666
1.03683
1.0363
1.03623
1.03556
1.03544
1.03493
1.0347
1.03385
1.03336
1.0326
1.03215
1.03147
1.03105
1.03028
1.02952
1.02852
1.0277
1.02678
1.0261
1.02537
1.02468
1.02391
1.02317
1.02258
1.02224
1.03616
1.0374
1.03714
1.03803
1.0378
1.03861
1.03837
1.03917
1.03886
1.03945
1.03888
1.03942
1.03911
1.03965
1.03923
1.0395
1.03896
1.03894
1.03826
1.03832
1.03776
1.03754
1.0367
1.03636
1.0357
1.03545
1.03496
1.03455
1.03375
1.03297
1.03198
1.03094
1.03003
1.02922
1.02826
1.02726
1.02618
1.02539
1.02472
1.02437
1.03976
1.04082
1.04053
1.0414
1.0411
1.04192
1.04156
1.0423
1.04177
1.04234
1.04173
1.04235
1.04183
1.04236
1.04166
1.042
1.04118
1.04142
1.0407
1.04075
1.04001
1.03969
1.03873
1.03826
1.03742
1.03717
1.0365
1.036
1.03503
1.03416
1.03304
1.03216
1.03124
1.03041
1.02962
1.02853
1.02758
1.02668
1.0262
1.02583
1.04282
1.04345
1.04347
1.04425
1.04415
1.045
1.04473
1.04559
1.04523
1.04603
1.04559
1.04644
1.0459
1.04649
1.04571
1.04614
1.04543
1.04596
1.04519
1.04554
1.04448
1.04448
1.04341
1.04317
1.04233
1.04211
1.04137
1.04086
1.0396
1.03855
1.03732
1.03641
1.03527
1.03427
1.0331
1.03196
1.03074
1.02968
1.02919
1.02851
1.0457
1.04643
1.04634
1.04709
1.04686
1.04766
1.0473
1.04816
1.04769
1.04858
1.04805
1.04889
1.0482
1.04887
1.048
1.04862
1.04782
1.04841
1.04746
1.04774
1.04656
1.04667
1.04538
1.04544
1.04434
1.04443
1.04332
1.04294
1.04152
1.04061
1.03908
1.03829
1.03711
1.03628
1.03482
1.03364
1.03234
1.03143
1.03079
1.0305
1.05054
1.05099
1.05122
1.05187
1.05198
1.05274
1.05269
1.05364
1.05338
1.05436
1.05394
1.05491
1.05428
1.05513
1.05436
1.05523
1.05446
1.05519
1.05409
1.05447
1.05319
1.05335
1.05203
1.05214
1.05097
1.05104
1.04964
1.04913
1.04741
1.0466
1.04479
1.044
1.04242
1.04151
1.0398
1.03855
1.03696
1.03588
1.0349
1.0344
1.05226
1.05298
1.05309
1.05377
1.05388
1.05474
1.05482
1.05587
1.05578
1.05691
1.05656
1.05765
1.0571
1.05814
1.05741
1.05852
1.05769
1.05869
1.05754
1.05813
1.05658
1.05696
1.05545
1.05591
1.05457
1.05487
1.05324
1.05297
1.0508
1.05013
1.04809
1.04731
1.04546
1.04445
1.04244
1.04117
1.03924
1.03818
1.03712
1.03677
1.05894
1.05943
1.06018
1.06085
1.06153
1.06248
1.06302
1.06409
1.06437
1.06549
1.06541
1.06658
1.06626
1.06742
1.06694
1.06806
1.06733
1.0683
1.06719
1.06796
1.06662
1.06733
1.06598
1.06649
1.06488
1.06484
1.06262
1.06202
1.05945
1.05861
1.05616
1.05532
1.05297
1.05198
1.04957
1.04822
1.04603
1.04481
1.04345
1.0428
1.06093
1.06185
1.06303
1.06416
1.06555
1.06658
1.06812
1.06893
1.07035
1.07109
1.072
1.07287
1.07314
1.07411
1.07393
1.0749
1.07431
1.07513
1.07394
1.07429
1.0723
1.07241
1.0704
1.07086
1.06879
1.06917
1.06672
1.06676
1.06403
1.06397
1.06134
1.06115
1.05841
1.05763
1.05451
1.05328
1.05035
1.04916
1.04713
1.04652
1.06526
1.06708
1.06956
1.07075
1.07288
1.07422
1.07644
1.07751
1.07977
1.08063
1.08274
1.08373
1.08545
1.08669
1.0878
1.08903
1.08942
1.09051
1.09045
1.09176
1.09164
1.09296
1.09202
1.09259
1.09051
1.09025
1.08721
1.08629
1.08278
1.08157
1.07794
1.07657
1.07263
1.07087
1.06662
1.06475
1.06089
1.05931
1.05663
1.05586
1.07162
1.07479
1.07711
1.0806
1.08331
1.08637
1.08924
1.09145
1.09412
1.09559
1.09793
1.09883
1.10061
1.10097
1.10226
1.1023
1.10302
1.10253
1.10221
1.10074
1.09912
1.09722
1.09559
1.09426
1.09248
1.09122
1.08915
1.08809
1.08588
1.08505
1.08259
1.08174
1.07866
1.07728
1.07346
1.07183
1.06774
1.06662
1.06338
1.06297
1.08357
1.08915
1.0949
1.09913
1.10347
1.10727
1.11137
1.11483
1.11878
1.1219
1.1257
1.12852
1.1321
1.13434
1.13727
1.13861
1.14101
1.14227
1.14485
1.14656
1.14883
1.14963
1.15008
1.14922
1.1481
1.14593
1.14356
1.14036
1.13686
1.13286
1.12836
1.12361
1.1183
1.11291
1.10706
1.10137
1.09556
1.09058
1.08563
1.08209
1.12715
1.12782
1.1312
1.1342
1.13791
1.1414
1.14459
1.14792
1.15053
1.15323
1.15512
1.15688
1.15804
1.15915
1.15998
1.16077
1.16122
1.16081
1.15969
1.15711
1.15449
1.15093
1.14792
1.14421
1.14139
1.13777
1.13486
1.13147
1.12855
1.12536
1.12246
1.11936
1.11613
1.11243
1.10808
1.10322
1.0981
1.0937
1.09044
1.08942
1.17024
1.18557
1.19492
1.20807
1.21404
1.22532
1.23037
1.24046
1.24506
1.2541
1.2583
1.26597
1.26941
1.27556
1.27804
1.28292
1.28473
1.28899
1.29049
1.29401
1.29472
1.29698
1.2961
1.29615
1.29264
1.29071
1.285
1.28098
1.27308
1.26705
1.25723
1.24929
1.23804
1.2288
1.21726
1.20781
1.19682
1.18713
1.17544
1.16289
1.27986
1.2762
1.28358
1.28715
1.29823
1.3027
1.31382
1.31746
1.32751
1.32982
1.33822
1.33895
1.34542
1.34451
1.34901
1.34684
1.34985
1.34691
1.34838
1.34414
1.34269
1.33571
1.33107
1.32198
1.31471
1.30503
1.29605
1.28712
1.27655
1.26858
1.25648
1.25023
1.23775
1.23345
1.21979
1.21364
1.19409
1.18083
1.1569
1.1467
1.25894
1.30062
1.34729
1.38655
1.42852
1.46442
1.50294
1.53508
1.56985
1.59815
1.62874
1.65325
1.67914
1.69919
1.71927
1.7336
1.747
1.755
1.76242
1.76539
1.7688
1.76822
1.76844
1.76423
1.76083
1.75208
1.74385
1.73022
1.71713
1.69899
1.68123
1.65984
1.63851
1.61483
1.58918
1.56294
1.53253
1.50549
1.47563
1.44923
1.00501
1.00566
1.00553
1.00559
1.00568
1.00581
1.00592
1.00608
1.00623
1.00638
1.00653
1.00665
1.00672
1.00675
1.00674
1.00662
1.00638
1.00599
1.00544
1.00471
1.0038
1.00271
1.00144
0.999977
0.998273
0.996481
0.995141
0.993264
0.9922
0.991062
0.990314
0.989961
0.98994
0.990243
0.990781
0.991422
0.992036
0.99254
0.992897
0.992319
1.00527
1.00578
1.00549
1.00568
1.00578
1.0059
1.00607
1.00621
1.00639
1.00657
1.00672
1.00684
1.00693
1.00696
1.00694
1.00683
1.0066
1.00625
1.00576
1.00502
1.00407
1.00285
1.00147
0.999881
0.998253
0.996649
0.994529
0.993136
0.991436
0.990321
0.989582
0.989184
0.989306
0.98965
0.990225
0.990901
0.991571
0.992133
0.992612
0.99216
1.00597
1.00633
1.00601
1.00637
1.00645
1.00661
1.0068
1.00701
1.0072
1.00741
1.0076
1.00775
1.00785
1.00788
1.00784
1.0077
1.00741
1.00696
1.00629
1.00547
1.0044
1.00312
1.00157
0.999956
0.998169
0.996034
0.994448
0.992327
0.991103
0.989848
0.988912
0.988676
0.988623
0.989024
0.989669
0.990413
0.991166
0.991789
0.992411
0.992088
1.00606
1.00631
1.00604
1.00651
1.00652
1.00674
1.00694
1.00713
1.00734
1.00753
1.00771
1.00786
1.00794
1.00795
1.00789
1.00771
1.00738
1.00688
1.00625
1.00538
1.00436
1.00301
1.00147
0.999616
0.997657
0.99593
0.993519
0.992014
0.99013
0.988942
0.988313
0.98777
0.987947
0.988389
0.989046
0.98983
0.990643
0.991351
0.992119
0.991954
1.00664
1.00681
1.00667
1.00723
1.00719
1.00748
1.00765
1.00787
1.00806
1.00828
1.00849
1.00868
1.00877
1.00878
1.00867
1.00843
1.00802
1.00744
1.00665
1.0056
1.00428
1.00282
1.00112
0.999364
0.997434
0.994996
0.993261
0.99099
0.989655
0.988346
0.98733
0.98721
0.987204
0.987671
0.988416
0.989288
0.990196
0.990977
0.991898
0.991817
1.00668
1.0068
1.0068
1.00737
1.00721
1.00762
1.00777
1.00796
1.00817
1.00838
1.00857
1.00875
1.00883
1.0088
1.00866
1.00842
1.00799
1.00734
1.00651
1.00548
1.00425
1.00276
1.00105
0.998907
0.996641
0.994857
0.992209
0.990587
0.988573
0.987322
0.986629
0.986063
0.986309
0.986856
0.987631
0.988566
0.989542
0.990416
0.991462
0.991578
1.00731
1.00746
1.0076
1.00805
1.00791
1.00849
1.00851
1.00878
1.00898
1.00918
1.00938
1.00957
1.00967
1.00963
1.00944
1.00911
1.0086
1.00788
1.00691
1.0057
1.00421
1.00248
1.00054
0.998636
0.996568
0.993807
0.991921
0.98946
0.987978
0.986596
0.985583
0.98543
0.98552
0.986069
0.986952
0.987985
0.98907
0.990013
0.991217
0.991429
1.00738
1.00759
1.00776
1.00813
1.00806
1.00868
1.00861
1.00892
1.00907
1.00924
1.00942
1.00958
1.00968
1.00965
1.00947
1.00914
1.00863
1.00782
1.00682
1.0056
1.00418
1.00248
1.0005
0.998124
0.995601
0.993563
0.990711
0.988933
0.986761
0.985438
0.984717
0.984182
0.98445
0.985118
0.986035
0.987134
0.988288
0.989328
0.990634
0.991099
1.0081
1.00839
1.00854
1.00884
1.00894
1.00957
1.00941
1.00984
1.00989
1.01008
1.01023
1.01037
1.01044
1.0104
1.01015
1.00973
1.00908
1.00823
1.00708
1.00567
1.00399
1.00207
0.99984
0.997671
0.995413
0.9923
0.990301
0.987623
0.98602
0.98462
0.983523
0.983451
0.983548
0.984233
0.985279
0.986494
0.987785
0.988891
0.990359
0.990949
1.00824
1.00858
1.00868
1.00898
1.00915
1.00971
1.00958
1.01004
1.01002
1.01023
1.01035
1.01045
1.01053
1.01046
1.01027
1.00981
1.00921
1.00829
1.00711
1.00563
1.00388
1.00187
0.99969
0.997095
0.994146
0.991966
0.988876
0.986966
0.984594
0.983176
0.982526
0.981984
0.982402
0.983143
0.98422
0.985494
0.986872
0.988065
0.989618
0.990506
1.00909
1.00946
1.00949
1.00985
1.01007
1.01056
1.01051
1.01106
1.01091
1.01122
1.01122
1.01131
1.01128
1.0112
1.01086
1.01039
1.00962
1.00867
1.0073
1.00568
1.00372
1.00145
0.998875
0.996317
0.993933
0.990506
0.988355
0.985399
0.983728
0.982324
0.981103
0.981094
0.981217
0.982091
0.983309
0.984731
0.986293
0.98758
0.989298
0.990353
1.00928
1.00967
1.00974
1.01012
1.01038
1.01081
1.01087
1.01136
1.01125
1.01151
1.01151
1.01153
1.01158
1.01136
1.01107
1.01051
1.00984
1.00879
1.00745
1.00565
1.00362
1.00126
0.99881
0.995907
0.99251
0.990151
0.986687
0.984636
0.982046
0.980492
0.979977
0.979368
0.979959
0.980821
0.982069
0.983553
0.985235
0.986625
0.988388
0.989769
1.0102
1.01059
1.01058
1.01105
1.01115
1.01156
1.01165
1.01226
1.01201
1.01246
1.01232
1.01243
1.01219
1.01198
1.01155
1.01108
1.01022
1.00916
1.00772
1.00596
1.00368
1.00109
0.998054
0.994984
0.992347
0.98848
0.986082
0.982769
0.981056
0.97944
0.978091
0.978331
0.978558
0.979559
0.980977
0.982641
0.984535
0.986069
0.987976
0.989574
1.0105
1.01091
1.0111
1.01155
1.01174
1.01203
1.01241
1.01274
1.01259
1.01292
1.01269
1.01259
1.01244
1.0122
1.01184
1.01116
1.01038
1.00925
1.00767
1.00561
1.00327
1.0006
0.9978
0.994634
0.99065
0.988073
0.984112
0.981887
0.979032
0.977506
0.976937
0.976302
0.977017
0.978037
0.979527
0.981247
0.983283
0.984966
0.986848
0.988803
1.01127
1.01179
1.01191
1.0123
1.01231
1.0128
1.01302
1.01337
1.01332
1.01391
1.01356
1.01377
1.0134
1.01305
1.01247
1.01179
1.01083
1.00955
1.00793
1.00593
1.00332
1.00034
0.996893
0.993273
0.990441
0.985997
0.983407
0.979667
0.977837
0.975909
0.974658
0.974984
0.975322
0.976615
0.978236
0.980155
0.982433
0.984326
0.986338
0.988534
1.01196
1.01245
1.01271
1.01302
1.01324
1.01362
1.01375
1.01389
1.01405
1.01436
1.01388
1.01406
1.01359
1.01326
1.0127
1.01188
1.01076
1.00945
1.00761
1.00536
1.00263
0.999581
0.996258
0.992927
0.988262
0.98547
0.980939
0.978579
0.975383
0.973857
0.973163
0.97264
0.973502
0.974641
0.976482
0.978449
0.980856
0.983007
0.984958
0.987507
1.01263
1.01318
1.01337
1.01385
1.01401
1.01436
1.01438
1.01472
1.01495
1.01518
1.01497
1.01534
1.01484
1.01447
1.01367
1.01266
1.01146
1.00978
1.00786
1.0054
1.00247
0.999136
0.995294
0.990966
0.987977
0.982859
0.980102
0.97588
0.973869
0.971749
0.970518
0.970894
0.971472
0.973101
0.974975
0.977163
0.979827
0.982253
0.984389
0.987153
1.01364
1.01408
1.01429
1.01469
1.01475
1.015
1.01495
1.01532
1.01536
1.01549
1.01525
1.01552
1.0147
1.01442
1.01355
1.01256
1.01111
1.00945
1.00732
1.0047
1.00161
0.998031
0.994188
0.990643
0.985219
0.982148
0.977017
0.974481
0.970913
0.969239
0.968609
0.968165
0.969186
0.970553
0.972728
0.975032
0.97779
0.980584
0.982769
0.985742
1.01445
1.01497
1.01522
1.01566
1.01585
1.0162
1.01632
1.01662
1.01649
1.01653
1.01645
1.01659
1.0158
1.01569
1.01453
1.01341
1.01185
1.00987
1.00742
1.00454
1.00113
0.997374
0.993198
0.988009
0.984751
0.978957
0.975919
0.971185
0.968922
0.966814
0.965459
0.966046
0.966729
0.968658
0.97101
0.973593
0.976561
0.979639
0.982125
0.985315
1.01551
1.01597
1.01598
1.01642
1.01637
1.01673
1.01672
1.01694
1.01674
1.0169
1.01674
1.01657
1.01587
1.0156
1.01431
1.01315
1.01144
1.00938
1.00693
1.0037
1.00018
0.996017
0.991371
0.987658
0.981321
0.977867
0.972151
0.969285
0.965357
0.963424
0.962917
0.962477
0.963908
0.965671
0.968062
0.970825
0.973936
0.977424
0.980071
0.983474
1.01677
1.01719
1.01736
1.01778
1.01799
1.01855
1.01855
1.01871
1.01835
1.01843
1.01795
1.0178
1.01698
1.01663
1.01512
1.014
1.01205
1.00976
1.00677
1.00345
0.999376
0.994961
0.990471
0.984205
0.980513
0.973918
0.970519
0.965252
0.962727
0.960612
0.959191
0.959991
0.960684
0.962833
0.966076
0.969061
0.972465
0.976215
0.97928
0.982965
1.01778
1.01811
1.01812
1.0185
1.01852
1.01883
1.01868
1.01888
1.01869
1.01881
1.01829
1.01795
1.01715
1.01671
1.01495
1.01388
1.01155
1.00921
1.00615
1.00226
0.998087
0.993376
0.987624
0.983542
0.976199
0.972277
0.965899
0.962622
0.958323
0.95605
0.955469
0.955298
0.957381
0.959661
0.962188
0.965694
0.969074
0.973244
0.976558
0.980528
1.0193
1.01975
1.01989
1.02032
1.02031
1.02081
1.02071
1.02108
1.02075
1.02072
1.01992
1.01966
1.01868
1.01769
1.01591
1.01456
1.01199
1.00938
1.00564
1.00169
0.996889
0.991425
0.986528
0.979097
0.974919
0.967299
0.963401
0.95758
0.954835
0.952729
0.951602
0.952313
0.953165
0.955616
0.959767
0.963387
0.967325
0.971732
0.975548
0.979934
1.02067
1.02086
1.02084
1.02108
1.02107
1.02126
1.021
1.02123
1.02072
1.02084
1.02016
1.01979
1.01855
1.01759
1.01577
1.01424
1.01127
1.0084
1.00464
1.00001
0.994884
0.989659
0.98248
0.977852
0.969315
0.964917
0.957772
0.953915
0.948998
0.946578
0.945777
0.946353
0.94867
0.951692
0.954635
0.958979
0.962944
0.967775
0.971898
0.976712
1.02222
1.02257
1.02277
1.02322
1.02314
1.02346
1.02336
1.02365
1.02336
1.0234
1.02247
1.02216
1.02057
1.01935
1.01712
1.01521
1.01168
1.00867
1.00381
0.998921
0.993315
0.986427
0.981073
0.972287
0.967244
0.95895
0.953809
0.947417
0.945062
0.942408
0.941365
0.942199
0.943879
0.94672
0.951633
0.956183
0.960878
0.965923
0.970606
0.975978
1.02402
1.02399
1.02402
1.0241
1.02404
1.02424
1.02385
1.02381
1.0232
1.023
1.02201
1.02137
1.01968
1.01869
1.0164
1.01408
1.01043
1.00683
1.00174
0.996673
0.990089
0.984146
0.975242
0.969621
0.960005
0.954344
0.946812
0.94221
0.936613
0.934201
0.933736
0.934542
0.937199
0.941045
0.944824
0.950146
0.955029
0.960634
0.965689
0.971582
1.02577
1.02602
1.02628
1.02663
1.02679
1.02693
1.02671
1.02687
1.02626
1.0261
1.02488
1.02435
1.02255
1.02117
1.01808
1.01545
1.01104
1.007
1.00102
0.99476
0.987904
0.97923
0.972947
0.962982
0.956718
0.947485
0.941021
0.933874
0.931242
0.928555
0.927581
0.929028
0.931275
0.935342
0.940902
0.94664
0.952455
0.958383
0.964082
0.970771
1.02826
1.02796
1.02808
1.02802
1.02789
1.02783
1.02747
1.02719
1.02625
1.02569
1.02426
1.0232
1.02106
1.01923
1.01611
1.01315
1.00848
1.00388
0.996984
0.991177
0.982528
0.975784
0.965396
0.957999
0.947127
0.939971
0.931524
0.925954
0.920224
0.917417
0.917324
0.918668
0.922314
0.926605
0.931754
0.938286
0.94458
0.951221
0.957408
0.964758
1.03038
1.03031
1.03061
1.03064
1.0308
1.03083
1.03058
1.03048
1.02976
1.02928
1.02776
1.02683
1.02436
1.02239
1.01842
1.01487
1.00919
1.00341
0.996138
0.988217
0.980054
0.969323
0.960723
0.949365
0.941342
0.930953
0.923289
0.915634
0.912062
0.909523
0.908676
0.910989
0.914173
0.920062
0.926556
0.933825
0.941151
0.948475
0.955389
0.964075
1.03404
1.03362
1.03364
1.03316
1.03306
1.03264
1.03223
1.03149
1.0303
1.02931
1.02749
1.02569
1.02268
1.01978
1.01531
1.01116
1.00433
0.998606
0.98963
0.982522
0.970976
0.962841
0.950813
0.941128
0.928987
0.919591
0.909481
0.902854
0.897158
0.89423
0.895389
0.8969
0.901933
0.907094
0.913941
0.922118
0.930404
0.938525
0.945989
0.956037
1.03639
1.03611
1.03625
1.03608
1.03612
1.03564
1.03534
1.03479
1.03404
1.03302
1.03105
1.02935
1.026
1.02283
1.01782
1.01221
1.00517
0.997077
0.988281
0.97747
0.967201
0.954579
0.94291
0.929489
0.918219
0.906431
0.897393
0.889151
0.884821
0.882791
0.881931
0.885899
0.890609
0.898765
0.906946
0.916232
0.925568
0.935193
0.943518
0.955294
1.0422
1.04146
1.04145
1.04066
1.04042
1.03945
1.0389
1.03751
1.0362
1.03416
1.03165
1.02869
1.02415
1.01992
1.01285
1.00701
0.997192
0.989731
0.977141
0.968084
0.953528
0.942716
0.927449
0.915272
0.901159
0.889057
0.877377
0.869093
0.86403
0.86077
0.863508
0.866428
0.872953
0.880141
0.888935
0.899858
0.91048
0.92132
0.930574
0.943323
1.04548
1.04496
1.04473
1.04415
1.04395
1.04302
1.04237
1.0409
1.03941
1.03706
1.03435
1.0306
1.02629
1.02049
1.01395
1.00547
0.996614
0.985126
0.973915
0.959872
0.946065
0.930258
0.914188
0.897846
0.882827
0.86859
0.857678
0.850353
0.844919
0.843433
0.843714
0.849686
0.857271
0.868522
0.879878
0.890767
0.90375
0.916713
0.928542
0.941227
1.05447
1.05388
1.05327
1.0524
1.0518
1.05032
1.04911
1.04668
1.04417
1.04065
1.03613
1.03137
1.02403
1.01773
1.00689
0.998531
0.984139
0.973428
0.956259
0.942823
0.923582
0.907927
0.888245
0.872828
0.854894
0.840539
0.827732
0.81668
0.812828
0.810286
0.816141
0.821561
0.830382
0.840915
0.854296
0.868572
0.880893
0.896492
0.909901
0.924162
1.06091
1.06072
1.05939
1.05872
1.05724
1.05532
1.05334
1.04962
1.04692
1.0411
1.03721
1.02907
1.02313
1.01225
1.00325
0.989557
0.976894
0.960703
0.944265
0.92561
0.90607
0.885276
0.864345
0.843687
0.823063
0.806554
0.793062
0.78814
0.78212
0.782862
0.785024
0.795292
0.80861
0.824367
0.840462
0.857093
0.874881
0.888252
0.907388
0.921891
1.07838
1.07688
1.07427
1.07351
1.06978
1.06814
1.0626
1.05951
1.05225
1.04744
1.03834
1.03095
1.01901
1.00804
0.992337
0.977581
0.957719
0.939507
0.915581
0.894517
0.867343
0.844658
0.817314
0.795454
0.773227
0.75717
0.744879
0.731664
0.730439
0.730458
0.742817
0.75206
0.766195
0.783172
0.803018
0.821917
0.842668
0.86221
0.880452
0.898466
1.09016
1.08856
1.08829
1.08416
1.08091
1.07463
1.06974
1.06197
1.05554
1.04577
1.03674
1.02341
1.0105
0.992555
0.975223
0.952719
0.931115
0.904735
0.878934
0.849907
0.820844
0.79217
0.762534
0.738558
0.71348
0.697427
0.679078
0.680212
0.676651
0.683992
0.691002
0.71374
0.734709
0.758057
0.78486
0.807668
0.835236
0.855954
0.879473
0.894886
1.14825
1.13871
1.12417
1.1159
1.10378
1.0978
1.08662
1.08024
1.06656
1.05628
1.03757
1.02179
0.997561
0.975844
0.946428
0.919059
0.885453
0.853078
0.815983
0.781022
0.743099
0.709099
0.673753
0.645576
0.617742
0.598535
0.591966
0.583758
0.586236
0.596104
0.62207
0.637323
0.669074
0.693845
0.727084
0.754764
0.788184
0.815676
0.854563
0.882385
1.1384
1.13408
1.13429
1.13259
1.13006
1.12378
1.11289
1.09748
1.0768
1.05279
1.02389
0.993053
0.957376
0.920727
0.879108
0.837554
0.791984
0.74805
0.702502
0.658238
0.614444
0.572076
0.533334
0.502994
0.47225
0.475457
0.460379
0.475107
0.492294
0.52289
0.557386
0.602346
0.642518
0.684112
0.726661
0.766393
0.800081
0.833862
0.858976
0.891678
1.41851
1.39437
1.35083
1.31721
1.26505
1.22431
1.16645
1.12309
1.06232
1.01775
0.955077
0.909507
0.844547
0.797661
0.730275
0.682486
0.612785
0.564495
0.493739
0.447013
0.38221
0.337506
0.2897
0.25204
0.261227
0.299884
0.289624
0.345012
0.386136
0.443012
0.511997
0.556142
0.637509
0.683979
0.756595
0.806922
0.872354
0.91907
0.978499
1.01717
0.999994
1
1.00001
1.00001
1.00001
1.00001
1.00001
1.00001
1.00001
1.00001
1
0.999996
0.999998
1.00001
1
1.00002
1.00003
1.00002
1.00004
1.00004
1.00005
1.00005
1.00005
1.00005
1.00005
1.00003
1.00003
1.00002
1.00001
1
0.999991
0.999988
0.999988
0.999989
0.999985
0.999997
0.999989
0.999992
0.999994
0.99999
0.999999
1
0.999999
1
1
0.999999
1
1
1
1
1.00001
1.00002
1.00002
1
1.00001
0.999988
0.999982
0.999989
0.999969
0.999961
0.999954
0.999951
0.999941
0.999945
0.999946
0.999958
0.999961
0.999968
0.999976
0.999981
0.999999
1
0.999997
0.999998
1
0.999991
0.999995
0.999994
0.999995
0.999965
1.00001
1.00003
1.00004
1.00003
1.00003
1.00003
1.00003
1.00003
1.00003
1.00002
1.00001
1.00001
1.00001
1.00002
1.00001
1.00003
1.00005
1.00004
1.00005
1.00006
1.00007
1.00007
1.00007
1.00006
1.00005
1.00003
1.00002
1.00001
1
0.999998
0.999964
0.999955
0.999958
0.999942
0.999946
0.999948
0.999945
0.999947
0.999952
0.999938
1.00003
1.00005
1.00005
1.00005
1.00005
1.00005
1.00005
1.00006
1.00006
1.00006
1.00007
1.00008
1.00008
1.00007
1.00007
1.00004
1.00003
1.00002
0.999996
0.999981
0.99997
0.999959
0.999943
0.99994
0.999929
0.999926
0.999919
0.999918
0.999919
0.999914
0.999934
0.99993
0.999917
0.999928
0.999916
0.99992
0.999914
0.999916
0.999921
0.999868
1.00006
1.0001
1.00009
1.00009
1.00009
1.00009
1.00009
1.00009
1.00009
1.00009
1.00008
1.00008
1.00008
1.00008
1.00007
1.00009
1.0001
1.0001
1.00011
1.00011
1.0001
1.00009
1.00008
1.00006
1.00004
1.00002
0.999999
0.999968
0.999942
0.999928
0.999885
0.999867
0.99987
0.999844
0.999853
0.999839
0.999841
0.999845
0.999854
0.999821
1.00008
1.00013
1.00012
1.00012
1.00012
1.00011
1.00011
1.00011
1.00011
1.00012
1.00012
1.00013
1.00013
1.00013
1.00013
1.0001
1.00008
1.00007
1.00004
1.00002
0.999999
0.999979
0.999957
0.999936
0.999911
0.999892
0.999872
0.999865
0.999859
0.99984
0.999849
0.999843
0.999812
0.999819
0.999798
0.999803
0.999798
0.999796
0.999801
0.999721
1.00012
1.0002
1.00019
1.00019
1.00019
1.00019
1.00019
1.0002
1.0002
1.0002
1.0002
1.00019
1.00019
1.00019
1.00018
1.00019
1.0002
1.00018
1.00018
1.00016
1.00015
1.00012
1.00009
1.00005
1.00002
0.999979
0.999941
0.999889
0.999841
0.999811
0.999763
0.999725
0.999729
0.999699
0.999697
0.999684
0.999683
0.999686
0.999698
0.999642
1.00015
1.00024
1.00023
1.00023
1.00023
1.00022
1.00022
1.00023
1.00023
1.00023
1.00024
1.00024
1.00024
1.00024
1.00023
1.0002
1.00018
1.00016
1.00012
1.0001
1.00006
1.00002
0.999972
0.999925
0.99988
0.999836
0.999792
0.999767
0.999743
0.999715
0.999701
0.999693
0.999645
0.999644
0.99963
0.999625
0.999621
0.999621
0.999628
0.999519
1.00021
1.00033
1.00031
1.00031
1.00031
1.00031
1.00032
1.00032
1.00032
1.00032
1.00032
1.00032
1.00031
1.00031
1.00031
1.0003
1.0003
1.00028
1.00026
1.00023
1.0002
1.00016
1.00011
1.00006
1
0.999938
0.999878
0.999808
0.999742
0.999685
0.999632
0.999572
0.99957
0.999528
0.999504
0.999497
0.999496
0.999495
0.999504
0.999411
1.00025
1.00037
1.00037
1.00037
1.00036
1.00037
1.00037
1.00037
1.00038
1.00038
1.00038
1.00039
1.00039
1.00038
1.00036
1.00034
1.00032
1.00028
1.00024
1.00019
1.00013
1.00006
0.999989
0.999915
0.999849
0.999785
0.999715
0.99966
0.999608
0.999567
0.999524
0.999512
0.999447
0.999439
0.999433
0.999417
0.999408
0.999411
0.999417
0.999267
1.00033
1.00048
1.00047
1.00047
1.00047
1.00047
1.00048
1.00048
1.00049
1.00049
1.00049
1.00048
1.00047
1.00047
1.00047
1.00046
1.00043
1.0004
1.00036
1.00032
1.00027
1.0002
1.00013
1.00005
0.99996
0.999866
0.999784
0.999694
0.999609
0.999531
0.999468
0.999376
0.999369
0.99932
0.999283
0.999272
0.999273
0.999266
0.999278
0.999153
1.00037
1.00053
1.00053
1.00053
1.00053
1.00053
1.00054
1.00054
1.00055
1.00055
1.00056
1.00056
1.00056
1.00055
1.00052
1.00049
1.00045
1.0004
1.00035
1.00027
1.00018
1.00009
0.999995
0.9999
0.999806
0.999714
0.999611
0.999525
0.999452
0.999378
0.999311
0.999304
0.999222
0.999203
0.999191
0.999173
0.999163
0.999167
0.999173
0.998985
1.00047
1.00065
1.00064
1.00064
1.00065
1.00065
1.00066
1.00067
1.00067
1.00067
1.00067
1.00066
1.00066
1.00065
1.00064
1.00061
1.00057
1.00053
1.00046
1.00041
1.00033
1.00024
1.00015
1.00003
0.999909
0.99978
0.999678
0.999563
0.999441
0.999352
0.999278
0.999153
0.99914
0.999084
0.999044
0.999033
0.999024
0.999017
0.999029
0.998865
1.00052
1.00071
1.00071
1.00071
1.00071
1.00071
1.00072
1.00072
1.00073
1.00073
1.00074
1.00074
1.00074
1.00071
1.00068
1.00064
1.00059
1.00052
1.00045
1.00034
1.00024
1.00012
0.999995
0.999867
0.99975
0.999637
0.999481
0.999366
0.999281
0.99918
0.999079
0.999065
0.998964
0.998933
0.998919
0.998897
0.998895
0.998897
0.998905
0.998687
1.00062
1.00083
1.00083
1.00083
1.00084
1.00084
1.00085
1.00086
1.00087
1.00087
1.00087
1.00087
1.00086
1.00084
1.00082
1.00078
1.00073
1.00067
1.00059
1.0005
1.00039
1.00028
1.00015
0.999998
0.999826
0.999643
0.999537
0.999388
0.999232
0.999109
0.999028
0.998896
0.998873
0.998828
0.998783
0.99877
0.998748
0.998751
0.998756
0.998557
1.00067
1.0009
1.00089
1.00089
1.00089
1.0009
1.0009
1.00091
1.00092
1.00092
1.00093
1.00093
1.00091
1.00088
1.00085
1.00079
1.00072
1.00064
1.00054
1.00042
1.00029
1.00015
0.99999
0.999827
0.99969
0.999559
0.99933
0.999194
0.999069
0.998962
0.998829
0.998788
0.998686
0.998628
0.998609
0.998596
0.998608
0.998607
0.998623
0.998364
1.00079
1.00104
1.00103
1.00103
1.00104
1.00104
1.00105
1.00107
1.00107
1.00108
1.00108
1.00108
1.00107
1.00105
1.00101
1.00097
1.00091
1.00083
1.00074
1.00062
1.00049
1.00033
1.00016
0.99997
0.999734
0.999486
0.999379
0.999166
0.998994
0.998829
0.998751
0.998605
0.99856
0.998533
0.998493
0.998469
0.99845
0.998456
0.998468
0.998237
1.00085
1.00111
1.0011
1.0011
1.0011
1.00111
1.00111
1.00112
1.00113
1.00114
1.00116
1.00115
1.00113
1.0011
1.00106
1.00099
1.00091
1.00081
1.00069
1.00055
1.00038
1.0002
1
0.999793
0.999635
0.999478
0.999188
0.999037
0.998851
0.998735
0.998547
0.998496
0.998403
0.998322
0.998295
0.998297
0.998306
0.998317
0.998322
0.998039
1.00098
1.00126
1.00126
1.00126
1.00127
1.00128
1.00129
1.0013
1.00131
1.00132
1.00132
1.00132
1.00131
1.00128
1.00124
1.0012
1.00112
1.00103
1.0009
1.00075
1.00058
1.00039
1.00018
0.999947
0.999629
0.999335
0.999188
0.998904
0.998735
0.998518
0.998458
0.998283
0.998219
0.998193
0.998159
0.998133
0.998135
0.998145
0.998189
0.997914
1.00104
1.00134
1.00134
1.00134
1.00135
1.00136
1.00137
1.00139
1.0014
1.00143
1.00143
1.00142
1.0014
1.00137
1.00132
1.00125
1.00116
1.00103
1.00089
1.00073
1.00052
1.0003
1.00005
0.999784
0.999605
0.999405
0.999047
0.998883
0.998631
0.998484
0.998247
0.998191
0.998081
0.998003
0.997973
0.997986
0.998
0.998017
0.998013
0.997713
1.00118
1.00151
1.00151
1.00151
1.00152
1.00153
1.00155
1.00157
1.00159
1.00159
1.0016
1.0016
1.00159
1.00155
1.00152
1.00146
1.00137
1.00125
1.0011
1.0009
1.0007
1.00046
1.0002
0.999924
0.999538
0.99918
0.998999
0.99864
0.99844
0.998208
0.998124
0.997938
0.997878
0.997826
0.997806
0.997791
0.997797
0.997825
0.997882
0.997565
1.00126
1.0016
1.0016
1.0016
1.00161
1.00162
1.00164
1.00166
1.00169
1.0017
1.0017
1.00169
1.00168
1.00164
1.00158
1.00149
1.00138
1.00123
1.00107
1.00087
1.00063
1.00037
1.00007
0.99975
0.999526
0.999259
0.998827
0.998658
0.998362
0.998147
0.997913
0.997819
0.99769
0.997648
0.99762
0.997628
0.997659
0.997682
0.997693
0.997353
1.00141
1.00177
1.00176
1.00177
1.00178
1.0018
1.00182
1.00183
1.00185
1.00186
1.00187
1.00186
1.00183
1.00181
1.00175
1.00166
1.00155
1.00142
1.00124
1.00101
1.00074
1.00044
1.00013
0.999799
0.999345
0.998949
0.998754
0.998294
0.998061
0.997839
0.997677
0.997526
0.997469
0.997398
0.997396
0.997411
0.997436
0.997477
0.997536
0.997197
1.00149
1.00186
1.00186
1.00186
1.00188
1.00189
1.00191
1.00193
1.00196
1.00198
1.00197
1.00196
1.00195
1.00191
1.00183
1.00174
1.00162
1.00143
1.00123
1.00099
1.00073
1.00042
1.00007
0.99969
0.999417
0.999062
0.998533
0.998363
0.998021
0.997739
0.997546
0.997389
0.997267
0.997238
0.997213
0.997224
0.997258
0.997303
0.997323
0.996947
1.00165
1.00205
1.00204
1.00204
1.00205
1.00207
1.00209
1.00212
1.00213
1.00214
1.00215
1.00215
1.00213
1.00208
1.00202
1.00193
1.0018
1.00164
1.00143
1.00116
1.00083
1.00047
1.00008
0.999695
0.999153
0.998716
0.998495
0.997939
0.997652
0.997413
0.997172
0.99705
0.996963
0.996915
0.996936
0.996975
0.997035
0.997087
0.997166
0.996796
1.00175
1.00216
1.00216
1.00217
1.00219
1.00221
1.00223
1.00227
1.00229
1.00232
1.00233
1.00234
1.00232
1.00228
1.0022
1.00209
1.00193
1.00173
1.00151
1.00123
1.00092
1.00057
1.00015
0.999677
0.999343
0.998882
0.99823
0.998022
0.997618
0.997294
0.997089
0.99689
0.996803
0.996752
0.99674
0.996771
0.996816
0.996884
0.996913
0.996515
1.00194
1.00238
1.00238
1.00239
1.00241
1.00243
1.00246
1.0025
1.00253
1.00255
1.00256
1.00257
1.00255
1.00251
1.00246
1.00236
1.00224
1.00205
1.00181
1.00148
1.00111
1.00067
1.00022
0.999757
0.999101
0.998592
0.998328
0.997657
0.997315
0.996991
0.996718
0.996567
0.996453
0.996428
0.996451
0.996505
0.996582
0.996657
0.996751
0.996353
1.00205
1.00251
1.00252
1.00254
1.00257
1.0026
1.00264
1.00268
1.00272
1.00275
1.00279
1.00279
1.00278
1.00276
1.00267
1.00255
1.00237
1.00215
1.00188
1.00159
1.0012
1.00077
1.00028
0.999698
0.999301
0.998734
0.997946
0.997674
0.997159
0.996825
0.996559
0.996353
0.996243
0.996199
0.996212
0.996264
0.996346
0.996429
0.99649
0.996054
1.00226
1.00273
1.00273
1.00274
1.00277
1.0028
1.00285
1.00289
1.00292
1.00296
1.00299
1.00301
1.003
1.00296
1.00291
1.00281
1.00267
1.00246
1.00218
1.00181
1.00139
1.00089
1.00033
0.999792
0.998997
0.998376
0.998033
0.997251
0.996889
0.996453
0.996143
0.995949
0.995855
0.995817
0.995855
0.995947
0.996041
0.996152
0.996257
0.995854
1.00236
1.00285
1.00285
1.00287
1.00289
1.00292
1.00297
1.00301
1.00305
1.00307
1.0031
1.0031
1.0031
1.00305
1.00297
1.00283
1.00264
1.00239
1.00207
1.00171
1.00127
1.00074
1.00018
0.99951
0.999025
0.998377
0.997502
0.997147
0.99649
0.996133
0.995864
0.995658
0.995534
0.995523
0.995566
0.995652
0.995781
0.995898
0.995983
0.995512
1.00258
1.00309
1.00309
1.0031
1.00313
1.00317
1.00321
1.00325
1.00329
1.00334
1.00337
1.0034
1.00339
1.00335
1.00327
1.00316
1.00298
1.00273
1.00242
1.00202
1.00154
1.00099
1.00032
0.999658
0.998786
0.998035
0.997541
0.996671
0.996305
0.995823
0.995425
0.995225
0.995136
0.995129
0.995186
0.995307
0.995454
0.995601
0.995734
0.995295
1.00271
1.00323
1.00324
1.00326
1.00329
1.00334
1.00339
1.00344
1.00349
1.00354
1.00356
1.00358
1.00356
1.00352
1.00345
1.0033
1.0031
1.00284
1.00248
1.00205
1.0015
1.0009
1.00026
0.999512
0.99885
0.99809
0.997154
0.996677
0.995865
0.995408
0.995161
0.994918
0.994814
0.994792
0.994878
0.995019
0.995181
0.995341
0.995457
0.994966
1.00297
1.00353
1.00355
1.00357
1.00361
1.00367
1.00373
1.00379
1.00387
1.00394
1.004
1.00405
1.00407
1.00405
1.00399
1.00388
1.0037
1.00344
1.00309
1.00266
1.00212
1.00148
1.00067
0.999831
0.998883
0.997974
0.997275
0.996261
0.995792
0.995239
0.994718
0.994486
0.994376
0.994395
0.994495
0.994653
0.994853
0.995043
0.995212
0.994734
1.00312
1.00369
1.0037
1.00373
1.00377
1.00384
1.00391
1.00398
1.00407
1.00413
1.00419
1.00422
1.00423
1.0042
1.00413
1.004
1.0038
1.0035
1.00311
1.0026
1.00199
1.00129
1.00056
0.999713
0.998821
0.9979
0.996825
0.996193
0.995247
0.99468
0.994401
0.994145
0.994022
0.994015
0.994131
0.994321
0.994547
0.994766
0.994909
0.994392
1.00337
1.00396
1.00397
1.00399
1.00403
1.0041
1.00417
1.00424
1.00433
1.0044
1.00448
1.00452
1.00454
1.00453
1.00447
1.00435
1.00415
1.00386
1.00347
1.00297
1.00235
1.0016
1.00068
0.9997
0.998658
0.997592
0.99676
0.99562
0.994999
0.994353
0.993789
0.99354
0.993455
0.993503
0.993664
0.993899
0.994165
0.994415
0.994628
0.994118
1.0035
1.00411
1.00411
1.00414
1.00418
1.00425
1.00432
1.0044
1.00449
1.00457
1.00463
1.00467
1.00468
1.00465
1.00458
1.00443
1.00421
1.00388
1.00344
1.0029
1.00221
1.00142
1.00053
0.999505
0.998453
0.997383
0.996126
0.995355
0.994291
0.993655
0.993332
0.993071
0.992952
0.993024
0.993215
0.993494
0.993809
0.994092
0.994278
0.993717
1.00379
1.00442
1.00443
1.00446
1.00451
1.00459
1.00467
1.00476
1.00487
1.00497
1.00506
1.00513
1.00517
1.00518
1.00513
1.00501
1.0048
1.0045
1.00407
1.0035
1.00279
1.00192
1.00093
0.999853
0.998584
0.997289
0.996301
0.994957
0.994151
0.993349
0.992756
0.992458
0.992376
0.992471
0.992717
0.993055
0.993418
0.99375
0.994
0.993454
1.00394
1.00459
1.00459
1.00463
1.00469
1.00477
1.00486
1.00497
1.00508
1.0052
1.00528
1.00535
1.00539
1.00538
1.00533
1.00521
1.005
1.00466
1.00419
1.00358
1.00281
1.0019
1.00081
0.99959
0.998407
0.997202
0.995722
0.994782
0.993513
0.99275
0.992309
0.992065
0.991965
0.99208
0.99239
0.992781
0.993188
0.993535
0.993748
0.99311
1.00436
1.00502
1.00501
1.00505
1.00512
1.00521
1.00532
1.00545
1.00557
1.0057
1.00582
1.0059
1.00596
1.00598
1.00595
1.00583
1.00562
1.00527
1.0048
1.00416
1.00335
1.0024
1.00131
1.00004
0.998559
0.996994
0.995838
0.994259
0.993329
0.992348
0.991743
0.991344
0.991261
0.991444
0.991806
0.992272
0.99275
0.993163
0.993469
0.992854
1.0042
1.00495
1.00502
1.00507
1.00514
1.00523
1.00533
1.00546
1.00558
1.00572
1.00584
1.00592
1.00598
1.00601
1.00597
1.00586
1.00563
1.00527
1.00477
1.00408
1.00321
1.00216
1.00091
0.999552
0.998148
0.996771
0.99501
0.9939
0.992393
0.991481
0.990912
0.990668
0.990698
0.990947
0.991389
0.991937
0.992469
0.992902
0.993158
0.992335
1.01037
1.0111
1.01043
1.01135
1.01175
1.0121
1.01244
1.0128
1.01309
1.01323
1.01343
1.01354
1.01398
1.01395
1.01438
1.01386
1.01406
1.01324
1.01301
1.01137
1.00953
1.00653
1.0012
0.995658
0.984879
0.970703
0.957102
0.883627
0.788252
0.837083
0.864014
0.892963
0.981813
1.0775
1.11647
1.11564
1.10329
1.09507
1.0878
1.08212
1.01131
1.01003
1.00994
1.01077
1.01107
1.01128
1.01168
1.01189
1.0122
1.0122
1.0124
1.0124
1.0127
1.01253
1.01272
1.01204
1.01201
1.01106
1.01068
1.00896
1.00724
1.005
1.00087
0.997657
0.991019
0.98667
0.983749
0.921559
0.832993
0.867118
0.890215
0.911122
0.974838
1.03283
1.06391
1.07636
1.07487
1.07329
1.07243
1.06838
1.01261
1.00949
1.00998
1.01018
1.01043
1.01062
1.01099
1.01106
1.01135
1.01127
1.01144
1.01128
1.01146
1.01108
1.01111
1.01029
1.01031
1.00925
1.00883
1.00722
1.00577
1.00408
1.00165
1.00089
0.998417
1.00325
1.00688
0.964479
0.865818
0.874547
0.900507
0.920766
0.968876
1.00903
1.03149
1.04853
1.05271
1.05484
1.0579
1.05633
1.0125
1.00942
1.00984
1.00951
1.00983
1.00999
1.01022
1.0102
1.01051
1.01032
1.0105
1.0102
1.01033
1.00989
1.00991
1.00912
1.00915
1.00809
1.00758
1.00629
1.00505
1.00375
1.00241
1.00306
1.00323
1.01237
1.01924
0.993474
0.901742
0.884799
0.906432
0.926653
0.963709
0.995373
1.01263
1.02899
1.03622
1.03991
1.04509
1.04553
1.01204
1.00918
1.00957
1.00894
1.00932
1.00926
1.00942
1.00942
1.00963
1.00942
1.00957
1.00922
1.00935
1.00895
1.0091
1.0084
1.00826
1.00721
1.00662
1.00564
1.00451
1.00348
1.00266
1.0038
1.00505
1.01443
1.02154
1.005
0.933845
0.905633
0.916588
0.933326
0.960964
0.986495
1.00185
1.01573
1.02392
1.02839
1.03407
1.03493
1.01152
1.0087
1.00903
1.00845
1.00888
1.00859
1.00883
1.00874
1.00887
1.00873
1.00886
1.00859
1.00871
1.00826
1.0083
1.00756
1.00723
1.00635
1.00574
1.00484
1.0038
1.00306
1.00263
1.00383
1.00517
1.01279
1.01754
1.00627
0.956717
0.929775
0.931773
0.94275
0.96188
0.980978
0.994804
1.00685
1.01478
1.0195
1.02432
1.02423
1.01086
1.0079
1.0083
1.00792
1.00838
1.00811
1.00837
1.00818
1.00826
1.0082
1.00832
1.0081
1.00809
1.00756
1.00739
1.00668
1.00628
1.00558
1.00493
1.00401
1.00316
1.00275
1.0025
1.0036
1.00485
1.00868
1.01131
1.00403
0.971641
0.950942
0.947746
0.953733
0.966062
0.979078
0.990187
1.00064
1.00791
1.01272
1.01603
1.01552
1.01035
1.00725
1.00773
1.00733
1.00776
1.00762
1.00786
1.0077
1.00779
1.00769
1.00769
1.00744
1.00731
1.00686
1.0066
1.00601
1.00562
1.005
1.00431
1.00345
1.00279
1.00251
1.00218
1.00281
1.00366
1.00496
1.00525
1.00133
0.980811
0.966382
0.961598
0.964395
0.972013
0.980511
0.988094
0.996274
1.00257
1.00747
1.00979
1.00996
1.00996
1.00698
1.0074
1.00673
1.00714
1.00699
1.00725
1.00712
1.00717
1.00705
1.00696
1.00669
1.00654
1.00613
1.00581
1.00531
1.00495
1.00446
1.00388
1.0032
1.0026
1.00222
1.00171
1.00187
1.00189
1.002
1.00087
0.997753
0.986207
0.976692
0.972231
0.97329
0.978026
0.98385
0.988253
0.993707
0.998509
1.00302
1.0054
1.00609
1.00945
1.00672
1.00711
1.0061
1.00659
1.00624
1.00649
1.00627
1.00624
1.0061
1.00598
1.00579
1.00561
1.00527
1.00498
1.00458
1.00426
1.00393
1.0035
1.00297
1.0024
1.00193
1.00128
1.00112
1.00065
1.00001
0.998458
0.995933
0.989167
0.983187
0.97954
0.979792
0.982837
0.987509
0.989822
0.993065
0.995965
0.999277
1.00207
1.00264
1.0089
1.00624
1.00655
1.00541
1.00605
1.00552
1.00579
1.00548
1.00546
1.00528
1.00516
1.00508
1.00496
1.00473
1.00451
1.00421
1.00387
1.00352
1.00308
1.00263
1.00215
1.00164
1.00094
1.00058
0.999864
0.998899
0.997264
0.995056
0.990894
0.98721
0.984296
0.984286
0.986122
0.990479
0.991748
0.993903
0.994959
0.996788
0.999236
0.999728
1.0085
1.00542
1.00562
1.00471
1.00554
1.00494
1.00533
1.00505
1.00513
1.00497
1.00495
1.00492
1.00483
1.00468
1.00449
1.00421
1.00378
1.00326
1.00269
1.00228
1.00185
1.00132
1.00062
1.00014
0.99937
0.998355
0.996783
0.994872
0.992131
0.989904
0.987561
0.987555
0.988337
0.992427
0.993286
0.995211
0.994813
0.995905
0.996636
0.997473
1.00821
1.00429
1.00485
1.00409
1.00505
1.00446
1.005
1.00478
1.00499
1.00494
1.005
1.00499
1.00486
1.00464
1.00436
1.00407
1.00362
1.00297
1.00235
1.00199
1.0016
1.00105
1.00037
0.999821
0.99909
0.998153
0.996738
0.995156
0.9932
0.991903
0.990005
0.990095
0.990032
0.993582
0.994214
0.996296
0.994816
0.996277
0.994191
0.9958
1.00746
1.00334
1.00439
1.00359
1.00456
1.004
1.00467
1.00444
1.00479
1.00477
1.00493
1.00482
1.00458
1.00422
1.00386
1.00366
1.00329
1.0026
1.002
1.00174
1.00141
1.0009
1.00026
0.999676
0.998989
0.998143
0.996942
0.9957
0.994193
0.993418
0.991858
0.992078
0.991483
0.994386
0.994663
0.997128
0.994811
0.997121
0.992052
0.994822
1.00517
1.00297
1.00411
1.00321
1.00408
1.00361
1.00437
1.00412
1.00459
1.00452
1.00474
1.0045
1.0042
1.00375
1.00337
1.00325
1.00294
1.00226
1.00173
1.00152
1.00123
1.00078
1.0002
0.999625
0.998966
0.998191
0.997247
0.996336
0.995098
0.99455
0.993256
0.993606
0.99279
0.995159
0.994916
0.997851
0.994947
0.997676
0.990787
0.994169
1.00187
1.00308
1.00402
1.003
1.0037
1.00333
1.00421
1.00399
1.00453
1.00441
1.00464
1.00435
1.00402
1.00353
1.00316
1.00301
1.00269
1.00206
1.00158
1.00137
1.00108
1.00068
1.00016
0.999598
0.998969
0.998255
0.997575
0.996956
0.995911
0.995436
0.99437
0.994807
0.993987
0.996011
0.9952
0.998459
0.995495
0.998556
0.990813
0.990915
0.998367
1.00359
1.00409
1.00308
1.00343
1.00317
1.00406
1.00398
1.00447
1.00431
1.00453
1.00424
1.0039
1.00339
1.00303
1.00282
1.00248
1.00193
1.00151
1.00127
1.00094
1.00059
1.00011
0.999583
0.998993
0.998336
0.997888
0.997483
0.99661
0.996154
0.995303
0.995735
0.995059
0.996759
0.995748
0.998786
0.99658
0.999428
0.992767
0.985038
0.995682
1.00446
1.00412
1.00339
1.00319
1.00314
1.00385
1.00389
1.00423
1.00408
1.00423
1.00396
1.00366
1.00318
1.00283
1.00258
1.00225
1.00182
1.00148
1.00119
1.00085
1.00051
1.00007
0.999596
0.999059
0.998457
0.998172
0.997897
0.997192
0.996736
0.996103
0.996412
0.996007
0.99717
0.99653
0.99879
0.997693
0.999642
0.997296
0.979615
0.99441
1.00503
1.00379
1.00357
1.00289
1.00311
1.00355
1.00368
1.00385
1.00374
1.0038
1.00357
1.0033
1.00288
1.00256
1.00229
1.002
1.0017
1.0014
1.00108
1.00074
1.00042
1.00002
0.999599
0.999121
0.998577
0.998394
0.998177
0.997634
0.997176
0.99676
0.996867
0.996802
0.997324
0.997396
0.998562
0.998657
0.99913
1.00001
0.976895
0.994373
1.00529
1.00329
1.00358
1.0026
1.00306
1.00326
1.00346
1.00348
1.00342
1.0034
1.00322
1.00299
1.00263
1.00232
1.00206
1.0018
1.00158
1.00131
1.00098
1.00065
1.00035
0.999988
0.999609
0.999193
0.998712
0.99858
0.998374
0.99798
0.997522
0.997306
0.997194
0.997442
0.997398
0.998177
0.998075
0.999336
0.997579
1.00133
0.977211
0.99516
1.00526
1.00272
1.00348
1.00232
1.00299
1.00295
1.00321
1.00311
1.00311
1.00302
1.0029
1.00269
1.00238
1.0021
1.00184
1.0016
1.00144
1.00119
1.00087
1.00055
1.00027
0.999938
0.9996
0.999244
0.998823
0.998715
0.998494
0.998228
0.997771
0.997723
0.997414
0.997889
0.997439
0.998619
0.997554
0.999598
0.996155
1.00172
0.979724
0.996418
1.00502
1.00218
1.00334
1.00208
1.00292
1.00263
1.00298
1.00277
1.00285
1.0027
1.00262
1.00243
1.00217
1.00191
1.00167
1.00146
1.00131
1.00107
1.00078
1.00049
1.00022
0.999924
0.99962
0.999316
0.998949
0.998845
0.998601
0.998437
0.997975
0.998057
0.99758
0.998194
0.997429
0.998767
0.997024
0.999601
0.99505
1.00161
0.983463
0.997746
1.0043
1.00181
1.00312
1.00189
1.00282
1.00231
1.00274
1.00246
1.00258
1.00239
1.00234
1.00216
1.00195
1.00172
1.0015
1.00132
1.00117
1.00095
1.00067
1.00041
1.00015
0.999896
0.999623
0.99936
0.99904
0.998936
0.998671
0.998581
0.998115
0.998286
0.997676
0.998371
0.997366
0.998781
0.996582
0.999463
0.99461
1.00082
0.987285
0.998802
1.00361
1.00164
1.00289
1.00177
1.00264
1.00206
1.00253
1.0022
1.00236
1.00215
1.00212
1.00195
1.00178
1.00157
1.00138
1.00121
1.00106
1.00085
1.00061
1.00037
1.00014
0.999901
0.999654
0.999422
0.999141
0.999031
0.998757
0.998712
0.998248
0.998468
0.997773
0.998489
0.997305
0.998761
0.99645
0.999212
0.99475
0.999956
0.990353
0.999519
1.00303
1.00157
1.00266
1.0017
1.00246
1.00189
1.00233
1.00199
1.00215
1.00194
1.00192
1.00176
1.00161
1.00142
1.00125
1.00109
1.00095
1.00075
1.00053
1.00032
1.0001
0.999887
0.999663
0.999456
0.999208
0.999094
0.998822
0.998803
0.998354
0.99859
0.997876
0.998567
0.997319
0.998732
0.996522
0.998991
0.995338
0.999239
0.992539
0.999965
1.00256
1.00152
1.00241
1.00163
1.00227
1.00176
1.00214
1.00182
1.00196
1.00177
1.00174
1.0016
1.00147
1.00131
1.00115
1.001
1.00086
1.00068
1.00048
1.00029
1.00009
0.999893
0.99969
0.999501
0.99928
0.999163
0.998902
0.998889
0.998467
0.998693
0.998006
0.998638
0.997439
0.99871
0.996802
0.998787
0.99597
0.99872
0.99407
1.00023
1.00222
1.00151
1.00219
1.00158
1.00209
1.00166
1.00196
1.00169
1.0018
1.00162
1.00159
1.00146
1.00134
1.0012
1.00106
1.00092
1.00077
1.00061
1.00043
1.00025
1.00007
0.999892
0.999705
0.999531
0.999334
0.999214
0.998974
0.998956
0.998572
0.998768
0.998142
0.998683
0.997642
0.998669
0.997094
0.998618
0.996507
0.998418
0.995109
1.00034
1.00196
1.00147
1.00197
1.00151
1.0019
1.00155
1.00179
1.00156
1.00164
1.00148
1.00145
1.00133
1.00122
1.0011
1.00097
1.00083
1.0007
1.00055
1.00039
1.00022
1.00006
0.999892
0.999723
0.999562
0.999385
0.999264
0.999047
0.999017
0.998678
0.998832
0.998283
0.998719
0.997844
0.998654
0.997397
0.998539
0.997
0.99828
0.995854
1.00038
1.00177
1.00145
1.00181
1.00146
1.00175
1.00148
1.00165
1.00146
1.00151
1.00138
1.00134
1.00123
1.00113
1.00101
1.0009
1.00077
1.00064
1.0005
1.00035
1.0002
1.00005
0.999898
0.999742
0.999592
0.999431
0.999309
0.999116
0.999071
0.998779
0.998884
0.998421
0.998755
0.99804
0.998651
0.997675
0.998508
0.997398
0.998246
0.996365
1.00035
1.00161
1.00139
1.00164
1.00139
1.0016
1.00138
1.0015
1.00135
1.00137
1.00127
1.00122
1.00112
1.00103
1.00092
1.00081
1.0007
1.00058
1.00045
1.00031
1.00018
1.00004
0.999897
0.999754
0.999615
0.99947
0.999352
0.999185
0.999124
0.998882
0.998943
0.998564
0.998804
0.998239
0.998687
0.997947
0.998541
0.997747
0.99826
0.996743
1.00032
1.0015
1.00135
1.00152
1.00134
1.00147
1.00132
1.00139
1.00127
1.00127
1.00118
1.00113
1.00104
1.00096
1.00086
1.00076
1.00065
1.00053
1.00041
1.00029
1.00016
1.00003
0.999901
0.999768
0.999639
0.999505
0.999388
0.999241
0.999167
0.998965
0.998985
0.998681
0.998839
0.998401
0.998712
0.998161
0.998571
0.998014
0.998328
0.996999
1.00024
1.00138
1.00128
1.00139
1.00126
1.00135
1.00123
1.00127
1.00118
1.00116
1.00109
1.00103
1.00095
1.00087
1.00078
1.00069
1.00059
1.00048
1.00037
1.00026
1.00014
1.00002
0.999906
0.999785
0.999666
0.999545
0.999435
0.999307
0.999226
0.999063
0.999051
0.998815
0.998907
0.998574
0.998777
0.998372
0.998642
0.998256
0.998456
0.997221
1.00019
1.00129
1.00123
1.00129
1.0012
1.00125
1.00117
1.00118
1.00111
1.00108
1.00102
1.00096
1.00089
1.00081
1.00073
1.00064
1.00054
1.00045
1.00034
1.00024
1.00013
1.00002
0.999905
0.999792
0.999681
0.999569
0.999463
0.999348
0.999262
0.999126
0.999089
0.998903
0.998942
0.998695
0.998817
0.998526
0.998694
0.998427
0.99855
0.997391
1.00011
1.00119
1.00115
1.00119
1.00113
1.00115
1.00109
1.00108
1.00102
1.00099
1.00093
1.00088
1.00081
1.00074
1.00067
1.00058
1.0005
1.00041
1.00031
1.00022
1.00012
1.00002
0.999915
0.999812
0.99971
0.999608
0.99951
0.999408
0.999323
0.99921
0.999158
0.999016
0.999019
0.998836
0.9989
0.998692
0.998791
0.998607
0.998681
0.997565
1.00005
1.00113
1.0011
1.00112
1.00107
1.00108
1.00103
1.00102
1.00097
1.00093
1.00088
1.00082
1.00076
1.0007
1.00062
1.00055
1.00046
1.00038
1.00029
1.0002
1.00011
1.00001
0.999915
0.999818
0.999722
0.999627
0.999534
0.999441
0.999358
0.999259
0.999199
0.999087
0.999064
0.998929
0.99895
0.998802
0.998852
0.998725
0.998763
0.997669
0.999967
1.00104
1.00102
1.00102
1.00099
1.00099
1.00095
1.00093
1.00089
1.00085
1.0008
1.00075
1.00069
1.00063
1.00057
1.0005
1.00042
1.00034
1.00026
1.00018
1.0001
1.00001
0.999923
0.999835
0.999748
0.999662
0.999577
0.999492
0.999414
0.99933
0.999268
0.999178
0.999142
0.999042
0.999037
0.998932
0.99895
0.998864
0.998881
0.997794
0.999922
1.00099
1.00098
1.00097
1.00095
1.00094
1.00091
1.00088
1.00084
1.00081
1.00076
1.00071
1.00066
1.0006
1.00054
1.00047
1.0004
1.00033
1.00025
1.00017
1.00009
1.00001
0.999926
0.999843
0.999759
0.999678
0.999598
0.999518
0.999444
0.999368
0.999305
0.999229
0.999184
0.999105
0.999084
0.999008
0.999006
0.998949
0.998953
0.997861
0.999842
1.00091
1.0009
1.00089
1.00087
1.00086
1.00083
1.0008
1.00077
1.00073
1.00069
1.00065
1.0006
1.00054
1.00049
1.00042
1.00036
1.00029
1.00022
1.00015
1.00008
1.00001
0.999932
0.999858
0.999784
0.99971
0.999638
0.999567
0.9995
0.999433
0.999374
0.99931
0.999263
0.999201
0.999172
0.999117
0.999103
0.999066
0.99906
0.997986
0.999806
1.00087
1.00086
1.00085
1.00084
1.00082
1.00079
1.00077
1.00074
1.0007
1.00066
1.00062
1.00057
1.00052
1.00046
1.00041
1.00034
1.00028
1.00021
1.00015
1.00008
1.00001
0.999935
0.999863
0.999792
0.999722
0.999653
0.999586
0.999521
0.999458
0.999401
0.999343
0.999296
0.999243
0.99921
0.999165
0.999147
0.999116
0.999109
0.998045
0.999716
1.00078
1.00077
1.00076
1.00075
1.00073
1.00071
1.00069
1.00066
1.00063
1.00059
1.00055
1.00051
1.00046
1.00041
1.00036
1.00031
1.00025
1.00019
1.00013
1.00007
1.00001
0.999945
0.999882
0.99982
0.999759
0.999698
0.999639
0.999583
0.999528
0.999477
0.999428
0.999386
0.999343
0.99931
0.999275
0.999254
0.99923
0.99922
0.998187
)
;

boundaryField
{
    FrontBack
    {
        type            empty;
    }
    Cylinder
    {
        type            calculated;
        value           uniform 0;
    }
    Bottom
    {
        type            calculated;
        value           uniform 0;
    }
    Top
    {
        type            calculated;
        value           uniform 0;
    }
    Inlet
    {
        type            calculated;
        value           uniform 1;
    }
    Outlet
    {
        type            calculated;
        value           nonuniform List<scalar> 
40
(
0.999716
1.00078
1.00077
1.00076
1.00075
1.00073
1.00071
1.00069
1.00066
1.00063
1.00059
1.00055
1.00051
1.00046
1.00041
1.00036
1.00031
1.00025
1.00019
1.00013
1.00007
1.00001
0.999945
0.999882
0.99982
0.999759
0.999698
0.999639
0.999583
0.999528
0.999477
0.999428
0.999386
0.999343
0.99931
0.999275
0.999254
0.99923
0.99922
0.998187
)
;
    }
}


// ************************************************************************* //
