/*--------------------------------*- C++ -*----------------------------------*\
  =========                 |
  \\      /  F ield         | OpenFOAM: The Open Source CFD Toolbox
   \\    /   O peration     | Website:  https://openfoam.org
    \\  /    A nd           | Version:  11
     \\/     M anipulation  |
\*---------------------------------------------------------------------------*/
FoamFile
{
    format      ascii;
    class       volScalarField;
    location    "6.5";
    object      mag(U);
}
// * * * * * * * * * * * * * * * * * * * * * * * * * * * * * * * * * * * * * //

dimensions      [0 1 -1 0 0 0 0];

internalField   nonuniform List<scalar> 
9600
(
0.968698
0.966592
0.9625
0.956629
0.952902
0.950766
0.945535
0.938434
0.935238
0.935852
0.934799
0.934744
0.936443
0.939424
0.94417
0.953838
0.96694
0.970494
0.966461
0.951895
0.937839
0.922289
0.908874
0.898086
0.887996
0.877644
0.870138
0.868641
0.876079
0.898899
0.934787
0.99343
1.08323
1.19209
1.27
1.28638
1.275
1.23189
1.16358
1.01963
0.971385
0.970223
0.968446
0.965931
0.963067
0.961177
0.960235
0.958957
0.957371
0.957408
0.958199
0.960507
0.965236
0.969669
0.975686
0.988909
1.00502
1.01569
1.02309
1.02625
1.02571
1.02168
1.00861
0.990485
0.973704
0.957341
0.943446
0.935358
0.93403
0.937855
0.955196
0.998184
1.07145
1.17032
1.27457
1.34391
1.35904
1.33421
1.2853
1.17478
0.970076
0.968978
0.967313
0.965375
0.962782
0.96047
0.959694
0.958764
0.957677
0.957826
0.958884
0.961388
0.966363
0.972378
0.978112
0.987624
1.00248
1.0186
1.03306
1.04055
1.04096
1.03724
1.02305
1.0027
0.985891
0.968605
0.951043
0.938719
0.935482
0.939681
0.956997
0.995263
1.05117
1.13234
1.2381
1.32289
1.34825
1.34202
1.31333
1.21774
0.969959
0.968724
0.966901
0.964962
0.962058
0.959992
0.959298
0.95798
0.956803
0.957109
0.958496
0.961689
0.966497
0.973048
0.97927
0.98851
1.00279
1.01786
1.03483
1.04854
1.0526
1.05106
1.04368
1.02847
1.0125
0.994972
0.976354
0.958369
0.946803
0.943756
0.95334
0.980657
1.0356
1.10768
1.20095
1.30045
1.3679
1.37507
1.34781
1.25241
0.969251
0.968038
0.966037
0.964004
0.96165
0.960006
0.959151
0.957577
0.957027
0.957472
0.958903
0.962421
0.966821
0.973455
0.982404
0.991737
1.00131
1.01626
1.03328
1.05209
1.06342
1.06468
1.06028
1.04861
1.02827
1.00587
0.984064
0.962813
0.949605
0.944343
0.951114
0.971505
1.02353
1.08501
1.16878
1.26558
1.35546
1.38684
1.37069
1.2869
0.968752
0.967608
0.965157
0.963567
0.961626
0.959564
0.958473
0.957318
0.956445
0.956828
0.958665
0.962526
0.96672
0.973839
0.983134
0.992658
1.00195
1.01745
1.03477
1.05286
1.0665
1.0704
1.06721
1.05771
1.04204
1.02078
1.00014
0.977328
0.959385
0.944233
0.948083
0.958085
1.00251
1.05758
1.14131
1.22653
1.33319
1.39833
1.40044
1.32801
0.967894
0.966752
0.964213
0.962952
0.960805
0.958939
0.958025
0.956881
0.956362
0.957081
0.958993
0.962894
0.967192
0.97524
0.983886
0.993699
1.00397
1.0195
1.03526
1.05236
1.06816
1.07559
1.07479
1.06713
1.05279
1.02963
1.00904
0.982632
0.96509
0.946004
0.946991
0.94927
0.98698
1.03007
1.11719
1.19309
1.30287
1.39345
1.42835
1.36386
0.967291
0.966087
0.963668
0.962345
0.960278
0.958591
0.95767
0.956551
0.956107
0.956864
0.958903
0.962949
0.967814
0.975259
0.9842
0.994625
1.00579
1.02047
1.03591
1.05291
1.06985
1.0789
1.07981
1.07221
1.05993
1.03669
1.01814
0.989924
0.973302
0.948155
0.94583
0.940644
0.968142
0.997099
1.08226
1.15339
1.26288
1.36302
1.45302
1.39749
0.966316
0.965038
0.962913
0.9615
0.959475
0.957951
0.957084
0.956265
0.955824
0.957042
0.959107
0.963168
0.968576
0.976
0.98507
0.995916
1.00754
1.02264
1.03816
1.05363
1.07004
1.08062
1.08461
1.07745
1.06738
1.04364
1.02449
0.994364
0.977714
0.949119
0.944217
0.932844
0.955266
0.971821
1.04399
1.10684
1.22513
1.31709
1.46436
1.42534
0.965636
0.96435
0.962353
0.960663
0.958925
0.957488
0.956744
0.955976
0.955532
0.957036
0.959197
0.963254
0.968943
0.976721
0.985273
0.996818
1.0093
1.02429
1.03939
1.0541
1.07018
1.08245
1.08891
1.08407
1.07422
1.04978
1.03143
0.998996
0.981681
0.951274
0.94388
0.925203
0.939098
0.941247
1.00046
1.05197
1.175
1.26355
1.44566
1.4428
0.964589
0.96336
0.961488
0.959518
0.958112
0.956989
0.956007
0.955662
0.955519
0.956791
0.959594
0.964219
0.96876
0.977285
0.986452
0.99851
1.01086
1.02464
1.0415
1.05683
1.07201
1.08264
1.09163
1.08779
1.08055
1.05916
1.04033
1.00589
0.987195
0.951382
0.940513
0.915568
0.925029
0.916585
0.961319
1.00248
1.12491
1.21334
1.41501
1.45482
0.96373
0.962536
0.960586
0.958761
0.957536
0.956413
0.955543
0.955167
0.955407
0.956587
0.959655
0.964325
0.969026
0.977696
0.987095
0.999067
1.0127
1.02679
1.04322
1.05816
1.07327
1.08344
1.09379
1.09245
1.08726
1.06733
1.05007
1.01337
0.99306
0.954134
0.94089
0.909993
0.911162
0.893151
0.921778
0.953098
1.05754
1.15109
1.36293
1.45261
0.96266
0.961507
0.959514
0.957947
0.956795
0.955733
0.955091
0.954545
0.955326
0.956994
0.959062
0.964512
0.970507
0.97759
0.98766
1.00016
1.01575
1.02924
1.04462
1.0588
1.07614
1.08532
1.09677
1.09566
1.09268
1.07417
1.05893
1.02437
1.00326
0.960806
0.943018
0.904939
0.899635
0.878356
0.8876
0.92024
0.977084
1.08704
1.27877
1.43697
0.961762
0.960573
0.95856
0.956971
0.955989
0.954736
0.954153
0.954354
0.954672
0.956826
0.959374
0.963965
0.970822
0.978108
0.988268
1.00141
1.01701
1.03109
1.04773
1.06095
1.07855
1.08743
1.09895
1.09856
1.0982
1.08119
1.06795
1.03566
1.01447
0.969965
0.949024
0.910469
0.891577
0.87458
0.854078
0.896581
0.902259
1.01805
1.16593
1.4116
0.960437
0.95942
0.957547
0.955983
0.955285
0.953981
0.953248
0.954303
0.954275
0.956517
0.959593
0.964139
0.970735
0.979049
0.989674
1.00217
1.01893
1.03326
1.05149
1.06379
1.08103
1.08881
1.10224
1.10231
1.10401
1.08755
1.07588
1.04521
1.02517
0.983213
0.957868
0.923416
0.885737
0.873628
0.839124
0.87075
0.862743
0.958477
1.08169
1.34121
0.959316
0.958229
0.95642
0.954893
0.953671
0.95323
0.952083
0.953304
0.953955
0.956245
0.959133
0.964515
0.970892
0.979375
0.990386
1.00318
1.02061
1.03584
1.05438
1.06648
1.08453
1.09129
1.10503
1.10544
1.10948
1.0939
1.08375
1.05444
1.03569
0.998936
0.963544
0.94026
0.892159
0.87625
0.83375
0.847368
0.825199
0.889446
1.01522
1.18442
0.958161
0.957178
0.955416
0.95389
0.952508
0.952444
0.95133
0.95304
0.953088
0.95631
0.9591
0.964634
0.971912
0.980032
0.991488
1.00398
1.02253
1.03848
1.05826
1.06974
1.08914
1.09511
1.10833
1.1088
1.11533
1.10162
1.09331
1.0661
1.04277
1.01829
0.973985
0.950329
0.902026
0.88311
0.835526
0.833669
0.801045
0.819666
0.927994
1.04547
0.95698
0.955806
0.953436
0.952589
0.950863
0.950775
0.950165
0.951974
0.952393
0.955664
0.958266
0.964394
0.972625
0.980381
0.993373
1.00503
1.02427
1.03898
1.06224
1.07437
1.09323
1.09899
1.11269
1.11233
1.12082
1.10939
1.10103
1.08292
1.0498
1.0298
0.988042
0.964799
0.914328
0.88919
0.848096
0.827818
0.794807
0.759439
0.824689
0.951144
0.955929
0.954653
0.952041
0.951563
0.949541
0.949916
0.949078
0.950876
0.952592
0.954997
0.95908
0.96392
0.97381
0.980352
0.996278
1.00669
1.02731
1.04079
1.06524
1.07757
1.09827
1.10495
1.11893
1.11842
1.12434
1.12173
1.10646
1.09768
1.06625
1.046
1.00218
0.978083
0.934478
0.898116
0.864846
0.828312
0.80512
0.740578
0.762911
0.840586
0.95386
0.952717
0.950271
0.949235
0.948011
0.947791
0.947749
0.948737
0.951276
0.954058
0.959251
0.962503
0.97466
0.981163
0.997222
1.00811
1.03002
1.04403
1.06843
1.08112
1.10182
1.11139
1.12288
1.12963
1.12564
1.13131
1.11513
1.10859
1.0797
1.06172
1.02218
0.991495
0.957461
0.90814
0.883777
0.843359
0.815271
0.748741
0.745002
0.751789
0.952129
0.951111
0.948703
0.947561
0.947049
0.945854
0.947279
0.947797
0.950552
0.952832
0.960073
0.963152
0.975318
0.982604
0.999971
1.01096
1.03279
1.04712
1.07064
1.08864
1.10432
1.1212
1.12486
1.14014
1.1341
1.13987
1.12587
1.12089
1.09448
1.07829
1.04384
1.00977
0.983765
0.933136
0.894674
0.870973
0.834527
0.765026
0.750818
0.7208
0.949658
0.948062
0.946242
0.94407
0.944404
0.943523
0.944513
0.945408
0.949552
0.950491
0.959226
0.962925
0.975466
0.983126
1.00118
1.01435
1.03403
1.05449
1.07089
1.09529
1.10593
1.12885
1.13151
1.14678
1.14284
1.14918
1.13605
1.1333
1.10966
1.09312
1.064
1.02679
1.00145
0.962953
0.912729
0.884567
0.86074
0.799389
0.763278
0.727026
0.948121
0.945984
0.944617
0.941904
0.942774
0.941971
0.943254
0.94354
0.949199
0.950522
0.958584
0.963948
0.976072
0.987432
1.00055
1.02107
1.03489
1.06105
1.07553
1.101
1.11183
1.13435
1.13856
1.15498
1.15228
1.16018
1.1492
1.14675
1.12579
1.11099
1.08718
1.05061
1.0195
0.991592
0.942763
0.903793
0.883866
0.838849
0.790768
0.749181
0.945226
0.942569
0.941311
0.938128
0.939004
0.93801
0.940901
0.939929
0.944916
0.94968
0.955297
0.965245
0.972816
0.990544
1.00196
1.02364
1.03913
1.06517
1.07971
1.10639
1.11713
1.13996
1.1461
1.16185
1.16128
1.17099
1.15999
1.16113
1.14375
1.12684
1.10835
1.07825
1.04039
1.01536
0.977657
0.926651
0.900212
0.867985
0.823725
0.776161
0.943432
0.94077
0.93955
0.937148
0.936716
0.936727
0.93773
0.941934
0.942493
0.950528
0.954653
0.966655
0.975957
0.990684
1.00721
1.02637
1.04553
1.06964
1.08629
1.11403
1.12354
1.14794
1.1522
1.17246
1.17012
1.18088
1.17618
1.17458
1.16282
1.14952
1.12782
1.10729
1.0723
1.03676
1.01084
0.962773
0.926388
0.89496
0.862295
0.810837
0.938303
0.936943
0.934146
0.93376
0.930869
0.934627
0.931759
0.937591
0.940277
0.946277
0.955551
0.962839
0.978999
0.990184
1.01229
1.02596
1.05504
1.06922
1.09469
1.1173
1.12988
1.15513
1.15986
1.17887
1.17968
1.1919
1.18657
1.18945
1.18092
1.1702
1.15261
1.13195
1.10612
1.06733
1.03928
1.00429
0.958779
0.922187
0.89908
0.848004
0.934485
0.934944
0.931193
0.932354
0.929256
0.932124
0.934496
0.93496
0.942433
0.945138
0.95795
0.965003
0.983068
0.993946
1.01807
1.03287
1.06083
1.0788
1.10327
1.12503
1.13903
1.16289
1.16732
1.18843
1.19012
1.20094
1.20327
1.2032
1.19886
1.19392
1.18039
1.15735
1.14001
1.10935
1.07193
1.03897
1.00505
0.958766
0.934197
0.88816
0.926674
0.927465
0.923728
0.9231
0.925283
0.923388
0.930218
0.929929
0.939904
0.942916
0.957763
0.965188
0.984263
0.997109
1.01976
1.0407
1.06287
1.0891
1.1068
1.13521
1.14428
1.17142
1.17835
1.19355
1.203
1.21146
1.21244
1.21739
1.21772
1.2117
1.20219
1.19291
1.1716
1.14565
1.11557
1.07774
1.05115
1.00154
0.978606
0.929253
0.925547
0.922786
0.922956
0.918903
0.92314
0.920725
0.929032
0.929365
0.939717
0.946208
0.958845
0.972526
0.987232
1.00871
1.02471
1.05391
1.06993
1.10209
1.11621
1.14461
1.15803
1.17771
1.18911
1.20613
1.21329
1.22114
1.22843
1.23629
1.2315
1.23361
1.23045
1.22261
1.20525
1.18496
1.16627
1.12162
1.10053
1.05161
1.02987
0.977662
0.917399
0.913136
0.913962
0.909271
0.913557
0.913721
0.917612
0.925264
0.930441
0.944243
0.952873
0.972935
0.986728
1.01179
1.02909
1.0577
1.0809
1.10472
1.12757
1.15221
1.16505
1.18532
1.20029
1.21273
1.2187
1.23493
1.24084
1.24598
1.24869
1.25507
1.25425
1.24514
1.24569
1.22269
1.21341
1.17468
1.15725
1.10604
1.08529
1.0337
0.913771
0.912288
0.909729
0.912155
0.909236
0.91644
0.918272
0.928017
0.935262
0.949095
0.962233
0.978877
1.00025
1.01989
1.04368
1.06972
1.09199
1.11901
1.1409
1.16129
1.17747
1.19829
1.2086
1.2211
1.23273
1.24611
1.25098
1.25777
1.27091
1.26961
1.28003
1.27182
1.28286
1.26093
1.26548
1.23117
1.22111
1.17549
1.15462
1.10175
0.89416
0.898394
0.894714
0.8979
0.900482
0.904804
0.912735
0.918415
0.933311
0.944985
0.963287
0.982378
1.00211
1.02772
1.05417
1.07637
1.1045
1.13055
1.15148
1.16927
1.19201
1.20546
1.21781
1.23
1.2462
1.24884
1.2657
1.26691
1.28634
1.28089
1.30408
1.29335
1.31287
1.29709
1.30874
1.28532
1.28357
1.24793
1.23164
1.18249
0.893359
0.892853
0.894136
0.893187
0.899017
0.904585
0.91545
0.925882
0.941176
0.953786
0.978855
0.99593
1.02135
1.04304
1.07531
1.09402
1.12687
1.14617
1.17229
1.1843
1.21236
1.21554
1.23834
1.24025
1.26235
1.26092
1.28306
1.28066
1.30316
1.29876
1.32404
1.31781
1.34339
1.33445
1.3543
1.33997
1.34844
1.32628
1.32016
1.28098
0.874721
0.874957
0.877699
0.878126
0.888863
0.890532
0.908389
0.916501
0.939319
0.953321
0.98283
0.999239
1.03344
1.05281
1.08939
1.10678
1.14437
1.15673
1.18991
1.1961
1.22441
1.22659
1.25016
1.25139
1.27265
1.27264
1.2941
1.29376
1.31642
1.31507
1.33926
1.33736
1.36539
1.36219
1.39353
1.38891
1.41327
1.40042
1.41323
1.38248
0.872758
0.869981
0.879138
0.878792
0.893842
0.900506
0.921679
0.934529
0.958585
0.97797
1.00707
1.02829
1.06005
1.0857
1.1163
1.14117
1.16956
1.1896
1.21313
1.22535
1.24685
1.25369
1.27076
1.27644
1.29356
1.29811
1.31328
1.31881
1.33456
1.3371
1.35502
1.35643
1.37938
1.38177
1.4099
1.41537
1.44643
1.45758
1.48344
1.49515
0.847251
0.851474
0.860055
0.871703
0.87936
0.900598
0.914642
0.943633
0.961769
0.997102
1.01828
1.05515
1.07918
1.11537
1.13992
1.17188
1.1938
1.21896
1.23501
1.25329
1.26443
1.27863
1.28627
1.29742
1.30316
1.31521
1.31726
1.3296
1.3298
1.34237
1.34095
1.35205
1.34841
1.35892
1.35644
1.37039
1.37032
1.39244
1.39196
1.44148
0.841408
0.852963
0.872157
0.889225
0.915476
0.937267
0.968555
0.990809
1.02525
1.0525
1.08778
1.11848
1.15082
1.18288
1.21116
1.23718
1.25933
1.27605
1.28754
1.29503
1.29709
1.30154
1.30261
1.3068
1.31277
1.3164
1.32095
1.31822
1.31407
1.30243
1.2928
1.27953
1.25976
1.23317
1.19985
1.16431
1.11593
1.08445
1.02086
1.0395
0.812631
0.835869
0.854498
0.87836
0.905187
0.935238
0.971773
1.00719
1.04738
1.08441
1.12291
1.15838
1.19161
1.22261
1.24912
1.26999
1.28631
1.29473
1.29806
1.29725
1.28967
1.28759
1.27837
1.28159
1.28883
1.29502
1.29097
1.26486
1.23415
1.17525
1.12359
1.05163
0.986713
0.881492
0.775145
0.651725
0.528953
0.420524
0.323278
0.301538
0.879422
0.92126
0.969351
1.00998
1.05274
1.08957
1.13043
1.16479
1.20121
1.2303
1.25889
1.28018
1.29844
1.31149
1.32283
1.32919
1.32879
1.32324
1.30873
1.29259
1.26386
1.24137
1.20651
1.18677
1.14976
1.12833
1.07217
0.980757
0.891224
0.76104
0.611668
0.417629
0.24494
0.127767
0.0579789
0.0369686
0.0510095
0.0751713
0.0854342
0.138465
0.997345
1.03433
1.06776
1.10396
1.13864
1.17006
1.1975
1.21989
1.23624
1.2473
1.25561
1.25644
1.25891
1.25385
1.24671
1.22768
1.20452
1.17037
1.12897
1.07869
1.01696
0.948506
0.864293
0.783007
0.692167
0.630267
0.364889
0.151305
0.302688
0.30849
0.244177
0.210912
0.244199
0.271691
0.284224
0.294813
0.302624
0.305929
0.308441
0.338399
1.13602
1.14206
1.08878
0.985666
0.880167
0.818478
0.804143
0.872624
0.982064
1.0073
1.00277
1.00453
1.00811
1.00958
1.01242
1.01356
1.0143
1.01554
1.01567
1.01618
1.01615
1.01604
1.01597
1.0158
1.01556
1.01544
1.01487
1.01474
1.01429
1.01414
1.01378
1.01362
1.01328
1.01308
1.01266
1.01246
1.01202
1.01202
1.01232
1.01467
1.17437
1.16818
1.10732
0.984246
0.865165
0.802882
0.790477
0.847693
0.963821
1.00053
0.999713
1.00233
1.00744
1.00931
1.0125
1.01391
1.01463
1.01584
1.01614
1.01651
1.01671
1.01658
1.01651
1.01621
1.01595
1.01586
1.01528
1.01514
1.01465
1.01451
1.01412
1.01399
1.01361
1.01347
1.013
1.01292
1.01237
1.01222
1.0115
1.00928
1.19307
1.20073
1.13793
0.988565
0.851014
0.784447
0.776731
0.832514
0.94787
0.991269
0.995493
0.999866
1.00654
1.00924
1.01273
1.01433
1.01555
1.01666
1.01687
1.01724
1.01746
1.01719
1.01734
1.01686
1.0166
1.01632
1.01584
1.01569
1.01516
1.01502
1.01459
1.01449
1.014
1.01387
1.01331
1.01337
1.01288
1.0129
1.01314
1.01525
1.22942
1.24266
1.17088
0.982225
0.826384
0.758308
0.758132
0.806797
0.928454
0.98217
0.992042
0.997335
1.00542
1.00882
1.0126
1.01456
1.01598
1.01699
1.01739
1.01764
1.01789
1.01752
1.01776
1.01732
1.0172
1.01676
1.01641
1.01611
1.01577
1.01544
1.01518
1.01509
1.01472
1.01461
1.01394
1.01372
1.01306
1.01291
1.01205
1.0102
1.26128
1.29203
1.21016
0.973898
0.798597
0.727178
0.738878
0.791504
0.910983
0.97081
0.986652
0.994799
1.00428
1.00882
1.01269
1.01492
1.0168
1.01779
1.0183
1.01847
1.01882
1.01821
1.01844
1.01783
1.01785
1.01726
1.0171
1.01664
1.01639
1.016
1.0157
1.01558
1.01516
1.01506
1.01442
1.01425
1.0137
1.0137
1.0136
1.01492
1.31545
1.35444
1.22637
0.951078
0.756102
0.687225
0.712156
0.765409
0.8939
0.960974
0.981884
0.992816
1.00307
1.00835
1.0123
1.01504
1.01723
1.01806
1.01906
1.01905
1.01959
1.01883
1.01907
1.01831
1.0184
1.01769
1.01762
1.017
1.01684
1.01627
1.01601
1.01579
1.01546
1.0153
1.0147
1.01446
1.01385
1.01377
1.01298
1.01162
1.37167
1.40933
1.22965
0.915403
0.704911
0.64141
0.685251
0.751538
0.878072
0.949982
0.975741
0.991268
1.00194
1.00853
1.01245
1.01545
1.01783
1.01876
1.02015
1.01992
1.02057
1.01972
1.01992
1.01913
1.0192
1.01845
1.01843
1.01766
1.01751
1.01682
1.01645
1.01612
1.01577
1.01571
1.01534
1.01526
1.01465
1.01461
1.01423
1.01488
1.44711
1.44766
1.22002
0.85487
0.635995
0.589701
0.653099
0.730177
0.865342
0.941687
0.971201
0.9903
1.00092
1.00842
1.01234
1.01567
1.01806
1.01896
1.02066
1.02035
1.02111
1.02045
1.02072
1.02002
1.02001
1.01933
1.01924
1.01849
1.01835
1.01762
1.01727
1.01675
1.01643
1.01617
1.0158
1.01557
1.01493
1.01482
1.01411
1.01315
1.52044
1.47326
1.18227
0.770598
0.55711
0.538137
0.627806
0.722226
0.855858
0.933387
0.966239
0.990316
1.0008
1.00961
1.01327
1.0167
1.01883
1.01983
1.02145
1.02118
1.02179
1.02134
1.02145
1.02108
1.02084
1.02026
1.02012
1.01947
1.01925
1.01855
1.0182
1.01758
1.01732
1.01698
1.01663
1.01637
1.01589
1.01558
1.01512
1.0152
1.58168
1.4817
1.11331
0.666192
0.474961
0.49702
0.608488
0.714769
0.85193
0.928586
0.964227
0.991191
1.00118
1.0108
1.01406
1.01772
1.01946
1.02083
1.02195
1.02221
1.02225
1.02223
1.02194
1.02182
1.02136
1.02095
1.02059
1.02003
1.01975
1.01902
1.0187
1.0179
1.01763
1.01717
1.01689
1.0166
1.01625
1.01596
1.01541
1.01472
1.61445
1.48245
1.03561
0.578196
0.42666
0.484174
0.610204
0.724318
0.853227
0.92604
0.963427
0.992819
1.00268
1.01318
1.0158
1.01988
1.02095
1.02285
1.02302
1.02379
1.02308
1.02362
1.02277
1.02306
1.02217
1.02199
1.02132
1.02083
1.02038
1.01972
1.01943
1.01867
1.01846
1.01783
1.01767
1.01731
1.01721
1.01678
1.01627
1.01598
1.63448
1.48583
0.994905
0.566122
0.448912
0.512795
0.630544
0.741699
0.861882
0.928435
0.965782
0.995611
1.00458
1.01558
1.0174
1.022
1.02213
1.02467
1.02384
1.02538
1.02395
1.02518
1.02384
1.02459
1.02337
1.02347
1.02243
1.0222
1.02148
1.02093
1.02035
1.0196
1.01918
1.01841
1.01819
1.01763
1.01764
1.01713
1.01692
1.01628
1.62664
1.4958
1.02957
0.666823
0.54854
0.580583
0.676427
0.773438
0.875048
0.934735
0.970848
1.00074
1.00801
1.01947
1.01996
1.02501
1.02391
1.02716
1.02517
1.02739
1.02539
1.02703
1.02523
1.02628
1.02467
1.02504
1.02356
1.02367
1.02262
1.02247
1.02157
1.02117
1.0204
1.01971
1.01914
1.01848
1.01837
1.01777
1.01758
1.0172
1.5863
1.48941
1.12036
0.811545
0.680414
0.66822
0.732559
0.809975
0.89513
0.947529
0.980307
1.00803
1.01326
1.02394
1.02286
1.02812
1.02567
1.02934
1.02661
1.02919
1.02668
1.02835
1.02626
1.02726
1.0254
1.02587
1.02417
1.02434
1.02299
1.02311
1.0219
1.0218
1.02071
1.02034
1.01943
1.01897
1.0186
1.01815
1.01801
1.0178
1.52863
1.45418
1.18575
0.950137
0.796435
0.756101
0.793226
0.852189
0.918925
0.965857
0.993826
1.01814
1.02152
1.03036
1.02772
1.03243
1.02893
1.03241
1.02899
1.03129
1.02832
1.02981
1.02731
1.02825
1.02618
1.02666
1.0249
1.02511
1.02378
1.024
1.02282
1.02292
1.02175
1.02164
1.02056
1.02034
1.01937
1.0191
1.01866
1.01834
1.45921
1.3877
1.19492
1.02335
0.86985
0.827784
0.846446
0.896017
0.948116
0.990538
1.01153
1.03082
1.03205
1.03816
1.03395
1.03732
1.03295
1.03558
1.03191
1.03391
1.03061
1.03201
1.02925
1.03017
1.02783
1.02833
1.02634
1.02653
1.02508
1.02525
1.02407
1.02413
1.02293
1.02285
1.02188
1.0217
1.02049
1.02014
1.01918
1.01898
1.35755
1.30638
1.17148
1.04457
0.902644
0.878351
0.895894
0.942787
0.980962
1.01993
1.03321
1.04785
1.04551
1.04844
1.04238
1.04356
1.03839
1.04008
1.03604
1.03752
1.03409
1.03533
1.03239
1.03323
1.03069
1.03109
1.02893
1.02902
1.0273
1.02732
1.02597
1.02594
1.02472
1.02456
1.02339
1.0231
1.02198
1.02161
1.02061
1.02014
1.22279
1.19747
1.12078
1.01496
0.908878
0.908067
0.944107
0.988145
1.01959
1.05233
1.05884
1.06814
1.06083
1.05961
1.05176
1.05029
1.04416
1.04466
1.04041
1.04113
1.03755
1.03842
1.03525
1.0358
1.03313
1.03298
1.03092
1.03036
1.02882
1.02827
1.027
1.02669
1.02569
1.02537
1.02427
1.02386
1.02272
1.02229
1.02149
1.02124
1.07894
1.06542
1.04098
0.949177
0.898657
0.917683
0.959286
1.02272
1.06366
1.08636
1.08958
1.09132
1.07933
1.07318
1.06317
1.05849
1.05081
1.04921
1.0446
1.04386
1.04046
1.04031
1.03734
1.03689
1.03502
1.03377
1.03275
1.03122
1.03043
1.02909
1.02831
1.02742
1.02673
1.02597
1.02529
1.02469
1.02395
1.02318
1.02249
1.0221
0.917626
0.926027
0.940595
0.877731
0.866704
0.904661
0.960607
1.04646
1.10226
1.1246
1.12339
1.11755
1.10039
1.08947
1.07689
1.06872
1.05914
1.05462
1.05007
1.04694
1.04401
1.04206
1.04004
1.03788
1.0372
1.03469
1.0346
1.03224
1.03206
1.03002
1.02973
1.02808
1.02778
1.02653
1.02632
1.02522
1.02499
1.02391
1.02357
1.02299
0.765701
0.816175
0.840898
0.800553
0.803548
0.86309
0.939567
1.04995
1.12289
1.16745
1.15835
1.15049
1.12388
1.10995
1.09409
1.08273
1.07129
1.06339
1.05858
1.05291
1.05057
1.04667
1.04544
1.04196
1.04172
1.03875
1.03875
1.03625
1.03587
1.03373
1.03296
1.03107
1.03047
1.02903
1.02861
1.02712
1.02665
1.02542
1.02511
1.02449
0.685446
0.744539
0.747977
0.714007
0.718928
0.790253
0.887064
1.02236
1.13501
1.20105
1.19713
1.18586
1.149
1.13099
1.11212
1.09809
1.08415
1.07412
1.06815
1.0607
1.05793
1.05288
1.05103
1.04733
1.04597
1.04326
1.04223
1.04028
1.03907
1.03774
1.03604
1.03478
1.03324
1.03222
1.03099
1.02967
1.02867
1.02744
1.02672
1.02603
0.699583
0.717102
0.687355
0.645252
0.642503
0.704512
0.802293
0.952098
1.11681
1.21397
1.23825
1.21886
1.17933
1.14767
1.12977
1.11169
1.09534
1.08416
1.07568
1.06754
1.0633
1.0583
1.05495
1.05168
1.04906
1.04661
1.04456
1.04306
1.04116
1.0405
1.03833
1.03776
1.03559
1.03492
1.03296
1.03222
1.03055
1.02973
1.02848
1.02803
0.742432
0.733274
0.700578
0.644411
0.624335
0.654851
0.709461
0.850435
1.05138
1.20232
1.25935
1.25452
1.21307
1.16486
1.14775
1.12524
1.10742
1.09444
1.08398
1.07448
1.06876
1.06301
1.05872
1.05482
1.05201
1.04892
1.04669
1.04471
1.04283
1.04189
1.0401
1.03948
1.03769
1.03683
1.03516
1.03415
1.03255
1.03167
1.03039
1.03
0.785272
0.769486
0.746048
0.707026
0.697242
0.697685
0.686254
0.767774
0.941967
1.15428
1.25393
1.28254
1.249
1.19073
1.16479
1.14385
1.12347
1.10907
1.09724
1.08596
1.07883
1.07201
1.06687
1.0618
1.05858
1.05452
1.05206
1.04899
1.04696
1.04491
1.04326
1.04172
1.04052
1.03897
1.038
1.03641
1.03541
1.03417
1.03307
1.0326
0.82388
0.808755
0.800323
0.773461
0.770394
0.783598
0.7795
0.786161
0.840494
1.03693
1.21501
1.27741
1.27859
1.21429
1.17716
1.16036
1.13768
1.12357
1.11095
1.09923
1.09038
1.08353
1.07688
1.07176
1.06711
1.06292
1.05972
1.05603
1.05366
1.05057
1.04878
1.04602
1.04491
1.0424
1.04149
1.03936
1.03822
1.03637
1.03532
1.03444
0.866242
0.849111
0.852751
0.838657
0.831112
0.841396
0.847705
0.849783
0.851879
0.896198
1.07423
1.23061
1.26863
1.2325
1.18323
1.1631
1.146
1.12915
1.11951
1.10826
1.09886
1.09316
1.08559
1.08106
1.07597
1.07127
1.06858
1.06384
1.06183
1.05779
1.05595
1.05243
1.05091
1.04791
1.0466
1.0441
1.04241
1.0406
1.03914
1.03825
0.914086
0.898811
0.90196
0.904304
0.890734
0.889042
0.88724
0.882396
0.87655
0.867994
0.886014
1.07939
1.21117
1.23077
1.18
1.15633
1.14635
1.12872
1.12124
1.11157
1.10281
1.09761
1.09039
1.08526
1.0806
1.07563
1.07351
1.06903
1.06756
1.0635
1.06198
1.05821
1.05675
1.05323
1.05166
1.0486
1.04676
1.04431
1.04285
1.04151
0.968477
0.965254
0.96066
0.971265
0.96298
0.943461
0.927252
0.902738
0.876736
0.851301
0.814207
0.840976
1.06935
1.17239
1.17062
1.14315
1.14023
1.12848
1.11918
1.11595
1.10591
1.10236
1.09529
1.08939
1.08447
1.07876
1.07587
1.07207
1.07023
1.06745
1.06587
1.063
1.06158
1.05862
1.05711
1.05436
1.05257
1.0501
1.04889
1.04742
1.02397
1.03264
1.03885
1.04549
1.04638
1.02063
0.99157
0.934845
0.869018
0.81403
0.742447
0.697113
0.827228
1.04429
1.11755
1.1132
1.11686
1.12209
1.11301
1.11683
1.10919
1.10803
1.10435
1.10023
1.09628
1.08991
1.08461
1.07966
1.07543
1.07287
1.06968
1.06769
1.06479
1.06282
1.06026
1.05851
1.05602
1.05402
1.05241
1.05098
1.09525
1.1008
1.12439
1.13574
1.13412
1.11555
1.03774
0.948352
0.846314
0.74973
0.657331
0.569868
0.573452
0.830928
0.994131
1.04912
1.06596
1.09441
1.09594
1.10582
1.10856
1.10641
1.10821
1.1049
1.10393
1.1011
1.09825
1.0943
1.08798
1.08337
1.07915
1.07637
1.07275
1.07052
1.06741
1.06584
1.06257
1.06102
1.05857
1.05748
1.17834
1.19507
1.22126
1.23282
1.22501
1.1533
1.04105
0.912234
0.769265
0.630787
0.524312
0.422226
0.380658
0.563099
0.821897
0.930858
0.980471
1.03066
1.05439
1.07256
1.08851
1.09257
1.10024
1.10076
1.10272
1.10216
1.10129
1.10038
1.09852
1.09554
1.09098
1.08636
1.08249
1.07829
1.07528
1.07195
1.06911
1.06636
1.06448
1.06329
1.28832
1.31871
1.34285
1.34378
1.26894
1.14593
0.980495
0.798715
0.615042
0.444877
0.312476
0.229352
0.191269
0.303328
0.620364
0.777357
0.864893
0.941376
0.98735
1.02022
1.04733
1.06239
1.07848
1.08583
1.09142
1.09655
1.09839
1.09982
1.10014
1.10016
1.09964
1.0984
1.09602
1.09243
1.08893
1.08449
1.08147
1.07754
1.0758
1.0745
1.42601
1.4461
1.43731
1.35966
1.21749
1.01387
0.767905
0.531504
0.315545
0.150814
0.0152164
0.0931629
0.168
0.207544
0.448589
0.630751
0.725599
0.838656
0.896674
0.951017
0.994777
1.01699
1.0458
1.06006
1.07394
1.08341
1.08984
1.09542
1.0979
1.09969
1.10039
1.10109
1.10087
1.10062
1.09877
1.09699
1.09481
1.09273
1.09021
1.08782
1.50773
1.47514
1.38075
1.19543
0.955649
0.690818
0.412474
0.171694
0.196468
0.323966
0.406631
0.445207
0.447714
0.37131
0.390199
0.535249
0.615265
0.737144
0.813787
0.873579
0.940361
0.971152
1.01419
1.03295
1.05539
1.07215
1.08013
1.09063
1.09532
1.10079
1.10303
1.10579
1.1064
1.10766
1.10685
1.10666
1.10478
1.1039
1.10095
1.09893
1.38361
1.21308
0.953372
0.762344
0.587132
0.501373
0.50488
0.592663
0.715311
0.762427
0.780117
0.782271
0.695315
0.57902
0.540793
0.5759
0.617321
0.692069
0.760956
0.818058
0.878187
0.917627
0.961477
0.992501
1.01732
1.0436
1.0548
1.07418
1.07981
1.09196
1.09523
1.1032
1.10492
1.10968
1.11037
1.1121
1.11142
1.11235
1.11022
1.11111
0.801587
0.57519
0.575147
0.605687
0.653314
0.748139
0.862075
0.9709
1.03079
1.0552
1.05328
0.976073
0.838658
0.725184
0.694899
0.676851
0.672991
0.707615
0.732354
0.778445
0.807369
0.850209
0.8798
0.914952
0.946311
0.976665
1.00357
1.0292
1.04643
1.06522
1.07497
1.08719
1.09714
1.10388
1.11452
1.1202
1.12506
1.12862
1.13334
1.13451
0.31398
0.476847
0.525138
0.554042
0.632399
0.766216
0.848665
0.918786
0.955804
0.972124
0.934516
0.824091
0.730392
0.700862
0.669563
0.636385
0.645345
0.673296
0.698266
0.746299
0.781111
0.818628
0.855543
0.887063
0.917072
0.943667
0.969306
0.993245
1.01575
1.03353
1.0516
1.06266
1.07526
1.08323
1.09061
1.09614
1.10294
1.10985
1.11976
1.1327
0.168505
0.208497
0.291553
0.368023
0.418115
0.502969
0.555167
0.588647
0.601132
0.579338
0.479806
0.382635
0.376019
0.415967
0.451841
0.479052
0.54063
0.601908
0.674669
0.770174
0.849354
0.89382
0.916728
0.955888
0.972778
0.997095
1.01513
1.02925
1.05184
1.06822
1.09273
1.1088
1.13124
1.14713
1.16843
1.182
1.19328
1.19722
1.20061
1.20821
0.35639
0.371913
0.38543
0.398104
0.408053
0.410677
0.402316
0.396226
0.38959
0.383946
0.373821
0.358779
0.340448
0.330351
0.329224
0.339876
0.363001
0.403373
0.45756
0.537031
0.623057
0.382918
0.350159
0.494336
0.523984
0.571805
0.613959
0.651311
0.702959
0.746739
0.800066
0.846977
0.899351
0.942533
0.989545
1.02598
1.07307
1.11883
1.18102
1.23545
1.02097
1.02094
1.02177
1.02126
1.02164
1.02074
1.02035
1.01868
1.01726
1.01432
1.0112
1.00633
1.00102
0.994219
0.989011
0.986022
0.987692
0.992546
1.00153
1.0096
1.01402
1.01391
1.01352
1.0133
1.01313
1.01304
1.01298
1.0129
1.01279
1.01264
1.01246
1.01225
1.01202
1.01176
1.01146
1.01115
1.01083
1.01045
1.01003
1.00978
1.00342
1.00429
1.00367
1.00458
1.0045
1.00585
1.00642
1.00857
1.01021
1.01359
1.01662
1.021
1.0245
1.02857
1.0297
1.0301
1.02909
1.0258
1.01959
1.01501
1.01398
1.01403
1.01422
1.01438
1.01445
1.01442
1.01429
1.01411
1.01388
1.0136
1.01334
1.01316
1.01294
1.0126
1.01226
1.01189
1.01144
1.01103
1.01062
1.01039
1.01952
1.01958
1.02007
1.0195
1.01951
1.0184
1.01769
1.01575
1.01415
1.01147
1.00925
1.00633
1.00488
1.00468
1.0069
1.00834
1.01047
1.01155
1.0122
1.01253
1.01284
1.01338
1.01372
1.01401
1.01412
1.01418
1.01412
1.0141
1.01393
1.01382
1.01361
1.01341
1.01311
1.01283
1.01245
1.01209
1.01179
1.01144
1.01113
1.01097
1.00638
1.00738
1.00774
1.00891
1.0096
1.01131
1.01248
1.01485
1.01666
1.01957
1.02164
1.02441
1.0258
1.02671
1.0269
1.02665
1.02523
1.02301
1.02067
1.01828
1.0166
1.01592
1.01569
1.01562
1.01548
1.01518
1.01484
1.01459
1.01429
1.01411
1.01394
1.01371
1.01347
1.01312
1.01283
1.0124
1.01208
1.01178
1.01135
1.01119
1.01763
1.0177
1.01767
1.0172
1.01673
1.0157
1.01483
1.01332
1.01214
1.01062
1.00986
1.00933
1.01003
1.01077
1.01195
1.01229
1.01274
1.01329
1.01386
1.01432
1.01427
1.01426
1.01433
1.01461
1.01476
1.01481
1.0146
1.01451
1.0144
1.01431
1.01407
1.01396
1.01365
1.01331
1.01292
1.0126
1.01234
1.01216
1.01187
1.01167
1.00932
1.01059
1.01126
1.01247
1.01336
1.01477
1.0158
1.01736
1.01841
1.02
1.02087
1.02222
1.02272
1.02331
1.02338
1.02313
1.02229
1.02111
1.02009
1.01914
1.01802
1.01716
1.01682
1.01667
1.01633
1.0157
1.0153
1.01495
1.01471
1.01456
1.01429
1.01409
1.01389
1.01354
1.01318
1.01272
1.01251
1.01226
1.01197
1.01178
1.01628
1.01629
1.01602
1.01562
1.01513
1.01448
1.01385
1.01313
1.01269
1.01226
1.01227
1.01253
1.01315
1.01374
1.01422
1.01441
1.0145
1.01489
1.01518
1.01527
1.01516
1.0151
1.01524
1.01546
1.01544
1.01541
1.01523
1.01512
1.01496
1.01484
1.01469
1.0144
1.01405
1.01375
1.01332
1.01302
1.01285
1.01271
1.01252
1.01222
1.01194
1.01321
1.01377
1.01489
1.01555
1.01656
1.01717
1.01813
1.0187
1.01958
1.02005
1.02076
1.02105
1.02123
1.02105
1.0207
1.02024
1.01987
1.01955
1.01906
1.01826
1.01773
1.01753
1.01733
1.01671
1.01615
1.01584
1.0155
1.01523
1.01502
1.01491
1.01476
1.01439
1.01398
1.01352
1.01315
1.01294
1.0127
1.01254
1.01226
1.01568
1.01574
1.01552
1.01545
1.01526
1.01519
1.015
1.01499
1.01499
1.01512
1.01526
1.01547
1.01556
1.01576
1.01585
1.01595
1.01604
1.0163
1.01643
1.01638
1.01624
1.01621
1.01626
1.01629
1.01627
1.01617
1.01597
1.01584
1.0157
1.01543
1.0152
1.01497
1.01472
1.01426
1.01386
1.0136
1.01342
1.01328
1.01299
1.01267
1.01416
1.01531
1.01576
1.01673
1.01722
1.018
1.0184
1.01904
1.01936
1.01971
1.0199
1.02003
1.0201
1.02002
1.01986
1.01973
1.01972
1.01965
1.01941
1.01889
1.01834
1.01815
1.01804
1.01761
1.01713
1.01685
1.01645
1.01614
1.01598
1.01582
1.01561
1.01532
1.015
1.01455
1.01404
1.0137
1.01344
1.01319
1.01295
1.01267
1.01606
1.0163
1.01635
1.01651
1.01661
1.01679
1.0169
1.01706
1.01715
1.01726
1.01728
1.0173
1.01737
1.0175
1.01758
1.01756
1.01757
1.01769
1.01767
1.0175
1.01739
1.0174
1.01735
1.0173
1.01721
1.01705
1.01692
1.01666
1.01639
1.01619
1.01597
1.01573
1.01545
1.01508
1.01464
1.01435
1.01406
1.01373
1.01343
1.01318
1.01603
1.01709
1.0175
1.01823
1.01857
1.01913
1.01937
1.0197
1.01983
1.01995
1.01997
1.02002
1.01997
1.01989
1.01975
1.01989
1.01999
1.01999
1.0197
1.01924
1.01892
1.01879
1.01849
1.01814
1.01783
1.01755
1.01721
1.01709
1.01695
1.01672
1.01636
1.01607
1.01578
1.01531
1.01476
1.01442
1.01416
1.01381
1.01353
1.01331
1.01711
1.01763
1.01782
1.01819
1.01837
1.01861
1.01873
1.01882
1.01889
1.01894
1.01898
1.01904
1.01911
1.01918
1.0192
1.01917
1.01917
1.01913
1.01902
1.01897
1.01889
1.01881
1.01863
1.01847
1.01833
1.0181
1.01775
1.01752
1.01737
1.01723
1.0169
1.01661
1.01641
1.01603
1.01558
1.01522
1.01489
1.01452
1.0143
1.01413
1.01771
1.01871
1.01908
1.01963
1.01986
1.02023
1.02033
1.02057
1.02055
1.0207
1.02067
1.0208
1.02066
1.02069
1.02062
1.02082
1.02081
1.02064
1.02026
1.02008
1.01982
1.01963
1.01925
1.01902
1.01881
1.01868
1.01836
1.01811
1.0179
1.01774
1.01735
1.017
1.01662
1.01624
1.01572
1.01539
1.01503
1.01472
1.01448
1.01432
1.01854
1.0192
1.01948
1.01984
1.01996
1.02017
1.02021
1.0204
1.02047
1.02064
1.02071
1.02085
1.02086
1.02093
1.0209
1.02091
1.02079
1.02071
1.02057
1.0205
1.02043
1.0203
1.01999
1.01974
1.01953
1.01927
1.01892
1.0187
1.01856
1.01841
1.01812
1.01781
1.01755
1.01718
1.01667
1.01621
1.01585
1.01554
1.01532
1.01514
1.01903
1.0199
1.02017
1.02071
1.02087
1.02124
1.02129
1.02159
1.02163
1.0219
1.02193
1.02206
1.02195
1.02203
1.02197
1.02207
1.02186
1.02168
1.02134
1.02125
1.02101
1.02084
1.0205
1.02039
1.02019
1.02
1.01954
1.0193
1.01905
1.0189
1.01846
1.01806
1.01769
1.01739
1.0169
1.01645
1.01604
1.01573
1.01546
1.01529
1.01973
1.02064
1.02081
1.02131
1.02143
1.02183
1.02196
1.02227
1.02238
1.02265
1.02268
1.02284
1.02278
1.02287
1.02281
1.02286
1.02264
1.0225
1.02229
1.02229
1.02207
1.02187
1.02141
1.02127
1.02108
1.02093
1.02047
1.0202
1.02002
1.01993
1.01954
1.01911
1.01871
1.01839
1.01789
1.01743
1.01695
1.01665
1.0164
1.0162
1.02086
1.02173
1.02188
1.02241
1.02262
1.02302
1.02318
1.02348
1.02357
1.0238
1.02376
1.02387
1.02379
1.0239
1.0238
1.02375
1.0234
1.0232
1.02296
1.02295
1.02276
1.02259
1.02211
1.02193
1.02169
1.0216
1.02109
1.02078
1.02045
1.02034
1.01988
1.01947
1.01896
1.01864
1.0182
1.01782
1.01721
1.01684
1.01652
1.01632
1.02194
1.02278
1.02297
1.02359
1.02383
1.02428
1.02443
1.02476
1.0248
1.0251
1.02506
1.02524
1.02519
1.02533
1.0252
1.02513
1.0248
1.02463
1.02436
1.02433
1.02402
1.02382
1.02336
1.02319
1.02291
1.02283
1.02239
1.02213
1.02182
1.02167
1.02115
1.0207
1.02015
1.01974
1.01929
1.01899
1.01843
1.018
1.0176
1.01741
1.02294
1.02381
1.02414
1.02474
1.025
1.02543
1.02552
1.02589
1.02594
1.02618
1.02611
1.02625
1.02619
1.02628
1.02611
1.02599
1.02569
1.0256
1.02537
1.02524
1.02487
1.02468
1.02425
1.02405
1.02367
1.02348
1.02299
1.02276
1.02242
1.02217
1.02157
1.02117
1.02061
1.02018
1.0196
1.01929
1.01872
1.01827
1.01777
1.01756
1.0245
1.02526
1.02568
1.02626
1.02649
1.02696
1.02712
1.02757
1.02763
1.02791
1.02783
1.02802
1.02796
1.02809
1.02787
1.02774
1.02742
1.02734
1.02703
1.02682
1.02646
1.02629
1.0259
1.02571
1.02528
1.02503
1.02461
1.02456
1.02416
1.02378
1.02315
1.02279
1.02213
1.02165
1.02103
1.02075
1.02019
1.01972
1.01915
1.01895
1.0259
1.02674
1.02711
1.0276
1.02781
1.02829
1.02847
1.02885
1.02883
1.02907
1.02892
1.02918
1.02913
1.02927
1.02903
1.02892
1.02862
1.02847
1.02813
1.02792
1.02753
1.02729
1.02694
1.02672
1.02616
1.02576
1.02543
1.02533
1.02487
1.02446
1.02381
1.02334
1.02257
1.02216
1.0215
1.02109
1.02046
1.02004
1.01942
1.0192
1.02781
1.02875
1.02895
1.02959
1.02982
1.03041
1.03055
1.03094
1.03089
1.03119
1.03113
1.03152
1.0314
1.03158
1.0313
1.03127
1.0309
1.03072
1.03038
1.03017
1.02969
1.02943
1.02916
1.02891
1.02831
1.02792
1.02754
1.02736
1.02697
1.02667
1.026
1.02533
1.02452
1.02412
1.02344
1.02295
1.0223
1.02191
1.02125
1.02102
1.02949
1.03063
1.03079
1.03147
1.03162
1.03222
1.03221
1.03252
1.03242
1.03283
1.03284
1.03313
1.03286
1.03307
1.03275
1.03274
1.03224
1.03216
1.03174
1.03146
1.03096
1.03077
1.03041
1.03001
1.02941
1.02894
1.02845
1.02824
1.02793
1.02761
1.02685
1.02609
1.02521
1.02468
1.02395
1.02342
1.02268
1.02225
1.02162
1.0214
1.03216
1.03329
1.03347
1.03423
1.03443
1.03502
1.03488
1.03532
1.03528
1.0359
1.03578
1.036
1.03577
1.036
1.03563
1.03568
1.03524
1.03524
1.03464
1.03445
1.03395
1.0338
1.03321
1.03287
1.03227
1.03181
1.03131
1.03115
1.03078
1.03035
1.02955
1.02876
1.02783
1.02718
1.02649
1.02589
1.02514
1.02463
1.02403
1.02381
1.03408
1.03533
1.03554
1.03644
1.03651
1.03704
1.03693
1.03752
1.03751
1.03802
1.0378
1.0381
1.03783
1.03794
1.03766
1.0377
1.0372
1.03697
1.03642
1.03629
1.03573
1.0354
1.03468
1.03428
1.03353
1.03319
1.03272
1.03243
1.03187
1.03139
1.03054
1.02973
1.02867
1.02798
1.02717
1.02655
1.02573
1.02514
1.0245
1.02427
1.03803
1.03945
1.03957
1.0405
1.04041
1.04115
1.04103
1.04169
1.04151
1.04208
1.04181
1.0421
1.04171
1.04198
1.04166
1.04169
1.04109
1.04094
1.04048
1.04029
1.03969
1.03928
1.03852
1.03801
1.03739
1.03714
1.03666
1.03633
1.03566
1.03505
1.03414
1.0333
1.03223
1.03146
1.03053
1.02986
1.02896
1.02834
1.02768
1.0274
1.04109
1.04245
1.04237
1.04329
1.04321
1.04399
1.04369
1.04431
1.04403
1.04466
1.04424
1.04472
1.04426
1.04453
1.04405
1.04412
1.04355
1.04343
1.04277
1.04258
1.04174
1.04121
1.04031
1.03974
1.03906
1.03877
1.03829
1.03785
1.03705
1.03632
1.03528
1.03428
1.03324
1.03241
1.03146
1.03071
1.02976
1.02914
1.02834
1.028
1.0468
1.04803
1.04792
1.04889
1.04858
1.04943
1.04905
1.0498
1.0494
1.05013
1.04969
1.05026
1.04958
1.05005
1.04936
1.04972
1.04894
1.04911
1.04833
1.04823
1.04724
1.04698
1.04585
1.04543
1.04464
1.04441
1.04378
1.04327
1.04237
1.04141
1.04024
1.03917
1.03819
1.03718
1.03627
1.03531
1.03436
1.0335
1.03271
1.03222
1.05053
1.05155
1.05155
1.05226
1.05214
1.05294
1.05253
1.05331
1.05295
1.05369
1.05322
1.0537
1.05308
1.05337
1.05269
1.05299
1.05222
1.05237
1.05119
1.05111
1.04975
1.04946
1.04834
1.04805
1.04724
1.04704
1.04631
1.04581
1.04453
1.04357
1.04199
1.04098
1.03963
1.03866
1.03749
1.03629
1.0352
1.03408
1.03346
1.03281
1.05694
1.05831
1.05798
1.05913
1.05883
1.05976
1.05932
1.06025
1.0597
1.06063
1.06
1.06069
1.05983
1.06049
1.05967
1.06024
1.0593
1.05946
1.0582
1.05786
1.05656
1.05625
1.05503
1.05475
1.05373
1.05356
1.05257
1.05199
1.0506
1.04952
1.04801
1.04695
1.0456
1.04462
1.04329
1.04225
1.04098
1.04002
1.03925
1.03863
1.06342
1.06484
1.06478
1.06621
1.06588
1.06703
1.06662
1.06757
1.06715
1.06797
1.06737
1.06806
1.06734
1.06794
1.06721
1.06772
1.06673
1.0669
1.06547
1.06525
1.06381
1.06358
1.06233
1.06206
1.06092
1.0605
1.05915
1.05825
1.05637
1.05506
1.05301
1.05171
1.04991
1.04862
1.04695
1.04541
1.04396
1.04268
1.04182
1.04108
1.07377
1.07597
1.07548
1.07677
1.07592
1.07706
1.07607
1.07725
1.07624
1.07722
1.07611
1.07682
1.07564
1.07619
1.07489
1.07529
1.07386
1.07408
1.07233
1.0723
1.07026
1.0702
1.06827
1.06832
1.06664
1.06656
1.06485
1.06445
1.06244
1.06168
1.05951
1.05862
1.05656
1.05565
1.05367
1.0525
1.05051
1.04927
1.04782
1.04715
1.08702
1.08859
1.08809
1.08881
1.08837
1.08908
1.08858
1.08953
1.08892
1.0899
1.08909
1.09005
1.08927
1.09027
1.08937
1.09027
1.08913
1.0898
1.08836
1.08869
1.08725
1.08749
1.08606
1.08606
1.08447
1.08393
1.08181
1.08051
1.0778
1.07595
1.07306
1.07115
1.0683
1.06631
1.06342
1.06142
1.05882
1.05718
1.05541
1.05445
1.09888
1.09779
1.09848
1.09841
1.09931
1.09954
1.10032
1.10055
1.101
1.10117
1.10112
1.10121
1.1006
1.10067
1.0997
1.09979
1.09848
1.09825
1.09647
1.09577
1.09339
1.09227
1.0899
1.08903
1.0869
1.08609
1.08389
1.08311
1.08072
1.07994
1.07747
1.07665
1.07404
1.07287
1.06994
1.06845
1.06554
1.06418
1.06189
1.06128
1.11171
1.11497
1.11691
1.11925
1.11987
1.12166
1.12223
1.12383
1.12453
1.12599
1.12676
1.12823
1.12894
1.13039
1.13086
1.13209
1.13227
1.13318
1.13326
1.13422
1.13435
1.13516
1.13452
1.13438
1.13272
1.13171
1.12917
1.12723
1.12379
1.12118
1.11682
1.11376
1.10856
1.10515
1.09932
1.09575
1.09003
1.08694
1.08241
1.08031
1.13631
1.13489
1.13502
1.13526
1.13568
1.13624
1.13723
1.13827
1.13941
1.14038
1.14111
1.14175
1.14189
1.14214
1.14188
1.14185
1.14143
1.14099
1.13996
1.13833
1.13603
1.13323
1.13031
1.12738
1.12462
1.12203
1.11931
1.11705
1.11437
1.11246
1.1098
1.10808
1.10522
1.10307
1.09938
1.09626
1.09187
1.089
1.08598
1.08606
1.14244
1.15778
1.16955
1.18176
1.18891
1.19939
1.20534
1.21457
1.21975
1.22784
1.23239
1.23927
1.24309
1.2487
1.25154
1.25575
1.25767
1.26088
1.26245
1.26505
1.26625
1.26787
1.2679
1.26792
1.26596
1.26411
1.26026
1.2566
1.25083
1.24535
1.23794
1.23089
1.22234
1.2144
1.20563
1.19778
1.18919
1.18107
1.171
1.16025
1.20881
1.205
1.2121
1.21548
1.2263
1.2308
1.24148
1.24531
1.2549
1.25766
1.26565
1.26717
1.27304
1.27335
1.27756
1.2771
1.28054
1.27958
1.28217
1.27941
1.27971
1.27406
1.27192
1.26388
1.2603
1.25133
1.24767
1.23852
1.23435
1.2256
1.22053
1.2131
1.20769
1.20222
1.19559
1.18846
1.17542
1.16174
1.14422
1.13448
1.29198
1.31664
1.36398
1.40099
1.44094
1.47359
1.50973
1.5378
1.57025
1.59456
1.62332
1.64402
1.66839
1.68531
1.70381
1.71612
1.72814
1.73532
1.7418
1.74488
1.74785
1.74789
1.74807
1.74467
1.74131
1.7334
1.72536
1.71318
1.70096
1.68465
1.66854
1.64911
1.62943
1.60638
1.58274
1.55675
1.53085
1.50474
1.4789
1.4539
1.01015
1.01097
1.01084
1.01072
1.01078
1.01103
1.01104
1.01127
1.01148
1.01142
1.01119
1.0113
1.01126
1.01148
1.01205
1.01186
1.01175
1.01147
1.01081
1.01029
1.0097
1.00895
1.00788
1.00664
1.00518
1.00332
1.00086
0.998397
0.995659
0.992947
0.990087
0.987292
0.984304
0.979623
0.979059
0.975558
0.976199
0.973903
0.974797
0.972786
1.01047
1.0111
1.01097
1.01086
1.01091
1.01109
1.01119
1.01157
1.01191
1.01183
1.01149
1.01158
1.01171
1.01205
1.01223
1.01203
1.01177
1.01158
1.01102
1.01043
1.0096
1.00882
1.00771
1.0064
1.0049
1.003
1.00054
0.998005
0.99522
0.992434
0.989277
0.986661
0.983891
0.979141
0.978609
0.974641
0.975613
0.973104
0.974117
0.972444
1.01103
1.01139
1.01126
1.01132
1.01128
1.01142
1.01145
1.01187
1.01211
1.01207
1.01178
1.01181
1.01197
1.01203
1.01176
1.01142
1.01112
1.01072
1.01017
1.00968
1.00871
1.00778
1.00654
1.00512
1.00351
1.00155
0.999072
0.996565
0.993637
0.990858
0.988158
0.984832
0.982189
0.978598
0.977302
0.974657
0.974405
0.972722
0.972992
0.971759
1.01122
1.01138
1.01126
1.01138
1.01134
1.01143
1.01159
1.01197
1.01214
1.01221
1.01222
1.01222
1.01218
1.01205
1.01154
1.01106
1.01073
1.01029
1.00986
1.00943
1.00846
1.00744
1.0061
1.00464
1.00297
1.00092
0.998566
0.995731
0.992726
0.98972
0.986497
0.983977
0.981243
0.978448
0.976564
0.974581
0.973719
0.972401
0.972183
0.97135
1.01166
1.01164
1.01155
1.01175
1.0116
1.01176
1.01201
1.01234
1.01236
1.01248
1.01253
1.01247
1.01221
1.01186
1.01119
1.01076
1.01042
1.00994
1.00952
1.00898
1.00789
1.00683
1.00539
1.00376
1.00197
0.999872
0.99729
0.99459
0.991455
0.988386
0.985625
0.98222
0.979817
0.977554
0.975409
0.973861
0.972591
0.97154
0.971181
0.970455
1.01171
1.01163
1.01159
1.01171
1.01155
1.01191
1.01212
1.01232
1.01234
1.01252
1.0125
1.0124
1.01214
1.01174
1.01118
1.01088
1.01051
1.01003
1.00963
1.00903
1.00803
1.00701
1.00551
1.00382
1.00199
0.999713
0.997221
0.994195
0.991058
0.98788
0.984231
0.981798
0.979138
0.976983
0.97487
0.973228
0.971925
0.970849
0.97038
0.969966
1.01209
1.01202
1.01203
1.01208
1.01205
1.01249
1.01254
1.01268
1.0127
1.01286
1.01269
1.01252
1.01222
1.01187
1.01152
1.01126
1.01078
1.01025
1.00986
1.00917
1.008
1.00691
1.00539
1.00352
1.00149
0.999193
0.996358
0.993547
0.9903
0.986884
0.983938
0.980358
0.977878
0.975696
0.973627
0.97191
0.970684
0.969575
0.969274
0.969008
1.01208
1.01201
1.01206
1.01216
1.0123
1.01268
1.01264
1.01273
1.01273
1.01283
1.01252
1.0124
1.0122
1.01208
1.01185
1.01155
1.01108
1.01062
1.01024
1.00938
1.00825
1.00726
1.00568
1.00378
1.00166
0.999233
0.996466
0.993404
0.989866
0.986719
0.982713
0.980024
0.977066
0.974751
0.972874
0.971064
0.969858
0.968668
0.968282
0.968411
1.01251
1.01252
1.01261
1.01281
1.01301
1.01331
1.01316
1.01332
1.0133
1.01332
1.01307
1.01298
1.01277
1.01269
1.01241
1.01211
1.01171
1.01127
1.01076
1.00979
1.00857
1.0074
1.0057
1.0037
1.00138
0.998946
0.99581
0.992648
0.989336
0.985512
0.982495
0.978536
0.975865
0.973557
0.971305
0.969713
0.968482
0.967432
0.967066
0.967321
1.0125
1.01263
1.01276
1.01294
1.01318
1.01339
1.01326
1.01341
1.01333
1.01328
1.01298
1.013
1.01284
1.01284
1.01256
1.01227
1.01198
1.01155
1.01107
1.01
1.0088
1.00763
1.00574
1.0038
1.00145
0.998758
0.995796
0.992444
0.988656
0.985304
0.981051
0.978167
0.974723
0.972225
0.970375
0.968713
0.967596
0.966568
0.966068
0.966617
1.0131
1.0133
1.01342
1.01358
1.01379
1.01396
1.01395
1.01416
1.01402
1.014
1.01386
1.0139
1.01379
1.0137
1.0132
1.01291
1.01267
1.01221
1.01161
1.01049
1.0093
1.00789
1.00592
1.00384
1.0013
0.998573
0.995227
0.991528
0.988316
0.983893
0.980858
0.976543
0.973851
0.971206
0.968607
0.96732
0.966172
0.965257
0.964846
0.965465
1.01323
1.01348
1.01361
1.01375
1.01387
1.01399
1.01402
1.01417
1.01396
1.01393
1.01378
1.01391
1.01377
1.01363
1.01323
1.01309
1.01289
1.01229
1.01171
1.01058
1.00944
1.00807
1.006
1.00388
1.00133
0.998198
0.994797
0.99128
0.987136
0.983718
0.979107
0.975998
0.972199
0.969443
0.967491
0.965832
0.96504
0.964197
0.963711
0.964632
1.01402
1.01425
1.01435
1.01444
1.01454
1.01469
1.01482
1.01491
1.01473
1.0149
1.01479
1.01493
1.01473
1.01465
1.01432
1.01424
1.01382
1.01317
1.01242
1.01118
1.01005
1.00849
1.00639
1.00411
1.00114
0.997975
0.994235
0.990034
0.986761
0.98185
0.978639
0.97401
0.971373
0.968314
0.965519
0.964373
0.963403
0.962676
0.962356
0.963373
1.01419
1.01443
1.01446
1.01454
1.01459
1.01472
1.01478
1.01478
1.01465
1.01481
1.01478
1.01485
1.01456
1.01446
1.01426
1.01421
1.01378
1.01305
1.01219
1.01094
1.00983
1.00824
1.00599
1.00364
1.00068
0.997171
0.993313
0.989678
0.985037
0.981424
0.976315
0.973191
0.969127
0.966278
0.964231
0.96253
0.961958
0.961369
0.960926
0.962282
1.01499
1.01521
1.01522
1.01536
1.01544
1.0156
1.01565
1.01562
1.01566
1.01588
1.0158
1.0159
1.01565
1.01562
1.01539
1.01524
1.01463
1.01382
1.01287
1.01154
1.01036
1.0085
1.00626
1.00375
1.0003
0.996732
0.992757
0.988119
0.984556
0.979018
0.97564
0.970726
0.968084
0.964824
0.962045
0.960822
0.960133
0.959691
0.959402
0.960901
1.01511
1.0153
1.01528
1.0154
1.01543
1.01559
1.0156
1.01558
1.01561
1.01577
1.01568
1.01565
1.01539
1.01541
1.01511
1.01484
1.01404
1.01324
1.01228
1.01097
1.00973
1.00781
1.00539
1.00275
0.999403
0.995688
0.991415
0.987597
0.982355
0.978502
0.972964
0.9697
0.965315
0.962584
0.960526
0.958986
0.958455
0.958178
0.957704
0.95959
1.016
1.01619
1.0162
1.01638
1.01641
1.01662
1.01665
1.01676
1.01686
1.01695
1.01681
1.01686
1.01668
1.0168
1.01637
1.01594
1.01511
1.0143
1.01323
1.0118
1.01039
1.00813
1.00572
1.00292
0.999191
0.995098
0.990852
0.985665
0.981808
0.975706
0.972123
0.966835
0.964037
0.960756
0.958038
0.956716
0.956321
0.956294
0.956038
0.958068
1.01612
1.0163
1.0163
1.01645
1.01645
1.01666
1.01665
1.01677
1.01683
1.0169
1.01671
1.01669
1.01654
1.01656
1.01603
1.01552
1.01465
1.01387
1.01268
1.01126
1.00964
1.00732
1.0048
1.00174
0.997998
0.994039
0.989229
0.985164
0.979179
0.975054
0.96908
0.96551
0.960742
0.958021
0.956053
0.954655
0.954243
0.954282
0.953987
0.95642
1.01722
1.01748
1.0175
1.0177
1.01772
1.018
1.01806
1.01827
1.01827
1.01836
1.01825
1.01829
1.01816
1.01807
1.01744
1.01704
1.01621
1.01527
1.01393
1.01236
1.01044
1.00786
1.00523
1.00182
0.997849
0.993134
0.988643
0.982641
0.978414
0.971768
0.967882
0.962108
0.959175
0.95566
0.953
0.951885
0.951804
0.952164
0.952186
0.954842
1.01737
1.01761
1.01762
1.01782
1.01782
1.0181
1.01809
1.0183
1.01824
1.01835
1.01817
1.01821
1.01799
1.01771
1.01701
1.01651
1.01572
1.01482
1.01338
1.0117
1.00957
1.00707
1.00422
1.00053
0.99631
0.992092
0.986435
0.982007
0.975182
0.970775
0.964144
0.96031
0.955122
0.952543
0.95044
0.949148
0.949141
0.949693
0.94967
0.952884
1.01875
1.01905
1.0191
1.01938
1.01944
1.01976
1.01976
1.01999
1.01997
1.02024
1.02014
1.02019
1.01986
1.01947
1.01884
1.01839
1.01749
1.0164
1.0147
1.01287
1.01052
1.0077
1.00452
1.00045
0.996158
0.990565
0.98561
0.978776
0.974047
0.966683
0.962385
0.956131
0.953076
0.949308
0.946844
0.945924
0.946351
0.947335
0.947656
0.951214
1.01898
1.01925
1.01928
1.01956
1.0196
1.01989
1.01981
1.01998
1.01992
1.02012
1.01992
1.0199
1.01943
1.019
1.01836
1.01796
1.01678
1.0156
1.01386
1.01201
1.00947
1.00662
1.00317
0.998943
0.993884
0.989104
0.982589
0.977622
0.969943
0.96516
0.957776
0.953675
0.94815
0.945608
0.943496
0.942452
0.942929
0.944219
0.944454
0.948631
1.02078
1.02109
1.02117
1.02156
1.02165
1.02193
1.02184
1.0221
1.0221
1.02231
1.02208
1.02204
1.02157
1.02128
1.02064
1.01972
1.01841
1.01717
1.01522
1.01315
1.01023
1.00705
1.0032
0.998305
0.9935
0.986966
0.981432
0.973609
0.968164
0.959963
0.955222
0.948472
0.945187
0.94152
0.939153
0.938541
0.939523
0.941389
0.942087
0.946653
1.02112
1.0214
1.02142
1.02178
1.02181
1.02207
1.02191
1.02214
1.022
1.02205
1.02167
1.02154
1.02095
1.02072
1.01984
1.01896
1.01779
1.0163
1.01419
1.01184
1.00889
1.00556
1.00128
0.996537
0.990447
0.984921
0.97733
0.971628
0.963066
0.957642
0.949499
0.945002
0.939287
0.936431
0.934602
0.933855
0.934906
0.937157
0.937856
0.943002
1.02349
1.0238
1.02387
1.02429
1.02433
1.02467
1.02463
1.02495
1.02471
1.02471
1.02428
1.02418
1.02361
1.02315
1.02216
1.02117
1.01972
1.01791
1.01546
1.01305
1.00957
1.0057
1.00109
0.995106
0.9895
0.981824
0.97545
0.966445
0.960046
0.95096
0.945784
0.938388
0.934879
0.931361
0.929126
0.928924
0.930609
0.933567
0.934989
0.940622
1.02394
1.02417
1.02417
1.02451
1.02444
1.02472
1.02455
1.02479
1.0244
1.02436
1.02381
1.02373
1.02314
1.02266
1.02154
1.02052
1.01889
1.01692
1.01463
1.01169
1.0078
1.0037
0.99821
0.992687
0.985267
0.978818
0.969868
0.963209
0.953509
0.947294
0.938395
0.933313
0.927386
0.924278
0.922799
0.922476
0.924189
0.927675
0.92924
0.93551
1.02705
1.02733
1.02738
1.02774
1.02769
1.02804
1.02792
1.02817
1.02776
1.02783
1.02722
1.02704
1.02612
1.02548
1.02416
1.02298
1.02099
1.01896
1.01598
1.01251
1.00818
1.00336
0.997663
0.990206
0.983699
0.974321
0.966905
0.956497
0.948945
0.93907
0.932647
0.925037
0.920922
0.91768
0.915789
0.916301
0.918855
0.923125
0.92568
0.932895
1.02758
1.02774
1.02768
1.02793
1.02775
1.02796
1.02769
1.02782
1.0273
1.02741
1.02695
1.02671
1.02567
1.025
1.02353
1.0222
1.02009
1.01754
1.01432
1.01046
1.00576
1.00071
0.993219
0.986872
0.977536
0.969868
0.959204
0.951019
0.940055
0.93219
0.922996
0.916654
0.910922
0.907709
0.906822
0.907083
0.909929
0.914822
0.917714
0.926138
1.03184
1.03205
1.03203
1.03235
1.03218
1.03246
1.03215
1.03231
1.03183
1.0319
1.03101
1.0307
1.02923
1.02852
1.02639
1.02499
1.02193
1.01923
1.01533
1.01082
1.00578
0.998695
0.991863
0.98288
0.974579
0.963303
0.954527
0.942403
0.933175
0.92226
0.914061
0.906365
0.901614
0.898848
0.897688
0.899244
0.903183
0.908995
0.913119
0.922705
1.03258
1.03247
1.03244
1.03253
1.03228
1.0324
1.03194
1.03199
1.03153
1.03148
1.03067
1.03007
1.02882
1.02765
1.0257
1.02363
1.02046
1.01734
1.01257
1.00807
1.00109
0.994615
0.985394
0.977162
0.965457
0.956305
0.94316
0.932954
0.920282
0.910496
0.900546
0.893183
0.887598
0.884322
0.884615
0.885681
0.890359
0.897031
0.901688
0.912274
1.03833
1.03831
1.03837
1.03848
1.03836
1.03862
1.03812
1.03839
1.03739
1.03744
1.03586
1.03546
1.03331
1.03211
1.02921
1.0267
1.02286
1.01855
1.01351
1.00693
1.0001
0.990828
0.982166
0.970485
0.959957
0.946499
0.935172
0.920819
0.909527
0.897127
0.887366
0.879303
0.874262
0.872288
0.872572
0.875346
0.881605
0.889609
0.896057
0.907927
1.04068
1.04009
1.0402
1.03967
1.03977
1.03917
1.03906
1.03837
1.03773
1.03688
1.03555
1.03454
1.03236
1.03082
1.02739
1.02487
1.01973
1.01575
1.00843
1.00238
0.992393
0.983913
0.9715
0.960551
0.946153
0.933645
0.917656
0.904743
0.889496
0.877508
0.866573
0.858392
0.853392
0.850543
0.852469
0.85499
0.86254
0.872212
0.879411
0.892566
1.04644
1.04669
1.04662
1.04692
1.04667
1.04676
1.04622
1.04595
1.04495
1.04411
1.04247
1.04092
1.03836
1.03576
1.03194
1.02765
1.02231
1.01574
1.00824
0.998747
0.988874
0.976592
0.964254
0.949366
0.9351
0.91845
0.902869
0.885985
0.871787
0.857989
0.846864
0.83876
0.834142
0.833598
0.836654
0.841226
0.851098
0.86289
0.873052
0.888549
1.05375
1.05302
1.05292
1.05224
1.05189
1.05099
1.05005
1.04877
1.04707
1.04538
1.04271
1.04045
1.03648
1.03351
1.02769
1.0235
1.01526
1.00909
0.997905
0.988914
0.974715
0.962587
0.945561
0.930507
0.911303
0.893709
0.8741
0.857029
0.839081
0.824686
0.812615
0.804465
0.800671
0.800205
0.804851
0.81055
0.821892
0.836098
0.847778
0.867055
1.05996
1.05994
1.05957
1.05936
1.05887
1.05812
1.05721
1.05564
1.05412
1.05162
1.04935
1.04567
1.04234
1.03703
1.03185
1.0242
1.0161
1.00544
0.993718
0.979736
0.964282
0.947089
0.928532
0.908593
0.887926
0.866488
0.845761
0.825637
0.807901
0.793027
0.781655
0.775064
0.772632
0.775747
0.783904
0.792476
0.807388
0.825015
0.841784
0.859995
1.07759
1.07695
1.07525
1.07478
1.07243
1.07122
1.06782
1.06578
1.06133
1.05847
1.05287
1.04885
1.04146
1.03541
1.02531
1.01625
1.00249
0.989805
0.972118
0.955977
0.93453
0.915248
0.890461
0.868388
0.841649
0.818283
0.79284
0.770739
0.750569
0.734935
0.723251
0.717777
0.716599
0.722459
0.733488
0.745585
0.762442
0.784709
0.803133
0.829126
1.08664
1.08554
1.0851
1.0827
1.08028
1.07688
1.07369
1.06965
1.06575
1.06078
1.05561
1.04854
1.04075
1.03039
1.01897
1.00446
0.988735
0.969846
0.949802
0.926929
0.902621
0.876075
0.848
0.819376
0.789115
0.761948
0.733999
0.711739
0.692218
0.678608
0.670818
0.669722
0.675763
0.687826
0.705961
0.725749
0.74679
0.774158
0.801365
0.821257
1.14691
1.13966
1.1275
1.1214
1.11189
1.10826
1.1005
1.09731
1.08841
1.08261
1.07
1.05996
1.04269
1.0277
1.00537
0.985072
0.957639
0.931987
0.899731
0.868914
0.831893
0.797784
0.758826
0.723459
0.686873
0.653674
0.623037
0.596652
0.578322
0.561083
0.562138
0.561279
0.57428
0.590778
0.617031
0.645962
0.674882
0.70696
0.755536
0.785399
1.13141
1.12744
1.1311
1.13155
1.1338
1.13189
1.12613
1.11641
1.10167
1.08422
1.06182
1.03793
1.00902
0.979308
0.944375
0.909103
0.868796
0.828832
0.784824
0.742453
0.697981
0.657153
0.611947
0.577621
0.535804
0.512711
0.480612
0.479434
0.461933
0.48201
0.49365
0.521308
0.556893
0.595477
0.633601
0.685095
0.71948
0.765247
0.796667
0.836053
1.42776
1.40526
1.36693
1.33464
1.28731
1.24755
1.19535
1.15288
1.09763
1.05389
0.996845
0.952175
0.893117
0.847019
0.785858
0.738598
0.676204
0.628816
0.566239
0.519293
0.458166
0.410324
0.358662
0.314424
0.28355
0.256557
0.268419
0.301108
0.307289
0.360169
0.413938
0.461318
0.539387
0.587439
0.65961
0.714784
0.784895
0.837191
0.905145
0.946805
0.999981
1
1
1
1
1
1
1
1
1
1
1
1
1
1
1
1
1
1
1
1
1
1
1
1
1
1
1
0.999999
0.999999
0.999998
0.999996
0.999995
0.999994
0.999994
0.999994
0.999994
0.999996
0.999997
0.999976
0.999984
1.00002
1.00001
1.00001
1.00001
1.00001
1.00001
1.00001
1.00001
1.00001
1.00001
1.00001
1
1
1
1
1
1
1
1
0.999999
0.999997
0.999995
0.999994
0.999992
0.999992
0.999992
0.999992
0.999991
0.99999
0.99999
0.999989
0.999989
0.999989
0.999989
0.999989
0.999989
0.999987
0.999987
0.999941
0.999995
1.00006
1.00006
1.00005
1.00005
1.00005
1.00005
1.00005
1.00004
1.00004
1.00004
1.00003
1.00003
1.00002
1.00002
1.00002
1.00001
1.00001
1
1
0.999996
0.999992
0.999988
0.999984
0.999979
0.999974
0.999968
0.999963
0.999957
0.999952
0.999947
0.999943
0.99994
0.999937
0.999934
0.999932
0.999931
0.999934
0.999941
0.999859
1.00001
1.0001
1.00009
1.00008
1.00007
1.00006
1.00005
1.00005
1.00004
1.00004
1.00004
1.00003
1.00002
1.00002
1.00001
1.00001
1
0.999998
0.999992
0.999985
0.999978
0.999971
0.999963
0.999955
0.999948
0.999941
0.999933
0.999926
0.999919
0.999913
0.999908
0.999903
0.999899
0.999897
0.999895
0.999895
0.999897
0.9999
0.999905
0.999797
1.00002
1.00016
1.00015
1.00013
1.00013
1.00012
1.00011
1.00011
1.0001
1.0001
1.00009
1.00008
1.00008
1.00007
1.00006
1.00005
1.00004
1.00003
1.00002
1.00001
0.999998
0.999986
0.999974
0.999962
0.999951
0.999939
0.999927
0.999916
0.999905
0.999892
0.99988
0.999869
0.999859
0.999849
0.99984
0.999833
0.999832
0.999835
0.999845
0.999696
1.00006
1.00024
1.00023
1.00021
1.0002
1.00019
1.00018
1.00017
1.00016
1.00016
1.00015
1.00014
1.00013
1.00012
1.0001
1.00009
1.00008
1.00006
1.00005
1.00003
1.00001
0.999995
0.999976
0.999957
0.999936
0.999915
0.999894
0.999873
0.999853
0.999834
0.999816
0.9998
0.999785
0.999773
0.999764
0.999758
0.999755
0.999753
0.999759
0.99958
1.00009
1.0003
1.00029
1.00027
1.00026
1.00025
1.00024
1.00023
1.00022
1.00021
1.00019
1.00018
1.00017
1.00015
1.00013
1.00011
1.0001
1.00008
1.00006
1.00003
1.00001
0.999989
0.999965
0.99994
0.999916
0.999893
0.999869
0.999846
0.999822
0.9998
0.999779
0.99976
0.999742
0.999727
0.999713
0.999702
0.999698
0.999703
0.999713
0.999483
1.00013
1.00041
1.00041
1.0004
1.00039
1.00038
1.00037
1.00036
1.00034
1.00033
1.00032
1.0003
1.00029
1.00027
1.00025
1.00023
1.00021
1.00018
1.00016
1.00013
1.0001
1.00007
1.00004
1
0.99997
0.999936
0.999902
0.999867
0.999832
0.999797
0.999763
0.999731
0.999702
0.999675
0.999653
0.999636
0.999623
0.999618
0.99962
0.999341
1.0002
1.00051
1.0005
1.0005
1.00049
1.00048
1.00048
1.00047
1.00046
1.00045
1.00043
1.00041
1.00039
1.00037
1.00035
1.00032
1.00029
1.00026
1.00023
1.00019
1.00015
1.00011
1.00007
1.00003
0.999983
0.999937
0.999891
0.999845
0.999801
0.999759
0.999718
0.999679
0.999642
0.999608
0.999577
0.999555
0.999536
0.999522
0.999516
0.999197
1.00025
1.0006
1.00058
1.00056
1.00055
1.00053
1.00051
1.0005
1.00048
1.00046
1.00043
1.00041
1.00038
1.00035
1.00032
1.00029
1.00025
1.00021
1.00017
1.00013
1.00008
1.00003
0.99998
0.999929
0.999876
0.999822
0.999768
0.999714
0.999661
0.99961
0.99956
0.999513
0.999472
0.999435
0.999402
0.999373
0.999356
0.999346
0.999346
0.998983
1.00033
1.00069
1.00066
1.00064
1.00062
1.00059
1.00057
1.00054
1.00051
1.00048
1.00045
1.00041
1.00037
1.00033
1.00029
1.00024
1.00019
1.00014
1.00008
1.00002
0.999964
0.9999
0.999834
0.999767
0.999699
0.999632
0.999565
0.9995
0.999437
0.999377
0.999322
0.999274
0.999226
0.999186
0.999154
0.999129
0.999112
0.999109
0.999106
0.998705
1.00041
1.00083
1.00081
1.00078
1.00075
1.00073
1.0007
1.00067
1.00063
1.0006
1.00056
1.00052
1.00048
1.00043
1.00038
1.00032
1.00027
1.0002
1.00014
1.00007
0.999998
0.999924
0.999846
0.999769
0.999689
0.999609
0.999529
0.99945
0.99937
0.999296
0.999226
0.999155
0.999098
0.999047
0.999004
0.998969
0.998945
0.99893
0.998929
0.998468
1.00057
1.00106
1.00104
1.00102
1.001
1.00098
1.00096
1.00094
1.00091
1.00088
1.00084
1.0008
1.00075
1.0007
1.00065
1.00058
1.00052
1.00045
1.00038
1.0003
1.00021
1.00012
1.00003
0.999921
0.999818
0.999715
0.999612
0.99951
0.999413
0.999316
0.999222
0.999143
0.999057
0.998981
0.998913
0.998859
0.998811
0.998787
0.99877
0.998293
1.00076
1.00128
1.00128
1.00126
1.00123
1.00122
1.0012
1.00118
1.00115
1.00112
1.00108
1.00104
1.00099
1.00093
1.00087
1.00081
1.00074
1.00066
1.00057
1.00047
1.00037
1.00026
1.00015
1.00004
0.999919
0.999796
0.999671
0.999546
0.999416
0.999295
0.999175
0.99905
0.998952
0.998864
0.998784
0.99871
0.998659
0.998602
0.998597
0.998053
1.00089
1.00145
1.00142
1.00139
1.00137
1.00134
1.00131
1.00127
1.00123
1.00119
1.00114
1.00108
1.00102
1.00095
1.00088
1.00079
1.0007
1.0006
1.0005
1.00039
1.00027
1.00014
1
0.999861
0.999717
0.999576
0.999432
0.999291
0.999161
0.999027
0.998901
0.9988
0.998678
0.998565
0.998471
0.998395
0.998336
0.998315
0.998268
0.997702
1.00099
1.00158
1.00156
1.00152
1.00148
1.00144
1.0014
1.00135
1.00129
1.00123
1.00117
1.0011
1.00102
1.00093
1.00084
1.00074
1.00063
1.0005
1.00037
1.00024
1.0001
0.999949
0.999794
0.999644
0.999488
0.999326
0.999165
0.999004
0.998832
0.998678
0.998527
0.998362
0.998248
0.998151
0.998057
0.997981
0.997924
0.997855
0.99786
0.9972
1.00114
1.00178
1.00175
1.00171
1.00168
1.00164
1.0016
1.00155
1.0015
1.00144
1.00137
1.0013
1.00123
1.00114
1.00103
1.0009
1.00078
1.00066
1.00052
1.00036
1.0002
1.00003
0.999859
0.999667
0.999472
0.999281
0.999087
0.998894
0.99872
0.99854
0.998372
0.998242
0.998071
0.997914
0.997794
0.997689
0.997614
0.997599
0.997527
0.996883
1.00142
1.00213
1.00211
1.00208
1.00205
1.00201
1.00196
1.00192
1.00186
1.00179
1.00172
1.00165
1.00156
1.00145
1.00135
1.00124
1.00111
1.00096
1.0008
1.00064
1.00046
1.00027
1.00007
0.999874
0.999668
0.999448
0.999231
0.999014
0.998776
0.998556
0.998343
0.998108
0.99795
0.997809
0.997662
0.997546
0.997444
0.997335
0.997338
0.996579
1.00168
1.0024
1.00238
1.00234
1.00231
1.00227
1.00222
1.00217
1.00211
1.00204
1.00197
1.00188
1.00179
1.00168
1.00155
1.0014
1.00124
1.00107
1.00089
1.00069
1.00049
1.00027
1.00005
0.999816
0.999567
0.999324
0.999067
0.998813
0.998588
0.998359
0.998135
0.997954
0.99772
0.997513
0.997355
0.997202
0.997061
0.997065
0.996926
0.99621
1.00181
1.00258
1.00256
1.00253
1.00248
1.00244
1.00238
1.00232
1.00225
1.00218
1.00209
1.00198
1.00186
1.00172
1.00159
1.00146
1.00129
1.00111
1.00091
1.00072
1.0005
1.00025
0.999979
0.999715
0.999444
0.999155
0.99888
0.998601
0.998297
0.998006
0.997734
0.997452
0.99725
0.997055
0.996861
0.996727
0.996647
0.996439
0.996494
0.995608
1.00205
1.00284
1.00282
1.00276
1.00273
1.00268
1.00262
1.00256
1.00248
1.0024
1.00231
1.0022
1.00209
1.00196
1.0018
1.00161
1.00142
1.00121
1.00097
1.00072
1.00046
1.0002
0.999932
0.999638
0.999332
0.999027
0.998693
0.998363
0.998063
0.997767
0.997472
0.997202
0.996906
0.996661
0.996456
0.996243
0.996053
0.996055
0.995874
0.995085
1.00234
1.00317
1.00315
1.00313
1.00308
1.00303
1.00297
1.0029
1.00284
1.00275
1.00264
1.00252
1.00236
1.00222
1.00206
1.00191
1.00172
1.00151
1.00127
1.00102
1.00073
1.00042
1.00008
0.999732
0.999375
0.999001
0.998654
0.998296
0.997919
0.997551
0.997206
0.996888
0.996608
0.99632
0.996071
0.99589
0.995773
0.995547
0.995564
0.994589
1.0027
1.00356
1.00354
1.00348
1.00344
1.00338
1.00332
1.00325
1.00316
1.00306
1.00294
1.00283
1.00271
1.00254
1.00236
1.00212
1.00188
1.00162
1.00134
1.00104
1.00075
1.00042
1.00009
0.999733
0.999366
0.99899
0.998566
0.998155
0.997761
0.997373
0.996994
0.996605
0.996253
0.995965
0.995684
0.995429
0.995159
0.995132
0.994917
0.994072
1.00296
1.00382
1.00379
1.00377
1.00373
1.00368
1.00362
1.00354
1.00346
1.00337
1.00326
1.0031
1.00291
1.00276
1.00256
1.00239
1.00216
1.00192
1.00163
1.00131
1.00095
1.00057
1.00015
0.999706
0.999246
0.998778
0.998346
0.997886
0.997424
0.996977
0.996537
0.996165
0.99578
0.995409
0.995118
0.994866
0.994739
0.994473
0.994482
0.993443
1.00331
1.00422
1.00419
1.00415
1.00409
1.00403
1.00395
1.00388
1.00378
1.00365
1.00351
1.00338
1.00326
1.00306
1.00286
1.00256
1.00227
1.00199
1.00166
1.00132
1.00097
1.00057
1.00016
0.999747
0.9993
0.998822
0.998294
0.997791
0.99729
0.996784
0.996314
0.995803
0.995382
0.994986
0.994593
0.994285
0.993954
0.993869
0.993636
0.992773
1.00362
1.00451
1.00448
1.00444
1.00441
1.00436
1.00429
1.00422
1.00413
1.00402
1.00392
1.00376
1.00356
1.00335
1.00311
1.00292
1.00267
1.00239
1.00205
1.00166
1.00119
1.00074
1.00024
0.999693
0.999135
0.998571
0.998028
0.997442
0.996864
0.996316
0.995762
0.995292
0.994789
0.994379
0.99403
0.993693
0.99349
0.993162
0.993128
0.992018
1.00408
1.00498
1.00496
1.00491
1.00485
1.00479
1.00472
1.00463
1.00452
1.00439
1.00421
1.00405
1.00389
1.00371
1.00349
1.00316
1.00283
1.0025
1.00212
1.00175
1.00136
1.0009
1.00039
0.999856
0.999292
0.998711
0.998078
0.997474
0.996855
0.99622
0.995624
0.995023
0.994488
0.993925
0.993435
0.993038
0.992671
0.992547
0.992286
0.99141
1.00434
1.00524
1.00523
1.0052
1.00516
1.0051
1.00503
1.00495
1.00485
1.00474
1.00464
1.00448
1.00429
1.00402
1.00376
1.00356
1.00327
1.00293
1.00256
1.00206
1.00151
1.00095
1.00039
0.999781
0.999129
0.998418
0.997744
0.997018
0.9963
0.995626
0.994941
0.994323
0.993722
0.993248
0.992783
0.99239
0.992057
0.991701
0.991604
0.990427
1.00485
1.00576
1.00572
1.00567
1.00561
1.00556
1.0055
1.0054
1.00529
1.00515
1.00495
1.00479
1.00458
1.0044
1.00417
1.00382
1.00345
1.0031
1.00267
1.00226
1.00183
1.00128
1.00065
0.999984
0.999281
0.998601
0.997841
0.997103
0.996355
0.995564
0.994839
0.994082
0.993418
0.992723
0.992143
0.991607
0.991219
0.990938
0.990678
0.989841
1.00512
1.00603
1.00601
1.006
1.00596
1.0059
1.00583
1.00574
1.00563
1.00551
1.00539
1.00524
1.00505
1.0048
1.00453
1.00426
1.00396
1.00359
1.00316
1.0026
1.00197
1.00132
1.00066
0.999936
0.999195
0.998342
0.997494
0.996622
0.995716
0.994913
0.99405
0.993335
0.992551
0.991924
0.991339
0.990855
0.990385
0.990059
0.989791
0.988622
1.00564
1.00655
1.00651
1.00646
1.0064
1.00636
1.0063
1.00621
1.00609
1.00596
1.00579
1.0056
1.00537
1.00515
1.00489
1.00458
1.00421
1.00381
1.00334
1.00285
1.00236
1.00172
1.001
1.00023
0.999351
0.99851
0.997621
0.9967
0.995837
0.994821
0.993955
0.992968
0.992213
0.991394
0.990649
0.990009
0.98951
0.989093
0.988902
0.987918
1.00595
1.00686
1.00684
1.00682
1.0068
1.00673
1.00667
1.00659
1.00649
1.00636
1.00622
1.00604
1.00585
1.00564
1.00539
1.00509
1.00477
1.00437
1.00393
1.00337
1.00263
1.00188
1.00109
1.00019
0.999343
0.998356
0.997348
0.996329
0.995158
0.994201
0.993139
0.992275
0.991254
0.990456
0.989765
0.989107
0.988566
0.988098
0.987698
0.986555
1.00649
1.00739
1.00734
1.00729
1.00722
1.0072
1.00714
1.00707
1.00697
1.00683
1.00668
1.00648
1.00627
1.00605
1.00574
1.00545
1.0051
1.0047
1.00418
1.00357
1.00305
1.00231
1.00148
1.0006
0.99957
0.998546
0.997405
0.996243
0.995248
0.994003
0.992887
0.99169
0.990777
0.989799
0.988893
0.988146
0.987485
0.98703
0.986747
0.98572
1.00679
1.00769
1.00769
1.00766
1.00763
1.00757
1.00755
1.00749
1.0074
1.00728
1.0071
1.00693
1.00671
1.00647
1.00628
1.00604
1.00572
1.00534
1.00489
1.00432
1.00346
1.00264
1.00173
1.00069
0.999615
0.998449
0.997352
0.996152
0.994726
0.993523
0.992251
0.991144
0.989931
0.988892
0.987986
0.987099
0.986429
0.985816
0.985341
0.984101
1.00737
1.00828
1.0082
1.00815
1.00808
1.00805
1.00803
1.008
1.00792
1.0078
1.00765
1.0074
1.00723
1.00704
1.00677
1.00649
1.00617
1.00581
1.0053
1.00467
1.00404
1.00314
1.00215
1.00112
0.999969
0.998746
0.997317
0.995872
0.994571
0.993074
0.991656
0.990179
0.988975
0.987859
0.986815
0.985998
0.985087
0.984631
0.984016
0.983154
1.00768
1.00858
1.00859
1.00852
1.00846
1.00842
1.0085
1.00848
1.0084
1.00828
1.00809
1.00793
1.00768
1.00744
1.00734
1.00714
1.00688
1.00653
1.00614
1.00548
1.00454
1.00366
1.00265
1.00148
1.00022
0.998827
0.997463
0.996105
0.994545
0.992999
0.991387
0.989887
0.988519
0.98727
0.985938
0.984956
0.983739
0.983481
0.982558
0.981263
1.00829
1.00918
1.00907
1.00904
1.00896
1.00885
1.00898
1.00905
1.00895
1.00884
1.00875
1.00842
1.00826
1.0081
1.00793
1.00778
1.00749
1.00719
1.00685
1.00617
1.00531
1.0043
1.00323
1.00204
1.00067
0.999184
0.997594
0.995755
0.994023
0.992213
0.99041
0.988576
0.9869
0.985793
0.984039
0.983648
0.981862
0.982018
0.980609
0.980163
1.00861
1.00949
1.00945
1.00939
1.00939
1.0092
1.00956
1.00956
1.00949
1.00933
1.00925
1.00916
1.00887
1.00861
1.00858
1.00854
1.00835
1.00796
1.00794
1.00709
1.00609
1.00513
1.00405
1.00283
1.0014
0.999762
0.997948
0.996396
0.994581
0.992593
0.990624
0.988568
0.986539
0.985386
0.983207
0.982502
0.980473
0.980911
0.979212
0.97796
1.00943
1.01028
1.00996
1.00995
1.00996
1.00974
1.01016
1.01036
1.0102
1.00992
1.01
1.00981
1.0096
1.0095
1.00949
1.00967
1.00938
1.00894
1.00906
1.00813
1.00715
1.00619
1.0051
1.00383
1.00231
1.0005
0.998424
0.996402
0.994295
0.991949
0.989752
0.987378
0.984694
0.983674
0.98083
0.980677
0.978157
0.978856
0.976893
0.976674
1.00896
1.01022
1.01034
1.01038
1.01049
1.01026
1.01079
1.01085
1.01077
1.01057
1.01083
1.01078
1.01057
1.01065
1.01056
1.01077
1.01049
1.01013
1.01046
1.00914
1.0084
1.00759
1.00652
1.00525
1.0038
1.00195
0.999606
0.997619
0.995225
0.992654
0.990015
0.98768
0.984794
0.981912
0.980234
0.978086
0.977346
0.97671
0.975838
0.973192
1.01367
1.012
1.01161
1.01195
1.01226
1.01255
1.01278
1.01303
1.0132
1.01345
1.01368
1.01392
1.01426
1.01441
1.01497
1.01501
1.01529
1.01527
1.01531
1.01531
1.01523
1.0146
1.01462
1.01318
1.01274
1.01162
1.00931
1.00854
1.00677
1.00696
1.01617
0.99727
0.891443
0.819991
0.8327
0.889436
0.974006
1.05632
1.1059
1.10569
1.01381
1.0114
1.01132
1.01169
1.01185
1.0122
1.01223
1.01261
1.01267
1.01303
1.01309
1.01347
1.0136
1.01383
1.0142
1.01426
1.01458
1.01449
1.01454
1.01433
1.0142
1.01348
1.01347
1.01222
1.01181
1.01064
1.00902
1.00898
1.00866
1.01225
1.02307
1.01311
0.916813
0.836657
0.844641
0.895429
0.963692
1.02784
1.07028
1.07318
1.01445
1.01111
1.01132
1.01136
1.0115
1.01179
1.01187
1.01227
1.01229
1.01266
1.01268
1.01305
1.01307
1.01328
1.01343
1.01347
1.01374
1.0136
1.01367
1.0134
1.01336
1.01264
1.01243
1.01143
1.01071
1.00955
1.00865
1.00924
1.00992
1.01622
1.02709
1.02236
0.940619
0.853768
0.855234
0.898867
0.956935
1.00845
1.04385
1.0478
1.01456
1.01108
1.01126
1.011
1.0112
1.0115
1.01154
1.01192
1.01192
1.01228
1.01229
1.01262
1.01264
1.01286
1.01294
1.01295
1.01312
1.01291
1.013
1.01269
1.01259
1.01183
1.01141
1.01058
1.00973
1.00869
1.00833
1.0093
1.01061
1.01809
1.02878
1.02516
0.958413
0.873159
0.867537
0.902685
0.952373
0.994992
1.02464
1.02886
1.01443
1.011
1.01117
1.01065
1.01097
1.01118
1.0112
1.01154
1.01155
1.01187
1.01186
1.01218
1.01219
1.01238
1.01247
1.01247
1.01261
1.01238
1.0124
1.01201
1.01175
1.01102
1.01061
1.00984
1.00904
1.0081
1.00799
1.00899
1.01066
1.01796
1.02772
1.02377
0.970331
0.893657
0.882369
0.908706
0.949473
0.985861
1.01055
1.0145
1.01422
1.01078
1.01097
1.01042
1.01079
1.01086
1.01095
1.01125
1.01124
1.01146
1.01144
1.01173
1.01174
1.01189
1.01198
1.01194
1.01203
1.01178
1.01166
1.01121
1.01088
1.01031
1.00997
1.00915
1.00842
1.00756
1.00737
1.00823
1.01019
1.01592
1.02414
1.02025
0.978287
0.913239
0.898863
0.916772
0.948387
0.979596
1.00002
1.00313
1.01385
1.01051
1.0107
1.01025
1.0106
1.01055
1.01074
1.01097
1.01091
1.01109
1.0111
1.01133
1.01134
1.01145
1.01151
1.01135
1.01135
1.01109
1.01086
1.01047
1.01016
1.0097
1.00928
1.00837
1.00772
1.00698
1.0064
1.00709
1.00872
1.01281
1.01889
1.0156
0.98311
0.93047
0.915402
0.925963
0.949332
0.975208
0.991943
0.994082
1.01336
1.01016
1.01035
1.01003
1.01038
1.01027
1.01049
1.01061
1.01056
1.01073
1.01075
1.01092
1.01096
1.01106
1.01108
1.01083
1.0108
1.01056
1.01023
1.00993
1.00961
1.00908
1.00856
1.00764
1.00699
1.00621
1.00522
1.00584
1.00729
1.00962
1.01318
1.01034
0.98559
0.944581
0.930516
0.93564
0.95197
0.972429
0.986051
0.987035
1.01332
1.00978
1.01001
1.00977
1.01013
1.01001
1.0102
1.01025
1.01023
1.0104
1.0104
1.01051
1.01058
1.01063
1.01059
1.01032
1.01029
1.01011
1.00976
1.00946
1.00903
1.00836
1.00778
1.00685
1.00617
1.00531
1.00416
1.00472
1.00594
1.00651
1.00801
1.00494
0.986523
0.955744
0.943135
0.945037
0.955422
0.970806
0.982092
0.982254
1.01328
1.00958
1.00983
1.00944
1.0098
1.00968
1.00988
1.00992
1.00994
1.01009
1.01005
1.01012
1.01017
1.01013
1.01008
1.00985
1.00985
1.00967
1.00927
1.00891
1.00838
1.00763
1.00698
1.0061
1.00546
1.00477
1.00376
1.004
1.00455
1.00376
1.00389
1.00016
0.986737
0.964165
0.953068
0.953335
0.959224
0.969999
0.979339
0.97965
1.01313
1.00945
1.00974
1.00904
1.00945
1.00927
1.00952
1.00955
1.00957
1.00968
1.00961
1.00967
1.00971
1.00964
1.00962
1.00943
1.00936
1.00907
1.00854
1.00814
1.00762
1.00688
1.00627
1.00561
1.00502
1.00457
1.00378
1.0035
1.00318
1.00146
1.00069
0.9966
0.98627
0.969923
0.96062
0.960461
0.9635
0.970416
0.977419
0.978206
1.01277
1.00927
1.00956
1.00865
1.00915
1.00887
1.00921
1.00919
1.00921
1.00929
1.00924
1.0093
1.00934
1.00929
1.00926
1.00904
1.00883
1.00843
1.00788
1.00752
1.007
1.00635
1.00597
1.00547
1.00476
1.0044
1.0038
1.00298
1.00197
0.999656
0.998193
0.994221
0.985852
0.973987
0.966254
0.966746
0.968089
0.972188
0.976394
0.977035
1.01239
1.00899
1.00924
1.00831
1.0089
1.00856
1.00892
1.00887
1.00889
1.00896
1.00893
1.00898
1.009
1.00892
1.00884
1.00857
1.00825
1.00783
1.00736
1.00705
1.00657
1.00602
1.00577
1.0053
1.0045
1.0041
1.00355
1.00227
1.00074
0.998193
0.996205
0.992683
0.985648
0.977176
0.970348
0.971896
0.972378
0.974465
0.976048
0.976188
1.01211
1.00865
1.00889
1.00802
1.00867
1.00829
1.00866
1.00856
1.00864
1.0087
1.00867
1.0087
1.00866
1.00851
1.00837
1.00808
1.00772
1.00735
1.00696
1.00667
1.00624
1.00577
1.00555
1.00504
1.00418
1.00365
1.00301
1.00133
0.999459
0.997055
0.994642
0.991644
0.985576
0.979792
0.973413
0.975589
0.975935
0.976523
0.975877
0.975752
1.01169
1.00827
1.00858
1.00777
1.00842
1.008
1.00839
1.00827
1.00838
1.00841
1.00837
1.00836
1.00824
1.00805
1.0079
1.00764
1.00731
1.007
1.00668
1.00644
1.00606
1.00559
1.00529
1.00471
1.00371
1.00291
1.00208
1.00025
0.998265
0.996158
0.993395
0.990941
0.985483
0.981754
0.975676
0.978248
0.978698
0.97844
0.976067
0.975784
1.01129
1.00793
1.00832
1.00752
1.00813
1.00769
1.00812
1.00796
1.00811
1.00808
1.00801
1.00797
1.00785
1.00772
1.0076
1.0074
1.00711
1.00684
1.00656
1.00634
1.00591
1.00535
1.00498
1.0043
1.00317
1.00213
1.00116
0.999453
0.997478
0.995637
0.992634
0.990713
0.985537
0.983347
0.977451
0.980471
0.980698
0.980549
0.976775
0.97634
1.01103
1.00767
1.00806
1.00716
1.0078
1.00736
1.00787
1.00767
1.00783
1.00775
1.00768
1.00764
1.00754
1.00748
1.00738
1.00721
1.00695
1.00667
1.00637
1.00613
1.00565
1.00503
1.00458
1.00388
1.00276
1.00163
1.00062
0.999106
0.997097
0.99549
0.992327
0.990916
0.985765
0.984786
0.978819
0.982359
0.981977
0.982967
0.978018
0.977124
1.01084
1.00741
1.00775
1.0067
1.00746
1.007
1.00755
1.0073
1.00748
1.00738
1.00732
1.00729
1.00722
1.00719
1.00708
1.00691
1.00666
1.00635
1.00601
1.00575
1.0053
1.00465
1.00416
1.00351
1.00248
1.00132
1.00026
0.998898
0.996832
0.995488
0.992195
0.991271
0.98605
0.986131
0.979794
0.983823
0.982675
0.985609
0.979815
0.977656
1.01067
1.00706
1.00734
1.0062
1.00711
1.00667
1.00723
1.00698
1.00719
1.00706
1.00707
1.00708
1.00702
1.00697
1.00685
1.00668
1.00646
1.00611
1.00576
1.00548
1.00503
1.00436
1.00384
1.00318
1.00215
1.00095
0.999807
0.998574
0.996481
0.995418
0.992008
0.991571
0.986293
0.987273
0.980355
0.984959
0.98303
0.988151
0.981725
0.978124
1.01046
1.00665
1.00678
1.00579
1.00681
1.00641
1.00698
1.00674
1.007
1.00687
1.00698
1.00699
1.00694
1.00686
1.00674
1.00655
1.00636
1.00595
1.00557
1.00522
1.0047
1.00404
1.00346
1.00271
1.00164
1.00045
0.999243
0.998161
0.996068
0.995275
0.99182
0.991866
0.986572
0.988265
0.980675
0.985947
0.983203
0.99007
0.983538
0.978944
1.00985
1.00604
1.00637
1.00555
1.00661
1.00623
1.00682
1.0066
1.00691
1.00682
1.00695
1.00695
1.00688
1.00678
1.00664
1.00643
1.00621
1.00574
1.00533
1.00489
1.00433
1.0037
1.00307
1.00228
1.00123
1.00011
0.998879
0.99792
0.995822
0.995261
0.991809
0.992237
0.986936
0.989128
0.980894
0.986818
0.983193
0.990953
0.98435
0.981806
1.00881
1.00558
1.00617
1.00548
1.00649
1.00608
1.00668
1.00644
1.0068
1.00671
1.00686
1.00683
1.0067
1.00654
1.00634
1.00611
1.00585
1.00539
1.00495
1.00448
1.00395
1.00337
1.00272
1.00195
1.00096
0.999966
0.998721
0.997846
0.995764
0.995393
0.992003
0.992647
0.987417
0.989926
0.981302
0.987506
0.982829
0.990919
0.983262
0.987877
1.00725
1.00516
1.00614
1.00554
1.00643
1.00598
1.0066
1.00634
1.0067
1.00659
1.00672
1.00662
1.00643
1.00623
1.00603
1.00577
1.00551
1.00507
1.00464
1.00415
1.00366
1.00311
1.00245
1.00171
1.0008
0.999873
0.998611
0.99781
0.995777
0.995557
0.99227
0.993019
0.987937
0.990545
0.98203
0.988103
0.981576
0.990349
0.981302
0.994708
1.00527
1.00486
1.00617
1.00562
1.0064
1.0059
1.00656
1.00628
1.00665
1.00648
1.00658
1.00644
1.00625
1.00601
1.00581
1.00553
1.00526
1.00485
1.00441
1.00391
1.00343
1.0029
1.00222
1.00154
1.00066
0.999763
0.998506
0.997811
0.995875
0.995739
0.992664
0.993379
0.988651
0.991141
0.983333
0.988886
0.980583
0.989485
0.979018
1.0001
1.00312
1.00482
1.00623
1.00574
1.0064
1.0059
1.00654
1.00626
1.00664
1.0064
1.00646
1.00629
1.00611
1.00586
1.00566
1.00535
1.00505
1.00467
1.0042
1.0037
1.00319
1.00266
1.00198
1.00134
1.00051
0.999602
0.998374
0.997785
0.995972
0.99588
0.993084
0.993745
0.989448
0.991613
0.984968
0.989997
0.981305
0.990226
0.979475
0.999266
1.0007
1.00501
1.00639
1.0059
1.0064
1.00588
1.00638
1.00617
1.00658
1.00627
1.00627
1.0061
1.00595
1.00569
1.00543
1.0051
1.00478
1.00442
1.00394
1.00349
1.00299
1.00243
1.00177
1.00119
1.00039
0.999496
0.998328
0.997837
0.996181
0.996078
0.993648
0.994133
0.99046
0.992135
0.986858
0.991336
0.983815
0.993205
0.985791
0.98686
0.998148
1.00562
1.00686
1.00609
1.0063
1.00582
1.00611
1.006
1.00651
1.00616
1.00604
1.00588
1.00576
1.00549
1.0052
1.00486
1.00456
1.00421
1.00372
1.00333
1.00283
1.00223
1.00156
1.00105
1.00028
0.999382
0.998273
0.997853
0.996352
0.996225
0.99417
0.994487
0.991471
0.992491
0.988631
0.992494
0.987875
0.996152
0.998287
0.968027
0.995929
1.0068
1.00716
1.00616
1.00604
1.00564
1.00575
1.00577
1.00633
1.00598
1.00578
1.00562
1.00553
1.00526
1.00495
1.00459
1.00435
1.004
1.00348
1.00315
1.00266
1.00202
1.00135
1.00086
1.00014
0.999259
0.998229
0.997855
0.996536
0.996348
0.994719
0.99478
0.992563
0.992818
0.990416
0.993126
0.991715
0.9972
1.0104
0.951116
0.994573
1.00782
1.00708
1.0062
1.00576
1.00549
1.00548
1.00562
1.00617
1.00585
1.00557
1.00544
1.00536
1.0051
1.00476
1.00442
1.00421
1.00386
1.0033
1.00303
1.00253
1.00184
1.00117
1.00069
0.999992
0.999148
0.998188
0.997829
0.996675
0.996411
0.995171
0.994982
0.993546
0.992937
0.9921
0.993227
0.995571
0.996702
1.01705
0.941133
0.994078
1.00857
1.00674
1.00618
1.0054
1.00531
1.00518
1.00543
1.00591
1.00562
1.00532
1.0052
1.00511
1.00486
1.00452
1.00419
1.00402
1.00365
1.00306
1.00283
1.00234
1.00164
1.00096
1.0005
0.999828
0.999035
0.998162
0.997787
0.996823
0.996454
0.995625
0.995104
0.994517
0.993059
0.993875
0.993119
0.998942
0.994571
1.0188
0.939206
0.994373
1.00893
1.00628
1.00612
1.00509
1.0052
1.00497
1.0053
1.00567
1.00543
1.00513
1.00501
1.0049
1.00465
1.00432
1.004
1.00387
1.0035
1.00286
1.00266
1.00219
1.00148
1.0008
1.00034
0.999697
0.99895
0.99815
0.997742
0.99693
0.996459
0.995967
0.995156
0.995292
0.993036
0.995476
0.992684
1.00086
0.990633
1.01768
0.94271
0.995161
1.00892
1.00572
1.006
1.00476
1.00506
1.00475
1.00513
1.00536
1.00517
1.00488
1.00477
1.00463
1.00439
1.00409
1.00377
1.00366
1.00329
1.00264
1.00244
1.00199
1.00131
1.00066
1.00019
0.99959
0.998892
0.998183
0.997719
0.997091
0.996479
0.996331
0.995161
0.995995
0.993088
0.996745
0.992113
1.0014
0.987437
1.01607
0.949938
0.996392
1.00871
1.00512
1.00589
1.0045
1.005
1.00459
1.00502
1.0051
1.00498
1.0047
1.0046
1.00444
1.00421
1.00392
1.00361
1.00349
1.00313
1.00249
1.00227
1.00183
1.00117
1.00055
1.00008
0.99949
0.998838
0.998185
0.997682
0.997176
0.996454
0.996552
0.995134
0.996428
0.992977
0.997392
0.991312
1.0014
0.984406
1.01322
0.958134
0.99774
1.00803
1.00454
1.00567
1.00425
1.00489
1.00439
1.00484
1.00479
1.00474
1.00447
1.00437
1.00419
1.00396
1.00369
1.0034
1.00326
1.00291
1.0023
1.00207
1.00163
1.00104
1.00045
0.999976
0.999424
0.998809
0.998248
0.997678
0.997339
0.996466
0.996818
0.995099
0.996817
0.992958
0.997772
0.990651
1.00121
0.983345
1.00985
0.966349
0.999053
1.00731
1.00412
1.00555
1.0041
1.00484
1.00427
1.00473
1.00459
1.00458
1.00433
1.00422
1.00404
1.00381
1.00356
1.00327
1.00311
1.00277
1.00219
1.00194
1.0015
1.00093
1.00038
0.999906
0.999376
0.99879
0.998271
0.997672
0.997414
0.996453
0.996951
0.995064
0.997006
0.992851
0.997886
0.989905
1.00067
0.983339
1.00687
0.972595
1.00007
1.00654
1.00384
1.0053
1.00395
1.0047
1.0041
1.00455
1.00433
1.00436
1.00411
1.004
1.00381
1.00359
1.00335
1.00307
1.00288
1.00256
1.00203
1.00175
1.00133
1.00081
1.00029
0.999828
0.999335
0.998769
0.998332
0.997676
0.997552
0.996475
0.997141
0.99505
0.997197
0.992905
0.997925
0.989806
0.999997
0.984562
1.00417
0.978167
1.00089
1.00599
1.00369
1.00516
1.00387
1.00464
1.00402
1.00445
1.00418
1.00423
1.00399
1.00388
1.00369
1.00347
1.00324
1.00296
1.00275
1.00244
1.00195
1.00165
1.00123
1.00074
1.00024
0.999795
0.999304
0.998775
0.99835
0.997695
0.99761
0.996489
0.99722
0.99505
0.997256
0.992928
0.997874
0.989869
0.999472
0.985458
1.00191
0.981686
1.00149
1.00532
1.00357
1.00487
1.00376
1.00447
1.00388
1.00426
1.00397
1.00402
1.00379
1.00368
1.00349
1.00328
1.00304
1.00279
1.00255
1.00225
1.0018
1.0015
1.00109
1.00064
1.00018
0.99974
0.99929
0.99876
0.998421
0.997706
0.997745
0.996526
0.997375
0.995086
0.997363
0.993113
0.997791
0.99037
0.99879
0.987182
0.999944
0.985258
1.00186
1.00505
1.00353
1.00475
1.00371
1.0044
1.00381
1.00418
1.00387
1.00392
1.00369
1.00358
1.00339
1.00318
1.00295
1.0027
1.00246
1.00215
1.00174
1.00142
1.00103
1.0006
1.00015
0.99972
0.999269
0.998772
0.998428
0.997732
0.997776
0.996556
0.99741
0.995124
0.997368
0.993227
0.997709
0.990701
0.998459
0.988036
0.998796
0.98683
1.00223
1.0045
1.00347
1.00443
1.00358
1.00418
1.00364
1.00396
1.00364
1.0037
1.00347
1.00336
1.00316
1.00296
1.00274
1.00248
1.00224
1.00195
1.00158
1.00127
1.00089
1.00049
1.00008
0.999664
0.999275
0.99875
0.998531
0.997735
0.997949
0.996592
0.997593
0.99523
0.997481
0.993565
0.9976
0.99158
0.997822
0.989929
0.997354
0.989526
)
;

boundaryField
{
    FrontBack
    {
        type            empty;
    }
    Cylinder
    {
        type            calculated;
        value           uniform 0;
    }
    Bottom
    {
        type            calculated;
        value           uniform 0;
    }
    Top
    {
        type            calculated;
        value           uniform 0;
    }
    Inlet
    {
        type            calculated;
        value           uniform 1;
    }
    Outlet
    {
        type            calculated;
        value           nonuniform List<scalar> 
40
(
1.00223
1.0045
1.00347
1.00443
1.00358
1.00418
1.00364
1.00396
1.00364
1.0037
1.00347
1.00336
1.00316
1.00296
1.00274
1.00248
1.00224
1.00195
1.00158
1.00127
1.00089
1.00049
1.00008
0.999664
0.999275
0.99875
0.998531
0.997735
0.997949
0.996592
0.997593
0.99523
0.997481
0.993565
0.9976
0.99158
0.997822
0.989929
0.997354
0.989526
)
;
    }
}


// ************************************************************************* //
