/*--------------------------------*- C++ -*----------------------------------*\
  =========                 |
  \\      /  F ield         | OpenFOAM: The Open Source CFD Toolbox
   \\    /   O peration     | Website:  https://openfoam.org
    \\  /    A nd           | Version:  11
     \\/     M anipulation  |
\*---------------------------------------------------------------------------*/
FoamFile
{
    format      ascii;
    class       volScalarField;
    location    "9";
    object      mag(U);
}
// * * * * * * * * * * * * * * * * * * * * * * * * * * * * * * * * * * * * * //

dimensions      [0 1 -1 0 0 0 0];

internalField   nonuniform List<scalar> 
9600
(
0.99134
0.990244
0.989855
0.989099
0.988379
0.987845
0.987297
0.987382
0.987767
0.98842
0.989344
0.990634
0.992245
0.993918
0.99579
0.997854
1.00038
1.00276
1.0052
1.00849
1.01152
1.0126
1.01344
1.01585
1.01722
1.01711
1.01632
1.01487
1.01257
1.00741
0.993256
0.9755
0.965241
0.961746
0.96439
0.974124
0.997843
1.00778
1.04128
1.04724
0.992061
0.992054
0.992016
0.991968
0.991726
0.99169
0.991946
0.992673
0.99348
0.994787
0.996467
0.998322
1.00018
1.0026
1.00565
1.00883
1.0118
1.01482
1.01793
1.0206
1.02311
1.0266
1.02982
1.03098
1.03103
1.03121
1.03186
1.03219
1.03192
1.02987
1.02751
1.0274
1.02671
1.02414
1.02364
1.02478
1.0307
1.03785
1.0576
1.06685
0.991995
0.992002
0.991955
0.991768
0.991749
0.991897
0.992293
0.993186
0.994042
0.995121
0.996653
0.998444
1.00066
1.00282
1.00545
1.00871
1.01215
1.01515
1.01762
1.02011
1.0236
1.02749
1.03006
1.03058
1.03034
1.03056
1.03181
1.03408
1.03563
1.03558
1.03434
1.03142
1.02725
1.02119
1.01917
1.01951
1.02664
1.03617
1.05396
1.06637
0.991983
0.992011
0.991959
0.991763
0.991729
0.991848
0.992381
0.992961
0.994368
0.995558
0.996986
0.998599
1.00154
1.00385
1.00635
1.0088
1.01246
1.01608
1.01861
1.02047
1.02341
1.02667
1.02937
1.03091
1.03175
1.03184
1.0322
1.03275
1.03371
1.03357
1.03233
1.03079
1.03089
1.03044
1.0328
1.03331
1.03861
1.0461
1.05598
1.06926
0.991863
0.991925
0.991829
0.991607
0.991593
0.991826
0.992427
0.993256
0.994561
0.995715
0.997428
0.999207
1.00164
1.00398
1.00686
1.00946
1.01222
1.01515
1.01877
1.02182
1.02416
1.02579
1.02754
1.03045
1.03311
1.03389
1.03375
1.03273
1.03174
1.03128
1.03186
1.03268
1.03459
1.03531
1.03717
1.03525
1.03741
1.04156
1.05005
1.06544
0.99176
0.991822
0.991707
0.991461
0.991605
0.991813
0.992665
0.993303
0.99486
0.995917
0.997533
0.99915
1.0022
1.00437
1.00736
1.00921
1.01268
1.01599
1.01974
1.02156
1.02357
1.02578
1.02883
1.0311
1.03288
1.03357
1.03346
1.03295
1.03254
1.03214
1.03208
1.03221
1.03281
1.0329
1.03378
1.03537
1.03716
1.04432
1.04862
1.06543
0.991594
0.991675
0.991532
0.991343
0.991555
0.991779
0.992714
0.993322
0.995055
0.996143
0.997992
0.999317
1.00238
1.0051
1.00775
1.00943
1.01289
1.01615
1.01993
1.02192
1.02404
1.02607
1.02875
1.03073
1.03289
1.03431
1.03444
1.03412
1.03351
1.03268
1.03186
1.03139
1.03159
1.03162
1.03251
1.03459
1.03453
1.04031
1.04122
1.05766
0.991326
0.991493
0.991419
0.991207
0.991447
0.991672
0.992683
0.993473
0.995167
0.996201
0.998114
0.999708
1.0026
1.00475
1.00801
1.01037
1.01319
1.01586
1.01972
1.02258
1.02497
1.02675
1.02835
1.03012
1.03268
1.03493
1.03545
1.03518
1.03421
1.03292
1.03245
1.03166
1.03122
1.03064
1.03021
1.03153
1.02965
1.03565
1.03549
1.05276
0.991228
0.991323
0.991315
0.991105
0.991387
0.991592
0.992774
0.993373
0.995231
0.996394
0.998619
0.999936
1.00266
1.00521
1.00887
1.01077
1.01357
1.01595
1.02005
1.02324
1.02541
1.02706
1.02883
1.03054
1.03267
1.03481
1.03617
1.03622
1.0357
1.03441
1.03393
1.03228
1.0311
1.02977
1.02816
1.02914
1.02709
1.03195
1.02918
1.04296
0.990923
0.991043
0.991127
0.990874
0.991149
0.991421
0.992721
0.993261
0.995274
0.996417
0.99879
1.00007
1.00301
1.00521
1.00877
1.01123
1.01426
1.01642
1.01995
1.02308
1.02578
1.02788
1.02968
1.03084
1.03236
1.03423
1.03641
1.03733
1.03727
1.03582
1.03467
1.03262
1.0312
1.02988
1.02716
1.02717
1.02459
1.02764
1.02389
1.03528
0.990802
0.990828
0.991001
0.990745
0.991096
0.991313
0.992756
0.993357
0.995287
0.996376
0.998949
1.00069
1.0034
1.00545
1.00902
1.01204
1.01522
1.01722
1.01991
1.02331
1.0265
1.02849
1.0306
1.03138
1.03275
1.03414
1.03672
1.038
1.03847
1.03744
1.03635
1.03464
1.03233
1.03075
1.027
1.02599
1.02252
1.02457
1.02043
1.02905
0.990262
0.990417
0.990639
0.990373
0.990876
0.990992
0.992454
0.99327
0.995101
0.996162
0.998988
1.00079
1.00367
1.00582
1.00909
1.01197
1.01554
1.01802
1.02042
1.02324
1.02667
1.02857
1.03104
1.03203
1.0337
1.0342
1.03613
1.03763
1.03935
1.0391
1.03806
1.03656
1.03348
1.03176
1.02744
1.02578
1.02105
1.02162
1.01724
1.02339
0.990102
0.990136
0.990493
0.990177
0.990832
0.990894
0.992367
0.993198
0.99531
0.996273
0.998799
1.00108
1.00418
1.00655
1.00951
1.0124
1.01628
1.01891
1.02175
1.02381
1.02732
1.02885
1.03174
1.03268
1.03483
1.03508
1.03667
1.03783
1.03973
1.04069
1.03964
1.03921
1.03615
1.03436
1.0297
1.02704
1.02071
1.01979
1.01388
1.01848
0.989678
0.989561
0.989998
0.989613
0.990285
0.990504
0.99176
0.992839
0.994919
0.996272
0.998473
1.00096
1.00415
1.00666
1.01003
1.01233
1.01631
1.0192
1.02282
1.02421
1.02755
1.02885
1.03225
1.03302
1.03537
1.0356
1.03702
1.03795
1.0394
1.04141
1.04077
1.04128
1.03856
1.03694
1.03223
1.02919
1.02194
1.01955
1.01159
1.01399
0.989407
0.989212
0.989809
0.989387
0.990164
0.990257
0.991806
0.992994
0.994745
0.996537
0.99859
1.00104
1.00466
1.00703
1.01097
1.01303
1.01722
1.02011
1.02403
1.02536
1.02858
1.02961
1.0328
1.03365
1.03593
1.03662
1.03798
1.03911
1.0399
1.04241
1.04222
1.04345
1.04169
1.0407
1.03621
1.03311
1.02574
1.02194
1.012
1.01152
0.988613
0.988478
0.989056
0.988785
0.989464
0.989618
0.991002
0.992363
0.99439
0.995944
0.998332
1.00035
1.00456
1.00687
1.01114
1.01327
1.01751
1.02002
1.02436
1.02591
1.02949
1.0303
1.03261
1.0337
1.03558
1.03717
1.03813
1.03982
1.04021
1.04262
1.043
1.04479
1.04363
1.04331
1.03931
1.03659
1.0297
1.02541
1.01485
1.01078
0.988202
0.988106
0.988801
0.988565
0.989146
0.989776
0.990732
0.992141
0.99473
0.996169
0.999144
1.00089
1.00487
1.00725
1.0119
1.0143
1.0186
1.02085
1.02555
1.0273
1.03089
1.03214
1.03393
1.03487
1.03589
1.03768
1.0386
1.04085
1.04135
1.04382
1.04436
1.04687
1.04643
1.0471
1.04389
1.04173
1.03541
1.03081
1.02082
1.01413
0.987001
0.987053
0.987527
0.987607
0.988037
0.988703
0.990202
0.991054
0.99393
0.995334
0.998669
1.00055
1.00465
1.00697
1.01167
1.01428
1.01892
1.02126
1.02571
1.02787
1.03094
1.03257
1.03427
1.03568
1.03615
1.03751
1.03813
1.04031
1.04103
1.04399
1.04498
1.04807
1.04811
1.04961
1.04749
1.04575
1.04051
1.03557
1.02702
1.01835
0.986463
0.986706
0.987161
0.987389
0.988014
0.988358
0.990331
0.991257
0.994162
0.995612
0.999207
1.00132
1.00572
1.00828
1.01309
1.01553
1.02038
1.02296
1.02718
1.02974
1.03224
1.03415
1.03531
1.03711
1.03732
1.03861
1.03913
1.04073
1.0416
1.04454
1.04604
1.04992
1.05085
1.05317
1.05249
1.05149
1.04798
1.043
1.03593
1.02603
0.984705
0.985097
0.985696
0.985746
0.98672
0.986986
0.989021
0.990064
0.99328
0.994963
0.998656
1.00095
1.00538
1.00824
1.01319
1.01606
1.02048
1.02382
1.0273
1.03058
1.03277
1.035
1.03557
1.03725
1.03723
1.03796
1.03856
1.03987
1.04111
1.04406
1.04558
1.04966
1.05188
1.05497
1.05637
1.05575
1.05468
1.04943
1.04528
1.03362
0.984136
0.984607
0.98549
0.98532
0.986557
0.986896
0.989154
0.990221
0.993647
0.995599
0.999539
1.00222
1.00678
1.01001
1.01495
1.01858
1.02242
1.02671
1.02952
1.03321
1.03473
1.0374
1.03746
1.03893
1.03855
1.03877
1.03904
1.03959
1.04074
1.04378
1.04618
1.05034
1.05356
1.05717
1.06071
1.06138
1.06303
1.05851
1.05695
1.04432
0.982089
0.982354
0.983636
0.983426
0.984857
0.985165
0.987546
0.988945
0.992302
0.99471
0.998678
1.00179
1.00633
1.01054
1.01484
1.01996
1.02325
1.02808
1.03057
1.03496
1.03569
1.03869
1.03815
1.03943
1.03876
1.03838
1.03832
1.03834
1.0391
1.04116
1.04401
1.04807
1.05314
1.05708
1.06312
1.06429
1.06929
1.06561
1.06781
1.0556
0.981868
0.981951
0.983364
0.983108
0.984657
0.985226
0.987502
0.989491
0.992846
0.995796
0.999698
1.00392
1.00746
1.01338
1.01697
1.02301
1.02601
1.03194
1.03378
1.03873
1.03919
1.04226
1.04158
1.04199
1.04115
1.04001
1.03889
1.03831
1.03861
1.03976
1.04281
1.04636
1.05214
1.05672
1.06486
1.06798
1.07602
1.07422
1.08021
1.06827
0.979455
0.979409
0.980997
0.980909
0.982223
0.983355
0.985311
0.988162
0.990789
0.995321
0.99813
1.00391
1.00718
1.01371
1.01711
1.02412
1.02692
1.03353
1.03497
1.04065
1.04102
1.04376
1.04339
1.04343
1.04214
1.04033
1.03852
1.03709
1.03665
1.03667
1.03937
1.04203
1.04845
1.05319
1.06289
1.06735
1.07893
1.07928
1.08967
1.08009
0.979071
0.979436
0.98038
0.981402
0.981564
0.984213
0.985243
0.989393
0.991489
0.997006
0.999884
1.00629
1.00993
1.01684
1.02084
1.02827
1.03098
1.03816
1.03995
1.04476
1.04603
1.04805
1.04759
1.04691
1.04523
1.04288
1.0401
1.03727
1.03596
1.03476
1.0368
1.03841
1.04482
1.04948
1.06006
1.06614
1.08041
1.08377
1.09862
1.09329
0.974494
0.976742
0.976502
0.978797
0.978747
0.981788
0.982626
0.987361
0.989808
0.995312
0.999452
1.00537
1.01014
1.01734
1.02157
1.02962
1.03327
1.03966
1.04297
1.0469
1.04896
1.05
1.05002
1.04878
1.04643
1.04332
1.03988
1.03589
1.03333
1.03045
1.03131
1.03162
1.03707
1.04113
1.0517
1.05886
1.07514
1.0819
1.10119
1.10187
0.972927
0.976074
0.975822
0.978607
0.978838
0.981905
0.984604
0.987955
0.992474
0.997622
1.00244
1.00919
1.01412
1.02174
1.02733
1.03405
1.04042
1.04509
1.05037
1.05304
1.05597
1.05658
1.05638
1.05471
1.05177
1.04762
1.04324
1.03765
1.03344
1.02846
1.02713
1.02518
1.02883
1.0314
1.04129
1.04867
1.06557
1.07541
1.09811
1.10669
0.968278
0.970975
0.971874
0.973314
0.975667
0.977632
0.98114
0.985272
0.990012
0.995894
1.00172
1.0083
1.0152
1.0217
1.02995
1.03579
1.04346
1.04797
1.05396
1.05665
1.05962
1.06022
1.05985
1.05805
1.05445
1.04961
1.04419
1.03732
1.03137
1.02479
1.02119
1.01659
1.0173
1.01732
1.02423
1.03059
1.04562
1.05799
1.0808
1.09778
0.969858
0.971105
0.97278
0.974058
0.9768
0.978911
0.983863
0.987319
0.993928
0.999161
1.0072
1.01263
1.02229
1.028
1.03797
1.04366
1.0524
1.05765
1.06362
1.0671
1.06966
1.07068
1.06988
1.0677
1.06357
1.05804
1.05113
1.04324
1.03509
1.02622
1.01956
1.01206
1.00843
1.00536
1.00721
1.0115
1.02091
1.03474
1.05283
1.07785
0.963457
0.965062
0.9681
0.968513
0.972943
0.97475
0.98073
0.984222
0.992496
0.997174
1.00753
1.01302
1.02423
1.03021
1.04123
1.04764
1.05695
1.06302
1.06899
1.07338
1.07588
1.07717
1.07635
1.07424
1.0696
1.06392
1.05613
1.04718
1.03752
1.02663
1.01691
1.00728
0.998916
0.9931
0.987167
0.989068
0.987943
1.00162
1.00749
1.04115
0.964322
0.96534
0.96972
0.970478
0.975966
0.977992
0.985495
0.989635
0.998888
1.00487
1.01596
1.02269
1.03472
1.04244
1.05319
1.06176
1.07044
1.07797
1.08392
1.08897
1.09132
1.09311
1.0917
1.0899
1.08459
1.07865
1.06986
1.06049
1.04855
1.03719
1.02318
1.01247
0.99698
0.989172
0.973743
0.972569
0.959128
0.969407
0.962098
0.993207
0.953874
0.956151
0.960709
0.96368
0.968761
0.973479
0.981274
0.987265
0.997823
1.00484
1.01708
1.02537
1.03724
1.04795
1.05868
1.06918
1.07825
1.08708
1.09304
1.0993
1.10149
1.10431
1.10244
1.10128
1.09531
1.09028
1.0796
1.07137
1.05648
1.04629
1.02748
1.01686
0.995813
0.986084
0.963315
0.958044
0.935607
0.937193
0.91837
0.937317
0.952447
0.957026
0.961955
0.965655
0.972206
0.977567
0.986709
0.994204
1.00607
1.0169
1.02881
1.04216
1.05378
1.06691
1.07777
1.09033
1.09913
1.10993
1.11544
1.12334
1.12505
1.12932
1.1264
1.1273
1.11944
1.11674
1.10433
1.0982
1.08113
1.07195
1.05128
1.03931
1.01543
1.00239
0.975201
0.96331
0.934021
0.9256
0.893649
0.896687
0.942001
0.946208
0.954378
0.959192
0.968487
0.975668
0.985932
0.996676
1.008
1.02145
1.03352
1.04859
1.06061
1.07669
1.08776
1.10275
1.11146
1.12441
1.12932
1.13953
1.13983
1.14668
1.14234
1.14507
1.13648
1.13511
1.12297
1.11785
1.10177
1.09281
1.0724
1.06009
1.03508
1.0204
0.991741
0.975298
0.943426
0.92684
0.892658
0.877583
0.940417
0.947462
0.954064
0.962706
0.971105
0.983099
0.993729
1.00996
1.02274
1.04199
1.05621
1.07656
1.0897
1.10953
1.12046
1.13878
1.14702
1.16284
1.16711
1.17965
1.17964
1.18787
1.18406
1.18746
1.1802
1.17938
1.16828
1.1635
1.14997
1.14121
1.125
1.11176
1.09183
1.0744
1.04981
1.02988
1.0008
0.976901
0.947253
0.919213
0.928936
0.942881
0.953044
0.967053
0.977245
0.993449
1.00499
1.02355
1.03651
1.05787
1.07218
1.09517
1.10909
1.13184
1.14356
1.16427
1.17228
1.19016
1.19344
1.20771
1.20635
1.21609
1.21111
1.21545
1.20883
1.20766
1.20093
1.19525
1.18783
1.17929
1.16947
1.15846
1.14438
1.1298
1.10959
1.09171
1.06742
1.04493
1.02151
0.992158
0.923429
0.937896
0.949744
0.970184
0.985515
1.01017
1.02882
1.05676
1.07642
1.10389
1.12227
1.14783
1.16389
1.18737
1.20015
1.22113
1.22924
1.24717
1.24987
1.26449
1.26133
1.2729
1.26451
1.27345
1.26149
1.2686
1.2547
1.26086
1.24563
1.25077
1.234
1.23701
1.21775
1.21505
1.19494
1.18312
1.1591
1.14055
1.11306
1.10456
0.930805
0.959229
0.975692
1.00336
1.02083
1.04743
1.06663
1.09268
1.11506
1.14126
1.16474
1.19032
1.21176
1.23479
1.25203
1.2713
1.28303
1.29801
1.30328
1.31404
1.31273
1.32014
1.313
1.31823
1.30712
1.31231
1.29975
1.30706
1.29512
1.30533
1.29398
1.30673
1.29282
1.30453
1.28188
1.28698
1.24964
1.24642
1.19113
1.18507
0.95216
0.993663
1.02544
1.06897
1.10325
1.14167
1.1787
1.21161
1.24927
1.2779
1.31098
1.33582
1.36303
1.38309
1.4042
1.4189
1.43337
1.44181
1.44887
1.44987
1.44936
1.44226
1.43493
1.42223
1.41011
1.39354
1.37789
1.36239
1.34724
1.33751
1.32756
1.32465
1.32294
1.32766
1.33834
1.33765
1.35153
1.33814
1.27799
1.27065
1.11223
1.14988
1.18742
1.22535
1.26237
1.29752
1.32986
1.35898
1.38602
1.40505
1.42774
1.43657
1.45413
1.45759
1.47147
1.46773
1.47432
1.4605
1.45775
1.43529
1.42182
1.39105
1.36277
1.32447
1.28072
1.23601
1.18071
1.1316
1.06593
1.02125
0.944306
0.904516
0.835698
0.781076
0.769367
0.660591
0.249301
0.0216304
0.144523
0.218747
1.09076
1.10674
1.12834
1.1418
1.21106
1.31442
1.15348
0.869486
0.762857
0.749067
0.846956
1.02082
1.12021
1.12261
1.08184
1.05797
1.04487
1.03902
1.0303
1.02928
1.02475
1.02432
1.02192
1.02143
1.02095
1.02022
1.01964
1.01935
1.01812
1.01802
1.01709
1.01695
1.01638
1.01588
1.01541
1.01469
1.01448
1.01376
1.01354
1.01066
1.09554
1.10534
1.12138
1.11134
1.16385
1.23736
1.1166
0.886332
0.794406
0.764131
0.852374
1.03786
1.16162
1.16068
1.10565
1.06876
1.0524
1.04374
1.03355
1.03157
1.02676
1.02574
1.02339
1.02239
1.02195
1.02115
1.02048
1.02032
1.01909
1.019
1.01796
1.01784
1.01709
1.01683
1.01612
1.01562
1.01516
1.01486
1.01453
1.01246
1.08648
1.09213
1.09933
1.06779
1.10044
1.19444
1.09962
0.885543
0.795572
0.761005
0.857438
1.05236
1.20837
1.20265
1.13171
1.07909
1.05941
1.04698
1.03593
1.03293
1.02804
1.02661
1.02441
1.0229
1.02256
1.02146
1.02102
1.02068
1.01954
1.01943
1.01835
1.01823
1.01733
1.01721
1.01638
1.01602
1.01558
1.01564
1.01517
1.01341
1.08519
1.08532
1.08275
1.04029
1.03837
1.09069
1.03016
0.875052
0.782871
0.755329
0.846513
1.05257
1.23929
1.25075
1.16243
1.09152
1.0672
1.05215
1.03926
1.03502
1.02967
1.02765
1.0256
1.02347
1.02314
1.02192
1.02151
1.02112
1.02004
1.01989
1.01876
1.01863
1.0177
1.0176
1.01667
1.01653
1.01595
1.01606
1.01613
1.01722
1.07407
1.06989
1.05615
1.00084
0.977544
1.03847
0.978988
0.842112
0.754858
0.727777
0.819853
1.04358
1.25632
1.29726
1.19687
1.10552
1.07516
1.05666
1.04246
1.03683
1.03145
1.02889
1.02705
1.02472
1.02417
1.02264
1.02237
1.0217
1.0208
1.02057
1.01933
1.01911
1.01823
1.01805
1.0172
1.01718
1.01655
1.01641
1.0157
1.01393
1.06603
1.05834
1.03811
0.977823
0.916669
0.930714
0.892266
0.797284
0.723725
0.693652
0.775345
1.01871
1.25886
1.32047
1.22863
1.12206
1.08232
1.06126
1.04626
1.03927
1.03366
1.0304
1.02851
1.0261
1.02551
1.02386
1.02341
1.0226
1.02184
1.02157
1.02031
1.02008
1.01911
1.01887
1.01795
1.01771
1.01717
1.01736
1.01727
1.01836
1.05351
1.04025
1.01563
0.945243
0.86813
0.867945
0.844202
0.762205
0.693584
0.653171
0.72982
1.01246
1.26911
1.32305
1.25222
1.13999
1.08938
1.06393
1.04918
1.04018
1.03529
1.03153
1.0294
1.02729
1.02645
1.0249
1.02436
1.02346
1.02267
1.02228
1.02109
1.02081
1.01973
1.01952
1.01869
1.01834
1.01768
1.01738
1.01683
1.0154
1.04387
1.02688
0.999504
0.933785
0.834253
0.793031
0.777407
0.730872
0.668799
0.631698
0.715355
1.03698
1.28819
1.31225
1.249
1.15345
1.09494
1.06624
1.05228
1.04109
1.03661
1.03243
1.02989
1.02804
1.02695
1.02547
1.02481
1.02388
1.02313
1.02269
1.02165
1.02126
1.02015
1.01974
1.01907
1.01858
1.01821
1.01812
1.01815
1.0186
1.03347
1.01285
0.982112
0.919872
0.819304
0.776082
0.764229
0.723724
0.67257
0.651887
0.767532
1.11523
1.32066
1.29289
1.22129
1.16097
1.09993
1.06679
1.05417
1.04178
1.03751
1.03345
1.03048
1.02901
1.02752
1.02616
1.02538
1.0244
1.02359
1.02303
1.02212
1.02164
1.02067
1.02013
1.01958
1.01881
1.01834
1.018
1.01783
1.01695
1.02438
1.00389
0.969922
0.918579
0.832157
0.77381
0.755647
0.73458
0.705953
0.723192
0.877369
1.18817
1.32139
1.26028
1.17564
1.15391
1.10072
1.06549
1.05531
1.04289
1.03817
1.03488
1.03148
1.03016
1.02847
1.0273
1.02656
1.02545
1.02461
1.02395
1.02319
1.02247
1.02164
1.02068
1.02013
1.01957
1.01919
1.0188
1.01865
1.01872
1.01528
0.995071
0.958529
0.915298
0.849895
0.806408
0.793229
0.783329
0.779336
0.834363
0.999552
1.20757
1.29723
1.227
1.13611
1.12461
1.09646
1.06285
1.05462
1.04285
1.03826
1.03586
1.03245
1.0315
1.02953
1.0286
1.02769
1.02671
1.02591
1.02509
1.02443
1.02366
1.02293
1.02222
1.02111
1.02055
1.01958
1.01912
1.01861
1.01806
1.00916
0.988073
0.955395
0.920223
0.876489
0.83667
0.823541
0.835222
0.857025
0.931001
1.04935
1.19488
1.25599
1.18981
1.09435
1.07846
1.08741
1.05695
1.05057
1.04203
1.03658
1.03544
1.03241
1.03196
1.03005
1.02908
1.02815
1.02732
1.02656
1.02565
1.02501
1.02424
1.02353
1.02302
1.02216
1.02169
1.02066
1.02015
1.01954
1.01934
1.00347
0.982062
0.955465
0.924266
0.893406
0.875652
0.866771
0.882298
0.90965
0.973951
1.06127
1.16768
1.20891
1.15574
1.05219
1.03269
1.07116
1.04732
1.04374
1.04042
1.03429
1.03438
1.03164
1.03139
1.03036
1.02917
1.02858
1.02764
1.02701
1.026
1.02544
1.02471
1.02399
1.02352
1.02268
1.02213
1.02115
1.02066
1.01996
1.01936
0.999895
0.980942
0.962778
0.938362
0.91568
0.904844
0.901477
0.919394
0.944427
0.995514
1.06084
1.12988
1.15556
1.11514
1.00172
0.988868
1.04525
1.03626
1.03555
1.03724
1.0322
1.03359
1.03127
1.03092
1.03095
1.02984
1.02932
1.02813
1.02755
1.02655
1.02581
1.02509
1.02441
1.02388
1.02322
1.02265
1.02188
1.02114
1.02062
1.02031
0.999505
0.982259
0.969916
0.952902
0.937525
0.938288
0.941022
0.956892
0.973119
1.00728
1.04549
1.08874
1.10356
1.06771
0.951706
0.947595
1.01523
1.0248
1.0243
1.03305
1.03002
1.03299
1.03177
1.03105
1.03129
1.03059
1.03023
1.02947
1.02882
1.02796
1.02698
1.02628
1.02526
1.02463
1.02379
1.02312
1.02258
1.02183
1.02111
1.02046
1.00163
0.989359
0.982311
0.974613
0.967815
0.969529
0.977011
0.992545
1.00306
1.01652
1.036
1.05079
1.0557
1.0111
0.899817
0.904857
0.983556
1.00964
1.01044
1.02571
1.02559
1.02958
1.03097
1.03049
1.03118
1.03077
1.03062
1.03028
1.02963
1.02911
1.02844
1.02782
1.02678
1.02611
1.0252
1.02449
1.02364
1.02298
1.02225
1.02175
1.00643
0.997606
0.995081
0.992043
0.999117
1.00857
1.01936
1.03163
1.04054
1.0392
1.02913
1.02002
1.00872
0.950499
0.851068
0.864218
0.956716
0.990404
0.996554
1.01487
1.0192
1.02367
1.02805
1.02878
1.03047
1.03063
1.03072
1.03066
1.0302
1.02965
1.02917
1.02871
1.02798
1.02742
1.02649
1.02581
1.02481
1.02405
1.02307
1.02256
1.01212
1.01093
1.01351
1.01714
1.02989
1.04579
1.06083
1.0708
1.08056
1.04704
1.01537
0.986328
0.955141
0.881081
0.79996
0.829489
0.932855
0.967572
0.98374
1.00335
1.01303
1.01857
1.02432
1.02622
1.02888
1.02986
1.0305
1.03076
1.0307
1.03019
1.02975
1.02934
1.02867
1.02822
1.02731
1.0267
1.02581
1.02496
1.02437
1.02352
1.02249
1.02502
1.03034
1.04377
1.06187
1.08848
1.10849
1.11961
1.11225
1.0447
0.99025
0.938113
0.883336
0.799818
0.754925
0.805633
0.90965
0.947074
0.972942
0.993499
1.00731
1.01447
1.02067
1.02362
1.02719
1.02898
1.03009
1.03071
1.03093
1.0306
1.03026
1.02979
1.02933
1.02871
1.02795
1.02723
1.02644
1.02557
1.02518
1.02475
1.03308
1.04388
1.05183
1.07671
1.09974
1.13422
1.16012
1.18197
1.12118
1.02771
0.942595
0.867745
0.792831
0.715868
0.716784
0.791443
0.886847
0.928844
0.961474
0.984152
0.998455
1.01061
1.01712
1.02215
1.02567
1.02814
1.02956
1.03055
1.03113
1.03116
1.03108
1.03043
1.0301
1.0293
1.0288
1.02799
1.02744
1.02634
1.02589
1.02533
1.04787
1.06265
1.07495
1.10392
1.14111
1.19394
1.2275
1.22031
1.118
0.982232
0.864073
0.772832
0.687618
0.648816
0.694529
0.789572
0.868056
0.91256
0.949569
0.974232
0.989224
1.00528
1.01349
1.01984
1.02359
1.02686
1.02905
1.03035
1.03145
1.03162
1.03209
1.03148
1.03131
1.03048
1.02995
1.02898
1.02871
1.02778
1.02743
1.0268
1.06249
1.07944
1.10578
1.1373
1.18718
1.26052
1.29992
1.23829
1.07917
0.891127
0.748467
0.657168
0.601784
0.616493
0.69283
0.794334
0.856358
0.900737
0.938984
0.965256
0.982769
0.998574
1.00907
1.01655
1.02218
1.02567
1.02861
1.02998
1.03161
1.03189
1.03278
1.03253
1.03272
1.03195
1.03158
1.03028
1.02972
1.02874
1.02832
1.02772
1.08284
1.09882
1.13257
1.16976
1.24951
1.34441
1.34605
1.22177
0.975864
0.747214
0.607718
0.560642
0.575641
0.625786
0.714411
0.799761
0.853451
0.897389
0.931399
0.958766
0.978203
0.992264
1.00492
1.01288
1.01977
1.02348
1.0276
1.02914
1.03137
1.0317
1.03299
1.03276
1.03332
1.03263
1.03258
1.0316
1.03122
1.03019
1.0299
1.02939
1.09841
1.12039
1.16376
1.212
1.33209
1.41322
1.34791
1.13565
0.808308
0.594144
0.521671
0.569304
0.617763
0.672594
0.749347
0.809494
0.856424
0.901684
0.929174
0.955779
0.975913
0.988721
1.00066
1.00945
1.01649
1.02125
1.0261
1.02779
1.03094
1.03139
1.03319
1.03308
1.03401
1.03322
1.03339
1.03236
1.03223
1.03118
1.03094
1.03034
1.11383
1.14419
1.19138
1.26382
1.41749
1.4241
1.30351
0.998545
0.694248
0.605242
0.635004
0.676992
0.696
0.736429
0.79103
0.829845
0.870022
0.910366
0.936504
0.958182
0.976122
0.990077
0.999055
1.00973
1.01526
1.02078
1.02553
1.02759
1.03105
1.03166
1.03379
1.03381
1.03522
1.03472
1.03535
1.03431
1.03448
1.03341
1.03331
1.03262
1.12423
1.15873
1.20745
1.31949
1.43379
1.35887
1.13088
0.944858
0.841404
0.823913
0.798057
0.776994
0.771865
0.8041
0.835338
0.864774
0.897165
0.924236
0.950837
0.965963
0.982211
0.996506
1.00216
1.01333
1.01766
1.02314
1.02768
1.03029
1.03274
1.03412
1.03549
1.03551
1.0369
1.03603
1.0368
1.03557
1.03562
1.03453
1.0345
1.03405
1.12962
1.16597
1.22001
1.33909
1.32206
1.16043
1.04012
0.993039
0.948237
0.924217
0.86366
0.855977
0.84571
0.87366
0.886355
0.914142
0.930673
0.946237
0.970034
0.98207
0.993045
1.00489
1.0099
1.01762
1.02299
1.02657
1.03068
1.03311
1.03422
1.03657
1.03683
1.0376
1.03831
1.03767
1.03816
1.03724
1.03728
1.03633
1.03612
1.03556
1.12097
1.14335
1.20708
1.26057
1.12456
1.00693
0.995696
0.977373
0.951116
0.929484
0.887257
0.90816
0.920564
0.944688
0.946826
0.967755
0.967845
0.981593
0.993544
1.0039
1.00991
1.0165
1.02097
1.02447
1.02846
1.03038
1.03282
1.03536
1.03573
1.03775
1.03755
1.0381
1.0383
1.03792
1.03833
1.03799
1.03815
1.0381
1.03778
1.03825
1.09097
1.10694
1.15128
1.08161
0.898263
0.880732
0.89419
0.890467
0.891727
0.879735
0.886791
0.922798
0.956959
0.996342
1.01702
1.02184
1.02028
1.02306
1.02385
1.03183
1.03363
1.03468
1.0361
1.03665
1.03649
1.0386
1.03812
1.04082
1.04092
1.04225
1.04287
1.04262
1.04349
1.04253
1.04299
1.04207
1.04158
1.04101
1.03973
1.04029
1.03396
1.03995
1.02758
0.879951
0.711468
0.711734
0.744002
0.758604
0.778679
0.806433
0.858111
0.912417
0.969338
1.01554
1.05874
1.07617
1.08402
1.06787
1.06998
1.06642
1.0667
1.06292
1.06003
1.0599
1.05489
1.05582
1.05235
1.05394
1.05171
1.05215
1.05186
1.0511
1.05175
1.04992
1.05058
1.04844
1.04808
1.04673
1.04569
1.04595
0.968524
0.951796
0.89428
0.722525
0.549907
0.548913
0.574617
0.597155
0.641717
0.699805
0.783627
0.86724
0.953069
1.01677
1.07305
1.10599
1.12697
1.12252
1.11803
1.10686
1.10864
1.0978
1.09468
1.08842
1.08317
1.07798
1.07397
1.0712
1.06712
1.06625
1.06316
1.0625
1.05975
1.05824
1.05629
1.05395
1.05225
1.05021
1.04946
1.0488
0.902972
0.862391
0.79486
0.646164
0.469065
0.43331
0.416518
0.428662
0.470598
0.542071
0.653672
0.774371
0.895145
0.995331
1.07047
1.11673
1.14973
1.16194
1.15852
1.14969
1.14467
1.13531
1.12827
1.1175
1.11349
1.10002
1.09773
1.08739
1.08465
1.0795
1.07625
1.07413
1.07053
1.06943
1.06562
1.06455
1.06088
1.06009
1.05854
1.05775
0.860313
0.806654
0.751175
0.668334
0.512895
0.439353
0.374413
0.324725
0.302115
0.341723
0.458602
0.609157
0.77453
0.925723
1.03569
1.10786
1.15341
1.17677
1.18868
1.18456
1.17444
1.17242
1.1591
1.1528
1.14363
1.1339
1.12651
1.11589
1.11033
1.10066
1.09655
1.08917
1.08562
1.07971
1.07653
1.07301
1.07022
1.06841
1.06657
1.06684
0.841255
0.799446
0.74524
0.704207
0.621782
0.538135
0.493853
0.441873
0.352331
0.261083
0.249801
0.367179
0.566053
0.770901
0.940895
1.05937
1.13093
1.17553
1.20151
1.21242
1.21184
1.20455
1.20035
1.19035
1.18028
1.17447
1.1618
1.15692
1.14452
1.13855
1.12831
1.12159
1.1142
1.10576
1.1013
1.095
1.09248
1.0873
1.08717
1.0839
0.88208
0.854448
0.813245
0.777321
0.735311
0.673311
0.632278
0.617036
0.607233
0.537464
0.409498
0.289207
0.324085
0.525426
0.753485
0.933563
1.06198
1.14275
1.19321
1.22223
1.23692
1.23974
1.23716
1.23181
1.22433
1.21624
1.20925
1.19847
1.18991
1.18253
1.17079
1.16585
1.15557
1.1482
1.13855
1.13179
1.12212
1.11617
1.1089
1.10634
0.972237
0.954575
0.936246
0.912649
0.866768
0.80824
0.748073
0.709552
0.722195
0.77003
0.757707
0.678949
0.52745
0.388582
0.479475
0.696241
0.887362
1.0225
1.12069
1.17896
1.22342
1.24443
1.25649
1.25989
1.26022
1.25461
1.2507
1.24295
1.23825
1.23222
1.22511
1.21806
1.21479
1.20755
1.20206
1.19365
1.18416
1.17483
1.16222
1.15595
1.07747
1.05256
1.02188
0.963171
0.911529
0.863089
0.79154
0.742325
0.729755
0.746066
0.791328
0.833417
0.833207
0.791483
0.673103
0.505689
0.491351
0.640628
0.819718
0.969327
1.06477
1.1404
1.19172
1.22391
1.24152
1.25024
1.25725
1.25803
1.25781
1.25489
1.25241
1.24834
1.24417
1.23963
1.23693
1.23257
1.22869
1.22345
1.21602
1.21017
1.136
1.07772
1.03139
0.963375
0.899334
0.834003
0.747863
0.692541
0.687509
0.685016
0.68721
0.699849
0.709181
0.690343
0.663853
0.649483
0.606551
0.474828
0.376001
0.411623
0.542767
0.674714
0.820367
0.963322
1.06997
1.12489
1.18135
1.20732
1.23049
1.24441
1.25374
1.25555
1.25592
1.25061
1.24823
1.24308
1.24528
1.24583
1.24709
1.2531
1.14722
1.01156
0.886908
0.775173
0.674687
0.551507
0.447314
0.389916
0.304202
0.262599
0.289806
0.359
0.422597
0.449488
0.45673
0.456015
0.428655
0.4071
0.398198
0.368818
0.345606
0.297528
0.150971
0.194557
0.343812
0.506521
0.637569
0.756853
0.849208
0.914383
0.978415
1.02518
1.07641
1.1135
1.14613
1.17543
1.19566
1.21813
1.23241
1.24051
0.232042
0.232374
0.229951
0.267929
0.306527
0.346848
0.380166
0.405556
0.42299
0.428542
0.420573
0.403124
0.372914
0.330773
0.288673
0.244594
0.217983
0.201702
0.185073
0.204535
0.22527
0.246988
0.248602
0.257295
0.301709
0.315071
0.262268
0.228093
0.497259
0.611735
0.664879
0.709682
0.746667
0.779108
0.815812
0.849803
0.89208
0.933671
0.98545
1.03554
1.00962
1.00325
0.998344
0.99141
0.986193
0.98288
0.982824
0.986872
0.994906
1.0048
1.01405
1.01684
1.01696
1.01541
1.01391
1.01311
1.01317
1.01307
1.01298
1.01269
1.01243
1.01209
1.01179
1.01148
1.01116
1.01081
1.01044
1.01007
1.00969
1.0093
1.00887
1.00841
1.00792
1.00744
1.00696
1.00649
1.00604
1.0056
1.00519
1.00493
1.01282
1.01937
1.02196
1.02624
1.0272
1.02797
1.02768
1.02554
1.02114
1.01613
1.01371
1.01316
1.01366
1.01457
1.01546
1.01563
1.0155
1.0152
1.01483
1.01448
1.01412
1.0137
1.01324
1.01281
1.01236
1.01188
1.0114
1.01099
1.01061
1.01021
1.00971
1.00915
1.00861
1.00806
1.00749
1.00691
1.00638
1.00592
1.00553
1.00524
1.00905
1.00563
1.00456
1.00443
1.00664
1.00865
1.01087
1.01251
1.01348
1.01398
1.01392
1.01441
1.0149
1.01543
1.01566
1.0157
1.01561
1.01538
1.01509
1.01477
1.01443
1.01406
1.01366
1.01322
1.01279
1.01232
1.01183
1.01142
1.01109
1.01072
1.01023
1.0097
1.00911
1.0086
1.00805
1.00751
1.00697
1.00659
1.0062
1.00589
1.02154
1.02555
1.02724
1.02797
1.02811
1.02739
1.02535
1.02246
1.01941
1.01697
1.016
1.01591
1.01616
1.0162
1.01614
1.01596
1.01573
1.01551
1.01528
1.01502
1.0147
1.01429
1.01382
1.01336
1.01292
1.01246
1.01201
1.01162
1.01127
1.01087
1.01039
1.00986
1.00928
1.00872
1.00821
1.00764
1.0071
1.00672
1.00635
1.00605
1.01032
1.01077
1.01145
1.0122
1.01324
1.01348
1.01403
1.01443
1.01477
1.01508
1.01525
1.01569
1.01596
1.01613
1.01609
1.01608
1.01603
1.01582
1.01542
1.0151
1.01491
1.01469
1.01433
1.01375
1.01327
1.01281
1.01244
1.01208
1.01174
1.01137
1.01088
1.01038
1.00984
1.0093
1.00877
1.00829
1.00769
1.00727
1.00686
1.00652
1.02151
1.02337
1.02409
1.0243
1.0241
1.02332
1.02219
1.02093
1.01971
1.01866
1.01789
1.0174
1.01711
1.01696
1.0169
1.01677
1.01649
1.01611
1.01571
1.01536
1.01508
1.0148
1.01439
1.01386
1.01336
1.01292
1.01255
1.01209
1.01172
1.01143
1.01093
1.01041
1.00985
1.00931
1.00886
1.00832
1.0078
1.00738
1.00705
1.00671
1.01327
1.01435
1.01462
1.01502
1.01525
1.01539
1.01591
1.0162
1.01649
1.01661
1.01665
1.01675
1.01678
1.0169
1.01693
1.01696
1.01672
1.01635
1.01597
1.01575
1.01555
1.01528
1.01481
1.01433
1.01386
1.01352
1.01306
1.01275
1.01231
1.01201
1.01152
1.01101
1.01045
1.01
1.0094
1.00887
1.00836
1.00799
1.00751
1.0071
1.02025
1.02125
1.02155
1.02183
1.0215
1.02109
1.02049
1.02
1.01948
1.01913
1.01871
1.01835
1.01798
1.01774
1.01762
1.01754
1.01729
1.01675
1.01635
1.01601
1.01573
1.0154
1.01492
1.01441
1.01398
1.0135
1.01316
1.0128
1.01248
1.01203
1.01155
1.01107
1.01054
1.01011
1.00953
1.00903
1.00856
1.00816
1.00775
1.00731
1.01603
1.01633
1.01635
1.01664
1.01689
1.01724
1.01748
1.01763
1.0177
1.01786
1.01792
1.01799
1.01789
1.01789
1.01791
1.01787
1.01753
1.01722
1.01696
1.01679
1.01648
1.0161
1.01561
1.01523
1.01472
1.01429
1.01387
1.01358
1.01321
1.01284
1.0123
1.01174
1.01128
1.01079
1.01021
1.0097
1.00914
1.0087
1.00829
1.008
1.01945
1.02019
1.02034
1.02053
1.02045
1.02044
1.02013
1.01997
1.01965
1.01962
1.01931
1.01914
1.01873
1.0187
1.01854
1.0184
1.01788
1.0176
1.01737
1.01703
1.01661
1.01625
1.01582
1.01534
1.01493
1.01444
1.01404
1.01369
1.01335
1.01293
1.01246
1.01192
1.01149
1.011
1.01047
1.00998
1.00944
1.0091
1.00867
1.00819
1.01736
1.01789
1.01796
1.01842
1.0185
1.01871
1.01868
1.01894
1.01904
1.01927
1.01931
1.01925
1.0191
1.01918
1.01913
1.01893
1.01864
1.0185
1.01829
1.01794
1.01745
1.01714
1.01677
1.01633
1.01582
1.0154
1.01498
1.01463
1.01432
1.01386
1.01328
1.01281
1.0123
1.0118
1.01129
1.01059
1.0101
1.00975
1.00941
1.00907
1.01942
1.0202
1.02024
1.02061
1.0205
1.02049
1.0203
1.02043
1.02043
1.02044
1.02011
1.01997
1.01976
1.01979
1.01959
1.01933
1.01901
1.0189
1.01855
1.01811
1.01769
1.0174
1.01697
1.01657
1.01604
1.01559
1.01521
1.01488
1.01443
1.0141
1.01349
1.01301
1.01261
1.01215
1.01156
1.011
1.01053
1.01012
1.0097
1.0092
1.01885
1.01947
1.01948
1.01989
1.01985
1.02011
1.02018
1.02051
1.02063
1.02077
1.02065
1.02056
1.02058
1.02062
1.02044
1.02031
1.0201
1.01991
1.01951
1.01916
1.01883
1.01848
1.01806
1.01761
1.0171
1.01668
1.01631
1.01597
1.01559
1.01514
1.01454
1.01399
1.01355
1.01309
1.01238
1.01172
1.01126
1.01087
1.01063
1.01028
1.02024
1.02087
1.02077
1.02119
1.02107
1.02129
1.0213
1.02154
1.02143
1.02138
1.02116
1.02117
1.02107
1.02109
1.02085
1.02074
1.02047
1.02026
1.01982
1.01956
1.01917
1.01884
1.01833
1.018
1.01741
1.01707
1.01659
1.01628
1.01586
1.01549
1.01476
1.01433
1.0139
1.01354
1.01285
1.01227
1.01168
1.01121
1.01076
1.01041
1.02031
1.02095
1.02088
1.0214
1.02145
1.02187
1.02199
1.02225
1.02223
1.02226
1.02219
1.02228
1.02222
1.02218
1.02203
1.02193
1.02168
1.0214
1.02109
1.02084
1.02047
1.02009
1.01964
1.01925
1.0187
1.01829
1.01787
1.01756
1.01717
1.01667
1.01595
1.01539
1.01493
1.01442
1.01371
1.01315
1.01261
1.01228
1.01199
1.01158
1.02132
1.02203
1.02189
1.02238
1.02228
1.02276
1.02273
1.02294
1.02275
1.02287
1.02275
1.02289
1.02271
1.02275
1.02254
1.02251
1.02211
1.02189
1.02152
1.02139
1.02089
1.02059
1.02005
1.01981
1.01919
1.01882
1.01831
1.01807
1.01767
1.01719
1.0165
1.01606
1.01555
1.01509
1.01437
1.01379
1.01306
1.01255
1.01213
1.01185
1.02228
1.02285
1.02283
1.02333
1.02336
1.02384
1.0239
1.02416
1.02398
1.02415
1.02406
1.02425
1.02409
1.02414
1.02397
1.02386
1.02347
1.02326
1.02301
1.02289
1.02238
1.02197
1.02147
1.02126
1.02068
1.02025
1.01975
1.01951
1.01903
1.01848
1.01769
1.01715
1.01654
1.01608
1.01542
1.01495
1.01436
1.01401
1.0135
1.0132
1.02289
1.02367
1.0236
1.02414
1.02414
1.02461
1.0245
1.02472
1.02455
1.02478
1.02475
1.02489
1.0248
1.02483
1.02462
1.02447
1.02411
1.02399
1.02372
1.02358
1.02306
1.02265
1.02216
1.02193
1.02136
1.02094
1.02046
1.02028
1.01985
1.01934
1.01862
1.01809
1.01744
1.01684
1.01613
1.01544
1.01472
1.01426
1.01387
1.01353
1.0244
1.02497
1.02503
1.02554
1.02561
1.026
1.02587
1.02617
1.0261
1.02645
1.02625
1.0265
1.02631
1.02644
1.02611
1.02607
1.02575
1.02569
1.02535
1.0252
1.02468
1.0243
1.02378
1.02357
1.02299
1.02254
1.02202
1.02172
1.02104
1.02051
1.01979
1.01937
1.01868
1.01822
1.01753
1.01703
1.01644
1.01591
1.01538
1.01505
1.02503
1.02568
1.02578
1.0263
1.02629
1.02667
1.02658
1.02703
1.02693
1.02725
1.02707
1.02743
1.02726
1.02733
1.02699
1.02697
1.0267
1.02666
1.0263
1.02626
1.02565
1.02528
1.02473
1.02452
1.02401
1.02376
1.02338
1.02304
1.02234
1.02178
1.02105
1.02038
1.01957
1.01894
1.01805
1.01737
1.01674
1.01634
1.01591
1.01549
1.02665
1.02729
1.02748
1.02796
1.02797
1.02841
1.02839
1.02883
1.02871
1.02911
1.02895
1.0293
1.02902
1.02924
1.02883
1.02892
1.02853
1.02859
1.0282
1.02816
1.02743
1.02716
1.02642
1.0261
1.02548
1.02531
1.02477
1.02433
1.02362
1.02317
1.02257
1.02207
1.02147
1.02088
1.02009
1.01947
1.01874
1.01825
1.01771
1.01729
1.02742
1.02822
1.02826
1.02877
1.02883
1.02932
1.02927
1.02975
1.02972
1.03021
1.03002
1.03038
1.03018
1.03045
1.03006
1.03021
1.02988
1.03006
1.02967
1.02962
1.02907
1.0289
1.02813
1.02793
1.02744
1.0274
1.02674
1.02618
1.02525
1.02462
1.02375
1.02314
1.02225
1.02143
1.02051
1.0198
1.01919
1.0188
1.01833
1.01786
1.02947
1.03019
1.03023
1.03083
1.03092
1.03144
1.03144
1.03199
1.03194
1.03234
1.03213
1.0326
1.03239
1.03269
1.03221
1.0324
1.032
1.03209
1.03147
1.0314
1.03072
1.03039
1.02957
1.02941
1.02891
1.02897
1.02825
1.02787
1.02705
1.02661
1.02593
1.02549
1.02478
1.02406
1.02308
1.02233
1.02167
1.02111
1.02056
1.02002
1.03032
1.03109
1.03115
1.03191
1.03206
1.03274
1.03283
1.03345
1.0334
1.03389
1.03376
1.03434
1.03422
1.0347
1.03427
1.03477
1.03441
1.03475
1.03419
1.03419
1.03343
1.03312
1.03228
1.03214
1.0316
1.03145
1.03059
1.03001
1.02883
1.02819
1.02718
1.02659
1.0255
1.02471
1.02358
1.02289
1.02207
1.02161
1.02109
1.02065
1.03266
1.03328
1.03337
1.03413
1.03426
1.03496
1.03498
1.03557
1.03554
1.03607
1.03596
1.03657
1.03634
1.03661
1.0361
1.0365
1.03606
1.03648
1.0358
1.03598
1.03508
1.03494
1.03413
1.0341
1.03351
1.03354
1.03282
1.03245
1.03146
1.031
1.03016
1.02964
1.02869
1.02784
1.02674
1.02596
1.02508
1.02455
1.02386
1.02331
1.03444
1.03507
1.03552
1.03625
1.03662
1.03724
1.03747
1.03812
1.03834
1.03901
1.03926
1.03993
1.03983
1.04019
1.03983
1.04025
1.03985
1.04022
1.03953
1.03963
1.03863
1.03857
1.0376
1.03766
1.03675
1.03666
1.03542
1.03494
1.03363
1.03303
1.03179
1.03116
1.02986
1.02904
1.02767
1.02688
1.02593
1.02541
1.02484
1.02438
1.03591
1.03662
1.03721
1.03795
1.03854
1.03906
1.03951
1.04007
1.04043
1.04104
1.04124
1.04174
1.04174
1.04212
1.04195
1.0424
1.04215
1.04251
1.04189
1.04197
1.04102
1.04116
1.04027
1.04055
1.03963
1.03966
1.03841
1.03809
1.03681
1.03647
1.0352
1.03466
1.03319
1.0324
1.03098
1.03017
1.02895
1.02828
1.02735
1.0267
1.03898
1.03993
1.04092
1.04169
1.04255
1.04322
1.04404
1.04471
1.04538
1.04588
1.04631
1.04663
1.04686
1.04711
1.04721
1.04747
1.04737
1.0475
1.04687
1.04669
1.04578
1.04581
1.04492
1.045
1.04383
1.04366
1.04208
1.04163
1.04016
1.03973
1.03821
1.03757
1.03582
1.03503
1.03339
1.03266
1.03154
1.03102
1.03019
1.02965
1.04014
1.04191
1.04254
1.04368
1.0445
1.04537
1.04635
1.04714
1.04795
1.04849
1.04906
1.0495
1.04988
1.05029
1.05054
1.05094
1.05089
1.05102
1.05042
1.05027
1.04947
1.04956
1.04889
1.04895
1.04777
1.04755
1.046
1.04564
1.04403
1.0436
1.04187
1.04122
1.03924
1.03837
1.03641
1.03555
1.03394
1.03326
1.03186
1.03117
1.04582
1.04767
1.04855
1.04999
1.051
1.05209
1.05332
1.05412
1.05508
1.05561
1.05632
1.05674
1.05725
1.05763
1.05805
1.0582
1.05821
1.0579
1.05756
1.05714
1.05668
1.05647
1.05588
1.05557
1.05438
1.05369
1.05205
1.05138
1.04962
1.04905
1.04708
1.04633
1.04419
1.04327
1.04126
1.04041
1.03891
1.03829
1.03698
1.03641
1.04919
1.05115
1.05227
1.05417
1.05514
1.05684
1.05793
1.05914
1.06008
1.06084
1.06158
1.06219
1.06279
1.06322
1.06367
1.06368
1.0636
1.06308
1.06265
1.06211
1.06165
1.06127
1.06064
1.06007
1.05887
1.05811
1.05657
1.05589
1.05424
1.0536
1.05157
1.05062
1.04803
1.04685
1.04427
1.04317
1.04109
1.04026
1.03844
1.03762
1.05832
1.06044
1.06249
1.06418
1.06589
1.06728
1.06879
1.06984
1.07108
1.07177
1.07283
1.07342
1.07433
1.07471
1.07525
1.07518
1.07542
1.07503
1.07513
1.0746
1.07457
1.07388
1.07341
1.07222
1.07117
1.06951
1.06803
1.06637
1.06465
1.06299
1.06084
1.05904
1.05649
1.05481
1.05224
1.05109
1.04894
1.04804
1.0461
1.04525
1.0672
1.07079
1.072
1.07426
1.07571
1.07743
1.07876
1.07997
1.08099
1.08171
1.0825
1.08292
1.08359
1.0837
1.08397
1.08342
1.08313
1.08205
1.08165
1.08041
1.08002
1.07867
1.07778
1.07614
1.07481
1.0731
1.07187
1.07022
1.06913
1.06727
1.06581
1.06353
1.06163
1.05925
1.05713
1.05503
1.05296
1.05138
1.04909
1.04792
1.0822
1.08708
1.08913
1.09184
1.09327
1.09554
1.09679
1.09865
1.09978
1.10144
1.10234
1.10356
1.10388
1.10455
1.1046
1.10504
1.10503
1.10533
1.10522
1.105
1.10444
1.10343
1.1023
1.10078
1.09926
1.09728
1.0953
1.09283
1.09036
1.08731
1.08451
1.08082
1.07777
1.07371
1.07092
1.06715
1.06483
1.06173
1.05974
1.05718
1.10394
1.10815
1.10894
1.11216
1.11292
1.11586
1.11602
1.11837
1.11786
1.11975
1.11884
1.1205
1.11926
1.12047
1.11857
1.11898
1.11638
1.11625
1.11346
1.11309
1.11
1.10908
1.10571
1.10432
1.10068
1.09909
1.09586
1.09441
1.09154
1.08992
1.08696
1.08475
1.08158
1.07886
1.07586
1.07307
1.07055
1.0678
1.06574
1.0631
1.14886
1.15637
1.15461
1.1581
1.15653
1.15953
1.15813
1.16081
1.15953
1.16166
1.16029
1.16196
1.1606
1.16206
1.16082
1.16225
1.16107
1.1621
1.16054
1.16092
1.1591
1.15871
1.15645
1.1555
1.15301
1.15112
1.14782
1.14477
1.14062
1.1364
1.13144
1.12613
1.12049
1.1145
1.10866
1.10261
1.09713
1.09141
1.08657
1.08135
1.20662
1.2015
1.19968
1.19762
1.19691
1.19531
1.19492
1.19333
1.19296
1.19129
1.19074
1.18894
1.18811
1.18608
1.18472
1.18222
1.18041
1.17782
1.17559
1.17248
1.16939
1.16571
1.16164
1.15692
1.15192
1.14675
1.14191
1.13713
1.13281
1.12841
1.12454
1.12031
1.11637
1.11154
1.10681
1.10125
1.09645
1.09165
1.08853
1.08647
1.25606
1.26321
1.26482
1.27003
1.27031
1.2741
1.27335
1.27702
1.27604
1.27966
1.27867
1.28204
1.28101
1.28413
1.28285
1.28543
1.28348
1.28531
1.2827
1.28399
1.28099
1.28195
1.27855
1.27915
1.27521
1.27479
1.26883
1.26651
1.25841
1.25385
1.24376
1.23704
1.22551
1.21742
1.20576
1.19764
1.18656
1.17811
1.16587
1.15416
1.24711
1.24815
1.25867
1.26394
1.26849
1.27403
1.27888
1.28689
1.29295
1.29986
1.30549
1.31049
1.31498
1.31796
1.32103
1.32284
1.325
1.32651
1.32763
1.32766
1.3257
1.32277
1.31698
1.3113
1.30212
1.29505
1.28341
1.27587
1.2628
1.25564
1.24191
1.23584
1.22274
1.21814
1.20455
1.19765
1.1788
1.16472
1.14196
1.13028
1.08674
1.1212
1.16968
1.21231
1.25749
1.29892
1.34141
1.37983
1.41895
1.45359
1.48881
1.51927
1.5502
1.57565
1.60103
1.62039
1.63887
1.65149
1.66324
1.67062
1.67747
1.6811
1.68377
1.68382
1.68223
1.67846
1.67201
1.66359
1.65121
1.63858
1.62106
1.60548
1.58384
1.56618
1.54038
1.51869
1.48917
1.46304
1.43458
1.40898
1.00472
1.00541
1.00527
1.00534
1.00542
1.00553
1.00565
1.00581
1.00594
1.00613
1.00625
1.00641
1.00647
1.00656
1.0065
1.00647
1.00621
1.00589
1.00528
1.00462
1.00366
1.00264
1.00146
1.00013
0.998379
0.996572
0.995379
0.993453
0.992524
0.99131
0.990465
0.990409
0.990234
0.990536
0.991039
0.991617
0.992174
0.992643
0.992989
0.992537
1.00501
1.00553
1.00528
1.00544
1.00557
1.00569
1.00586
1.00604
1.00627
1.00646
1.00665
1.00675
1.00692
1.00694
1.007
1.00684
1.00666
1.00627
1.0058
1.00508
1.0042
1.00301
1.00156
0.999833
0.998316
0.996851
0.994613
0.99344
0.991646
0.990834
0.990132
0.989567
0.98979
0.990101
0.990622
0.991231
0.99183
0.992339
0.992832
0.992517
1.00558
1.00606
1.00573
1.0061
1.00615
1.00633
1.00649
1.00668
1.00686
1.00708
1.00724
1.00746
1.00751
1.00762
1.00756
1.00749
1.00723
1.00685
1.00613
1.00525
1.00415
1.00292
1.00156
1.00009
0.998186
0.996042
0.994663
0.992475
0.991432
0.989958
0.989175
0.989066
0.988981
0.989375
0.989963
0.990646
0.991326
0.991905
0.992509
0.992413
1.00578
1.00609
1.00577
1.00622
1.00623
1.00644
1.00663
1.00684
1.00711
1.00732
1.00753
1.00762
1.00778
1.00779
1.0078
1.00759
1.00727
1.00682
1.00632
1.00556
1.0045
1.00321
1.00152
0.99954
0.997724
0.996141
0.993643
0.992323
0.990343
0.989511
0.988631
0.988031
0.9883
0.988747
0.989379
0.990113
0.99084
0.991464
0.992198
0.992289
1.00625
1.00652
1.00638
1.00697
1.0069
1.00719
1.00737
1.00758
1.00779
1.00802
1.00821
1.0084
1.00848
1.00852
1.0084
1.00819
1.00787
1.00733
1.00652
1.0055
1.0043
1.00282
1.0013
0.999682
0.997585
0.995133
0.993584
0.991175
0.99003
0.988391
0.987625
0.987507
0.987459
0.987925
0.988641
0.989471
0.990289
0.990997
0.991901
0.992107
1.00631
1.00658
1.00651
1.00709
1.0069
1.00731
1.00743
1.00767
1.0079
1.00817
1.00841
1.00858
1.00869
1.00873
1.00864
1.00841
1.00795
1.00736
1.00662
1.00568
1.00442
1.00299
1.00113
0.998927
0.996885
0.995134
0.992395
0.990931
0.988831
0.987948
0.987119
0.986603
0.986856
0.987308
0.98803
0.988882
0.989778
0.990509
0.991551
0.991983
1.00691
1.00719
1.00734
1.0078
1.00765
1.00821
1.00827
1.00854
1.00879
1.00905
1.00926
1.00937
1.00945
1.00943
1.00929
1.00895
1.0085
1.00779
1.00681
1.0056
1.0042
1.00246
1.00064
0.998872
0.996661
0.993895
0.99222
0.989651
0.988393
0.986774
0.986008
0.985911
0.9859
0.986452
0.987266
0.988218
0.989235
0.990039
0.991222
0.991782
1.00691
1.00731
1.00743
1.00784
1.00775
1.00835
1.00829
1.00862
1.00881
1.00905
1.00928
1.0095
1.0096
1.00962
1.00946
1.00915
1.0086
1.00784
1.0069
1.00569
1.0042
1.00256
1.00055
0.998012
0.995654
0.993802
0.990853
0.989275
0.987048
0.986112
0.985268
0.98477
0.985074
0.98564
0.986487
0.98747
0.988592
0.989438
0.990702
0.991526
1.00773
1.00818
1.00833
1.00862
1.00867
1.00927
1.00916
1.00959
1.00969
1.00995
1.01015
1.01025
1.01027
1.01018
1.01
1.00959
1.00897
1.00818
1.00701
1.00561
1.00395
1.00198
0.99982
0.997877
0.995499
0.99242
0.990593
0.98782
0.986463
0.984721
0.983927
0.983924
0.984013
0.984639
0.985606
0.986714
0.987981
0.988894
0.990308
0.991282
1.00781
1.00828
1.00837
1.0087
1.00884
1.00941
1.00924
1.00975
1.00978
1.01007
1.01024
1.01041
1.01049
1.01046
1.01025
1.00983
1.00923
1.00831
1.00721
1.0057
1.00398
1.00204
0.999932
0.997061
0.99434
0.992297
0.989059
0.987315
0.984946
0.983843
0.983022
0.982462
0.982839
0.983624
0.984626
0.985781
0.98716
0.988129
0.989616
0.990872
1.00873
1.00922
1.00925
1.00969
1.00996
1.01037
1.01027
1.01083
1.01079
1.01106
1.01116
1.01123
1.01121
1.01107
1.01083
1.01041
1.0097
1.00879
1.00745
1.00586
1.00391
1.00161
0.999021
0.99681
0.994237
0.990773
0.988738
0.985701
0.98419
0.982489
0.981545
0.981608
0.981869
0.982518
0.983656
0.98495
0.986501
0.987543
0.989191
0.990598
1.00885
1.00936
1.00939
1.00991
1.01014
1.01044
1.01048
1.01112
1.01095
1.01134
1.01136
1.01153
1.01152
1.01142
1.01113
1.01062
1.00989
1.0088
1.00745
1.00577
1.00374
1.00147
0.999128
0.995966
0.992798
0.990495
0.986952
0.985023
0.982477
0.98112
0.980435
0.979958
0.980295
0.981319
0.982486
0.983832
0.985495
0.986633
0.988328
0.990035
1.00986
1.01041
1.01049
1.01109
1.01121
1.01155
1.01177
1.01224
1.012
1.01246
1.01241
1.01245
1.01228
1.01205
1.01172
1.01118
1.01036
1.0093
1.00782
1.00589
1.00368
1.00107
0.998019
0.995333
0.992583
0.988672
0.986376
0.983154
0.981487
0.979871
0.978765
0.978818
0.979353
0.980078
0.981427
0.982894
0.984767
0.986002
0.987851
0.989728
1.01003
1.01062
1.01069
1.01126
1.0113
1.01173
1.01195
1.01234
1.01221
1.01276
1.01253
1.01264
1.01257
1.0124
1.01197
1.01137
1.01047
1.00926
1.00764
1.00566
1.00327
1.00056
0.997894
0.994534
0.990786
0.988257
0.984445
0.982253
0.97947
0.977885
0.977369
0.977036
0.97738
0.978582
0.979952
0.981534
0.983516
0.984914
0.986761
0.98894
1.01123
1.01188
1.01196
1.01248
1.01251
1.01307
1.01334
1.01361
1.01368
1.01416
1.01386
1.01401
1.01367
1.01324
1.01274
1.01201
1.01105
1.00978
1.00807
1.00594
1.00331
1.00036
0.996861
0.993563
0.990571
0.986137
0.983531
0.980051
0.978219
0.976642
0.975366
0.9755
0.976193
0.977129
0.978811
0.980462
0.982697
0.984215
0.986222
0.988566
1.01144
1.01213
1.01215
1.01268
1.01271
1.01328
1.01339
1.0137
1.0138
1.01413
1.01381
1.01405
1.01369
1.01342
1.01286
1.01211
1.01109
1.0096
1.00777
1.00539
1.0027
0.999546
0.996389
0.992831
0.988456
0.985554
0.981369
0.978889
0.975832
0.97411
0.973623
0.973282
0.9739
0.975308
0.976917
0.978792
0.981129
0.982885
0.984847
0.987491
1.0128
1.01355
1.01356
1.01411
1.01421
1.01478
1.01478
1.01519
1.01537
1.0157
1.01539
1.01569
1.01496
1.01459
1.01381
1.01289
1.01157
1.0101
1.0081
1.00575
1.00272
0.999424
0.995522
0.991433
0.988068
0.983029
0.980128
0.976295
0.974266
0.972589
0.971295
0.971629
0.97242
0.973631
0.975639
0.977565
0.980201
0.982117
0.984241
0.987087
1.01308
1.01383
1.01382
1.01438
1.0144
1.01491
1.01484
1.01528
1.01538
1.0155
1.01528
1.01545
1.01478
1.01458
1.01375
1.01275
1.01152
1.00975
1.00752
1.00467
1.00152
0.997907
0.994153
0.990422
0.985378
0.982169
0.977501
0.974744
0.971325
0.969698
0.969077
0.968809
0.969697
0.971338
0.973273
0.975509
0.978224
0.98048
0.982511
0.98571
1.01464
1.0154
1.01543
1.01605
1.01609
1.01654
1.01654
1.01702
1.01703
1.01715
1.01709
1.01717
1.01641
1.01605
1.01488
1.01378
1.01209
1.01012
1.00773
1.00488
1.00146
0.997602
0.99336
0.988404
0.984704
0.979077
0.975911
0.971567
0.969576
0.967539
0.966314
0.966868
0.967816
0.969367
0.971795
0.97407
0.977151
0.979636
0.981863
0.985276
1.01501
1.01576
1.01572
1.01634
1.01628
1.01676
1.01666
1.01709
1.01691
1.01706
1.01684
1.01679
1.01599
1.01582
1.01455
1.01341
1.01171
1.00961
1.00691
1.00361
0.999826
0.99561
0.991108
0.987072
0.981393
0.977833
0.972517
0.969494
0.965717
0.964098
0.963505
0.963292
0.964537
0.966438
0.968845
0.971479
0.974625
0.977579
0.97985
0.983427
1.01685
1.01763
1.01761
1.01831
1.01823
1.01879
1.01871
1.01908
1.01884
1.01906
1.01876
1.0186
1.01787
1.0174
1.01581
1.01463
1.01244
1.01004
1.00693
1.00351
0.999538
0.995072
0.990395
0.984478
0.98035
0.97399
0.970494
0.96558
0.963496
0.961365
0.960119
0.960965
0.962148
0.964281
0.967045
0.969762
0.973323
0.976586
0.979171
0.983004
1.01731
1.01811
1.01797
1.01866
1.01849
1.01906
1.01882
1.01918
1.01878
1.01892
1.01836
1.0181
1.01727
1.01677
1.01515
1.01387
1.01161
1.00906
1.00591
1.00194
0.997524
0.992753
0.987183
0.982715
0.976212
0.972211
0.966179
0.962846
0.958676
0.957045
0.956488
0.956458
0.958041
0.960224
0.963271
0.966511
0.970081
0.973879
0.976677
0.980757
1.01954
1.02034
1.02019
1.02092
1.02078
1.02143
1.02118
1.02156
1.02117
1.0213
1.02063
1.02029
1.01931
1.01837
1.01645
1.01513
1.0123
1.00953
1.00572
1.00152
0.996813
0.99136
0.986254
0.979295
0.974598
0.967306
0.963406
0.957906
0.955803
0.953378
0.952262
0.953488
0.955007
0.957758
0.961123
0.964442
0.968452
0.972635
0.975824
0.980273
1.0201
1.02086
1.02063
1.02134
1.02106
1.02168
1.02128
1.02161
1.02103
1.02104
1.02019
1.01978
1.01873
1.01768
1.01584
1.01417
1.01114
1.00811
1.00404
0.999364
0.994009
0.988735
0.981771
0.976742
0.969121
0.964759
0.957877
0.954225
0.94957
0.947776
0.94775
0.947738
0.949786
0.952537
0.956214
0.960265
0.964269
0.969033
0.97253
0.977338
1.02266
1.02361
1.02335
1.02414
1.02382
1.02451
1.02403
1.02446
1.02385
1.02384
1.02291
1.02244
1.02089
1.01951
1.0174
1.01534
1.01164
1.00839
1.00356
0.998599
0.993045
0.986102
0.980453
0.972317
0.96682
0.958817
0.954042
0.947841
0.945702
0.943261
0.941846
0.943729
0.945878
0.949346
0.953457
0.95774
0.962257
0.967463
0.971464
0.976716
1.02393
1.02451
1.02434
1.02477
1.02457
1.02483
1.02442
1.0245
1.0238
1.02352
1.02258
1.02186
1.02034
1.01896
1.01679
1.01399
1.01026
1.00654
1.00114
0.995564
0.988772
0.982955
0.974256
0.968444
0.959444
0.954198
0.946585
0.942737
0.937441
0.935618
0.936546
0.93654
0.938968
0.942484
0.947114
0.952187
0.956787
0.962632
0.967043
0.972706
1.02581
1.02685
1.02656
1.02737
1.02695
1.02742
1.02685
1.02712
1.0263
1.02623
1.02507
1.02438
1.02251
1.02079
1.01781
1.01453
1.01047
1.00598
0.999794
0.99371
0.987253
0.978553
0.972389
0.962627
0.956102
0.947226
0.941334
0.934332
0.932099
0.929674
0.927936
0.930676
0.934026
0.938305
0.94338
0.949216
0.95432
0.960709
0.965629
0.972526
1.02912
1.02982
1.02963
1.02996
1.02958
1.02971
1.02909
1.02885
1.02792
1.02736
1.02587
1.02469
1.02237
1.02018
1.01679
1.01341
1.00874
1.00337
0.996474
0.990425
0.981238
0.974598
0.963629
0.956685
0.946158
0.939529
0.931049
0.926999
0.921146
0.919203
0.921206
0.921391
0.924546
0.929187
0.934863
0.941405
0.94704
0.954096
0.959429
0.967903
1.02995
1.03091
1.03046
1.03113
1.03059
1.03089
1.03018
1.03008
1.02919
1.02862
1.02713
1.02586
1.02339
1.021
1.01722
1.01312
1.00755
1.00113
0.994208
0.986052
0.978365
0.967619
0.960585
0.948835
0.941023
0.930982
0.923838
0.915618
0.913094
0.911258
0.909066
0.913445
0.918144
0.923535
0.930067
0.937616
0.943938
0.951998
0.957807
0.96669
1.03543
1.03619
1.03564
1.0361
1.03538
1.03548
1.03449
1.03407
1.03266
1.03156
1.02943
1.02746
1.0242
1.02103
1.01619
1.01147
1.00452
0.998175
0.989345
0.982096
0.96991
0.962452
0.948382
0.939384
0.927325
0.918604
0.90909
0.904637
0.899457
0.896308
0.899874
0.900631
0.904778
0.911104
0.917988
0.926852
0.933831
0.942777
0.949559
0.958903
1.03612
1.03698
1.03617
1.03667
1.03573
1.03588
1.03474
1.03435
1.03284
1.03155
1.02939
1.02702
1.02372
1.01988
1.01484
1.00885
1.00198
0.993476
0.985156
0.973532
0.96463
0.951136
0.941846
0.928228
0.918459
0.906335
0.898385
0.889467
0.885063
0.88521
0.882809
0.888965
0.896079
0.903402
0.911689
0.9217
0.930025
0.939955
0.948154
0.957801
1.04359
1.04442
1.04333
1.04376
1.04245
1.04247
1.04079
1.04023
1.03794
1.0364
1.0331
1.03009
1.02529
1.02044
1.01336
1.00687
0.99705
0.989158
0.976545
0.967548
0.952313
0.942497
0.925273
0.913504
0.898832
0.888046
0.876641
0.871221
0.867225
0.86353
0.869558
0.871295
0.877194
0.886069
0.89465
0.906746
0.915798
0.927603
0.937341
0.946408
1.04588
1.04658
1.04501
1.04538
1.04363
1.04345
1.04145
1.0404
1.03774
1.03545
1.03163
1.02763
1.02244
1.01608
1.00935
1.00006
0.991542
0.979182
0.968769
0.953837
0.941569
0.924813
0.910864
0.895478
0.882171
0.868276
0.859303
0.850422
0.844837
0.846722
0.845541
0.854051
0.863747
0.875088
0.886087
0.899196
0.91095
0.922744
0.935176
0.947941
1.05543
1.05565
1.05396
1.05422
1.05186
1.05173
1.04858
1.04738
1.04321
1.04049
1.03487
1.03044
1.02263
1.01627
1.00548
0.996917
0.982454
0.971897
0.954497
0.941615
0.922119
0.906679
0.887113
0.871434
0.852712
0.839805
0.826623
0.818872
0.817677
0.814024
0.822797
0.828017
0.837007
0.849489
0.862224
0.878148
0.890728
0.905949
0.919089
0.933931
1.06166
1.06131
1.05976
1.05913
1.05665
1.05532
1.05138
1.04872
1.04332
1.03882
1.03227
1.02509
1.01728
1.00639
0.996801
0.981923
0.97017
0.952101
0.937315
0.917247
0.898602
0.878498
0.858063
0.83861
0.821037
0.80526
0.794667
0.788948
0.782195
0.787363
0.789339
0.802243
0.816635
0.834265
0.848769
0.867897
0.885938
0.899453
0.917846
0.933373
1.07764
1.07569
1.07285
1.0712
1.06714
1.06464
1.05844
1.05509
1.04651
1.04242
1.0312
1.02582
1.01125
1.00314
0.985025
0.972753
0.951905
0.934835
0.911317
0.889691
0.864662
0.8412
0.815515
0.794894
0.771156
0.757545
0.744198
0.732533
0.736427
0.735939
0.750503
0.760914
0.775545
0.79555
0.815781
0.83448
0.857914
0.877035
0.89621
0.916903
1.08644
1.08509
1.08406
1.07944
1.07576
1.06862
1.0637
1.05479
1.04857
1.03766
1.02894
1.01496
1.00206
0.984169
0.965916
0.944085
0.92057
0.895061
0.868214
0.840136
0.812247
0.782791
0.756589
0.730525
0.70951
0.694768
0.677774
0.683632
0.679847
0.690906
0.700247
0.724724
0.747393
0.772414
0.799349
0.82485
0.850849
0.87532
0.896182
0.915542
1.13843
1.12958
1.11302
1.1055
1.09112
1.08588
1.07276
1.06725
1.05237
1.04289
1.02349
1.00826
0.983722
0.962587
0.932908
0.906558
0.872275
0.842334
0.805044
0.773204
0.734757
0.70259
0.668298
0.641127
0.617655
0.597311
0.595001
0.585389
0.594315
0.605801
0.632526
0.652506
0.682722
0.714412
0.745091
0.776468
0.809711
0.838823
0.878996
0.908487
1.12219
1.11653
1.11604
1.11377
1.11078
1.10491
1.09371
1.0793
1.05814
1.03547
1.00581
0.976209
0.939873
0.904536
0.862971
0.822632
0.777434
0.73355
0.687225
0.642839
0.599275
0.560375
0.523007
0.499297
0.470874
0.477445
0.461409
0.486781
0.506134
0.541835
0.577593
0.62819
0.665085
0.715343
0.753248
0.7994
0.830104
0.868771
0.889485
0.927931
1.37969
1.35616
1.31456
1.28157
1.23158
1.19162
1.13553
1.09282
1.03298
0.98863
0.925976
0.880836
0.815628
0.769737
0.702138
0.655852
0.586581
0.540528
0.471536
0.426711
0.364847
0.322804
0.285438
0.252684
0.279491
0.294627
0.300573
0.357559
0.406032
0.462045
0.535102
0.592193
0.663702
0.722631
0.789662
0.847708
0.910581
0.96393
1.02236
1.06584
0.999993
1
1.00001
1.00001
1.00001
1.00002
1.00002
1.00002
1.00002
1.00002
1.00001
1.00001
1.00001
1.00001
1.00002
1.00003
1.00003
1.00003
1.00003
1.00005
1.00006
1.00006
1.00007
1.00007
1.00006
1.00005
1.00006
1.00005
1.00003
1.00002
1.00003
0.999981
1.00001
1
0.99999
0.999992
0.999995
0.999992
0.999996
0.999994
0.999996
1
1
0.999997
0.999991
0.99999
0.999988
0.999987
0.999988
0.999989
0.999994
0.999995
0.999997
0.99999
0.999979
0.999977
0.999974
0.999971
0.99997
0.999951
0.999946
0.999937
0.99993
0.999928
0.999936
0.999955
0.999938
0.999943
0.999955
0.99997
0.999957
1.00001
0.999978
0.999982
1
0.999998
0.999996
1
0.999999
0.999978
1
1.00002
1.00002
1.00003
1.00003
1.00003
1.00003
1.00003
1.00003
1.00003
1.00002
1.00002
1.00002
1.00003
1.00003
1.00003
1.00003
1.00004
1.00003
1.00005
1.00006
1.00007
1.00008
1.00007
1.00005
1.00002
1.00004
1.00003
1.00002
1.00001
1.00002
0.999966
1.00001
0.999998
0.999981
0.999988
0.999986
0.999986
0.999993
0.999967
1.00001
1.00003
1.00003
1.00002
1.00001
1.00001
1.00001
1.00001
1.00001
1.00002
1.00002
1.00002
1.00002
1.00001
0.999999
0.999991
0.999986
0.999976
0.999969
0.999947
0.999939
0.999927
0.999915
0.999913
0.999935
0.999963
0.99991
0.999917
0.999935
0.999946
0.999919
0.999981
0.99994
0.999941
0.999956
0.999957
0.999965
0.99997
0.999975
0.99994
1.00003
1.00007
1.00007
1.00007
1.00007
1.00007
1.00008
1.00008
1.00008
1.00007
1.00007
1.00007
1.00007
1.00007
1.00007
1.00007
1.00008
1.00008
1.00008
1.00008
1.00008
1.00008
1.00007
1.00006
1.00001
0.999961
1.00001
0.999977
0.999958
0.999944
0.999964
0.999912
0.999954
0.999951
0.999948
0.999947
0.999941
0.99995
0.999959
0.999912
1.00004
1.00008
1.00007
1.00007
1.00006
1.00005
1.00005
1.00005
1.00005
1.00005
1.00005
1.00005
1.00004
1.00004
1.00003
1.00001
1.00001
0.999989
0.999978
0.999964
0.999948
0.999929
0.999914
0.9999
0.999931
0.999966
0.999878
0.999902
0.99991
0.999927
0.999876
0.999921
0.999888
0.999877
0.999887
0.999892
0.999913
0.999914
0.999927
0.999862
1.00006
1.00014
1.00013
1.00013
1.00014
1.00014
1.00014
1.00014
1.00014
1.00014
1.00014
1.00014
1.00014
1.00014
1.00014
1.00014
1.00013
1.00013
1.00012
1.00011
1.00009
1.00008
1.00006
1.00004
0.99996
0.999882
0.999948
0.99988
0.999867
0.999832
0.999873
0.999825
0.999846
0.999865
0.999869
0.999867
0.999859
0.999872
0.99989
0.999815
1.00008
1.00016
1.00015
1.00014
1.00014
1.00014
1.00013
1.00013
1.00014
1.00014
1.00014
1.00013
1.00013
1.00012
1.00011
1.00009
1.00007
1.00004
1.00002
1
0.999976
0.999946
0.999914
0.999878
0.99992
0.999949
0.999824
0.999867
0.999837
0.999854
0.99978
0.999819
0.999806
0.99978
0.999779
0.999797
0.999816
0.999823
0.999826
0.999739
1.00012
1.00023
1.00023
1.00023
1.00023
1.00022
1.00023
1.00023
1.00022
1.00022
1.00022
1.00023
1.00022
1.00022
1.00021
1.00021
1.0002
1.00019
1.00017
1.00014
1.00011
1.00008
1.00005
1.00001
0.999893
0.999804
0.999874
0.999759
0.999757
0.999707
0.999759
0.999704
0.999705
0.99973
0.999742
0.999732
0.999732
0.999747
0.999783
0.999667
1.00015
1.00027
1.00026
1.00025
1.00025
1.00025
1.00024
1.00025
1.00025
1.00026
1.00025
1.00024
1.00024
1.00023
1.00021
1.00018
1.00016
1.00013
1.0001
1.00007
1.00003
0.999986
0.999933
0.999876
0.999924
0.999919
0.999766
0.999825
0.999759
0.999757
0.999669
0.999696
0.999676
0.999654
0.999646
0.999667
0.999677
0.999689
0.999681
0.999561
1.00021
1.00036
1.00035
1.00035
1.00035
1.00036
1.00036
1.00036
1.00036
1.00036
1.00036
1.00036
1.00035
1.00034
1.00033
1.00032
1.00031
1.00029
1.00025
1.0002
1.00015
1.00009
1.00004
0.999986
0.999816
0.999721
0.999772
0.999614
0.999603
0.999557
0.999584
0.999525
0.999533
0.999532
0.999543
0.999542
0.999549
0.999563
0.999611
0.999463
1.00025
1.00041
1.0004
1.0004
1.0004
1.0004
1.0004
1.00041
1.00042
1.00042
1.00042
1.00041
1.0004
1.00039
1.00037
1.00034
1.0003
1.00025
1.0002
1.00016
1.0001
1.00004
0.999963
0.999882
0.999914
0.999858
0.999674
0.999726
0.999642
0.999596
0.999524
0.999522
0.999475
0.999471
0.999463
0.999471
0.999479
0.999492
0.999477
0.999317
1.00034
1.00052
1.00051
1.00051
1.00051
1.00051
1.00052
1.00052
1.00052
1.00051
1.00052
1.00051
1.00051
1.00049
1.00048
1.00046
1.00043
1.0004
1.00035
1.00028
1.0002
1.00011
1.00003
0.999952
0.999753
0.999657
0.999693
0.999491
0.999445
0.999399
0.999364
0.99932
0.999327
0.999303
0.999302
0.999313
0.99932
0.999335
0.999383
0.999209
1.00039
1.00058
1.00058
1.00058
1.00058
1.00058
1.00059
1.00059
1.0006
1.00061
1.0006
1.00059
1.0006
1.00058
1.00054
1.00051
1.00045
1.00038
1.00032
1.00026
1.00018
1.0001
1
0.999885
0.999884
0.999775
0.999537
0.999576
0.999479
0.999395
0.99934
0.999289
0.999237
0.999227
0.999218
0.999208
0.999211
0.999222
0.999213
0.999004
1.00049
1.00071
1.0007
1.0007
1.0007
1.0007
1.00071
1.00072
1.00072
1.00072
1.00072
1.00072
1.0007
1.00069
1.00067
1.00063
1.0006
1.00055
1.00048
1.00039
1.00028
1.00015
1.00003
0.999914
0.999679
0.999559
0.999593
0.999336
0.999257
0.999183
0.999099
0.999065
0.999039
0.999017
0.999009
0.999023
0.999036
0.999054
0.999094
0.99889
1.00055
1.00077
1.00077
1.00078
1.00078
1.00078
1.00079
1.0008
1.00081
1.00081
1.00082
1.00082
1.00081
1.00079
1.00074
1.00069
1.00062
1.00054
1.00045
1.00036
1.00026
1.00016
1.00003
0.999871
0.999833
0.999674
0.999364
0.999388
0.999238
0.999143
0.999081
0.998998
0.99895
0.998914
0.998898
0.99888
0.998876
0.998887
0.998886
0.998644
1.00067
1.00092
1.00091
1.0009
1.00091
1.00092
1.00093
1.00093
1.00094
1.00095
1.00095
1.00095
1.00093
1.00091
1.00089
1.00084
1.00081
1.00075
1.00065
1.00053
1.00039
1.00022
1.00005
0.999913
0.999623
0.999459
0.999468
0.999147
0.99907
0.998933
0.998814
0.99875
0.998702
0.998679
0.998665
0.998677
0.998696
0.998708
0.998746
0.998502
1.00074
1.001
1.00099
1.001
1.001
1.00101
1.00102
1.00103
1.00105
1.00106
1.00107
1.00106
1.00104
1.00102
1.00097
1.00091
1.00083
1.00072
1.00061
1.0005
1.00036
1.00021
1.00004
0.999821
0.999755
0.999559
0.999198
0.999189
0.99894
0.998838
0.998757
0.998666
0.998595
0.998542
0.998517
0.998502
0.9985
0.998515
0.998514
0.998236
1.00087
1.00116
1.00115
1.00115
1.00116
1.00117
1.00118
1.00119
1.00121
1.00122
1.00123
1.00123
1.00122
1.0012
1.00118
1.00113
1.00107
1.00098
1.00087
1.00071
1.00055
1.00036
1.00013
0.999948
0.999581
0.999345
0.999289
0.998918
0.998854
0.99866
0.998482
0.998386
0.998322
0.99829
0.998273
0.998273
0.99828
0.9983
0.998341
0.998069
1.00095
1.00125
1.00125
1.00125
1.00126
1.00127
1.00128
1.0013
1.00133
1.00133
1.00134
1.00133
1.00131
1.0013
1.00124
1.00117
1.00107
1.00097
1.00083
1.00067
1.00048
1.00026
1.00005
0.999782
0.999665
0.999428
0.999028
0.998965
0.998614
0.998471
0.998404
0.998279
0.998187
0.998122
0.998085
0.998078
0.998098
0.998106
0.998115
0.99779
1.00111
1.00144
1.00143
1.00143
1.00144
1.00146
1.00148
1.00149
1.00152
1.00155
1.00156
1.00157
1.00156
1.00155
1.00151
1.00145
1.00138
1.00126
1.00112
1.00095
1.00075
1.00052
1.00024
0.999973
0.999564
0.999244
0.999107
0.998675
0.998597
0.998376
0.998107
0.997987
0.997902
0.997859
0.997838
0.997832
0.997832
0.997859
0.997903
0.997612
1.00119
1.00153
1.00153
1.00154
1.00155
1.00157
1.00159
1.00162
1.00164
1.00165
1.00165
1.00165
1.00164
1.00161
1.00155
1.00147
1.00138
1.00124
1.00107
1.00087
1.00063
1.00036
1.00007
0.999776
0.999549
0.999263
0.99882
0.998707
0.998283
0.998069
0.998005
0.997856
0.997747
0.997664
0.997635
0.997627
0.997646
0.997663
0.997679
0.997318
1.00136
1.00173
1.00173
1.00174
1.00175
1.00177
1.0018
1.00183
1.00186
1.00189
1.00191
1.00191
1.00192
1.00189
1.00184
1.00177
1.00167
1.00153
1.00137
1.00116
1.0009
1.00062
1.00031
0.999937
0.999514
0.999114
0.998889
0.998383
0.998257
0.99801
0.99768
0.997534
0.997431
0.997382
0.997347
0.997348
0.997373
0.997401
0.997455
0.997124
1.00145
1.00183
1.00183
1.00184
1.00186
1.00188
1.00191
1.00195
1.00197
1.00199
1.002
1.00201
1.00199
1.00195
1.0019
1.00181
1.00169
1.00153
1.00132
1.00108
1.0008
1.00048
1.00011
0.999752
0.999403
0.999057
0.998566
0.998387
0.997912
0.997653
0.99755
0.997373
0.997245
0.997166
0.997138
0.997143
0.997154
0.997186
0.997198
0.99682
1.00164
1.00204
1.00204
1.00205
1.00207
1.00209
1.00212
1.00216
1.00219
1.00221
1.00223
1.00225
1.00225
1.00222
1.00217
1.00208
1.00196
1.0018
1.0016
1.00135
1.00104
1.0007
1.00031
0.999884
0.999422
0.998928
0.998611
0.998045
0.997856
0.997545
0.99719
0.997023
0.996909
0.996847
0.996828
0.996833
0.996869
0.99691
0.99698
0.996604
1.00173
1.00215
1.00215
1.00216
1.00218
1.0022
1.00223
1.00227
1.00231
1.00233
1.00235
1.00236
1.00234
1.00229
1.00223
1.00213
1.00199
1.0018
1.00157
1.00128
1.00094
1.00056
1.00012
0.999677
0.99924
0.998836
0.998265
0.998027
0.997481
0.997166
0.997034
0.996836
0.996697
0.996625
0.9966
0.996614
0.996649
0.996691
0.996711
0.996303
1.00193
1.00236
1.00237
1.00238
1.0024
1.00243
1.00248
1.00251
1.00255
1.00258
1.00261
1.00264
1.00263
1.00262
1.00256
1.00246
1.00233
1.00214
1.0019
1.0016
1.00125
1.00084
1.00037
0.999877
0.999329
0.998714
0.998321
0.997682
0.997418
0.997057
0.996671
0.996455
0.996333
0.996277
0.996253
0.996281
0.996328
0.996394
0.99648
0.996091
1.00203
1.00248
1.00249
1.0025
1.00253
1.00256
1.00261
1.00265
1.00269
1.00273
1.00276
1.00277
1.00276
1.00273
1.00265
1.00255
1.00238
1.00217
1.0019
1.00157
1.00118
1.00072
1.00022
0.999661
0.999107
0.998651
0.997969
0.997625
0.997011
0.996649
0.996452
0.996251
0.99611
0.996037
0.996042
0.996076
0.996138
0.996195
0.996229
0.995776
1.00224
1.00272
1.00273
1.00274
1.00277
1.00281
1.00286
1.00291
1.00296
1.00301
1.00306
1.00309
1.00309
1.00308
1.00302
1.00293
1.00277
1.00257
1.0023
1.00195
1.00153
1.00106
1.00051
0.99991
0.999278
0.998509
0.998031
0.997281
0.996946
0.99653
0.996118
0.995872
0.995718
0.995663
0.995652
0.995702
0.995779
0.99587
0.995983
0.995584
1.00235
1.00284
1.00286
1.00288
1.00291
1.00296
1.00301
1.00307
1.00312
1.00316
1.00321
1.00322
1.00323
1.00319
1.00313
1.003
1.00284
1.00259
1.00228
1.00189
1.00144
1.00091
1.00032
0.999658
0.998982
0.998465
0.997635
0.997245
0.996498
0.996076
0.995824
0.995577
0.995482
0.99542
0.995432
0.995495
0.995592
0.995691
0.995739
0.995247
1.00257
1.00309
1.0031
1.00312
1.00316
1.00321
1.00327
1.00333
1.00339
1.00345
1.00351
1.00354
1.00356
1.00354
1.00349
1.00338
1.00322
1.00299
1.00267
1.00229
1.0018
1.00124
1.0006
0.999904
0.999174
0.998247
0.997695
0.996779
0.99642
0.995934
0.995466
0.995279
0.995038
0.994996
0.995022
0.995106
0.995223
0.995344
0.995491
0.995071
1.00268
1.00321
1.00322
1.00325
1.00328
1.00333
1.0034
1.00346
1.00352
1.00357
1.00362
1.00365
1.00366
1.00362
1.00355
1.00343
1.00323
1.00296
1.00262
1.00218
1.00166
1.00104
1.00035
0.999574
0.998795
0.998209
0.997198
0.996769
0.995864
0.99537
0.995138
0.994775
0.994773
0.994726
0.994771
0.994884
0.995026
0.995163
0.995233
0.99472
1.0029
1.00345
1.00346
1.00348
1.00352
1.00356
1.00363
1.0037
1.00377
1.00385
1.00391
1.00395
1.00397
1.00396
1.0039
1.00379
1.00362
1.00336
1.00302
1.00257
1.00201
1.00134
1.00062
0.999873
0.998966
0.997859
0.997295
0.996181
0.995804
0.995236
0.99463
0.994544
0.994285
0.994237
0.994314
0.994458
0.994636
0.994813
0.995001
0.994543
1.00302
1.00358
1.00359
1.00362
1.00366
1.00371
1.00379
1.00386
1.00393
1.00401
1.00407
1.00411
1.00412
1.0041
1.00403
1.00389
1.00368
1.00339
1.00301
1.00252
1.00196
1.00129
1.00049
0.999526
0.998628
0.997938
0.996739
0.996226
0.995172
0.994599
0.994431
0.993948
0.993925
0.993979
0.994074
0.994237
0.994438
0.99463
0.994731
0.994202
1.00326
1.00385
1.00387
1.0039
1.00394
1.00401
1.00409
1.00417
1.00426
1.00435
1.00443
1.00449
1.00452
1.00452
1.00448
1.00438
1.0042
1.00393
1.00353
1.00301
1.00233
1.00158
1.00075
0.999938
0.998859
0.997575
0.996925
0.995622
0.995156
0.994487
0.993778
0.99374
0.993534
0.993478
0.993611
0.99382
0.994068
0.994299
0.99452
0.994031
1.00339
1.00401
1.00403
1.00407
1.00412
1.0042
1.00428
1.00438
1.00448
1.00459
1.00468
1.00475
1.0048
1.00478
1.00472
1.00458
1.00436
1.00404
1.00365
1.00313
1.00254
1.00174
1.00078
0.999615
0.998623
0.997773
0.996319
0.995721
0.99446
0.993822
0.993581
0.993083
0.993051
0.993163
0.993341
0.993587
0.993861
0.994118
0.994271
0.993697
1.00365
1.00429
1.0043
1.00433
1.00439
1.00448
1.00458
1.00468
1.0048
1.0049
1.005
1.00508
1.00513
1.00517
1.00513
1.00507
1.00488
1.0046
1.00412
1.00354
1.00274
1.00192
1.00102
1.00006
0.998764
0.997274
0.996506
0.994996
0.994407
0.993593
0.992855
0.992807
0.992603
0.992593
0.992804
0.993113
0.993444
0.993747
0.993999
0.993505
1.00378
1.00442
1.00443
1.00446
1.00452
1.00461
1.0047
1.00481
1.00493
1.00506
1.00518
1.00527
1.00533
1.00532
1.00527
1.00511
1.0049
1.00455
1.00416
1.00359
1.00293
1.00198
1.00084
0.999535
0.99844
0.997407
0.995726
0.995019
0.993554
0.992824
0.992556
0.991998
0.992026
0.992203
0.992499
0.992855
0.993229
0.993558
0.99375
0.993145
1.00414
1.0048
1.00478
1.00482
1.00489
1.00498
1.00509
1.00521
1.00534
1.00546
1.00556
1.00563
1.00568
1.00573
1.00569
1.00564
1.00541
1.0051
1.0045
1.00382
1.00295
1.00205
1.00106
0.999925
0.998366
0.996743
0.995891
0.994122
0.993443
0.992426
0.991661
0.991627
0.991435
0.991566
0.991908
0.992351
0.992797
0.993178
0.993476
0.992958
1.00397
1.00473
1.00482
1.00485
1.00492
1.00502
1.00513
1.00525
1.0054
1.00554
1.00568
1.00579
1.00587
1.00588
1.00587
1.00571
1.00552
1.00516
1.00482
1.00416
1.0034
1.00232
1.00104
0.99961
0.998347
0.997065
0.995143
0.994227
0.99258
0.991751
0.991336
0.990762
0.99091
0.991164
0.991575
0.992073
0.992562
0.992973
0.993197
0.992492
1.00811
1.01318
1.01203
1.01391
1.01384
1.01468
1.01501
1.01583
1.01618
1.01654
1.01723
1.01735
1.01845
1.01847
1.01924
1.01941
1.01986
1.01987
1.02194
1.02196
1.02621
1.02635
1.03287
1.03457
1.04046
1.04922
1.05343
1.03587
0.925853
0.783063
0.68289
0.634714
0.715698
1.05769
1.36356
1.33696
1.21731
1.15896
1.12442
1.10822
1.00917
1.01193
1.01124
1.01325
1.01321
1.01403
1.01439
1.015
1.01552
1.01577
1.01641
1.01643
1.01745
1.01736
1.01831
1.01799
1.01855
1.01804
1.01947
1.01885
1.02142
1.01986
1.0224
1.01911
1.01724
1.00782
0.990752
0.952078
0.829767
0.727479
0.643706
0.597301
0.665207
1.00891
1.33271
1.37313
1.22391
1.16645
1.13748
1.11364
1.01243
1.01076
1.01132
1.01243
1.01257
1.0132
1.01349
1.014
1.01443
1.01462
1.01509
1.01514
1.016
1.016
1.01687
1.01649
1.01696
1.01634
1.01716
1.0162
1.01703
1.01452
1.01361
1.00755
1.00128
0.983137
0.962367
0.907635
0.797049
0.753847
0.713231
0.690963
0.772378
1.03586
1.26577
1.2941
1.18366
1.14997
1.13282
1.11131
1.01334
1.01053
1.01152
1.01166
1.01201
1.01244
1.01279
1.01319
1.01356
1.01367
1.01391
1.01395
1.01461
1.01456
1.01519
1.01474
1.01504
1.01441
1.01484
1.01362
1.01333
1.01081
1.00816
1.00233
0.994869
0.979774
0.961634
0.8991
0.809397
0.806189
0.790714
0.784658
0.858837
1.04237
1.18353
1.19644
1.13757
1.12416
1.11533
1.10197
1.01325
1.01047
1.01131
1.011
1.01154
1.01181
1.0122
1.01245
1.01279
1.01275
1.01298
1.01297
1.01341
1.01325
1.01367
1.01311
1.01337
1.01266
1.01285
1.01144
1.01076
1.0087
1.00599
1.00237
0.996291
0.990163
0.978741
0.915352
0.834737
0.843118
0.842625
0.848262
0.911059
1.0314
1.10676
1.12557
1.10084
1.09843
1.09644
1.08981
1.01297
1.01028
1.01079
1.01058
1.01112
1.01119
1.01151
1.01168
1.01195
1.01181
1.01207
1.01194
1.01224
1.01206
1.01241
1.01179
1.01209
1.01127
1.01128
1.00997
1.00923
1.00768
1.00563
1.00447
1.00116
1.00322
1.00106
0.944241
0.85886
0.862425
0.872297
0.884888
0.938332
1.00632
1.05275
1.07785
1.07261
1.07579
1.07811
1.07543
1.01251
1.00986
1.01031
1.01026
1.01068
1.01058
1.01086
1.01096
1.01121
1.01107
1.01128
1.01104
1.01132
1.01105
1.01129
1.01063
1.01091
1.01006
1.01
1.00897
1.00818
1.00706
1.00571
1.00632
1.00552
1.01265
1.0173
0.974407
0.883606
0.873873
0.889066
0.904824
0.947916
0.992432
1.02295
1.04627
1.0503
1.05584
1.06066
1.05963
1.01211
1.00929
1.00984
1.00969
1.01011
1.01001
1.01028
1.01027
1.01049
1.01037
1.01053
1.01026
1.01051
1.01014
1.01035
1.00966
1.00981
1.00897
1.0088
1.00798
1.00721
1.00648
1.00576
1.00702
1.00757
1.01655
1.02379
0.994565
0.915025
0.891001
0.902057
0.917697
0.951035
0.983492
1.0061
1.02576
1.03315
1.03899
1.04529
1.04471
1.01184
1.00882
1.00938
1.00893
1.00945
1.00939
1.00967
1.00958
1.00979
1.00966
1.00978
1.00955
1.00976
1.00937
1.00956
1.00891
1.00883
1.00799
1.00765
1.00691
1.00622
1.00576
1.00548
1.00688
1.00772
1.01641
1.02269
1.003
0.940691
0.912465
0.916971
0.929481
0.953918
0.978057
0.996026
1.01261
1.02085
1.02631
1.03271
1.03253
1.01162
1.00852
1.00897
1.00837
1.00883
1.00875
1.009
1.00891
1.00909
1.00898
1.00913
1.00891
1.00902
1.00857
1.00864
1.008
1.00778
1.00706
1.00663
1.00591
1.00525
1.0049
1.00473
1.00631
1.00725
1.01394
1.01772
1.00441
0.959764
0.934419
0.933421
0.941791
0.958566
0.975883
0.99001
1.00382
1.01215
1.01759
1.0227
1.02282
1.01119
1.00809
1.00857
1.00797
1.0083
1.00809
1.0083
1.00817
1.00828
1.0082
1.0083
1.00808
1.00805
1.00755
1.00743
1.00684
1.00665
1.00615
1.00576
1.00507
1.00443
1.00415
1.00389
1.00513
1.00629
1.00953
1.01173
1.00344
0.972704
0.952914
0.94884
0.953629
0.964649
0.97651
0.986905
0.997744
1.00549
1.01132
1.01473
1.01489
1.01034
1.00759
1.00819
1.00746
1.00782
1.00748
1.00769
1.00746
1.00753
1.0074
1.0074
1.00715
1.00704
1.00661
1.00642
1.00597
1.00581
1.00544
1.00505
1.00443
1.00388
1.00367
1.00331
1.00399
1.00456
1.00593
1.0061
1.00167
0.981038
0.966644
0.961624
0.963894
0.971009
0.979148
0.98608
0.993979
1.00036
1.00603
1.0087
1.00884
1.00952
1.00714
1.00765
1.00678
1.00728
1.00693
1.00719
1.00693
1.00699
1.00682
1.00675
1.00653
1.00644
1.00614
1.006
1.00562
1.00538
1.00501
1.00459
1.00402
1.00352
1.00327
1.0028
1.00304
1.00299
1.00307
1.0019
0.998639
0.986256
0.976211
0.971435
0.972224
0.976733
0.982751
0.986895
0.992291
0.996824
1.00124
1.00432
1.00448
1.00911
1.00674
1.00707
1.00608
1.00674
1.00638
1.00669
1.00646
1.00652
1.00636
1.00631
1.00621
1.00614
1.00594
1.00577
1.0054
1.00506
1.00468
1.00425
1.00373
1.00324
1.00285
1.00223
1.00211
1.00166
1.00108
0.99942
0.996832
0.989263
0.982666
0.978616
0.978696
0.981418
0.986336
0.988645
0.992138
0.994786
0.997516
1.00091
1.00103
1.00893
1.00625
1.00649
1.00546
1.00621
1.00574
1.00609
1.00585
1.00591
1.00575
1.00573
1.00572
1.00564
1.00547
1.00528
1.00495
1.0046
1.00423
1.00379
1.00335
1.0029
1.0024
1.0017
1.00135
1.00069
0.999801
0.998049
0.995817
0.99103
0.986939
0.983661
0.983501
0.98493
0.989258
0.990589
0.992934
0.993904
0.995594
0.997944
0.998174
1.00872
1.00545
1.00578
1.00487
1.0057
1.00506
1.00549
1.00521
1.0053
1.00516
1.00518
1.00516
1.00507
1.00491
1.0047
1.00447
1.00416
1.00372
1.00324
1.0029
1.00251
1.00199
1.00129
1.0008
1.00007
0.999085
0.997388
0.995453
0.992273
0.989794
0.987154
0.987002
0.987452
0.991286
0.992155
0.994118
0.993672
0.995344
0.995315
0.996107
1.00838
1.00433
1.00502
1.00424
1.00516
1.00449
1.00504
1.00474
1.00498
1.00488
1.00498
1.0049
1.00478
1.00457
1.00432
1.00416
1.00384
1.00328
1.00273
1.00244
1.00212
1.00162
1.00095
1.00038
0.999636
0.998692
0.997163
0.995559
0.993281
0.991767
0.989618
0.989585
0.989322
0.992599
0.993164
0.995277
0.993684
0.995858
0.992961
0.994871
1.00727
1.00341
1.00448
1.00367
1.00465
1.00408
1.00476
1.00451
1.00492
1.00486
1.00508
1.00494
1.00475
1.00441
1.0041
1.00396
1.00363
1.00295
1.00237
1.00214
1.00184
1.00135
1.00072
1.00012
0.999396
0.998529
0.997243
0.995988
0.994234
0.993262
0.991489
0.991613
0.9909
0.993629
0.993737
0.996275
0.993821
0.996267
0.991011
0.994297
1.00472
1.00319
1.00423
1.00328
1.00419
1.00379
1.00456
1.00436
1.00489
1.00482
1.00509
1.00487
1.00461
1.00416
1.00381
1.00368
1.00335
1.00266
1.00212
1.0019
1.0016
1.00116
1.00058
0.999969
0.999267
0.998468
0.997458
0.996534
0.995112
0.994417
0.992946
0.993222
0.99231
0.994663
0.99415
0.997103
0.994205
0.996512
0.990209
0.993108
1.00153
1.00338
1.00421
1.00314
1.00383
1.00351
1.0044
1.00423
1.00478
1.00466
1.00492
1.00465
1.00435
1.00386
1.00351
1.00335
1.00303
1.00243
1.00196
1.00175
1.00144
1.00103
1.00049
0.999912
0.999237
0.998494
0.997742
0.997095
0.995914
0.99534
0.994132
0.994493
0.993589
0.995622
0.994678
0.997761
0.995056
0.997597
0.990589
0.988824
0.998176
1.00395
1.0043
1.0033
1.00357
1.00334
1.00418
1.00412
1.00458
1.00443
1.00464
1.00436
1.00407
1.00357
1.00324
1.00304
1.00273
1.00222
1.00182
1.00157
1.00126
1.00089
1.00039
0.99985
0.999216
0.998527
0.997996
0.99755
0.996575
0.996049
0.995087
0.995426
0.994699
0.996317
0.99536
0.998154
0.996241
0.998671
0.993152
0.983162
0.995679
1.00463
1.00424
1.00359
1.0033
1.00329
1.00394
1.004
1.00431
1.00418
1.00433
1.00407
1.00381
1.00334
1.00301
1.00277
1.00247
1.00207
1.00173
1.00144
1.0011
1.00075
1.00029
0.999807
0.999229
0.9986
0.998231
0.99791
0.997125
0.996616
0.995896
0.996107
0.995672
0.996709
0.996164
0.99821
0.997351
0.998935
0.997044
0.97852
0.994572
1.00506
1.00385
1.00375
1.00302
1.00327
1.00369
1.00384
1.004
1.00391
1.00397
1.00376
1.00351
1.0031
1.00278
1.00251
1.00223
1.00193
1.00162
1.0013
1.00095
1.00062
1.0002
0.999763
0.999249
0.998682
0.998424
0.998161
0.997555
0.997054
0.996567
0.996593
0.99649
0.996912
0.997036
0.998059
0.998236
0.998447
0.99922
0.976613
0.994581
1.00526
1.00335
1.00373
1.00273
1.00321
1.00339
1.00361
1.00363
1.00359
1.00357
1.0034
1.00318
1.00282
1.00252
1.00226
1.002
1.00178
1.0015
1.00117
1.00083
1.00051
1.00013
0.999735
0.999289
0.998783
0.99859
0.99834
0.997894
0.997396
0.997121
0.996949
0.997144
0.997044
0.997796
0.997659
0.998827
0.997063
1.00035
0.977354
0.995322
1.00524
1.00284
1.00361
1.00247
1.00314
1.00309
1.00338
1.00327
1.00329
1.0032
1.00308
1.00287
1.00257
1.00229
1.00203
1.00181
1.00163
1.00137
1.00104
1.00072
1.00042
1.00008
0.999718
0.999333
0.998883
0.998726
0.998463
0.998152
0.997654
0.997553
0.997198
0.997613
0.997137
0.998236
0.997201
0.999079
0.995828
1.00074
0.97988
0.99645
1.00502
1.00232
1.00345
1.0022
1.00305
1.00276
1.00311
1.00291
1.00299
1.00284
1.00277
1.00257
1.00232
1.00206
1.00183
1.00162
1.00146
1.00123
1.00092
1.00062
1.00034
1.00003
0.999703
0.999374
0.998977
0.998839
0.998556
0.998356
0.997852
0.99789
0.997375
0.997934
0.997174
0.99842
0.996747
0.999112
0.994856
1.00071
0.983422
0.997687
1.00439
1.00197
1.00324
1.00203
1.00295
1.00245
1.00289
1.00261
1.00275
1.00256
1.00251
1.00233
1.00212
1.00188
1.00167
1.00148
1.00132
1.00109
1.00081
1.00055
1.00028
0.999996
0.999701
0.999416
0.999062
0.998931
0.998628
0.998508
0.997998
0.998131
0.997487
0.998131
0.997154
0.998459
0.99637
0.999027
0.994469
1.00017
0.987
0.998671
1.00374
1.00178
1.003
1.0019
1.00276
1.00219
1.00266
1.00234
1.0025
1.00229
1.00227
1.00209
1.00192
1.00171
1.00151
1.00134
1.00118
1.00097
1.00072
1.00047
1.00022
0.999972
0.999706
0.999456
0.999142
0.999017
0.998706
0.998642
0.998136
0.99833
0.997607
0.998283
0.997123
0.998481
0.996257
0.998875
0.994579
0.999523
0.989912
0.999381
1.0032
1.0017
1.00279
1.00182
1.0026
1.00202
1.00247
1.00213
1.0023
1.00208
1.00207
1.0019
1.00175
1.00156
1.00139
1.00122
1.00107
1.00087
1.00064
1.00041
1.00018
0.999952
0.999709
0.999484
0.999201
0.999077
0.998766
0.998733
0.998239
0.998458
0.997712
0.998374
0.997134
0.998485
0.996317
0.998707
0.995115
0.998947
0.992022
0.999816
1.00272
1.00164
1.00254
1.00174
1.0024
1.00187
1.00227
1.00194
1.0021
1.00189
1.00188
1.00172
1.00159
1.00143
1.00127
1.00111
1.00096
1.00078
1.00057
1.00036
1.00016
0.999946
0.999725
0.999522
0.99927
0.999147
0.998849
0.998832
0.998367
0.998586
0.997867
0.998486
0.997244
0.998511
0.996589
0.99856
0.995751
0.998513
0.993555
1.00009
1.00239
1.00163
1.00232
1.00169
1.00222
1.00177
1.0021
1.00181
1.00194
1.00174
1.00173
1.00158
1.00147
1.00132
1.00117
1.00102
1.00087
1.0007
1.00051
1.00032
1.00013
0.999931
0.999728
0.99954
0.999312
0.999188
0.998908
0.99889
0.998461
0.998656
0.99799
0.998531
0.997446
0.998485
0.996881
0.998415
0.996276
0.998248
0.994608
1.00021
1.0021
1.00159
1.0021
1.00162
1.00203
1.00166
1.00192
1.00167
1.00176
1.00159
1.00157
1.00144
1.00134
1.0012
1.00107
1.00093
1.00079
1.00063
1.00046
1.00029
1.00011
0.99993
0.999745
0.999573
0.999369
0.999246
0.998992
0.998966
0.998582
0.998744
0.99815
0.998599
0.997671
0.998504
0.997206
0.998374
0.996786
0.998124
0.995392
1.00027
1.00192
1.00156
1.00194
1.00157
1.00189
1.00159
1.00178
1.00157
1.00164
1.00149
1.00146
1.00134
1.00124
1.00112
1.00099
1.00086
1.00072
1.00057
1.00042
1.00025
1.00009
0.999923
0.999751
0.999589
0.999404
0.999279
0.99905
0.99901
0.998673
0.998792
0.99828
0.998631
0.997863
0.998503
0.997478
0.998344
0.997181
0.998097
0.995907
1.00023
1.00174
1.0015
1.00176
1.00149
1.00172
1.00149
1.00162
1.00145
1.00149
1.00137
1.00132
1.00122
1.00113
1.00102
1.0009
1.00078
1.00065
1.00052
1.00037
1.00022
1.00007
0.999923
0.999767
0.999617
0.999452
0.999329
0.999129
0.999076
0.99879
0.998866
0.998439
0.998701
0.998084
0.99856
0.99777
0.9984
0.99756
0.998115
0.996333
1.00021
1.00163
1.00146
1.00165
1.00145
1.0016
1.00143
1.00152
1.00138
1.00139
1.00129
1.00124
1.00114
1.00106
1.00095
1.00084
1.00073
1.00061
1.00048
1.00034
1.0002
1.00006
0.999919
0.999773
0.999631
0.999479
0.999356
0.999179
0.99911
0.998868
0.998902
0.998552
0.998732
0.998243
0.998585
0.997984
0.998431
0.997829
0.998177
0.996598
1.00013
1.00149
1.00139
1.0015
1.00136
1.00146
1.00133
1.00138
1.00127
1.00127
1.00118
1.00113
1.00104
1.00096
1.00086
1.00077
1.00066
1.00055
1.00043
1.00031
1.00018
1.00005
0.999922
0.999789
0.999659
0.999523
0.999406
0.999254
0.999177
0.998977
0.99898
0.9987
0.998814
0.998437
0.998667
0.998223
0.998522
0.998101
0.998318
0.996861
1.00009
1.00142
1.00134
1.00142
1.00131
1.00138
1.00128
1.0013
1.00122
1.0012
1.00112
1.00106
1.00098
1.0009
1.00081
1.00072
1.00062
1.00051
1.0004
1.00028
1.00016
1.00004
0.99992
0.999794
0.99967
0.999543
0.999428
0.999291
0.999205
0.999037
0.99901
0.998787
0.998845
0.998553
0.998701
0.998364
0.998563
0.998253
0.998394
0.997012
0.999999
1.0013
1.00126
1.0013
1.00123
1.00126
1.00118
1.00119
1.00112
1.00109
1.00102
1.00097
1.0009
1.00082
1.00074
1.00065
1.00056
1.00046
1.00036
1.00026
1.00015
1.00004
0.999926
0.999812
0.999699
0.999585
0.999478
0.999359
0.999272
0.999134
0.99909
0.998915
0.998932
0.998717
0.998795
0.998559
0.998669
0.998466
0.998543
0.997209
0.999955
1.00125
1.00122
1.00124
1.00119
1.0012
1.00114
1.00113
1.00108
1.00104
1.00098
1.00093
1.00086
1.00079
1.00071
1.00062
1.00053
1.00044
1.00034
1.00024
1.00014
1.00003
0.999925
0.999816
0.999708
0.9996
0.999495
0.999386
0.999295
0.999176
0.999115
0.998974
0.998961
0.998791
0.998832
0.998645
0.99872
0.998558
0.998615
0.997292
0.999845
1.00113
1.00111
1.00112
1.00108
1.00108
1.00103
1.00101
1.00097
1.00093
1.00088
1.00082
1.00076
1.0007
1.00063
1.00055
1.00047
1.00039
1.0003
1.00021
1.00012
1.00003
0.999933
0.999837
0.999741
0.999645
0.999551
0.999455
0.999373
0.999274
0.999211
0.999103
0.999072
0.998953
0.998955
0.998835
0.998859
0.998766
0.998785
0.997479
)
;

boundaryField
{
    FrontBack
    {
        type            empty;
    }
    Cylinder
    {
        type            calculated;
        value           uniform 0;
    }
    Bottom
    {
        type            calculated;
        value           uniform 0;
    }
    Top
    {
        type            calculated;
        value           uniform 0;
    }
    Inlet
    {
        type            calculated;
        value           uniform 1;
    }
    Outlet
    {
        type            calculated;
        value           nonuniform List<scalar> 
40
(
0.999845
1.00113
1.00111
1.00112
1.00108
1.00108
1.00103
1.00101
1.00097
1.00093
1.00088
1.00082
1.00076
1.0007
1.00063
1.00055
1.00047
1.00039
1.0003
1.00021
1.00012
1.00003
0.999933
0.999837
0.999741
0.999645
0.999551
0.999455
0.999373
0.999274
0.999211
0.999103
0.999072
0.998953
0.998955
0.998835
0.998859
0.998766
0.998785
0.997479
)
;
    }
}


// ************************************************************************* //
