/*--------------------------------*- C++ -*----------------------------------*\
  =========                 |
  \\      /  F ield         | OpenFOAM: The Open Source CFD Toolbox
   \\    /   O peration     | Website:  https://openfoam.org
    \\  /    A nd           | Version:  11
     \\/     M anipulation  |
\*---------------------------------------------------------------------------*/
FoamFile
{
    format      ascii;
    class       volScalarField;
    location    "2.5";
    object      mag(U);
}
// * * * * * * * * * * * * * * * * * * * * * * * * * * * * * * * * * * * * * //

dimensions      [0 1 -1 0 0 0 0];

internalField   nonuniform List<scalar> 
9600
(
0.997937
0.996936
0.995862
0.996008
0.997693
0.99412
0.96728
0.933465
0.920403
0.923876
0.941245
0.964149
0.984033
1.00053
1.01399
1.02494
1.03406
1.04155
1.04723
1.05163
1.05502
1.05733
1.05831
1.05758
1.05558
1.05258
1.04903
1.04455
1.0397
1.03435
1.0296
1.02488
1.02077
1.01662
1.01283
1.00945
1.00667
1.00432
1.00189
0.999382
0.998311
0.998242
0.998282
0.998012
0.996507
0.996416
0.997783
0.999617
0.997891
0.997152
1.00004
1.0074
1.01273
1.01605
1.01939
1.02373
1.02879
1.03336
1.03686
1.03962
1.04169
1.04326
1.04349
1.0424
1.04033
1.03724
1.03436
1.02917
1.02593
1.01894
1.01581
1.00935
1.00626
1.0006
0.998268
0.994292
0.991788
0.990037
0.988619
0.98737
0.998385
0.998219
0.998331
0.999135
1.00089
1.00136
0.998559
0.991795
0.978736
0.974493
0.977935
0.987428
0.999447
1.01129
1.02237
1.03198
1.03996
1.04666
1.05194
1.05618
1.05974
1.06186
1.06348
1.06313
1.06218
1.05892
1.05642
1.0511
1.04748
1.04141
1.03788
1.03225
1.02974
1.02489
1.02272
1.01852
1.01564
1.01304
1.00928
1.00506
0.998586
0.998692
0.999165
0.999874
1.00155
1.0038
1.00497
1.00856
1.01505
1.02071
1.02614
1.02989
1.03147
1.03162
1.03196
1.03262
1.03385
1.0366
1.03953
1.04205
1.04408
1.04564
1.04584
1.04432
1.04257
1.03912
1.03725
1.03238
1.02927
1.02367
1.01865
1.01388
1.00909
1.00377
1.00095
0.996752
0.994239
0.993586
0.991695
0.991353
0.998786
0.999032
0.999696
1.00051
1.00295
1.00862
1.01418
1.0158
1.01101
1.00342
0.997772
0.997259
1.00322
1.01222
1.02205
1.03135
1.03933
1.04597
1.05081
1.05484
1.05839
1.06018
1.06198
1.06238
1.0619
1.05905
1.05653
1.05166
1.0477
1.04226
1.03833
1.03363
1.03064
1.02655
1.02436
1.01957
1.01743
1.0131
1.01032
1.00493
0.99902
0.999459
1.00022
1.00185
1.00638
1.01068
1.01313
1.01704
1.02199
1.02714
1.03277
1.03733
1.0406
1.04131
1.04132
1.04164
1.04194
1.04271
1.04408
1.0455
1.04774
1.04887
1.04869
1.04776
1.04585
1.04238
1.04014
1.03604
1.03287
1.02783
1.02282
1.01763
1.01265
1.00725
1.00391
0.999686
0.997585
0.996742
0.994601
0.995126
0.999443
1.00026
1.00126
1.00301
1.00766
1.01323
1.01689
1.01961
1.02092
1.01985
1.01589
1.01163
1.01106
1.01579
1.02321
1.03129
1.03888
1.04566
1.0506
1.05431
1.05808
1.05972
1.06095
1.06193
1.06204
1.05997
1.05697
1.05279
1.04834
1.04324
1.03908
1.03491
1.03173
1.02812
1.02542
1.02128
1.01844
1.0134
1.0109
1.00485
1.00019
1.00085
1.00209
1.00498
1.00937
1.01349
1.01761
1.0213
1.02327
1.02723
1.03299
1.03873
1.04315
1.04589
1.04685
1.04801
1.04825
1.04914
1.04967
1.05007
1.05194
1.05322
1.05286
1.05146
1.0493
1.04637
1.04389
1.04007
1.03672
1.03205
1.02732
1.02179
1.01672
1.01133
1.00693
1.00297
1.00148
0.999388
0.997793
0.998684
1.00048
1.00132
1.00297
1.00614
1.01036
1.01476
1.01903
1.02168
1.02373
1.02578
1.02658
1.02616
1.02471
1.025
1.02801
1.03349
1.03948
1.04556
1.05114
1.05469
1.05815
1.06015
1.0613
1.06233
1.0629
1.06105
1.05833
1.05433
1.04929
1.04456
1.04014
1.03638
1.03265
1.02968
1.02618
1.02261
1.01911
1.01374
1.0111
1.00488
1.0008
1.00185
1.00359
1.00749
1.01173
1.01537
1.01937
1.02185
1.02365
1.02734
1.03255
1.03759
1.04319
1.04707
1.04906
1.0513
1.0528
1.0541
1.05538
1.05579
1.05641
1.05798
1.05856
1.05672
1.05358
1.05056
1.04822
1.0444
1.04076
1.03643
1.03163
1.02639
1.02112
1.01528
1.01007
1.00686
1.00468
1.00202
1.00132
1.0015
1.00139
1.00252
1.00477
1.00873
1.01295
1.017
1.0196
1.02106
1.02381
1.02777
1.03117
1.03329
1.03429
1.03473
1.03597
1.03878
1.04279
1.0475
1.05242
1.05588
1.05971
1.06151
1.06229
1.06345
1.0647
1.06309
1.06048
1.05664
1.05151
1.04629
1.04175
1.03774
1.0337
1.03099
1.02707
1.02387
1.01941
1.01391
1.01116
1.00496
1.0018
1.00325
1.00622
1.0098
1.014
1.01744
1.01957
1.02078
1.02265
1.02672
1.03209
1.03736
1.04216
1.0469
1.05077
1.05342
1.05604
1.05799
1.0597
1.06126
1.06201
1.06303
1.06448
1.06279
1.05961
1.056
1.0534
1.04936
1.0456
1.0412
1.03657
1.03089
1.02557
1.01962
1.01385
1.01033
1.00783
1.00566
1.00475
1.00348
1.00266
1.00468
1.00753
1.0109
1.01423
1.01691
1.01861
1.01965
1.02174
1.02651
1.03161
1.03618
1.04025
1.04298
1.04442
1.04632
1.04873
1.05184
1.05591
1.05902
1.06245
1.06461
1.06471
1.06594
1.06727
1.06607
1.06352
1.05968
1.05494
1.04911
1.04405
1.03983
1.03522
1.03242
1.02855
1.02487
1.01955
1.0144
1.01142
1.005
1.0031
1.00532
1.00816
1.01122
1.01396
1.01625
1.01744
1.01849
1.02074
1.02498
1.03066
1.03656
1.04218
1.04715
1.05189
1.05566
1.05906
1.0619
1.06403
1.06634
1.06793
1.06835
1.07036
1.06956
1.06663
1.06237
1.05935
1.05529
1.05115
1.04651
1.04191
1.03585
1.03018
1.02454
1.01835
1.01397
1.01163
1.00874
1.00779
1.00512
1.00424
1.00619
1.00894
1.01179
1.01384
1.01553
1.01658
1.01788
1.01988
1.02356
1.02952
1.03592
1.04255
1.04815
1.05166
1.05433
1.05675
1.05887
1.06185
1.06419
1.06682
1.06909
1.06911
1.06945
1.07112
1.07029
1.06766
1.06365
1.05928
1.05336
1.04754
1.04272
1.03759
1.03416
1.0302
1.02607
1.02059
1.01513
1.01188
1.00546
1.00434
1.00602
1.00865
1.01164
1.01316
1.01476
1.01585
1.01751
1.01957
1.02278
1.02856
1.03537
1.04283
1.04946
1.05499
1.05959
1.06345
1.06674
1.06923
1.07146
1.07384
1.07435
1.07628
1.07664
1.07429
1.07006
1.0664
1.06233
1.05771
1.05285
1.04805
1.04186
1.03552
1.02953
1.02364
1.01791
1.01576
1.01211
1.01035
1.00683
1.00526
1.00627
1.00891
1.01187
1.01323
1.01445
1.01575
1.01796
1.01998
1.0223
1.02758
1.03469
1.04243
1.05059
1.05676
1.06127
1.06491
1.06688
1.06942
1.07133
1.07339
1.0755
1.07594
1.07534
1.0764
1.07598
1.07345
1.06939
1.0647
1.05942
1.05276
1.04734
1.04132
1.03681
1.03226
1.02781
1.02253
1.01626
1.01284
1.00668
1.00475
1.00577
1.00807
1.01118
1.0126
1.01362
1.01529
1.01808
1.02049
1.02249
1.02679
1.03354
1.04139
1.04995
1.05734
1.06327
1.06822
1.07202
1.07495
1.07701
1.08015
1.08112
1.08266
1.0837
1.08252
1.0788
1.07499
1.07084
1.06575
1.06035
1.0547
1.04932
1.04193
1.03582
1.02903
1.02292
1.01976
1.01572
1.01284
1.00898
1.00566
1.0064
1.008
1.01114
1.01285
1.01371
1.0155
1.01849
1.0215
1.02354
1.02674
1.03286
1.04
1.04884
1.05778
1.06492
1.07103
1.075
1.07843
1.08036
1.08215
1.08372
1.08471
1.08362
1.08359
1.08303
1.08106
1.07725
1.07188
1.06676
1.05937
1.05391
1.04696
1.04179
1.03578
1.03134
1.0248
1.019
1.01468
1.00998
1.00409
1.00552
1.00696
1.01001
1.0122
1.01318
1.01508
1.01837
1.02209
1.02468
1.02752
1.03287
1.03965
1.04796
1.0574
1.06591
1.07298
1.07839
1.08309
1.08548
1.08847
1.09002
1.09131
1.09207
1.09194
1.08892
1.08494
1.08106
1.07551
1.06991
1.0628
1.05765
1.05011
1.04372
1.03618
1.02971
1.0244
1.02014
1.01582
1.01125
1.00497
1.00695
1.00769
1.00964
1.012
1.0133
1.01537
1.01884
1.02307
1.02655
1.02935
1.03418
1.04032
1.04755
1.05682
1.0662
1.07537
1.08206
1.08776
1.09115
1.09369
1.09503
1.09652
1.09585
1.09485
1.09354
1.09085
1.08759
1.08158
1.07666
1.06872
1.06254
1.05483
1.04893
1.04173
1.03665
1.02895
1.02361
1.01721
1.01313
1.00258
1.005
1.00589
1.00736
1.01038
1.01285
1.01548
1.01892
1.02336
1.02774
1.03134
1.03589
1.04162
1.04812
1.05678
1.06649
1.07679
1.0848
1.09201
1.09635
1.10002
1.102
1.10305
1.10348
1.10334
1.1016
1.09709
1.09343
1.08741
1.08238
1.07414
1.06784
1.05975
1.05326
1.04522
1.03826
1.03113
1.02589
1.01992
1.01513
1.00367
1.00604
1.00748
1.00858
1.0112
1.01384
1.01646
1.01972
1.02422
1.02901
1.03374
1.03871
1.0445
1.05041
1.05816
1.06704
1.07742
1.08687
1.09526
1.10148
1.10657
1.10925
1.11093
1.11106
1.10943
1.10824
1.10433
1.10125
1.09474
1.08998
1.08184
1.07485
1.06608
1.05906
1.05055
1.04466
1.03654
1.03021
1.02297
1.01751
1.00075
1.00293
1.00505
1.00664
1.00889
1.01192
1.01518
1.01905
1.02451
1.02996
1.03544
1.04156
1.04814
1.05413
1.06095
1.06889
1.07861
1.08806
1.09777
1.10544
1.11168
1.11632
1.11874
1.11975
1.11816
1.11784
1.11323
1.10991
1.10296
1.09781
1.08974
1.08271
1.07339
1.06592
1.0568
1.04932
1.04078
1.03427
1.02738
1.02072
1.00202
1.00416
1.00629
1.00853
1.01065
1.01357
1.01718
1.02104
1.02662
1.03252
1.03799
1.04433
1.0522
1.05904
1.06607
1.07296
1.0817
1.09027
1.09969
1.10858
1.11612
1.12264
1.12608
1.12957
1.12797
1.12785
1.12302
1.12006
1.11303
1.10726
1.09898
1.0917
1.08212
1.07414
1.06427
1.05612
1.04749
1.0397
1.03241
1.02503
0.998554
1.00062
1.00253
1.00513
1.00798
1.01127
1.01535
1.01978
1.02573
1.03266
1.03921
1.04596
1.05511
1.06393
1.07234
1.07935
1.08727
1.09532
1.10315
1.11215
1.11939
1.12801
1.13227
1.13822
1.13757
1.1389
1.1346
1.13203
1.12459
1.11891
1.1095
1.10251
1.0919
1.08386
1.07312
1.06491
1.05468
1.04671
1.03825
1.0305
0.999997
1.00238
1.00406
1.0066
1.0101
1.01424
1.01884
1.02343
1.02932
1.03676
1.04427
1.05085
1.05984
1.06958
1.07924
1.0876
1.09509
1.10382
1.10998
1.11868
1.12397
1.13323
1.13722
1.14503
1.14632
1.14945
1.14664
1.14476
1.13831
1.13232
1.12288
1.11504
1.1047
1.09529
1.08495
1.07456
1.06514
1.05436
1.04669
1.0366
0.994708
0.997768
1.00002
1.00251
1.006
1.01058
1.01614
1.02165
1.02808
1.03607
1.04544
1.05347
1.06217
1.07325
1.08349
1.0945
1.10227
1.11354
1.1196
1.12923
1.1323
1.14115
1.14357
1.15155
1.15302
1.15841
1.15701
1.158
1.1517
1.14825
1.13778
1.13086
1.11881
1.11008
1.09805
1.08798
1.07701
1.06646
1.05749
1.04641
0.996143
0.999592
1.00266
1.00562
1.00925
1.01382
1.02017
1.02681
1.03413
1.04246
1.05226
1.06248
1.07011
1.08214
1.09149
1.10463
1.11098
1.12398
1.1308
1.14284
1.14591
1.15376
1.15506
1.16125
1.16254
1.16666
1.16664
1.16885
1.16611
1.16332
1.15704
1.14853
1.13929
1.12764
1.11706
1.10342
1.0933
1.07885
1.07
1.05703
0.988983
0.992726
0.996193
0.999711
1.0047
1.0099
1.01639
1.02399
1.03174
1.04196
1.05089
1.06469
1.07235
1.08614
1.09473
1.11166
1.11889
1.13224
1.13882
1.1529
1.15937
1.16864
1.17025
1.17626
1.17634
1.18046
1.17879
1.18076
1.17792
1.17764
1.17277
1.16761
1.15903
1.14966
1.13833
1.12546
1.11426
1.09917
1.08939
1.07484
0.99182
0.99589
1.00006
1.00386
1.00896
1.01606
1.02217
1.03243
1.03914
1.05184
1.05984
1.07525
1.08413
1.09968
1.10754
1.12444
1.1345
1.14785
1.15501
1.16516
1.17469
1.18229
1.18947
1.1923
1.19727
1.19715
1.20066
1.19795
1.19812
1.19351
1.19161
1.18463
1.18033
1.17087
1.16263
1.14975
1.13943
1.12307
1.11295
1.09552
0.981872
0.986828
0.991202
0.996871
1.00196
1.01081
1.01706
1.02921
1.03693
1.05154
1.0605
1.07662
1.08792
1.10347
1.11459
1.12959
1.14112
1.15569
1.16525
1.17641
1.18411
1.19342
1.19995
1.2074
1.21144
1.21535
1.21843
1.22025
1.22062
1.21844
1.21529
1.20871
1.20387
1.19409
1.18831
1.17366
1.16787
1.14985
1.14221
1.12506
0.985119
0.992462
0.997038
1.00365
1.00988
1.0196
1.02769
1.04103
1.05064
1.06505
1.07849
1.09164
1.10877
1.12075
1.13811
1.14792
1.16385
1.17419
1.18894
1.19629
1.20812
1.21244
1.2243
1.22686
1.2364
1.23644
1.24382
1.24273
1.2488
1.24747
1.24875
1.24414
1.24061
1.23139
1.225
1.21216
1.20571
1.18996
1.18262
1.16627
0.971858
0.981485
0.987635
0.996071
1.00419
1.01461
1.02536
1.03882
1.05194
1.068
1.08195
1.09876
1.11419
1.13086
1.14568
1.16045
1.17348
1.18675
1.19896
1.21
1.21948
1.22708
1.23564
1.24144
1.25062
1.25402
1.26341
1.26288
1.27345
1.26852
1.27902
1.27118
1.27813
1.26823
1.26967
1.25719
1.25462
1.23848
1.2337
1.21325
0.982289
0.987583
0.997457
1.00406
1.01819
1.02804
1.04653
1.05909
1.08099
1.09328
1.11589
1.12838
1.15147
1.16304
1.18517
1.19516
1.21493
1.22283
1.23988
1.24631
1.25993
1.26436
1.27575
1.27827
1.2896
1.29116
1.30333
1.30459
1.31689
1.31714
1.32968
1.32656
1.33731
1.32848
1.33595
1.32268
1.32582
1.30916
1.30968
1.28857
0.966024
0.9776
0.992976
1.00387
1.01987
1.03257
1.05068
1.06635
1.08686
1.10516
1.12659
1.14577
1.16624
1.18357
1.20227
1.21708
1.23367
1.24474
1.25844
1.26619
1.27721
1.28212
1.29101
1.29426
1.30378
1.30546
1.31873
1.31956
1.33256
1.33974
1.34897
1.35831
1.36659
1.37427
1.37873
1.38427
1.38275
1.38247
1.37678
1.37156
0.971069
0.983183
1.002
1.02079
1.04397
1.06741
1.09135
1.11547
1.13692
1.15988
1.17907
1.20132
1.219
1.23923
1.25395
1.27094
1.28219
1.29509
1.30249
1.31125
1.31537
1.32108
1.32264
1.32802
1.32844
1.3362
1.33839
1.34956
1.35511
1.3697
1.37716
1.39602
1.40536
1.42666
1.43541
1.455
1.45907
1.47028
1.46867
1.47664
0.979853
1.00043
1.02363
1.04326
1.06537
1.08794
1.11215
1.13848
1.16351
1.19031
1.21359
1.23865
1.25876
1.28079
1.29657
1.31416
1.32476
1.33717
1.34254
1.3497
1.35101
1.35308
1.35151
1.35076
1.34833
1.34876
1.34812
1.35177
1.35585
1.361
1.37122
1.39258
1.40114
1.42237
1.42759
1.44707
1.44756
1.45757
1.4422
1.45961
1.02523
1.06212
1.10463
1.14379
1.1816
1.21692
1.25035
1.28302
1.31294
1.34197
1.36699
1.39056
1.40936
1.42702
1.439
1.44998
1.45409
1.457
1.45262
1.44566
1.43591
1.42003
1.40463
1.38191
1.36269
1.33925
1.31784
1.29988
1.2776
1.26657
1.24466
1.21723
1.18679
1.14991
1.07634
1.00055
0.901037
0.829688
0.738138
0.706737
1.18891
1.22252
1.25631
1.29131
1.32566
1.35748
1.38549
1.40871
1.42826
1.4429
1.45344
1.46171
1.46722
1.47104
1.46966
1.46444
1.45201
1.43496
1.41032
1.38201
1.34609
1.30757
1.2598
1.20969
1.15002
1.08971
1.02336
0.957963
0.89265
0.827653
0.765544
0.699931
0.610857
0.425819
0.212304
0.200299
0.28404
0.377577
0.412484
0.466076
0.99538
0.994462
0.994776
0.994617
0.995586
0.994569
0.991403
0.98765
0.986243
0.985933
0.986719
0.988191
0.990207
0.992793
0.995406
0.99773
0.999663
1.00111
1.00243
1.00349
1.00429
1.00489
1.00574
1.00657
1.00697
1.00702
1.00697
1.00674
1.00657
1.0064
1.00623
1.0062
1.00608
1.00571
1.00553
1.00526
1.00468
1.00451
1.00392
1.00804
0.995452
0.994968
0.994958
0.995047
0.995097
0.993834
0.990657
0.986745
0.985025
0.984891
0.985814
0.987403
0.98955
0.992324
0.995104
0.997565
0.999568
1.00101
1.00241
1.00372
1.00473
1.00549
1.00629
1.00683
1.00705
1.00716
1.0072
1.00708
1.0069
1.00673
1.00663
1.00659
1.00635
1.00605
1.00588
1.00559
1.00523
1.00469
1.0034
1.00268
0.997998
0.995976
0.994814
0.994415
0.994416
0.993697
0.990395
0.985918
0.983854
0.983854
0.984865
0.986585
0.988983
0.992052
0.995027
0.997626
0.999767
1.00128
1.00276
1.00412
1.00517
1.006
1.00701
1.00762
1.00764
1.00743
1.0074
1.00714
1.00689
1.00678
1.0068
1.0068
1.00658
1.0064
1.00619
1.00582
1.00554
1.00539
1.00539
1.00736
0.996763
0.99622
0.995072
0.994422
0.993966
0.993162
0.989664
0.985054
0.982673
0.982691
0.983748
0.985485
0.988016
0.99126
0.994375
0.997078
0.999345
1.00101
1.00272
1.00426
1.00554
1.00638
1.00733
1.00791
1.00784
1.00766
1.00758
1.0075
1.00735
1.00724
1.00724
1.00718
1.00693
1.00681
1.00651
1.00623
1.0058
1.00537
1.00456
1.00339
0.99924
0.997027
0.995167
0.993791
0.993478
0.992887
0.98912
0.984151
0.981417
0.981392
0.982573
0.984459
0.987243
0.990786
0.994109
0.997003
0.999401
1.00113
1.00289
1.00457
1.00606
1.00692
1.00779
1.00828
1.00826
1.00786
1.00762
1.00754
1.00748
1.00743
1.00758
1.00753
1.00718
1.00705
1.00669
1.00651
1.00625
1.00611
1.00604
1.00673
0.998293
0.997144
0.99548
0.993745
0.992917
0.99199
0.987939
0.982998
0.980264
0.980061
0.981226
0.983087
0.986018
0.989728
0.993217
0.996235
0.998891
1.00088
1.00293
1.0048
1.00628
1.00727
1.00794
1.00818
1.00823
1.0079
1.00773
1.00776
1.00786
1.00789
1.00806
1.00795
1.00757
1.00747
1.00701
1.00675
1.00646
1.00616
1.00558
1.00473
1.00022
0.997925
0.995965
0.993322
0.991866
0.990914
0.986779
0.981907
0.978955
0.978461
0.979741
0.981839
0.984988
0.988983
0.992766
0.995995
0.998837
1.00104
1.00324
1.00507
1.00658
1.00763
1.00819
1.00842
1.0085
1.00834
1.00808
1.00805
1.00807
1.00818
1.0083
1.0081
1.00777
1.00763
1.00728
1.00709
1.00692
1.00675
1.00666
1.00664
0.999586
0.997967
0.996222
0.992898
0.990548
0.989507
0.985305
0.98055
0.977705
0.976853
0.978081
0.980245
0.98356
0.987837
0.99188
0.995276
0.998403
1.00092
1.00332
1.00517
1.00677
1.00777
1.00813
1.00835
1.00845
1.00863
1.00883
1.00876
1.0086
1.0087
1.00878
1.00847
1.00822
1.00801
1.00763
1.00733
1.00714
1.00686
1.00656
1.006
1.00093
0.99868
0.996816
0.992344
0.989356
0.988285
0.983982
0.979111
0.976038
0.974872
0.976145
0.978624
0.982263
0.986931
0.991403
0.994929
0.99828
1.0011
1.00364
1.00556
1.00714
1.00789
1.00828
1.00844
1.00856
1.0088
1.0092
1.00911
1.00894
1.00909
1.00916
1.00883
1.00867
1.00836
1.00802
1.00776
1.00754
1.00733
1.00726
1.00691
1.00061
0.998624
0.996599
0.99158
0.988074
0.986843
0.982643
0.977592
0.974011
0.972621
0.973922
0.976733
0.98077
0.985761
0.990456
0.994023
0.997535
1.00077
1.00373
1.00579
1.00728
1.00779
1.00813
1.00839
1.00863
1.00904
1.00959
1.00962
1.00954
1.00974
1.00959
1.00917
1.00904
1.00876
1.00836
1.00807
1.00781
1.00755
1.00737
1.00701
1.00148
0.99928
0.996848
0.991772
0.986978
0.985005
0.981015
0.975973
0.971502
0.969918
0.971441
0.974615
0.97917
0.984685
0.98988
0.99355
0.997246
1.00087
1.0042
1.00626
1.00748
1.00795
1.00835
1.00873
1.00914
1.00973
1.01013
1.00989
1.00992
1.01007
1.00983
1.00955
1.00941
1.00917
1.00879
1.00852
1.00818
1.00791
1.00783
1.00745
1.00149
0.999209
0.996413
0.991573
0.985601
0.982936
0.979189
0.973999
0.968631
0.966869
0.968575
0.972251
0.977446
0.983337
0.988798
0.992622
0.996627
1.00066
1.00424
1.00625
1.00737
1.00785
1.00842
1.00894
1.00954
1.01032
1.01069
1.01047
1.01064
1.01065
1.01022
1.00986
1.00966
1.00948
1.00911
1.00885
1.00861
1.00822
1.008
1.00785
1.00202
0.999875
0.996787
0.992082
0.98474
0.980621
0.976956
0.971712
0.965528
0.96331
0.965238
0.969387
0.975491
0.982201
0.988179
0.992226
0.996572
1.00094
1.00463
1.00638
1.00748
1.00805
1.00879
1.00935
1.01007
1.01095
1.01125
1.01106
1.01114
1.01109
1.01054
1.01024
1.01011
1.00984
1.00955
1.00934
1.00903
1.00866
1.00833
1.00818
1.00257
0.999498
0.995769
0.991393
0.983634
0.978155
0.973975
0.968429
0.961876
0.959407
0.961429
0.966135
0.973252
0.98065
0.987055
0.991409
0.996359
1.00104
1.00447
1.00598
1.00715
1.00805
1.0091
1.0098
1.01067
1.01145
1.01162
1.01145
1.01173
1.01158
1.01106
1.01086
1.01075
1.01044
1.01012
1.00989
1.00961
1.00928
1.0088
1.00849
1.00292
1.00047
0.995968
0.991864
0.983215
0.975735
0.970313
0.96449
0.95795
0.954938
0.95694
0.962297
0.970785
0.979414
0.986298
0.990964
0.996569
1.0016
1.00463
1.00587
1.00717
1.00843
1.00975
1.0104
1.01112
1.01175
1.01192
1.01201
1.01235
1.01224
1.01175
1.01158
1.01143
1.01111
1.01072
1.01041
1.00996
1.0096
1.00922
1.00907
1.00365
1.00029
0.994976
0.990525
0.982186
0.97334
0.96615
0.959779
0.953382
0.949814
0.951484
0.957513
0.967627
0.977671
0.985368
0.990417
0.996414
1.00154
1.00433
1.00554
1.00725
1.00905
1.01048
1.01097
1.01177
1.01243
1.01277
1.0131
1.01333
1.01301
1.01255
1.01232
1.01207
1.01175
1.01146
1.01116
1.01061
1.01014
1.00976
1.00961
1.00378
1.00155
0.995427
0.990174
0.981756
0.971333
0.962019
0.954614
0.947926
0.943619
0.944923
0.951622
0.96371
0.976223
0.985018
0.990359
0.996673
1.00184
1.00441
1.00569
1.00772
1.01004
1.0113
1.01165
1.01255
1.0133
1.0135
1.01394
1.01389
1.01337
1.01307
1.0129
1.01255
1.01227
1.0119
1.01161
1.01115
1.01067
1.0103
1.01016
1.00579
1.00099
0.994645
0.988509
0.980496
0.969044
0.957822
0.949028
0.941299
0.935785
0.936402
0.943829
0.95833
0.974061
0.984706
0.990438
0.996585
1.00207
1.00457
1.00632
1.00853
1.01095
1.01195
1.01234
1.01328
1.01402
1.01414
1.01456
1.01434
1.01401
1.01368
1.01366
1.01327
1.0132
1.01291
1.01238
1.01193
1.01135
1.01098
1.01082
1.00529
1.00212
0.995776
0.988423
0.979675
0.967001
0.954182
0.943014
0.933539
0.926465
0.925728
0.933642
0.95114
0.971552
0.9848
0.990977
0.997287
1.00313
1.00539
1.00771
1.00961
1.01172
1.01262
1.01325
1.014
1.01468
1.01495
1.01538
1.015
1.01467
1.01433
1.01443
1.01403
1.01383
1.0137
1.01305
1.01273
1.01201
1.01162
1.01154
1.00767
1.0024
0.99532
0.987435
0.978287
0.965075
0.950751
0.936608
0.924646
0.915424
0.911922
0.919822
0.940816
0.967585
0.984767
0.991845
0.998195
1.00488
1.00683
1.00963
1.01105
1.01264
1.01353
1.01453
1.01514
1.01556
1.01603
1.01658
1.0162
1.01596
1.01558
1.01542
1.01518
1.01466
1.01453
1.01364
1.0134
1.01267
1.01231
1.01223
1.00744
1.0029
0.996457
0.987886
0.97759
0.963418
0.947781
0.930643
0.915308
0.903016
0.894976
0.901341
0.926616
0.962534
0.984784
0.993311
1.00031
1.00757
1.00913
1.01186
1.01278
1.01384
1.0148
1.01573
1.01635
1.01654
1.01706
1.01766
1.01716
1.01697
1.01654
1.01617
1.01598
1.01533
1.01529
1.01442
1.01412
1.01334
1.01307
1.01298
1.01092
1.00507
0.99748
0.987721
0.976613
0.961684
0.944729
0.925805
0.906419
0.888924
0.874237
0.87693
0.907119
0.955368
0.984445
0.995449
1.00274
1.01051
1.0117
1.01413
1.01455
1.01549
1.01669
1.01713
1.01777
1.01802
1.01866
1.01898
1.01856
1.0182
1.01794
1.01748
1.01728
1.0167
1.0164
1.01565
1.0151
1.01435
1.01402
1.01388
1.01264
1.00589
0.998328
0.988036
0.976634
0.960049
0.942002
0.922467
0.898804
0.873936
0.849896
0.846059
0.881742
0.945656
0.983304
0.997139
1.00566
1.0133
1.01459
1.01681
1.01687
1.01772
1.01902
1.01878
1.01933
1.01934
1.01982
1.01978
1.01979
1.01942
1.01937
1.01911
1.01883
1.01841
1.01793
1.01714
1.01644
1.01563
1.0152
1.01504
1.01644
1.0099
1.00167
0.989982
0.977956
0.959427
0.940002
0.920722
0.892966
0.859116
0.822643
0.808787
0.848859
0.930926
0.979731
0.997481
1.00725
1.01531
1.01714
1.0201
1.01991
1.02051
1.02174
1.02113
1.02166
1.02127
1.02192
1.02138
1.02144
1.02118
1.02085
1.02075
1.02032
1.01986
1.01941
1.01851
1.0179
1.01701
1.01653
1.01639
1.01993
1.01214
1.00341
0.991955
0.979297
0.959926
0.938861
0.919973
0.889347
0.846064
0.794435
0.765806
0.807437
0.908737
0.971911
0.995266
1.00716
1.01701
1.01998
1.02348
1.02331
1.02383
1.02477
1.02399
1.02439
1.02339
1.02427
1.02309
1.02309
1.02282
1.02214
1.02215
1.02134
1.02106
1.02042
1.01978
1.01904
1.01831
1.01773
1.0176
1.02466
1.01671
1.00774
0.997005
0.982261
0.962763
0.940354
0.92043
0.888102
0.835413
0.767319
0.718835
0.756178
0.875108
0.957178
0.988239
1.00415
1.01748
1.02241
1.02605
1.0263
1.02741
1.02801
1.02738
1.02796
1.0267
1.02734
1.02585
1.0258
1.02506
1.02425
1.024
1.02293
1.02273
1.02171
1.02121
1.02012
1.0195
1.01894
1.01888
1.03112
1.02276
1.01273
1.00332
0.986737
0.967723
0.946829
0.924255
0.889322
0.82717
0.742622
0.669846
0.694525
0.826289
0.933377
0.976133
0.997966
1.01554
1.02297
1.02724
1.02842
1.03039
1.03107
1.03077
1.03186
1.03089
1.03134
1.02977
1.02973
1.02851
1.028
1.02738
1.02593
1.02565
1.02385
1.02338
1.02189
1.0213
1.02083
1.02055
1.03985
1.03213
1.02316
1.0141
0.99805
0.978354
0.960304
0.934807
0.893466
0.820092
0.719558
0.620386
0.622381
0.75846
0.896883
0.957024
0.986211
1.00922
1.02061
1.02689
1.02968
1.03233
1.03381
1.03461
1.03611
1.03515
1.0353
1.03368
1.03393
1.03248
1.03221
1.03111
1.02929
1.02879
1.02651
1.02634
1.02463
1.02412
1.02346
1.02302
1.05029
1.04391
1.03724
1.0269
1.01436
0.996411
0.980873
0.953371
0.900361
0.812075
0.695479
0.570653
0.540829
0.670066
0.84205
0.927599
0.967554
0.998025
1.01588
1.02513
1.0305
1.03366
1.03603
1.03778
1.03875
1.03813
1.03859
1.03659
1.03689
1.03532
1.03491
1.03393
1.03244
1.03231
1.0302
1.03021
1.02837
1.02775
1.02673
1.02626
1.0669
1.05998
1.05545
1.04353
1.03383
1.02453
1.00855
0.976893
0.908433
0.800445
0.666548
0.519537
0.451106
0.564977
0.759156
0.882267
0.938725
0.980765
1.0078
1.02078
1.03022
1.03525
1.03836
1.041
1.04216
1.0421
1.04233
1.04026
1.04051
1.03912
1.03913
1.03905
1.03779
1.03776
1.03506
1.03495
1.03228
1.03174
1.03015
1.0298
1.08735
1.0844
1.07963
1.06955
1.06298
1.06486
1.04357
0.997293
0.911535
0.781176
0.627562
0.462913
0.354585
0.439936
0.651323
0.814899
0.895077
0.951762
0.991625
1.01123
1.02615
1.03572
1.04052
1.0455
1.04769
1.04829
1.04832
1.04761
1.04763
1.04721
1.04699
1.04652
1.04451
1.04366
1.04035
1.03994
1.03669
1.03647
1.03429
1.03438
1.11835
1.12273
1.1141
1.10878
1.11722
1.12104
1.08453
1.0103
0.899969
0.747263
0.572383
0.393389
0.251989
0.299879
0.520216
0.719276
0.832722
0.907219
0.962256
0.993546
1.01528
1.03134
1.03963
1.04707
1.05051
1.05315
1.05361
1.05483
1.05393
1.05418
1.05257
1.05201
1.04937
1.04881
1.04584
1.04569
1.04288
1.04269
1.04076
1.04179
1.162
1.16882
1.15894
1.16678
1.19505
1.17121
1.10613
1.00403
0.864138
0.6891
0.495044
0.304871
0.141567
0.142608
0.368209
0.601568
0.748059
0.845928
0.917578
0.96472
0.994153
1.01817
1.03117
1.04183
1.04789
1.05389
1.05465
1.05807
1.05651
1.05829
1.05605
1.05701
1.05425
1.05467
1.05237
1.05228
1.05043
1.04954
1.04795
1.04759
1.21947
1.2264
1.22285
1.25664
1.24383
1.18924
1.09743
0.964565
0.794971
0.597641
0.390685
0.201343
0.0741688
0.0355869
0.2272
0.465388
0.640688
0.764105
0.855631
0.921872
0.963393
0.997084
1.01713
1.03343
1.04278
1.05328
1.05552
1.06191
1.06114
1.06509
1.06274
1.06515
1.06248
1.06348
1.06199
1.06145
1.06045
1.05841
1.05869
1.05745
1.30045
1.29409
1.31343
1.30229
1.25794
1.18666
1.06479
0.895628
0.689747
0.467309
0.255991
0.125607
0.19591
0.243485
0.174199
0.306069
0.500392
0.659141
0.770287
0.860942
0.92022
0.965414
0.996091
1.02085
1.03436
1.05205
1.05668
1.06722
1.06768
1.07428
1.07391
1.07758
1.07688
1.07733
1.07753
1.07584
1.07575
1.0723
1.07135
1.06997
1.37325
1.38214
1.37725
1.34299
1.26915
1.14076
0.963244
0.744734
0.505002
0.279105
0.184202
0.249632
0.3754
0.413687
0.308869
0.302475
0.379875
0.549958
0.666898
0.773277
0.85541
0.916197
0.959272
0.997216
1.01513
1.0416
1.05128
1.06905
1.07247
1.08287
1.0855
1.09101
1.0944
1.0954
1.09789
1.09591
1.09759
1.09313
1.09175
1.08789
1.46835
1.44605
1.3936
1.29471
1.14657
0.958305
0.729883
0.465591
0.202477
0.126298
0.316856
0.486652
0.604472
0.672045
0.521232
0.337011
0.357289
0.409052
0.547774
0.650494
0.761672
0.84685
0.905875
0.96232
0.990164
1.02231
1.03574
1.05975
1.07177
1.08396
1.09304
1.09843
1.10646
1.109
1.11619
1.11676
1.12031
1.1206
1.12218
1.12052
1.39761
1.29579
1.11995
0.904367
0.692684
0.501365
0.341776
0.28778
0.363278
0.481957
0.584441
0.681774
0.771394
0.810451
0.780802
0.654425
0.357146
0.27054
0.420752
0.529039
0.613765
0.724095
0.793013
0.878452
0.935252
0.990215
1.02477
1.04788
1.06829
1.07991
1.09169
1.09688
1.10729
1.11054
1.11584
1.11946
1.12233
1.12809
1.13301
1.14345
0.570317
0.345826
0.212127
0.254061
0.372513
0.48195
0.554001
0.604592
0.650238
0.697612
0.736166
0.776777
0.801218
0.797779
0.759873
0.654609
0.556965
0.443663
0.429467
0.200994
0.24706
0.383301
0.501358
0.622264
0.751808
0.840687
0.917909
0.948915
0.998693
1.02938
1.0621
1.08522
1.10514
1.12706
1.14519
1.16298
1.17699
1.18821
1.19763
1.2028
0.530708
0.573578
0.608899
0.637759
0.66662
0.69762
0.72505
0.744141
0.750944
0.747687
0.736466
0.712613
0.686323
0.646545
0.599615
0.515108
0.444656
0.376028
0.373876
0.380269
0.377796
0.375266
0.373707
0.361397
0.349915
0.331508
0.131249
0.587491
0.622691
0.655835
0.691084
0.721443
0.770589
0.803341
0.857706
0.88774
0.943589
0.976875
1.04444
1.08696
1.01367
1.01341
1.0156
1.0161
1.0172
1.01753
1.01779
1.0183
1.01808
1.01868
1.01818
1.01879
1.0183
1.01867
1.01835
1.01846
1.01824
1.01809
1.01775
1.01735
1.01676
1.01593
1.01474
1.01301
1.01048
1.00674
1.00123
0.993706
0.984489
0.974869
0.968007
0.968072
0.979275
0.994951
1.00292
1.00312
1.00272
1.00273
1.00291
1.00344
0.997614
0.998458
0.997173
0.997075
0.997185
0.997002
0.997573
0.997131
0.997796
0.997354
0.997737
0.997572
0.997588
0.997654
0.997605
0.99764
0.997576
0.997596
0.997607
0.997641
0.997721
0.997933
0.998407
0.999325
1.00097
1.0035
1.00701
1.01134
1.0163
1.02126
1.02312
1.02333
1.01981
1.01096
1.00581
1.00428
1.00416
1.00402
1.00388
1.0037
1.0106
1.01176
1.01411
1.01495
1.01592
1.01699
1.01674
1.01771
1.0172
1.01798
1.01726
1.01804
1.01726
1.01777
1.01718
1.01735
1.01689
1.01661
1.01596
1.01526
1.01425
1.01294
1.01119
1.00895
1.00616
1.00276
0.998745
0.994617
0.992074
0.992988
0.995419
0.998849
1.00224
1.0035
1.00386
1.00356
1.00307
1.00338
1.00394
1.00406
1.00088
1.00124
1.00022
0.999955
0.999752
0.999435
0.999726
0.999547
0.999593
0.999821
0.999426
0.999903
0.999532
0.999937
0.999754
1.00002
1.00001
1.00033
1.00066
1.00115
1.00181
1.00278
1.00409
1.00592
1.00832
1.01118
1.01413
1.01697
1.02005
1.02158
1.02203
1.0207
1.01719
1.01406
1.01092
1.00742
1.00592
1.00547
1.00487
1.00452
1.00847
1.01053
1.01212
1.01378
1.01405
1.01516
1.01511
1.01586
1.01558
1.01623
1.01569
1.0162
1.01572
1.01586
1.01548
1.01544
1.01503
1.01453
1.01376
1.01284
1.01163
1.01015
1.00838
1.00633
1.00415
1.00191
0.999655
0.998114
0.998587
1.00043
1.0015
1.00315
1.00518
1.00586
1.00594
1.00568
1.00518
1.00524
1.00538
1.00512
1.00361
1.003
1.00285
1.00239
1.00231
1.00222
1.00209
1.0022
1.00198
1.00229
1.00202
1.00237
1.00214
1.00255
1.00239
1.00265
1.00277
1.00327
1.00379
1.00456
1.00547
1.00659
1.00789
1.00942
1.01109
1.01268
1.01381
1.01482
1.01653
1.01735
1.01702
1.01517
1.0138
1.01271
1.01101
1.00877
1.00712
1.00644
1.00583
1.00553
1.00739
1.00953
1.01051
1.01216
1.01253
1.01336
1.01356
1.01413
1.01404
1.01445
1.01422
1.0145
1.01415
1.0143
1.01398
1.01394
1.01343
1.01291
1.01204
1.01109
1.00995
1.00865
1.00716
1.00565
1.00418
1.00275
1.00149
1.00103
1.002
1.00324
1.00349
1.00434
1.00622
1.00698
1.00724
1.0072
1.00699
1.00669
1.00628
1.00598
1.00566
1.00491
1.00464
1.00483
1.00481
1.00477
1.00479
1.00479
1.00473
1.00487
1.00477
1.00497
1.00494
1.00505
1.00505
1.00528
1.00551
1.00605
1.00658
1.0073
1.00811
1.009
1.00992
1.0109
1.0119
1.01266
1.01294
1.01341
1.01403
1.01404
1.01304
1.01175
1.01126
1.01076
1.00951
1.00835
1.00756
1.00688
1.00648
1.00626
1.0072
1.00898
1.00964
1.01083
1.01125
1.01195
1.01221
1.01266
1.0127
1.01305
1.01295
1.01316
1.01306
1.01318
1.01298
1.01283
1.01239
1.01183
1.01105
1.0102
1.00923
1.0082
1.0071
1.00607
1.00528
1.00468
1.00428
1.00458
1.00562
1.00624
1.00608
1.0066
1.00766
1.00802
1.00811
1.0081
1.00788
1.00733
1.00679
1.00657
1.00698
1.00673
1.00652
1.00656
1.00677
1.00704
1.0072
1.00728
1.00736
1.0074
1.00739
1.00742
1.00733
1.00739
1.00746
1.00766
1.00792
1.00835
1.00881
1.00925
1.00976
1.01038
1.011
1.01163
1.01209
1.0122
1.01219
1.01244
1.01258
1.012
1.01079
1.01008
1.00981
1.00932
1.00869
1.0083
1.00782
1.00748
1.00709
1.00682
1.00744
1.00881
1.00933
1.0103
1.01062
1.01115
1.01134
1.01172
1.01179
1.01216
1.01219
1.01251
1.01251
1.01256
1.01242
1.01228
1.01195
1.01149
1.01088
1.01023
1.00951
1.00877
1.00805
1.00748
1.00716
1.00695
1.00693
1.00739
1.00801
1.00807
1.00791
1.0084
1.00889
1.00895
1.00877
1.00842
1.00808
1.00766
1.00737
1.00713
1.0078
1.00791
1.0083
1.00847
1.00875
1.00887
1.00907
1.00928
1.00948
1.00957
1.00952
1.00939
1.00936
1.00943
1.00953
1.00966
1.00988
1.01017
1.01046
1.01075
1.0111
1.01149
1.01187
1.01217
1.01225
1.0121
1.01196
1.01189
1.01158
1.01072
1.00989
1.0095
1.00917
1.00893
1.00877
1.0085
1.00813
1.00781
1.0077
1.00742
1.00815
1.00912
1.00951
1.01025
1.01057
1.01096
1.01121
1.01149
1.01167
1.012
1.01216
1.01241
1.01242
1.0125
1.01243
1.01236
1.0121
1.01177
1.01136
1.01086
1.01028
1.00978
1.00948
1.00935
1.00936
1.0094
1.00956
1.0099
1.01005
1.00994
1.00977
1.00977
1.00968
1.00935
1.00903
1.00871
1.00829
1.00797
1.00795
1.00784
1.0086
1.00913
1.00953
1.01002
1.01031
1.01063
1.01079
1.01103
1.0111
1.01109
1.01105
1.01113
1.01116
1.01128
1.01133
1.01145
1.01151
1.01166
1.0118
1.01194
1.01211
1.0123
1.01246
1.01253
1.01236
1.01208
1.01191
1.01171
1.01126
1.01071
1.01041
1.01024
1.01015
1.00989
1.00948
1.0091
1.00868
1.00833
1.00811
1.00813
1.00934
1.00989
1.01027
1.01086
1.01114
1.01154
1.01177
1.01207
1.01227
1.01257
1.01267
1.01289
1.0129
1.01301
1.01293
1.01293
1.01276
1.01256
1.01224
1.0119
1.0116
1.01145
1.0114
1.01139
1.01138
1.01137
1.01149
1.01156
1.01145
1.01117
1.01102
1.01092
1.01077
1.01041
1.00999
1.00957
1.00915
1.00882
1.00843
1.00839
1.00979
1.01042
1.01073
1.01132
1.01157
1.01199
1.01212
1.01237
1.01242
1.01263
1.01263
1.01279
1.01276
1.0129
1.01286
1.01293
1.01286
1.01288
1.01281
1.01278
1.01278
1.01281
1.01279
1.0127
1.01253
1.01239
1.01232
1.01214
1.01187
1.01163
1.01152
1.01146
1.01131
1.01095
1.01056
1.01013
1.00969
1.00931
1.00879
1.00852
1.01043
1.01105
1.01138
1.01196
1.01222
1.01267
1.01286
1.01316
1.0133
1.01355
1.01362
1.01383
1.01382
1.01395
1.01387
1.01391
1.01374
1.01362
1.01336
1.0131
1.01293
1.01287
1.01288
1.0129
1.0129
1.01294
1.01298
1.01284
1.01251
1.01225
1.0121
1.01202
1.01181
1.01141
1.01107
1.01071
1.01024
1.00989
1.00946
1.00911
1.01109
1.0117
1.01203
1.0126
1.01285
1.0133
1.01347
1.01379
1.01391
1.01415
1.01422
1.01441
1.01439
1.01454
1.01444
1.0145
1.01434
1.0143
1.01417
1.01413
1.01408
1.01407
1.01403
1.01393
1.01379
1.01373
1.01367
1.01345
1.01312
1.01287
1.01273
1.0126
1.01227
1.01182
1.01149
1.01112
1.01061
1.01021
1.00981
1.00946
1.01181
1.01241
1.01275
1.01332
1.01357
1.01406
1.01423
1.01457
1.01473
1.01495
1.01506
1.01525
1.01524
1.0154
1.0153
1.01536
1.0152
1.01515
1.015
1.01495
1.0149
1.01492
1.01491
1.01481
1.01466
1.01455
1.01442
1.01415
1.01384
1.01362
1.01351
1.01335
1.01294
1.01246
1.01213
1.01175
1.01128
1.0109
1.01058
1.01045
1.01257
1.01316
1.01352
1.0141
1.01435
1.01486
1.01502
1.01541
1.01561
1.01581
1.01597
1.01612
1.01616
1.01629
1.01622
1.01628
1.01613
1.01614
1.01604
1.01607
1.01601
1.01603
1.01592
1.01574
1.0155
1.01533
1.01513
1.01482
1.0145
1.01434
1.01424
1.01403
1.01353
1.01304
1.01269
1.01222
1.01165
1.01113
1.01069
1.01051
1.01338
1.01398
1.01439
1.01497
1.01526
1.01578
1.01594
1.01638
1.01656
1.0168
1.01696
1.01712
1.01719
1.01731
1.01727
1.01735
1.01724
1.01732
1.01725
1.01732
1.01725
1.01725
1.01702
1.01673
1.01638
1.01616
1.01588
1.01553
1.01524
1.01509
1.01496
1.01466
1.01415
1.01381
1.01356
1.01311
1.01264
1.0122
1.0117
1.01145
1.01432
1.01496
1.01539
1.01598
1.01629
1.01682
1.01698
1.01748
1.01762
1.0179
1.01809
1.01824
1.01835
1.01848
1.01848
1.0186
1.01857
1.01869
1.01864
1.01872
1.01861
1.01855
1.01817
1.01779
1.01736
1.01714
1.01685
1.0165
1.01619
1.01598
1.01571
1.01521
1.01464
1.01434
1.01398
1.01337
1.01281
1.01234
1.01188
1.01155
1.01546
1.01614
1.01651
1.01714
1.01746
1.01801
1.01817
1.0187
1.0188
1.01917
1.0193
1.01949
1.01961
1.01974
1.01979
1.01993
1.01994
1.0201
1.02004
1.02013
1.01994
1.01979
1.01925
1.01881
1.01837
1.0182
1.01792
1.0176
1.0173
1.01707
1.01677
1.01618
1.0157
1.01546
1.01505
1.0145
1.01397
1.01348
1.01318
1.01288
1.01677
1.01744
1.01775
1.01847
1.0187
1.01932
1.01951
1.02009
1.02015
1.02064
1.02072
1.02095
1.0211
1.02126
1.02139
1.02157
1.02162
1.02178
1.02169
1.02172
1.02139
1.02109
1.02036
1.01987
1.01942
1.01929
1.01886
1.01845
1.01805
1.01783
1.01745
1.01684
1.01639
1.01596
1.01537
1.01495
1.0144
1.01361
1.0132
1.01295
1.01809
1.01875
1.01912
1.0199
1.02019
1.02085
1.02109
1.02171
1.02181
1.02237
1.02242
1.02283
1.02295
1.02323
1.02341
1.02364
1.02371
1.02381
1.02362
1.0235
1.02299
1.02253
1.02167
1.02127
1.02095
1.02083
1.02021
1.01972
1.01935
1.01924
1.01886
1.01841
1.01805
1.01747
1.01689
1.01658
1.01604
1.01524
1.0147
1.01442
1.01949
1.02021
1.02074
1.02154
1.02193
1.02267
1.02297
1.02362
1.02381
1.02439
1.02451
1.02505
1.02518
1.0256
1.02575
1.026
1.02597
1.02591
1.02556
1.02529
1.02467
1.02408
1.02328
1.02311
1.02287
1.02259
1.0216
1.02106
1.02072
1.02055
1.01997
1.01947
1.01895
1.01809
1.0174
1.01705
1.01661
1.01591
1.0151
1.01461
1.02133
1.02214
1.02284
1.02362
1.02416
1.02492
1.02529
1.02601
1.02628
1.02694
1.02717
1.02781
1.02797
1.02849
1.02854
1.02875
1.02849
1.02824
1.02776
1.02751
1.02689
1.0264
1.02593
1.02609
1.02587
1.02533
1.0243
1.02398
1.02378
1.02359
1.02279
1.02216
1.02146
1.02072
1.02019
1.01967
1.0189
1.01818
1.01748
1.01691
1.02374
1.02474
1.02538
1.02626
1.02683
1.02762
1.02809
1.02888
1.02924
1.03006
1.03034
1.03105
1.03116
1.03164
1.03148
1.03153
1.03092
1.03064
1.03021
1.03011
1.02954
1.02916
1.0289
1.02908
1.0285
1.02758
1.0267
1.02649
1.02614
1.02552
1.02422
1.02339
1.02253
1.02196
1.02133
1.02043
1.01935
1.0185
1.01776
1.01729
1.02687
1.02789
1.02849
1.02958
1.03007
1.03114
1.0316
1.03259
1.033
1.03394
1.03415
1.03489
1.03478
1.03521
1.03477
1.03479
1.03413
1.03435
1.03422
1.03438
1.03372
1.03364
1.03365
1.03378
1.03286
1.03214
1.03161
1.03152
1.03077
1.02969
1.02841
1.02773
1.02667
1.02595
1.02493
1.02379
1.02239
1.02123
1.02041
1.01998
1.03044
1.03145
1.03232
1.03356
1.03429
1.03553
1.03609
1.03726
1.0376
1.0385
1.03844
1.03901
1.03869
1.03909
1.03846
1.03858
1.0382
1.03881
1.03839
1.03815
1.03714
1.03733
1.0371
1.03677
1.03554
1.03514
1.0346
1.03405
1.03269
1.03182
1.03083
1.03001
1.02859
1.02779
1.02646
1.0252
1.0238
1.02292
1.02208
1.02167
1.03474
1.03644
1.03745
1.0389
1.03982
1.04109
1.0417
1.04269
1.04291
1.04353
1.04337
1.04388
1.04367
1.04404
1.04351
1.04402
1.04412
1.04467
1.04363
1.04314
1.04249
1.04314
1.04254
1.04212
1.04119
1.04109
1.04025
1.03946
1.03812
1.03737
1.03568
1.03444
1.03293
1.03177
1.02981
1.02861
1.02707
1.0259
1.02447
1.02364
1.04167
1.04358
1.04468
1.04594
1.0466
1.04764
1.04795
1.04877
1.04872
1.04943
1.04953
1.05028
1.05012
1.05037
1.05013
1.05108
1.05111
1.05105
1.04989
1.04999
1.05014
1.05058
1.04918
1.04839
1.04723
1.0468
1.04547
1.04453
1.04304
1.04172
1.03982
1.03887
1.03754
1.03629
1.03462
1.03339
1.03164
1.03056
1.02923
1.02834
1.04871
1.05025
1.05083
1.05259
1.05308
1.05468
1.05501
1.05617
1.05635
1.05764
1.058
1.05885
1.05828
1.05879
1.05902
1.05999
1.05887
1.05796
1.05662
1.0571
1.05636
1.05563
1.0538
1.05331
1.05241
1.05254
1.05155
1.05113
1.04926
1.04797
1.04618
1.04505
1.04312
1.04168
1.03943
1.03757
1.03527
1.03379
1.03161
1.03047
1.05706
1.0599
1.06065
1.0628
1.0633
1.06494
1.06562
1.06711
1.06844
1.0698
1.07032
1.07094
1.07158
1.07332
1.074
1.07436
1.07368
1.07458
1.07543
1.07643
1.07569
1.0753
1.07397
1.07355
1.07228
1.07142
1.0694
1.06729
1.06403
1.06148
1.05846
1.05623
1.05362
1.05174
1.04908
1.04683
1.044
1.04182
1.03942
1.03788
1.06951
1.07136
1.07301
1.07505
1.07657
1.07825
1.07966
1.08135
1.08225
1.08309
1.08325
1.08482
1.08536
1.08622
1.08499
1.08514
1.08473
1.08509
1.08334
1.08194
1.07944
1.07795
1.07601
1.07491
1.07309
1.07206
1.06996
1.06849
1.06577
1.06417
1.06198
1.06093
1.0588
1.05741
1.05442
1.05229
1.04899
1.04707
1.04428
1.04263
1.09176
1.09465
1.0964
1.09949
1.10091
1.10396
1.105
1.10711
1.1082
1.11102
1.11239
1.11431
1.11438
1.11635
1.11689
1.11922
1.11937
1.12105
1.12088
1.12214
1.12209
1.12292
1.1219
1.12136
1.11917
1.11713
1.11327
1.10986
1.10538
1.10196
1.0976
1.09377
1.08872
1.08387
1.07809
1.07288
1.06742
1.06313
1.05867
1.05502
1.12144
1.12015
1.12226
1.12309
1.12543
1.12671
1.12921
1.13089
1.13273
1.13376
1.13487
1.13554
1.13612
1.13657
1.13665
1.13654
1.13541
1.13436
1.13223
1.13006
1.12707
1.12403
1.12057
1.11711
1.11383
1.1103
1.10702
1.10369
1.10044
1.0975
1.09424
1.09134
1.08773
1.08431
1.08004
1.0757
1.07101
1.06713
1.06346
1.06083
1.15084
1.16246
1.1699
1.17997
1.18426
1.19292
1.19617
1.20395
1.20666
1.21381
1.21606
1.2225
1.22415
1.22973
1.23067
1.2354
1.23569
1.23972
1.2396
1.24306
1.24234
1.2445
1.24229
1.2425
1.23822
1.2365
1.23023
1.22633
1.21818
1.21236
1.20235
1.19482
1.18366
1.17538
1.16387
1.15528
1.14377
1.13488
1.12225
1.11117
1.2089
1.21372
1.21574
1.21972
1.22356
1.23193
1.23787
1.24618
1.25177
1.25894
1.2633
1.26888
1.27151
1.27539
1.27625
1.27893
1.27857
1.28051
1.27874
1.27894
1.27417
1.27162
1.26376
1.25907
1.24894
1.24331
1.23242
1.2264
1.21511
1.20868
1.19734
1.19093
1.18039
1.17407
1.16341
1.15439
1.13966
1.12441
1.10619
1.0931
1.1546
1.17497
1.23145
1.2718
1.31471
1.35112
1.38996
1.42273
1.45763
1.48663
1.51738
1.54251
1.56868
1.5892
1.60983
1.6247
1.63886
1.64748
1.65542
1.65923
1.6628
1.66315
1.66285
1.65958
1.65513
1.64771
1.63819
1.62674
1.61212
1.5965
1.57659
1.55735
1.53308
1.51138
1.48362
1.45911
1.42865
1.40083
1.37099
1.34294
1.00342
1.00398
1.00412
1.0044
1.00456
1.00472
1.00485
1.00498
1.00506
1.00509
1.00509
1.00503
1.00495
1.00478
1.00453
1.00428
1.00389
1.00333
1.00268
1.00189
1.00098
0.999836
0.998811
0.997548
0.996401
0.99522
0.994191
0.993367
0.992772
0.99254
0.992712
0.993121
0.993706
0.994518
0.995489
0.996577
0.997533
0.998146
0.998485
0.998018
1.00376
1.00434
1.00446
1.00475
1.00488
1.00509
1.00521
1.00538
1.00543
1.00545
1.00546
1.00548
1.00537
1.00513
1.00492
1.00462
1.00414
1.00363
1.00284
1.00196
1.00099
0.999982
0.998674
0.997551
0.996298
0.99508
0.993931
0.993014
0.992398
0.992104
0.992212
0.992604
0.993335
0.994246
0.995405
0.996539
0.997807
0.998478
0.998661
0.998149
1.00408
1.00468
1.00473
1.00504
1.00519
1.00539
1.00555
1.00569
1.00571
1.00577
1.00582
1.00588
1.00578
1.00556
1.00521
1.00485
1.00441
1.00363
1.00296
1.00195
1.001
0.999821
0.998626
0.997302
0.996047
0.994771
0.993583
0.99261
0.991966
0.991608
0.991682
0.992165
0.992916
0.993986
0.995231
0.996642
0.998047
0.998863
0.998991
0.998402
1.00447
1.00513
1.00506
1.00539
1.0055
1.00563
1.00583
1.00588
1.00596
1.00604
1.00611
1.00616
1.00608
1.00584
1.00556
1.00514
1.00441
1.00376
1.0028
1.00186
1.00077
0.999637
0.998349
0.997068
0.995737
0.994423
0.993137
0.992136
0.991448
0.991106
0.991146
0.991635
0.992561
0.993746
0.995107
0.99656
0.998261
0.999226
0.999196
0.998478
1.00492
1.00546
1.00529
1.00559
1.00566
1.00596
1.00606
1.0061
1.00619
1.00625
1.00626
1.00632
1.00626
1.00611
1.0058
1.00527
1.00469
1.00384
1.00289
1.00167
1.00059
0.999404
0.998148
0.996736
0.995343
0.993956
0.99267
0.991603
0.990855
0.990526
0.990535
0.991099
0.992005
0.99339
0.995125
0.99651
0.998358
0.999266
0.999167
0.998492
1.00535
1.00578
1.00553
1.00584
1.00591
1.00624
1.0061
1.0063
1.00636
1.0064
1.00636
1.00627
1.0063
1.00611
1.00597
1.00551
1.00478
1.0038
1.00274
1.00165
1.0005
0.999111
0.997758
0.996363
0.994904
0.993511
0.992122
0.991009
0.990236
0.989839
0.989845
0.990446
0.991626
0.993027
0.994806
0.996468
0.998393
0.999353
0.999223
0.998603
1.00586
1.00621
1.00591
1.00623
1.00619
1.00647
1.00638
1.00659
1.00654
1.00655
1.0064
1.00621
1.00631
1.00617
1.00604
1.00567
1.00508
1.00421
1.00299
1.00162
1.00015
0.998848
0.997555
0.995936
0.994407
0.992887
0.991557
0.990343
0.989548
0.989145
0.98916
0.989845
0.990947
0.992782
0.994716
0.996394
0.99808
0.999166
0.999345
0.998775
1.0062
1.00643
1.00619
1.00655
1.00634
1.00675
1.00677
1.007
1.00689
1.00683
1.00661
1.00636
1.00628
1.00613
1.00598
1.00571
1.00525
1.00414
1.00296
1.00154
1.00023
0.998719
0.997016
0.995484
0.993836
0.992277
0.990733
0.98952
0.988757
0.988349
0.988331
0.989132
0.990501
0.99199
0.994331
0.996233
0.997971
0.999193
0.999676
0.999165
1.00646
1.00662
1.00649
1.00682
1.00669
1.00724
1.00719
1.0073
1.0072
1.00732
1.00727
1.00688
1.00643
1.00607
1.0058
1.00576
1.00538
1.00462
1.00338
1.00183
1.00005
0.998382
0.996896
0.995002
0.993171
0.991392
0.990028
0.988716
0.987813
0.987444
0.987506
0.988306
0.98968
0.991812
0.993929
0.995792
0.997476
0.998636
0.999908
0.999631
1.00673
1.00688
1.0068
1.00692
1.00692
1.00757
1.00741
1.00748
1.00749
1.00784
1.00779
1.00747
1.00704
1.00626
1.00572
1.00569
1.00535
1.00461
1.00342
1.0018
1.0002
0.998469
0.996288
0.994353
0.992515
0.990768
0.989011
0.987671
0.986735
0.986398
0.986616
0.987566
0.989107
0.990925
0.993388
0.995575
0.997245
0.99847
1.00015
0.999842
1.00706
1.00719
1.00715
1.00718
1.00733
1.00794
1.00778
1.00779
1.00789
1.0082
1.00809
1.00788
1.00765
1.00691
1.00617
1.0057
1.00544
1.0048
1.00375
1.00224
1.00018
0.997975
0.99612
0.994127
0.991906
0.989725
0.988111
0.986687
0.985645
0.9854
0.985747
0.986728
0.988465
0.990595
0.992725
0.995028
0.996823
0.998484
1.00052
1.00031
1.00726
1.0075
1.00757
1.0076
1.00778
1.00832
1.00808
1.00804
1.00802
1.0081
1.00802
1.00799
1.00801
1.00751
1.00661
1.00562
1.00496
1.00444
1.00342
1.00187
1.00003
0.99799
0.995502
0.993004
0.99086
0.988905
0.98686
0.985294
0.984378
0.984118
0.984542
0.985545
0.987381
0.989508
0.991977
0.994463
0.996674
0.998663
1.00074
1.00074
1.00762
1.00798
1.0081
1.00824
1.00832
1.00866
1.00847
1.00855
1.0083
1.00838
1.00825
1.00793
1.00801
1.00802
1.00725
1.00625
1.00535
1.00463
1.00348
1.002
0.999723
0.99739
0.994774
0.992639
0.990093
0.987574
0.985609
0.984231
0.983231
0.982911
0.983321
0.984533
0.986488
0.988653
0.991163
0.994032
0.996507
0.998532
1.00125
1.00163
1.00797
1.00825
1.00834
1.00844
1.00859
1.00868
1.00837
1.00834
1.00821
1.00846
1.00839
1.00784
1.00753
1.00768
1.00725
1.00637
1.00528
1.0041
1.0029
1.00128
0.999389
0.996911
0.994187
0.991266
0.988548
0.986303
0.984256
0.982508
0.981546
0.981236
0.981787
0.982999
0.984998
0.987695
0.990309
0.99286
0.995466
0.997558
1.00115
1.00186
1.00852
1.00861
1.00858
1.00863
1.00895
1.00916
1.00895
1.0088
1.00858
1.00917
1.00921
1.00859
1.00798
1.00774
1.0075
1.0068
1.00572
1.00447
1.00303
1.00123
0.998839
0.996408
0.993494
0.990855
0.987984
0.985282
0.982929
0.981421
0.980306
0.979951
0.98061
0.982047
0.984031
0.986699
0.989541
0.992421
0.995115
0.997275
1.00169
1.00311
1.0086
1.00873
1.00879
1.00899
1.00929
1.00964
1.00948
1.00897
1.00868
1.00926
1.00928
1.00883
1.00815
1.0074
1.00688
1.00632
1.00535
1.00398
1.00223
1.0001
0.997945
0.995593
0.992597
0.98943
0.986222
0.98353
0.981317
0.979342
0.978054
0.977897
0.978548
0.979991
0.982206
0.985046
0.987881
0.990925
0.993975
0.996061
1.00086
1.00277
1.00906
1.00946
1.0096
1.00996
1.01
1.01051
1.01059
1.00996
1.00941
1.00957
1.00951
1.00939
1.00901
1.00821
1.00738
1.00654
1.00555
1.00416
1.00219
0.99998
0.997587
0.994694
0.991462
0.988491
0.985479
0.982524
0.979862
0.97781
0.976645
0.976493
0.977265
0.978766
0.980854
0.984063
0.987214
0.990529
0.99382
0.995923
1.00058
1.00377
1.0093
1.00973
1.00981
1.01012
1.01
1.01042
1.01048
1.01001
1.00956
1.00953
1.00924
1.00893
1.0086
1.00779
1.00685
1.00574
1.00462
1.00315
1.00114
0.998862
0.996177
0.993303
0.990009
0.986887
0.983331
0.980198
0.977403
0.975393
0.973986
0.973871
0.974525
0.976199
0.978537
0.98156
0.984891
0.988728
0.99254
0.99469
0.999341
1.00283
1.01019
1.01053
1.01045
1.01071
1.01046
1.01082
1.0108
1.01071
1.01047
1.01032
1.00983
1.00939
1.00891
1.0083
1.00752
1.00635
1.00503
1.00323
1.00089
0.998432
0.995735
0.99254
0.988919
0.985446
0.981999
0.978533
0.97569
0.973118
0.97211
0.971919
0.972843
0.974539
0.977274
0.980534
0.984045
0.988185
0.992344
0.994888
0.999551
1.00357
1.01047
1.01068
1.01056
1.01072
1.01052
1.01088
1.01089
1.01087
1.01056
1.01023
1.0097
1.00911
1.00846
1.00768
1.00703
1.00587
1.00423
1.00228
1.00002
0.997464
0.994522
0.990902
0.987064
0.983526
0.979483
0.976081
0.972559
0.970524
0.969103
0.96886
0.969409
0.971437
0.974161
0.977632
0.981405
0.985637
0.990086
0.993
0.997784
1.00168
1.01147
1.01169
1.01154
1.01153
1.01144
1.01197
1.01207
1.01223
1.01173
1.01115
1.01067
1.01011
1.00945
1.00846
1.00768
1.00615
1.00437
1.00226
0.999611
0.996638
0.993329
0.989425
0.985661
0.981496
0.977359
0.973083
0.970263
0.96733
0.966245
0.96594
0.967222
0.969217
0.972502
0.976362
0.980314
0.985077
0.989763
0.993376
0.998467
1.00265
1.01147
1.0117
1.01175
1.01178
1.01168
1.01202
1.01201
1.01219
1.01178
1.0113
1.01069
1.00997
1.00953
1.00855
1.00741
1.0058
1.0038
1.0016
0.998698
0.995551
0.992012
0.988011
0.983448
0.979254
0.974175
0.970706
0.966432
0.964096
0.96264
0.962083
0.963035
0.965262
0.968625
0.972659
0.976866
0.981442
0.986335
0.990743
0.996109
1.00028
1.01254
1.01278
1.01312
1.01335
1.01327
1.01337
1.01326
1.01349
1.01346
1.01325
1.01232
1.0113
1.01057
1.00916
1.00776
1.00604
1.00366
1.00085
0.997479
0.994251
0.990218
0.985221
0.981095
0.975694
0.971712
0.96636
0.963238
0.960001
0.958609
0.958458
0.959724
0.962507
0.966235
0.970944
0.975497
0.980674
0.985749
0.990719
0.996552
1.00137
1.01266
1.01271
1.01294
1.01311
1.01308
1.01321
1.013
1.01309
1.01304
1.01298
1.01227
1.01143
1.01037
1.00898
1.00748
1.00522
1.00288
0.999677
0.99673
0.99282
0.988117
0.983578
0.978232
0.97362
0.967116
0.96308
0.958306
0.955652
0.953729
0.953244
0.954659
0.957367
0.961116
0.966107
0.970929
0.976308
0.981277
0.986821
0.993101
0.998268
1.01419
1.01419
1.01441
1.01469
1.01487
1.01513
1.015
1.01493
1.01456
1.01427
1.0135
1.01275
1.01127
1.00957
1.00739
1.00487
1.00228
0.998913
0.995161
0.990711
0.986004
0.980164
0.97533
0.968229
0.963788
0.957563
0.95429
0.950179
0.948762
0.948594
0.950519
0.953714
0.957878
0.963821
0.96903
0.975196
0.980623
0.986519
0.993367
0.999488
1.01431
1.01429
1.01451
1.01468
1.01463
1.01476
1.01463
1.01457
1.01434
1.0138
1.01274
1.01182
1.01037
1.00848
1.00641
1.00381
1.00095
0.997186
0.992856
0.988229
0.982485
0.977331
0.970258
0.965077
0.957427
0.953042
0.946946
0.944272
0.942024
0.94162
0.943683
0.946867
0.951029
0.957274
0.962747
0.969539
0.974941
0.981367
0.988678
0.995455
1.0165
1.01671
1.01696
1.01712
1.01686
1.017
1.01693
1.01676
1.01623
1.01553
1.01419
1.01311
1.01112
1.00935
1.00682
1.00406
1.00026
0.99595
0.991157
0.986064
0.980221
0.972981
0.966908
0.958439
0.953233
0.946013
0.941877
0.937751
0.935748
0.93631
0.93811
0.942055
0.946783
0.954182
0.96027
0.967876
0.974368
0.980961
0.988794
0.996435
1.01692
1.01693
1.01703
1.01703
1.01658
1.01652
1.01615
1.01569
1.01518
1.01426
1.01313
1.01152
1.00959
1.00764
1.00469
1.00135
0.99727
0.992883
0.98763
0.981511
0.974166
0.967715
0.959222
0.952808
0.943715
0.937947
0.931749
0.927994
0.926154
0.925616
0.928438
0.932654
0.937639
0.945319
0.951624
0.96025
0.967159
0.974134
0.982516
0.990716
1.01979
1.02019
1.02011
1.02016
1.01957
1.01953
1.01878
1.01852
1.01749
1.01675
1.01531
1.01388
1.01161
1.00904
1.00549
1.00166
0.997107
0.99151
0.98554
0.97825
0.971198
0.962181
0.954428
0.944426
0.937578
0.929889
0.924377
0.919997
0.917977
0.918541
0.921528
0.926549
0.932102
0.941151
0.948449
0.95791
0.966444
0.973781
0.982712
0.991848
1.02135
1.02098
1.02057
1.02015
1.0197
1.01936
1.01845
1.0177
1.0164
1.01519
1.01333
1.01143
1.00899
1.00594
1.00177
0.997788
0.992082
0.986227
0.978881
0.970961
0.961811
0.953565
0.942818
0.934527
0.924296
0.916829
0.909806
0.90584
0.903845
0.904175
0.907459
0.912784
0.918952
0.92881
0.93648
0.947211
0.956508
0.964497
0.974097
0.983806
1.02303
1.02314
1.02295
1.02303
1.02266
1.02245
1.02159
1.02097
1.01926
1.01825
1.01595
1.01394
1.01056
1.00674
1.00266
0.997116
0.990682
0.982978
0.975245
0.965775
0.956358
0.944833
0.934555
0.922939
0.914385
0.905117
0.898814
0.894153
0.891946
0.89354
0.897654
0.904659
0.911557
0.923303
0.93267
0.944039
0.955531
0.964448
0.974901
0.985538
1.02721
1.02636
1.02536
1.02474
1.02386
1.02304
1.0219
1.02093
1.01926
1.01733
1.01425
1.01132
1.00697
1.00267
0.996463
0.990612
0.982488
0.974747
0.964243
0.953648
0.941441
0.930489
0.917095
0.906509
0.894389
0.884988
0.877242
0.87274
0.871481
0.872796
0.876865
0.884868
0.892656
0.905725
0.915861
0.928438
0.941628
0.951557
0.963542
0.974311
1.0288
1.0282
1.02706
1.02636
1.02516
1.02451
1.02329
1.02207
1.01996
1.01816
1.01498
1.01144
1.00642
1.00125
0.994968
0.986569
0.977744
0.966929
0.956551
0.943401
0.930553
0.916158
0.902433
0.888414
0.877355
0.866617
0.859966
0.854993
0.853703
0.856428
0.863189
0.873369
0.882652
0.898026
0.911153
0.924459
0.940049
0.951692
0.965469
0.977304
1.03632
1.0352
1.0337
1.03266
1.03061
1.02892
1.02637
1.02439
1.02117
1.01787
1.01327
1.0088
1.00175
0.994882
0.984618
0.976321
0.963687
0.95271
0.936771
0.922621
0.906183
0.891018
0.874107
0.859942
0.845838
0.834563
0.826779
0.821256
0.821459
0.825689
0.832017
0.843975
0.853864
0.871688
0.88728
0.902445
0.920874
0.934168
0.950113
0.963593
1.04058
1.03927
1.03675
1.0348
1.03175
1.02918
1.0254
1.02225
1.01828
1.01416
1.00883
1.00251
0.99555
0.986369
0.977019
0.96447
0.951603
0.935561
0.919569
0.901507
0.88382
0.864111
0.846737
0.829939
0.814771
0.804126
0.795435
0.793777
0.794884
0.80027
0.810636
0.827444
0.840502
0.861631
0.881161
0.896499
0.918854
0.933927
0.955194
0.96813
1.05174
1.04955
1.04602
1.04326
1.03879
1.03576
1.03024
1.02635
1.01954
1.01488
1.00592
0.998847
0.986414
0.976213
0.960086
0.946217
0.926063
0.908219
0.885551
0.864812
0.841239
0.819821
0.798761
0.778344
0.762866
0.748218
0.743329
0.738822
0.742788
0.751859
0.763791
0.782672
0.79838
0.819593
0.848822
0.867478
0.89
0.908438
0.930468
0.947486
1.05918
1.05691
1.05398
1.04865
1.04361
1.03689
1.03119
1.02329
1.01609
1.00604
0.996236
0.982949
0.96962
0.952449
0.934442
0.91325
0.89106
0.867092
0.841656
0.815805
0.788913
0.763923
0.7395
0.718955
0.701412
0.695681
0.687637
0.690215
0.698479
0.711651
0.730394
0.759597
0.783809
0.808692
0.838987
0.868964
0.897636
0.91856
0.944445
0.955892
1.09662
1.08769
1.0736
1.06673
1.05419
1.04855
1.03591
1.02881
1.01352
1.00264
0.983219
0.967374
0.943685
0.922408
0.894229
0.867444
0.835582
0.805263
0.770553
0.737649
0.703339
0.673308
0.646009
0.62173
0.611647
0.589786
0.59204
0.595798
0.612496
0.633696
0.656384
0.686687
0.722543
0.750773
0.786821
0.815862
0.85597
0.883059
0.926678
0.950023
1.08685
1.0802
1.07989
1.07553
1.07113
1.06129
1.04728
1.02963
1.00653
0.982336
0.951792
0.922274
0.885439
0.851123
0.808677
0.769792
0.724141
0.683079
0.638689
0.599847
0.560579
0.533052
0.50123
0.496481
0.4725
0.481785
0.494276
0.522466
0.553988
0.596552
0.639611
0.686169
0.737614
0.776925
0.829766
0.861107
0.905884
0.931709
0.963371
0.991009
1.31199
1.28445
1.24246
1.20499
1.15476
1.11175
1.05748
1.01245
0.955911
0.910198
0.851523
0.804768
0.743332
0.695572
0.631608
0.583897
0.518691
0.473255
0.411433
0.37138
0.324854
0.290455
0.291154
0.287914
0.273365
0.332427
0.365884
0.427533
0.494285
0.545479
0.630456
0.670281
0.762582
0.799271
0.887023
0.926189
1.00274
1.04274
1.10826
1.14396
0.999993
0.999999
0.999997
0.999996
0.999996
0.999996
0.999995
0.999995
0.999995
0.999994
0.999994
0.999993
0.999993
0.999992
0.999992
0.999991
0.99999
0.99999
0.99999
0.999991
0.999991
0.999992
0.999993
0.999994
0.999995
0.999996
0.999997
0.999999
1
1
1
1
1
1
1
1
1
0.999999
0.999999
0.999991
0.999998
1.00001
1.00001
1.00001
1.00001
1.00001
1.00001
1.00001
1.00001
1.00001
1.00001
1.00001
1.00001
1.00001
1.00001
1.00001
1.00001
1.00001
1.00001
1.00001
1.00001
1.00001
1.00001
1
1
0.999998
0.999995
0.999993
0.99999
0.999988
0.999986
0.999985
0.999985
0.999985
0.999986
0.999987
0.999988
0.999989
0.999991
0.999973
1.00001
1.00002
1.00002
1.00001
1.00001
1.00001
1.00001
1.00001
1.00001
1.00001
1.00001
1
1
0.999999
0.999996
0.999994
0.999991
0.999989
0.999985
0.999982
0.999979
0.999976
0.999973
0.99997
0.999968
0.999966
0.999965
0.999964
0.999964
0.999964
0.999965
0.999967
0.999968
0.99997
0.999971
0.999972
0.999973
0.999974
0.999977
0.99995
1.00002
1.00004
1.00003
1.00003
1.00002
1.00002
1.00002
1.00002
1.00002
1.00002
1.00003
1.00003
1.00003
1.00003
1.00003
1.00003
1.00003
1.00002
1.00002
1.00001
1.00001
1
0.999995
0.999987
0.99998
0.999972
0.999965
0.999957
0.999951
0.999946
0.999942
0.99994
0.999938
0.999938
0.999938
0.99994
0.999942
0.999945
0.999951
0.999917
1.00004
1.00007
1.00006
1.00006
1.00005
1.00005
1.00004
1.00004
1.00004
1.00004
1.00004
1.00003
1.00003
1.00003
1.00003
1.00003
1.00002
1.00001
1.00001
0.999998
0.999988
0.999977
0.999965
0.999953
0.999941
0.99993
0.99992
0.999912
0.999905
0.9999
0.999896
0.999895
0.999895
0.999897
0.9999
0.999905
0.99991
0.999916
0.999923
0.999874
1.00005
1.00011
1.0001
1.00009
1.00009
1.00009
1.00009
1.00008
1.00008
1.00009
1.00009
1.00009
1.00009
1.00008
1.00008
1.00007
1.00006
1.00005
1.00004
1.00003
1.00001
0.999995
0.999976
0.999958
0.999939
0.999921
0.999904
0.99989
0.999878
0.999869
0.999864
0.999861
0.999862
0.999864
0.999869
0.999875
0.999882
0.999889
0.999902
0.999844
1.00008
1.00016
1.00016
1.00016
1.00016
1.00016
1.00016
1.00016
1.00016
1.00016
1.00016
1.00016
1.00016
1.00016
1.00015
1.00015
1.00014
1.00013
1.00011
1.00009
1.00007
1.00005
1.00003
1
0.999978
0.999953
0.999929
0.999908
0.99989
0.999875
0.999864
0.999856
0.99985
0.999848
0.99985
0.999853
0.999859
0.999863
0.999875
0.999804
1.00012
1.00022
1.00022
1.00022
1.00023
1.00023
1.00024
1.00024
1.00025
1.00025
1.00025
1.00025
1.00025
1.00025
1.00024
1.00023
1.00022
1.0002
1.00018
1.00016
1.00013
1.0001
1.00006
1.00002
0.999985
0.999947
0.999912
0.99988
0.999853
0.99983
0.999813
0.999801
0.999794
0.999791
0.999793
0.999799
0.999809
0.999819
0.999833
0.999746
1.00014
1.00025
1.00024
1.00024
1.00024
1.00024
1.00024
1.00024
1.00024
1.00024
1.00024
1.00024
1.00024
1.00023
1.00022
1.00021
1.00019
1.00016
1.00014
1.00011
1.00007
1.00003
0.999995
0.999952
0.999909
0.999868
0.999832
0.999801
0.999775
0.999754
0.99974
0.999732
0.99973
0.999732
0.999738
0.999749
0.999763
0.999776
0.99979
0.999689
1.00017
1.00029
1.00028
1.00027
1.00026
1.00026
1.00025
1.00024
1.00023
1.00022
1.00021
1.00019
1.00018
1.00016
1.00013
1.0001
1.00007
1.00004
1
0.999966
0.999924
0.99988
0.999837
0.999795
0.999756
0.99972
0.999689
0.999665
0.999648
0.999636
0.999632
0.999634
0.999641
0.999651
0.999664
0.999681
0.9997
0.999718
0.999734
0.999607
1.0002
1.00034
1.00033
1.00033
1.00032
1.00031
1.0003
1.0003
1.00029
1.00028
1.00026
1.00024
1.00022
1.0002
1.00017
1.00013
1.00009
1.00005
1
0.999956
0.999902
0.999847
0.999793
0.99974
0.99969
0.999646
0.999609
0.999578
0.999558
0.999546
0.999542
0.999548
0.999559
0.999576
0.999597
0.99962
0.999642
0.999666
0.999685
0.999533
1.00025
1.00041
1.0004
1.00039
1.00039
1.00038
1.00038
1.00038
1.00037
1.00037
1.00036
1.00035
1.00033
1.00031
1.00028
1.00025
1.00022
1.00017
1.00013
1.00007
1.00001
0.999954
0.99989
0.999826
0.999763
0.999703
0.999651
0.999606
0.999571
0.999546
0.99953
0.999526
0.999529
0.999542
0.999559
0.999584
0.999608
0.999635
0.999658
0.999499
1.00032
1.00051
1.00051
1.0005
1.0005
1.00051
1.00052
1.00053
1.00053
1.00054
1.00054
1.00054
1.00054
1.00053
1.00051
1.00048
1.00044
1.0004
1.00034
1.00028
1.0002
1.00012
1.00004
0.999952
0.999865
0.999781
0.999704
0.999638
0.999582
0.999541
0.999512
0.9995
0.999499
0.999509
0.999525
0.999551
0.999577
0.999604
0.999627
0.999455
1.00036
1.00057
1.00057
1.00057
1.00057
1.00058
1.00058
1.00059
1.00059
1.0006
1.0006
1.00059
1.00058
1.00057
1.00054
1.00052
1.00047
1.00041
1.00035
1.00028
1.0002
1.00011
1
0.999909
0.999812
0.99972
0.999636
0.999565
0.999506
0.999465
0.999438
0.999428
0.99943
0.999446
0.999465
0.999497
0.999528
0.999563
0.999591
0.999409
1.00038
1.0006
1.00059
1.00058
1.00057
1.00057
1.00057
1.00056
1.00056
1.00055
1.00054
1.00052
1.0005
1.00046
1.00042
1.00038
1.00032
1.00026
1.00019
1.0001
1.00001
0.999907
0.999804
0.999702
0.999602
0.999512
0.999433
0.99937
0.999324
0.999295
0.999281
0.999285
0.999303
0.999334
0.999364
0.999411
0.999451
0.999497
0.99953
0.99933
1.00041
1.00063
1.00062
1.00061
1.00061
1.00059
1.00058
1.00057
1.00055
1.00053
1.00051
1.00048
1.00045
1.00041
1.00035
1.00029
1.00022
1.00015
1.00006
0.999958
0.99985
0.999739
0.999628
0.999517
0.999411
0.999312
0.999227
0.999157
0.999107
0.99908
0.999075
0.999088
0.999118
0.999165
0.999224
0.999286
0.999338
0.999401
0.999452
0.999234
1.00046
1.0007
1.0007
1.0007
1.00069
1.0007
1.0007
1.0007
1.0007
1.00069
1.00069
1.00067
1.00065
1.00062
1.0006
1.00055
1.00047
1.00039
1.00029
1.00018
1.00007
0.999939
0.999802
0.999662
0.999526
0.999404
0.999297
0.999214
0.999153
0.99911
0.999091
0.999098
0.999122
0.999159
0.999212
0.999277
0.999333
0.999394
0.999435
0.999205
1.00056
1.00085
1.00085
1.00086
1.00089
1.00089
1.00092
1.00094
1.00095
1.00095
1.00095
1.00094
1.00093
1.00089
1.00084
1.0008
1.00068
1.0006
1.00049
1.00036
1.0002
1.00005
0.999906
0.999761
0.99962
0.999486
0.99937
0.999268
0.999188
0.999137
0.999117
0.999118
0.999139
0.999172
0.999211
0.999293
0.999343
0.9994
0.999434
0.999166
1.00062
1.0009
1.00091
1.00093
1.00092
1.00095
1.00096
1.00097
1.00098
1.00098
1.00098
1.00096
1.00093
1.00088
1.00084
1.00079
1.00066
1.00057
1.00043
1.00031
1.00016
0.999987
0.999807
0.999617
0.999437
0.99928
0.999142
0.999043
0.998974
0.998926
0.998909
0.998924
0.998965
0.999027
0.999088
0.999178
0.999254
0.999326
0.999365
0.999101
1.00066
1.00096
1.00095
1.00094
1.00097
1.00098
1.001
1.00101
1.00102
1.00102
1.00101
1.00099
1.00095
1.00088
1.00081
1.00077
1.00062
1.00051
1.00037
1.0002
1
0.999806
0.999608
0.999424
0.999246
0.999077
0.99893
0.998803
0.998712
0.998662
0.998654
0.99868
0.998737
0.998816
0.998884
0.99898
0.999073
0.999165
0.999237
0.998963
1.00075
1.00105
1.00106
1.00109
1.0011
1.00112
1.00114
1.00116
1.00119
1.00119
1.00118
1.00115
1.00111
1.00104
1.00098
1.00094
1.00079
1.00065
1.00047
1.0003
1.0001
0.999886
0.999654
0.999404
0.999165
0.998957
0.998782
0.998656
0.998571
0.998515
0.9985
0.998526
0.998592
0.998692
0.998766
0.998857
0.998963
0.999044
0.999109
0.998831
1.0009
1.00125
1.00126
1.00127
1.00131
1.00135
1.00138
1.0014
1.00143
1.00143
1.00141
1.00138
1.00133
1.00125
1.00114
1.00109
1.00093
1.00078
1.00059
1.00035
1.00011
0.999854
0.999596
0.999361
0.999133
0.998916
0.998727
0.998562
0.998449
0.998384
0.998372
0.998414
0.998485
0.998607
0.99867
0.998759
0.998875
0.998979
0.999043
0.998755
1.00104
1.00136
1.00138
1.00141
1.00145
1.00147
1.0015
1.00154
1.00155
1.00156
1.00155
1.00151
1.00146
1.00138
1.00126
1.00121
1.00106
1.00089
1.00067
1.00044
1.00018
0.999906
0.999618
0.999304
0.999005
0.998739
0.998523
0.998368
0.998251
0.998189
0.998178
0.998209
0.998295
0.99843
0.998516
0.998613
0.998744
0.998841
0.998929
0.998642
1.00114
1.0015
1.00153
1.00156
1.00158
1.00163
1.00167
1.00171
1.00173
1.00172
1.00171
1.00167
1.00161
1.0015
1.00135
1.00129
1.00115
1.00095
1.00069
1.0004
1.0001
0.999793
0.999469
0.999172
0.998882
0.99861
0.998368
0.998165
0.998043
0.99796
0.997945
0.998002
0.998102
0.998253
0.998348
0.998458
0.998591
0.998713
0.998793
0.998503
1.00129
1.00163
1.00166
1.00168
1.00175
1.00178
1.00181
1.00184
1.00186
1.00186
1.00184
1.00179
1.00173
1.00164
1.00148
1.00141
1.00126
1.00104
1.00079
1.00051
1.00019
0.99985
0.99949
0.999109
0.99875
0.998427
0.998161
0.997976
0.997814
0.997753
0.997751
0.997792
0.997899
0.998051
0.998165
0.998289
0.998452
0.998575
0.998678
0.998387
1.00143
1.0018
1.00182
1.00188
1.0019
1.00195
1.002
1.00205
1.00206
1.00206
1.00204
1.002
1.00193
1.00181
1.00165
1.00157
1.00139
1.00114
1.00082
1.00048
1.00014
0.999756
0.99937
0.999003
0.998638
0.998302
0.998008
0.997758
0.99764
0.997535
0.997519
0.997586
0.997708
0.997874
0.998014
0.998181
0.998325
0.998467
0.998564
0.998276
1.0016
1.00195
1.002
1.00203
1.0021
1.00214
1.00217
1.00221
1.00223
1.00222
1.00219
1.00215
1.00206
1.00195
1.00177
1.00167
1.00149
1.00124
1.00095
1.00062
1.00024
0.999829
0.999391
0.998941
0.998522
0.99814
0.997818
0.997589
0.997382
0.99732
0.997326
0.997392
0.997524
0.997691
0.997841
0.997994
0.9982
0.998353
0.998474
0.998184
1.00173
1.0021
1.00213
1.00217
1.00223
1.00229
1.00234
1.00238
1.0024
1.0024
1.00237
1.00233
1.00224
1.00213
1.00197
1.00185
1.00163
1.00133
1.00097
1.00059
1.00017
0.999721
0.99927
0.998819
0.998366
0.997955
0.997607
0.997319
0.99718
0.997068
0.997066
0.997142
0.997278
0.997465
0.997649
0.997894
0.998065
0.998235
0.998362
0.99808
1.00188
1.00227
1.00232
1.00238
1.00243
1.00248
1.00253
1.00257
1.00258
1.00257
1.00254
1.00249
1.0024
1.00226
1.00209
1.00194
1.00173
1.00144
1.00111
1.00073
1.00028
0.999802
0.999281
0.99876
0.998273
0.997821
0.997433
0.99714
0.996913
0.996833
0.996832
0.996932
0.997107
0.997306
0.997512
0.997701
0.997945
0.998137
0.998282
0.997999
1.00201
1.00238
1.00244
1.00251
1.00257
1.00264
1.00269
1.00274
1.00276
1.00275
1.00272
1.00268
1.00257
1.00246
1.0023
1.00213
1.00186
1.00153
1.00114
1.0007
1.00022
0.999691
0.999159
0.998612
0.998075
0.997584
0.99717
0.996852
0.996656
0.996562
0.99659
0.996681
0.996841
0.997057
0.997288
0.997594
0.997819
0.99803
0.998194
0.997915
1.00218
1.00258
1.00264
1.0027
1.00278
1.00284
1.00289
1.00294
1.00295
1.00293
1.00289
1.00283
1.00275
1.00261
1.00243
1.00225
1.00202
1.00168
1.0013
1.00085
1.00035
0.999792
0.999192
0.998586
0.997996
0.997457
0.996996
0.996633
0.996403
0.996289
0.996301
0.996432
0.99664
0.996893
0.99717
0.997427
0.997706
0.99794
0.998125
0.997857
1.0023
1.00269
1.00275
1.00283
1.00291
1.00298
1.00305
1.0031
1.00312
1.00312
1.00309
1.00303
1.00291
1.00279
1.00264
1.00242
1.00211
1.00179
1.00134
1.00085
1.00028
0.999673
0.99904
0.998398
0.99778
0.997202
0.996705
0.996335
0.99609
0.996012
0.996048
0.996185
0.996401
0.996665
0.99696
0.997291
0.997594
0.997861
0.998067
0.997793
1.00245
1.00286
1.00294
1.00304
1.00312
1.0032
1.00327
1.00332
1.00333
1.00331
1.00326
1.0032
1.00311
1.00297
1.00279
1.0026
1.00233
1.00193
1.00152
1.00099
1.00044
0.999794
0.999107
0.998393
0.997683
0.99704
0.996499
0.996074
0.995806
0.995694
0.995754
0.995907
0.99614
0.996442
0.996787
0.997166
0.99748
0.997768
0.998013
0.997753
1.00256
1.00298
1.00305
1.00315
1.00327
1.00333
1.00341
1.00347
1.00349
1.00349
1.00346
1.0034
1.00328
1.00315
1.00299
1.00273
1.00242
1.00206
1.00155
1.00102
1.00036
0.999672
0.99893
0.998185
0.997462
0.996782
0.996188
0.995739
0.995469
0.995371
0.995443
0.995639
0.99592
0.996248
0.996645
0.996992
0.997392
0.997714
0.997975
0.997721
1.00272
1.00315
1.00325
1.00336
1.00346
1.00357
1.00365
1.00371
1.00373
1.00372
1.00365
1.00358
1.00347
1.00333
1.00316
1.00295
1.00266
1.00223
1.00177
1.00119
1.00054
0.9998
0.999016
0.998179
0.997357
0.9966
0.995966
0.995469
0.995134
0.995044
0.995146
0.995345
0.995621
0.996
0.996399
0.996915
0.997278
0.997635
0.997951
0.997702
1.00281
1.00325
1.00334
1.00346
1.00359
1.0037
1.00379
1.00386
1.00389
1.00389
1.00385
1.00379
1.00369
1.00355
1.00335
1.00309
1.00276
1.00234
1.0018
1.00118
1.00046
0.999696
0.998831
0.997966
0.9971
0.996294
0.995595
0.995063
0.994755
0.994658
0.994804
0.995043
0.995377
0.995777
0.996298
0.996753
0.997234
0.997605
0.997942
0.997704
1.00295
1.00341
1.00353
1.00369
1.00383
1.00393
1.00403
1.00411
1.00414
1.00413
1.00406
1.00399
1.00387
1.00375
1.00356
1.00332
1.00301
1.00257
1.00203
1.00141
1.00066
0.999826
0.998925
0.997968
0.997036
0.996147
0.995388
0.994807
0.994395
0.994278
0.994452
0.994704
0.99505
0.995535
0.996054
0.996655
0.997157
0.99757
0.997959
0.997719
1.00303
1.0035
1.00362
1.00379
1.00394
1.00406
1.00417
1.00426
1.0043
1.00431
1.00427
1.0042
1.00409
1.00393
1.00374
1.00348
1.00312
1.00269
1.0021
1.00138
1.00059
0.999716
0.998729
0.997735
0.996718
0.995774
0.994966
0.994354
0.993965
0.993862
0.994094
0.994394
0.99479
0.995316
0.995923
0.996605
0.997159
0.997606
0.998018
0.997743
1.00319
1.00368
1.00384
1.00405
1.0042
1.00435
1.00446
1.00457
1.00461
1.00462
1.00455
1.00447
1.00436
1.00423
1.00401
1.00377
1.00341
1.00293
1.00232
1.00164
1.00079
0.999867
0.998846
0.997763
0.996705
0.995665
0.994769
0.994068
0.993595
0.993441
0.993649
0.993955
0.994406
0.994993
0.995754
0.996484
0.997206
0.997679
0.99812
0.997833
1.00302
1.0036
1.00382
1.00407
1.00426
1.00443
1.00456
1.00465
1.00471
1.00473
1.0047
1.00464
1.00454
1.00438
1.00416
1.00391
1.00352
1.00304
1.00238
1.0016
1.00072
0.999706
0.998606
0.997496
0.996327
0.995268
0.994314
0.993615
0.99314
0.992948
0.993219
0.993584
0.994112
0.994841
0.995626
0.99657
0.997352
0.99789
0.998306
0.997759
1.01008
1.00248
1.00529
1.00382
1.00505
1.00502
1.00533
1.0056
1.00573
1.00601
1.00627
1.00646
1.0066
1.00664
1.00668
1.00636
1.00543
1.00435
1.00363
1.00327
1.00272
1.00171
1.00035
0.998935
0.997192
0.995183
0.993071
0.991101
0.989491
0.988384
0.987834
0.988304
0.988801
0.991951
0.994129
0.99752
0.995128
0.995428
0.992275
0.996265
1.00867
1.0027
1.00511
1.00325
1.00479
1.00422
1.00491
1.00505
1.00536
1.00575
1.00601
1.0061
1.00586
1.00541
1.00504
1.00492
1.00459
1.00384
1.0033
1.0029
1.00221
1.00112
0.999857
0.998497
0.997072
0.995557
0.993931
0.992439
0.991256
0.99059
0.990176
0.990662
0.990332
0.993087
0.993503
0.997999
0.995046
0.998774
0.990559
0.994451
1.00493
1.00266
1.00489
1.00328
1.00471
1.0037
1.00492
1.00482
1.00539
1.00564
1.00591
1.00586
1.00552
1.00502
1.00458
1.0044
1.00416
1.00358
1.00302
1.00254
1.00186
1.00102
1.00002
0.998826
0.997606
0.996351
0.995045
0.993771
0.992795
0.992224
0.991706
0.992158
0.991618
0.993987
0.993438
0.998061
0.994649
1.00044
0.9896
0.991073
0.998262
1.00314
1.00506
1.00368
1.00477
1.00395
1.00539
1.00523
1.0058
1.00583
1.00593
1.00579
1.00544
1.00499
1.00463
1.00444
1.00413
1.00339
1.00268
1.00216
1.0016
1.00094
1.00009
0.999078
0.997991
0.996847
0.995983
0.995055
0.99417
0.99344
0.99284
0.993299
0.992923
0.99493
0.993702
0.997844
0.99493
1.00054
0.990624
0.988512
0.995887
1.00479
1.00499
1.00408
1.00449
1.00416
1.00546
1.00538
1.00583
1.00579
1.00583
1.00564
1.00527
1.00483
1.00447
1.00423
1.00376
1.00302
1.00243
1.00198
1.00141
1.00078
0.999997
0.999129
0.998192
0.997168
0.996707
0.996102
0.995322
0.994541
0.994034
0.994411
0.994224
0.99568
0.99486
0.997767
0.995945
0.999287
0.994261
0.980661
0.995329
1.00626
1.00489
1.00407
1.00382
1.00386
1.00465
1.00472
1.00505
1.00492
1.00504
1.00487
1.00454
1.00413
1.00376
1.00343
1.00302
1.00262
1.00226
1.0018
1.00121
1.00062
0.999938
0.999196
0.998409
0.99751
0.997212
0.996742
0.996094
0.995422
0.99507
0.995264
0.995315
0.996022
0.996216
0.997361
0.99742
0.997994
0.99932
0.976225
0.995143
1.00697
1.00446
1.00414
1.00328
1.00372
1.00398
1.00413
1.0042
1.00411
1.0041
1.00398
1.00375
1.00345
1.00316
1.00286
1.00257
1.00235
1.00202
1.00152
1.00098
1.00046
0.999862
0.999223
0.998555
0.997781
0.997512
0.997091
0.996579
0.996032
0.995808
0.995797
0.996116
0.996202
0.997234
0.996806
0.998763
0.99649
1.00331
0.97445
0.995958
1.00695
1.00358
1.0042
1.003
1.00374
1.00368
1.00394
1.0039
1.0039
1.00382
1.00372
1.00354
1.00325
1.00296
1.00264
1.00235
1.00213
1.00176
1.00126
1.00076
1.00028
0.999761
0.999202
0.998637
0.997995
0.997732
0.997358
0.996959
0.996503
0.996369
0.996161
0.996662
0.996267
0.997742
0.996398
0.999421
0.994469
1.00446
0.976495
0.997929
1.00607
1.00281
1.00412
1.00283
1.00371
1.00335
1.00376
1.00359
1.00366
1.00354
1.00344
1.00328
1.00301
1.00271
1.0024
1.00211
1.00189
1.00152
1.00106
1.00061
1.00017
0.999706
0.999219
0.998743
0.998218
0.997952
0.99761
0.997287
0.996897
0.996825
0.996457
0.997027
0.996244
0.997856
0.995725
0.999342
0.99318
1.00312
0.982101
0.999736
1.00482
1.00245
1.00389
1.00269
1.00352
1.00302
1.00343
1.0032
1.00327
1.00314
1.00304
1.00288
1.00265
1.00237
1.00211
1.00186
1.00164
1.00131
1.00091
1.00051
1.00011
0.999702
0.999277
0.998868
0.998432
0.998156
0.997836
0.997554
0.997214
0.997171
0.996714
0.997269
0.996247
0.997821
0.995352
0.998768
0.993081
1.00035
0.987588
1.00081
1.00395
1.00233
1.00357
1.00256
1.00329
1.00279
1.00314
1.0029
1.00295
1.00281
1.00271
1.00256
1.00235
1.00211
1.00188
1.00166
1.00144
1.00113
1.00079
1.00044
1.00008
0.999709
0.999336
0.998976
0.998604
0.998325
0.998028
0.997771
0.99747
0.997426
0.996953
0.997435
0.996378
0.997755
0.99545
0.998276
0.993791
0.998782
0.991227
1.00138
1.0033
1.00226
1.00323
1.00246
1.00304
1.00262
1.00288
1.00268
1.0027
1.00257
1.00246
1.00232
1.00213
1.00192
1.00171
1.00149
1.00127
1.00099
1.00069
1.00037
1.00005
0.999716
0.999383
0.999061
0.998737
0.998468
0.998194
0.997959
0.997689
0.997624
0.997188
0.997557
0.996618
0.997713
0.995835
0.997943
0.994741
0.997819
0.993407
1.00167
1.00287
1.00222
1.00292
1.00236
1.00279
1.00246
1.00265
1.00248
1.00247
1.00236
1.00225
1.00211
1.00194
1.00175
1.00155
1.00134
1.00112
1.00086
1.0006
1.00032
1.00002
0.999723
0.999424
0.999135
0.998848
0.998595
0.998343
0.998122
0.997882
0.997788
0.997414
0.997659
0.996886
0.997682
0.996232
0.997697
0.995468
0.99736
0.994748
1.00177
1.00257
1.00217
1.00265
1.00226
1.00256
1.00232
1.00243
1.0023
1.00226
1.00216
1.00205
1.00192
1.00177
1.00159
1.00141
1.00121
1.001
1.00076
1.00052
1.00026
1
0.999733
0.999464
0.999202
0.998944
0.998708
0.998477
0.998267
0.998055
0.997932
0.997628
0.997752
0.997154
0.997684
0.996616
0.997584
0.996096
0.997233
0.995614
1.00176
1.00236
1.00211
1.00241
1.00216
1.00234
1.00218
1.00223
1.00213
1.00208
1.00198
1.00188
1.00175
1.00161
1.00145
1.00128
1.00109
1.00089
1.00068
1.00045
1.00022
0.999985
0.999742
0.999499
0.999261
0.999028
0.998807
0.998596
0.9984
0.998205
0.998065
0.997824
0.99785
0.99741
0.997722
0.996972
0.997577
0.996602
0.997242
0.996207
1.0017
1.00218
1.00204
1.00221
1.00205
1.00216
1.00204
1.00205
1.00197
1.00191
1.00182
1.00172
1.0016
1.00147
1.00132
1.00116
1.00099
1.0008
1.00061
1.0004
1.00019
0.999972
0.999751
0.99953
0.999313
0.999101
0.998897
0.998702
0.998518
0.998341
0.998194
0.997999
0.997957
0.997642
0.997794
0.997285
0.997632
0.997004
0.997348
0.996647
1.00161
1.00203
1.00195
1.00204
1.00194
1.00199
1.00191
1.00189
1.00183
1.00176
1.00168
1.00158
1.00147
1.00134
1.0012
1.00105
1.00089
1.00072
1.00054
1.00035
1.00016
0.999963
0.999761
0.99956
0.999361
0.999166
0.998978
0.998797
0.998627
0.998465
0.998319
0.998155
0.998072
0.997849
0.99789
0.997553
0.997727
0.997334
0.997523
0.996971
1.00151
1.0019
1.00185
1.00189
1.00183
1.00184
1.00179
1.00175
1.00169
1.00163
1.00154
1.00145
1.00135
1.00123
1.0011
1.00096
1.00081
1.00065
1.00049
1.00031
1.00013
0.999954
0.99977
0.999586
0.999403
0.999225
0.999052
0.998886
0.998727
0.998576
0.998437
0.998295
0.998194
0.99803
0.998004
0.997785
0.997847
0.997608
0.997691
0.997227
1.00141
1.00178
1.00175
1.00176
1.00172
1.00171
1.00167
1.00163
1.00157
1.0015
1.00142
1.00134
1.00124
1.00113
1.00101
1.00088
1.00074
1.00059
1.00044
1.00028
1.00011
0.999948
0.999779
0.99961
0.999443
0.999279
0.99912
0.998966
0.998818
0.998679
0.998549
0.998422
0.998316
0.998188
0.998128
0.997981
0.99798
0.997832
0.997857
0.99745
1.00131
1.00167
1.00165
1.00165
1.00162
1.00159
1.00155
1.00151
1.00145
1.00139
1.00132
1.00123
1.00114
1.00104
1.00092
1.0008
1.00067
1.00054
1.00039
1.00025
1.0001
0.999944
0.999789
0.999634
0.99948
0.999329
0.999181
0.999039
0.998904
0.998774
0.998653
0.998538
0.998436
0.998329
0.998256
0.998151
0.998118
0.998021
0.998018
0.997636
1.00121
1.00156
1.00155
1.00154
1.00151
1.00149
1.00145
1.0014
1.00135
1.00129
1.00122
1.00114
1.00105
1.00095
1.00085
1.00073
1.00061
1.00049
1.00036
1.00022
1.00008
0.99994
0.999797
0.999654
0.999513
0.999374
0.999239
0.999108
0.998982
0.998863
0.998751
0.998644
0.998548
0.998455
0.998381
0.9983
0.998256
0.998193
0.998177
0.997802
1.00111
1.00146
1.00145
1.00144
1.00141
1.00139
1.00135
1.00131
1.00125
1.00119
1.00113
1.00105
1.00097
1.00088
1.00078
1.00067
1.00056
1.00044
1.00032
1.0002
1.00007
0.999938
0.999806
0.999675
0.999545
0.999416
0.999292
0.999171
0.999055
0.998945
0.998841
0.998744
0.998653
0.998571
0.998501
0.998434
0.998388
0.998343
0.998321
0.99795
1.00102
1.00137
1.00136
1.00135
1.00132
1.00129
1.00126
1.00122
1.00117
1.00111
1.00104
1.00097
1.00089
1.00081
1.00072
1.00062
1.00051
1.00041
1.00029
1.00018
1.00006
0.999937
0.999816
0.999694
0.999574
0.999456
0.999341
0.999229
0.999122
0.99902
0.998925
0.998834
0.998752
0.998677
0.998612
0.998553
0.998508
0.998469
0.998444
0.998083
1.00093
1.00129
1.00127
1.00126
1.00124
1.00121
1.00117
1.00113
1.00108
1.00103
1.00097
1.0009
1.00083
1.00075
1.00066
1.00057
1.00047
1.00037
1.00027
1.00016
1.00005
0.999937
0.999825
0.999712
0.999601
0.999492
0.999386
0.999283
0.999184
0.99909
0.999001
0.998919
0.998843
0.998774
0.998714
0.998661
0.998619
0.998582
0.998562
0.998217
1.00085
1.0012
1.00119
1.00118
1.00116
1.00113
1.00109
1.00106
1.00101
1.00096
1.0009
1.00084
1.00077
1.00069
1.00061
1.00052
1.00043
1.00034
1.00024
1.00014
1.00004
0.999937
0.999833
0.99973
0.999627
0.999526
0.999428
0.999333
0.999242
0.999154
0.999072
0.998996
0.998927
0.998864
0.998809
0.998762
0.998725
0.998694
0.998678
0.998332
1.00078
1.00113
1.00112
1.0011
1.00108
1.00105
1.00102
1.00098
1.00094
1.00089
1.00084
1.00078
1.00071
1.00064
1.00056
1.00048
1.0004
1.00031
1.00022
1.00013
1.00003
0.999938
0.999842
0.999746
0.999651
0.999558
0.999467
0.999378
0.999293
0.999213
0.999138
0.999068
0.999005
0.998947
0.998897
0.998854
0.998821
0.998797
0.99878
0.998424
1.00071
1.00106
1.00105
1.00103
1.00101
1.00099
1.00096
1.00092
1.00088
1.00083
1.00078
1.00072
1.00066
1.00059
1.00052
1.00045
1.00037
1.00029
1.0002
1.00011
1.00003
0.999939
0.99985
0.999761
0.999672
0.999585
0.999501
0.99942
0.999342
0.999268
0.999198
0.999134
0.999075
0.999022
0.998976
0.998937
0.998905
0.998885
0.998866
0.998517
1.00064
1.00099
1.00098
1.00097
1.00095
1.00092
1.00089
1.00086
1.00082
1.00078
1.00073
1.00067
1.00061
1.00055
1.00048
1.00041
1.00034
1.00026
1.00019
1.0001
1.00002
0.99994
0.999857
0.999775
0.999693
0.999613
0.999535
0.99946
0.999387
0.999319
0.999255
0.999195
0.99914
0.999091
0.999048
0.999011
0.998979
0.998957
0.99894
0.998617
1.00058
1.00093
1.00092
1.00091
1.00089
1.00087
1.00084
1.0008
1.00077
1.00072
1.00068
1.00063
1.00057
1.00051
1.00045
1.00038
1.00031
1.00024
1.00017
1.00009
1.00002
0.99994
0.999863
0.999786
0.999711
0.999636
0.999564
0.999494
0.999427
0.999363
0.999304
0.999249
0.999198
0.999153
0.999114
0.99908
0.99905
0.999025
0.999011
0.998714
1.00052
1.00088
1.00087
1.00085
1.00084
1.00081
1.00079
1.00076
1.00072
1.00068
1.00064
1.00059
1.00053
1.00048
1.00042
1.00036
1.00029
1.00023
1.00016
1.00009
1.00002
0.999945
0.999873
0.999801
0.999731
0.999662
0.999594
0.99953
0.999468
0.999409
0.999354
0.999302
0.999256
0.999213
0.999175
0.999142
0.999115
0.999091
0.999079
0.998792
1.00047
1.00082
1.00082
1.0008
1.00078
1.00076
1.00074
1.00071
1.00067
1.00063
1.00059
1.00055
1.0005
1.00044
1.00039
1.00033
1.00027
1.00021
1.00014
1.00008
1.00001
0.999942
0.999875
0.999808
0.999742
0.999678
0.999615
0.999555
0.999497
0.999443
0.999391
0.999344
0.999301
0.999263
0.99923
0.999202
0.999178
0.999157
0.999146
0.998849
1.00043
1.00078
1.00077
1.00076
1.00074
1.00072
1.0007
1.00067
1.00064
1.0006
1.00056
1.00052
1.00047
1.00042
1.00037
1.00031
1.00026
1.0002
1.00014
1.00008
1.00001
0.999951
0.999888
0.999826
0.999765
0.999705
0.999646
0.99959
0.999536
0.999486
0.999438
0.999394
0.999354
0.999317
0.999283
0.999256
0.999234
0.999216
0.999205
0.99889
1.00038
1.00073
1.00072
1.00071
1.00069
1.00067
1.00065
1.00062
1.00059
1.00056
1.00052
1.00048
1.00043
1.00039
1.00034
1.00028
1.00023
1.00017
1.00012
1.00006
1
0.999943
0.999884
0.999826
0.999768
0.999712
0.999658
0.999605
0.999555
0.999508
0.999464
0.999423
0.999387
0.999355
0.999328
0.999304
0.999284
0.999269
0.99926
0.998928
1.00034
1.0007
1.00069
1.00068
1.00066
1.00064
1.00062
1.0006
1.00057
1.00054
1.0005
1.00046
1.00042
1.00037
1.00033
1.00028
1.00023
1.00018
1.00012
1.00007
1.00001
0.999958
0.999903
0.999848
0.999794
0.999741
0.99969
0.999641
0.999594
0.999549
0.999508
0.999469
0.999434
0.999402
0.999375
0.999352
0.999334
0.999321
0.999312
0.998969
1.00031
1.00066
1.00065
1.00064
1.00062
1.0006
1.00058
1.00056
1.00053
1.00049
1.00046
1.00042
1.00038
1.00034
1.00029
1.00025
1.0002
1.00015
1.0001
1.00005
0.999996
0.999944
0.999892
0.999841
0.999791
0.999742
0.999694
0.999649
0.999605
0.999564
0.999526
0.999491
0.99946
0.999432
0.999407
0.999386
0.999369
0.999357
0.99935
0.998999
1.00027
1.00063
1.00062
1.00061
1.00059
1.00058
1.00056
1.00053
1.00051
1.00048
1.00045
1.00041
1.00037
1.00033
1.00029
1.00025
1.0002
1.00016
1.00011
1.00006
1.00001
0.999961
0.999912
0.999863
0.999814
0.999767
0.999722
0.999678
0.999636
0.999596
0.99956
0.999525
0.999496
0.999469
0.999445
0.999426
0.999413
0.999402
0.999394
0.999038
1.00025
1.0006
1.00059
1.00058
1.00057
1.00055
1.00053
1.00051
1.00048
1.00045
1.00042
1.00038
1.00035
1.00031
1.00027
1.00022
1.00018
1.00014
1.00009
1.00004
0.999998
0.999951
0.999904
0.999859
0.999814
0.99977
0.999727
0.999687
0.999649
0.999613
0.999579
0.999549
0.999521
0.999495
0.999474
0.999456
0.999439
0.999428
0.999422
0.999066
1.00022
1.00057
1.00056
1.00055
1.00054
1.00052
1.0005
1.00048
1.00045
1.00043
1.0004
1.00037
1.00033
1.00029
1.00026
1.00022
1.00017
1.00013
1.00009
1.00004
1
0.999956
0.999912
0.999868
0.999825
0.999783
0.999742
0.999703
0.999666
0.999631
0.999598
0.999568
0.999541
0.999518
0.999498
0.999483
0.999471
0.999461
0.999454
0.999097
1.0002
1.00055
1.00055
1.00054
1.00052
1.00051
1.00049
1.00046
1.00044
1.00041
1.00038
1.00035
1.00032
1.00028
1.00025
1.00021
1.00017
1.00013
1.00009
1.00004
1
0.999957
0.999915
0.999872
0.999831
0.99979
0.999751
0.999714
0.999679
0.999645
0.999615
0.999587
0.999563
0.999541
0.999521
0.999505
0.999493
0.999484
0.999478
0.999119
1.00018
1.00053
1.00052
1.00051
1.0005
1.00048
1.00046
1.00044
1.00042
1.00039
1.00036
1.00033
1.0003
1.00027
1.00023
1.00019
1.00016
1.00012
1.00008
1.00004
0.999999
0.999958
0.999918
0.999879
0.99984
0.999802
0.999766
0.999731
0.999698
0.999667
0.999638
0.999613
0.99959
0.999572
0.999556
0.999542
0.999531
0.999523
0.999517
0.999159
)
;

boundaryField
{
    FrontBack
    {
        type            empty;
    }
    Cylinder
    {
        type            calculated;
        value           uniform 0;
    }
    Bottom
    {
        type            calculated;
        value           uniform 0;
    }
    Top
    {
        type            calculated;
        value           uniform 0;
    }
    Inlet
    {
        type            calculated;
        value           uniform 1;
    }
    Outlet
    {
        type            calculated;
        value           nonuniform List<scalar> 
40
(
1.00018
1.00053
1.00052
1.00051
1.0005
1.00048
1.00046
1.00044
1.00042
1.00039
1.00036
1.00033
1.0003
1.00027
1.00023
1.00019
1.00016
1.00012
1.00008
1.00004
0.999999
0.999958
0.999918
0.999879
0.99984
0.999802
0.999766
0.999731
0.999698
0.999667
0.999638
0.999613
0.99959
0.999572
0.999556
0.999542
0.999531
0.999523
0.999517
0.999159
)
;
    }
}


// ************************************************************************* //
