/*--------------------------------*- C++ -*----------------------------------*\
  =========                 |
  \\      /  F ield         | OpenFOAM: The Open Source CFD Toolbox
   \\    /   O peration     | Website:  https://openfoam.org
    \\  /    A nd           | Version:  11
     \\/     M anipulation  |
\*---------------------------------------------------------------------------*/
FoamFile
{
    format      ascii;
    class       volScalarField;
    location    "5.5";
    object      mag(U);
}
// * * * * * * * * * * * * * * * * * * * * * * * * * * * * * * * * * * * * * //

dimensions      [0 1 -1 0 0 0 0];

internalField   nonuniform List<scalar> 
9600
(
0.991906
0.990882
0.990518
0.990261
0.989913
0.989735
0.989958
0.990526
0.991389
0.992571
0.994126
0.995943
0.997902
1.00053
1.00474
1.00571
0.99992
0.980859
0.966813
0.961408
0.961746
0.969187
0.985852
1.00243
1.01916
1.03325
1.0443
1.05435
1.06299
1.06795
1.06892
1.06816
1.06612
1.06325
1.05996
1.05613
1.05149
1.0455
1.0377
1.02953
0.99244
0.992484
0.992655
0.993008
0.993282
0.993692
0.994373
0.995221
0.99673
0.998945
1.00115
1.00252
1.00481
1.00793
1.01094
1.01426
1.01873
1.02358
1.0256
1.02472
1.02464
1.02688
1.03136
1.03847
1.04552
1.05231
1.05842
1.06395
1.06775
1.06978
1.07043
1.06931
1.06752
1.06286
1.0592
1.05147
1.04708
1.03793
1.03399
1.02147
0.992492
0.992513
0.992773
0.993109
0.993388
0.993931
0.994734
0.995734
0.99726
0.999323
1.00121
1.00254
1.00456
1.00863
1.01404
1.01948
1.02266
1.02307
1.02206
1.01787
1.01595
1.01753
1.02388
1.03145
1.04084
1.05051
1.05921
1.06671
1.07271
1.07803
1.08192
1.08361
1.08365
1.08213
1.07951
1.07308
1.06878
1.06003
1.05584
1.04602
0.992488
0.99252
0.992869
0.993178
0.993526
0.994032
0.994787
0.996042
0.997409
0.99909
1.00147
1.00396
1.00581
1.00833
1.0134
1.01879
1.02299
1.02561
1.02889
1.03297
1.03871
1.04398
1.04993
1.05502
1.06044
1.06517
1.06849
1.07152
1.07426
1.07528
1.07691
1.07492
1.07296
1.06786
1.06397
1.057
1.05299
1.04536
1.04105
1.03075
0.992448
0.992517
0.992882
0.993254
0.993557
0.994132
0.995026
0.996198
0.997699
0.999603
1.00156
1.0043
1.00718
1.00986
1.01206
1.01582
1.02424
1.03177
1.0376
1.03996
1.04133
1.04085
1.04222
1.04421
1.04934
1.05487
1.06156
1.06776
1.07309
1.07673
1.08046
1.08242
1.08379
1.08293
1.08165
1.07653
1.07229
1.06419
1.05936
1.05075
0.992364
0.992438
0.992935
0.993264
0.993584
0.99424
0.995155
0.996354
0.997672
0.999757
1.00254
1.00472
1.00655
1.00916
1.01354
1.01815
1.02432
1.02939
1.03442
1.03904
1.04528
1.05081
1.05673
1.06159
1.06636
1.07148
1.07546
1.07827
1.08094
1.08198
1.08451
1.08276
1.0813
1.07535
1.07108
1.06375
1.05988
1.05247
1.04829
1.03823
0.992334
0.992463
0.993006
0.993288
0.993591
0.994311
0.995483
0.996553
0.997916
1
1.0032
1.00533
1.00695
1.00936
1.0138
1.01886
1.02414
1.02957
1.03614
1.04204
1.04784
1.05117
1.05427
1.05545
1.05899
1.06145
1.06618
1.07031
1.07537
1.07822
1.08146
1.08259
1.08483
1.08432
1.08418
1.08061
1.07653
1.06925
1.06411
1.05533
0.992143
0.992361
0.992923
0.993221
0.99362
0.994314
0.995701
0.996433
0.998223
1.00045
1.00304
1.00535
1.00807
1.01047
1.0139
1.01843
1.0247
1.03077
1.03641
1.04051
1.04504
1.0497
1.05608
1.06203
1.06824
1.0734
1.07854
1.08265
1.08604
1.08735
1.09064
1.09027
1.09056
1.08538
1.08121
1.07276
1.06844
1.06062
1.0563
1.04608
0.992173
0.992458
0.992937
0.993276
0.993704
0.99437
0.995842
0.996883
0.9984
1.00058
1.00352
1.0065
1.00858
1.01108
1.0138
1.01916
1.02473
1.03029
1.03569
1.041
1.0465
1.05093
1.05587
1.05954
1.06525
1.0684
1.07263
1.07548
1.07989
1.08239
1.08561
1.08567
1.08722
1.08662
1.08749
1.08475
1.08174
1.07519
1.07042
1.06126
0.991951
0.992412
0.992786
0.993098
0.993612
0.994333
0.995745
0.997044
0.99851
1.00065
1.00381
1.00653
1.00913
1.01147
1.01465
1.01898
1.0243
1.03015
1.03629
1.04154
1.04565
1.04886
1.05317
1.0582
1.06546
1.07144
1.07797
1.08309
1.08853
1.09132
1.09554
1.09591
1.09847
1.09529
1.0931
1.08477
1.07995
1.07114
1.06657
1.05533
0.991866
0.992293
0.992901
0.993159
0.99363
0.994421
0.995965
0.997385
0.998882
1.00093
1.00365
1.0074
1.01004
1.01238
1.01462
1.0191
1.02438
1.03065
1.03628
1.04139
1.04557
1.04957
1.05401
1.05707
1.06306
1.06786
1.07473
1.07888
1.08442
1.08734
1.09195
1.09238
1.09358
1.09224
1.0925
1.08966
1.08792
1.08213
1.07799
1.0685
0.991491
0.991876
0.992655
0.992881
0.993328
0.994167
0.995798
0.997176
0.998925
1.0006
1.00388
1.00736
1.01043
1.01244
1.01538
1.01932
1.02441
1.03025
1.03639
1.04199
1.04658
1.04942
1.05233
1.0545
1.05962
1.0649
1.07294
1.07958
1.08739
1.09248
1.09889
1.10093
1.10508
1.10408
1.10417
1.09821
1.0941
1.08419
1.07954
1.06706
0.991461
0.991896
0.992656
0.992886
0.9935
0.994191
0.995878
0.997535
0.999213
1.00136
1.00411
1.00777
1.0108
1.01346
1.0163
1.02062
1.02488
1.03045
1.03615
1.04179
1.0461
1.04873
1.05235
1.0541
1.05804
1.06159
1.06892
1.07517
1.08341
1.08907
1.09619
1.09971
1.1031
1.10226
1.10227
1.09835
1.09701
1.09109
1.08772
1.07765
0.990987
0.991466
0.992218
0.992435
0.993182
0.993782
0.995733
0.99682
0.99926
1.00111
1.00383
1.00741
1.01103
1.01387
1.01711
1.02084
1.02536
1.03025
1.03591
1.04073
1.04595
1.04885
1.052
1.05336
1.05603
1.05896
1.06421
1.071
1.08018
1.08802
1.09761
1.10337
1.1102
1.11237
1.11494
1.11095
1.10968
1.10018
1.09578
1.08235
0.990894
0.991284
0.992269
0.99242
0.993114
0.99416
0.995826
0.99747
0.999269
1.00155
1.00451
1.00831
1.01186
1.01519
1.01817
1.02254
1.02683
1.03131
1.03576
1.04023
1.04536
1.0485
1.05188
1.0534
1.05599
1.05782
1.06211
1.06716
1.07547
1.08369
1.09367
1.10124
1.10966
1.11282
1.11621
1.11259
1.11162
1.10441
1.10161
1.08952
0.990049
0.990416
0.991616
0.991668
0.992475
0.993255
0.995476
0.997021
0.998823
1.00138
1.00406
1.00788
1.01155
1.01503
1.01899
1.02272
1.02728
1.03094
1.036
1.03952
1.04398
1.04709
1.05062
1.05332
1.05566
1.05777
1.0607
1.06508
1.07093
1.07883
1.08988
1.09947
1.11043
1.11633
1.12434
1.12316
1.12567
1.11793
1.11537
1.1021
0.990317
0.990434
0.991513
0.991973
0.992457
0.993397
0.995361
0.997662
0.999641
1.00211
1.0045
1.00874
1.01216
1.017
1.0204
1.02457
1.02845
1.03254
1.03702
1.04008
1.04383
1.04608
1.04953
1.05194
1.05503
1.0574
1.06064
1.06408
1.06921
1.07594
1.08525
1.09414
1.10716
1.11437
1.12501
1.12581
1.12993
1.12278
1.12186
1.10712
0.989273
0.989393
0.990492
0.990677
0.991703
0.992375
0.993944
0.996985
0.998989
1.00182
1.00403
1.00803
1.0118
1.01644
1.02023
1.02465
1.02859
1.03227
1.03662
1.04004
1.04338
1.04519
1.0479
1.04951
1.05276
1.05543
1.05904
1.06296
1.06782
1.07387
1.08195
1.09028
1.10298
1.1114
1.12601
1.12977
1.1385
1.13451
1.13648
1.12311
0.989231
0.989759
0.990478
0.991016
0.99212
0.992912
0.994189
0.996848
0.999337
1.00299
1.00537
1.0095
1.01273
1.01757
1.02157
1.02662
1.03055
1.03441
1.03766
1.0406
1.0444
1.0456
1.04799
1.04828
1.05057
1.05232
1.05629
1.05979
1.06595
1.07157
1.08125
1.08871
1.10167
1.1092
1.12395
1.12923
1.14166
1.13975
1.14521
1.13084
0.987699
0.98815
0.989099
0.989827
0.990611
0.992078
0.993091
0.995634
0.99791
1.00186
1.00508
1.00918
1.01269
1.01737
1.02112
1.02623
1.03022
1.0343
1.0375
1.04004
1.0433
1.04446
1.04689
1.0469
1.04855
1.04904
1.05227
1.05438
1.06136
1.06657
1.07765
1.08539
1.10035
1.10854
1.12455
1.13014
1.14608
1.14547
1.15714
1.14499
0.987387
0.988238
0.989088
0.989998
0.990768
0.992409
0.993814
0.996512
0.99868
1.00245
1.00606
1.01046
1.01487
1.01938
1.02333
1.02816
1.03204
1.03613
1.04004
1.0423
1.04508
1.04567
1.04696
1.0466
1.04739
1.04637
1.04916
1.0495
1.05613
1.05986
1.0712
1.07918
1.09625
1.1062
1.12644
1.13311
1.15131
1.15136
1.16464
1.15534
0.985157
0.98647
0.986973
0.98825
0.988953
0.990586
0.99252
0.995074
0.998146
1.00132
1.00522
1.00953
1.01391
1.01909
1.02344
1.02846
1.03222
1.03599
1.03996
1.04221
1.04479
1.0453
1.04581
1.04498
1.0448
1.04304
1.04538
1.04417
1.04988
1.05216
1.06291
1.07
1.08725
1.09848
1.12241
1.13234
1.15727
1.16012
1.17757
1.16776
0.98484
0.986355
0.986867
0.988225
0.989241
0.990842
0.993118
0.995604
0.99938
1.00279
1.00742
1.01162
1.0161
1.02116
1.0258
1.03104
1.03562
1.03913
1.04312
1.04509
1.04726
1.04767
1.04722
1.04599
1.04462
1.04148
1.04259
1.03979
1.04386
1.04367
1.05305
1.05882
1.07623
1.08771
1.11288
1.12609
1.15646
1.16606
1.19123
1.18438
0.981844
0.98348
0.984428
0.985349
0.987223
0.988469
0.991399
0.993668
0.997682
1.00143
1.00628
1.01108
1.0158
1.02133
1.0259
1.03103
1.03594
1.03981
1.04397
1.04598
1.04782
1.04784
1.04702
1.04503
1.04309
1.03859
1.03813
1.03341
1.03543
1.03381
1.0413
1.04539
1.06127
1.07219
1.09796
1.11371
1.1483
1.16136
1.19916
1.19885
0.982237
0.983438
0.984784
0.985383
0.987575
0.98873
0.992462
0.994801
0.999584
1.00338
1.00841
1.01391
1.01889
1.02471
1.03022
1.03528
1.04058
1.04409
1.04814
1.05028
1.05205
1.05169
1.05044
1.0472
1.04441
1.03831
1.03639
1.03
1.0296
1.02514
1.02956
1.0304
1.04351
1.05224
1.07695
1.09383
1.13068
1.14978
1.19528
1.20837
0.979421
0.980277
0.981812
0.98232
0.984708
0.98561
0.989768
0.992184
0.997434
1.00197
1.00742
1.01322
1.01901
1.02471
1.03105
1.03642
1.0423
1.0463
1.05028
1.05214
1.05379
1.05314
1.05166
1.04749
1.04415
1.037
1.03315
1.02478
1.02204
1.01449
1.01564
1.0126
1.02172
1.02776
1.04818
1.0649
1.1006
1.12557
1.17439
1.20451
0.979873
0.980665
0.982932
0.983039
0.986303
0.987253
0.991592
0.99418
0.999899
1.0042
1.01141
1.01631
1.02403
1.02965
1.03676
1.04236
1.04843
1.05297
1.0571
1.05905
1.06059
1.0594
1.05776
1.05264
1.04845
1.04003
1.03399
1.02353
1.01731
1.00806
1.00454
0.999216
1.0009
1.00339
1.01462
1.03064
1.05615
1.08723
1.12857
1.17732
0.975094
0.975691
0.978914
0.978981
0.982701
0.984084
0.989072
0.99191
0.998418
1.00302
1.01041
1.01655
1.02398
1.03099
1.03807
1.04485
1.05106
1.05629
1.06044
1.06285
1.06427
1.06318
1.06104
1.05607
1.05037
1.04152
1.03321
1.02287
1.0126
1.00181
0.992041
0.984408
0.977079
0.97802
0.976049
0.992086
1.00088
1.03524
1.05868
1.11985
0.975893
0.976359
0.980139
0.980405
0.984977
0.986539
0.992232
0.995955
1.0026
1.00886
1.01595
1.02378
1.03095
1.03919
1.04636
1.05385
1.06017
1.06628
1.07017
1.07351
1.07417
1.07387
1.07017
1.06624
1.05841
1.05034
1.03884
1.0285
1.01393
1.00257
0.985961
0.977402
0.959875
0.959071
0.943465
0.955405
0.946463
0.976426
0.981363
1.03762
0.968337
0.970075
0.973491
0.975578
0.979097
0.983154
0.987976
0.993855
1.00061
1.00775
1.01619
1.02487
1.03296
1.04235
1.05008
1.05877
1.06517
1.07232
1.07617
1.08036
1.08037
1.0812
1.07666
1.07305
1.06422
1.05673
1.04283
1.0331
1.01496
1.00378
0.982371
0.972368
0.948076
0.942216
0.916528
0.919983
0.896889
0.915023
0.901527
0.95043
0.966025
0.971272
0.973464
0.978217
0.98147
0.986952
0.992648
0.999121
1.0069
1.01615
1.02446
1.0354
1.04394
1.05489
1.06287
1.07312
1.07951
1.08818
1.09163
1.09747
1.09663
1.09879
1.09316
1.09093
1.08022
1.0745
1.05828
1.04902
1.02862
1.01666
0.992114
0.979021
0.950027
0.938522
0.906017
0.900496
0.868124
0.871182
0.840134
0.868469
0.958351
0.96266
0.966213
0.970978
0.975828
0.981854
0.988619
0.997196
1.00505
1.01614
1.02498
1.03745
1.04675
1.05977
1.06802
1.08056
1.08678
1.09759
1.10046
1.10814
1.10676
1.11054
1.10411
1.10367
1.09183
1.08713
1.07049
1.06165
1.04066
1.02818
1.00301
0.987868
0.957682
0.94201
0.907068
0.892839
0.853935
0.844582
0.802703
0.806419
0.960349
0.965694
0.969989
0.975857
0.980567
0.988451
0.995195
1.00585
1.01469
1.02889
1.03875
1.05406
1.06362
1.07884
1.08705
1.1021
1.10796
1.12064
1.12366
1.13259
1.13139
1.13633
1.13018
1.13026
1.11964
1.11406
1.09983
1.08914
1.07106
1.05669
1.03395
1.01701
0.987998
0.969563
0.93327
0.912786
0.871158
0.850273
0.804785
0.787428
0.949491
0.956648
0.962683
0.970947
0.977773
0.989134
0.996616
1.01006
1.01896
1.03491
1.04491
1.06291
1.07334
1.09126
1.10059
1.11704
1.12424
1.13709
1.14151
1.14987
1.15067
1.1538
1.15106
1.14888
1.14189
1.13547
1.12366
1.11402
1.09665
1.08502
1.06111
1.04561
1.01829
0.997503
0.966069
0.940949
0.904522
0.876451
0.837813
0.806108
0.951116
0.958917
0.964597
0.975294
0.982318
0.997697
1.00681
1.02567
1.03704
1.05856
1.0712
1.0931
1.10567
1.12607
1.13718
1.15526
1.16357
1.17819
1.18273
1.19338
1.19337
1.19927
1.19454
1.19579
1.18682
1.18314
1.17096
1.1624
1.14792
1.13535
1.11771
1.10289
1.08053
1.06343
1.0369
1.01322
0.988627
0.955252
0.928589
0.895718
0.94132
0.955533
0.966149
0.981711
0.991679
1.00963
1.02013
1.04036
1.0529
1.07607
1.08924
1.11465
1.12676
1.15246
1.16161
1.18522
1.19072
1.21023
1.21231
1.22607
1.22536
1.2322
1.22907
1.22969
1.22349
1.22072
1.21025
1.20687
1.19308
1.18767
1.17379
1.16185
1.14949
1.13038
1.11421
1.09172
1.06927
1.04502
1.0213
0.989249
0.938612
0.951949
0.966041
0.987724
1.00436
1.0305
1.04975
1.07813
1.09755
1.12532
1.14321
1.16987
1.18506
1.2104
1.22134
1.24474
1.25028
1.27079
1.27067
1.28711
1.28189
1.29334
1.28454
1.2911
1.27986
1.28318
1.27046
1.27164
1.25954
1.25735
1.24781
1.24004
1.23301
1.2206
1.2097
1.19771
1.17877
1.16463
1.14442
1.13147
0.949917
0.977102
0.994794
1.02212
1.04044
1.06668
1.08655
1.113
1.13704
1.16397
1.18833
1.2151
1.23616
1.26152
1.27694
1.29972
1.30819
1.32796
1.3284
1.34419
1.3383
1.34869
1.33824
1.34394
1.3312
1.33378
1.32115
1.32325
1.31249
1.31605
1.30744
1.31231
1.30463
1.30878
1.29905
1.29861
1.28214
1.27226
1.24564
1.23078
0.978937
1.02011
1.05569
1.09872
1.13634
1.17158
1.21322
1.24277
1.2837
1.31013
1.34478
1.3694
1.39714
1.41816
1.43875
1.45596
1.4689
1.48054
1.48674
1.49028
1.48974
1.4848
1.47753
1.46715
1.45524
1.43954
1.42498
1.40733
1.39401
1.37711
1.36942
1.35653
1.35657
1.3511
1.35517
1.36307
1.36169
1.37825
1.34864
1.35363
1.14739
1.18416
1.22114
1.25877
1.29581
1.33111
1.36359
1.39238
1.41945
1.43791
1.46033
1.47143
1.48456
1.49493
1.50083
1.50891
1.50469
1.50515
1.48992
1.48169
1.45596
1.43947
1.40155
1.37492
1.32648
1.28673
1.23481
1.18081
1.13018
1.06339
1.01759
0.942002
0.898468
0.838912
0.770903
0.764856
0.682599
0.348576
0.061882
0.117048
1.02995
1.02858
1.02632
1.02284
1.01535
1.00479
0.992599
0.969597
0.944791
0.921294
0.900136
0.940976
1.01032
1.01866
1.01044
1.00254
1.00084
1.00069
1.00146
1.00327
1.00478
1.00599
1.00685
1.00806
1.00821
1.00907
1.00904
1.00944
1.00921
1.0095
1.00915
1.00933
1.00891
1.00903
1.00878
1.00868
1.00843
1.00829
1.0086
1.01107
1.03155
1.03127
1.02798
1.02466
1.01653
1.00574
0.993364
0.967642
0.94252
0.920223
0.892205
0.924377
1.00507
1.0181
1.01141
1.00276
1.00078
1.00055
1.00123
1.003
1.00447
1.00595
1.0067
1.00809
1.00827
1.00909
1.0091
1.00951
1.00931
1.00965
1.00936
1.0096
1.00924
1.00934
1.00914
1.00899
1.00872
1.00837
1.00802
1.00624
1.03638
1.03407
1.03066
1.02847
1.02006
1.00832
0.996448
0.969003
0.941332
0.918597
0.885221
0.91125
1.00108
1.01765
1.01085
1.0023
1.00051
1.00038
1.00127
1.00326
1.00464
1.0063
1.00715
1.00854
1.00864
1.00947
1.00946
1.00986
1.00976
1.01008
1.00986
1.01011
1.00981
1.00982
1.00955
1.00934
1.00917
1.00895
1.0094
1.01161
1.03649
1.03647
1.03303
1.03103
1.02222
1.01014
0.997676
0.968589
0.940192
0.919325
0.880015
0.892124
0.991784
1.01556
1.01035
1.00142
0.999947
0.999934
1.00085
1.00298
1.00434
1.00615
1.00715
1.00856
1.00882
1.00969
1.00969
1.0102
1.01014
1.01049
1.01023
1.01042
1.01021
1.0101
1.00989
1.00956
1.00932
1.00889
1.00847
1.00653
1.04165
1.0397
1.03627
1.03557
1.02613
1.01376
1.00187
0.971142
0.939545
0.91995
0.878227
0.875582
0.980185
1.01225
1.00805
0.99984
0.999175
0.999474
1.0007
1.00305
1.00438
1.0063
1.00748
1.00885
1.00924
1.01007
1.0102
1.01074
1.01058
1.01095
1.01064
1.01076
1.01054
1.01043
1.01025
1.01006
1.00989
1.0097
1.00986
1.01134
1.04248
1.04221
1.03905
1.039
1.0297
1.01672
1.00395
0.972964
0.939816
0.920979
0.877479
0.855575
0.964047
1.00739
1.00551
0.997675
0.997882
0.998497
1.00012
1.00265
1.004
1.00621
1.00754
1.0089
1.00947
1.01021
1.01039
1.01098
1.01084
1.01121
1.01094
1.01103
1.01083
1.01074
1.01055
1.01025
1.01001
1.00971
1.00925
1.00749
1.04824
1.04629
1.04359
1.0446
1.03478
1.02216
1.00928
0.976701
0.940746
0.922108
0.880066
0.837952
0.943851
1.00008
1.0009
0.99469
0.99626
0.997406
0.999905
1.00248
1.00397
1.00634
1.00775
1.00917
1.0099
1.01061
1.01095
1.01146
1.01139
1.01167
1.01135
1.01149
1.01124
1.01123
1.01111
1.01091
1.01065
1.01044
1.01053
1.01141
1.04967
1.04903
1.04754
1.04957
1.0403
1.02711
1.01307
0.979825
0.942772
0.923388
0.881784
0.818447
0.919855
0.990734
0.995837
0.990849
0.994022
0.995686
0.999017
1.00187
1.00364
1.0064
1.0078
1.00933
1.01019
1.01089
1.0113
1.01176
1.01181
1.01203
1.01177
1.01184
1.01149
1.01136
1.01119
1.01104
1.01078
1.01046
1.01018
1.00874
1.05603
1.05403
1.05352
1.05591
1.04726
1.03474
1.01986
0.984589
0.946177
0.924771
0.883835
0.80077
0.89244
0.978126
0.988706
0.985842
0.991312
0.993675
0.998404
1.00164
1.00375
1.0067
1.00808
1.00975
1.01069
1.01131
1.01185
1.01223
1.01241
1.01262
1.0123
1.01232
1.01187
1.01186
1.01172
1.01161
1.01151
1.0112
1.01124
1.0117
1.05812
1.05807
1.05932
1.06228
1.05516
1.04202
1.02557
0.988734
0.950328
0.925651
0.882854
0.781473
0.86224
0.962804
0.980539
0.979831
0.987914
0.990986
0.996934
1.00061
1.00325
1.0065
1.00796
1.00989
1.01096
1.01171
1.01233
1.01269
1.01287
1.0131
1.01285
1.01283
1.01231
1.01217
1.01193
1.01177
1.01166
1.01128
1.01117
1.01013
1.06526
1.06472
1.06838
1.07038
1.06508
1.05241
1.03387
0.994913
0.956283
0.926005
0.878533
0.761596
0.830532
0.945065
0.970504
0.97272
0.98385
0.987911
0.995476
0.999753
1.00311
1.00651
1.00823
1.0103
1.01147
1.01234
1.01298
1.01334
1.01349
1.01376
1.01358
1.01373
1.0134
1.01319
1.01288
1.01254
1.01243
1.01213
1.01196
1.01219
1.06839
1.07069
1.0769
1.07942
1.07616
1.06291
1.04244
1.00143
0.961835
0.92439
0.868047
0.738322
0.798219
0.925539
0.958783
0.964973
0.979309
0.984467
0.993287
0.998274
1.00234
1.00609
1.00821
1.01053
1.01184
1.01276
1.01332
1.01377
1.01388
1.01415
1.01404
1.01405
1.01377
1.01349
1.01316
1.01271
1.01255
1.01227
1.0121
1.01153
1.07677
1.0795
1.08806
1.08982
1.08898
1.07613
1.05396
1.01059
0.967954
0.920465
0.850431
0.711909
0.765797
0.904794
0.945516
0.956614
0.974215
0.98086
0.991153
0.997174
1.00203
1.00603
1.00847
1.01082
1.01228
1.0134
1.01395
1.01437
1.01444
1.01457
1.01454
1.01452
1.01446
1.01425
1.01398
1.01366
1.01335
1.01321
1.01283
1.01293
1.08202
1.08858
1.09823
1.10151
1.1022
1.08945
1.06695
1.02128
0.971186
0.910387
0.822198
0.681259
0.734294
0.883128
0.930951
0.948234
0.968765
0.977315
0.98876
0.995497
1.0011
1.00554
1.00852
1.01117
1.01288
1.01411
1.01473
1.01515
1.01526
1.01508
1.01516
1.01486
1.01493
1.01469
1.0144
1.01414
1.01366
1.01349
1.01306
1.01293
1.09328
1.10217
1.11215
1.11733
1.11904
1.1084
1.08539
1.03446
0.970246
0.891405
0.782562
0.646628
0.705517
0.861884
0.915522
0.939827
0.962749
0.973883
0.98622
0.994259
1.00035
1.00529
1.00868
1.01155
1.01362
1.01501
1.01592
1.01629
1.01677
1.01644
1.01679
1.01637
1.01648
1.01598
1.01568
1.01535
1.01471
1.01456
1.01384
1.01385
1.10225
1.1144
1.12437
1.13532
1.13829
1.13274
1.10964
1.0468
0.959724
0.857772
0.730505
0.60865
0.681742
0.842191
0.899597
0.932194
0.956924
0.971053
0.983654
0.992548
0.998927
1.0045
1.00812
1.01148
1.01382
1.01535
1.01664
1.01688
1.01766
1.01717
1.01774
1.01695
1.0172
1.01632
1.01605
1.01555
1.01496
1.01484
1.01421
1.01412
1.11568
1.13161
1.14036
1.15605
1.16323
1.16684
1.14085
1.05168
0.934241
0.806356
0.667508
0.570434
0.665182
0.825412
0.884721
0.925238
0.951602
0.968913
0.981954
0.991569
0.998507
1.00417
1.00784
1.01133
1.01361
1.01533
1.01696
1.01728
1.01836
1.01778
1.01861
1.01765
1.01822
1.01721
1.01734
1.01663
1.01627
1.01581
1.01512
1.01506
1.12873
1.14427
1.15597
1.17798
1.19669
1.21358
1.1645
1.0376
0.883979
0.732909
0.595764
0.539028
0.658982
0.811981
0.871898
0.919621
0.947449
0.967939
0.981551
0.991399
0.998763
1.00434
1.00831
1.01179
1.01409
1.01585
1.01728
1.01768
1.01866
1.01813
1.01903
1.01815
1.01895
1.0179
1.01841
1.01744
1.01741
1.01673
1.01632
1.01594
1.14362
1.16276
1.18085
1.21035
1.24991
1.26974
1.17028
0.995409
0.804922
0.639326
0.52739
0.523537
0.664006
0.802293
0.862833
0.915573
0.944432
0.967893
0.982013
0.992541
1.00039
1.00596
1.01024
1.01355
1.01583
1.01763
1.01861
1.01961
1.02011
1.02017
1.02071
1.02015
1.02083
1.01986
1.02035
1.01914
1.0192
1.01815
1.01806
1.01737
1.15969
1.17923
1.20468
1.25533
1.32352
1.2966
1.15421
0.912417
0.693972
0.535387
0.485529
0.529958
0.679878
0.798456
0.85927
0.913687
0.943032
0.96926
0.982796
0.994633
1.00203
1.00814
1.01223
1.01558
1.01748
1.01957
1.01978
1.02148
1.02095
1.02178
1.02139
1.02128
1.02135
1.02071
1.02092
1.01993
1.02
1.01904
1.01925
1.01854
1.17292
1.20236
1.2394
1.32564
1.39006
1.31206
1.08866
0.783108
0.5617
0.459667
0.4866
0.562
0.705059
0.803019
0.862478
0.915624
0.944452
0.971935
0.984303
0.997726
1.00381
1.01069
1.01372
1.01781
1.01887
1.02183
1.02112
1.02375
1.02222
1.02395
1.02248
1.02309
1.02222
1.02199
1.02152
1.02091
1.0208
1.02023
1.02031
1.01973
1.1946
1.22727
1.28735
1.41109
1.42239
1.28924
0.959889
0.615553
0.449513
0.470801
0.530398
0.612476
0.736074
0.815583
0.873458
0.92251
0.950267
0.977534
0.988624
1.00207
1.00651
1.01402
1.01605
1.02068
1.02056
1.02413
1.02247
1.02568
1.02348
1.02551
1.02327
1.02444
1.02264
1.02319
1.02172
1.02177
1.02112
1.02123
1.02104
1.02078
1.21603
1.25544
1.35664
1.48678
1.43767
1.21005
0.773514
0.480741
0.477229
0.552443
0.607839
0.673904
0.772866
0.837783
0.893899
0.934312
0.962637
0.98639
0.997042
1.00876
1.01306
1.01908
1.02101
1.02459
1.0246
1.02775
1.02608
1.02884
1.02656
1.02868
1.02613
1.02746
1.02502
1.02571
1.02354
1.02389
1.02238
1.02272
1.02177
1.02211
1.23633
1.29346
1.43796
1.50879
1.41434
1.08221
0.660612
0.562225
0.626666
0.668294
0.685852
0.739684
0.819482
0.870329
0.922996
0.951715
0.982453
0.998598
1.01137
1.01715
1.02349
1.02487
1.02888
1.02869
1.03071
1.03112
1.03091
1.03197
1.0303
1.03191
1.02957
1.03094
1.02833
1.02904
1.02641
1.02674
1.02462
1.02482
1.02338
1.02381
1.24573
1.32947
1.49183
1.48795
1.30116
0.977153
0.799818
0.778458
0.773858
0.760465
0.752988
0.816541
0.871343
0.9142
0.9585
0.97709
1.00841
1.01476
1.03066
1.02805
1.03828
1.03256
1.04033
1.0347
1.0399
1.03608
1.03829
1.03651
1.03613
1.03633
1.03444
1.03504
1.0325
1.03267
1.02987
1.02991
1.02751
1.02749
1.02591
1.02624
1.24362
1.35319
1.42851
1.33455
1.15842
1.00052
0.921656
0.886127
0.832783
0.805062
0.822837
0.89012
0.927736
0.969415
0.99667
1.01269
1.03681
1.03876
1.05331
1.04463
1.05542
1.04498
1.05265
1.04313
1.04917
1.04193
1.04512
1.04031
1.04133
1.03916
1.03858
1.03763
1.03629
1.03547
1.03346
1.03279
1.0308
1.03023
1.02865
1.02869
1.22146
1.31315
1.25625
1.15526
1.08912
0.985287
0.923415
0.889345
0.819668
0.822738
0.858574
0.9242
0.987814
1.0278
1.03967
1.05702
1.06616
1.07119
1.07585
1.06917
1.07216
1.06292
1.06568
1.0554
1.05906
1.05075
1.05271
1.04721
1.04766
1.04383
1.04385
1.04112
1.04091
1.03878
1.03795
1.03614
1.03506
1.03346
1.03283
1.03228
1.16209
1.15992
1.0476
1.00596
0.955726
0.889469
0.850842
0.809115
0.766247
0.815655
0.860234
0.946476
1.01164
1.07576
1.09267
1.10257
1.1038
1.10933
1.10326
1.09998
1.09186
1.08688
1.08075
1.07329
1.0703
1.06505
1.06214
1.05893
1.05684
1.05316
1.05209
1.0486
1.04764
1.04484
1.04351
1.04111
1.03935
1.03761
1.03674
1.0354
1.05166
0.963736
0.851372
0.816445
0.778356
0.731531
0.714752
0.684395
0.694329
0.769382
0.829772
0.942041
1.01792
1.10356
1.13569
1.15004
1.15032
1.14812
1.14196
1.13596
1.1215
1.11756
1.10465
1.09999
1.08894
1.0859
1.07744
1.07492
1.06973
1.06625
1.06331
1.05946
1.05688
1.05393
1.0511
1.04904
1.04616
1.045
1.04282
1.04197
0.916742
0.807125
0.673635
0.617834
0.585533
0.553713
0.552672
0.54562
0.579828
0.665053
0.757468
0.899499
1.00926
1.11006
1.16169
1.19309
1.19469
1.18916
1.18317
1.1711
1.1575
1.14729
1.1343
1.1256
1.11244
1.10654
1.0963
1.09061
1.08532
1.07975
1.07672
1.07123
1.06848
1.06397
1.06053
1.05742
1.05384
1.05166
1.04895
1.04821
0.813597
0.71169
0.57713
0.495084
0.437493
0.414192
0.402849
0.392333
0.420158
0.501252
0.624575
0.793478
0.954692
1.09023
1.17154
1.21345
1.22967
1.22465
1.21633
1.20447
1.18958
1.17535
1.16349
1.15089
1.13818
1.12848
1.11712
1.10866
1.10206
1.09506
1.09055
1.08493
1.0817
1.07605
1.07339
1.06847
1.06504
1.06144
1.05906
1.0567
0.747614
0.683241
0.584384
0.506964
0.439451
0.414789
0.373695
0.330516
0.299939
0.319365
0.430178
0.607221
0.823426
1.01437
1.14932
1.21733
1.24686
1.2549
1.24661
1.23566
1.22086
1.20432
1.19186
1.17851
1.16543
1.15393
1.14166
1.13165
1.12238
1.11457
1.10612
1.10085
1.09357
1.08903
1.08375
1.08036
1.07526
1.07364
1.06979
1.06825
0.729628
0.690535
0.650087
0.608242
0.551418
0.537875
0.529494
0.498139
0.449958
0.383788
0.348111
0.405662
0.605026
0.848784
1.06009
1.18986
1.25135
1.27593
1.28066
1.27095
1.25888
1.2402
1.22574
1.21228
1.19837
1.18495
1.17364
1.1606
1.15221
1.14128
1.1319
1.12366
1.11468
1.10798
1.10052
1.09657
1.08945
1.08728
1.08255
1.08159
0.765767
0.729786
0.712664
0.710536
0.690479
0.670906
0.683798
0.695192
0.711238
0.691635
0.630688
0.540882
0.48747
0.616335
0.857215
1.08125
1.21166
1.27177
1.29431
1.30044
1.29522
1.28331
1.26595
1.25469
1.2378
1.22587
1.21218
1.1992
1.18986
1.17806
1.16805
1.15692
1.14844
1.13654
1.13055
1.12172
1.11714
1.10937
1.10583
1.10313
0.866883
0.845132
0.838164
0.829812
0.845741
0.831436
0.824918
0.82712
0.839579
0.86283
0.880264
0.855009
0.78747
0.682284
0.636612
0.765903
0.987423
1.14264
1.22997
1.27497
1.29487
1.30171
1.29512
1.28604
1.27478
1.26492
1.25057
1.24082
1.22986
1.22225
1.2112
1.20486
1.19444
1.18429
1.17365
1.16035
1.15141
1.14025
1.13423
1.12826
0.981118
0.96647
0.996553
1.00477
0.991225
0.963878
0.93041
0.895752
0.875803
0.872633
0.879082
0.887189
0.879316
0.867845
0.818029
0.700506
0.630769
0.716571
0.89453
1.04792
1.14487
1.21061
1.24336
1.26318
1.26907
1.26964
1.26527
1.25765
1.25174
1.2454
1.23906
1.23444
1.22922
1.22441
1.21968
1.21266
1.20435
1.1939
1.18375
1.1734
1.11941
1.10771
1.08968
1.0683
1.03439
0.994249
0.952274
0.909677
0.855902
0.809018
0.776702
0.758035
0.753044
0.744998
0.706149
0.683578
0.66428
0.560411
0.465394
0.522264
0.701501
0.890695
1.01727
1.10843
1.16473
1.19912
1.22191
1.23276
1.23909
1.24149
1.24102
1.23935
1.23844
1.23495
1.23282
1.23189
1.23109
1.22591
1.22263
1.21533
1.20522
1.15998
1.11622
1.07273
1.02561
0.965996
0.887357
0.814647
0.747561
0.685976
0.648572
0.618414
0.593589
0.566764
0.52576
0.50561
0.463323
0.401379
0.36965
0.30053
0.165258
0.219794
0.448862
0.657813
0.846962
0.961351
1.04396
1.10462
1.14648
1.17368
1.19464
1.20592
1.21494
1.21802
1.21974
1.21627
1.22471
1.22518
1.23249
1.23939
1.24902
1.11925
0.985845
0.862622
0.739321
0.62366
0.512954
0.390023
0.297192
0.232184
0.156008
0.119574
0.154859
0.207176
0.239703
0.25546
0.264761
0.26244
0.244935
0.223731
0.200146
0.12163
0.114963
0.146636
0.119196
0.305222
0.486914
0.637861
0.760527
0.835487
0.910709
0.966957
1.02104
1.06416
1.09591
1.13144
1.14602
1.17541
1.18286
1.19907
0.256973
0.261848
0.226768
0.237027
0.264103
0.310512
0.353995
0.390697
0.420779
0.443544
0.45868
0.462847
0.450322
0.432812
0.408818
0.3743
0.336289
0.304937
0.278872
0.247554
0.218107
0.195827
0.189623
0.176358
0.167511
0.12439
0.0780569
0.0289338
0.250763
0.536441
0.61014
0.668551
0.705488
0.740768
0.776093
0.811985
0.852223
0.891079
0.943976
0.990473
1.0174
1.0175
1.01867
1.01884
1.01949
1.01937
1.01973
1.0193
1.01925
1.01833
1.01756
1.01587
1.0139
1.01046
1.00668
1.00075
0.994149
0.986264
0.979505
0.977102
0.979105
0.987868
0.998539
1.00868
1.01135
1.01068
1.00998
1.00946
1.00905
1.00876
1.00849
1.0082
1.00785
1.00747
1.00706
1.00664
1.0062
1.00577
1.00538
1.00513
0.999764
1.00046
0.999676
1.00034
0.999888
1.00076
1.00048
1.00138
1.0013
1.0025
1.00272
1.00469
1.00595
1.009
1.01203
1.01592
1.02002
1.02384
1.02585
1.02651
1.02604
1.02233
1.01514
1.01073
1.00958
1.00984
1.01
1.01011
1.0101
1.00999
1.00969
1.0092
1.00875
1.00835
1.0078
1.00721
1.00668
1.00616
1.00577
1.00547
1.01676
1.01714
1.01831
1.01833
1.01906
1.01864
1.01882
1.01801
1.01766
1.01636
1.01547
1.01318
1.01152
1.00824
1.00554
1.00225
0.999872
1.00014
1.00183
1.00499
1.00725
1.00875
1.00916
1.00926
1.00935
1.00975
1.00989
1.01
1.01
1.01002
1.00986
1.00953
1.00913
1.00867
1.0082
1.0077
1.00715
1.0068
1.00649
1.00613
1.00201
1.0026
1.00223
1.00295
1.00283
1.00385
1.00411
1.0054
1.00606
1.00789
1.00912
1.01178
1.014
1.01731
1.02006
1.02315
1.02532
1.02619
1.02666
1.02606
1.02363
1.02021
1.01672
1.01369
1.01222
1.0118
1.01155
1.01112
1.01073
1.01044
1.01022
1.00983
1.00941
1.009
1.00842
1.0079
1.00734
1.0069
1.00669
1.00628
1.01532
1.01596
1.01665
1.01672
1.01697
1.0166
1.01635
1.01559
1.01497
1.01367
1.01252
1.01062
1.00915
1.00733
1.00604
1.00578
1.00635
1.00778
1.00853
1.00967
1.01014
1.01072
1.01088
1.01094
1.01086
1.01099
1.011
1.0109
1.01076
1.0107
1.01057
1.01015
1.00977
1.00949
1.00898
1.00836
1.008
1.00755
1.00718
1.00688
1.00418
1.00486
1.00499
1.00579
1.00615
1.00731
1.00794
1.00937
1.0102
1.01199
1.01323
1.0152
1.01674
1.01853
1.01999
1.02126
1.02214
1.02249
1.02249
1.0218
1.02042
1.01881
1.01703
1.01542
1.01435
1.01354
1.01255
1.01191
1.01153
1.01118
1.01085
1.01038
1.00999
1.00959
1.00908
1.00853
1.00806
1.00768
1.00737
1.00689
1.01415
1.01483
1.01517
1.01525
1.0152
1.0149
1.0145
1.01398
1.01318
1.01228
1.01134
1.0103
1.00941
1.00898
1.0086
1.00933
1.00984
1.01058
1.01064
1.01118
1.01159
1.01203
1.01217
1.01224
1.0122
1.01224
1.01214
1.01191
1.01173
1.01166
1.01135
1.01099
1.01065
1.01005
1.00954
1.00918
1.00868
1.00823
1.00797
1.00758
1.00653
1.00734
1.00782
1.0087
1.00933
1.0104
1.01109
1.01223
1.01322
1.01425
1.01531
1.01632
1.01719
1.01807
1.01867
1.01924
1.01958
1.01982
1.01984
1.01938
1.01869
1.01761
1.01631
1.01562
1.01514
1.01422
1.01319
1.01266
1.01233
1.01196
1.01154
1.01124
1.01092
1.01027
1.00981
1.00927
1.00883
1.00843
1.00808
1.00769
1.01335
1.01395
1.01404
1.01417
1.0141
1.01399
1.01366
1.01335
1.01282
1.01247
1.0121
1.012
1.01192
1.01219
1.01232
1.01282
1.01287
1.0128
1.01272
1.01286
1.01316
1.01321
1.01321
1.01339
1.01343
1.01337
1.0132
1.013
1.01291
1.01258
1.01215
1.01186
1.01144
1.011
1.0105
1.00997
1.00959
1.00915
1.00884
1.00841
1.00882
1.00977
1.01028
1.01115
1.01176
1.01266
1.01333
1.01416
1.01493
1.0156
1.01633
1.01685
1.01738
1.01791
1.01828
1.01845
1.01829
1.01827
1.01841
1.01833
1.01791
1.01712
1.01629
1.01593
1.01538
1.01449
1.01395
1.01362
1.01325
1.01282
1.01253
1.0122
1.01171
1.0112
1.01069
1.0102
1.00972
1.00939
1.00905
1.00863
1.01299
1.01361
1.01366
1.01405
1.01405
1.01419
1.01407
1.01396
1.01392
1.01396
1.01402
1.01415
1.0143
1.01452
1.01467
1.01464
1.01456
1.01457
1.0146
1.01471
1.01475
1.01455
1.01457
1.01475
1.01469
1.01451
1.01441
1.01429
1.01397
1.0135
1.01316
1.01292
1.01255
1.01206
1.01148
1.01098
1.01053
1.01013
1.00986
1.00952
1.01081
1.01188
1.01235
1.01316
1.01371
1.01453
1.01501
1.01578
1.01629
1.01692
1.01733
1.01774
1.01793
1.01811
1.01806
1.01783
1.01775
1.01804
1.01829
1.01814
1.01773
1.0171
1.01665
1.01634
1.01577
1.01519
1.01491
1.01466
1.01436
1.01401
1.0136
1.01322
1.01283
1.01229
1.01174
1.01128
1.0108
1.01033
1.01007
1.00974
1.01318
1.01392
1.01412
1.0146
1.01475
1.01518
1.01533
1.01564
1.01585
1.0161
1.01623
1.01634
1.01638
1.01639
1.01641
1.01638
1.01635
1.01637
1.01643
1.01643
1.01632
1.01618
1.01623
1.01622
1.01604
1.01595
1.01573
1.01539
1.01505
1.01473
1.01449
1.01415
1.01373
1.01317
1.01264
1.01217
1.01165
1.01117
1.01097
1.01064
1.01248
1.01364
1.0141
1.01497
1.01541
1.01622
1.01664
1.01729
1.01762
1.01811
1.01829
1.01863
1.01873
1.01886
1.01874
1.01872
1.01871
1.01893
1.01891
1.0186
1.01813
1.0178
1.01748
1.01713
1.01673
1.01645
1.01623
1.01589
1.01552
1.01523
1.01486
1.01445
1.01398
1.01354
1.01296
1.01243
1.01189
1.01145
1.01123
1.01092
1.01398
1.01484
1.01519
1.01583
1.01616
1.01674
1.01703
1.01754
1.01774
1.01802
1.01806
1.01825
1.01832
1.01854
1.01862
1.0187
1.01871
1.0187
1.01854
1.01838
1.0182
1.01807
1.01809
1.01797
1.01771
1.0174
1.0171
1.01677
1.01652
1.01629
1.01592
1.01545
1.01497
1.01454
1.01405
1.0134
1.01282
1.01245
1.01224
1.01195
1.01395
1.01509
1.01554
1.01641
1.01684
1.01766
1.01805
1.01868
1.019
1.0194
1.01959
1.01991
1.02004
1.02027
1.02025
1.02039
1.0204
1.0205
1.02018
1.01983
1.01934
1.01916
1.0188
1.01864
1.01826
1.01809
1.01767
1.01739
1.01696
1.01679
1.01641
1.01599
1.01543
1.01499
1.01446
1.01382
1.01313
1.01274
1.0125
1.01223
1.01509
1.0161
1.01657
1.01733
1.0178
1.01851
1.01885
1.01942
1.01965
1.02
1.02013
1.02046
1.02059
1.02086
1.02092
1.02111
1.02102
1.02102
1.02073
1.02067
1.02043
1.02035
1.02001
1.01971
1.01939
1.01924
1.01895
1.01863
1.01821
1.01791
1.01756
1.01718
1.01661
1.01608
1.01563
1.01503
1.01432
1.01388
1.01365
1.01337
1.016
1.01709
1.01775
1.01855
1.01909
1.01974
1.02011
1.02058
1.02086
1.02124
1.02153
1.02184
1.022
1.02212
1.02214
1.02226
1.02223
1.0222
1.02182
1.02165
1.02131
1.02124
1.02077
1.02053
1.02014
1.01997
1.01957
1.01934
1.01889
1.01858
1.01815
1.01785
1.01716
1.01655
1.01601
1.01549
1.01478
1.01433
1.014
1.01364
1.01729
1.01843
1.019
1.01978
1.02025
1.02089
1.02117
1.0217
1.02194
1.02244
1.0227
1.0231
1.02321
1.02335
1.02338
1.02348
1.02351
1.02348
1.02329
1.02321
1.02293
1.02278
1.02231
1.02214
1.0218
1.02156
1.02108
1.02082
1.02039
1.02005
1.01959
1.01932
1.01857
1.0179
1.01731
1.01681
1.01612
1.01572
1.01533
1.01491
1.01873
1.01958
1.02032
1.02089
1.02141
1.02194
1.02232
1.02287
1.02325
1.02377
1.02409
1.02444
1.02449
1.02457
1.02459
1.02474
1.0247
1.02456
1.02431
1.02415
1.02391
1.02368
1.02325
1.0231
1.02273
1.02242
1.02189
1.0216
1.02119
1.02086
1.02043
1.02001
1.01921
1.01852
1.01784
1.01732
1.01671
1.01636
1.01587
1.01528
1.01992
1.02077
1.02142
1.022
1.02256
1.02314
1.02363
1.02428
1.0247
1.0253
1.02564
1.02597
1.02607
1.02633
1.02652
1.0268
1.02668
1.02652
1.02626
1.02612
1.02588
1.02566
1.02531
1.02511
1.02465
1.02431
1.02374
1.02343
1.02298
1.02271
1.02225
1.02174
1.02098
1.02031
1.0195
1.01887
1.01837
1.01808
1.01753
1.01687
1.02108
1.022
1.02254
1.02333
1.02396
1.02461
1.02518
1.02575
1.02615
1.02663
1.0269
1.02715
1.02738
1.02774
1.02805
1.02815
1.02792
1.02778
1.02758
1.02745
1.02714
1.02687
1.02653
1.02628
1.02575
1.02543
1.02486
1.0245
1.02394
1.02374
1.02321
1.02258
1.02174
1.021
1.02009
1.0194
1.0189
1.01859
1.01805
1.01744
1.02234
1.02343
1.0241
1.02517
1.02583
1.02662
1.02721
1.02776
1.02824
1.02873
1.02904
1.02943
1.0298
1.03025
1.03051
1.03042
1.03031
1.03027
1.03021
1.02999
1.0296
1.0294
1.02912
1.02873
1.02813
1.02781
1.02727
1.02683
1.02622
1.02609
1.02548
1.02486
1.02394
1.02318
1.02219
1.02148
1.0209
1.02056
1.02009
1.01954
1.02366
1.02501
1.02581
1.02684
1.02744
1.02832
1.02876
1.0295
1.02999
1.0306
1.03089
1.03132
1.0317
1.03209
1.03211
1.03205
1.03208
1.03205
1.03198
1.0316
1.03138
1.03109
1.0307
1.03016
1.02963
1.0293
1.02873
1.02823
1.0275
1.02729
1.02662
1.02605
1.02493
1.0241
1.02305
1.02237
1.02172
1.02129
1.02067
1.02017
1.02567
1.02746
1.02838
1.02937
1.03013
1.03103
1.03166
1.0327
1.03318
1.03377
1.03402
1.03466
1.03505
1.03538
1.03529
1.03538
1.03536
1.03545
1.03533
1.0351
1.03479
1.03424
1.0338
1.03334
1.03291
1.0324
1.0318
1.0312
1.03042
1.02996
1.02927
1.02863
1.02738
1.02654
1.02536
1.02465
1.02381
1.02329
1.02264
1.02217
1.02778
1.03001
1.03077
1.03184
1.03253
1.03359
1.0345
1.03536
1.03565
1.03612
1.03669
1.0373
1.03759
1.03763
1.03765
1.03784
1.0378
1.03792
1.03772
1.03758
1.03694
1.03643
1.03606
1.03574
1.03521
1.03456
1.03399
1.03328
1.03251
1.03198
1.03136
1.03064
1.02946
1.02847
1.02718
1.02655
1.02573
1.02518
1.02432
1.02388
1.03216
1.03403
1.03489
1.03611
1.03713
1.03841
1.03906
1.03978
1.04006
1.04094
1.04155
1.04194
1.04205
1.04211
1.04243
1.04246
1.0425
1.04239
1.04225
1.04186
1.04113
1.04076
1.04024
1.03987
1.03903
1.03835
1.03744
1.03661
1.03583
1.03509
1.03411
1.03308
1.03183
1.03058
1.02929
1.02845
1.02746
1.02689
1.0259
1.02509
1.03556
1.03737
1.03827
1.03989
1.04098
1.04198
1.0425
1.04328
1.04401
1.04496
1.04513
1.04554
1.0456
1.04592
1.04623
1.04623
1.04637
1.04606
1.04598
1.04541
1.04519
1.04461
1.04413
1.04356
1.04281
1.04204
1.04101
1.0405
1.03975
1.03903
1.03792
1.03686
1.03536
1.03408
1.03271
1.03168
1.03063
1.03002
1.02909
1.02849
1.0415
1.0439
1.04458
1.04656
1.04688
1.04819
1.04861
1.04981
1.05023
1.05099
1.0511
1.05169
1.05148
1.05188
1.05172
1.05186
1.05147
1.05103
1.05071
1.05019
1.04989
1.04908
1.04872
1.04767
1.04689
1.04567
1.04473
1.04382
1.04282
1.04191
1.04041
1.03903
1.03739
1.03605
1.03436
1.03332
1.03224
1.03149
1.03009
1.02898
1.04762
1.05051
1.05112
1.05294
1.05333
1.05496
1.05534
1.05674
1.05702
1.05815
1.05826
1.05892
1.05893
1.05943
1.0592
1.05929
1.05867
1.05857
1.0579
1.05761
1.05699
1.05638
1.05562
1.05451
1.0538
1.05241
1.05171
1.0503
1.04952
1.04802
1.04669
1.04487
1.04307
1.04147
1.03988
1.03864
1.0373
1.03635
1.03529
1.0344
1.05581
1.0586
1.0589
1.06096
1.06109
1.06295
1.06302
1.06449
1.06439
1.06539
1.06524
1.066
1.06548
1.06588
1.06503
1.06512
1.06417
1.06395
1.06328
1.06291
1.06192
1.06124
1.06005
1.059
1.0579
1.0567
1.05582
1.05442
1.05349
1.0518
1.05035
1.04821
1.04625
1.04407
1.04219
1.04074
1.03916
1.03786
1.03605
1.03483
1.06701
1.07049
1.07094
1.0732
1.07377
1.07555
1.07593
1.0771
1.07725
1.07813
1.07828
1.07874
1.0787
1.07881
1.07849
1.07842
1.0779
1.07744
1.07658
1.07591
1.07499
1.0739
1.07283
1.07164
1.07015
1.06867
1.06688
1.06519
1.06326
1.06129
1.05915
1.05671
1.05437
1.05212
1.05006
1.04829
1.04664
1.04518
1.04346
1.04187
1.07838
1.08291
1.08258
1.08538
1.08498
1.0871
1.08629
1.08801
1.08723
1.08865
1.08794
1.08878
1.0877
1.08773
1.08644
1.08593
1.08466
1.08396
1.08262
1.08182
1.08031
1.07913
1.07723
1.0757
1.07368
1.07221
1.07044
1.069
1.06717
1.06539
1.0633
1.06119
1.05876
1.05669
1.05428
1.05243
1.05026
1.04837
1.04612
1.04407
1.0984
1.1038
1.10364
1.10623
1.1057
1.10775
1.10715
1.10875
1.10822
1.10935
1.10869
1.10939
1.1085
1.10888
1.10787
1.10802
1.10695
1.10679
1.10555
1.10478
1.10316
1.102
1.09992
1.09843
1.09627
1.09439
1.09187
1.08956
1.0864
1.08342
1.07987
1.07658
1.07297
1.06963
1.0665
1.06341
1.06072
1.05781
1.0553
1.05248
1.12493
1.12779
1.12652
1.12834
1.12693
1.12864
1.127
1.12858
1.12672
1.12781
1.12568
1.12618
1.12368
1.12357
1.12075
1.12054
1.11742
1.11692
1.11367
1.11308
1.10944
1.10803
1.10416
1.10252
1.09836
1.09666
1.09285
1.09144
1.08767
1.08607
1.08221
1.08048
1.07664
1.07483
1.07114
1.06932
1.06578
1.06366
1.06013
1.05798
1.16909
1.17183
1.16846
1.17003
1.16686
1.16842
1.16514
1.1667
1.16339
1.16488
1.16175
1.16325
1.16052
1.16171
1.15928
1.16014
1.15767
1.15807
1.15527
1.15515
1.1521
1.15148
1.14867
1.14763
1.14468
1.14275
1.13896
1.13602
1.13116
1.12726
1.1214
1.1169
1.11041
1.10561
1.09886
1.09416
1.08762
1.08319
1.07703
1.0729
1.21307
1.20708
1.20388
1.20134
1.19923
1.19715
1.19548
1.19368
1.19188
1.1903
1.188
1.18659
1.18395
1.18226
1.17934
1.17732
1.17456
1.1722
1.16923
1.16624
1.16299
1.15908
1.15482
1.14957
1.14451
1.13891
1.13419
1.12879
1.12457
1.11972
1.11582
1.11128
1.10721
1.10235
1.0976
1.09227
1.08731
1.08248
1.07884
1.07626
1.24388
1.24958
1.25191
1.25539
1.25568
1.25837
1.25808
1.26078
1.2602
1.26306
1.2622
1.26515
1.26418
1.26682
1.2655
1.26744
1.26553
1.26681
1.26417
1.26481
1.26161
1.26195
1.25874
1.25887
1.25531
1.25423
1.24893
1.246
1.23863
1.2336
1.22408
1.21714
1.20599
1.19802
1.18652
1.17869
1.16748
1.15935
1.14684
1.13568
1.20068
1.20917
1.21408
1.22171
1.22763
1.23628
1.2425
1.251
1.25749
1.26496
1.27087
1.27672
1.28142
1.28551
1.28884
1.29178
1.29417
1.29669
1.29802
1.29913
1.29748
1.29572
1.29016
1.28556
1.27674
1.27005
1.25931
1.25128
1.24
1.23157
1.22035
1.21245
1.20195
1.19514
1.18395
1.17543
1.15863
1.14407
1.12258
1.11118
1.04482
1.07371
1.12464
1.16441
1.21035
1.24963
1.2937
1.33047
1.37131
1.40473
1.44166
1.47131
1.50366
1.52861
1.55502
1.57404
1.59339
1.60617
1.61893
1.62669
1.63447
1.63826
1.64162
1.64148
1.64062
1.63649
1.63096
1.62213
1.61108
1.59788
1.58199
1.56527
1.5452
1.5262
1.50184
1.47935
1.45091
1.42476
1.39667
1.37074
1.00496
1.0056
1.0055
1.00555
1.00566
1.00578
1.00591
1.00605
1.00619
1.00634
1.00646
1.00656
1.00656
1.00658
1.00656
1.00642
1.00614
1.00577
1.00516
1.00437
1.00342
1.00225
1.00093
0.999519
0.997724
0.99608
0.994792
0.992984
0.991798
0.990835
0.990216
0.990019
0.99016
0.990541
0.991141
0.991831
0.992478
0.993036
0.993431
0.993005
1.0052
1.00577
1.00553
1.00576
1.0059
1.00608
1.00626
1.00645
1.00666
1.00686
1.00702
1.00714
1.00725
1.00732
1.00728
1.00712
1.00674
1.00626
1.00559
1.00475
1.00371
1.00247
1.00103
0.999317
0.997794
0.996092
0.994092
0.99287
0.991398
0.990395
0.98971
0.989505
0.989634
0.99008
0.990718
0.99146
0.99217
0.992769
0.99332
0.993036
1.00584
1.00628
1.00598
1.00634
1.00645
1.00664
1.00684
1.00701
1.00722
1.00747
1.00763
1.00774
1.00781
1.00777
1.00769
1.0075
1.00713
1.00669
1.006
1.00508
1.00402
1.00272
1.00113
0.999498
0.997459
0.995515
0.994012
0.992019
0.990784
0.989679
0.988915
0.98871
0.988923
0.989455
0.990196
0.991023
0.991811
0.99247
0.993135
0.993031
1.00595
1.00629
1.00603
1.00657
1.00662
1.00687
1.00705
1.00725
1.00751
1.00769
1.00784
1.008
1.00808
1.00812
1.00809
1.00788
1.00742
1.00689
1.00609
1.0051
1.00389
1.00246
1.00091
0.999019
0.997259
0.995462
0.993184
0.991752
0.990072
0.98897
0.988349
0.988066
0.988272
0.988835
0.989604
0.990487
0.991358
0.992074
0.992833
0.992972
1.0065
1.0068
1.00668
1.00732
1.00725
1.0076
1.00783
1.00803
1.00824
1.00841
1.00863
1.00876
1.0088
1.00882
1.0087
1.00835
1.00784
1.00721
1.00638
1.00525
1.00398
1.00255
1.00075
0.998883
0.996787
0.994566
0.99293
0.990721
0.989471
0.988297
0.987424
0.987234
0.987493
0.988178
0.989058
0.990024
0.990984
0.991761
0.99261
0.992896
1.00656
1.00689
1.00689
1.00748
1.00733
1.00779
1.00795
1.00821
1.00838
1.00857
1.00875
1.00889
1.00901
1.00902
1.00884
1.00844
1.00782
1.00708
1.00614
1.00508
1.00362
1.00195
1.00021
0.998254
0.996254
0.994276
0.9918
0.990254
0.988392
0.98729
0.986725
0.986513
0.986742
0.987448
0.98836
0.989368
0.990411
0.99126
0.992212
0.992732
1.0072
1.00756
1.00763
1.00815
1.00804
1.00864
1.00876
1.00902
1.00918
1.00936
1.00951
1.00967
1.00977
1.00973
1.00961
1.00922
1.00848
1.00762
1.0065
1.00522
1.00366
1.002
0.999977
0.997815
0.995549
0.993182
0.991401
0.989062
0.987816
0.986552
0.985728
0.985606
0.985934
0.986749
0.987756
0.988868
0.990013
0.990938
0.992003
0.992645
1.0073
1.00774
1.00782
1.00827
1.00817
1.00883
1.00883
1.00917
1.0093
1.00943
1.00953
1.00964
1.00976
1.00974
1.00957
1.00898
1.0082
1.0073
1.00616
1.0048
1.00327
1.0014
0.999454
0.9973
0.995019
0.9928
0.990112
0.988456
0.986489
0.985391
0.984853
0.984697
0.985041
0.985882
0.986909
0.988079
0.98931
0.990326
0.99149
0.992426
1.00807
1.00856
1.00862
1.00899
1.00901
1.00961
1.00964
1.0101
1.01014
1.01021
1.01025
1.01032
1.01035
1.01033
1.01015
1.00974
1.009
1.00801
1.00671
1.00518
1.0034
1.00138
0.999063
0.996653
0.994201
0.991588
0.989666
0.987144
0.985819
0.984497
0.983699
0.983668
0.984137
0.98508
0.986224
0.987519
0.988875
0.989962
0.991239
0.992333
1.00826
1.00879
1.00881
1.0092
1.00929
1.00983
1.00978
1.01029
1.0103
1.01037
1.01036
1.01035
1.01035
1.01034
1.01007
1.00952
1.00876
1.00774
1.00642
1.00482
1.00295
1.00087
0.998651
0.996189
0.993544
0.991156
0.988173
0.986415
0.984303
0.983175
0.982655
0.982573
0.983034
0.983999
0.985201
0.986564
0.988017
0.989205
0.990529
0.991948
1.00913
1.0097
1.00969
1.01013
1.01025
1.01067
1.01067
1.01133
1.01128
1.01142
1.01127
1.01118
1.01107
1.01098
1.01068
1.0102
1.00946
1.00845
1.00704
1.00532
1.00327
1.00087
0.998224
0.9955
0.992852
0.989722
0.987593
0.984908
0.983482
0.982091
0.98135
0.981356
0.981979
0.983083
0.984415
0.985921
0.987536
0.98882
0.990275
0.991863
1.00932
1.0099
1.00988
1.01041
1.01051
1.01084
1.01089
1.0115
1.0114
1.01159
1.01143
1.01133
1.01117
1.01093
1.01059
1.01002
1.00917
1.00819
1.00672
1.00492
1.00272
1.00026
0.997654
0.994782
0.991661
0.989181
0.985929
0.984003
0.981731
0.980576
0.98
0.980031
0.980646
0.981789
0.983186
0.984764
0.986486
0.98792
0.989414
0.99135
1.01022
1.01085
1.01086
1.01148
1.01151
1.0118
1.01194
1.01247
1.01237
1.01275
1.01253
1.01242
1.01216
1.01187
1.01141
1.01078
1.00994
1.00878
1.00717
1.00522
1.00284
1.00014
0.997092
0.994052
0.99115
0.987456
0.985182
0.982237
0.98075
0.979268
0.978693
0.978633
0.979438
0.980732
0.982278
0.984024
0.98594
0.987505
0.989142
0.991275
1.01046
1.0111
1.01108
1.01173
1.01169
1.01206
1.01211
1.01256
1.01244
1.01284
1.01268
1.01263
1.01224
1.01176
1.01118
1.01041
1.00949
1.00823
1.00658
1.00455
1.00214
0.999366
0.99635
0.993044
0.989413
0.986781
0.983189
0.981136
0.978643
0.977493
0.976795
0.977095
0.97784
0.979164
0.980789
0.982625
0.984653
0.986417
0.988061
0.990539
1.01151
1.01214
1.01212
1.01279
1.01277
1.01322
1.01323
1.01353
1.01349
1.01397
1.01384
1.0139
1.0135
1.01298
1.01225
1.01138
1.01031
1.00884
1.00705
1.00481
1.00215
0.99906
0.995665
0.992096
0.988886
0.984738
0.982301
0.979046
0.977468
0.975884
0.975573
0.975506
0.976493
0.977969
0.979749
0.981767
0.984021
0.985962
0.987761
0.990448
1.01183
1.01244
1.01236
1.01299
1.01294
1.01344
1.01336
1.01365
1.01354
1.01385
1.01364
1.01371
1.01325
1.01274
1.01197
1.01099
1.00966
1.00805
1.00609
1.00376
1.00107
0.998015
0.994535
0.990959
0.986793
0.983906
0.979919
0.977685
0.974972
0.973787
0.973113
0.973536
0.974464
0.975958
0.977948
0.980071
0.982431
0.984648
0.986458
0.989437
1.01305
1.01363
1.01351
1.01413
1.01416
1.01472
1.01462
1.01487
1.01474
1.01488
1.01464
1.01487
1.01438
1.01397
1.0131
1.01191
1.01049
1.00875
1.00659
1.00405
1.00104
0.997592
0.993876
0.989642
0.98613
0.981456
0.978745
0.975184
0.973548
0.971805
0.971455
0.971823
0.972726
0.97466
0.97675
0.979076
0.981692
0.984126
0.986175
0.989254
1.01332
1.01394
1.01382
1.01439
1.01436
1.01488
1.01476
1.01502
1.01478
1.0148
1.01444
1.01448
1.01387
1.01343
1.01251
1.01143
1.00984
1.00777
1.00544
1.00275
0.999572
0.996058
0.992068
0.988253
0.983574
0.980377
0.975979
0.973473
0.970491
0.969255
0.968851
0.969012
0.970411
0.972124
0.97452
0.977008
0.979702
0.982495
0.984667
0.987815
1.0146
1.01532
1.01528
1.01582
1.01577
1.01624
1.01622
1.01658
1.01632
1.01625
1.01585
1.01577
1.01501
1.01468
1.01359
1.01225
1.01044
1.00847
1.00595
1.00292
0.999499
0.995595
0.991423
0.986535
0.98268
0.977389
0.974353
0.970442
0.968726
0.966825
0.96621
0.967242
0.968401
0.970547
0.973118
0.975834
0.97884
0.981847
0.984344
0.987647
1.01489
1.01564
1.01559
1.01616
1.01601
1.0164
1.01628
1.0166
1.01627
1.01626
1.01574
1.01547
1.01453
1.01398
1.01273
1.01143
1.00965
1.00729
1.00451
1.00136
0.997607
0.993588
0.988861
0.984838
0.979425
0.975943
0.970981
0.968234
0.964975
0.963756
0.96343
0.963681
0.965299
0.967433
0.970289
0.973283
0.976336
0.979736
0.982436
0.985807
1.01639
1.01725
1.01728
1.01793
1.01771
1.01806
1.01796
1.01829
1.01806
1.0182
1.01771
1.01728
1.01622
1.01551
1.01389
1.01246
1.01034
1.00797
1.00498
1.00144
0.997443
0.992782
0.988192
0.98237
0.978206
0.972175
0.968885
0.964452
0.962654
0.960639
0.960292
0.961457
0.963095
0.965497
0.968677
0.971863
0.975341
0.978937
0.982013
0.9857
1.01684
1.01766
1.01755
1.01821
1.01791
1.01828
1.01802
1.01822
1.01786
1.01792
1.01727
1.01678
1.01562
1.01483
1.01302
1.0115
1.0092
1.00648
1.00318
0.999363
0.994957
0.990489
0.98476
0.980411
0.974047
0.970187
0.964554
0.961552
0.957969
0.956749
0.956528
0.956996
0.959028
0.961616
0.964985
0.968627
0.972181
0.976175
0.979514
0.983488
1.01887
1.01972
1.0195
1.02025
1.01996
1.02054
1.02018
1.0203
1.01988
1.01991
1.01926
1.01877
1.01763
1.01643
1.01449
1.01274
1.00993
1.00698
1.00339
0.999195
0.994579
0.988774
0.983816
0.97683
0.972278
0.965379
0.961807
0.956785
0.954878
0.953109
0.95241
0.954176
0.956292
0.959233
0.962944
0.966849
0.971
0.975239
0.978988
0.983486
1.01961
1.02024
1.01999
1.02044
1.02015
1.02065
1.02016
1.02023
1.01959
1.01936
1.01846
1.01789
1.01671
1.01552
1.01349
1.01144
1.00833
1.00532
1.00128
0.996795
0.991291
0.986286
0.97921
0.97448
0.966799
0.962545
0.956187
0.952846
0.948888
0.947509
0.948287
0.948513
0.950992
0.954158
0.958237
0.962673
0.966964
0.971639
0.975693
0.980821
1.02145
1.02242
1.02204
1.02272
1.02237
1.0231
1.02254
1.02281
1.02201
1.02176
1.02075
1.02
1.01852
1.01708
1.01476
1.0124
1.00891
1.00547
1.00085
0.995606
0.990261
0.983101
0.97774
0.969146
0.96432
0.956778
0.952306
0.946642
0.944694
0.943014
0.941976
0.944683
0.947444
0.951184
0.955735
0.960445
0.965472
0.970541
0.974967
0.980773
1.02332
1.02393
1.02357
1.02394
1.02352
1.02372
1.02307
1.02307
1.0222
1.02178
1.02034
1.01942
1.01765
1.01581
1.01347
1.01093
1.0072
1.00348
0.998026
0.993023
0.985981
0.980298
0.971466
0.966315
0.956833
0.951692
0.944859
0.941185
0.937197
0.93539
0.937155
0.937472
0.940509
0.944517
0.949481
0.954859
0.960135
0.965757
0.970572
0.97694
1.0241
1.02507
1.02462
1.02537
1.02482
1.02529
1.02456
1.02484
1.02392
1.02365
1.02225
1.02142
1.01924
1.01738
1.01451
1.01106
1.00682
1.00234
0.996647
0.99021
0.983934
0.974924
0.969144
0.958745
0.95333
0.944984
0.93952
0.932996
0.930642
0.929797
0.928343
0.931887
0.936006
0.940659
0.946343
0.952215
0.958212
0.964441
0.969802
0.976561
1.02773
1.02859
1.0281
1.02861
1.02778
1.02787
1.02695
1.02674
1.0255
1.02477
1.02304
1.02154
1.019
1.01665
1.01315
1.00954
1.00489
1
0.992942
0.987039
0.977588
0.971421
0.960169
0.954154
0.943185
0.937013
0.929078
0.925257
0.921578
0.918915
0.921933
0.922915
0.926495
0.931578
0.937835
0.944421
0.951006
0.957948
0.963991
0.970928
1.02806
1.0288
1.02816
1.02873
1.028
1.02839
1.02738
1.02731
1.02596
1.02549
1.02364
1.02231
1.01958
1.01696
1.01287
1.00866
1.00343
0.996767
0.990003
0.9815
0.97416
0.96317
0.956371
0.944615
0.937716
0.928111
0.921481
0.914235
0.911454
0.911275
0.90999
0.915017
0.920586
0.92643
0.933772
0.941086
0.948553
0.956398
0.963284
0.970691
1.03317
1.03401
1.03319
1.0337
1.03256
1.03274
1.03128
1.03082
1.02886
1.02768
1.02509
1.02294
1.01942
1.01628
1.01141
1.00673
0.99983
0.993521
0.98436
0.977379
0.964834
0.957348
0.943911
0.935524
0.923441
0.915726
0.906741
0.902852
0.899359
0.896337
0.900623
0.9023
0.907493
0.914075
0.922187
0.930487
0.938581
0.947292
0.955287
0.962782
1.03357
1.03422
1.0332
1.03363
1.03234
1.03244
1.03078
1.03045
1.02838
1.02734
1.02452
1.02231
1.01853
1.01464
1.00933
1.00329
0.996447
0.987585
0.979643
0.967722
0.958807
0.945817
0.936373
0.922958
0.914649
0.90303
0.895561
0.888016
0.884231
0.885478
0.885033
0.891537
0.898721
0.906731
0.916645
0.92621
0.935523
0.945368
0.954464
0.964438
1.04032
1.04084
1.03939
1.03965
1.03798
1.03783
1.0357
1.03489
1.03212
1.03036
1.02655
1.02361
1.01839
1.01379
1.0065
1.00036
0.990361
0.982619
0.969688
0.960703
0.94557
0.935499
0.91924
0.908553
0.894394
0.883889
0.873948
0.869367
0.866824
0.863882
0.869736
0.873121
0.881656
0.889494
0.900331
0.911442
0.92141
0.932731
0.942749
0.955504
1.04235
1.0424
1.04083
1.0408
1.03878
1.03843
1.03572
1.03475
1.03132
1.02913
1.02476
1.02081
1.01533
1.00915
1.00227
0.992908
0.984337
0.971468
0.961304
0.945943
0.934192
0.917605
0.904465
0.888986
0.876294
0.864183
0.856023
0.849302
0.843805
0.847657
0.848527
0.8574
0.867357
0.879296
0.892254
0.905799
0.918138
0.929894
0.941638
0.956416
1.0503
1.04984
1.04796
1.04747
1.04533
1.04448
1.04133
1.03972
1.03511
1.03256
1.02614
1.02225
1.01355
1.00787
0.996097
0.987866
0.972994
0.962445
0.945198
0.932207
0.913215
0.898413
0.879444
0.864597
0.848156
0.835435
0.824103
0.816723
0.817559
0.815012
0.82457
0.831084
0.843468
0.853694
0.869292
0.88473
0.898446
0.913892
0.926191
0.942143
1.05519
1.05504
1.05243
1.05166
1.04857
1.04672
1.04283
1.03935
1.03438
1.029
1.02284
1.01514
1.00734
0.996488
0.98642
0.972202
0.959727
0.942428
0.927121
0.907238
0.889676
0.868897
0.850407
0.831386
0.814257
0.800029
0.790519
0.788081
0.782417
0.789478
0.793743
0.806634
0.823315
0.840402
0.85658
0.876958
0.8951
0.910086
0.928516
0.942763
1.06793
1.06664
1.06236
1.06138
1.05587
1.05416
1.04677
1.04409
1.03475
1.03093
1.01948
1.01383
0.999349
0.990661
0.972713
0.960147
0.939098
0.921956
0.898152
0.877647
0.852732
0.830331
0.80616
0.785585
0.765924
0.752384
0.743305
0.731259
0.737005
0.738785
0.754641
0.767201
0.785355
0.803328
0.824077
0.844068
0.867537
0.887243
0.907743
0.927345
1.07546
1.07397
1.07198
1.06726
1.06265
1.05577
1.04975
1.04143
1.0339
1.02383
1.0137
1.00066
0.986339
0.969284
0.949954
0.928872
0.904826
0.880724
0.853946
0.827454
0.799392
0.77192
0.746332
0.722593
0.70342
0.690211
0.674589
0.683812
0.682906
0.696758
0.708526
0.72967
0.759784
0.785793
0.812738
0.838589
0.865738
0.888766
0.911668
0.928799
1.12009
1.11099
1.0947
1.0872
1.07293
1.06743
1.05426
1.04832
1.03327
1.02344
1.00399
0.988659
0.964189
0.943122
0.913668
0.887587
0.853969
0.824636
0.788168
0.756516
0.718356
0.688919
0.655886
0.631019
0.611087
0.591022
0.596598
0.589233
0.599574
0.614041
0.645562
0.664627
0.693901
0.726389
0.761749
0.791373
0.82792
0.855578
0.897607
0.925434
1.10253
1.0974
1.09557
1.09373
1.08914
1.08355
1.07046
1.0565
1.03374
1.01191
0.981002
0.952597
0.915132
0.881199
0.838513
0.799883
0.753765
0.712115
0.665414
0.624487
0.581771
0.547953
0.509317
0.492884
0.464892
0.477758
0.473166
0.493172
0.520696
0.558844
0.598
0.647769
0.694148
0.734529
0.784717
0.820214
0.859747
0.892622
0.916468
0.955224
1.34154
1.31728
1.27609
1.24264
1.193
1.15285
1.09755
1.05468
0.995656
0.951356
0.889722
0.844815
0.780564
0.735019
0.668211
0.622444
0.553845
0.50871
0.441597
0.398309
0.340475
0.299431
0.273655
0.247892
0.280024
0.322884
0.332337
0.388502
0.44421
0.496964
0.576127
0.617186
0.707661
0.748693
0.832197
0.878346
0.947581
0.998798
1.05691
1.10133
0.999993
1
0.999998
1
1
0.999995
0.999995
0.999996
0.999998
0.999999
0.999999
0.999998
0.999999
1
1
1
1.00001
1.00001
1.00001
1.00001
1.00002
1.00002
1.00001
1.00001
0.999999
0.999993
0.999991
0.999996
0.999996
0.999999
0.999999
0.999997
0.999997
0.999998
0.999999
0.999997
1
0.999999
0.999998
0.999993
0.999996
1.00001
1
1
1
1.00001
1.00001
1.00001
1
1
1
1.00001
1
1
0.999999
1
0.999997
0.999993
0.999987
0.999983
0.999982
0.999983
0.999985
0.999993
1
1.00001
1.00001
1
1
0.999999
0.999998
1
0.999999
0.999999
0.999999
1
0.999999
1
1
0.99998
1
1.00002
1.00002
1.00002
1.00002
1.00002
1.00001
1.00002
1.00002
1.00002
1.00002
1.00001
1.00001
1.00002
1.00002
1.00001
1.00001
1.00002
1.00002
1.00002
1.00002
1.00001
1.00001
0.999993
0.99998
0.999969
0.999964
0.999967
0.999965
0.999971
0.999974
0.999973
0.999974
0.999976
0.999978
0.999974
0.999982
0.999982
0.999988
0.999971
1.00001
1.00004
1.00003
1.00003
1.00002
1.00003
1.00003
1.00003
1.00003
1.00003
1.00003
1.00003
1.00003
1.00002
1.00002
1.00002
1.00001
1
0.999991
0.999983
0.999977
0.999972
0.99997
0.999976
0.999979
0.99998
0.999978
0.999971
0.999972
0.999965
0.999961
0.999964
0.999965
0.999967
0.999971
0.999983
0.999979
0.999983
0.999985
0.999949
1.00002
1.00005
1.00005
1.00004
1.00005
1.00004
1.00003
1.00003
1.00003
1.00003
1.00003
1.00002
1.00002
1.00002
1.00002
1.00001
1.00002
1.00002
1.00003
1.00002
1.00002
1.00001
1
0.999986
0.999972
0.999959
0.99995
0.999948
0.999939
0.999943
0.999944
0.999943
0.999946
0.999949
0.999951
0.999944
0.999959
0.999963
0.999973
0.999929
1.00004
1.00009
1.00009
1.00009
1.00008
1.00009
1.00009
1.00009
1.00009
1.00009
1.00009
1.00009
1.00009
1.00008
1.00008
1.00008
1.00006
1.00004
1.00002
0.999996
0.999977
0.999959
0.999946
0.999941
0.99993
0.999919
0.999907
0.999896
0.999897
0.999886
0.999885
0.999887
0.99989
0.999896
0.999905
0.999928
0.999924
0.999935
0.999942
0.999888
1.00006
1.00012
1.0001
1.0001
1.0001
1.00009
1.00009
1.00008
1.00008
1.00008
1.00008
1.00007
1.00007
1.00006
1.00006
1.00005
1.00005
1.00005
1.00005
1.00004
1.00003
1.00002
0.999996
0.999967
0.999947
0.999929
0.999914
0.999901
0.999882
0.99988
0.999875
0.999875
0.99988
0.999887
0.999892
0.999882
0.999904
0.999914
0.999933
0.999857
1.00008
1.00017
1.00017
1.00016
1.00016
1.00016
1.00016
1.00016
1.00016
1.00016
1.00016
1.00016
1.00015
1.00014
1.00014
1.00013
1.0001
1.00008
1.00004
1.00001
0.999985
0.999957
0.999933
0.999915
0.999889
0.999865
0.999843
0.999829
0.999826
0.999814
0.999815
0.999813
0.999814
0.999818
0.999826
0.999855
0.999857
0.999871
0.999881
0.999788
1.00012
1.00023
1.00021
1.00021
1.00021
1.0002
1.0002
1.0002
1.0002
1.00019
1.00019
1.00018
1.00018
1.00017
1.00015
1.00014
1.00014
1.00012
1.00011
1.00009
1.00006
1.00003
0.999994
0.999951
0.999916
0.999884
0.999853
0.99982
0.999789
0.999776
0.99976
0.999759
0.999765
0.999776
0.999789
0.999785
0.999805
0.999822
0.999847
0.999742
1.00015
1.00027
1.00026
1.00026
1.00026
1.00026
1.00025
1.00025
1.00025
1.00025
1.00025
1.00025
1.00024
1.00023
1.00022
1.00019
1.00016
1.00014
1.00009
1.00005
1
0.999965
0.999923
0.999882
0.999839
0.9998
0.999766
0.999745
0.999734
0.999716
0.999712
0.999707
0.999706
0.999707
0.999715
0.999738
0.999753
0.999768
0.999785
0.999663
1.00021
1.00036
1.00035
1.00035
1.00034
1.00035
1.00035
1.00035
1.00035
1.00034
1.00034
1.00033
1.00032
1.0003
1.00028
1.00026
1.00024
1.00021
1.00019
1.00014
1.0001
1.00005
0.999985
0.999928
0.999872
0.999815
0.999765
0.999713
0.999667
0.999639
0.99962
0.999614
0.999615
0.99963
0.999643
0.999656
0.999666
0.999686
0.999711
0.999568
1.00025
1.00041
1.0004
1.0004
1.0004
1.00039
1.0004
1.0004
1.00039
1.00039
1.00039
1.00038
1.00037
1.00035
1.00033
1.0003
1.00026
1.00023
1.00017
1.00012
1.00005
0.999979
0.999912
0.999844
0.999781
0.999724
0.999671
0.999631
0.999603
0.999577
0.999558
0.999547
0.999545
0.99954
0.999555
0.999562
0.999593
0.99961
0.999628
0.999468
1.00033
1.0005
1.0005
1.00049
1.00049
1.00049
1.00049
1.00049
1.00049
1.00048
1.00047
1.00045
1.00044
1.00044
1.00041
1.00038
1.00035
1.00029
1.00024
1.00018
1.00012
1.00005
0.999969
0.999888
0.999802
0.999714
0.999641
0.999572
0.999508
0.999462
0.999434
0.999417
0.999408
0.999422
0.999426
0.999464
0.999466
0.999486
0.999515
0.999336
1.00037
1.00056
1.00055
1.00055
1.00055
1.00055
1.00055
1.00055
1.00055
1.00055
1.00055
1.00054
1.00053
1.00049
1.00046
1.00041
1.00035
1.00031
1.00022
1.00014
1.00004
0.999956
0.999853
0.99976
0.999671
0.999593
0.999511
0.999444
0.999395
0.999355
0.999326
0.999312
0.999312
0.99931
0.999333
0.999324
0.999365
0.999391
0.999405
0.999204
1.00047
1.00068
1.00067
1.00066
1.00066
1.00066
1.00065
1.00065
1.00065
1.00065
1.00063
1.00062
1.0006
1.00059
1.00055
1.00052
1.00047
1.0004
1.00034
1.00026
1.00018
1.00007
0.999968
0.999847
0.999727
0.999605
0.999502
0.999405
0.999321
0.999255
0.999202
0.99917
0.999151
0.999152
0.999153
0.999199
0.999203
0.999224
0.999261
0.999053
1.00053
1.00076
1.00075
1.00074
1.00074
1.00074
1.00075
1.00075
1.00075
1.00075
1.00077
1.00076
1.00074
1.0007
1.00067
1.0006
1.00054
1.00048
1.00037
1.00026
1.00014
1.00001
0.999874
0.999748
0.999614
0.999495
0.999375
0.99927
0.999181
0.999109
0.999069
0.999037
0.999026
0.999028
0.999041
0.99904
0.999077
0.999105
0.99912
0.998881
1.00065
1.0009
1.00089
1.00088
1.00088
1.00088
1.00089
1.00089
1.00089
1.0009
1.00088
1.00087
1.00085
1.00083
1.00078
1.00076
1.00071
1.00062
1.00054
1.00043
1.00031
1.00016
1.00002
0.999847
0.999689
0.999519
0.999365
0.999225
0.999104
0.999013
0.998922
0.998871
0.998839
0.998823
0.998833
0.998859
0.99888
0.998912
0.998956
0.998718
1.00073
1.00101
1.001
1.00101
1.00102
1.00102
1.00103
1.00104
1.00104
1.00106
1.00107
1.00106
1.00104
1.001
1.00098
1.0009
1.0008
1.00071
1.00058
1.00044
1.0003
1.00014
0.999953
0.999777
0.999586
0.999415
0.99925
0.9991
0.998976
0.998862
0.998801
0.998745
0.998717
0.998714
0.998708
0.998732
0.998749
0.998771
0.998794
0.99852
1.00088
1.00118
1.00117
1.00117
1.00117
1.00118
1.0012
1.00121
1.00123
1.00123
1.00122
1.0012
1.00118
1.00117
1.00111
1.00108
1.00102
1.00091
1.00081
1.00067
1.0005
1.00031
1.00011
0.999893
0.999676
0.999452
0.999244
0.999051
0.998872
0.998743
0.998613
0.998534
0.998485
0.998449
0.998464
0.998466
0.998505
0.998544
0.99859
0.998322
1.00096
1.00126
1.00126
1.00125
1.00127
1.00128
1.00129
1.0013
1.00132
1.00132
1.00133
1.00132
1.0013
1.00127
1.00123
1.00113
1.00103
1.00092
1.00075
1.00058
1.00038
1.00018
0.999941
0.999701
0.999459
0.99923
0.999002
0.998811
0.998649
0.998504
0.99842
0.998344
0.998295
0.99829
0.998281
0.99832
0.998338
0.998366
0.998396
0.998087
1.00111
1.00143
1.00142
1.00142
1.00142
1.00142
1.00143
1.00145
1.00145
1.00145
1.00144
1.00142
1.0014
1.00136
1.00129
1.00123
1.00114
1.001
1.00087
1.00069
1.00049
1.00025
0.999996
0.999729
0.999455
0.999183
0.998936
0.998687
0.998483
0.998307
0.99815
0.998063
0.998016
0.99798
0.997992
0.998007
0.998054
0.998092
0.998147
0.997853
1.0012
1.00154
1.00154
1.00153
1.00154
1.00155
1.00156
1.00158
1.00159
1.00159
1.00158
1.00157
1.00154
1.0015
1.00143
1.00132
1.0012
1.00106
1.00086
1.00065
1.00039
1.00013
0.999842
0.999542
0.99924
0.998951
0.998668
0.99844
0.998222
0.998071
0.997968
0.997872
0.997809
0.997805
0.997815
0.997842
0.99788
0.997927
0.99795
0.99759
1.00139
1.00175
1.00174
1.00175
1.00176
1.00177
1.0018
1.00181
1.00182
1.00183
1.00182
1.00182
1.00179
1.00174
1.00168
1.0016
1.00149
1.00134
1.00115
1.00093
1.00069
1.0004
1.00008
0.999753
0.999409
0.999062
0.998739
0.998423
0.998165
0.997925
0.997737
0.997617
0.997555
0.997508
0.997504
0.997537
0.99758
0.997625
0.99769
0.997371
1.00152
1.00191
1.00191
1.00193
1.00194
1.00196
1.002
1.00202
1.00205
1.00207
1.00209
1.0021
1.00208
1.00206
1.00198
1.00187
1.00175
1.00157
1.00137
1.00112
1.0008
1.00047
1.0001
0.999704
0.999305
0.998919
0.998546
0.99822
0.997935
0.997711
0.997532
0.997415
0.997319
0.997309
0.997317
0.997345
0.997392
0.997447
0.997487
0.997091
1.00172
1.00213
1.00213
1.00214
1.00215
1.00218
1.00221
1.00224
1.00227
1.00229
1.0023
1.0023
1.00227
1.00224
1.00219
1.0021
1.00197
1.0018
1.00157
1.0013
1.00101
1.00065
1.00026
0.999851
0.999414
0.998968
0.998562
0.998169
0.997816
0.997528
0.997315
0.99713
0.997058
0.996987
0.99699
0.997015
0.997069
0.997124
0.997189
0.996855
1.00183
1.00224
1.00224
1.00225
1.00227
1.00229
1.00232
1.00235
1.00237
1.00239
1.00241
1.0024
1.00239
1.00233
1.00224
1.00213
1.00197
1.00177
1.00152
1.0012
1.00083
1.00043
0.99998
0.999515
0.999045
0.998583
0.998118
0.997727
0.997402
0.997125
0.996912
0.99681
0.996689
0.996687
0.996703
0.99676
0.996832
0.996901
0.996957
0.99652
1.00202
1.00245
1.00244
1.00245
1.00247
1.00249
1.00253
1.00255
1.00257
1.00258
1.00259
1.00258
1.00255
1.0025
1.00243
1.0023
1.00214
1.00192
1.00166
1.00135
1.00099
1.00056
1.00009
0.99958
0.999042
0.99852
0.998054
0.99759
0.997176
0.996865
0.99662
0.996403
0.996355
0.99631
0.996323
0.99637
0.996447
0.996526
0.996619
0.996272
1.00215
1.00259
1.0026
1.00262
1.00263
1.00266
1.0027
1.00273
1.00277
1.0028
1.00282
1.00282
1.00281
1.00275
1.00267
1.00255
1.00238
1.00214
1.00186
1.00149
1.00107
1.00058
1.00005
0.999484
0.998918
0.998354
0.997778
0.997297
0.996898
0.996539
0.996281
0.99616
0.996033
0.996002
0.99605
0.996126
0.996223
0.996323
0.99639
0.995928
1.0024
1.00288
1.00289
1.00291
1.00294
1.00299
1.00303
1.00307
1.00311
1.00316
1.00317
1.00319
1.00318
1.00314
1.00306
1.00295
1.00277
1.00254
1.00223
1.00185
1.00142
1.00091
1.00035
0.99975
0.999094
0.998436
0.997852
0.997284
0.996783
0.996405
0.996122
0.995871
0.995778
0.995768
0.995762
0.995827
0.995921
0.996025
0.996132
0.995747
1.00254
1.00304
1.00305
1.00307
1.0031
1.00315
1.0032
1.00324
1.00329
1.00334
1.00337
1.00339
1.00337
1.00333
1.00323
1.00309
1.0029
1.00263
1.0023
1.00188
1.00138
1.00081
1.00018
0.999509
0.998851
0.99819
0.997478
0.996897
0.996417
0.996027
0.995712
0.995557
0.995438
0.995373
0.995451
0.995553
0.995683
0.995813
0.995905
0.995415
1.00275
1.00327
1.00327
1.0033
1.00332
1.00338
1.00343
1.00347
1.00352
1.00357
1.00358
1.00359
1.00358
1.00354
1.00346
1.00332
1.00313
1.00287
1.00253
1.0021
1.0016
1.00099
1.00033
0.999606
0.998793
0.997997
0.997346
0.996674
0.996098
0.995625
0.995326
0.995071
0.994987
0.995019
0.995037
0.99515
0.995284
0.995434
0.99558
0.995177
1.00288
1.0034
1.00341
1.00343
1.00346
1.00352
1.00357
1.00362
1.00367
1.00372
1.00376
1.00378
1.00376
1.00372
1.00363
1.00348
1.00327
1.00296
1.00259
1.00214
1.00157
1.00091
1.00017
0.999371
0.998606
0.997835
0.996966
0.996267
0.995661
0.99523
0.994832
0.994691
0.994565
0.994538
0.994661
0.994804
0.994994
0.995176
0.995298
0.994807
1.00313
1.00368
1.00369
1.00372
1.00376
1.00382
1.00388
1.00395
1.00402
1.00407
1.00411
1.00414
1.00415
1.0041
1.00402
1.0039
1.00369
1.00338
1.00299
1.00248
1.00191
1.00123
1.00045
0.999596
0.99863
0.997666
0.996881
0.996078
0.995439
0.994865
0.994595
0.994289
0.99424
0.99424
0.994315
0.994475
0.99467
0.99488
0.995067
0.994625
1.00329
1.00387
1.00388
1.00391
1.00396
1.00402
1.00409
1.00416
1.00424
1.00431
1.00436
1.00439
1.00439
1.00435
1.00426
1.00411
1.00388
1.00355
1.00313
1.00258
1.00193
1.00117
1.00032
0.999396
0.998507
0.997594
0.996578
0.995803
0.995047
0.994574
0.99408
0.993936
0.993777
0.993841
0.993966
0.994177
0.994423
0.994658
0.994834
0.994335
1.00354
1.00414
1.00416
1.00419
1.00423
1.0043
1.00438
1.00446
1.00454
1.0046
1.00466
1.0047
1.00472
1.00468
1.0046
1.00447
1.00424
1.00392
1.00349
1.00293
1.00224
1.00145
1.00055
0.999566
0.998429
0.997277
0.996339
0.995343
0.99463
0.993984
0.993737
0.993392
0.993417
0.993437
0.993581
0.993804
0.994075
0.994365
0.994603
0.994131
1.00366
1.00428
1.0043
1.00432
1.00437
1.00445
1.00453
1.00462
1.0047
1.00479
1.00485
1.00489
1.00491
1.00489
1.00479
1.00465
1.00441
1.00407
1.00361
1.00302
1.00229
1.00141
1.00043
0.999351
0.998282
0.997224
0.996036
0.995168
0.994262
0.993682
0.993192
0.993025
0.992877
0.992956
0.993153
0.99346
0.993796
0.99412
0.994346
0.993839
1.0039
1.00454
1.00456
1.00459
1.00464
1.00473
1.00481
1.0049
1.00501
1.0051
1.00519
1.00524
1.00526
1.00525
1.00518
1.00503
1.00479
1.00447
1.00396
1.00335
1.00259
1.00167
1.00062
0.999446
0.998134
0.996825
0.995761
0.994515
0.993643
0.99297
0.992628
0.992404
0.992362
0.992503
0.992783
0.993131
0.993507
0.993871
0.994182
0.993661
1.00403
1.00468
1.0047
1.00474
1.0048
1.0049
1.005
1.00511
1.00523
1.00535
1.00543
1.00549
1.00553
1.00551
1.00543
1.00527
1.00502
1.00465
1.00415
1.00354
1.00275
1.0018
1.00067
0.999432
0.998173
0.996888
0.995454
0.99451
0.993479
0.992727
0.992304
0.992039
0.991973
0.992084
0.992405
0.992832
0.993262
0.993675
0.993951
0.993405
1.00438
1.00505
1.00505
1.0051
1.00517
1.00528
1.00539
1.00551
1.00564
1.00573
1.00584
1.0059
1.00589
1.00589
1.00585
1.00572
1.00545
1.0051
1.00452
1.00381
1.00293
1.00187
1.00069
0.999405
0.997902
0.996426
0.995305
0.993761
0.9927
0.991938
0.991477
0.991339
0.991316
0.991547
0.991975
0.992501
0.993009
0.993463
0.993828
0.99328
1.00422
1.00497
1.00507
1.00511
1.00519
1.0053
1.00541
1.00553
1.00569
1.00583
1.00594
1.00605
1.00616
1.00617
1.00611
1.00598
1.00568
1.0053
1.00478
1.00411
1.00324
1.00218
1.0009
0.999437
0.998044
0.996503
0.994749
0.993752
0.992514
0.991592
0.991086
0.990793
0.990818
0.991098
0.991578
0.992182
0.992765
0.993269
0.993597
0.992911
1.01045
1.00761
1.00785
1.00816
1.00834
1.00845
1.0086
1.00857
1.00881
1.00868
1.00891
1.00855
1.00867
1.00809
1.00807
1.00732
1.00703
1.00598
1.00516
1.00404
1.00255
1.00125
1.00051
1.00086
1.00251
1.00935
1.01569
1.00774
0.958288
0.924109
0.930913
0.946957
0.96751
0.987749
0.999644
1.00882
1.01607
1.02023
1.02258
1.02115
1.01051
1.00707
1.00781
1.00742
1.00768
1.00772
1.00777
1.00771
1.00788
1.00779
1.00789
1.00766
1.00771
1.00719
1.00704
1.00636
1.00582
1.00504
1.00422
1.00312
1.00187
1.00093
0.999986
1.00028
1.0016
1.0045
1.00725
1.00217
0.973989
0.952537
0.950097
0.957157
0.969713
0.983567
0.994799
1.00291
1.00927
1.01272
1.01572
1.01439
1.01038
1.00689
1.00756
1.00648
1.00707
1.00699
1.00709
1.00709
1.00717
1.00707
1.00717
1.00697
1.00687
1.00644
1.0062
1.00556
1.00498
1.0043
1.0034
1.00237
1.00139
1.0007
0.999836
0.99997
1.00037
1.00082
1.00077
0.997471
0.98226
0.969713
0.965358
0.968189
0.975553
0.983397
0.99187
0.998853
1.00471
1.00824
1.01052
1.011
1.00992
1.00665
1.00704
1.00599
1.0067
1.00629
1.00657
1.00652
1.00636
1.00634
1.00635
1.00615
1.00593
1.00555
1.00523
1.00472
1.00428
1.00372
1.00296
1.00209
1.00127
1.00067
0.999999
0.999854
0.999346
0.998705
0.997361
0.994353
0.986606
0.979268
0.975661
0.976684
0.981397
0.986341
0.990977
0.996026
1.00058
1.00515
1.00621
1.00755
1.00883
1.00615
1.00647
1.00565
1.00626
1.00572
1.00609
1.00586
1.00583
1.0058
1.00568
1.00552
1.00534
1.005
1.00461
1.00417
1.00381
1.00341
1.00284
1.00214
1.00144
1.00086
1.00015
0.999732
0.998824
0.997733
0.996123
0.99353
0.989043
0.984664
0.98196
0.982351
0.985536
0.989872
0.991921
0.995051
0.997488
1.00153
1.00275
1.00365
1.00818
1.00556
1.00576
1.00509
1.00566
1.00526
1.0056
1.00539
1.00546
1.00536
1.00522
1.00511
1.00498
1.00475
1.00447
1.00416
1.00374
1.00325
1.00263
1.00206
1.00148
1.0009
1.00011
0.999524
0.998556
0.99737
0.995787
0.993569
0.990724
0.98801
0.985861
0.986176
0.988199
0.992597
0.993691
0.995597
0.996233
0.998282
1.00018
1.00084
1.00818
1.00483
1.00503
1.00426
1.0051
1.00475
1.00513
1.00503
1.00507
1.00499
1.00493
1.00491
1.00483
1.00467
1.00448
1.00418
1.00364
1.00296
1.00227
1.0018
1.0013
1.00064
0.999804
0.999186
0.998305
0.997223
0.995802
0.993993
0.992053
0.990466
0.988771
0.989091
0.990097
0.994283
0.995135
0.996737
0.996174
0.9967
0.997803
0.998902
1.00803
1.00401
1.00452
1.00366
1.00463
1.00417
1.00466
1.0045
1.00464
1.00465
1.0047
1.00473
1.00456
1.00428
1.00397
1.00366
1.00314
1.00247
1.00186
1.0015
1.00103
1.00035
0.99957
0.998956
0.998189
0.997266
0.996024
0.994578
0.99318
0.99238
0.991061
0.991381
0.991558
0.995107
0.995898
0.99789
0.996321
0.996886
0.995279
0.997037
1.00712
1.00308
1.00411
1.00325
1.00415
1.00359
1.00421
1.00396
1.00426
1.00427
1.00439
1.00431
1.00402
1.00361
1.00324
1.00303
1.00267
1.00203
1.00147
1.00118
1.0008
1.00024
0.999565
0.99896
0.998267
0.997455
0.996399
0.995273
0.994186
0.993767
0.992672
0.993079
0.992691
0.995642
0.996098
0.998696
0.996293
0.998237
0.993054
0.995483
1.00445
1.00256
1.00379
1.00292
1.00372
1.00322
1.00402
1.00376
1.00424
1.00421
1.00436
1.00415
1.00382
1.00338
1.00299
1.00283
1.00252
1.00181
1.00123
1.00098
1.00066
1.0002
0.99963
0.999038
0.99839
0.997656
0.996857
0.996051
0.99513
0.994796
0.993844
0.994367
0.993695
0.996151
0.996028
0.999205
0.996266
0.99956
0.991557
0.994629
1.00097
1.00265
1.0037
1.00276
1.00346
1.00304
1.00404
1.00386
1.00446
1.00437
1.00456
1.00429
1.0039
1.0034
1.003
1.0028
1.00243
1.00171
1.00117
1.00092
1.0006
1.0002
0.999675
0.999116
0.998519
0.99785
0.997339
0.996819
0.996016
0.995663
0.994865
0.995437
0.994724
0.99676
0.996037
0.999518
0.996551
1.00038
0.991436
0.991804
0.997736
1.00323
1.00381
1.00288
1.00325
1.00295
1.00394
1.00387
1.00437
1.00423
1.00442
1.00413
1.00374
1.00321
1.0028
1.00256
1.0022
1.00161
1.00118
1.00091
1.00057
1.0002
0.99973
0.99922
0.998679
0.998059
0.997777
0.997459
0.996778
0.996396
0.995777
0.996303
0.995752
0.997436
0.99633
0.999614
0.997267
1.0007
0.993446
0.985806
0.995155
1.00446
1.00395
1.00319
1.00295
1.00289
1.00362
1.00363
1.00396
1.00379
1.00391
1.00365
1.0033
1.00283
1.00247
1.00222
1.0019
1.0015
1.00117
1.00088
1.00053
1.00019
0.999773
0.99932
0.998832
0.998259
0.998117
0.997913
0.997364
0.99696
0.99653
0.996906
0.996661
0.997829
0.997199
0.999514
0.998417
1.00055
0.998493
0.980072
0.993965
1.00517
1.00361
1.00335
1.00261
1.00286
1.00328
1.00337
1.00354
1.00341
1.00345
1.00323
1.00295
1.00255
1.00224
1.00197
1.00168
1.00141
1.00113
1.00081
1.00046
1.00015
0.999775
0.999374
0.998944
0.99843
0.99836
0.998203
0.997791
0.99738
0.997137
0.997285
0.997397
0.997891
0.998153
0.999099
0.999472
0.999605
1.00174
0.976973
0.994185
1.0054
1.00301
1.00334
1.00232
1.00284
1.00299
1.00318
1.0032
1.00313
1.0031
1.00294
1.00271
1.00236
1.00206
1.00178
1.00152
1.00132
1.00106
1.00072
1.00039
1.0001
0.999758
0.999403
0.999035
0.998594
0.998548
0.998393
0.998108
0.997703
0.99763
0.997536
0.997957
0.997858
0.998883
0.99842
1.00015
0.997653
1.00309
0.977388
0.995338
1.00531
1.00238
1.00329
1.00206
1.00279
1.00269
1.00297
1.00285
1.00286
1.00275
1.00264
1.00244
1.00215
1.00187
1.0016
1.00137
1.00121
1.00096
1.00064
1.00033
1.00006
0.999751
0.999439
0.999129
0.998757
0.998704
0.99853
0.998351
0.997952
0.998017
0.997711
0.998333
0.997798
0.99917
0.997807
1.00032
0.996077
1.00327
0.980492
0.996883
1.00482
1.00186
1.00314
1.00184
1.00274
1.00235
1.00273
1.00249
1.00258
1.00242
1.00234
1.00216
1.00192
1.00166
1.00143
1.00123
1.00109
1.00086
1.00056
1.00028
1.00002
0.999759
0.999484
0.999219
0.998906
0.998835
0.998638
0.998534
0.998139
0.998302
0.997829
0.998554
0.997699
0.999208
0.99716
1.00023
0.994978
1.00267
0.984832
0.998291
1.00393
1.00157
1.0029
1.00169
1.00261
1.00204
1.0025
1.0022
1.00233
1.00214
1.00208
1.00192
1.00172
1.00149
1.00129
1.00111
1.00097
1.00076
1.00049
1.00024
1.00001
0.999773
0.999528
0.999299
0.999032
0.998942
0.99873
0.998675
0.998283
0.998503
0.997913
0.998677
0.997568
0.999172
0.996738
0.999913
0.994761
1.00126
0.988866
0.999293
1.00322
1.00145
1.00268
1.00161
1.00243
1.00184
1.0023
1.00197
1.00211
1.00192
1.00187
1.00172
1.00155
1.00136
1.00118
1.00101
1.00087
1.00067
1.00044
1.00022
1
0.999787
0.999567
0.999364
0.999135
0.99903
0.998815
0.998785
0.998403
0.998644
0.997997
0.998745
0.997512
0.999072
0.996694
0.999537
0.995151
1.00016
0.991816
0.999928
1.00265
1.0014
1.00243
1.00154
1.00225
1.00171
1.00211
1.00179
1.00192
1.00174
1.0017
1.00156
1.00141
1.00124
1.00108
1.00092
1.00078
1.0006
1.00039
1.00019
1
0.999803
0.999605
0.999422
0.999222
0.999107
0.9989
0.998876
0.998516
0.998745
0.998105
0.998788
0.997589
0.998985
0.996882
0.999225
0.99584
0.999319
0.993818
1.0003
1.00223
1.00138
1.00218
1.00149
1.00205
1.0016
1.00192
1.00164
1.00175
1.00158
1.00154
1.00141
1.00128
1.00113
1.00099
1.00084
1.0007
1.00053
1.00035
1.00017
0.999995
0.999816
0.999637
0.999469
0.999292
0.999172
0.99898
0.998949
0.998622
0.998817
0.998228
0.998812
0.99775
0.998903
0.997162
0.998958
0.996435
0.998784
0.995151
1.00048
1.00193
1.00137
1.00196
1.00144
1.00187
1.0015
1.00175
1.00152
1.00159
1.00145
1.0014
1.00129
1.00117
1.00104
1.00091
1.00077
1.00064
1.00048
1.00032
1.00016
0.999996
0.999833
0.99967
0.999516
0.999357
0.999235
0.99906
0.999017
0.99873
0.998878
0.998364
0.99883
0.997937
0.998837
0.997452
0.998785
0.996967
0.998509
0.996028
1.00055
1.00172
1.00135
1.00176
1.00138
1.0017
1.00142
1.00159
1.00141
1.00145
1.00133
1.00127
1.00117
1.00107
1.00095
1.00083
1.0007
1.00057
1.00043
1.00029
1.00014
0.99999
0.999841
0.999692
0.999549
0.999405
0.999283
0.999128
0.999069
0.998827
0.998922
0.998494
0.998845
0.998124
0.9988
0.997738
0.998695
0.997411
0.998408
0.996626
1.00055
1.00156
1.00132
1.0016
1.00133
1.00155
1.00134
1.00146
1.00132
1.00133
1.00123
1.00117
1.00108
1.00098
1.00088
1.00077
1.00065
1.00053
1.0004
1.00027
1.00013
0.999994
0.999857
0.999721
0.999589
0.999456
0.999339
0.999202
0.999129
0.998929
0.998976
0.998632
0.998875
0.998311
0.998794
0.997998
0.998669
0.99777
0.998398
0.997049
1.00052
1.00143
1.00127
1.00146
1.00127
1.00141
1.00126
1.00133
1.00122
1.00121
1.00113
1.00107
1.00098
1.00089
1.0008
1.0007
1.00059
1.00047
1.00036
1.00023
1.00011
0.999984
0.999858
0.999733
0.999611
0.999489
0.999377
0.999255
0.999173
0.99901
0.999015
0.998748
0.998902
0.998477
0.998807
0.998228
0.998682
0.99806
0.998427
0.997347
1.00047
1.00132
1.00122
1.00134
1.00121
1.0013
1.00119
1.00122
1.00114
1.00112
1.00105
1.00099
1.00091
1.00083
1.00074
1.00065
1.00055
1.00044
1.00034
1.00022
1.00011
0.999994
0.999878
0.999762
0.999649
0.999537
0.999431
0.99932
0.999234
0.999101
0.999074
0.998869
0.998951
0.998635
0.998842
0.998428
0.99872
0.998299
0.998524
0.997567
1.0004
1.00122
1.00116
1.00123
1.00114
1.00119
1.00111
1.00112
1.00105
1.00102
1.00096
1.0009
1.00083
1.00075
1.00067
1.00058
1.00049
1.00039
1.00029
1.00019
1.00009
0.99998
0.999873
0.999767
0.999663
0.999559
0.99946
0.99936
0.999274
0.999164
0.999116
0.998962
0.99899
0.998766
0.998884
0.998596
0.998772
0.998495
0.998631
0.997735
1.00034
1.00114
1.0011
1.00113
1.00108
1.0011
1.00104
1.00104
1.00099
1.00095
1.0009
1.00084
1.00077
1.0007
1.00063
1.00055
1.00046
1.00037
1.00028
1.00019
1.00009
0.999993
0.999895
0.999796
0.999699
0.999604
0.999511
0.999419
0.999335
0.999239
0.999179
0.999061
0.999052
0.99889
0.998944
0.998748
0.998846
0.998665
0.998741
0.997885
1.00027
1.00106
1.00104
1.00105
1.00101
1.00101
1.00097
1.00095
1.00091
1.00087
1.00082
1.00077
1.0007
1.00064
1.00057
1.00049
1.00041
1.00033
1.00025
1.00016
1.00007
0.99998
0.999889
0.999799
0.99971
0.999622
0.999536
0.999452
0.999373
0.99929
0.999227
0.999135
0.999104
0.99899
0.999002
0.998868
0.998911
0.998788
0.998828
0.998009
1.0002
1.00099
1.00097
1.00097
1.00095
1.00094
1.00091
1.00088
1.00085
1.00081
1.00076
1.00071
1.00066
1.0006
1.00053
1.00046
1.00039
1.00031
1.00024
1.00015
1.00007
0.99999
0.999906
0.999823
0.99974
0.999658
0.999578
0.9995
0.999425
0.999351
0.999287
0.999211
0.999168
0.999084
0.999071
0.998978
0.998992
0.998909
0.998923
0.998131
1.00014
1.00093
1.00091
1.00091
1.00089
1.00088
1.00085
1.00082
1.00079
1.00075
1.0007
1.00066
1.0006
1.00055
1.00049
1.00042
1.00035
1.00028
1.00021
1.00014
1.00006
0.999983
0.999906
0.999829
0.999753
0.999678
0.999605
0.999533
0.999465
0.999398
0.999338
0.999274
0.999227
0.999161
0.999134
0.999067
0.999059
0.999004
0.999006
0.998221
1.00008
1.00086
1.00084
1.00084
1.00082
1.0008
1.00078
1.00076
1.00072
1.00069
1.00065
1.0006
1.00056
1.0005
1.00045
1.00039
1.00033
1.00026
1.00019
1.00013
1.00006
0.999985
0.999914
0.999843
0.999773
0.999704
0.999637
0.999571
0.999507
0.999446
0.999389
0.999332
0.999286
0.999234
0.999203
0.999156
0.999142
0.999109
0.999104
0.998314
1.00003
1.00081
1.0008
1.00079
1.00078
1.00076
1.00074
1.00071
1.00068
1.00065
1.00061
1.00057
1.00052
1.00047
1.00042
1.00036
1.00031
1.00025
1.00018
1.00012
1.00005
0.999989
0.999923
0.999857
0.999792
0.999728
0.999665
0.999604
0.999546
0.999489
0.999437
0.999386
0.999343
0.999296
0.999263
0.999225
0.999206
0.999184
0.999174
0.998384
0.99996
1.00074
1.00073
1.00072
1.00071
1.00069
1.00067
1.00065
1.00062
1.00059
1.00055
1.00052
1.00047
1.00043
1.00038
1.00033
1.00028
1.00022
1.00016
1.0001
1.00005
0.999986
0.999926
0.999866
0.999807
0.999749
0.999692
0.999637
0.999584
0.999533
0.999485
0.99944
0.999399
0.99936
0.99933
0.9993
0.999278
0.99926
0.999249
0.998472
0.999922
1.0007
1.00069
1.00068
1.00067
1.00065
1.00063
1.00061
1.00058
1.00056
1.00052
1.00049
1.00045
1.0004
1.00036
1.00031
1.00026
1.00021
1.00016
1.0001
1.00005
0.99999
0.999934
0.999878
0.999823
0.999768
0.999715
0.999663
0.999613
0.999565
0.99952
0.999477
0.999439
0.999403
0.999373
0.999346
0.999325
0.999307
0.999296
0.998546
0.99986
1.00064
1.00064
1.00063
1.00062
1.0006
1.00058
1.00056
1.00053
1.00051
1.00048
1.00044
1.00041
1.00037
1.00033
1.00028
1.00024
1.00019
1.00014
1.00009
1.00004
0.999992
0.999941
0.999891
0.999841
0.999792
0.999744
0.999697
0.999653
0.999611
0.999571
0.999533
0.999499
0.999467
0.999438
0.999413
0.999393
0.999375
0.999365
0.998633
0.999827
1.00061
1.0006
1.00059
1.00058
1.00057
1.00055
1.00053
1.0005
1.00048
1.00045
1.00042
1.00038
1.00035
1.00031
1.00027
1.00022
1.00018
1.00013
1.00009
1.00004
0.999991
0.999944
0.999896
0.999849
0.999803
0.999758
0.999714
0.999672
0.999632
0.999594
0.999559
0.999526
0.999497
0.999471
0.999448
0.999429
0.999411
0.999402
0.998686
0.999773
1.00055
1.00055
1.00054
1.00053
1.00051
1.0005
1.00048
1.00046
1.00043
1.00041
1.00038
1.00035
1.00031
1.00028
1.00024
1.0002
1.00016
1.00012
1.00008
1.00004
0.999996
0.999953
0.999911
0.999868
0.999827
0.999787
0.999748
0.99971
0.999674
0.99964
0.999609
0.99958
0.999553
0.99953
0.99951
0.999494
0.999478
0.99947
0.998747
0.999748
1.00053
1.00052
1.00051
1.0005
1.00049
1.00048
1.00046
1.00044
1.00041
1.00039
1.00036
1.00033
1.0003
1.00027
1.00023
1.00019
1.00016
1.00012
1.00008
1.00004
0.999996
0.999955
0.999914
0.999874
0.999835
0.999797
0.99976
0.999725
0.999691
0.99966
0.99963
0.999603
0.999578
0.999557
0.999538
0.999523
0.999509
0.999502
0.998774
0.999688
1.00047
1.00046
1.00046
1.00045
1.00043
1.00042
1.0004
1.00039
1.00036
1.00034
1.00032
1.00029
1.00026
1.00023
1.0002
1.00017
1.00014
1.0001
1.00007
1.00003
0.999999
0.999964
0.999929
0.999895
0.999861
0.999828
0.999797
0.999766
0.999737
0.99971
0.999685
0.999663
0.999642
0.999624
0.999608
0.999596
0.999586
0.999579
0.998832
)
;

boundaryField
{
    FrontBack
    {
        type            empty;
    }
    Cylinder
    {
        type            calculated;
        value           uniform 0;
    }
    Bottom
    {
        type            calculated;
        value           uniform 0;
    }
    Top
    {
        type            calculated;
        value           uniform 0;
    }
    Inlet
    {
        type            calculated;
        value           uniform 1;
    }
    Outlet
    {
        type            calculated;
        value           nonuniform List<scalar> 
40
(
0.999688
1.00047
1.00046
1.00046
1.00045
1.00043
1.00042
1.0004
1.00039
1.00036
1.00034
1.00032
1.00029
1.00026
1.00023
1.0002
1.00017
1.00014
1.0001
1.00007
1.00003
0.999999
0.999964
0.999929
0.999895
0.999861
0.999828
0.999797
0.999766
0.999737
0.99971
0.999685
0.999663
0.999642
0.999624
0.999608
0.999596
0.999586
0.999579
0.998832
)
;
    }
}


// ************************************************************************* //
