/*--------------------------------*- C++ -*----------------------------------*\
  =========                 |
  \\      /  F ield         | OpenFOAM: The Open Source CFD Toolbox
   \\    /   O peration     | Website:  https://openfoam.org
    \\  /    A nd           | Version:  11
     \\/     M anipulation  |
\*---------------------------------------------------------------------------*/
FoamFile
{
    format      ascii;
    class       volScalarField;
    location    "5.5";
    object      mag(U);
}
// * * * * * * * * * * * * * * * * * * * * * * * * * * * * * * * * * * * * * //

dimensions      [0 1 -1 0 0 0 0];

internalField   nonuniform List<scalar> 
9600
(
0.97015
0.96638
0.963968
0.960921
0.954697
0.94898
0.947874
0.948418
0.943767
0.936642
0.934702
0.936257
0.939506
0.942149
0.935845
0.905631
0.885265
0.879508
0.878879
0.880948
0.893611
0.910435
0.920905
0.930473
0.942465
0.958542
0.982487
1.02224
1.08285
1.15647
1.21225
1.2278
1.22211
1.2042
1.15953
1.09601
1.0471
1.01346
0.995008
0.962849
0.972817
0.971488
0.969676
0.968555
0.967408
0.96488
0.962544
0.961535
0.9609
0.960196
0.96062
0.962041
0.965606
0.971819
0.973606
0.971668
0.97028
0.969595
0.968807
0.968043
0.969111
0.976417
0.984351
0.987017
0.991596
1.00241
1.02038
1.04817
1.09432
1.15904
1.22713
1.27221
1.28307
1.27406
1.24232
1.184
1.14346
1.09586
1.07534
1.0327
0.971898
0.970665
0.968652
0.967459
0.966623
0.964816
0.962312
0.961372
0.961727
0.962163
0.962184
0.963189
0.965848
0.971097
0.979714
0.984581
0.984857
0.981924
0.979572
0.97785
0.97878
0.986346
0.99307
0.993009
0.993898
1.00118
1.01966
1.04677
1.08777
1.14658
1.21558
1.26711
1.2819
1.27821
1.25893
1.20542
1.15746
1.1081
1.08386
1.04593
0.971792
0.970477
0.968115
0.966746
0.965679
0.963329
0.961036
0.960642
0.961083
0.961113
0.961317
0.962975
0.966087
0.971481
0.982387
0.990709
0.995939
0.998512
0.999631
1.0025
1.00576
1.00832
1.01119
1.00963
1.00779
1.00882
1.0182
1.04357
1.0809
1.13159
1.19483
1.25631
1.2926
1.29568
1.27779
1.226
1.18169
1.12884
1.10491
1.06272
0.971216
0.970064
0.967799
0.966215
0.964668
0.962566
0.961004
0.960427
0.960832
0.96163
0.9629
0.964525
0.967401
0.971403
0.980753
0.99545
1.007
1.01241
1.01626
1.01992
1.01909
1.01607
1.01452
1.01237
1.00924
1.00908
1.01702
1.03931
1.07574
1.12409
1.18424
1.24661
1.29156
1.30333
1.29047
1.24471
1.1971
1.14167
1.11474
1.07028
0.970922
0.969647
0.967286
0.965327
0.96344
0.962166
0.960237
0.959556
0.960036
0.961064
0.962215
0.964507
0.967888
0.972482
0.982533
0.99857
1.01002
1.01685
1.02229
1.02782
1.03034
1.02886
1.02632
1.02175
1.01722
1.01413
1.01724
1.03261
1.06581
1.11174
1.16908
1.23127
1.28728
1.31389
1.30843
1.26805
1.21798
1.15794
1.1282
1.08254
0.970198
0.968921
0.966613
0.964466
0.962955
0.961472
0.95953
0.959258
0.959812
0.961137
0.963063
0.965518
0.968792
0.973828
0.984657
0.999751
1.01189
1.02194
1.02995
1.03568
1.03726
1.03533
1.03053
1.02416
1.01857
1.01384
1.01557
1.02801
1.05709
1.10089
1.15847
1.21752
1.28115
1.31948
1.32573
1.29049
1.24276
1.17858
1.14722
1.09732
0.969681
0.968409
0.965982
0.963655
0.962156
0.960376
0.958816
0.958833
0.959667
0.96098
0.962657
0.965549
0.969266
0.975568
0.986076
1.00074
1.0142
1.02546
1.034
1.0388
1.04038
1.03899
1.03574
1.02864
1.02229
1.01641
1.01554
1.02319
1.04651
1.08478
1.14348
1.2031
1.27159
1.31989
1.34313
1.31688
1.27416
1.20589
1.16877
1.11145
0.968901
0.967521
0.965031
0.96288
0.96153
0.959533
0.958467
0.958794
0.959711
0.960873
0.962924
0.966434
0.970249
0.977439
0.987947
1.00192
1.01528
1.02718
1.03748
1.04329
1.04402
1.04209
1.03739
1.02936
1.02213
1.01465
1.01388
1.01706
1.03854
1.07146
1.12859
1.18905
1.26168
1.31711
1.35605
1.33907
1.30241
1.23118
1.18954
1.12547
0.968185
0.96684
0.964358
0.962395
0.960569
0.958566
0.95803
0.958478
0.959452
0.960573
0.963062
0.966872
0.970795
0.978987
0.989316
1.00211
1.01601
1.03007
1.04166
1.04769
1.04725
1.04403
1.03884
1.03032
1.02205
1.01331
1.01081
1.01264
1.0275
1.05408
1.1084
1.16975
1.24662
1.31078
1.36457
1.364
1.33979
1.26896
1.22361
1.15391
0.967168
0.965782
0.96353
0.961574
0.959673
0.958002
0.95793
0.958238
0.959394
0.960654
0.963107
0.967687
0.972065
0.979412
0.990368
1.00425
1.01772
1.03131
1.04231
1.05108
1.05243
1.04925
1.04226
1.03082
1.02038
1.00852
1.00443
1.00096
1.01529
1.03605
1.08496
1.14372
1.22625
1.29779
1.36926
1.38548
1.37543
1.30386
1.25481
1.17122
0.966496
0.965029
0.962961
0.960764
0.958783
0.957414
0.957305
0.957835
0.958915
0.960347
0.963407
0.967829
0.972936
0.98029
0.991998
1.00513
1.01815
1.03265
1.04482
1.05498
1.05692
1.05338
1.04504
1.0322
1.0202
1.00461
0.997649
0.992055
1.00094
1.01402
1.0558
1.10924
1.1931
1.27211
1.36188
1.40164
1.41252
1.35092
1.30123
1.20813
0.965439
0.963931
0.962059
0.959607
0.958111
0.956749
0.956925
0.957528
0.958681
0.960685
0.963802
0.967942
0.97461
0.982348
0.991808
1.00522
1.02
1.03528
1.04714
1.05589
1.06037
1.05819
1.05113
1.03664
1.02223
1.00212
0.991006
0.978324
0.983586
0.989372
1.02646
1.06853
1.15491
1.23368
1.34085
1.4027
1.44714
1.39724
1.35282
1.24356
0.964544
0.963014
0.961172
0.958781
0.957223
0.956258
0.95614
0.956806
0.958559
0.960232
0.963874
0.968803
0.975114
0.98361
0.99281
1.00609
1.0219
1.03631
1.04873
1.05834
1.06385
1.06304
1.05622
1.04089
1.02585
1.00292
0.987563
0.971058
0.971358
0.967532
0.996533
1.02839
1.11226
1.18888
1.30749
1.38552
1.46623
1.44537
1.41377
1.29745
0.963434
0.961901
0.960123
0.957856
0.956269
0.955754
0.955576
0.956289
0.958542
0.960179
0.964266
0.970081
0.975491
0.98515
0.994864
1.00723
1.02246
1.0377
1.05124
1.06148
1.06634
1.06484
1.06036
1.04721
1.03175
1.00729
0.989449
0.965191
0.960465
0.946123
0.970669
0.989009
1.0715
1.14275
1.27738
1.35416
1.47077
1.48165
1.47633
1.35732
0.962342
0.960771
0.959101
0.957035
0.955567
0.954555
0.955428
0.955498
0.957515
0.960749
0.963829
0.970532
0.976776
0.986007
0.995925
1.00837
1.02325
1.03936
1.05292
1.0639
1.06954
1.06872
1.06418
1.05182
1.03741
1.01215
0.991837
0.962914
0.954242
0.93272
0.948778
0.954752
1.02912
1.09294
1.23824
1.31949
1.46587
1.49887
1.54129
1.42457
0.961207
0.959561
0.958067
0.956283
0.954605
0.953997
0.954742
0.955386
0.957311
0.960267
0.964052
0.97153
0.978107
0.988143
0.997001
1.00997
1.02531
1.04168
1.05518
1.06704
1.0749
1.07407
1.06822
1.05596
1.04171
1.01535
0.995823
0.962654
0.950635
0.920799
0.93099
0.925285
0.983146
1.03851
1.17835
1.26785
1.45167
1.49253
1.60005
1.49725
0.959912
0.958166
0.956911
0.954938
0.953965
0.952782
0.953174
0.955399
0.956646
0.960059
0.963607
0.971435
0.979512
0.989992
0.998684
1.01181
1.02608
1.04341
1.05853
1.07118
1.07885
1.0791
1.07465
1.06006
1.04699
1.02008
0.999763
0.9632
0.948997
0.914918
0.914765
0.904072
0.933521
0.983972
1.08976
1.19125
1.3854
1.45616
1.6315
1.5719
0.958757
0.95705
0.955604
0.954147
0.953244
0.952154
0.952695
0.95464
0.956454
0.960473
0.963719
0.972147
0.97998
0.99133
1.00261
1.01512
1.02891
1.04606
1.06266
1.07515
1.08502
1.08537
1.08302
1.06722
1.05505
1.02629
1.00644
0.967609
0.949995
0.914178
0.897889
0.891711
0.882919
0.940548
0.987894
1.10564
1.24265
1.41097
1.59767
1.62488
0.957152
0.955268
0.954026
0.952525
0.951302
0.951536
0.951065
0.953436
0.95551
0.959936
0.964328
0.972144
0.98146
0.992059
1.0038
1.01787
1.03357
1.0493
1.06574
1.07708
1.08937
1.08986
1.09012
1.07477
1.06385
1.03481
1.01506
0.976232
0.950349
0.921378
0.884131
0.883749
0.845937
0.900458
0.896151
1.00158
1.1209
1.37779
1.4845
1.61354
0.955596
0.954133
0.952604
0.951591
0.950181
0.950601
0.950834
0.953378
0.955142
0.959516
0.965156
0.972545
0.983886
0.994744
1.007
1.02163
1.03814
1.05322
1.07317
1.08298
1.0949
1.09516
1.09772
1.08279
1.07322
1.04481
1.02426
0.991058
0.953212
0.930234
0.881568
0.876381
0.828308
0.860698
0.82734
0.89019
1.05516
1.27012
1.38574
1.56654
0.953228
0.952207
0.949893
0.94967
0.94802
0.948845
0.949433
0.951128
0.955434
0.958379
0.965284
0.97276
0.983931
0.99688
1.01047
1.0245
1.04388
1.05734
1.07729
1.08816
1.10129
1.10052
1.10415
1.08917
1.08041
1.05575
1.02931
1.00579
0.963215
0.93923
0.887067
0.874082
0.819339
0.832407
0.778966
0.800163
0.957213
1.0931
1.3166
1.43678
0.951084
0.950796
0.948399
0.948245
0.947077
0.94763
0.949362
0.950189
0.955493
0.958267
0.966595
0.975073
0.985924
0.999209
1.01537
1.02835
1.05058
1.06473
1.08485
1.09486
1.10967
1.10888
1.11319
1.10222
1.08868
1.07196
1.03964
1.01833
0.974777
0.951358
0.898831
0.879527
0.820797
0.817177
0.755501
0.743483
0.823416
0.970028
1.17417
1.30668
0.94762
0.94745
0.944977
0.944466
0.94492
0.944095
0.948047
0.947846
0.954127
0.958187
0.965424
0.974835
0.988666
0.99996
1.01976
1.03347
1.0553
1.07048
1.09134
1.10278
1.11554
1.11891
1.11783
1.11432
1.0968
1.08436
1.05186
1.03189
0.98768
0.96317
0.910605
0.888672
0.831192
0.815052
0.759258
0.717848
0.725522
0.862068
1.01103
1.20105
0.946003
0.945707
0.943975
0.942307
0.943717
0.942284
0.947233
0.948317
0.953367
0.959829
0.967634
0.977057
0.991813
1.00447
1.02353
1.04106
1.06198
1.08158
1.0985
1.11493
1.12236
1.13263
1.12739
1.12728
1.10904
1.10078
1.06725
1.04987
1.00819
0.982138
0.933033
0.904351
0.847924
0.822229
0.777955
0.725956
0.682913
0.746221
0.852568
1.00764
0.94193
0.940826
0.940297
0.937595
0.940114
0.939057
0.941975
0.946627
0.950858
0.958376
0.967527
0.97867
0.992517
1.01023
1.0255
1.0485
1.06663
1.08996
1.10507
1.12524
1.13191
1.1419
1.139
1.1365
1.12588
1.10633
1.0921
1.05823
1.03312
0.99401
0.956757
0.920055
0.870896
0.837034
0.793838
0.753139
0.686228
0.674936
0.714713
0.830332
0.941717
0.938642
0.938758
0.93654
0.937425
0.940384
0.941184
0.946603
0.9517
0.960417
0.968639
0.984855
0.995797
1.01733
1.03269
1.05755
1.07701
1.10079
1.11789
1.13487
1.14729
1.15094
1.15805
1.14609
1.14665
1.12207
1.11194
1.07848
1.05741
1.01726
0.980289
0.94935
0.892852
0.86336
0.814698
0.779111
0.71945
0.671425
0.655454
0.692633
0.936746
0.934638
0.93194
0.933743
0.930885
0.934423
0.937594
0.943624
0.948851
0.959705
0.968999
0.984628
1.0004
1.01903
1.0409
1.06179
1.08768
1.10587
1.13174
1.14128
1.16286
1.15981
1.17186
1.15978
1.16038
1.13971
1.13019
1.09881
1.07939
1.04875
1.00032
0.974872
0.923226
0.884754
0.835682
0.803063
0.756769
0.70434
0.66601
0.635423
0.932354
0.934205
0.930622
0.932454
0.932407
0.934712
0.93826
0.944555
0.95275
0.961256
0.977133
0.988366
1.01174
1.02559
1.05505
1.07061
1.10451
1.11697
1.14804
1.15512
1.17686
1.17675
1.18768
1.17742
1.18037
1.16021
1.15167
1.13248
1.09946
1.08222
1.04093
1.00544
0.962233
0.923612
0.869801
0.833854
0.797604
0.754504
0.699192
0.654877
0.920891
0.923523
0.922952
0.923835
0.926334
0.928587
0.936119
0.939227
0.954237
0.960263
0.979944
0.991527
1.01719
1.03305
1.0636
1.0812
1.11472
1.13093
1.15902
1.16963
1.19036
1.19093
1.20288
1.19637
1.19042
1.18786
1.16716
1.15569
1.13461
1.1071
1.07811
1.05086
0.995912
0.962789
0.91873
0.866407
0.822525
0.785964
0.751528
0.698896
0.920937
0.921285
0.921293
0.920593
0.927329
0.926806
0.939098
0.942846
0.959281
0.967571
0.989404
1.00339
1.02924
1.04967
1.07799
1.10185
1.13063
1.15287
1.17673
1.19396
1.20514
1.2191
1.21606
1.22253
1.21609
1.20665
1.19843
1.18505
1.1632
1.15003
1.11983
1.08701
1.0539
1.01255
0.964167
0.925454
0.883146
0.825631
0.793253
0.751525
0.908873
0.908252
0.911927
0.908812
0.91753
0.919415
0.929872
0.939542
0.954352
0.969494
0.988156
1.0111
1.03332
1.06171
1.08655
1.11873
1.14093
1.17287
1.18878
1.21074
1.22419
1.23016
1.23817
1.24021
1.2325
1.23097
1.22246
1.20908
1.19742
1.18769
1.1578
1.13755
1.11077
1.06214
1.03386
0.984151
0.937342
0.890477
0.85887
0.794662
0.906894
0.905824
0.91033
0.912353
0.915561
0.927654
0.935575
0.95013
0.964857
0.985494
1.00447
1.03144
1.05443
1.0854
1.11167
1.14138
1.17144
1.19314
1.21716
1.23658
1.24612
1.25614
1.26446
1.26044
1.2588
1.26133
1.24766
1.24056
1.24096
1.21751
1.21026
1.19594
1.16297
1.13813
1.10906
1.05523
1.02734
0.96949
0.937027
0.882401
0.890817
0.892947
0.892649
0.90241
0.905424
0.920149
0.931018
0.950504
0.967095
0.991508
1.0159
1.04166
1.07354
1.10109
1.13285
1.1657
1.19117
1.21798
1.24259
1.25728
1.26973
1.28321
1.2838
1.28338
1.28753
1.28057
1.27407
1.27517
1.26495
1.25822
1.25459
1.23564
1.22626
1.20159
1.18161
1.14033
1.11633
1.059
1.03441
0.974784
0.882618
0.893769
0.893492
0.90659
0.911912
0.931526
0.945702
0.967528
0.99114
1.01776
1.04224
1.0766
1.10553
1.13803
1.17157
1.20409
1.22913
1.25939
1.27956
1.2945
1.30883
1.31897
1.3193
1.32087
1.32605
1.31366
1.32103
1.30935
1.31726
1.30069
1.31264
1.29178
1.29934
1.27356
1.27424
1.24048
1.22699
1.18457
1.16051
1.10771
0.862154
0.87613
0.883355
0.899005
0.909192
0.934473
0.951946
0.980118
1.00693
1.0386
1.06974
1.10463
1.13889
1.17175
1.2106
1.23722
1.27355
1.29193
1.32224
1.32876
1.34887
1.35023
1.36082
1.35178
1.36643
1.35301
1.36445
1.35086
1.36676
1.35077
1.36761
1.35104
1.36801
1.35148
1.36562
1.34039
1.35083
1.31805
1.31852
1.2674
0.865724
0.882714
0.902299
0.9298
0.949628
0.983422
1.00984
1.04383
1.07546
1.11153
1.14538
1.18573
1.21893
1.25825
1.28985
1.32344
1.34922
1.37189
1.38899
1.39902
1.40588
1.40635
1.40612
1.40062
1.40039
1.39634
1.39522
1.39452
1.39089
1.39258
1.38595
1.38989
1.38498
1.39834
1.39931
1.41965
1.41667
1.43194
1.41881
1.4339
0.842891
0.875445
0.888412
0.919632
0.946132
0.98374
1.02037
1.06206
1.10375
1.14904
1.18953
1.23385
1.27086
1.30988
1.34122
1.37263
1.39517
1.41391
1.42481
1.43116
1.42965
1.4255
1.41714
1.40834
1.40018
1.39524
1.39043
1.39014
1.38495
1.38424
1.36914
1.35494
1.3287
1.31065
1.29311
1.30118
1.29373
1.3178
1.29679
1.33082
0.92925
0.976283
1.02272
1.07492
1.11522
1.16094
1.20252
1.24362
1.28251
1.31958
1.35233
1.38227
1.40756
1.42935
1.44678
1.4619
1.47568
1.47939
1.48603
1.47559
1.4724
1.44906
1.43721
1.40564
1.38791
1.35678
1.3414
1.31456
1.30342
1.27499
1.2469
1.1833
1.12317
1.03337
0.92156
0.803112
0.66344
0.587974
0.476289
0.483363
1.06064
1.09871
1.13548
1.17471
1.21256
1.24761
1.27876
1.30687
1.32913
1.34577
1.36308
1.36504
1.37815
1.37385
1.38353
1.37023
1.36817
1.34121
1.32735
1.28527
1.26037
1.19859
1.15833
1.07635
1.02127
0.929256
0.862611
0.766185
0.688809
0.537551
0.198591
0.080441
0.179191
0.206701
0.19244
0.129249
0.134427
0.195312
0.250953
0.288577
1.01938
1.01369
0.991675
0.956129
0.91267
0.881151
0.886037
0.969569
1.02386
1.027
1.01611
1.00942
1.00789
1.00747
1.008
1.0094
1.01039
1.01114
1.01148
1.01224
1.01235
1.01272
1.01272
1.01292
1.01273
1.01258
1.01238
1.01199
1.01194
1.01148
1.01152
1.0111
1.01121
1.0108
1.01088
1.01043
1.01033
1.01012
1.01049
1.01346
1.03341
1.01909
0.993777
0.955822
0.909234
0.873942
0.871508
0.954293
1.02143
1.02771
1.01776
1.01003
1.00832
1.00784
1.00796
1.00935
1.01031
1.01133
1.01163
1.01241
1.0125
1.01289
1.01286
1.0131
1.01306
1.0129
1.01278
1.01231
1.01228
1.01182
1.01182
1.0114
1.01152
1.01115
1.01122
1.01077
1.01063
1.01009
1.00961
1.00772
1.0409
1.02405
0.999251
0.95903
0.907801
0.867682
0.86037
0.941815
1.01874
1.02733
1.01742
1.00992
1.00834
1.00802
1.00837
1.00993
1.01086
1.01191
1.0123
1.01311
1.0131
1.0135
1.01328
1.01343
1.01342
1.0133
1.01329
1.01274
1.01279
1.01232
1.01232
1.01183
1.01191
1.01152
1.01153
1.01106
1.01104
1.01076
1.01133
1.01354
1.04989
1.03303
1.00335
0.960593
0.905753
0.862355
0.84739
0.921253
1.01222
1.02604
1.01719
1.00943
1.00826
1.00803
1.00847
1.01007
1.01079
1.01201
1.01248
1.01319
1.01334
1.01387
1.01363
1.01369
1.01361
1.01347
1.01359
1.01309
1.01314
1.0127
1.01272
1.01219
1.01222
1.01182
1.01177
1.01127
1.01109
1.01065
1.01012
1.00809
1.06082
1.04057
1.0103
0.965035
0.904938
0.857532
0.838025
0.90275
1.00329
1.02326
1.01533
1.00826
1.00797
1.00802
1.00876
1.01062
1.01128
1.01261
1.01309
1.01369
1.01395
1.01453
1.01429
1.01437
1.01411
1.01397
1.01401
1.01361
1.01361
1.01319
1.01315
1.01264
1.01259
1.01218
1.01217
1.01185
1.01177
1.01146
1.01179
1.01315
1.07081
1.05294
1.01738
0.967963
0.90306
0.852613
0.827247
0.879053
0.989919
1.01917
1.01318
1.0065
1.00727
1.00753
1.00862
1.01074
1.01133
1.01277
1.01326
1.01377
1.01416
1.01472
1.01457
1.01474
1.01445
1.0144
1.01433
1.01409
1.014
1.01368
1.01356
1.01318
1.01304
1.01269
1.01249
1.01211
1.0119
1.01143
1.01097
1.0092
1.08516
1.06478
1.02793
0.973504
0.901643
0.846812
0.819179
0.85817
0.972818
1.01257
1.00923
1.00386
1.00626
1.00718
1.00861
1.01108
1.01181
1.01329
1.01389
1.01449
1.01479
1.01518
1.015
1.01533
1.01497
1.01501
1.01482
1.0147
1.0145
1.01427
1.01404
1.0138
1.01361
1.01337
1.01313
1.01281
1.01254
1.01224
1.0124
1.01317
1.09771
1.08183
1.03977
0.977965
0.898395
0.839098
0.809576
0.834418
0.950533
1.00396
1.00463
1.00029
1.00458
1.0062
1.00804
1.01089
1.01189
1.01357
1.0141
1.01479
1.01513
1.01561
1.01529
1.01565
1.0154
1.01553
1.01522
1.01519
1.01485
1.01475
1.01434
1.01419
1.01382
1.01356
1.01329
1.01296
1.01269
1.01224
1.01191
1.01054
1.11712
1.10008
1.05577
0.984649
0.894864
0.828802
0.800534
0.812781
0.925016
0.992521
0.99831
0.99572
1.00258
1.00509
1.00774
1.01096
1.01231
1.014
1.01479
1.01566
1.01599
1.01637
1.016
1.01631
1.016
1.01613
1.01579
1.01576
1.01527
1.01524
1.01463
1.01455
1.01416
1.01399
1.01375
1.01357
1.01345
1.0131
1.01308
1.01338
1.13623
1.12401
1.07576
0.989951
0.888712
0.814392
0.787501
0.789264
0.895997
0.978058
0.991047
0.9903
0.999839
1.00313
1.00668
1.01036
1.0122
1.0141
1.01509
1.01589
1.01644
1.01695
1.01676
1.01705
1.0168
1.01681
1.01646
1.01641
1.01578
1.01582
1.01503
1.01495
1.01443
1.01423
1.01407
1.01378
1.01369
1.01326
1.01301
1.01196
1.16169
1.15294
1.10214
0.996497
0.880663
0.795552
0.770657
0.766763
0.865286
0.960929
0.982049
0.984115
0.996651
1.00117
1.00602
1.0102
1.01246
1.01429
1.01576
1.01641
1.0171
1.01755
1.01764
1.0179
1.01778
1.01768
1.01736
1.0173
1.01667
1.01675
1.01606
1.01606
1.01554
1.01533
1.01503
1.01463
1.01448
1.01404
1.01398
1.01388
1.19303
1.18985
1.13547
1.00095
0.867219
0.770137
0.746217
0.74097
0.833285
0.941613
0.971317
0.977633
0.9929
0.998706
1.00473
1.00944
1.01233
1.01419
1.01624
1.01662
1.01776
1.01814
1.0185
1.0186
1.01857
1.01842
1.01809
1.01804
1.01735
1.01736
1.01664
1.01662
1.01599
1.01574
1.01532
1.01489
1.01472
1.01421
1.01415
1.01338
1.2313
1.23841
1.17754
1.00172
0.84665
0.736706
0.714186
0.712944
0.801772
0.921463
0.958936
0.970741
0.988845
0.99634
1.00373
1.00894
1.01254
1.01443
1.0171
1.01745
1.01888
1.01892
1.0195
1.01946
1.01949
1.01933
1.01884
1.01877
1.01798
1.01796
1.01722
1.01729
1.01657
1.01648
1.01595
1.01556
1.01537
1.01496
1.01489
1.01466
1.28387
1.29986
1.21382
0.992226
0.811892
0.691695
0.672275
0.680617
0.770609
0.90009
0.944995
0.963579
0.984262
0.993585
1.00236
1.00798
1.01234
1.01449
1.01756
1.01793
1.01979
1.01983
1.02064
1.02044
1.02054
1.02031
1.01975
1.01964
1.0187
1.01865
1.01767
1.01779
1.01688
1.01688
1.01621
1.01592
1.01561
1.01518
1.01512
1.01475
1.34953
1.37184
1.22583
0.96393
0.757419
0.632106
0.62105
0.646235
0.742509
0.879481
0.93001
0.956582
0.979632
0.990878
1.00173
1.00719
1.01238
1.0146
1.01796
1.01869
1.02075
1.02088
1.02205
1.0217
1.02204
1.02169
1.02122
1.02105
1.02026
1.02028
1.01921
1.01932
1.01827
1.01836
1.01738
1.01721
1.01655
1.01603
1.0158
1.01556
1.43029
1.41342
1.21762
0.903761
0.67611
0.556583
0.562145
0.61163
0.719937
0.860868
0.914924
0.950583
0.975612
0.98878
1.00129
1.00629
1.01245
1.01465
1.01809
1.01914
1.02137
1.02168
1.02305
1.02264
1.02317
1.02257
1.02245
1.02204
1.02137
1.02131
1.02038
1.02037
1.0192
1.01918
1.01803
1.01791
1.01708
1.01664
1.01615
1.01587
1.51326
1.44294
1.17317
0.802506
0.565553
0.470427
0.504923
0.585078
0.706735
0.847258
0.903121
0.94542
0.972567
0.987809
1.00123
1.00672
1.0134
1.01559
1.01891
1.02019
1.02218
1.02247
1.02378
1.02322
1.02395
1.02312
1.02342
1.02283
1.02253
1.0222
1.02152
1.02138
1.02045
1.02033
1.01929
1.01921
1.01834
1.018
1.01738
1.01689
1.5856
1.43948
1.06841
0.656777
0.43902
0.396787
0.468771
0.575989
0.705949
0.838676
0.894643
0.94217
0.970358
0.987809
1.0016
1.00807
1.01451
1.01749
1.02021
1.02167
1.0232
1.02353
1.0246
1.02411
1.02469
1.02378
1.02418
1.02335
1.02347
1.02289
1.02267
1.02214
1.02165
1.02119
1.02048
1.02002
1.01933
1.01879
1.01829
1.01792
1.61664
1.41971
0.927334
0.516566
0.366454
0.388875
0.48086
0.593924
0.720437
0.83709
0.891023
0.941852
0.969288
0.98922
1.00288
1.01106
1.01644
1.02047
1.02213
1.02429
1.02517
1.02609
1.02655
1.02648
1.02667
1.02596
1.02619
1.02532
1.0256
1.0247
1.02482
1.02382
1.02372
1.02284
1.02259
1.02168
1.02123
1.02021
1.01975
1.01918
1.61684
1.39429
0.852393
0.531083
0.453056
0.480198
0.549575
0.639366
0.747748
0.844898
0.894606
0.94495
0.970003
0.992621
1.00416
1.01421
1.01839
1.02399
1.02469
1.02782
1.02773
1.02944
1.02896
1.02939
1.02871
1.02819
1.02784
1.02695
1.02706
1.02591
1.02596
1.02464
1.0246
1.02333
1.02335
1.02222
1.02214
1.02117
1.02108
1.02042
1.57316
1.38988
0.947673
0.737753
0.646849
0.627559
0.650776
0.7032
0.785142
0.862119
0.906766
0.953341
0.974467
0.998617
1.00693
1.01901
1.02089
1.02814
1.02722
1.03149
1.03007
1.03248
1.03086
1.03199
1.03034
1.03031
1.02919
1.02863
1.02811
1.02728
1.02704
1.02582
1.02572
1.02438
1.02425
1.02306
1.02293
1.0221
1.02209
1.02144
1.50786
1.40347
1.10624
0.969452
0.832417
0.768571
0.746726
0.772769
0.829662
0.888473
0.927751
0.966865
0.98401
1.00761
1.01252
1.02582
1.02425
1.03318
1.0296
1.03487
1.03178
1.03476
1.03207
1.03375
1.03113
1.03196
1.02983
1.03016
1.02864
1.02841
1.02753
1.02685
1.02631
1.02533
1.02499
1.02397
1.02384
1.02308
1.02305
1.02245
1.45543
1.37511
1.1649
1.07803
0.927477
0.863865
0.821469
0.845581
0.880703
0.925704
0.956551
0.985846
1.0008
1.0205
1.02296
1.03562
1.03093
1.0395
1.03394
1.03949
1.03535
1.03856
1.03532
1.0375
1.03431
1.03576
1.03293
1.0341
1.03173
1.03221
1.03036
1.0302
1.02878
1.02821
1.02699
1.02624
1.02537
1.02472
1.02418
1.02387
1.36081
1.29653
1.15329
1.09355
0.950033
0.910169
0.886483
0.92146
0.934124
0.971609
0.992229
1.01156
1.02417
1.0372
1.03878
1.04774
1.04207
1.04921
1.04286
1.04663
1.04247
1.0445
1.04126
1.04279
1.0396
1.04066
1.03768
1.0384
1.03575
1.03627
1.03399
1.03415
1.03229
1.03197
1.03013
1.02949
1.02777
1.02713
1.02585
1.02571
1.23464
1.16108
1.09265
1.02872
0.927568
0.927812
0.925241
0.966129
0.991641
1.01817
1.03183
1.04381
1.0519
1.05746
1.05944
1.06227
1.0582
1.06009
1.0553
1.05509
1.05242
1.05149
1.04922
1.04836
1.04606
1.04553
1.0432
1.04261
1.04044
1.03979
1.03812
1.03737
1.03593
1.03501
1.03347
1.03245
1.03082
1.02994
1.02867
1.02831
1.07559
0.989001
0.981157
0.917865
0.893667
0.917573
0.934345
0.99779
1.03164
1.06243
1.07196
1.08084
1.0796
1.08242
1.08073
1.079
1.07493
1.07162
1.06827
1.06301
1.06136
1.05688
1.05573
1.05197
1.05083
1.04773
1.04696
1.04434
1.04375
1.04149
1.04122
1.03915
1.03894
1.03687
1.03643
1.03454
1.03391
1.0323
1.03152
1.03058
0.879032
0.831912
0.843023
0.810947
0.822687
0.867928
0.919662
1.00127
1.04784
1.10461
1.10987
1.12108
1.11058
1.11211
1.10319
1.10121
1.09174
1.08804
1.08142
1.07548
1.07128
1.06595
1.06313
1.05886
1.05713
1.05348
1.0523
1.04905
1.04825
1.04552
1.04502
1.0426
1.04223
1.03988
1.0396
1.03745
1.03723
1.03534
1.03519
1.03391
0.674051
0.706805
0.703976
0.679653
0.708032
0.777704
0.865823
0.96642
1.05218
1.11854
1.14595
1.16077
1.14961
1.14561
1.13408
1.12931
1.11587
1.11104
1.10007
1.09468
1.08575
1.08187
1.07474
1.07198
1.06716
1.06468
1.06094
1.05877
1.05553
1.0539
1.05109
1.04964
1.0471
1.04558
1.04355
1.04182
1.0403
1.0386
1.03772
1.03645
0.603182
0.622378
0.585819
0.558071
0.579164
0.655498
0.75883
0.885571
1.02048
1.11035
1.1691
1.1891
1.18973
1.17912
1.16932
1.1577
1.14629
1.13509
1.12579
1.11662
1.107
1.10105
1.09235
1.08774
1.08123
1.07761
1.0725
1.06982
1.06539
1.06373
1.05963
1.05845
1.05444
1.05371
1.04987
1.04906
1.04578
1.04502
1.04275
1.04241
0.644706
0.618683
0.578278
0.523313
0.504481
0.53839
0.606233
0.753315
0.927352
1.0673
1.15879
1.20044
1.21274
1.20653
1.19501
1.18223
1.17042
1.15636
1.14743
1.13597
1.12664
1.11752
1.10968
1.10141
1.09607
1.08904
1.08499
1.07973
1.0768
1.07271
1.07009
1.06648
1.06357
1.06069
1.0575
1.05529
1.05205
1.05057
1.04802
1.04746
0.713334
0.674367
0.650281
0.609515
0.574291
0.548707
0.512344
0.5935
0.758293
0.96113
1.11335
1.18762
1.21631
1.22385
1.21401
1.20349
1.1888
1.17767
1.1648
1.15669
1.14466
1.13626
1.12715
1.11769
1.1109
1.10284
1.09737
1.0915
1.08792
1.08299
1.08077
1.07559
1.07423
1.06929
1.06815
1.0637
1.0623
1.05879
1.05758
1.05546
0.768701
0.745201
0.740735
0.723794
0.70466
0.693116
0.658769
0.599577
0.581354
0.756181
0.986716
1.14242
1.20518
1.22783
1.23166
1.22245
1.21014
1.19818
1.18569
1.17799
1.16561
1.15799
1.14703
1.13896
1.12836
1.12226
1.11192
1.10745
1.09926
1.09601
1.08994
1.08643
1.08205
1.07803
1.07513
1.07129
1.06903
1.06595
1.06488
1.06211
0.854201
0.829126
0.830359
0.843149
0.836425
0.837203
0.826729
0.783192
0.711303
0.61425
0.705686
0.967714
1.1377
1.21041
1.23374
1.23809
1.23241
1.22164
1.2119
1.20198
1.19344
1.1837
1.17582
1.16699
1.15838
1.15023
1.14048
1.13243
1.12341
1.11729
1.10933
1.10483
1.09827
1.09454
1.08893
1.08654
1.08071
1.0788
1.07486
1.07406
0.955272
0.953526
0.960855
0.988946
1.01193
0.990467
0.945135
0.897294
0.840578
0.757549
0.661282
0.599769
0.843439
1.06288
1.16595
1.20754
1.2278
1.23021
1.22787
1.22327
1.21708
1.21075
1.20428
1.19838
1.1917
1.18518
1.17887
1.16897
1.16094
1.15024
1.14111
1.13182
1.12575
1.11794
1.11267
1.10767
1.1033
1.0989
1.09479
1.09346
1.09587
1.11707
1.15961
1.16322
1.12495
1.05838
0.977969
0.905897
0.846628
0.791365
0.71949
0.618794
0.519914
0.603392
0.884799
1.03494
1.12656
1.16612
1.1956
1.20653
1.21246
1.21285
1.2089
1.20729
1.20192
1.19911
1.19435
1.19148
1.1877
1.18425
1.17903
1.17274
1.16419
1.15625
1.14787
1.13942
1.13285
1.12534
1.12024
1.11463
1.30392
1.30108
1.26349
1.21931
1.14549
1.05354
0.953686
0.855505
0.768179
0.677011
0.627708
0.597341
0.536868
0.419763
0.330675
0.561728
0.828997
0.954399
1.04756
1.1021
1.13903
1.16143
1.17442
1.1827
1.1848
1.18889
1.1892
1.19049
1.19049
1.19087
1.19127
1.19147
1.19073
1.1889
1.18522
1.18064
1.17423
1.16719
1.15977
1.15319
1.39952
1.34692
1.25695
1.1586
1.0256
0.865968
0.739201
0.620358
0.508024
0.446636
0.427365
0.407914
0.353366
0.327879
0.297784
0.202322
0.132977
0.479654
0.681593
0.830298
0.932944
1.00858
1.06261
1.10376
1.12852
1.15018
1.16067
1.17236
1.17752
1.18423
1.1891
1.19296
1.19654
1.19913
1.19973
1.19959
1.19847
1.1968
1.19356
1.18923
1.24872
1.0706
0.863056
0.66528
0.512336
0.369503
0.23935
0.14733
0.0855499
0.103838
0.173524
0.239597
0.266708
0.261211
0.250776
0.250298
0.295944
0.299968
0.169128
0.38527
0.577202
0.721747
0.822922
0.914102
0.973969
1.0258
1.06496
1.09705
1.11941
1.13275
1.13945
1.14516
1.14984
1.16496
1.16853
1.18041
1.18189
1.18998
1.19657
1.20532
0.289521
0.134375
0.165854
0.265575
0.342479
0.388074
0.43335
0.478559
0.516942
0.544714
0.563698
0.582106
0.587451
0.603554
0.625703
0.649709
0.668796
0.669227
0.621446
0.513561
0.318747
0.272134
0.412062
0.523645
0.638288
0.707488
0.784883
0.844152
0.904636
0.956485
0.997987
1.03642
1.06688
1.08765
1.11635
1.13478
1.15714
1.17088
1.1827
1.1899
0.311118
0.334504
0.354917
0.391827
0.434134
0.477344
0.515666
0.547568
0.573113
0.595524
0.614625
0.629713
0.640026
0.642665
0.635826
0.624649
0.601661
0.569124
0.532641
0.490074
0.430265
0.362647
0.284089
0.19687
0.244871
0.439343
0.514291
0.586008
0.628836
0.671706
0.705583
0.750514
0.78799
0.834816
0.869736
0.915312
0.95072
1.00123
1.05016
1.10672
1.01955
1.01936
1.02062
1.02068
1.02134
1.02109
1.02145
1.02093
1.02095
1.01997
1.01938
1.01772
1.01616
1.01299
1.00983
1.00467
0.998964
0.992165
0.986136
0.984011
0.985627
0.993057
1.0016
1.00948
1.01165
1.01153
1.01129
1.01117
1.01109
1.01107
1.01105
1.01098
1.01084
1.01066
1.01044
1.01021
1.00995
1.00965
1.00931
1.00909
1.00205
1.00258
1.00173
1.00226
1.00171
1.00245
1.00215
1.00299
1.00297
1.0043
1.00473
1.00695
1.00852
1.01185
1.01519
1.01926
1.02351
1.02719
1.02884
1.02905
1.02793
1.024
1.01673
1.01279
1.01208
1.01223
1.01236
1.01242
1.01238
1.01233
1.01219
1.01193
1.01168
1.01148
1.01119
1.01085
1.01056
1.0102
1.00987
1.00972
1.01815
1.01827
1.01946
1.01949
1.02016
1.01975
1.01988
1.01902
1.01866
1.01735
1.01651
1.01433
1.01279
1.00995
1.00752
1.00482
1.0028
1.00293
1.00418
1.0067
1.00854
1.0101
1.01037
1.01079
1.01107
1.01158
1.01176
1.0119
1.01195
1.01208
1.01215
1.01207
1.01186
1.01164
1.01145
1.01113
1.01078
1.01053
1.01025
1.01004
1.00416
1.00488
1.00446
1.00506
1.00487
1.00579
1.00603
1.00729
1.00786
1.00963
1.0107
1.01306
1.01486
1.01764
1.0199
1.02229
1.0244
1.02519
1.0256
1.02528
1.02375
1.0214
1.0188
1.01621
1.01486
1.01427
1.01385
1.01345
1.01318
1.01295
1.01275
1.01245
1.01224
1.01201
1.01163
1.01141
1.01108
1.0108
1.01069
1.01051
1.01649
1.01695
1.0177
1.01769
1.01802
1.01756
1.01738
1.01658
1.01601
1.0148
1.01379
1.01211
1.01084
1.00925
1.00802
1.00762
1.00774
1.0087
1.00908
1.01017
1.01086
1.01162
1.01197
1.01246
1.01246
1.01266
1.01266
1.01272
1.01269
1.01282
1.01274
1.01256
1.01245
1.01231
1.01196
1.01156
1.01128
1.01098
1.01087
1.01079
1.00646
1.00717
1.00728
1.008
1.00823
1.00922
1.00971
1.01097
1.01163
1.01313
1.01412
1.01562
1.01673
1.01807
1.01915
1.02013
1.02098
1.02157
1.02188
1.02174
1.02093
1.01976
1.01808
1.01685
1.0163
1.01578
1.01476
1.01414
1.01379
1.01348
1.01323
1.01287
1.01267
1.01237
1.0121
1.01187
1.01149
1.01134
1.01123
1.01105
1.01535
1.01586
1.01625
1.01625
1.01627
1.01592
1.01563
1.01504
1.01438
1.01357
1.01282
1.01197
1.01115
1.01078
1.01036
1.01065
1.01088
1.01136
1.0114
1.01202
1.01246
1.01282
1.01301
1.01332
1.01345
1.01359
1.01361
1.01359
1.01359
1.01356
1.01338
1.0133
1.01309
1.01267
1.01236
1.01203
1.01169
1.01155
1.01149
1.01139
1.00882
1.0095
1.00985
1.0106
1.01107
1.01197
1.01253
1.0134
1.01406
1.01493
1.01563
1.01643
1.01703
1.01769
1.01829
1.01875
1.01919
1.0195
1.01965
1.01951
1.019
1.01818
1.01719
1.01684
1.01666
1.01598
1.01503
1.0146
1.01432
1.01404
1.01366
1.01344
1.0133
1.01293
1.01267
1.01228
1.012
1.01187
1.01173
1.01148
1.01464
1.01511
1.01524
1.01533
1.01531
1.01522
1.01496
1.0147
1.0142
1.01393
1.01362
1.01352
1.01339
1.01347
1.01347
1.01375
1.01355
1.01344
1.01337
1.01357
1.01384
1.01389
1.01403
1.01436
1.01448
1.01453
1.01453
1.01447
1.01444
1.0143
1.01415
1.01391
1.01356
1.01329
1.01294
1.01251
1.01224
1.01212
1.01204
1.01188
1.01101
1.01178
1.01218
1.01287
1.01331
1.01407
1.01459
1.01524
1.01579
1.01637
1.01688
1.01733
1.01771
1.01809
1.01828
1.01837
1.01834
1.01847
1.01852
1.01839
1.01814
1.01749
1.01699
1.01688
1.01654
1.01582
1.0154
1.01514
1.0148
1.01452
1.01438
1.01424
1.01397
1.01369
1.01334
1.01287
1.01253
1.01237
1.01211
1.01182
1.01452
1.01502
1.01508
1.01546
1.01542
1.01556
1.01547
1.01532
1.01524
1.01525
1.01532
1.01545
1.01557
1.01573
1.01585
1.01571
1.01541
1.01525
1.0152
1.01524
1.01527
1.01516
1.01531
1.01551
1.01555
1.01552
1.01546
1.01542
1.01526
1.01502
1.01478
1.01455
1.01428
1.01402
1.01368
1.01325
1.01292
1.01276
1.01258
1.01234
1.01293
1.01378
1.01414
1.01479
1.01515
1.01575
1.01609
1.01668
1.017
1.01755
1.01782
1.01816
1.01832
1.01847
1.01845
1.0183
1.01827
1.01843
1.01849
1.01838
1.01796
1.01756
1.0173
1.0171
1.01664
1.01626
1.01603
1.0158
1.01554
1.01539
1.0153
1.01507
1.01474
1.01442
1.01413
1.01367
1.0132
1.01293
1.01271
1.01243
1.01491
1.01552
1.01569
1.01614
1.01623
1.01656
1.01664
1.0169
1.01699
1.01717
1.01724
1.01732
1.01734
1.01736
1.01737
1.01735
1.01716
1.01706
1.01701
1.01693
1.01682
1.0168
1.01685
1.01686
1.01675
1.01672
1.01664
1.01639
1.01603
1.01578
1.01572
1.01555
1.01518
1.0148
1.01451
1.01413
1.01376
1.01358
1.01339
1.01314
1.01451
1.01543
1.01579
1.01647
1.01681
1.01746
1.01774
1.01828
1.01851
1.01886
1.01896
1.01918
1.01918
1.01922
1.01904
1.01901
1.01895
1.0191
1.01898
1.01872
1.01839
1.01817
1.01791
1.01764
1.01732
1.01719
1.01706
1.01691
1.01659
1.0164
1.01624
1.01607
1.01568
1.01533
1.01499
1.01456
1.01404
1.01374
1.01358
1.01337
1.01578
1.01648
1.01678
1.01732
1.01755
1.01801
1.0182
1.01859
1.0187
1.01895
1.01891
1.01898
1.0189
1.01895
1.01894
1.01899
1.01896
1.01888
1.0187
1.01858
1.01844
1.0184
1.01838
1.01825
1.01802
1.01785
1.01771
1.01749
1.01722
1.01699
1.01685
1.01662
1.01618
1.0158
1.01557
1.0153
1.01488
1.01458
1.01438
1.01418
1.01585
1.01674
1.01707
1.01774
1.01805
1.01858
1.01889
1.01929
1.01951
1.01976
1.01982
1.02001
1.02001
1.02014
1.02008
1.02018
1.02015
1.02018
1.01992
1.0197
1.01936
1.01921
1.01894
1.01878
1.01849
1.01845
1.01832
1.01817
1.01774
1.01752
1.01743
1.01728
1.0168
1.01628
1.01589
1.01558
1.01513
1.01474
1.01454
1.01435
1.01681
1.01762
1.01795
1.01852
1.01883
1.0193
1.01953
1.0199
1.02
1.02027
1.0203
1.02057
1.02059
1.02079
1.02078
1.02088
1.02079
1.02081
1.02054
1.02041
1.02021
1.02014
1.01989
1.01964
1.01935
1.01931
1.01926
1.01908
1.0186
1.01831
1.01816
1.01806
1.01763
1.01717
1.0168
1.01656
1.01615
1.0157
1.01536
1.01518
1.01791
1.01868
1.01918
1.0197
1.02004
1.02043
1.02062
1.02091
1.02102
1.02129
1.02141
1.02171
1.02177
1.02194
1.02187
1.02202
1.02186
1.02181
1.02143
1.02126
1.02093
1.02087
1.02054
1.02035
1.02004
1.01996
1.0198
1.01971
1.01929
1.01898
1.01871
1.01858
1.01806
1.01753
1.01707
1.01676
1.01641
1.0161
1.0157
1.01536
1.01892
1.01989
1.02023
1.02076
1.02103
1.0214
1.02159
1.02191
1.02208
1.02244
1.02263
1.02296
1.02299
1.02316
1.0231
1.02327
1.02312
1.02309
1.02276
1.02261
1.02228
1.02217
1.02183
1.02164
1.02133
1.02118
1.02096
1.02085
1.02045
1.02015
1.01988
1.01972
1.01917
1.01869
1.01827
1.01793
1.01748
1.01718
1.01682
1.0164
1.02025
1.02109
1.02148
1.02191
1.02213
1.02249
1.02266
1.02301
1.02321
1.02359
1.02379
1.02407
1.02406
1.02422
1.02419
1.02434
1.02415
1.02404
1.02363
1.02348
1.02317
1.02304
1.02265
1.0225
1.02218
1.02204
1.02175
1.02163
1.0212
1.02096
1.02056
1.02021
1.01959
1.01918
1.01869
1.01827
1.0178
1.01753
1.01714
1.01671
1.02146
1.02229
1.0226
1.02312
1.02335
1.02381
1.02405
1.02446
1.02471
1.02511
1.02526
1.02549
1.02553
1.02579
1.02586
1.02603
1.0258
1.02565
1.02525
1.0252
1.02488
1.02472
1.0243
1.02417
1.02377
1.02357
1.02316
1.02298
1.02259
1.02252
1.0221
1.02167
1.02103
1.02067
1.02012
1.01969
1.0192
1.01889
1.01848
1.01812
1.02264
1.02346
1.02372
1.02444
1.02469
1.02526
1.02553
1.02596
1.02617
1.02646
1.02652
1.02674
1.02681
1.0271
1.02715
1.02721
1.0269
1.02669
1.02636
1.02625
1.02591
1.02578
1.02539
1.02523
1.02477
1.02464
1.02414
1.02385
1.02347
1.02344
1.02295
1.02243
1.02169
1.0212
1.0205
1.02013
1.01971
1.01929
1.01875
1.01847
1.02411
1.02504
1.02544
1.02625
1.02657
1.02723
1.02741
1.02788
1.02801
1.02825
1.02836
1.02866
1.02886
1.02918
1.02921
1.02922
1.02894
1.0288
1.02851
1.02836
1.02806
1.02797
1.02757
1.02732
1.0269
1.02675
1.02617
1.02584
1.02542
1.02538
1.02494
1.02454
1.02376
1.02314
1.02229
1.02191
1.02149
1.02109
1.02048
1.02025
1.02556
1.02672
1.02722
1.028
1.02834
1.02897
1.0291
1.02964
1.02971
1.03007
1.03016
1.0305
1.03071
1.03095
1.03083
1.03074
1.03052
1.03043
1.03008
1.02986
1.02956
1.02939
1.02891
1.02864
1.02824
1.02796
1.02733
1.02696
1.02648
1.02639
1.02594
1.02554
1.02459
1.02387
1.02292
1.0225
1.02199
1.02165
1.02099
1.02067
1.02772
1.02923
1.0297
1.03049
1.03085
1.03155
1.03178
1.03246
1.0325
1.03298
1.03296
1.03347
1.0336
1.0338
1.0335
1.03351
1.03339
1.03333
1.03294
1.03273
1.03238
1.03211
1.03165
1.03146
1.03106
1.03062
1.03006
1.0298
1.02934
1.02912
1.02863
1.02819
1.02716
1.02643
1.02543
1.02492
1.02434
1.02404
1.02342
1.02304
1.02999
1.03156
1.03186
1.03267
1.03302
1.03376
1.03416
1.03473
1.03474
1.03515
1.03524
1.03582
1.03574
1.03586
1.0356
1.03576
1.03553
1.03547
1.0351
1.03487
1.03435
1.03411
1.03369
1.03338
1.03265
1.03221
1.0317
1.03139
1.03086
1.03059
1.02987
1.02923
1.02815
1.02745
1.02637
1.02577
1.02501
1.02467
1.02401
1.02364
1.03392
1.03511
1.03557
1.03653
1.03696
1.03786
1.03812
1.03863
1.03869
1.03921
1.03944
1.03982
1.03981
1.03996
1.03985
1.03987
1.0396
1.0396
1.03918
1.03885
1.03829
1.03809
1.03757
1.03707
1.03631
1.03594
1.03539
1.03516
1.03469
1.0343
1.03339
1.03265
1.03156
1.03082
1.02977
1.02918
1.02833
1.02793
1.02719
1.02679
1.03644
1.03771
1.03835
1.03952
1.03994
1.04073
1.04087
1.04149
1.04175
1.04231
1.04226
1.04264
1.04266
1.04284
1.04266
1.04258
1.04237
1.0422
1.04175
1.04146
1.04094
1.04052
1.03988
1.03936
1.03861
1.03815
1.03755
1.03733
1.03667
1.03618
1.03511
1.0342
1.03291
1.03205
1.03087
1.03018
1.02921
1.02873
1.02786
1.02745
1.0416
1.04371
1.04415
1.04553
1.04562
1.04666
1.04671
1.04766
1.04763
1.0482
1.04805
1.04865
1.04844
1.04878
1.04844
1.04845
1.04809
1.04785
1.0476
1.04722
1.04665
1.04603
1.04544
1.0447
1.04405
1.0435
1.04293
1.04245
1.04183
1.0413
1.0401
1.03904
1.03767
1.03673
1.03557
1.03497
1.03401
1.0334
1.0324
1.03188
1.04624
1.04877
1.04888
1.05007
1.05011
1.05135
1.05121
1.05221
1.05188
1.05277
1.05249
1.05299
1.05283
1.05308
1.05268
1.05262
1.05203
1.05212
1.05137
1.05111
1.05023
1.04958
1.04862
1.04783
1.04725
1.04647
1.0461
1.04532
1.04477
1.0437
1.04264
1.04125
1.03983
1.03859
1.03749
1.03667
1.03568
1.03486
1.0338
1.03307
1.05482
1.05688
1.05691
1.05846
1.05842
1.05967
1.05951
1.06051
1.06032
1.06112
1.0607
1.06136
1.06086
1.06123
1.06056
1.06058
1.05989
1.05972
1.05909
1.05875
1.05766
1.05694
1.05581
1.05522
1.05439
1.05406
1.05338
1.05251
1.05146
1.05015
1.04884
1.04699
1.04547
1.04379
1.04262
1.0414
1.0404
1.03931
1.03833
1.0376
1.06211
1.06389
1.0645
1.06603
1.06612
1.06748
1.0675
1.06858
1.06852
1.06922
1.06899
1.06955
1.06936
1.06982
1.06931
1.06949
1.06882
1.06881
1.06789
1.06734
1.06622
1.06522
1.06424
1.06319
1.06233
1.06144
1.06051
1.05943
1.058
1.05657
1.05484
1.05309
1.05134
1.04961
1.04825
1.04675
1.0457
1.04416
1.04318
1.04173
1.07218
1.07552
1.07535
1.07734
1.07689
1.07858
1.07794
1.07952
1.07858
1.0797
1.07883
1.07966
1.07871
1.07907
1.07778
1.07781
1.07641
1.07631
1.07489
1.07438
1.07289
1.07204
1.07052
1.06954
1.06818
1.06739
1.0662
1.06538
1.06374
1.06251
1.06048
1.05893
1.05687
1.05529
1.05345
1.05193
1.05038
1.04899
1.04771
1.04657
1.08931
1.09383
1.09372
1.09565
1.09542
1.0968
1.0966
1.09773
1.09729
1.09813
1.09759
1.09826
1.09771
1.09815
1.09742
1.09753
1.09659
1.09658
1.09552
1.09501
1.09346
1.09261
1.09108
1.09007
1.08847
1.08718
1.08537
1.08378
1.08144
1.07914
1.07621
1.0735
1.0705
1.06789
1.0653
1.06292
1.06084
1.05854
1.05678
1.0548
1.11214
1.11283
1.11242
1.11302
1.11239
1.11306
1.1124
1.11306
1.11221
1.11265
1.11134
1.11156
1.10985
1.10963
1.10756
1.10719
1.10515
1.1046
1.10231
1.10158
1.09894
1.09784
1.0948
1.0936
1.09061
1.08973
1.08699
1.08625
1.0834
1.0824
1.07927
1.07788
1.07467
1.07327
1.07034
1.06887
1.06604
1.06443
1.06192
1.06056
1.15206
1.15294
1.15163
1.1522
1.15074
1.15111
1.14966
1.15011
1.14854
1.14931
1.14742
1.1486
1.14673
1.14782
1.14608
1.14673
1.14528
1.14533
1.14385
1.14345
1.14195
1.14132
1.13959
1.1387
1.13646
1.13499
1.13188
1.12968
1.12567
1.1228
1.11801
1.11453
1.10915
1.10526
1.09958
1.09561
1.09012
1.08658
1.08183
1.07914
1.18751
1.18233
1.1797
1.17757
1.17571
1.17435
1.17278
1.17158
1.17018
1.1689
1.16725
1.1658
1.1638
1.16239
1.15994
1.15848
1.15577
1.1544
1.15163
1.14977
1.14646
1.14356
1.13968
1.13597
1.13186
1.12817
1.12446
1.12111
1.11795
1.11488
1.11203
1.1089
1.10598
1.10228
1.09886
1.09449
1.09102
1.08712
1.08502
1.0833
1.21109
1.21857
1.22375
1.22976
1.23263
1.23755
1.23933
1.2438
1.24499
1.24915
1.24995
1.25365
1.25411
1.25732
1.25716
1.2597
1.25854
1.26027
1.2584
1.25968
1.25768
1.25873
1.25663
1.25697
1.25399
1.25267
1.24821
1.24512
1.23889
1.23393
1.22595
1.21941
1.21027
1.20306
1.19386
1.18703
1.17817
1.17068
1.1602
1.14947
1.19285
1.19666
1.20086
1.20664
1.21236
1.21992
1.22578
1.23344
1.23884
1.24539
1.25014
1.25488
1.25858
1.26139
1.26413
1.26574
1.26807
1.26948
1.27108
1.2714
1.27024
1.26807
1.26338
1.25904
1.25171
1.2463
1.2376
1.23235
1.22322
1.21779
1.20876
1.20388
1.1958
1.19184
1.18354
1.17699
1.16314
1.14955
1.13197
1.12118
1.15449
1.18838
1.2352
1.27425
1.31538
1.35126
1.38922
1.42189
1.45647
1.48576
1.51668
1.54219
1.56896
1.59007
1.61171
1.62727
1.64277
1.65239
1.66228
1.66739
1.67332
1.67511
1.67754
1.67603
1.67469
1.66954
1.66369
1.65394
1.64317
1.62962
1.61369
1.59709
1.57719
1.55863
1.53521
1.51366
1.48647
1.46203
1.43534
1.41099
1.00921
1.00995
1.00994
1.01
1.0102
1.01034
1.01021
1.0104
1.01055
1.01054
1.01061
1.01095
1.0111
1.01152
1.01162
1.01153
1.01141
1.01114
1.01041
1.01007
1.00962
1.0089
1.00792
1.00671
1.00529
1.00344
1.00103
0.998666
0.995864
0.99328
0.990501
0.98809
0.984999
0.980871
0.979915
0.976761
0.97757
0.975557
0.976403
0.974534
1.00974
1.01035
1.01025
1.0105
1.01058
1.01061
1.01047
1.01087
1.01102
1.01108
1.01122
1.0115
1.01164
1.01157
1.01181
1.01162
1.01134
1.01116
1.01059
1.01024
1.00955
1.00876
1.00777
1.00647
1.00502
1.00318
1.00084
0.99834
0.995469
0.992768
0.989991
0.987479
0.984697
0.98029
0.979486
0.975999
0.977027
0.97496
0.975724
0.974165
1.01001
1.01041
1.01034
1.01061
1.01058
1.01055
1.01056
1.01102
1.01116
1.01139
1.01157
1.01169
1.01154
1.01111
1.01118
1.0109
1.01057
1.01023
1.00981
1.00943
1.00858
1.00768
1.00657
1.00516
1.00363
1.00182
0.999464
0.996815
0.993879
0.991159
0.988461
0.985663
0.983105
0.979981
0.978437
0.976136
0.975997
0.974481
0.97465
0.973555
1.01031
1.01059
1.01054
1.01082
1.01074
1.01078
1.01091
1.01135
1.01145
1.01174
1.01184
1.01185
1.01161
1.01118
1.01107
1.01076
1.01043
1.00999
1.00963
1.00932
1.00841
1.00748
1.00629
1.00478
1.00311
1.00133
0.998995
0.996182
0.993342
0.990396
0.987402
0.984931
0.982393
0.979722
0.97791
0.976044
0.975386
0.974002
0.973803
0.97332
1.01064
1.01067
1.01067
1.0109
1.01081
1.01085
1.01108
1.01141
1.01152
1.01172
1.01178
1.01167
1.0113
1.01087
1.0108
1.0104
1.00997
1.00942
1.00913
1.00876
1.00771
1.00675
1.0055
1.0039
1.00208
1.00022
0.997701
0.994876
0.991922
0.989108
0.986302
0.983219
0.980907
0.978766
0.976771
0.975326
0.974113
0.973031
0.972658
0.972525
1.01077
1.01083
1.01079
1.01111
1.011
1.0113
1.01142
1.01164
1.01173
1.01196
1.0119
1.01179
1.01146
1.01122
1.01123
1.0108
1.01042
1.00992
1.00959
1.00912
1.00804
1.00712
1.00583
1.00418
1.0022
1.00012
0.997744
0.994561
0.991881
0.988669
0.985358
0.982716
0.980262
0.978132
0.97618
0.974761
0.973433
0.972345
0.971836
0.972083
1.01123
1.01118
1.01116
1.0114
1.01141
1.0117
1.01171
1.01187
1.01195
1.01206
1.01196
1.01179
1.01147
1.01126
1.01125
1.01073
1.0104
1.00993
1.0095
1.00888
1.0077
1.00666
1.00525
1.00351
1.0015
0.999308
0.996696
0.993579
0.99076
0.987483
0.984536
0.981165
0.978788
0.976774
0.974993
0.973542
0.972175
0.971152
0.970718
0.97116
1.01127
1.01121
1.01124
1.01147
1.01159
1.01199
1.01193
1.01218
1.01219
1.01227
1.01217
1.01204
1.01181
1.0117
1.01164
1.01117
1.01097
1.01056
1.01013
1.00949
1.0083
1.00718
1.00567
1.00388
1.00183
0.999443
0.996959
0.993729
0.990796
0.987301
0.983666
0.980925
0.978285
0.976109
0.974238
0.972825
0.97157
0.97042
0.970004
0.970676
1.01168
1.01172
1.01171
1.01203
1.01223
1.01247
1.01242
1.01269
1.01264
1.01261
1.0124
1.01226
1.01207
1.01202
1.01184
1.0113
1.01104
1.01065
1.01028
1.00947
1.00817
1.00695
1.00535
1.00346
1.00131
0.998956
0.996003
0.992872
0.989711
0.986271
0.983183
0.979624
0.976908
0.974602
0.972788
0.971456
0.970303
0.969236
0.968922
0.969766
1.0117
1.01178
1.01183
1.01223
1.01242
1.01258
1.01261
1.01302
1.01294
1.01289
1.01269
1.01263
1.01259
1.01259
1.01237
1.01197
1.01184
1.0115
1.01107
1.0102
1.009
1.0078
1.00613
1.00415
1.00196
0.999292
0.996427
0.992983
0.989678
0.986232
0.982252
0.979273
0.97636
0.9739
0.971844
0.970472
0.969476
0.968372
0.968097
0.969193
1.01224
1.01246
1.01257
1.01295
1.01307
1.01318
1.01333
1.01363
1.01345
1.01338
1.01311
1.01314
1.01314
1.01306
1.01281
1.0125
1.01235
1.01187
1.01132
1.01028
1.00907
1.00777
1.00595
1.00389
1.00137
0.998691
0.995395
0.991951
0.988524
0.984792
0.98163
0.977702
0.974762
0.972225
0.970099
0.968872
0.968054
0.96704
0.96689
0.968155
1.01239
1.01272
1.01284
1.01315
1.01318
1.01333
1.01339
1.01358
1.01351
1.01361
1.01346
1.01364
1.01361
1.0135
1.01326
1.01313
1.01305
1.01253
1.01192
1.0108
1.00969
1.00841
1.00661
1.00434
1.00181
0.998742
0.995582
0.991854
0.988069
0.984441
0.980144
0.97707
0.973972
0.971381
0.969024
0.967711
0.967009
0.966106
0.965816
0.96737
1.01312
1.01348
1.01354
1.01376
1.01387
1.01407
1.01406
1.01421
1.01427
1.01437
1.01416
1.01432
1.01421
1.01398
1.01373
1.01359
1.01332
1.01272
1.01195
1.01078
1.00969
1.00826
1.00624
1.00392
1.00098
0.997905
0.994278
0.99049
0.986695
0.982544
0.979267
0.975042
0.971992
0.969529
0.967231
0.965964
0.965474
0.964757
0.964552
0.966152
1.01332
1.01367
1.01364
1.01383
1.0139
1.01408
1.01402
1.01415
1.01426
1.01437
1.01426
1.0145
1.01433
1.01417
1.014
1.01394
1.01357
1.01291
1.01215
1.01106
1.00991
1.00834
1.0064
1.00389
1.00105
0.997571
0.994
0.99012
0.985838
0.982042
0.977315
0.974237
0.970956
0.968343
0.966098
0.964679
0.964241
0.963561
0.963345
0.96516
1.01412
1.01445
1.01437
1.01453
1.01464
1.01485
1.01484
1.01502
1.01523
1.01529
1.01521
1.01538
1.01507
1.01496
1.01482
1.0146
1.01387
1.01314
1.0123
1.0111
1.00988
1.00813
1.00595
1.00341
1.00012
0.996685
0.992739
0.988558
0.984483
0.9798
0.976408
0.971839
0.968716
0.966358
0.964085
0.962778
0.962504
0.962003
0.961967
0.963876
1.01428
1.0146
1.0145
1.01466
1.01471
1.01491
1.0149
1.01507
1.01519
1.0152
1.01513
1.0152
1.01502
1.01518
1.01498
1.01461
1.01396
1.0133
1.01237
1.01123
1.00983
1.00792
1.00578
1.00305
0.999878
0.996164
0.992073
0.988048
0.983169
0.979258
0.974015
0.970859
0.967264
0.964481
0.962581
0.961119
0.960945
0.960498
0.960402
0.962644
1.01514
1.01548
1.01543
1.01564
1.01572
1.01598
1.01607
1.01626
1.01637
1.01638
1.01634
1.01639
1.01627
1.01629
1.01583
1.01547
1.01473
1.01386
1.01288
1.01147
1.00986
1.00792
1.00545
1.00265
0.999056
0.995238
0.99103
0.986211
0.981942
0.976626
0.973062
0.968109
0.964963
0.962611
0.960131
0.958947
0.958919
0.958733
0.958864
0.961327
1.01526
1.01562
1.01558
1.0158
1.01582
1.01608
1.01609
1.01628
1.01639
1.01646
1.01639
1.01635
1.01625
1.01618
1.01582
1.01558
1.01482
1.01409
1.01302
1.01152
1.00984
1.00764
1.00516
1.00208
0.998531
0.994534
0.98975
0.985514
0.980006
0.97578
0.97011
0.96679
0.962714
0.959808
0.958191
0.956625
0.956919
0.956857
0.957048
0.959844
1.01625
1.01671
1.01676
1.01708
1.01708
1.01738
1.01739
1.01765
1.01785
1.01804
1.01803
1.01799
1.01794
1.0178
1.01732
1.01688
1.01603
1.01512
1.01389
1.01213
1.01017
1.00783
1.00491
1.00172
0.997794
0.99322
0.988853
0.983285
0.978723
0.97271
0.96891
0.963506
0.960404
0.957845
0.955337
0.95446
0.954662
0.95492
0.955513
0.95842
1.01645
1.0169
1.0169
1.01726
1.01724
1.01754
1.01748
1.01775
1.01787
1.01802
1.01796
1.01797
1.01791
1.01766
1.01706
1.01669
1.01578
1.0149
1.01353
1.01182
1.00985
1.00718
1.00432
1.00077
0.996544
0.99227
0.98678
0.982153
0.975944
0.971291
0.965259
0.961679
0.957111
0.95427
0.952865
0.951365
0.95215
0.952559
0.953352
0.956485
1.01776
1.01827
1.01828
1.01883
1.01883
1.01922
1.01914
1.01947
1.01955
1.01974
1.0198
1.01994
1.01992
1.01945
1.01885
1.01831
1.01718
1.01608
1.01454
1.01266
1.01032
1.00759
1.00422
1.00039
0.996127
0.990781
0.985933
0.979569
0.974504
0.967818
0.963578
0.957645
0.954598
0.95185
0.949516
0.94895
0.949604
0.950228
0.951578
0.954941
1.01809
1.01858
1.01855
1.01908
1.01906
1.01947
1.01933
1.01963
1.01955
1.01968
1.01961
1.01966
1.01942
1.01888
1.0183
1.01767
1.01635
1.01534
1.01365
1.01176
1.00943
1.00636
1.00302
0.998958
0.993967
0.989109
0.982746
0.977536
0.970624
0.965562
0.959033
0.955121
0.950181
0.947347
0.946252
0.945106
0.946363
0.947018
0.948614
0.95243
1.01989
1.02046
1.02048
1.02109
1.02113
1.02163
1.02151
1.02187
1.02174
1.02192
1.02181
1.02186
1.02153
1.02112
1.0206
1.01952
1.01826
1.01703
1.01501
1.01295
1.01005
1.00687
1.00301
0.998269
0.993498
0.987138
0.981719
0.974392
0.968775
0.961307
0.956574
0.950115
0.947163
0.944308
0.942171
0.941877
0.943349
0.944243
0.946481
0.950869
1.02028
1.02087
1.02083
1.02139
1.02135
1.02179
1.02161
1.02197
1.02173
1.02183
1.02151
1.02141
1.02084
1.0204
1.01962
1.01864
1.0175
1.01605
1.01381
1.01167
1.00864
1.00514
1.00083
0.996203
0.990198
0.984663
0.977195
0.971315
0.963638
0.958023
0.950757
0.94655
0.941309
0.938451
0.937739
0.936913
0.939035
0.939986
0.94245
0.947693
1.02261
1.02332
1.02332
1.02387
1.02382
1.0243
1.02427
1.02476
1.02454
1.02468
1.02431
1.02423
1.0236
1.02328
1.02237
1.02132
1.02001
1.01799
1.01566
1.01318
1.00943
1.00549
1.0009
0.995034
0.989527
0.981934
0.975652
0.967199
0.960861
0.952469
0.947174
0.940203
0.937401
0.934467
0.932663
0.93269
0.935419
0.936817
0.939891
0.945992
1.02312
1.02378
1.02363
1.02418
1.02397
1.02442
1.02423
1.02461
1.0242
1.02428
1.02373
1.02354
1.02269
1.02216
1.02103
1.02012
1.01845
1.0164
1.01417
1.01114
1.00713
1.00314
0.997446
0.992212
0.984756
0.978238
0.969458
0.962771
0.953793
0.947429
0.939469
0.935021
0.929488
0.92678
0.926488
0.926125
0.929471
0.9312
0.934352
0.941751
1.02624
1.02695
1.02679
1.02743
1.02727
1.02784
1.02765
1.028
1.02763
1.02788
1.02736
1.02721
1.02628
1.02564
1.02429
1.02295
1.02087
1.01867
1.01595
1.01221
1.00799
1.00288
0.997445
0.990107
0.983373
0.97433
0.967011
0.957119
0.949774
0.940179
0.934214
0.926805
0.924053
0.921227
0.920236
0.920615
0.92482
0.927391
0.931233
0.939495
1.02684
1.02748
1.02718
1.02779
1.02743
1.02797
1.0275
1.02776
1.02715
1.02725
1.02645
1.02619
1.02505
1.02437
1.02268
1.02123
1.01882
1.01648
1.01313
1.00929
1.00433
0.999519
0.992051
0.985744
0.976468
0.968878
0.958391
0.950436
0.939834
0.932631
0.923814
0.918935
0.913398
0.910849
0.910898
0.91153
0.916241
0.919677
0.923529
0.932678
1.03117
1.03198
1.03167
1.03244
1.03208
1.03276
1.03218
1.03261
1.03194
1.03206
1.03112
1.03087
1.0296
1.02857
1.0266
1.02459
1.02183
1.01866
1.01495
1.0099
1.00503
0.997801
0.991146
0.982094
0.973811
0.96292
0.954022
0.942535
0.933796
0.922911
0.915959
0.90884
0.905291
0.903034
0.903112
0.904464
0.910179
0.914884
0.91983
0.930308
1.03225
1.03268
1.03233
1.03275
1.03227
1.0326
1.03186
1.03212
1.03116
1.0312
1.03012
1.02965
1.02805
1.02698
1.02455
1.0226
1.01915
1.01597
1.01095
1.00615
0.999119
0.99251
0.983309
0.975224
0.963452
0.954333
0.941655
0.931829
0.919521
0.911058
0.90128
0.895692
0.890417
0.888437
0.889472
0.891254
0.897533
0.903727
0.909051
0.920876
1.03706
1.03808
1.03782
1.03868
1.03809
1.03873
1.03802
1.03843
1.03743
1.03741
1.03578
1.03513
1.03306
1.03141
1.02862
1.02581
1.02201
1.01735
1.01232
1.00522
0.998614
0.988968
0.980491
0.968632
0.958328
0.944964
0.933919
0.920322
0.909612
0.897612
0.889408
0.882276
0.878374
0.877447
0.879062
0.882087
0.88983
0.897695
0.904609
0.918316
1.041
1.04106
1.0406
1.04071
1.03994
1.03991
1.03885
1.03861
1.03718
1.03661
1.03465
1.03364
1.03081
1.02911
1.02522
1.02266
1.01715
1.01308
1.00544
0.9992
0.989232
0.980557
0.968237
0.957388
0.942784
0.931074
0.91512
0.902765
0.88847
0.877896
0.86768
0.861114
0.856627
0.856032
0.858798
0.862432
0.87114
0.881293
0.88909
0.904084
1.04574
1.04644
1.04602
1.0466
1.04591
1.04634
1.04529
1.04536
1.04383
1.04325
1.04111
1.03943
1.03648
1.03344
1.0296
1.02474
1.01948
1.01223
1.00507
0.995103
0.985626
0.972704
0.961231
0.945743
0.932272
0.91554
0.900882
0.884754
0.871369
0.858539
0.849035
0.842129
0.839012
0.8403
0.84476
0.850212
0.861567
0.87389
0.884763
0.900924
1.05373
1.05348
1.05283
1.05257
1.05153
1.05099
1.04924
1.04829
1.04551
1.04407
1.04015
1.0382
1.03312
1.03041
1.0237
1.01961
1.01077
1.00454
0.992975
0.983843
0.969556
0.957396
0.940445
0.925395
0.906766
0.889759
0.870494
0.854386
0.837836
0.824694
0.814324
0.807926
0.805413
0.807672
0.813725
0.820877
0.833455
0.848731
0.861325
0.88109
1.05895
1.05941
1.05848
1.05853
1.05731
1.05662
1.05491
1.05325
1.05092
1.04829
1.04535
1.04165
1.03778
1.03238
1.02685
1.0189
1.01084
0.999387
0.988055
0.97303
0.958513
0.94061
0.922857
0.902703
0.88314
0.861889
0.842375
0.823291
0.80692
0.793488
0.78434
0.779548
0.779482
0.785001
0.795137
0.804978
0.821666
0.840356
0.858783
0.878041
1.07593
1.07558
1.07311
1.07283
1.06934
1.06833
1.0636
1.06185
1.05594
1.05353
1.04636
1.04303
1.03401
1.02891
1.01703
1.00909
0.993647
0.982123
0.963243
0.947936
0.926265
0.906983
0.883263
0.860738
0.835371
0.811723
0.788204
0.767009
0.74884
0.73505
0.726285
0.723062
0.724736
0.733179
0.746346
0.759551
0.778896
0.802569
0.822959
0.854981
1.08374
1.08209
1.08107
1.0781
1.07506
1.07088
1.06722
1.0624
1.05825
1.05247
1.04717
1.03929
1.03151
1.0204
1.00909
0.994114
0.978481
0.9596
0.939481
0.917048
0.892277
0.866611
0.838078
0.81032
0.780909
0.754649
0.729062
0.708205
0.691641
0.68057
0.676479
0.678367
0.687788
0.702279
0.724949
0.745049
0.769099
0.79788
0.82579
0.853526
1.13594
1.12816
1.11557
1.10897
1.09872
1.09508
1.08624
1.08353
1.07338
1.06855
1.05458
1.04569
1.02697
1.01323
0.989602
0.970495
0.942111
0.917343
0.884355
0.853565
0.816945
0.782829
0.744913
0.710397
0.675054
0.643601
0.61583
0.591168
0.577866
0.563362
0.569014
0.571136
0.587623
0.606414
0.640408
0.67019
0.702303
0.735234
0.787049
0.824412
1.1178
1.11254
1.11653
1.1152
1.11841
1.11409
1.10974
1.09766
1.08443
1.06491
1.04383
1.01825
0.990325
0.959552
0.925145
0.889468
0.848675
0.809082
0.763937
0.7247
0.678538
0.64143
0.597267
0.566078
0.52758
0.50832
0.480696
0.483991
0.475018
0.498137
0.516889
0.547501
0.589235
0.629802
0.672523
0.723003
0.764853
0.809571
0.837562
0.891749
1.38471
1.36264
1.32511
1.29267
1.2468
1.20691
1.15669
1.11319
1.06023
1.01449
0.960129
0.912888
0.857238
0.808156
0.751026
0.700366
0.642596
0.591552
0.534545
0.483685
0.429106
0.380755
0.333698
0.295389
0.272004
0.253366
0.276685
0.314796
0.33383
0.388918
0.453021
0.498637
0.58771
0.625127
0.715117
0.758459
0.839048
0.893715
0.961356
1.00938
0.999977
1
0.999998
0.999997
0.999997
0.999998
0.999999
1
1
1
1
1
1
1
1
1
1.00001
1.00001
1.00001
1.00001
1.00001
1.00001
1.00001
1.00001
1.00001
1.00001
1.00001
1.00001
1.00001
1.00001
1.00001
1.00001
1.00001
1.00001
1.00001
1.00001
1
1
1
0.999983
0.999979
1.00002
1.00002
1.00002
1.00001
1.00001
1.00001
1.00001
1.00001
1
1
1
1
1
1
0.999999
0.999997
0.999997
0.999995
0.999994
0.999992
0.999991
0.999989
0.999987
0.999986
0.999985
0.999984
0.999983
0.999982
0.999982
0.999982
0.999982
0.999983
0.999983
0.999983
0.999983
0.999983
0.999985
0.999987
0.999938
0.999981
1.00004
1.00003
1.00002
1.00002
1.00002
1.00002
1.00001
1.00001
1.00001
1.00001
1.00001
1
1
0.999998
0.999995
0.999993
0.99999
0.999988
0.999986
0.999983
0.999981
0.999979
0.999977
0.999976
0.999973
0.99997
0.999968
0.999965
0.999962
0.99996
0.999957
0.999954
0.999953
0.999952
0.999952
0.999954
0.999957
0.999964
0.999889
0.999986
1.00007
1.00006
1.00005
1.00004
1.00004
1.00004
1.00003
1.00003
1.00003
1.00002
1.00002
1.00002
1.00001
1.00001
1.00001
1
0.999999
0.999995
0.99999
0.999985
0.99998
0.999974
0.999968
0.999963
0.999958
0.999954
0.99995
0.999947
0.999943
0.999939
0.999936
0.999934
0.999932
0.999929
0.999928
0.999928
0.999928
0.999935
0.999829
1
1.00014
1.00013
1.00012
1.00011
1.0001
1.00009
1.00008
1.00008
1.00007
1.00006
1.00006
1.00005
1.00004
1.00003
1.00003
1.00002
1.00001
0.999998
0.999989
0.999979
0.99997
0.99996
0.99995
0.99994
0.999929
0.999917
0.999906
0.999895
0.999885
0.999875
0.999867
0.999859
0.999852
0.999848
0.999845
0.999846
0.999853
0.999867
0.999717
1.00002
1.00019
1.00017
1.00016
1.00014
1.00013
1.00012
1.00011
1.0001
1.0001
1.00009
1.00008
1.00007
1.00006
1.00005
1.00003
1.00002
1.00001
1
0.999987
0.999973
0.999959
0.999944
0.999929
0.999915
0.999902
0.999889
0.999876
0.999863
0.999851
0.99984
0.99983
0.999822
0.999817
0.999813
0.999812
0.999815
0.999822
0.99983
0.999644
1.00005
1.00029
1.00028
1.00028
1.00027
1.00026
1.00026
1.00025
1.00024
1.00024
1.00023
1.00022
1.00021
1.00019
1.00018
1.00017
1.00015
1.00013
1.00012
1.0001
1.00008
1.00006
1.00004
1.00002
0.999997
0.999975
0.999953
0.999931
0.999909
0.999886
0.999864
0.999842
0.999822
0.999803
0.999786
0.999773
0.999763
0.999759
0.999766
0.99953
1.00013
1.0004
1.00039
1.00039
1.00038
1.00038
1.00038
1.00037
1.00037
1.00036
1.00035
1.00034
1.00033
1.00032
1.0003
1.00029
1.00027
1.00025
1.00022
1.0002
1.00017
1.00014
1.00011
1.00008
1.00005
1.00001
0.999977
0.999942
0.999907
0.999874
0.999842
0.99981
0.999781
0.999754
0.999729
0.999712
0.999696
0.99968
0.999678
0.999412
1.00018
1.00048
1.00046
1.00045
1.00043
1.00042
1.00041
1.0004
1.00039
1.00037
1.00035
1.00034
1.00032
1.00029
1.00027
1.00024
1.00022
1.00019
1.00015
1.00012
1.00008
1.00005
1.00001
0.999969
0.999929
0.999889
0.999848
0.999808
0.999768
0.999727
0.999689
0.999654
0.999622
0.999593
0.999567
0.999545
0.999535
0.999535
0.99954
0.99922
1.00023
1.00057
1.00054
1.00052
1.00049
1.00047
1.00044
1.00042
1.00039
1.00036
1.00034
1.00031
1.00027
1.00024
1.0002
1.00017
1.00013
1.00008
1.00004
0.999994
0.999945
0.999895
0.999843
0.99979
0.999737
0.999683
0.99963
0.999578
0.999527
0.999479
0.999435
0.999395
0.999359
0.99933
0.999307
0.99929
0.999282
0.999283
0.999283
0.998914
1.00031
1.00068
1.00066
1.00064
1.00061
1.00059
1.00056
1.00053
1.0005
1.00047
1.00044
1.0004
1.00036
1.00032
1.00027
1.00023
1.00018
1.00012
1.00006
1
0.999945
0.999881
0.999816
0.999749
0.999681
0.999614
0.999547
0.999483
0.999422
0.999365
0.999311
0.999262
0.999217
0.999176
0.999143
0.999117
0.999097
0.999087
0.999083
0.998669
1.00045
1.0009
1.0009
1.00087
1.00085
1.00083
1.00081
1.00079
1.00076
1.00073
1.0007
1.00066
1.00063
1.00058
1.00053
1.00048
1.00043
1.00037
1.0003
1.00023
1.00016
1.00008
1
0.999928
0.999844
0.999758
0.999672
0.999587
0.999503
0.999418
0.999338
0.999262
0.999193
0.99913
0.999072
0.999023
0.998985
0.998956
0.998949
0.998506
1.00065
1.00114
1.00113
1.00111
1.00109
1.00108
1.00106
1.00104
1.00102
1.00099
1.00096
1.00092
1.00088
1.00084
1.00078
1.00072
1.00066
1.00059
1.00052
1.00044
1.00035
1.00025
1.00015
1.00005
0.999944
0.999836
0.999728
0.999619
0.99951
0.999404
0.999302
0.999206
0.999116
0.999035
0.998964
0.998903
0.998856
0.99882
0.998807
0.998322
1.00076
1.00128
1.00126
1.00124
1.00121
1.00119
1.00116
1.00112
1.00109
1.00105
1.001
1.00095
1.0009
1.00084
1.00077
1.0007
1.00063
1.00054
1.00045
1.00035
1.00025
1.00014
1.00002
0.999901
0.999781
0.999659
0.999537
0.999414
0.999294
0.999177
0.999066
0.998958
0.998861
0.998773
0.998698
0.998634
0.99859
0.99856
0.998542
0.997989
1.00084
1.00139
1.00136
1.00133
1.0013
1.00126
1.00122
1.00118
1.00113
1.00107
1.00101
1.00095
1.00088
1.0008
1.00072
1.00063
1.00053
1.00042
1.00031
1.00019
1.00007
0.999934
0.9998
0.999659
0.999517
0.999374
0.999233
0.999092
0.998957
0.998826
0.998702
0.99859
0.998481
0.998385
0.998303
0.998237
0.998187
0.998158
0.998135
0.997549
1.00096
1.00156
1.00155
1.00151
1.00148
1.00144
1.0014
1.00135
1.0013
1.00125
1.00119
1.00112
1.00104
1.00097
1.00088
1.00078
1.00068
1.00056
1.00043
1.0003
1.00016
1.00001
0.99986
0.999704
0.999544
0.999378
0.999212
0.999046
0.99888
0.998721
0.998568
0.998419
0.99829
0.998175
0.998075
0.997987
0.997923
0.997873
0.997851
0.997212
1.00123
1.00188
1.00185
1.00183
1.0018
1.00177
1.00174
1.00169
1.00165
1.00159
1.00153
1.00145
1.00138
1.0013
1.00119
1.00108
1.00097
1.00084
1.0007
1.00055
1.00039
1.00022
1.00005
0.999861
0.99967
0.99948
0.999288
0.999096
0.998911
0.998726
0.998549
0.998394
0.998234
0.998088
0.99796
0.997855
0.997764
0.997714
0.997669
0.997008
1.00147
1.00214
1.00213
1.0021
1.00206
1.00202
1.00198
1.00193
1.00187
1.0018
1.00173
1.00166
1.00156
1.00146
1.00135
1.00123
1.0011
1.00094
1.00078
1.00061
1.00042
1.00024
1.00004
0.999841
0.999632
0.999416
0.999198
0.998981
0.998758
0.998548
0.998344
0.998135
0.997963
0.997812
0.997673
0.997556
0.997468
0.997379
0.997362
0.996619
1.00161
1.00231
1.00227
1.00224
1.00221
1.00217
1.00213
1.00207
1.00201
1.00194
1.00186
1.00177
1.00167
1.00156
1.00142
1.00128
1.00113
1.00096
1.00078
1.00059
1.00039
1.00017
0.999945
0.999701
0.999452
0.999202
0.998949
0.998698
0.998461
0.998221
0.997994
0.997802
0.997588
0.99739
0.997225
0.997084
0.99696
0.996921
0.996819
0.996116
1.00183
1.00256
1.00255
1.00251
1.00247
1.00242
1.00237
1.00231
1.00223
1.00216
1.00207
1.00197
1.00185
1.00172
1.00159
1.00144
1.00127
1.00109
1.00089
1.00067
1.00044
1.0002
0.999944
0.999688
0.999421
0.999139
0.998856
0.998572
0.998275
0.997997
0.997728
0.997443
0.997225
0.997033
0.996848
0.996693
0.996586
0.996432
0.996436
0.995609
1.00215
1.00288
1.00285
1.00281
1.00278
1.00274
1.00269
1.00262
1.00255
1.00248
1.00238
1.00227
1.00215
1.00201
1.00185
1.00167
1.00148
1.0013
1.00107
1.00083
1.00057
1.00029
1
0.999694
0.999378
0.999062
0.998738
0.998413
0.998113
0.99781
0.997517
0.997275
0.99699
0.996726
0.996512
0.996324
0.996146
0.996124
0.995955
0.995239
1.00243
1.0032
1.00318
1.00315
1.00311
1.00306
1.003
1.00293
1.00285
1.00276
1.00265
1.00253
1.00239
1.00223
1.00206
1.00189
1.00169
1.00148
1.00123
1.00097
1.00069
1.00039
1.00006
0.999738
0.9994
0.999043
0.998689
0.998333
0.997952
0.997593
0.997246
0.996882
0.996612
0.996365
0.996121
0.995933
0.995806
0.995577
0.995616
0.994711
1.00274
1.00348
1.00345
1.00341
1.00338
1.00332
1.00327
1.00319
1.00312
1.00303
1.00291
1.00278
1.00265
1.00249
1.0023
1.00208
1.00185
1.00162
1.00135
1.00104
1.00072
1.00039
1.00004
0.999673
0.999284
0.998894
0.998482
0.998072
0.997694
0.997315
0.996945
0.996621
0.996253
0.995927
0.995662
0.995409
0.995167
0.995158
0.994911
0.994184
1.003
1.00378
1.00375
1.00373
1.00368
1.00363
1.00357
1.00349
1.00341
1.0033
1.00318
1.00304
1.00287
1.00269
1.00251
1.00231
1.00207
1.00183
1.00154
1.00124
1.00091
1.00053
1.00013
0.999716
0.999288
0.998838
0.998402
0.997959
0.997489
0.99703
0.996598
0.996172
0.995825
0.995487
0.995169
0.994932
0.99478
0.994482
0.994524
0.993581
1.00336
1.00412
1.0041
1.00405
1.00401
1.00395
1.00389
1.00381
1.00372
1.00361
1.00348
1.00335
1.0032
1.00301
1.0028
1.00254
1.00227
1.00198
1.00166
1.0013
1.00093
1.00054
1.00013
0.999692
0.999229
0.998761
0.998252
0.997745
0.997265
0.996794
0.99632
0.995875
0.995425
0.995049
0.994713
0.994391
0.994078
0.994018
0.993752
0.993012
1.00365
1.00441
1.0044
1.00438
1.00433
1.00428
1.00421
1.00413
1.00404
1.00394
1.0038
1.00364
1.00344
1.00327
1.00306
1.00284
1.00257
1.00229
1.00198
1.00161
1.0012
1.00076
1.00026
0.999751
0.999217
0.99866
0.998128
0.997582
0.997017
0.996461
0.995932
0.995448
0.994993
0.994537
0.994155
0.993849
0.993657
0.993339
0.993323
0.992369
1.00401
1.0048
1.00478
1.00473
1.00469
1.00463
1.00455
1.00448
1.00437
1.00424
1.0041
1.00396
1.00381
1.0036
1.00337
1.00307
1.00276
1.00243
1.00205
1.00166
1.00124
1.00076
1.00029
0.999785
0.999244
0.99868
0.998059
0.997444
0.996844
0.996243
0.995671
0.995068
0.994544
0.994087
0.993639
0.993256
0.992866
0.992732
0.992454
0.991716
1.00433
1.00508
1.00505
1.00503
1.00499
1.00494
1.00487
1.0048
1.00471
1.0046
1.00448
1.0043
1.00407
1.00388
1.00364
1.00342
1.00314
1.00283
1.00246
1.00202
1.00152
1.00102
1.00043
0.999802
0.999154
0.998487
0.997846
0.99717
0.996484
0.995815
0.995154
0.994594
0.994002
0.993463
0.993022
0.99261
0.992357
0.991989
0.991919
0.990921
1.00472
1.0055
1.00549
1.00545
1.0054
1.00533
1.00526
1.00518
1.00507
1.00493
1.00476
1.0046
1.00446
1.00425
1.00402
1.00369
1.00335
1.00297
1.00256
1.00213
1.00167
1.00113
1.00056
0.999959
0.999312
0.998627
0.997879
0.997152
0.996425
0.995687
0.994979
0.994235
0.993599
0.992975
0.992392
0.991929
0.991465
0.991299
0.990995
0.990217
1.005
1.00577
1.00574
1.00571
1.00568
1.00563
1.00557
1.0055
1.0054
1.00529
1.00518
1.00502
1.00482
1.00457
1.0043
1.00408
1.00379
1.00344
1.00304
1.00252
1.00192
1.00131
1.00067
0.999952
0.99919
0.998387
0.997598
0.996761
0.995912
0.995104
0.994301
0.99359
0.992876
0.992278
0.991729
0.991231
0.990854
0.990403
0.990284
0.989225
1.00547
1.00624
1.00621
1.00617
1.00613
1.00607
1.00601
1.00594
1.00583
1.00569
1.0055
1.00534
1.00514
1.00497
1.00474
1.00441
1.00404
1.00366
1.00321
1.00276
1.00227
1.00165
1.00094
1.0002
0.99941
0.998611
0.997735
0.996864
0.995993
0.995075
0.994217
0.993314
0.992509
0.991703
0.991018
0.990405
0.989907
0.989621
0.989252
0.988553
1.00572
1.00649
1.00647
1.00646
1.00643
1.00638
1.00632
1.00625
1.00616
1.00604
1.00594
1.00579
1.0056
1.00534
1.00507
1.00484
1.00456
1.00418
1.00374
1.00316
1.00248
1.00178
1.00104
1.00023
0.999356
0.998385
0.99741
0.996393
0.995349
0.994382
0.993376
0.992519
0.991646
0.990904
0.990197
0.989619
0.989064
0.988619
0.988419
0.987257
1.00621
1.00698
1.00695
1.0069
1.00685
1.00682
1.00679
1.00672
1.00662
1.0065
1.00631
1.00614
1.00592
1.00572
1.00552
1.00522
1.00488
1.0045
1.00403
1.00353
1.00298
1.00227
1.00146
1.00057
0.999599
0.998643
0.997629
0.996569
0.995529
0.994374
0.993334
0.992205
0.991256
0.990301
0.989457
0.988684
0.98811
0.98759
0.98723
0.986526
1.00649
1.00726
1.00725
1.00723
1.00721
1.00716
1.00712
1.00707
1.007
1.00688
1.00675
1.00658
1.00641
1.00621
1.006
1.00574
1.00546
1.00509
1.00466
1.00407
1.0033
1.00249
1.0016
1.00064
0.999662
0.998533
0.997347
0.996147
0.994841
0.993671
0.992426
0.991359
0.990222
0.989301
0.988488
0.987726
0.987066
0.986536
0.986098
0.98501
1.007
1.00776
1.00772
1.00767
1.0076
1.00759
1.00759
1.00758
1.00751
1.00739
1.00722
1.00701
1.00679
1.00662
1.0064
1.00618
1.00589
1.00555
1.00507
1.00447
1.00386
1.00307
1.00216
1.00116
0.99999
0.998825
0.997589
0.996274
0.995055
0.993632
0.992291
0.990912
0.989826
0.988668
0.987606
0.986703
0.98588
0.985375
0.984924
0.984108
1.00727
1.00804
1.00804
1.00801
1.00797
1.0079
1.00793
1.00796
1.00793
1.00783
1.00767
1.00743
1.00724
1.00707
1.00695
1.00679
1.00655
1.00624
1.00587
1.00531
1.0044
1.00346
1.00247
1.00134
1.00018
0.998841
0.997524
0.996105
0.994474
0.99304
0.991487
0.990116
0.988684
0.98755
0.986454
0.985603
0.984585
0.984168
0.983324
0.98233
1.00781
1.00859
1.00853
1.00846
1.00836
1.00833
1.00845
1.00851
1.00849
1.0084
1.00825
1.00795
1.00773
1.00765
1.00757
1.0074
1.00714
1.00688
1.00654
1.00586
1.00515
1.00422
1.00318
1.00205
1.00075
0.999356
0.997719
0.996153
0.994692
0.992883
0.991189
0.989352
0.987952
0.986784
0.985272
0.984572
0.983065
0.983061
0.981924
0.981316
1.00808
1.00885
1.00886
1.00881
1.00873
1.00862
1.00887
1.00896
1.00896
1.00889
1.00874
1.00849
1.0082
1.00814
1.00822
1.00816
1.00792
1.00766
1.00755
1.00687
1.00579
1.00487
1.00385
1.00264
1.00127
0.999655
0.998039
0.996492
0.99462
0.99273
0.990817
0.988941
0.987107
0.985874
0.9839
0.983312
0.981397
0.981662
0.980139
0.979256
1.00876
1.0095
1.00936
1.00935
1.00926
1.00901
1.00935
1.0096
1.00963
1.00955
1.00962
1.00924
1.00881
1.00911
1.0092
1.00921
1.00895
1.00864
1.0087
1.00799
1.00702
1.00608
1.00503
1.0038
1.00232
1.00064
0.998576
0.996598
0.994638
0.992388
0.990289
0.987978
0.985625
0.984335
0.982051
0.981628
0.979591
0.980079
0.978419
0.978107
1.0085
1.00953
1.0098
1.00973
1.00965
1.00967
1.01011
1.01017
1.0102
1.0102
1.01018
1.01036
1.00988
1.01006
1.01026
1.01032
1.01014
1.00984
1.01013
1.00903
1.00825
1.00751
1.00649
1.00528
1.0039
1.00211
0.999742
0.998045
0.995809
0.993391
0.990925
0.98848
0.985843
0.983267
0.981454
0.979586
0.97848
0.978203
0.977328
0.974861
1.01332
1.0098
1.00998
1.01011
1.01028
1.01055
1.01054
1.01091
1.01085
1.0112
1.01116
1.01155
1.01162
1.01186
1.01199
1.01206
1.01231
1.01214
1.01207
1.01174
1.01148
1.01084
1.01051
1.00965
1.00852
1.0074
1.00696
1.00762
1.00926
1.01584
1.0255
1.02306
0.975955
0.902934
0.892558
0.91625
0.953347
0.984859
1.00417
1.00732
1.0134
1.00937
1.00991
1.00979
1.00998
1.01019
1.01023
1.0105
1.0105
1.01079
1.01081
1.01113
1.01117
1.01133
1.0114
1.01137
1.01153
1.01137
1.01123
1.01091
1.01065
1.01016
1.00967
1.00859
1.00774
1.00692
1.00634
1.0069
1.00875
1.01337
1.02068
1.01823
0.981765
0.922919
0.909249
0.923784
0.952538
0.978847
0.995364
0.995861
1.01339
1.00937
1.00995
1.00934
1.0097
1.0098
1.00985
1.01009
1.01013
1.01038
1.01042
1.01068
1.01075
1.0109
1.01102
1.0109
1.01098
1.01084
1.01062
1.01032
1.00999
1.00943
1.00886
1.00786
1.00724
1.00646
1.00555
1.00589
1.00724
1.01016
1.01489
1.01239
0.984866
0.939457
0.925643
0.93314
0.953257
0.975136
0.989023
0.989179
1.0133
1.00939
1.00982
1.00894
1.00949
1.00941
1.00956
1.00976
1.00983
1.01003
1.01006
1.01025
1.01031
1.01043
1.01051
1.01033
1.01039
1.0103
1.00999
1.00973
1.00933
1.00876
1.00828
1.00736
1.00668
1.0057
1.00462
1.00483
1.00581
1.00723
1.00952
1.00663
0.986147
0.952439
0.939812
0.943049
0.955581
0.973282
0.984512
0.985208
1.01306
1.00927
1.00964
1.0087
1.00928
1.00911
1.00934
1.00953
1.00955
1.00967
1.0097
1.00982
1.0099
1.00996
1.00997
1.00978
1.00982
1.00972
1.00936
1.00908
1.00868
1.00812
1.00757
1.00668
1.00584
1.0049
1.00375
1.00405
1.0047
1.00458
1.00501
1.00154
0.986853
0.96213
0.950844
0.952025
0.959212
0.972447
0.981529
0.982535
1.0124
1.00905
1.00933
1.00849
1.00908
1.00883
1.00914
1.00925
1.00922
1.00934
1.00936
1.00945
1.00955
1.00956
1.00957
1.0094
1.00939
1.0092
1.00878
1.00849
1.00802
1.00735
1.00668
1.00588
1.00513
1.00442
1.00343
1.00358
1.00356
1.00199
1.00132
0.997626
0.986609
0.968826
0.959127
0.959721
0.963507
0.972466
0.979511
0.980528
1.01188
1.00866
1.00892
1.0083
1.00887
1.00856
1.00891
1.00891
1.0089
1.00902
1.00903
1.00912
1.00921
1.00921
1.00923
1.00909
1.00899
1.00869
1.00822
1.00787
1.0073
1.00653
1.00594
1.00535
1.00471
1.00419
1.00348
1.00303
1.00215
0.999684
0.998395
0.994783
0.986223
0.973422
0.965309
0.966267
0.967912
0.973199
0.978297
0.978684
1.01195
1.00837
1.00857
1.00807
1.00861
1.00831
1.00866
1.00861
1.00864
1.00876
1.00876
1.00883
1.00891
1.0089
1.00889
1.00873
1.00851
1.00812
1.00763
1.00722
1.00664
1.00597
1.00556
1.00505
1.00439
1.00407
1.00341
1.00216
1.00058
0.997969
0.996298
0.992822
0.985911
0.976772
0.969896
0.971275
0.971964
0.974241
0.977401
0.977446
1.01189
1.00815
1.00836
1.00774
1.00829
1.00798
1.00835
1.0083
1.00837
1.00849
1.00847
1.00854
1.00857
1.0085
1.00842
1.00819
1.0079
1.00746
1.00698
1.00666
1.00624
1.00576
1.00549
1.00502
1.00421
1.00379
1.00303
1.00124
0.999285
0.996858
0.994835
0.991573
0.985636
0.979252
0.973327
0.974898
0.975574
0.975817
0.976613
0.976826
1.01168
1.0079
1.00818
1.00737
1.00796
1.00763
1.00802
1.00797
1.00807
1.00815
1.00814
1.00819
1.00816
1.00805
1.00792
1.00767
1.00735
1.00696
1.00658
1.00638
1.00605
1.00571
1.00556
1.00502
1.00392
1.00321
1.00234
1.00044
0.998493
0.996232
0.993806
0.990951
0.985501
0.981218
0.975842
0.978
0.978772
0.978324
0.976492
0.976561
1.01119
1.00765
1.00798
1.00706
1.00769
1.00733
1.00774
1.00766
1.0078
1.00784
1.00782
1.00782
1.00775
1.00762
1.00748
1.00726
1.00695
1.0067
1.00652
1.0064
1.00601
1.00561
1.00539
1.00469
1.00345
1.00252
1.0016
0.999858
0.998014
0.99589
0.993115
0.990875
0.985637
0.983027
0.977536
0.980828
0.981233
0.981187
0.977342
0.976864
1.01078
1.00741
1.00774
1.00676
1.00746
1.00704
1.00749
1.00738
1.00755
1.00754
1.00748
1.00744
1.00734
1.00726
1.00716
1.00701
1.00679
1.00662
1.00647
1.00631
1.00587
1.00528
1.00486
1.00415
1.00303
1.00202
1.00106
0.999417
0.997537
0.995672
0.992676
0.991063
0.985949
0.98474
0.978771
0.98289
0.982706
0.983561
0.978648
0.977882
1.01048
1.00708
1.00743
1.00642
1.00719
1.00673
1.00726
1.00707
1.00726
1.00721
1.00714
1.00712
1.00705
1.00701
1.00695
1.00685
1.00666
1.00644
1.00618
1.00596
1.00552
1.00481
1.00429
1.00364
1.00261
1.00151
1.00044
0.998848
0.996914
0.995411
0.99227
0.991202
0.986147
0.986123
0.979763
0.984149
0.983395
0.985552
0.979997
0.978545
1.01018
1.0067
1.00704
1.00602
1.00688
1.00643
1.00704
1.0068
1.007
1.00691
1.00691
1.00695
1.00691
1.00691
1.00687
1.00677
1.0066
1.00629
1.00593
1.00565
1.00518
1.00445
1.00392
1.00323
1.00213
1.00088
0.99973
0.998315
0.996396
0.99521
0.991972
0.991393
0.986319
0.987234
0.980528
0.985152
0.983674
0.987714
0.981462
0.979034
1.01008
1.00631
1.00655
1.00557
1.00655
1.00616
1.00679
1.00656
1.00679
1.0067
1.00677
1.00686
1.00687
1.00687
1.00679
1.00666
1.00646
1.00607
1.00565
1.00529
1.00475
1.00409
1.00353
1.00277
1.00163
1.00036
0.999224
0.998051
0.996131
0.995182
0.991893
0.991814
0.986602
0.988234
0.980997
0.986203
0.983737
0.989993
0.983123
0.979774
1.01004
1.00581
1.00611
1.00523
1.0063
1.00592
1.00655
1.00635
1.00664
1.00658
1.00672
1.00679
1.00676
1.00671
1.00656
1.00637
1.00614
1.0057
1.00528
1.00487
1.00436
1.00376
1.00317
1.00242
1.00137
1.0002
0.999107
0.998078
0.996109
0.995383
0.992063
0.992372
0.987056
0.989248
0.981258
0.98718
0.983673
0.991677
0.984754
0.981065
1.00916
1.00531
1.00586
1.00508
1.00617
1.00574
1.00634
1.00615
1.0065
1.00643
1.00659
1.0066
1.00649
1.00635
1.00618
1.00596
1.00573
1.00529
1.00491
1.0045
1.00402
1.00346
1.00286
1.00212
1.00117
1.00014
0.998994
0.998025
0.996036
0.99554
0.992204
0.99281
0.987474
0.990092
0.98142
0.987939
0.98335
0.99227
0.985045
0.98513
1.00729
1.00494
1.00577
1.00513
1.00613
1.00565
1.00627
1.00606
1.00646
1.00637
1.00651
1.00646
1.00631
1.00612
1.00595
1.00573
1.00551
1.00509
1.00473
1.00428
1.0038
1.00325
1.0026
1.00186
1.00094
0.999962
0.998773
0.997878
0.995934
0.995632
0.992356
0.993123
0.987958
0.990778
0.981906
0.988561
0.982409
0.992025
0.983667
0.991143
1.00526
1.00465
1.00581
1.00528
1.00613
1.00564
1.00632
1.00606
1.00647
1.00635
1.00645
1.00636
1.00619
1.00599
1.00583
1.00559
1.00536
1.00494
1.00454
1.00403
1.00353
1.00298
1.00228
1.00157
1.00069
0.999726
0.998534
0.997747
0.995881
0.995701
0.992599
0.993431
0.98855
0.991307
0.982908
0.989247
0.980964
0.99118
0.9819
0.997034
1.00332
1.00453
1.00587
1.00542
1.00614
1.00564
1.00634
1.00603
1.00644
1.00627
1.00635
1.00622
1.00605
1.00584
1.00563
1.00536
1.00509
1.00469
1.00423
1.00372
1.00322
1.0027
1.00202
1.00136
1.00055
0.999612
0.998456
0.997787
0.996021
0.995898
0.993065
0.993817
0.989352
0.99182
0.984483
0.990133
0.980798
0.990405
0.979677
1.00107
1.00113
1.00457
1.00603
1.0056
1.00617
1.00565
1.00623
1.00595
1.00638
1.00611
1.00613
1.00598
1.00582
1.00558
1.00535
1.00504
1.00474
1.00439
1.00393
1.00348
1.00301
1.00248
1.00183
1.00125
1.00048
0.999565
0.998457
0.997887
0.996247
0.996137
0.993626
0.994219
0.990289
0.992272
0.986336
0.991269
0.982191
0.991921
0.982198
0.996375
0.998568
1.00494
1.00649
1.00578
1.00608
1.00557
1.00595
1.00579
1.00629
1.00594
1.00586
1.00572
1.0056
1.00534
1.00509
1.00476
1.00448
1.00415
1.00369
1.00331
1.00284
1.00228
1.00162
1.00112
1.00039
0.999466
0.998415
0.997938
0.996451
0.996326
0.994189
0.994585
0.991324
0.992671
0.988243
0.992472
0.986042
0.995103
0.990394
0.980044
0.996184
1.00606
1.00691
1.00587
1.00591
1.00543
1.00565
1.00562
1.0062
1.00584
1.00567
1.00554
1.00545
1.00521
1.00492
1.00459
1.00435
1.00402
1.00353
1.0032
1.00272
1.00211
1.00145
1.00097
1.00027
0.999351
0.998362
0.997956
0.99663
0.99646
0.994725
0.994886
0.992397
0.992958
0.990064
0.993293
0.990441
0.997161
1.00586
0.959536
0.994567
1.0073
1.00691
1.00589
1.00559
1.00524
1.00532
1.00542
1.00601
1.00569
1.00544
1.00533
1.00526
1.00503
1.00471
1.00438
1.00417
1.00384
1.0033
1.00304
1.00254
1.00188
1.00123
1.00076
1.00008
0.999206
0.998288
0.997917
0.996763
0.996528
0.995212
0.995119
0.993459
0.993144
0.991854
0.993527
0.994627
0.997229
1.01663
0.944047
0.993868
1.00827
1.00664
1.0059
1.00525
1.00508
1.00503
1.00525
1.0058
1.00551
1.00522
1.00511
1.00505
1.00481
1.00449
1.00417
1.00401
1.00365
1.00309
1.00287
1.00239
1.0017
1.00103
1.00059
0.999936
0.999117
0.998268
0.997897
0.996908
0.996587
0.995661
0.995272
0.994451
0.993214
0.993643
0.993419
0.998623
0.995718
1.02101
0.937543
0.993953
1.0088
1.00618
1.00585
1.0049
1.00493
1.00476
1.00508
1.00552
1.00527
1.00498
1.00488
1.00479
1.00456
1.00425
1.00394
1.00382
1.00346
1.00286
1.00268
1.00221
1.00152
1.00086
1.00041
0.999794
0.999033
0.998257
0.997864
0.997039
0.996617
0.996066
0.995349
0.995352
0.993269
0.99544
0.993082
1.0013
0.99205
1.02089
0.93895
0.994687
1.00887
1.00563
1.00578
1.0046
1.00484
1.00458
1.00495
1.00525
1.00505
1.00477
1.00468
1.00456
1.00435
1.00404
1.00375
1.00365
1.00329
1.00266
1.00249
1.00204
1.00136
1.00072
1.00025
0.999665
0.998961
0.998252
0.997818
0.997149
0.996613
0.99638
0.995357
0.996037
0.993239
0.99683
0.992382
1.00223
0.988289
1.01926
0.945231
0.995877
1.00869
1.00501
1.00566
1.0043
1.00475
1.00439
1.00481
1.00496
1.00482
1.00456
1.00447
1.00433
1.00411
1.00383
1.00356
1.00345
1.00311
1.00248
1.0023
1.00186
1.00122
1.0006
1.00015
0.999577
0.998933
0.998292
0.997816
0.997297
0.99663
0.99669
0.995333
0.996602
0.993238
0.997706
0.991714
1.00232
0.985078
1.01663
0.954124
0.997336
1.00808
1.00441
1.00551
1.00407
1.0047
1.00424
1.00469
1.00469
1.00463
1.00438
1.00429
1.00414
1.00392
1.00366
1.00339
1.00327
1.00293
1.00232
1.00211
1.00168
1.00108
1.00049
1.00004
0.999487
0.998882
0.998304
0.997778
0.997388
0.996606
0.996887
0.995292
0.996935
0.993119
0.998074
0.990848
1.0021
0.983162
1.01238
0.962984
0.998714
1.00722
1.00395
1.00533
1.0039
1.00461
1.00407
1.00453
1.00442
1.00441
1.00418
1.00408
1.00392
1.0037
1.00347
1.00319
1.00306
1.00273
1.00217
1.00194
1.00152
1.00096
1.00042
0.999959
0.999445
0.998878
0.998364
0.997801
0.997529
0.996629
0.997104
0.995266
0.997228
0.993102
0.998287
0.990196
1.00156
0.983192
1.00889
0.97058
0.999852
1.00649
1.00366
1.00516
1.00379
1.00454
1.00396
1.00441
1.00422
1.00425
1.00402
1.00393
1.00376
1.00355
1.00332
1.00306
1.00289
1.00258
1.00205
1.0018
1.00139
1.00087
1.00035
0.999901
0.999405
0.998866
0.998397
0.9978
0.997617
0.996631
0.997226
0.99525
0.997357
0.993047
0.998278
0.989832
1.00077
0.984015
1.00561
0.97643
1.00071
1.00578
1.00347
1.00493
1.00367
1.00441
1.00383
1.00425
1.004
1.00405
1.00383
1.00374
1.00356
1.00336
1.00314
1.00289
1.00269
1.00239
1.00191
1.00164
1.00124
1.00076
1.00027
0.999841
0.999365
0.998858
0.998438
0.997821
0.997723
0.996665
0.997369
0.995262
0.997488
0.99316
0.998254
0.990051
1.0001
0.985372
1.00289
0.981037
1.00135
1.00523
1.00337
1.00475
1.0036
1.00433
1.00375
1.00413
1.00386
1.00392
1.00371
1.00361
1.00343
1.00323
1.00301
1.00277
1.00256
1.00227
1.00183
1.00154
1.00114
1.0007
1.00024
0.99981
0.999357
0.998862
0.99848
0.997844
0.997796
0.9967
0.997445
0.995286
0.99751
0.993251
0.998104
0.990359
0.999399
0.986667
1.00069
0.984333
1.00178
1.00474
1.00331
1.0045
1.0035
1.00417
1.00362
1.00397
1.00369
1.00374
1.00354
1.00343
1.00326
1.00306
1.00285
1.00261
1.00239
1.0021
1.0017
1.0014
1.00102
1.00061
1.00018
0.99976
0.999334
0.998859
0.998514
0.997877
0.997878
0.996761
0.997546
0.995355
0.997567
0.99351
0.998
0.990966
0.99882
0.988163
0.999104
0.986993
1.0021
1.00442
1.00328
1.00433
1.00345
1.00406
1.00355
1.00386
1.00358
1.00362
1.00343
1.00332
1.00314
1.00295
1.00274
1.0025
1.00227
1.00199
1.00162
1.00132
1.00095
1.00055
1.00014
0.999732
0.999313
0.998861
0.998526
0.997903
0.997907
0.996806
0.997562
0.995446
0.997525
0.993677
0.997808
0.991427
0.998278
0.989295
0.997896
0.988758
1.00226
1.00411
1.00326
1.0041
1.00337
1.0039
1.00344
1.0037
1.00343
1.00346
1.00327
1.00316
1.00298
1.0028
1.00259
1.00235
1.00212
1.00185
1.0015
1.0012
1.00085
1.00048
1.00009
0.999701
0.999306
0.998873
0.998569
0.997951
0.997988
0.996892
0.997645
0.995604
0.997563
0.994021
0.997713
0.992134
0.997892
0.990576
0.997154
0.990333
1.00238
1.00393
1.00325
1.00397
1.00333
1.0038
1.00338
1.0036
1.00335
1.00336
1.00318
1.00306
1.00289
1.00271
1.0025
1.00227
1.00202
1.00177
1.00144
1.00114
1.00079
1.00043
1.00005
0.999672
0.999291
0.998871
0.998568
0.997978
0.997991
0.99695
0.997629
0.995709
0.997497
0.994219
0.997538
0.992561
0.997519
0.991353
0.996567
0.991215
1.00241
1.00372
1.00321
1.00377
1.00326
1.00363
1.00327
1.00344
1.00321
1.00321
1.00303
1.00291
1.00274
1.00256
1.00236
1.00213
1.00189
1.00162
1.00133
1.00103
1.0007
1.00036
1
0.999642
0.999281
0.998882
0.998601
0.998028
0.998056
0.997047
0.997699
0.995897
0.997527
0.994585
0.997471
0.99323
0.997295
0.992373
0.996302
0.992296
1.00246
1.00363
1.0032
1.00368
1.00322
1.00356
1.00322
1.00337
1.00315
1.00313
1.00297
1.00284
1.00268
1.00249
1.00229
1.00207
1.00183
1.00157
1.00127
1.00099
1.00067
1.00033
0.999983
0.999633
0.999275
0.998896
0.998601
0.998067
0.99806
0.997111
0.997691
0.996002
0.997486
0.994764
0.997365
0.993542
0.997094
0.992826
0.996088
0.992687
1.00241
1.00344
1.00314
1.00348
1.00312
1.00338
1.00309
1.0032
1.00299
1.00296
1.0028
1.00267
1.00251
1.00233
1.00213
1.00191
1.00168
1.00143
1.00115
1.00087
1.00057
1.00026
0.999934
0.999602
0.999274
0.998903
0.998656
0.998112
0.998157
0.997213
0.997798
0.996212
0.997556
0.99516
0.997347
0.994221
0.996984
0.993775
0.996083
0.993565
)
;

boundaryField
{
    FrontBack
    {
        type            empty;
    }
    Cylinder
    {
        type            calculated;
        value           uniform 0;
    }
    Bottom
    {
        type            calculated;
        value           uniform 0;
    }
    Top
    {
        type            calculated;
        value           uniform 0;
    }
    Inlet
    {
        type            calculated;
        value           uniform 1;
    }
    Outlet
    {
        type            calculated;
        value           nonuniform List<scalar> 
40
(
1.00241
1.00344
1.00314
1.00348
1.00312
1.00338
1.00309
1.0032
1.00299
1.00296
1.0028
1.00267
1.00251
1.00233
1.00213
1.00191
1.00168
1.00143
1.00115
1.00087
1.00057
1.00026
0.999934
0.999602
0.999274
0.998903
0.998656
0.998112
0.998157
0.997213
0.997798
0.996212
0.997556
0.99516
0.997347
0.994221
0.996984
0.993775
0.996083
0.993565
)
;
    }
}


// ************************************************************************* //
