/*--------------------------------*- C++ -*----------------------------------*\
  =========                 |
  \\      /  F ield         | OpenFOAM: The Open Source CFD Toolbox
   \\    /   O peration     | Website:  https://openfoam.org
    \\  /    A nd           | Version:  11
     \\/     M anipulation  |
\*---------------------------------------------------------------------------*/
FoamFile
{
    format      ascii;
    class       volScalarField;
    location    "6";
    object      mag(U);
}
// * * * * * * * * * * * * * * * * * * * * * * * * * * * * * * * * * * * * * //

dimensions      [0 1 -1 0 0 0 0];

internalField   nonuniform List<scalar> 
9600
(
0.99337
0.992269
0.991467
0.991279
0.991208
0.991193
0.991413
0.991978
0.992896
0.994116
0.995645
0.99747
0.999382
1.00138
1.00371
1.00746
1.01103
1.01055
1.00297
0.98405
0.970739
0.965033
0.964907
0.971087
0.986556
1.00315
1.01838
1.03136
1.04313
1.05441
1.06303
1.06732
1.06795
1.06694
1.06466
1.06148
1.05789
1.05394
1.04928
1.04143
0.993729
0.993708
0.993844
0.994213
0.994847
0.995303
0.996091
0.997183
0.998422
0.999839
1.00247
1.00515
1.00712
1.00949
1.01238
1.01521
1.01818
1.02158
1.0255
1.02884
1.02936
1.02747
1.02656
1.02826
1.03165
1.03806
1.04461
1.0516
1.05862
1.06441
1.06907
1.07145
1.07241
1.07101
1.0691
1.06379
1.05998
1.05181
1.04702
1.0343
0.993879
0.993863
0.993987
0.994443
0.994959
0.995441
0.996309
0.997496
0.998777
1.00039
1.0028
1.00558
1.00755
1.00929
1.01177
1.01619
1.02193
1.02683
1.0288
1.02849
1.02673
1.02167
1.01871
1.02006
1.02496
1.03227
1.04083
1.05007
1.0588
1.06637
1.0731
1.07885
1.083
1.0845
1.08441
1.08303
1.08033
1.07363
1.06903
1.05854
0.993963
0.99398
0.99414
0.994637
0.995129
0.995781
0.996509
0.997653
0.999333
1.00105
1.00276
1.00527
1.00855
1.01057
1.01257
1.01575
1.02103
1.02554
1.02878
1.03051
1.03294
1.03573
1.03974
1.04429
1.04885
1.05375
1.05899
1.06295
1.06823
1.07116
1.07551
1.07727
1.07931
1.07738
1.07576
1.06982
1.06574
1.05805
1.05344
1.04271
0.993983
0.994022
0.99422
0.994779
0.995307
0.99585
0.996688
0.998035
0.999426
1.00135
1.00327
1.00552
1.00813
1.01161
1.01466
1.0171
1.01876
1.0224
1.02991
1.03608
1.0412
1.0427
1.04311
1.04224
1.04292
1.04508
1.04925
1.05447
1.06157
1.0675
1.07346
1.07756
1.08176
1.08391
1.08498
1.08408
1.08257
1.07819
1.0738
1.0637
0.993928
0.993999
0.994255
0.994899
0.99539
0.995952
0.996827
0.998274
0.999965
1.00127
1.00326
1.00612
1.00949
1.01142
1.01398
1.01622
1.02035
1.02467
1.02985
1.03367
1.03761
1.04118
1.04561
1.05059
1.05517
1.05915
1.0644
1.06829
1.07395
1.07667
1.08138
1.08342
1.08693
1.08559
1.08508
1.07882
1.07429
1.0658
1.06132
1.05072
0.993927
0.99402
0.994357
0.995034
0.995578
0.995964
0.997013
0.998522
1.00044
1.00151
1.00358
1.00645
1.01026
1.01231
1.01404
1.0168
1.02097
1.0247
1.02929
1.03337
1.03912
1.04333
1.04845
1.05052
1.05326
1.05484
1.05785
1.06052
1.06571
1.0701
1.07602
1.07943
1.08325
1.08469
1.08687
1.08629
1.08587
1.08243
1.07912
1.06964
0.993714
0.993856
0.994336
0.994958
0.995645
0.995986
0.997169
0.998774
1.00038
1.00184
1.00422
1.00666
1.00983
1.01269
1.01556
1.01772
1.0208
1.0244
1.02972
1.03461
1.03921
1.04185
1.04506
1.04841
1.05356
1.05864
1.06451
1.06896
1.07582
1.07954
1.08526
1.0877
1.09272
1.09296
1.09465
1.08971
1.08599
1.07671
1.07202
1.06019
0.993705
0.9939
0.994497
0.995104
0.995773
0.996163
0.997217
0.998986
1.00086
1.00253
1.00409
1.0071
1.01033
1.01407
1.01614
1.0184
1.02121
1.02503
1.02972
1.03362
1.0384
1.04162
1.04655
1.04879
1.05281
1.05618
1.06132
1.06485
1.07021
1.0738
1.07986
1.08368
1.08803
1.08883
1.09061
1.08989
1.09055
1.08731
1.08517
1.07645
0.993469
0.993734
0.994483
0.995067
0.995717
0.996127
0.997195
0.998933
1.00117
1.00263
1.00455
1.00722
1.01074
1.01409
1.01682
1.01929
1.02206
1.02501
1.02898
1.03345
1.03874
1.04209
1.04561
1.04684
1.04997
1.05349
1.05978
1.06489
1.07296
1.07797
1.08593
1.08988
1.09662
1.09825
1.10238
1.09987
1.09895
1.09038
1.08593
1.07284
0.993589
0.993737
0.994531
0.995171
0.995865
0.996287
0.997357
0.9992
1.00129
1.00354
1.00505
1.00746
1.01074
1.01509
1.018
1.02041
1.02235
1.02516
1.02919
1.03363
1.03876
1.04114
1.04545
1.04714
1.05042
1.05186
1.05668
1.0607
1.06826
1.07345
1.08111
1.08669
1.09333
1.09581
1.09883
1.09721
1.09786
1.09423
1.09286
1.08441
0.993344
0.993476
0.994238
0.994878
0.99572
0.99607
0.997309
0.998829
1.0015
1.00354
1.00527
1.00735
1.0112
1.01521
1.0184
1.02095
1.02333
1.02572
1.02933
1.03308
1.03826
1.04166
1.04585
1.04707
1.04887
1.04965
1.05285
1.05639
1.06404
1.07057
1.08109
1.08797
1.09744
1.10179
1.10883
1.10843
1.11103
1.10476
1.10183
1.08811
0.993447
0.993582
0.994406
0.99492
0.995836
0.996323
0.997453
0.99923
1.00158
1.00405
1.00591
1.00839
1.01159
1.01589
1.01897
1.02206
1.02471
1.0271
1.0303
1.03322
1.03839
1.04113
1.04478
1.04593
1.04844
1.0488
1.05099
1.05276
1.05884
1.06487
1.07447
1.08248
1.09334
1.09976
1.10761
1.10836
1.11039
1.10579
1.10523
1.09461
0.992972
0.993132
0.99409
0.994498
0.995555
0.995913
0.997451
0.999066
1.00133
1.00391
1.00624
1.00841
1.01173
1.01559
1.01956
1.02257
1.02579
1.02777
1.03108
1.03374
1.03772
1.04034
1.04373
1.0455
1.04732
1.04788
1.04896
1.05022
1.05422
1.05929
1.06846
1.0776
1.09108
1.09906
1.11158
1.11504
1.1221
1.11885
1.11966
1.10711
0.993177
0.993302
0.993991
0.994684
0.995573
0.996153
0.997476
0.999478
1.00195
1.00462
1.00666
1.00937
1.01246
1.01675
1.02072
1.02401
1.02716
1.0298
1.03309
1.0352
1.03838
1.03993
1.04278
1.04419
1.04634
1.04666
1.048
1.04864
1.0516
1.05501
1.06317
1.07102
1.08414
1.09389
1.10833
1.11471
1.12393
1.12147
1.12408
1.11094
0.992542
0.992483
0.993323
0.993808
0.995049
0.995734
0.996815
0.999094
1.00158
1.00439
1.00692
1.00932
1.01303
1.01637
1.02093
1.02414
1.02815
1.03072
1.03357
1.03574
1.0387
1.03991
1.04182
1.04219
1.04396
1.04461
1.04595
1.04692
1.04956
1.05211
1.05851
1.06521
1.07833
1.08765
1.1053
1.1138
1.1282
1.12948
1.13699
1.12669
0.992445
0.992992
0.993497
0.994061
0.995239
0.99619
0.997403
0.99931
1.00168
1.00532
1.0078
1.01107
1.01392
1.0176
1.02191
1.02605
1.03011
1.0328
1.0358
1.03749
1.04031
1.04116
1.04203
1.0417
1.04205
1.04191
1.04338
1.04389
1.04715
1.04888
1.05549
1.06086
1.07317
1.08224
1.09888
1.10825
1.12659
1.13026
1.14225
1.13153
0.991326
0.991784
0.992653
0.993275
0.994033
0.995552
0.996789
0.998697
1.00088
1.00459
1.00773
1.01108
1.01425
1.01797
1.02209
1.02609
1.0304
1.03345
1.03651
1.03803
1.04035
1.04125
1.04171
1.04112
1.0405
1.03936
1.03983
1.03939
1.04224
1.04388
1.0513
1.05535
1.06816
1.07673
1.0941
1.10368
1.12481
1.12991
1.14896
1.1422
0.990994
0.991734
0.992806
0.99357
0.994393
0.995959
0.997501
0.999786
1.00183
1.00511
1.00843
1.0123
1.01606
1.0204
1.02407
1.02796
1.03233
1.03541
1.03913
1.04074
1.04236
1.04283
1.04263
1.04149
1.04019
1.03781
1.03775
1.03512
1.03759
1.03679
1.04437
1.04798
1.06168
1.07051
1.0898
1.10053
1.12307
1.12904
1.15054
1.14892
0.989453
0.990567
0.991129
0.992382
0.993236
0.994782
0.996597
0.998947
1.00168
1.00471
1.00789
1.01201
1.01583
1.02074
1.02492
1.02895
1.03322
1.03613
1.0397
1.04135
1.04293
1.04319
1.0426
1.04084
1.03911
1.0354
1.03504
1.03126
1.03282
1.02947
1.03564
1.03765
1.05073
1.05921
1.08061
1.093
1.12037
1.12901
1.15554
1.15492
0.989371
0.990604
0.991209
0.992521
0.9936
0.995216
0.997239
0.999501
1.00299
1.00611
1.00984
1.01384
1.01759
1.02256
1.02739
1.03169
1.03648
1.03947
1.04263
1.04435
1.04558
1.0457
1.04531
1.04267
1.0403
1.03509
1.03351
1.02784
1.02839
1.02368
1.0278
1.02732
1.03847
1.04552
1.06589
1.0795
1.1095
1.12392
1.15864
1.16176
0.987254
0.988635
0.989567
0.990483
0.992294
0.993432
0.99621
0.998303
1.00194
1.00566
1.00959
1.01416
1.01829
1.02303
1.02795
1.0323
1.03738
1.04083
1.04406
1.04604
1.04702
1.04647
1.04589
1.04294
1.04027
1.03414
1.03133
1.02395
1.02322
1.01664
1.01934
1.01653
1.0252
1.02952
1.04787
1.06068
1.09099
1.10895
1.15023
1.16481
0.987566
0.988762
0.990026
0.990599
0.992816
0.99375
0.997126
0.999253
1.00329
1.00718
1.01138
1.01638
1.02136
1.02618
1.03179
1.03613
1.04111
1.04469
1.04795
1.05009
1.05173
1.05071
1.04957
1.04596
1.04304
1.03616
1.03222
1.02313
1.02042
1.01171
1.0117
1.00589
1.01137
1.0121
1.02732
1.03841
1.06608
1.08686
1.12728
1.15687
0.985948
0.986304
0.987987
0.988241
0.990702
0.991752
0.99525
0.997936
1.00217
1.00661
1.01112
1.0164
1.02171
1.02681
1.0328
1.03773
1.04316
1.04687
1.05025
1.05192
1.05388
1.05313
1.05198
1.04737
1.04418
1.03657
1.03184
1.02152
1.0172
1.00583
1.00323
0.994224
0.996228
0.994236
1.00346
1.01284
1.03306
1.05726
1.08999
1.13316
0.986568
0.986907
0.988972
0.989092
0.991901
0.993003
0.996554
0.999504
1.00375
1.00868
1.01408
1.01951
1.02575
1.03102
1.0374
1.04263
1.04844
1.05248
1.05681
1.05835
1.06012
1.05902
1.05839
1.05289
1.04939
1.04096
1.0354
1.02377
1.01748
1.0044
0.998425
0.987773
0.983018
0.979033
0.978566
0.987479
0.994544
1.02112
1.03945
1.09157
0.983208
0.983857
0.986385
0.986578
0.989749
0.991193
0.994994
0.998114
1.00282
1.00776
1.0137
1.01939
1.0263
1.03225
1.03931
1.04482
1.05131
1.05544
1.0602
1.06214
1.06451
1.06293
1.06282
1.05688
1.05299
1.04369
1.03738
1.02529
1.01657
1.00346
0.992477
0.981642
0.969584
0.964918
0.953836
0.961784
0.955284
0.979506
0.983955
1.03423
0.983845
0.984388
0.987345
0.987826
0.991452
0.993066
0.997725
1.00094
1.00665
1.0117
1.01818
1.02441
1.03165
1.03803
1.04563
1.05162
1.05874
1.06346
1.06876
1.07061
1.07358
1.07175
1.07172
1.06624
1.06174
1.05292
1.04432
1.03355
1.02088
1.00908
0.992324
0.981653
0.962336
0.957135
0.936935
0.94062
0.9225
0.939644
0.93019
0.971028
0.979235
0.979857
0.983183
0.983962
0.987875
0.990581
0.995009
0.999747
1.00537
1.01159
1.0187
1.02578
1.03353
1.04098
1.04868
1.05577
1.06286
1.06847
1.0738
1.07677
1.07919
1.07873
1.07721
1.07374
1.06723
1.06046
1.04923
1.04011
1.02415
1.01362
0.99344
0.982742
0.959071
0.950791
0.924546
0.922059
0.895808
0.903527
0.881655
0.912402
0.979838
0.981176
0.98435
0.986843
0.989883
0.99439
0.998554
1.00433
1.01048
1.01752
1.02497
1.0337
1.04137
1.05058
1.05811
1.06703
1.07363
1.08105
1.08537
1.09042
1.09122
1.09292
1.08958
1.08825
1.0797
1.07526
1.06163
1.05418
1.03628
1.02591
1.00416
0.991993
0.966071
0.954258
0.924855
0.915997
0.884535
0.882254
0.850044
0.864976
0.971678
0.975403
0.977678
0.981659
0.985265
0.990003
0.995741
1.00229
1.00879
1.01824
1.02541
1.0359
1.0441
1.05503
1.06278
1.07338
1.07985
1.08911
1.09322
1.09998
1.10018
1.10399
1.09888
1.09974
1.08968
1.08677
1.07273
1.06555
1.04744
1.03684
1.01481
1.00165
0.974954
0.960646
0.930049
0.916561
0.882681
0.872294
0.83511
0.832946
0.973186
0.976982
0.980432
0.984388
0.988424
0.994534
0.998988
1.00822
1.01434
1.0259
1.03395
1.04687
1.05515
1.06864
1.07607
1.08917
1.09498
1.10658
1.10965
1.11888
1.11767
1.12374
1.11817
1.12008
1.1102
1.10771
1.0939
1.08732
1.07007
1.05979
1.03848
1.02517
0.9994
0.9835
0.953328
0.935709
0.901284
0.883324
0.845652
0.828859
0.965376
0.969894
0.973578
0.98014
0.984001
0.992695
0.997716
1.00867
1.01503
1.02866
1.03615
1.05145
1.05937
1.07542
1.08265
1.09819
1.10368
1.11746
1.12006
1.13096
1.1299
1.13675
1.13203
1.13437
1.1264
1.12406
1.11208
1.10567
1.08901
1.07947
1.05903
1.04575
1.02182
1.00442
0.976254
0.955482
0.924072
0.900838
0.86794
0.842087
0.968464
0.975186
0.978486
0.985672
0.990227
1.00002
1.00635
1.01904
1.02707
1.04301
1.05196
1.06983
1.07892
1.09645
1.10491
1.12122
1.12806
1.14191
1.14647
1.15621
1.15751
1.16315
1.15963
1.16197
1.1533
1.15237
1.14016
1.13561
1.12172
1.11283
1.09661
1.08302
1.06366
1.04672
1.02232
1.00289
0.973913
0.949936
0.921311
0.894955
0.956088
0.966432
0.970866
0.981444
0.987684
1.00038
1.00845
1.02304
1.03255
1.04962
1.05993
1.07876
1.09024
1.10869
1.1194
1.1365
1.14464
1.15979
1.1644
1.17674
1.17711
1.186
1.18289
1.18697
1.18155
1.17955
1.17261
1.16535
1.15554
1.14468
1.13247
1.1173
1.10261
1.08324
1.0669
1.04149
1.02324
0.992068
0.971911
0.935765
0.959362
0.969548
0.974532
0.986402
0.99421
1.01028
1.02094
1.04111
1.05312
1.07561
1.08776
1.11185
1.12342
1.14694
1.15716
1.17782
1.18607
1.20254
1.2081
1.21982
1.22183
1.22872
1.22692
1.22941
1.22503
1.22201
1.21876
1.20937
1.2075
1.1955
1.19053
1.17834
1.17249
1.15296
1.14812
1.12265
1.11534
1.08794
1.07558
1.04635
0.950614
0.968461
0.976444
0.994687
1.00342
1.02304
1.03365
1.05605
1.06804
1.09373
1.10684
1.13274
1.14744
1.17146
1.18471
1.20534
1.2166
1.23182
1.24094
1.24935
1.25671
1.25842
1.263
1.26069
1.26109
1.25657
1.25525
1.24636
1.24828
1.23321
1.23817
1.2201
1.22437
1.20469
1.20775
1.18441
1.18515
1.15919
1.16025
1.12907
0.951964
0.967342
0.98027
1.00552
1.02124
1.05147
1.06819
1.10049
1.11713
1.14762
1.16429
1.19198
1.20859
1.23258
1.24749
1.26671
1.28019
1.29234
1.30372
1.30942
1.31656
1.31871
1.31938
1.32077
1.31599
1.3165
1.31037
1.30991
1.3047
1.30492
1.30019
1.30126
1.29726
1.29661
1.29336
1.28939
1.28503
1.28001
1.27434
1.27007
0.963928
0.993994
1.01164
1.03819
1.05934
1.08322
1.10737
1.13142
1.15793
1.18456
1.21009
1.237
1.25898
1.28393
1.30112
1.3222
1.33418
1.34953
1.35594
1.36541
1.36591
1.37052
1.36564
1.36681
1.35781
1.35746
1.34701
1.3485
1.33894
1.34443
1.33656
1.34608
1.33934
1.35183
1.34477
1.35808
1.34777
1.3598
1.34308
1.35302
1.00215
1.0399
1.08475
1.1182
1.16611
1.19559
1.24078
1.27249
1.31084
1.3412
1.37373
1.40149
1.42679
1.45131
1.47
1.488
1.50261
1.51249
1.52078
1.52274
1.52304
1.51671
1.50896
1.49854
1.48363
1.46912
1.44998
1.43341
1.41399
1.39709
1.38101
1.36686
1.35644
1.34816
1.34084
1.33551
1.33353
1.32292
1.28975
1.29679
1.17505
1.21161
1.24867
1.28652
1.3238
1.35905
1.39153
1.42003
1.44431
1.46701
1.4811
1.5
1.50811
1.52285
1.52611
1.53423
1.52989
1.52929
1.51399
1.50445
1.47744
1.45997
1.42118
1.39329
1.34427
1.30319
1.24766
1.19595
1.13804
1.07736
1.02046
0.952851
0.899288
0.830019
0.782384
0.719704
0.666136
0.622571
0.314926
0.0701234
1.04098
1.0405
1.03684
1.03596
1.02996
1.01611
1.00417
0.975064
0.940484
0.918633
0.881302
0.895213
0.994029
1.01509
1.00596
0.999897
1.00011
1.00051
1.00263
1.00459
1.00605
1.0079
1.00858
1.00971
1.00991
1.0106
1.01053
1.0108
1.0106
1.01075
1.01047
1.01058
1.0102
1.01028
1.00995
1.00982
1.00946
1.00925
1.00962
1.01178
1.04288
1.04363
1.03963
1.03906
1.03284
1.01857
1.00594
0.975743
0.938264
0.918585
0.881272
0.874291
0.979135
1.01105
1.00467
0.998393
0.999496
1.00002
1.00232
1.00425
1.00587
1.00788
1.00865
1.00982
1.01003
1.01068
1.0107
1.01101
1.01088
1.0111
1.01085
1.01104
1.01073
1.01071
1.01036
1.01013
1.00982
1.00936
1.00912
1.00703
1.04808
1.04718
1.04373
1.04419
1.03856
1.02418
1.0107
0.979808
0.939635
0.918712
0.880068
0.861633
0.966225
1.00541
1.00091
0.995892
0.998342
0.999389
1.00239
1.00456
1.00629
1.00828
1.00926
1.01035
1.01067
1.01126
1.0113
1.01158
1.01149
1.01162
1.01133
1.01146
1.01114
1.01113
1.01073
1.01054
1.01026
1.01008
1.01041
1.01252
1.04922
1.05037
1.04717
1.04828
1.0426
1.02856
1.01422
0.981397
0.938857
0.919374
0.882826
0.840397
0.944896
0.997599
0.997652
0.993046
0.996892
0.998271
1.00193
1.00408
1.00605
1.0082
1.00923
1.01046
1.01083
1.01138
1.01163
1.01188
1.0118
1.01192
1.01166
1.01176
1.01146
1.01147
1.01107
1.01082
1.01039
1.01009
1.00956
1.00751
1.05504
1.05475
1.05232
1.05439
1.04977
1.0361
1.02028
0.986111
0.941396
0.919091
0.88221
0.826072
0.925591
0.988578
0.991913
0.989223
0.995027
0.99706
1.00186
1.00413
1.00633
1.00864
1.00978
1.01097
1.0114
1.01191
1.01218
1.0124
1.01241
1.01238
1.01219
1.01218
1.01192
1.01199
1.01159
1.01144
1.01106
1.01086
1.01097
1.01229
1.05674
1.05806
1.05782
1.06034
1.05598
1.04311
1.02571
0.987839
0.942452
0.91924
0.882651
0.806088
0.899745
0.976818
0.986237
0.984879
0.992705
0.995289
1.00098
1.00343
1.00611
1.00857
1.00976
1.01124
1.0117
1.01224
1.01262
1.01278
1.01287
1.01276
1.01255
1.01257
1.01227
1.01232
1.01191
1.01165
1.0112
1.0109
1.01047
1.00863
1.06325
1.06351
1.06463
1.06811
1.06539
1.05273
1.03382
0.992887
0.945869
0.917682
0.878716
0.789001
0.875745
0.963667
0.97838
0.97972
0.990034
0.993529
1.00035
1.00333
1.00644
1.00912
1.01032
1.01189
1.01233
1.01289
1.01322
1.01334
1.01347
1.01336
1.01313
1.01296
1.01257
1.01264
1.01237
1.01228
1.01194
1.01164
1.01174
1.01239
1.06563
1.06747
1.0719
1.07569
1.07439
1.06213
1.0411
0.995664
0.948159
0.915158
0.871189
0.767205
0.848355
0.948722
0.970332
0.974031
0.98676
0.991211
0.998992
1.00261
1.0063
1.00915
1.0105
1.0123
1.01271
1.01335
1.01367
1.01387
1.01401
1.01395
1.01364
1.01335
1.0129
1.01279
1.01254
1.01242
1.01212
1.01177
1.01152
1.01007
1.07305
1.07514
1.08143
1.08621
1.08664
1.07418
1.05167
1.0019
0.950696
0.910048
0.858052
0.745865
0.822285
0.932527
0.960538
0.968176
0.983279
0.989128
0.99775
1.0021
1.00625
1.0093
1.01097
1.01286
1.01343
1.01424
1.01449
1.01471
1.01475
1.01476
1.01446
1.01418
1.01378
1.01355
1.01339
1.01317
1.01293
1.01257
1.01251
1.01276
1.0764
1.08121
1.09114
1.0973
1.0997
1.08767
1.06242
1.0073
0.951157
0.901731
0.836426
0.718819
0.796536
0.916494
0.950474
0.962257
0.979259
0.986614
0.995883
1.00119
1.00566
1.00919
1.01114
1.01322
1.01394
1.01481
1.01505
1.01536
1.01538
1.01545
1.01526
1.01492
1.01455
1.01399
1.01377
1.01329
1.01309
1.01278
1.01258
1.01162
1.0847
1.09215
1.10312
1.11132
1.11548
1.1052
1.07866
1.01614
0.948791
0.886758
0.8062
0.691667
0.773437
0.899696
0.939102
0.957106
0.975527
0.984796
0.994511
1.0008
1.00524
1.00934
1.01146
1.01373
1.01456
1.01546
1.01569
1.01597
1.01601
1.01596
1.01591
1.01552
1.01539
1.01475
1.01456
1.01406
1.01397
1.01363
1.01331
1.01339
1.09086
1.10049
1.11356
1.12491
1.13216
1.12663
1.09661
1.02256
0.939711
0.861959
0.765131
0.660995
0.75413
0.884129
0.928132
0.952427
0.97177
0.983017
0.992958
1.00025
1.00478
1.00942
1.01156
1.01414
1.01508
1.01611
1.01631
1.01653
1.01657
1.01633
1.01632
1.0157
1.01578
1.01501
1.01497
1.01428
1.01426
1.01391
1.01367
1.01311
1.10179
1.11527
1.12796
1.14309
1.15337
1.15627
1.12095
1.02591
0.920195
0.823303
0.715224
0.631965
0.740089
0.869577
0.917112
0.948528
0.968734
0.982247
0.992397
1.00044
1.00501
1.00987
1.01224
1.01503
1.01606
1.01727
1.01748
1.01767
1.01775
1.01734
1.01757
1.01696
1.01718
1.01631
1.01641
1.01547
1.01545
1.01475
1.01455
1.01431
1.11149
1.12653
1.14082
1.16331
1.18334
1.19665
1.14524
1.01607
0.882511
0.767165
0.657548
0.606359
0.733313
0.857794
0.907717
0.94544
0.965957
0.981524
0.991829
1.00027
1.00521
1.01011
1.01275
1.0157
1.01688
1.01823
1.01855
1.01886
1.01892
1.0186
1.0187
1.01804
1.01812
1.01709
1.01708
1.01595
1.016
1.01508
1.01493
1.01463
1.12317
1.14359
1.15794
1.18861
1.22704
1.25214
1.15443
0.98748
0.824037
0.694246
0.601024
0.591218
0.733854
0.848857
0.900635
0.943434
0.964372
0.982181
0.992161
1.00089
1.00598
1.01058
1.01338
1.01615
1.0175
1.01891
1.0193
1.01974
1.01971
1.01981
1.01971
1.01934
1.01913
1.01821
1.01805
1.01697
1.01703
1.01591
1.01583
1.01531
1.13462
1.15583
1.17328
1.22054
1.28626
1.28533
1.14772
0.926789
0.739616
0.609257
0.557995
0.590938
0.74218
0.844689
0.897853
0.94276
0.964415
0.98359
0.99294
1.00206
1.00695
1.01155
1.01416
1.01675
1.01792
1.01933
1.0197
1.02028
1.01979
1.02026
1.01959
1.01975
1.01924
1.0188
1.01842
1.01769
1.01752
1.01649
1.01631
1.01584
1.14681
1.17275
1.19694
1.27393
1.36236
1.30758
1.10778
0.829864
0.63512
0.534244
0.542304
0.610175
0.757365
0.845895
0.899214
0.944367
0.966955
0.986461
0.995687
1.00515
1.0093
1.01404
1.01627
1.01879
1.01969
1.02097
1.02096
1.02171
1.02084
1.02174
1.02064
1.02143
1.02044
1.02081
1.01996
1.01968
1.01902
1.01826
1.01791
1.01713
1.16053
1.18746
1.22626
1.34458
1.40831
1.30713
1.01737
0.699068
0.530716
0.507607
0.559936
0.646797
0.777863
0.852836
0.906078
0.94934
0.971638
0.990888
0.999153
1.00876
1.0124
1.01754
1.01945
1.02185
1.02234
1.02347
1.02293
1.02366
1.02228
1.02316
1.02174
1.0226
1.02134
1.02198
1.02082
1.02114
1.01994
1.01973
1.01862
1.01837
1.17093
1.20574
1.27116
1.42734
1.42894
1.26578
0.877948
0.569169
0.491245
0.547603
0.611148
0.694755
0.801902
0.866611
0.919153
0.957435
0.979559
0.997013
1.00457
1.01355
1.01654
1.02114
1.02282
1.02474
1.02536
1.02619
1.0256
1.02619
1.02463
1.02521
1.0237
1.02428
1.02295
1.0235
1.02205
1.02236
1.02119
1.02124
1.02023
1.01995
1.18519
1.223
1.32274
1.48336
1.43447
1.18463
0.742877
0.536431
0.572398
0.627645
0.677529
0.747932
0.834115
0.888153
0.938651
0.970056
0.992038
1.0046
1.01216
1.01827
1.02155
1.02414
1.02669
1.02697
1.0285
1.02797
1.02816
1.02783
1.02679
1.02647
1.02514
1.02508
1.02375
1.02399
1.02258
1.02287
1.02174
1.02199
1.02101
1.02122
1.19484
1.24784
1.38182
1.48906
1.40221
1.09492
0.755926
0.682006
0.703759
0.725457
0.741398
0.80597
0.871772
0.917695
0.96375
0.987685
1.00957
1.01548
1.02401
1.02506
1.0294
1.02816
1.03237
1.02955
1.03285
1.02995
1.03215
1.02998
1.03038
1.02862
1.0281
1.02695
1.02579
1.0254
1.02403
1.02423
1.023
1.02314
1.02214
1.02222
1.19865
1.26486
1.40362
1.4278
1.29519
1.07515
0.901007
0.847526
0.810787
0.795465
0.801436
0.870613
0.913445
0.956429
0.992814
1.0128
1.0312
1.03145
1.03897
1.03525
1.03996
1.03453
1.03945
1.03379
1.03762
1.03305
1.03598
1.03207
1.03401
1.03064
1.03133
1.02896
1.0286
1.02716
1.02616
1.02569
1.0246
1.02455
1.02352
1.02369
1.18585
1.2653
1.34866
1.29816
1.21516
1.07264
0.959086
0.910006
0.846131
0.837652
0.870583
0.93385
0.959885
1.00218
1.0246
1.04644
1.05456
1.05452
1.056
1.05077
1.05198
1.04502
1.04768
1.04189
1.04403
1.03934
1.04127
1.03725
1.03896
1.03533
1.03637
1.03304
1.03317
1.0306
1.03001
1.02817
1.02732
1.02633
1.02564
1.02543
1.1568
1.22605
1.2021
1.15944
1.12546
1.02486
0.945759
0.905177
0.836427
0.86201
0.907415
0.978983
1.02045
1.0506
1.06177
1.08623
1.08119
1.08351
1.07471
1.07116
1.06552
1.0599
1.05695
1.05299
1.05112
1.04712
1.04676
1.04263
1.04317
1.03967
1.04004
1.03685
1.03662
1.03364
1.03348
1.03068
1.03047
1.02836
1.02811
1.027
1.1104
1.12292
1.04404
1.03083
0.994875
0.929242
0.881354
0.836911
0.801363
0.86218
0.912173
1.00702
1.06086
1.10176
1.10498
1.12548
1.11417
1.1145
1.09758
1.09452
1.08143
1.07703
1.06717
1.06571
1.05874
1.05656
1.0522
1.0495
1.04706
1.0449
1.04301
1.04109
1.03934
1.03729
1.03638
1.03376
1.03342
1.0312
1.03104
1.02963
1.0403
0.986499
0.886862
0.85959
0.837204
0.797681
0.770888
0.738392
0.749364
0.827456
0.893104
1.01046
1.07915
1.15239
1.15059
1.16544
1.1532
1.146
1.12635
1.11769
1.10185
1.09434
1.07991
1.0779
1.06741
1.0661
1.05829
1.05752
1.05136
1.0516
1.04661
1.0465
1.04289
1.0419
1.03974
1.03766
1.03646
1.03449
1.03383
1.03234
0.949231
0.864185
0.749244
0.702119
0.677228
0.650037
0.644395
0.632166
0.6617
0.741639
0.840102
0.986005
1.08514
1.17736
1.20066
1.20989
1.19597
1.18327
1.1625
1.14516
1.13057
1.11593
1.10182
1.09432
1.08423
1.07961
1.07174
1.06904
1.06207
1.06093
1.05481
1.05409
1.04947
1.04801
1.04486
1.0429
1.04114
1.03937
1.03795
1.03715
0.862927
0.783404
0.649571
0.583433
0.545938
0.532982
0.531832
0.518919
0.5383
0.611466
0.738206
0.903701
1.0567
1.1843
1.23938
1.25579
1.24302
1.22556
1.20175
1.17861
1.16333
1.14307
1.12884
1.11463
1.106
1.09469
1.08916
1.08155
1.07642
1.07189
1.06663
1.06324
1.05912
1.05558
1.05265
1.04942
1.04681
1.04431
1.04238
1.04136
0.806461
0.741832
0.635398
0.564626
0.50551
0.49612
0.479345
0.449927
0.433709
0.472991
0.586216
0.75806
0.966957
1.1463
1.24838
1.28979
1.28684
1.26402
1.23735
1.21
1.19109
1.17099
1.15309
1.13752
1.12692
1.11233
1.10612
1.09582
1.09131
1.08405
1.07977
1.07418
1.07028
1.06586
1.06261
1.05857
1.0555
1.05244
1.04991
1.04825
0.780296
0.729578
0.677055
0.615608
0.56456
0.557352
0.545775
0.509534
0.47368
0.451777
0.475783
0.585427
0.798494
1.04144
1.22056
1.29654
1.31944
1.30204
1.26847
1.23679
1.21362
1.19339
1.17312
1.15859
1.14423
1.13065
1.12046
1.11147
1.10343
1.09786
1.09092
1.08619
1.0805
1.07603
1.07104
1.06698
1.06292
1.06005
1.05702
1.05535
0.785711
0.740754
0.708681
0.691148
0.660086
0.650803
0.660231
0.661217
0.656447
0.636625
0.611221
0.579629
0.638528
0.856298
1.12231
1.27518
1.32842
1.33927
1.30876
1.27039
1.24211
1.21859
1.1973
1.18024
1.16471
1.15061
1.13701
1.12834
1.11691
1.11188
1.10285
1.09879
1.09177
1.08728
1.08203
1.07743
1.07283
1.06942
1.06577
1.06395
0.809395
0.778634
0.761425
0.758768
0.757641
0.752639
0.763965
0.779174
0.798369
0.813835
0.824778
0.814812
0.770954
0.738954
0.861241
1.13016
1.28454
1.34107
1.34566
1.30979
1.27769
1.25098
1.2289
1.20814
1.1925
1.17664
1.16205
1.15076
1.13775
1.12947
1.1186
1.11241
1.10424
1.09929
1.09339
1.08865
1.08462
1.08112
1.07771
1.07567
0.865479
0.839401
0.839951
0.843815
0.852769
0.858024
0.870784
0.884404
0.901073
0.910338
0.912778
0.907592
0.892488
0.860081
0.795395
0.797057
1.01
1.21068
1.2933
1.31514
1.29473
1.27451
1.25714
1.23656
1.22266
1.20749
1.19448
1.18166
1.17077
1.1583
1.14789
1.13715
1.12822
1.11952
1.11237
1.10578
1.09923
1.09437
1.08952
1.08741
0.920921
0.907421
0.927294
0.959296
0.976598
0.999984
1.00844
1.00871
0.991857
0.961023
0.934623
0.909579
0.883873
0.852864
0.818724
0.749636
0.689146
0.80233
1.05383
1.18088
1.23241
1.24073
1.24743
1.23843
1.23365
1.22324
1.21564
1.20536
1.19927
1.18832
1.18192
1.17098
1.1633
1.15095
1.1427
1.1342
1.12643
1.11871
1.11371
1.109
1.03976
1.04695
1.06544
1.09306
1.10749
1.1081
1.0943
1.06282
1.01621
0.972569
0.915815
0.862267
0.811602
0.754341
0.708148
0.672842
0.602346
0.526606
0.574866
0.853735
1.03
1.10884
1.15727
1.18072
1.19644
1.20003
1.20352
1.20063
1.20028
1.19508
1.19287
1.18614
1.18279
1.17655
1.16994
1.1638
1.15574
1.14818
1.14175
1.13462
1.14827
1.16158
1.19827
1.2007
1.18138
1.15506
1.11669
1.06545
1.0028
0.939905
0.854576
0.76647
0.692142
0.632741
0.544
0.453734
0.41022
0.354706
0.268957
0.322567
0.665003
0.857828
0.967322
1.04155
1.09215
1.12321
1.14664
1.15661
1.16862
1.17142
1.1777
1.1778
1.18005
1.17951
1.17843
1.17658
1.17375
1.1703
1.16427
1.16149
1.2727
1.27352
1.26567
1.2363
1.20315
1.16193
1.10398
1.01998
0.911602
0.801897
0.692776
0.581177
0.48689
0.384894
0.312598
0.256304
0.190632
0.119418
0.070654
0.0340982
0.11452
0.487234
0.671985
0.80834
0.909611
0.980644
1.03775
1.07048
1.10184
1.11885
1.13618
1.14812
1.15992
1.16747
1.17298
1.17551
1.17713
1.17964
1.17936
1.17886
1.32944
1.29565
1.25194
1.21171
1.15668
1.07949
0.973489
0.840093
0.70472
0.555594
0.384416
0.267429
0.157937
0.0855955
0.0954551
0.144534
0.176522
0.18078
0.198427
0.230214
0.301833
0.246012
0.366398
0.532918
0.673317
0.774256
0.868648
0.931351
0.984059
1.0248
1.05326
1.07318
1.0822
1.10021
1.11856
1.12891
1.14328
1.15004
1.16173
1.17012
1.20019
1.05707
0.899868
0.737393
0.570013
0.391356
0.219503
0.1307
0.190211
0.272591
0.324118
0.38154
0.416815
0.459503
0.489402
0.513135
0.536453
0.555612
0.573633
0.593622
0.604818
0.590937
0.549567
0.333607
0.301751
0.480505
0.59605
0.733042
0.802433
0.878213
0.929538
0.985621
1.02403
1.04752
1.07268
1.09962
1.11987
1.13907
1.15222
1.16026
0.142739
0.188268
0.260536
0.35497
0.431525
0.491553
0.538424
0.574717
0.605872
0.633305
0.655616
0.670665
0.679
0.683103
0.672405
0.660437
0.644316
0.625686
0.601299
0.576825
0.557606
0.538729
0.534702
0.487473
0.456049
0.472965
0.410022
0.27973
0.238221
0.531026
0.601791
0.643771
0.68278
0.720919
0.760203
0.797182
0.838826
0.881465
0.931759
0.985346
1.01829
1.01847
1.01943
1.01933
1.01985
1.0195
1.01957
1.01869
1.01803
1.01627
1.01441
1.01112
1.0072
1.00165
0.995223
0.987268
0.981358
0.977996
0.980058
0.987257
0.997928
1.00854
1.01228
1.01189
1.01099
1.01034
1.0099
1.00954
1.00925
1.00896
1.00862
1.00824
1.00784
1.00741
1.00695
1.00649
1.00606
1.00565
1.00527
1.00502
1.00044
1.00132
1.00057
1.00136
1.00099
1.00197
1.0019
1.00314
1.00356
1.00539
1.0068
1.00994
1.01255
1.01693
1.02028
1.02462
1.02626
1.02702
1.02657
1.02317
1.01662
1.01179
1.01039
1.01056
1.01079
1.01097
1.01095
1.01081
1.01057
1.01017
1.00962
1.00914
1.00876
1.00824
1.00759
1.007
1.00642
1.00597
1.00566
1.0053
1.01766
1.01803
1.01887
1.01864
1.01907
1.01831
1.01817
1.0169
1.01603
1.01399
1.01212
1.00909
1.0065
1.00277
1.00115
1.00085
1.00322
1.00566
1.00805
1.00947
1.01005
1.0101
1.01017
1.01058
1.01078
1.01096
1.0109
1.01082
1.01065
1.01042
1.01
1.00958
1.00913
1.00864
1.00809
1.00748
1.007
1.00668
1.0063
1.00596
1.00299
1.00369
1.00366
1.00453
1.00475
1.00613
1.00679
1.00868
1.01005
1.01267
1.0149
1.01837
1.02087
1.02421
1.02585
1.02688
1.02713
1.02658
1.02426
1.02091
1.01763
1.01452
1.01296
1.01253
1.01249
1.01218
1.01167
1.01126
1.01093
1.01065
1.01032
1.00988
1.00946
1.00888
1.00824
1.00767
1.00712
1.00683
1.00646
1.00602
1.01604
1.01658
1.01688
1.01672
1.01662
1.01596
1.01536
1.0142
1.01303
1.01128
1.00979
1.00802
1.00708
1.00647
1.0076
1.00884
1.00989
1.01057
1.011
1.01151
1.01166
1.01165
1.01157
1.01167
1.01176
1.01183
1.01165
1.01143
1.01118
1.01099
1.01064
1.01027
1.00995
1.00941
1.00876
1.00827
1.00781
1.00734
1.00703
1.0066
1.00551
1.00643
1.00692
1.00799
1.00872
1.01009
1.01106
1.01282
1.0141
1.01618
1.01754
1.01962
1.02079
1.02228
1.02276
1.02313
1.02304
1.02226
1.02096
1.01957
1.01806
1.0164
1.01497
1.01417
1.01374
1.01314
1.01248
1.01201
1.01152
1.01122
1.01088
1.01043
1.01002
1.00947
1.00891
1.00835
1.0079
1.00749
1.00704
1.00656
1.01481
1.01526
1.01524
1.01512
1.0148
1.01427
1.01361
1.01274
1.0118
1.01094
1.01012
1.00965
1.0097
1.01019
1.01103
1.01193
1.01205
1.01236
1.01258
1.01303
1.01306
1.01294
1.01274
1.01272
1.01277
1.01279
1.01254
1.01226
1.01203
1.01177
1.0114
1.01108
1.01052
1.00997
1.00954
1.00896
1.00847
1.00817
1.00772
1.00722
1.00816
1.00933
1.00998
1.01106
1.01187
1.01304
1.01394
1.01524
1.01606
1.01719
1.01805
1.01886
1.01955
1.02012
1.02045
1.02056
1.02021
1.01974
1.01913
1.01849
1.01772
1.01652
1.01564
1.01521
1.01458
1.01378
1.01319
1.01277
1.01233
1.01194
1.01161
1.01132
1.01078
1.01015
1.00962
1.00904
1.00868
1.00822
1.00779
1.00729
1.01401
1.01434
1.01421
1.01423
1.01395
1.01372
1.01334
1.01308
1.01279
1.01275
1.01274
1.01301
1.0133
1.01371
1.01385
1.01396
1.01396
1.01409
1.01433
1.01454
1.0144
1.01401
1.01388
1.01393
1.01388
1.01379
1.01354
1.0133
1.01297
1.01255
1.01226
1.01192
1.01146
1.01093
1.01031
1.00985
1.0094
1.00896
1.00857
1.00806
1.01057
1.01177
1.01231
1.01333
1.01401
1.01501
1.01565
1.01651
1.01707
1.01776
1.01823
1.01864
1.01909
1.0193
1.01925
1.01892
1.01869
1.01877
1.01864
1.01826
1.01751
1.01661
1.0162
1.0159
1.01513
1.01456
1.01418
1.01367
1.0132
1.01284
1.01258
1.01216
1.01166
1.01109
1.01052
1.01004
1.00962
1.00919
1.00869
1.00825
1.01386
1.01433
1.01435
1.01449
1.01446
1.01452
1.01457
1.0147
1.0148
1.01493
1.01508
1.01527
1.01545
1.01557
1.01564
1.01573
1.01577
1.01584
1.01599
1.01602
1.01565
1.01538
1.01539
1.01525
1.0151
1.01495
1.01476
1.01442
1.01395
1.01357
1.01336
1.01303
1.01249
1.01187
1.01133
1.01087
1.01038
1.01001
1.00963
1.00914
1.01258
1.01382
1.01433
1.01526
1.01577
1.0166
1.01706
1.01775
1.01807
1.0185
1.01863
1.0188
1.01882
1.01888
1.01863
1.01853
1.0187
1.01893
1.01881
1.01833
1.01766
1.01713
1.01693
1.01651
1.01596
1.01559
1.0152
1.01476
1.01437
1.01399
1.01365
1.01328
1.01272
1.01214
1.01165
1.01109
1.01054
1.01018
1.00983
1.00929
1.0144
1.01504
1.01523
1.01571
1.01592
1.01635
1.01658
1.01685
1.01697
1.01709
1.01715
1.0172
1.01723
1.01731
1.01739
1.01748
1.01756
1.01761
1.01759
1.01743
1.01717
1.01705
1.01698
1.01675
1.01657
1.01632
1.0159
1.01555
1.01523
1.01496
1.01464
1.01416
1.01362
1.01305
1.01255
1.01195
1.01143
1.0111
1.01075
1.01022
1.01438
1.01563
1.01611
1.01699
1.01738
1.01807
1.01834
1.0189
1.01903
1.01939
1.01942
1.01966
1.01965
1.01971
1.01949
1.01954
1.0196
1.01973
1.01937
1.01889
1.01846
1.01824
1.01792
1.01755
1.01714
1.0168
1.01637
1.01597
1.01565
1.0153
1.01492
1.01451
1.01398
1.0134
1.01278
1.01223
1.01167
1.01136
1.01099
1.01044
1.01556
1.01641
1.0168
1.01746
1.01777
1.01825
1.0184
1.01873
1.01882
1.01912
1.01924
1.01949
1.01959
1.01973
1.01973
1.0197
1.0196
1.01949
1.01932
1.01922
1.01905
1.01897
1.01877
1.01843
1.01812
1.01777
1.01739
1.01701
1.0167
1.01636
1.01595
1.01551
1.01503
1.01448
1.01382
1.0132
1.01271
1.01237
1.01204
1.01152
1.01585
1.01713
1.01762
1.01851
1.01887
1.01956
1.01976
1.02031
1.0204
1.02081
1.02094
1.02126
1.02126
1.02133
1.02119
1.02127
1.02116
1.02102
1.02052
1.02023
1.01988
1.0197
1.0193
1.01908
1.01872
1.01846
1.0179
1.01754
1.01715
1.01697
1.01643
1.01597
1.01539
1.01491
1.0142
1.01351
1.01292
1.01262
1.01229
1.01182
1.017
1.01809
1.01859
1.01935
1.01971
1.02024
1.02041
1.02087
1.021
1.02144
1.0216
1.02195
1.02197
1.02212
1.02204
1.02209
1.0219
1.0218
1.02148
1.02138
1.02107
1.02093
1.0205
1.02033
1.02
1.01969
1.01913
1.01871
1.01838
1.01817
1.0177
1.01714
1.01653
1.01612
1.01549
1.0147
1.01411
1.0138
1.0135
1.01303
1.01841
1.01926
1.02
1.02056
1.02098
1.02148
1.02172
1.02222
1.02242
1.02287
1.02299
1.02321
1.02315
1.02321
1.02321
1.02328
1.02314
1.02284
1.02238
1.02211
1.0218
1.02167
1.02132
1.02119
1.02068
1.02036
1.01979
1.01948
1.01901
1.01878
1.01825
1.01769
1.01695
1.01656
1.01586
1.01514
1.0145
1.01416
1.01368
1.01328
1.01946
1.02067
1.02109
1.02176
1.02211
1.02268
1.02293
1.02349
1.02367
1.02414
1.02422
1.02449
1.02442
1.02461
1.02464
1.02481
1.02463
1.02438
1.02403
1.02379
1.02351
1.0233
1.02299
1.02278
1.02222
1.02184
1.02131
1.02099
1.02047
1.02023
1.01976
1.01916
1.01834
1.01787
1.01713
1.01652
1.01594
1.01557
1.015
1.01463
1.02058
1.02185
1.02221
1.02295
1.02342
1.02399
1.02443
1.02488
1.0251
1.02544
1.02551
1.02568
1.02566
1.02586
1.0259
1.02589
1.02551
1.02524
1.02497
1.02485
1.02457
1.02426
1.02394
1.02363
1.02311
1.02267
1.02213
1.0218
1.02128
1.02099
1.02046
1.0198
1.01897
1.01835
1.01761
1.01705
1.01651
1.01601
1.0153
1.01486
1.02171
1.02307
1.02339
1.02443
1.02484
1.02557
1.02597
1.02646
1.02679
1.02721
1.02734
1.02763
1.02772
1.028
1.02797
1.02783
1.02745
1.02732
1.02708
1.02697
1.02659
1.02626
1.0259
1.02555
1.02503
1.02455
1.02398
1.02362
1.02313
1.02288
1.02225
1.02164
1.02076
1.01998
1.01916
1.0187
1.01821
1.01768
1.01692
1.01642
1.02305
1.02455
1.02501
1.02594
1.02631
1.02701
1.02727
1.02781
1.02819
1.02861
1.02879
1.02908
1.02919
1.02936
1.02922
1.02901
1.02884
1.02872
1.02847
1.02818
1.02778
1.02753
1.02713
1.0267
1.02616
1.02563
1.02493
1.02451
1.02409
1.02378
1.02299
1.02236
1.02141
1.02058
1.01968
1.0192
1.01869
1.01821
1.01746
1.01688
1.02511
1.02661
1.02716
1.0281
1.02838
1.02919
1.02945
1.03027
1.03063
1.0311
1.03125
1.03157
1.03172
1.03184
1.03166
1.03161
1.03156
1.0314
1.03106
1.03067
1.03044
1.03011
1.02959
1.02908
1.02861
1.02801
1.02725
1.02686
1.02651
1.0261
1.02526
1.02462
1.02356
1.02268
1.02166
1.02114
1.02055
1.02011
1.0193
1.01854
1.02687
1.02848
1.02886
1.02987
1.03019
1.03107
1.03151
1.03237
1.03248
1.03292
1.03295
1.03344
1.03352
1.0336
1.03343
1.03347
1.03331
1.03314
1.03274
1.03245
1.03216
1.03161
1.03109
1.03052
1.03005
1.02933
1.02863
1.02809
1.02766
1.02716
1.02633
1.02561
1.02448
1.02364
1.02262
1.02209
1.02139
1.02097
1.02034
1.01994
1.02987
1.0313
1.03181
1.03296
1.03331
1.0345
1.035
1.03563
1.0357
1.03619
1.03643
1.03697
1.03689
1.03701
1.03685
1.0369
1.03664
1.03653
1.03611
1.03581
1.03525
1.03482
1.03425
1.03364
1.03306
1.03233
1.03157
1.03074
1.03022
1.02963
1.0288
1.02783
1.02668
1.02569
1.02456
1.02388
1.02294
1.02238
1.02136
1.02062
1.03235
1.03379
1.03444
1.03562
1.0362
1.03736
1.03746
1.03804
1.03819
1.03895
1.03918
1.03948
1.03938
1.0395
1.03938
1.03929
1.03923
1.0391
1.03872
1.03816
1.03753
1.03717
1.03649
1.03597
1.03526
1.03463
1.03371
1.03302
1.03253
1.03189
1.03103
1.02995
1.0288
1.0277
1.02678
1.02607
1.02518
1.02469
1.02391
1.02344
1.03672
1.03843
1.03913
1.04062
1.04105
1.04193
1.04201
1.04283
1.04327
1.04386
1.04379
1.04412
1.04395
1.04412
1.04377
1.04365
1.04345
1.04312
1.04257
1.04187
1.04149
1.04092
1.04038
1.0396
1.03865
1.0377
1.03665
1.03601
1.03502
1.03422
1.03315
1.03199
1.03056
1.0293
1.02812
1.02714
1.02623
1.02527
1.02412
1.02343
1.04026
1.04284
1.04325
1.04476
1.04471
1.04584
1.04589
1.047
1.04709
1.04768
1.04768
1.04795
1.04791
1.04813
1.04786
1.04793
1.04741
1.04708
1.04653
1.046
1.04553
1.04493
1.04441
1.04332
1.04253
1.04146
1.0409
1.04
1.03916
1.03823
1.03692
1.03568
1.03417
1.03291
1.0316
1.0308
1.02988
1.02909
1.02794
1.02693
1.04701
1.04971
1.04966
1.05115
1.05097
1.05233
1.052
1.05316
1.05271
1.05352
1.05285
1.05328
1.0529
1.05316
1.05258
1.05247
1.05176
1.05157
1.05069
1.05029
1.04941
1.04878
1.04778
1.04669
1.04562
1.04445
1.04371
1.04253
1.04167
1.04014
1.03897
1.03726
1.03557
1.03407
1.03278
1.03176
1.03033
1.02925
1.02809
1.02724
1.05402
1.05666
1.05662
1.05829
1.05812
1.05952
1.05936
1.06055
1.06014
1.06097
1.0604
1.06106
1.06035
1.06066
1.05982
1.05978
1.0589
1.05869
1.05787
1.05746
1.05638
1.05571
1.05445
1.05354
1.05217
1.05123
1.05003
1.04896
1.04779
1.04616
1.04477
1.0428
1.0414
1.03938
1.03819
1.0367
1.03575
1.03438
1.033
1.03174
1.06126
1.06424
1.06386
1.06563
1.06509
1.06664
1.06583
1.06708
1.06621
1.06721
1.06621
1.0669
1.06587
1.06609
1.06496
1.06485
1.06386
1.06363
1.06244
1.06211
1.06065
1.05987
1.05832
1.05729
1.05575
1.05468
1.05333
1.05225
1.0508
1.04921
1.04728
1.045
1.04316
1.04113
1.03972
1.03785
1.03661
1.03491
1.03367
1.0323
1.0733
1.07674
1.07639
1.07816
1.07774
1.07915
1.07827
1.07961
1.07862
1.07966
1.07863
1.07921
1.07815
1.07844
1.07732
1.07715
1.07604
1.07559
1.07435
1.07349
1.07221
1.07111
1.06956
1.06832
1.06669
1.06514
1.0635
1.06176
1.05987
1.0577
1.05542
1.05306
1.05066
1.04861
1.04675
1.045
1.04325
1.04138
1.03961
1.03786
1.08449
1.08823
1.08705
1.08934
1.08791
1.08971
1.0882
1.08978
1.08827
1.08945
1.08773
1.08841
1.0863
1.08658
1.08431
1.08427
1.08206
1.08188
1.07979
1.0793
1.0772
1.07612
1.07383
1.0724
1.07023
1.06872
1.0667
1.0652
1.06309
1.06128
1.05884
1.05679
1.05431
1.05238
1.05028
1.04835
1.04626
1.04424
1.04213
1.04028
1.10607
1.1094
1.1074
1.10938
1.10719
1.10896
1.10683
1.10831
1.10625
1.10749
1.10529
1.10629
1.10403
1.10475
1.10261
1.103
1.10094
1.10098
1.09882
1.09815
1.09569
1.09472
1.09232
1.09114
1.08883
1.08729
1.08459
1.08246
1.07928
1.07651
1.07297
1.06992
1.0664
1.0635
1.06038
1.05768
1.05463
1.05187
1.0489
1.04649
1.12945
1.13086
1.12763
1.12853
1.12559
1.12649
1.12367
1.12458
1.12171
1.12249
1.11937
1.12002
1.11674
1.11708
1.11359
1.11395
1.11043
1.1104
1.10669
1.10648
1.10267
1.10169
1.09741
1.09612
1.09185
1.09054
1.0863
1.08506
1.0809
1.07952
1.07543
1.07391
1.07006
1.06854
1.06473
1.06293
1.05906
1.05713
1.05342
1.05172
1.15877
1.1581
1.15625
1.1553
1.15349
1.15284
1.15072
1.15074
1.14834
1.14893
1.14645
1.14739
1.14496
1.14603
1.1436
1.14454
1.14185
1.1425
1.1395
1.13988
1.13665
1.13679
1.13364
1.13345
1.13011
1.1291
1.12502
1.12297
1.11798
1.11495
1.10907
1.10523
1.09894
1.09466
1.08833
1.08385
1.0776
1.07325
1.06745
1.06382
1.178
1.17425
1.17251
1.17074
1.16992
1.16868
1.16822
1.16741
1.1669
1.16611
1.16509
1.16435
1.16282
1.16195
1.15988
1.15878
1.15661
1.1553
1.15289
1.15097
1.14771
1.14494
1.14036
1.13664
1.13102
1.12699
1.1214
1.11762
1.11251
1.10896
1.10441
1.10084
1.09642
1.09232
1.08752
1.08268
1.07777
1.07307
1.06947
1.06687
1.17928
1.18665
1.19407
1.2008
1.20516
1.21011
1.21326
1.21759
1.22017
1.22425
1.22634
1.23014
1.2317
1.23508
1.23596
1.23855
1.23841
1.23996
1.23881
1.23959
1.23791
1.23857
1.23661
1.23712
1.23428
1.2336
1.22877
1.22614
1.21921
1.21443
1.2055
1.19878
1.18836
1.18057
1.16976
1.16192
1.15122
1.14301
1.13111
1.12007
1.17053
1.1744
1.18632
1.19255
1.19786
1.20491
1.21049
1.21993
1.22634
1.23511
1.24088
1.24803
1.25255
1.25791
1.26109
1.26515
1.26755
1.27101
1.27244
1.2743
1.2729
1.27179
1.26663
1.26266
1.25416
1.24839
1.23757
1.23096
1.21942
1.2127
1.20102
1.19467
1.18387
1.17798
1.16712
1.15872
1.1432
1.12834
1.10886
1.0966
1.03477
1.06965
1.11756
1.15919
1.20303
1.24316
1.28481
1.32173
1.36042
1.39363
1.42868
1.4579
1.48858
1.51299
1.53815
1.55671
1.57539
1.58756
1.59996
1.60679
1.61442
1.61722
1.62079
1.61991
1.61956
1.61495
1.61008
1.60067
1.5897
1.57608
1.55976
1.54284
1.52211
1.50295
1.47825
1.45577
1.42749
1.40128
1.37329
1.34701
1.00489
1.00553
1.00541
1.00546
1.00556
1.00566
1.00577
1.00589
1.00603
1.00616
1.00625
1.00632
1.00637
1.00634
1.00624
1.00606
1.00575
1.00532
1.00468
1.00394
1.003
1.00184
1.00048
0.999021
0.997308
0.995732
0.994492
0.992902
0.992032
0.991221
0.990686
0.990607
0.990844
0.991353
0.992043
0.992807
0.993513
0.994112
0.994504
0.994091
1.00508
1.00562
1.00538
1.00555
1.00565
1.00577
1.0059
1.00606
1.00619
1.00632
1.00645
1.00654
1.00658
1.00657
1.00649
1.00629
1.00595
1.00549
1.00482
1.00402
1.00296
1.00173
1.00043
0.998877
0.997305
0.995733
0.993846
0.992732
0.991302
0.990494
0.990193
0.990084
0.990369
0.99091
0.991654
0.992467
0.993223
0.993874
0.994396
0.994144
1.00573
1.00616
1.00588
1.00622
1.00632
1.00648
1.00664
1.00682
1.00701
1.00716
1.00732
1.00739
1.00745
1.00748
1.00737
1.0071
1.00669
1.00614
1.00535
1.0044
1.00331
1.00201
1.00039
0.998725
0.996929
0.995145
0.993793
0.991908
0.991007
0.990102
0.989337
0.989325
0.989704
0.990332
0.991166
0.992062
0.992899
0.993639
0.99429
0.994162
1.00582
1.00612
1.00586
1.00628
1.00631
1.00653
1.00669
1.00689
1.00706
1.00728
1.00741
1.00752
1.00758
1.0075
1.00729
1.00699
1.0066
1.00606
1.00531
1.00435
1.00318
1.0018
1.00031
0.998591
0.996788
0.994995
0.992885
0.991718
0.990062
0.989172
0.988844
0.988804
0.989139
0.989778
0.990656
0.991614
0.992525
0.993302
0.994138
0.994149
1.00638
1.0066
1.00643
1.00703
1.00699
1.00728
1.00744
1.00761
1.00782
1.00799
1.00811
1.00824
1.00829
1.0083
1.00818
1.00785
1.00729
1.00667
1.00574
1.00464
1.00332
1.00181
1.00003
0.998164
0.996219
0.994256
0.992767
0.990683
0.989696
0.988688
0.987973
0.987934
0.988355
0.989114
0.990106
0.991168
0.992174
0.993016
0.993957
0.994148
1.00639
1.00658
1.00658
1.00713
1.00697
1.00739
1.00751
1.00775
1.00792
1.00804
1.00821
1.00833
1.00838
1.00831
1.00805
1.00756
1.00703
1.00634
1.0054
1.00422
1.00293
1.00141
0.99973
0.997808
0.995828
0.993922
0.991601
0.990296
0.988572
0.987668
0.987302
0.987229
0.987641
0.988458
0.989478
0.990589
0.991686
0.992565
0.993612
0.994061
1.00699
1.00728
1.00736
1.00784
1.00767
1.00828
1.00838
1.00858
1.00871
1.00883
1.00898
1.00908
1.00913
1.00912
1.00886
1.0084
1.0077
1.00683
1.00577
1.00448
1.00291
1.00112
0.99916
0.997194
0.995124
0.992837
0.991259
0.989061
0.987984
0.986933
0.986305
0.986334
0.986839
0.987768
0.988894
0.990101
0.991306
0.99227
0.993377
0.994029
1.00705
1.00739
1.00751
1.00787
1.00777
1.00843
1.00837
1.00866
1.00878
1.0089
1.00901
1.00911
1.00916
1.00908
1.00879
1.00825
1.00751
1.00657
1.00537
1.00406
1.00244
1.00073
0.998764
0.996545
0.994325
0.992425
0.989884
0.988474
0.986709
0.985784
0.985404
0.985508
0.985997
0.986954
0.988104
0.989354
0.990664
0.991706
0.992892
0.993838
1.00787
1.00823
1.00834
1.00861
1.00862
1.00933
1.00922
1.00965
1.00967
1.00974
1.00976
1.00984
1.00989
1.0098
1.00952
1.00896
1.00814
1.00711
1.00579
1.00429
1.00251
1.00051
0.998319
0.996127
0.993843
0.991138
0.989418
0.987107
0.985945
0.984899
0.984425
0.984494
0.98511
0.986184
0.987459
0.988827
0.990258
0.9914
0.992661
0.993801
1.00794
1.00837
1.00844
1.00872
1.0088
1.00941
1.00927
1.00978
1.00966
1.00974
1.0097
1.0097
1.00966
1.00951
1.00923
1.00863
1.00786
1.00686
1.00548
1.0039
1.00208
1.00004
0.997775
0.995263
0.992707
0.99072
0.987914
0.98635
0.98452
0.983582
0.983106
0.983406
0.984044
0.985154
0.986478
0.98791
0.989451
0.9907
0.992008
0.993521
1.00881
1.00935
1.00936
1.00972
1.00982
1.01029
1.01024
1.01085
1.01068
1.01081
1.01068
1.01061
1.01052
1.01035
1.00999
1.0094
1.00863
1.00748
1.00603
1.00425
1.00216
0.99985
0.997349
0.994859
0.992337
0.989241
0.98732
0.984827
0.983586
0.982468
0.982191
0.982251
0.983027
0.984281
0.985754
0.987329
0.989015
0.990368
0.991761
0.993463
1.00897
1.00951
1.00951
1.00997
1.01
1.01038
1.01038
1.01099
1.01073
1.01092
1.01069
1.01055
1.01036
1.01011
1.00964
1.009
1.00817
1.00706
1.00559
1.00383
1.00172
0.999306
0.996684
0.993878
0.990914
0.98865
0.985576
0.983869
0.98194
0.980994
0.980452
0.980862
0.981694
0.982998
0.984552
0.98621
0.988005
0.989517
0.990882
0.992988
1.00992
1.0105
1.01058
1.01108
1.01102
1.01137
1.01148
1.01199
1.01179
1.01212
1.01184
1.01172
1.01143
1.01108
1.01053
1.00984
1.00896
1.00776
1.00614
1.00417
1.00178
0.999057
0.99619
0.993172
0.990406
0.986915
0.984819
0.98213
0.98081
0.979635
0.979368
0.979664
0.980535
0.982021
0.983725
0.985547
0.987533
0.989184
0.990662
0.992917
1.01008
1.01069
1.01074
1.01126
1.01114
1.01157
1.01158
1.01199
1.01178
1.01214
1.01182
1.01174
1.01133
1.01085
1.01021
1.0094
1.00835
1.00706
1.00536
1.00335
1.00092
0.998169
0.995144
0.992146
0.988665
0.986144
0.982832
0.98095
0.978844
0.977915
0.977584
0.977831
0.978935
0.980449
0.982258
0.984178
0.986283
0.988169
0.989618
0.992234
1.01112
1.01178
1.01184
1.01238
1.01228
1.01273
1.01271
1.01296
1.01287
1.01335
1.01301
1.01301
1.01251
1.01196
1.01116
1.01023
1.00913
1.00767
1.00572
1.00357
1.0009
0.997917
0.994623
0.991005
0.988016
0.984102
0.981806
0.978907
0.977492
0.976255
0.975887
0.976629
0.9776
0.979358
0.981305
0.983417
0.98575
0.987803
0.989436
0.992126
1.01136
1.01202
1.01199
1.01254
1.01241
1.0129
1.01274
1.01299
1.01283
1.01321
1.01282
1.01284
1.01224
1.01165
1.01081
1.00977
1.00839
1.00671
1.0048
1.00245
0.999674
0.996581
0.99319
0.989971
0.985897
0.983138
0.979509
0.977444
0.97519
0.974221
0.974045
0.974301
0.975651
0.977401
0.9795
0.981749
0.984197
0.986525
0.988233
0.991083
1.01257
1.01323
1.01316
1.01374
1.01365
1.0142
1.01396
1.01419
1.01401
1.01426
1.01389
1.01401
1.01334
1.01281
1.01179
1.01062
1.00916
1.00736
1.00511
1.00254
0.999587
0.996193
0.992535
0.988297
0.985124
0.980712
0.978225
0.975002
0.973386
0.972171
0.972027
0.9729
0.974132
0.976105
0.9784
0.980868
0.983581
0.986097
0.98807
0.99095
1.01285
1.01349
1.01335
1.01391
1.01377
1.0143
1.014
1.01427
1.01391
1.01404
1.01355
1.01352
1.01277
1.01225
1.01126
1.00997
1.00828
1.00622
1.00391
1.00118
0.99806
0.994607
0.990689
0.987299
0.982496
0.979493
0.975392
0.97318
0.970798
0.969716
0.969585
0.970039
0.971574
0.9737
0.976189
0.978826
0.981645
0.984494
0.986657
0.989504
1.01425
1.0149
1.01476
1.0153
1.01516
1.01571
1.01543
1.01579
1.01535
1.01533
1.01481
1.01467
1.01382
1.01332
1.01211
1.01077
1.00899
1.0068
1.00421
1.00118
0.997682
0.993759
0.989835
0.984756
0.981495
0.976534
0.973806
0.970211
0.968439
0.967263
0.967052
0.968299
0.969852
0.972167
0.974905
0.977795
0.980925
0.983987
0.986504
0.989524
1.01448
1.01514
1.015
1.0155
1.01527
1.01579
1.01542
1.01574
1.01521
1.0152
1.01451
1.01417
1.01322
1.01266
1.01126
1.0099
1.00791
1.00557
1.00281
0.9996
0.996001
0.992092
0.987388
0.983839
0.978213
0.974904
0.970275
0.967865
0.965279
0.964054
0.964253
0.964807
0.966674
0.969136
0.972155
0.97527
0.978483
0.981939
0.984714
0.987874
1.01603
1.01681
1.0167
1.01721
1.01693
1.0174
1.01705
1.01744
1.01694
1.01692
1.01617
1.01566
1.01451
1.01371
1.01212
1.01054
1.0083
1.00581
1.00277
0.999243
0.9952
0.990528
0.986281
0.980301
0.976857
0.971195
0.968208
0.964178
0.962307
0.961329
0.960863
0.962625
0.964475
0.967335
0.970624
0.974042
0.977635
0.981321
0.98449
0.987998
1.01652
1.01712
1.01706
1.01741
1.01713
1.01741
1.017
1.01723
1.01667
1.01662
1.01588
1.01531
1.01421
1.01325
1.01134
1.00969
1.00736
1.00466
1.00133
0.997532
0.993179
0.988775
0.982998
0.979123
0.972602
0.968995
0.963748
0.961113
0.958362
0.956861
0.957861
0.958309
0.960644
0.963492
0.967098
0.970859
0.974528
0.978635
0.982115
0.986032
1.01787
1.01874
1.0185
1.01916
1.0188
1.0193
1.01872
1.01903
1.01839
1.01846
1.01735
1.01676
1.01534
1.01407
1.01185
1.01021
1.0073
1.00438
1.00068
0.996462
0.99185
0.986254
0.981651
0.974619
0.970768
0.964255
0.961
0.956455
0.954414
0.953748
0.952894
0.955364
0.957906
0.961247
0.965272
0.96936
0.97354
0.97792
0.981768
0.986233
1.0195
1.01995
1.01964
1.02003
1.01967
1.01989
1.01921
1.01918
1.01841
1.01811
1.01722
1.01658
1.01514
1.01384
1.01171
1.00959
1.00632
1.00308
0.998992
0.994529
0.98916
0.984156
0.97702
0.972826
0.965184
0.961218
0.955212
0.952345
0.949425
0.947804
0.949407
0.950184
0.952786
0.956257
0.960593
0.965253
0.969572
0.9744
0.978615
0.983557
1.01985
1.02054
1.02024
1.02093
1.02062
1.02104
1.0204
1.02055
1.01963
1.01933
1.01814
1.0174
1.01569
1.01414
1.01149
1.0092
1.00569
1.00229
0.997802
0.992634
0.987286
0.980319
0.975327
0.966976
0.962481
0.955228
0.951527
0.946315
0.94416
0.943838
0.942918
0.945825
0.949427
0.953535
0.95838
0.963498
0.968394
0.973586
0.978241
0.983497
1.02274
1.02341
1.02286
1.02329
1.02262
1.02281
1.02191
1.02189
1.02055
1.02015
1.01856
1.01757
1.01565
1.01388
1.01133
1.00859
1.00461
1.00067
0.995172
0.98983
0.983065
0.977498
0.968779
0.963838
0.955112
0.950725
0.943635
0.940644
0.937674
0.935826
0.938222
0.939405
0.942538
0.94695
0.95218
0.957888
0.963237
0.96892
0.97409
0.979576
1.02286
1.02343
1.0229
1.02348
1.02274
1.02314
1.02242
1.02246
1.0213
1.02086
1.01915
1.01794
1.01562
1.0137
1.01065
1.00743
1.00317
0.998791
0.993204
0.986935
0.980777
0.972018
0.966286
0.956897
0.951169
0.943091
0.938473
0.932656
0.930444
0.930435
0.929658
0.933659
0.938208
0.943384
0.949349
0.955637
0.961741
0.967985
0.973754
0.979684
1.02615
1.02679
1.02626
1.0265
1.02556
1.02561
1.02439
1.0242
1.02265
1.02208
1.02
1.01869
1.01598
1.01359
1.00977
1.00616
1.00134
0.996257
0.989088
0.983068
0.97391
0.967738
0.957217
0.950869
0.94112
0.935369
0.927905
0.924633
0.922024
0.919564
0.92305
0.92456
0.929234
0.934629
0.941008
0.948162
0.954822
0.961674
0.968196
0.974337
1.0263
1.02688
1.02626
1.02671
1.02579
1.02597
1.02476
1.02458
1.02301
1.02229
1.02006
1.01853
1.01542
1.01286
1.00867
1.00457
0.999146
0.992706
0.986012
0.977836
0.970576
0.959872
0.953121
0.942036
0.935312
0.92641
0.9204
0.913887
0.911521
0.912194
0.912039
0.917301
0.922457
0.929659
0.937248
0.945175
0.952947
0.960606
0.968095
0.974837
1.03078
1.03121
1.03035
1.03058
1.02934
1.02918
1.02749
1.02698
1.02484
1.02372
1.02104
1.01906
1.01538
1.01208
1.00698
1.0023
0.995137
0.988848
0.979732
0.972555
0.960562
0.953434
0.940651
0.932915
0.921005
0.913992
0.905579
0.902079
0.899687
0.8972
0.901862
0.904654
0.91152
0.917755
0.925858
0.934838
0.943278
0.951746
0.9603
0.968239
1.03145
1.03157
1.03065
1.03073
1.0294
1.02927
1.02744
1.02682
1.02438
1.02312
1.02003
1.01786
1.01369
1.0099
1.00445
0.998474
0.991553
0.982954
0.975051
0.963317
0.95461
0.941808
0.932599
0.919545
0.911455
0.901303
0.89395
0.887734
0.884587
0.886637
0.887395
0.893894
0.900776
0.910909
0.920842
0.931009
0.941044
0.950693
0.960162
0.970322
1.03661
1.03659
1.03534
1.03515
1.03353
1.03305
1.03094
1.0299
1.02701
1.02513
1.02119
1.01808
1.01264
1.00829
1.00076
0.994814
0.984488
0.976956
0.963959
0.955148
0.940742
0.931021
0.915674
0.905589
0.892576
0.882309
0.873027
0.86867
0.867612
0.864972
0.871455
0.87706
0.886011
0.894034
0.904999
0.916717
0.927384
0.938523
0.949052
0.961039
1.03858
1.03813
1.03643
1.03606
1.03385
1.03329
1.0304
1.02923
1.02551
1.02336
1.01876
1.01499
1.00935
1.0032
0.996161
0.986816
0.978192
0.966013
0.955726
0.94119
0.929313
0.913493
0.899983
0.885608
0.873214
0.861248
0.853935
0.849486
0.845137
0.849177
0.852093
0.860064
0.870946
0.884662
0.897747
0.911248
0.924902
0.936849
0.949533
0.962976
1.04462
1.04394
1.04243
1.04152
1.03945
1.03813
1.03502
1.03305
1.02843
1.02569
1.01911
1.01523
1.00615
1.00066
0.988545
0.980802
0.965844
0.955506
0.938264
0.925631
0.90733
0.89258
0.874967
0.860714
0.845244
0.833969
0.824212
0.816279
0.817722
0.817218
0.826398
0.836342
0.848371
0.860238
0.875669
0.891501
0.905487
0.920574
0.93479
0.949397
1.04886
1.04831
1.04566
1.04454
1.04142
1.03915
1.03527
1.03145
1.02659
1.021
1.01493
1.00719
0.999392
0.98897
0.978765
0.965166
0.952193
0.93577
0.920187
0.901837
0.883651
0.864767
0.845711
0.828191
0.811136
0.797787
0.788429
0.788777
0.784681
0.792593
0.799001
0.810242
0.828649
0.847274
0.864983
0.884909
0.905037
0.919086
0.938531
0.954442
1.05933
1.05777
1.05372
1.05245
1.04707
1.04502
1.03791
1.03487
1.02592
1.02175
1.01072
1.0047
0.990594
0.98154
0.963772
0.950953
0.929723
0.913303
0.889681
0.869621
0.845278
0.823145
0.800358
0.780317
0.762069
0.750438
0.74401
0.73208
0.738446
0.742672
0.758511
0.774404
0.79241
0.811949
0.832937
0.852886
0.876549
0.896783
0.916391
0.94134
1.0661
1.0642
1.06177
1.057
1.05203
1.04544
1.03914
1.03118
1.02343
1.01356
1.00324
0.990059
0.975645
0.958427
0.939292
0.918616
0.895414
0.872164
0.845452
0.820356
0.791857
0.766933
0.740997
0.719661
0.701553
0.690292
0.674939
0.685321
0.687834
0.702354
0.716393
0.738281
0.768193
0.795582
0.825592
0.85025
0.879738
0.902187
0.924761
0.941942
1.10548
1.0957
1.08092
1.07296
1.0599
1.05401
1.04155
1.0353
1.02044
1.01057
0.991014
0.975895
0.951252
0.930568
0.901384
0.875756
0.842957
0.81343
0.777329
0.745386
0.709308
0.679954
0.648809
0.625193
0.606871
0.58772
0.59501
0.594371
0.604981
0.621075
0.654142
0.675231
0.708053
0.737964
0.774376
0.803391
0.840764
0.869424
0.911429
0.943251
1.08954
1.08344
1.08313
1.07969
1.07609
1.06852
1.05587
1.04026
1.01822
0.995251
0.965209
0.936141
0.899458
0.865343
0.823018
0.784733
0.738584
0.698334
0.652459
0.614182
0.571444
0.541835
0.504143
0.492106
0.463385
0.479521
0.48433
0.504485
0.535952
0.572177
0.614423
0.665903
0.711451
0.754578
0.804307
0.839313
0.879529
0.913992
0.934722
0.97482
1.31785
1.29269
1.25219
1.21765
1.16893
1.12758
1.07391
1.0298
0.972835
0.927424
0.868261
0.821948
0.760302
0.712951
0.648913
0.601329
0.535735
0.489372
0.424023
0.381815
0.327114
0.289524
0.268386
0.246599
0.263341
0.334812
0.352944
0.411838
0.470352
0.522997
0.602769
0.642657
0.735444
0.776542
0.856861
0.908422
0.973513
1.02718
1.08519
1.1283
0.999993
0.999999
1
0.999997
1
0.999997
0.999995
0.999995
0.999996
0.999995
0.999994
0.999992
0.999993
0.999995
0.999994
0.999993
0.999999
1
1.00001
1.00002
1.00002
1.00002
1.00002
1.00001
1
0.999997
0.999994
0.999997
0.999994
1
1
1
1
1
0.999999
0.99999
0.999998
0.999997
0.999999
0.999992
0.999997
1.00001
1.00001
1.00001
1
1.00001
1.00001
1.00001
1.00001
1.00001
1.00002
1.00002
1.00002
1.00002
1.00002
1.00002
1.00001
1
0.999988
0.999981
0.999977
0.999973
0.999974
0.999983
0.999987
0.999991
0.999994
0.999991
0.999997
0.999991
0.999989
0.999989
0.999988
0.999988
0.999991
1.00001
0.999995
0.999997
0.999996
0.999979
1.00001
1.00002
1.00001
1.00001
1.00001
1.00001
0.999999
0.999999
0.999998
0.999997
0.999995
0.999992
0.999993
0.999991
0.999988
0.999987
0.999999
1
1.00002
1.00002
1.00003
1.00003
1.00002
1.00001
1
1
1
1
0.99999
0.999994
0.999991
0.999991
0.999992
0.999994
0.999993
0.999978
0.99999
0.999988
0.999996
0.999969
1.00001
1.00004
1.00004
1.00004
1.00004
1.00004
1.00004
1.00005
1.00005
1.00005
1.00005
1.00005
1.00005
1.00005
1.00005
1.00004
1.00003
1.00002
0.999996
0.999982
0.999969
0.99996
0.999955
0.999956
0.999949
0.999943
0.999939
0.999938
0.999946
0.999943
0.999947
0.999947
0.999946
0.999948
0.999952
0.999974
0.999967
0.999973
0.999975
0.999949
1.00003
1.00006
1.00005
1.00004
1.00004
1.00004
1.00004
1.00003
1.00003
1.00003
1.00003
1.00002
1.00002
1.00002
1.00001
1.00001
1.00002
1.00002
1.00003
1.00003
1.00003
1.00002
1.00001
0.999998
0.999989
0.999981
0.999974
0.999963
0.999948
0.999947
0.999939
0.999941
0.999947
0.999953
0.999958
0.999947
0.999958
0.999961
0.999974
0.999931
1.00004
1.00008
1.00008
1.00008
1.00008
1.00007
1.00007
1.00007
1.00007
1.00007
1.00007
1.00007
1.00006
1.00006
1.00006
1.00005
1.00003
1.00002
0.999997
0.999981
0.999962
0.999948
0.999938
0.999931
0.999918
0.999907
0.999899
0.999899
0.999907
0.999904
0.999911
0.999911
0.999911
0.999912
0.999916
0.999935
0.999941
0.999949
0.999953
0.999897
1.00006
1.00013
1.00012
1.00012
1.00011
1.00011
1.00012
1.00011
1.00011
1.00011
1.00011
1.0001
1.0001
1.00009
1.00008
1.00008
1.00008
1.00006
1.00006
1.00005
1.00004
1.00002
0.999994
0.99997
0.999951
0.99993
0.999912
0.999889
0.999867
0.999859
0.999852
0.999856
0.999865
0.99988
0.999891
0.999897
0.999905
0.999918
0.999936
0.999868
1.00008
1.00016
1.00015
1.00014
1.00014
1.00013
1.00013
1.00013
1.00012
1.00012
1.00012
1.00012
1.00011
1.00011
1.0001
1.00008
1.00006
1.00005
1.00002
0.999996
0.999962
0.999938
0.999914
0.99989
0.999867
0.999852
0.999837
0.999834
0.999838
0.999837
0.999838
0.999841
0.999847
0.99985
0.999863
0.999871
0.999895
0.999909
0.999919
0.999832
1.00011
1.00022
1.00021
1.0002
1.0002
1.0002
1.0002
1.0002
1.0002
1.00019
1.00018
1.00018
1.00017
1.00016
1.00015
1.00014
1.00013
1.0001
1.00009
1.00006
1.00004
1.00001
0.999982
0.999949
0.999914
0.999876
0.999848
0.999818
0.999791
0.999777
0.999774
0.999776
0.99978
0.999801
0.999809
0.999839
0.999842
0.999858
0.999884
0.999776
1.00014
1.00026
1.00024
1.00024
1.00024
1.00024
1.00024
1.00023
1.00023
1.00023
1.00023
1.00022
1.00021
1.00019
1.00018
1.00015
1.00012
1.0001
1.00005
1.00002
0.999971
0.999931
0.999885
0.999846
0.999812
0.999789
0.999762
0.999745
0.99974
0.999737
0.999736
0.999744
0.999759
0.999763
0.99979
0.999789
0.999827
0.99985
0.999862
0.999739
1.00018
1.00033
1.00033
1.00032
1.00031
1.00031
1.00031
1.0003
1.0003
1.00029
1.00028
1.00026
1.00025
1.00025
1.00022
1.00022
1.00019
1.00015
1.00013
1.00009
1.00005
1.00001
0.999969
0.999916
0.999862
0.999806
0.999766
0.999729
0.999698
0.999679
0.999666
0.999666
0.99967
0.99969
0.9997
0.999749
0.999755
0.999776
0.999812
0.999679
1.00022
1.00037
1.00036
1.00036
1.00036
1.00036
1.00036
1.00036
1.00036
1.00035
1.00036
1.00035
1.00033
1.0003
1.00028
1.00023
1.00019
1.00015
1.00009
1.00003
0.999969
0.999908
0.999838
0.999786
0.999733
0.999696
0.999654
0.999623
0.999604
0.999593
0.999603
0.99961
0.99963
0.999651
0.99968
0.999685
0.999725
0.999755
0.99977
0.999603
1.00028
1.00046
1.00046
1.00045
1.00044
1.00044
1.00044
1.00044
1.00043
1.00042
1.0004
1.00038
1.00036
1.00035
1.00031
1.0003
1.00028
1.00022
1.00019
1.00014
1.00008
1
0.99994
0.999861
0.999792
0.999716
0.999658
0.999607
0.99957
0.999546
0.999516
0.999517
0.999522
0.999535
0.999563
0.999604
0.999627
0.999656
0.999697
0.99953
1.00032
1.00051
1.0005
1.0005
1.0005
1.00049
1.00049
1.00049
1.00048
1.00048
1.00048
1.00047
1.00045
1.00041
1.00039
1.00033
1.00026
1.00021
1.00013
1.00004
0.999962
0.999879
0.99979
0.999718
0.999635
0.999572
0.999514
0.999468
0.999437
0.999413
0.999428
0.999435
0.999455
0.999491
0.999511
0.999548
0.999582
0.999611
0.99963
0.999424
1.00041
1.00062
1.0006
1.00059
1.00058
1.00058
1.00058
1.00058
1.00057
1.00055
1.00053
1.00051
1.00048
1.00047
1.00042
1.0004
1.00036
1.00029
1.00024
1.00016
1.00008
0.99998
0.999884
0.999777
0.999685
0.999589
0.999505
0.999432
0.999372
0.999342
0.9993
0.999298
0.99931
0.99932
0.999372
0.999396
0.999441
0.999484
0.99953
0.999334
1.00045
1.00067
1.00066
1.00066
1.00066
1.00065
1.00065
1.00065
1.00064
1.00064
1.00063
1.00062
1.0006
1.00056
1.00053
1.00045
1.00037
1.0003
1.00019
1.00009
0.999984
0.999874
0.999759
0.999648
0.999536
0.999441
0.999353
0.999288
0.999246
0.999206
0.999216
0.999219
0.999235
0.999279
0.999294
0.999355
0.999387
0.99942
0.999446
0.999206
1.00056
1.00081
1.0008
1.00079
1.00078
1.00078
1.00078
1.00077
1.00077
1.00076
1.00076
1.00073
1.00071
1.00068
1.00062
1.00059
1.00054
1.00046
1.00038
1.00028
1.00018
1.00005
0.999909
0.999774
0.999639
0.999505
0.999392
0.999279
0.999186
0.999127
0.999068
0.999053
0.999066
0.999075
0.999128
0.999155
0.999213
0.999261
0.999314
0.999091
1.00062
1.00088
1.00088
1.00087
1.00087
1.00087
1.00087
1.00087
1.00087
1.00086
1.00087
1.00085
1.00083
1.00079
1.00075
1.00067
1.00058
1.0005
1.00037
1.00025
1.0001
0.999945
0.999789
0.999626
0.999473
0.999332
0.999194
0.9991
0.999021
0.998972
0.998964
0.998955
0.998956
0.999002
0.999037
0.999095
0.999138
0.999189
0.999222
0.998945
1.00075
1.00104
1.00103
1.00103
1.00103
1.00103
1.00104
1.00104
1.00104
1.00104
1.00103
1.00101
1.00098
1.00093
1.00088
1.00084
1.00076
1.00066
1.00056
1.00042
1.00028
1.00012
0.999946
0.999769
0.999588
0.999409
0.999259
0.999099
0.998986
0.99888
0.998802
0.998777
0.998789
0.998796
0.998833
0.998884
0.998939
0.99899
0.999054
0.99881
1.00083
1.00113
1.00113
1.00113
1.00113
1.00114
1.00115
1.00115
1.00116
1.00116
1.00115
1.00114
1.00111
1.00107
1.00102
1.00093
1.00083
1.00071
1.00057
1.00041
1.00022
1.00001
0.999806
0.999591
0.999384
0.999194
0.999009
0.998878
0.998756
0.998694
0.998654
0.998638
0.998627
0.99867
0.998723
0.998779
0.998835
0.998897
0.998936
0.998612
1.00097
1.00129
1.00128
1.00127
1.00128
1.00128
1.00128
1.00128
1.00129
1.00129
1.00127
1.00125
1.00121
1.00117
1.00111
1.00104
1.00093
1.00083
1.00067
1.0005
1.00033
1.00012
0.999902
0.999675
0.999441
0.999213
0.999014
0.99882
0.998664
0.998535
0.998458
0.998398
0.998412
0.998421
0.998462
0.998524
0.998592
0.998651
0.99872
0.998458
1.00105
1.00138
1.00137
1.00137
1.00137
1.00137
1.00137
1.00138
1.00138
1.00137
1.00136
1.00134
1.00132
1.00126
1.00117
1.00107
1.00096
1.00081
1.00064
1.00043
1.0002
0.999947
0.999681
0.999411
0.999153
0.998913
0.998674
0.998494
0.99836
0.998255
0.998181
0.998193
0.998175
0.99823
0.998294
0.998371
0.998449
0.998524
0.998575
0.998207
1.00121
1.00157
1.00156
1.00156
1.00156
1.00156
1.00157
1.00158
1.00157
1.00156
1.00154
1.00151
1.00147
1.00142
1.00135
1.00126
1.00113
1.00097
1.00079
1.00059
1.00036
1.0001
0.999827
0.999541
0.999239
0.998948
0.998714
0.99848
0.998268
0.998133
0.998049
0.997949
0.997983
0.997998
0.998049
0.998117
0.998196
0.99827
0.998341
0.998049
1.00132
1.0017
1.00169
1.0017
1.00171
1.00171
1.00172
1.00174
1.00174
1.00174
1.00174
1.00173
1.0017
1.00163
1.00155
1.00144
1.00129
1.00114
1.00093
1.00067
1.00039
1.00008
0.999747
0.999412
0.999095
0.998787
0.998458
0.998214
0.998033
0.997871
0.997769
0.997775
0.997728
0.997773
0.997855
0.997941
0.998037
0.998119
0.998187
0.997783
1.00153
1.00193
1.00193
1.00194
1.00195
1.00197
1.002
1.00202
1.00203
1.00204
1.00204
1.00203
1.00199
1.00196
1.00189
1.00178
1.00165
1.00147
1.00126
1.00102
1.00072
1.0004
1.00005
0.999665
0.999255
0.998863
0.998555
0.998231
0.997951
0.997756
0.997622
0.997495
0.997517
0.997551
0.997589
0.997678
0.997761
0.99785
0.997939
0.997621
1.00164
1.00206
1.00206
1.00207
1.00208
1.0021
1.00213
1.00215
1.00216
1.00217
1.00219
1.00218
1.00214
1.0021
1.00201
1.0019
1.00174
1.00154
1.0013
1.001
1.00067
1.00028
0.999875
0.999452
0.999056
0.998661
0.998235
0.997915
0.997658
0.997448
0.997296
0.997269
0.997223
0.997235
0.99734
0.997432
0.997552
0.997655
0.99773
0.997308
1.00184
1.00227
1.00227
1.00227
1.00229
1.0023
1.00233
1.00235
1.00236
1.00236
1.00236
1.00234
1.00231
1.00225
1.00216
1.00204
1.00188
1.00167
1.0014
1.0011
1.00075
1.00035
0.999924
0.99947
0.998963
0.998472
0.998106
0.997719
0.9974
0.997157
0.997026
0.996896
0.996902
0.99698
0.997029
0.997134
0.997247
0.997355
0.997467
0.997113
1.00195
1.00239
1.00239
1.00239
1.0024
1.00242
1.00244
1.00245
1.00246
1.00247
1.00248
1.00245
1.00241
1.00233
1.00224
1.00208
1.00188
1.00164
1.00136
1.00101
1.00061
1.00016
0.999663
0.999147
0.998692
0.99825
0.997719
0.997336
0.997012
0.996801
0.996596
0.996568
0.996553
0.996572
0.996702
0.996843
0.996993
0.997125
0.997216
0.996777
1.00217
1.00264
1.00264
1.00265
1.00266
1.00269
1.00272
1.00274
1.00277
1.00278
1.00278
1.00276
1.00274
1.00268
1.00259
1.00246
1.00228
1.00204
1.00175
1.00138
1.00096
1.00049
0.999969
0.999411
0.998767
0.998146
0.99771
0.99722
0.996854
0.996519
0.996399
0.996249
0.996252
0.996329
0.996418
0.996546
0.996691
0.996835
0.996974
0.996584
1.00233
1.00282
1.00283
1.00285
1.00287
1.00291
1.00294
1.00298
1.00301
1.00305
1.00306
1.00307
1.00303
1.00298
1.00287
1.00272
1.00253
1.00225
1.00192
1.00152
1.00104
1.0005
0.999922
0.999304
0.998749
0.998195
0.997522
0.997057
0.99661
0.996348
0.996055
0.996005
0.995959
0.996013
0.996142
0.996307
0.99649
0.996647
0.996756
0.996306
1.00257
1.00309
1.0031
1.00312
1.00315
1.00319
1.00323
1.00327
1.0033
1.00334
1.00335
1.00336
1.00333
1.00328
1.00319
1.00304
1.00284
1.00257
1.00222
1.00178
1.00129
1.00073
1.0001
0.999432
0.998658
0.997907
0.997358
0.996726
0.996317
0.995943
0.995811
0.995627
0.995669
0.995718
0.995836
0.996004
0.996188
0.996377
0.996545
0.996112
1.00269
1.00322
1.00322
1.00324
1.00327
1.00331
1.00335
1.00339
1.00343
1.00348
1.00348
1.00348
1.00344
1.00338
1.00328
1.00311
1.00288
1.00257
1.0022
1.00174
1.00119
1.00057
0.999867
0.999129
0.998454
0.997784
0.996994
0.996482
0.995934
0.99557
0.995264
0.995213
0.995159
0.995284
0.995439
0.995656
0.995889
0.996097
0.996247
0.995793
1.00292
1.00347
1.00348
1.0035
1.00352
1.00357
1.00361
1.00365
1.0037
1.00372
1.00374
1.00375
1.00372
1.00366
1.00356
1.0034
1.00317
1.00287
1.00248
1.002
1.00141
1.00074
1
0.999205
0.998293
0.997399
0.99674
0.995944
0.995433
0.99506
0.994845
0.994734
0.994781
0.994875
0.995067
0.995288
0.995544
0.99579
0.996001
0.995552
1.00307
1.00364
1.00365
1.00367
1.0037
1.00376
1.00381
1.00387
1.00393
1.00398
1.00401
1.00402
1.00401
1.00395
1.00383
1.00366
1.00343
1.00309
1.00268
1.00215
1.00154
1.00082
1.00001
0.99913
0.998308
0.997483
0.996513
0.995894
0.995265
0.994795
0.99454
0.994402
0.994407
0.994518
0.994735
0.99501
0.9953
0.995576
0.995755
0.995278
1.00336
1.00396
1.00397
1.004
1.00403
1.00409
1.00415
1.00421
1.00428
1.00433
1.00437
1.00438
1.00435
1.00431
1.00422
1.00405
1.00381
1.00348
1.00302
1.00244
1.00176
1.00096
1.00009
0.999153
0.998085
0.997087
0.996345
0.995397
0.994755
0.994309
0.99406
0.993968
0.993981
0.994135
0.994392
0.994705
0.99504
0.995344
0.99561
0.995124
1.00351
1.00412
1.00414
1.00416
1.00421
1.00427
1.00434
1.00441
1.00449
1.00456
1.00462
1.00463
1.00464
1.00458
1.00447
1.0043
1.00403
1.00364
1.00318
1.0026
1.00191
1.00111
1.00016
0.99912
0.998162
0.997107
0.99591
0.995217
0.994466
0.993928
0.993645
0.993506
0.993567
0.993759
0.994025
0.994385
0.994756
0.995105
0.995335
0.994834
1.00377
1.0044
1.00441
1.00443
1.00447
1.00455
1.00462
1.00469
1.00478
1.00483
1.00488
1.00491
1.00489
1.00483
1.00474
1.00458
1.00434
1.00398
1.00348
1.00281
1.00202
1.00112
1.00011
0.999069
0.99778
0.996609
0.995783
0.994602
0.993838
0.993307
0.993047
0.992951
0.993018
0.993209
0.993574
0.994017
0.994455
0.994845
0.995149
0.994664
1.0039
1.00455
1.00456
1.00459
1.00464
1.00472
1.0048
1.00488
1.00498
1.00506
1.00514
1.00518
1.00518
1.00515
1.00504
1.00487
1.00458
1.00417
1.00363
1.00299
1.00219
1.00125
1.00019
0.998947
0.997874
0.996631
0.995208
0.994419
0.993503
0.992893
0.992579
0.992474
0.992554
0.992836
0.993233
0.99372
0.994221
0.994651
0.994941
0.994396
1.00428
1.00494
1.00493
1.00495
1.00501
1.0051
1.00519
1.00529
1.0054
1.00549
1.00556
1.00561
1.00561
1.00556
1.00547
1.0053
1.00503
1.00463
1.00408
1.00337
1.00251
1.00147
1.00031
0.999096
0.997536
0.996168
0.995144
0.993756
0.992902
0.992246
0.991918
0.991862
0.991974
0.992326
0.992827
0.993402
0.993963
0.994454
0.994788
0.99429
1.0041
1.00487
1.00497
1.00501
1.00507
1.00516
1.00525
1.00536
1.00547
1.00557
1.00566
1.00572
1.00574
1.00572
1.00564
1.00546
1.00518
1.00475
1.00417
1.00343
1.00252
1.00144
1.00021
0.998812
0.997583
0.996168
0.994552
0.993607
0.992408
0.991737
0.991455
0.991361
0.991519
0.991911
0.992491
0.993156
0.993784
0.994312
0.994632
0.993988
1.01073
1.00878
1.0087
1.00913
1.00936
1.00945
1.00971
1.00967
1.01008
1.00993
1.01028
1.00998
1.01018
1.00971
1.00974
1.00886
1.00872
1.00751
1.0067
1.0053
1.00386
1.00211
1.00104
1.00137
1.00271
1.01139
1.02109
1.00826
0.921869
0.890175
0.91641
0.939824
0.968953
0.995234
1.0071
1.01952
1.0271
1.02987
1.03238
1.03119
1.01101
1.00805
1.0085
1.00856
1.00872
1.00881
1.00896
1.00889
1.00913
1.00901
1.00919
1.00887
1.00898
1.00843
1.00839
1.00763
1.00737
1.00634
1.00558
1.00445
1.00306
1.0018
1.00106
1.00158
1.00334
1.01088
1.0175
1.00872
0.952521
0.919536
0.928046
0.94415
0.965613
0.986932
0.999023
1.00917
1.01651
1.02022
1.02345
1.02191
1.01104
1.0078
1.0084
1.00764
1.00805
1.00807
1.00815
1.00809
1.00833
1.00818
1.0083
1.00805
1.00811
1.00763
1.00754
1.00685
1.00634
1.00549
1.00466
1.00361
1.00245
1.00152
1.0007
1.00123
1.00287
1.0067
1.01016
1.00381
0.9704
0.946912
0.945598
0.95389
0.96774
0.98251
0.994096
1.00287
1.0096
1.01303
1.01667
1.01653
1.01079
1.00756
1.008
1.00696
1.00756
1.00734
1.00753
1.00751
1.0075
1.00741
1.00753
1.0073
1.0072
1.00678
1.00661
1.00599
1.00546
1.00473
1.00388
1.00288
1.00191
1.00122
1.00049
1.00087
1.00169
1.00274
1.00345
0.999953
0.980318
0.965587
0.961283
0.964752
0.973141
0.982099
0.990961
0.998459
1.00456
1.00876
1.01114
1.01197
1.01011
1.00708
1.00735
1.0066
1.0072
1.00673
1.00707
1.00691
1.00682
1.00681
1.00681
1.00662
1.00645
1.00603
1.00566
1.00509
1.00467
1.00415
1.00346
1.00257
1.00175
1.0012
1.00062
1.00066
1.00049
1.00027
0.999168
0.996003
0.985802
0.976739
0.972573
0.973697
0.978888
0.984571
0.989754
0.995473
1.00028
1.00511
1.00637
1.00695
1.00902
1.00644
1.00677
1.0062
1.00667
1.00627
1.00659
1.00635
1.0064
1.00634
1.00622
1.00603
1.00585
1.00547
1.00508
1.00463
1.00429
1.00386
1.00323
1.0025
1.00184
1.00138
1.00076
1.00047
0.999755
0.998829
0.997208
0.994512
0.988723
0.983134
0.979775
0.98012
0.983473
0.988014
0.990576
0.994241
0.997226
1.00111
1.00273
1.00312
1.00876
1.00589
1.00615
1.00546
1.00603
1.00577
1.00605
1.00592
1.00595
1.00582
1.00566
1.00551
1.0054
1.00519
1.00494
1.00461
1.00417
1.00361
1.00295
1.00238
1.00182
1.00127
1.0005
0.999997
0.999098
0.997972
0.996357
0.994038
0.990489
0.987092
0.984516
0.984721
0.986827
0.991137
0.99238
0.994467
0.995729
0.99781
1.00008
1.0008
1.00869
1.00538
1.00559
1.00466
1.00548
1.00512
1.00547
1.00535
1.00537
1.00527
1.00521
1.00518
1.00509
1.00488
1.00465
1.00431
1.00378
1.00318
1.00258
1.00214
1.0016
1.00092
1.00006
0.999477
0.998608
0.997527
0.996052
0.994119
0.991801
0.989866
0.987932
0.988092
0.989206
0.993225
0.994043
0.995584
0.99537
0.996081
0.997601
0.998757
1.00841
1.00459
1.00502
1.00407
1.00497
1.00443
1.00486
1.00464
1.00472
1.00469
1.00472
1.00474
1.00456
1.00426
1.00396
1.00367
1.00322
1.00267
1.00213
1.00176
1.00129
1.00062
0.999831
0.999228
0.998435
0.997454
0.996109
0.994526
0.992894
0.991846
0.990316
0.990506
0.990796
0.994405
0.995106
0.996895
0.995486
0.996225
0.995143
0.996748
1.00756
1.00345
1.0044
1.00357
1.00448
1.00386
1.00445
1.00417
1.00444
1.00438
1.00448
1.00441
1.00417
1.00384
1.00351
1.00331
1.00294
1.0023
1.0017
1.0014
1.00103
1.00046
0.999789
0.99918
0.998447
0.99757
0.9964
0.995149
0.993881
0.993265
0.991955
0.992271
0.991929
0.99508
0.995505
0.997924
0.995636
0.997463
0.992998
0.995224
1.00524
1.00277
1.00397
1.00317
1.00405
1.00353
1.00432
1.00409
1.00455
1.00454
1.0047
1.00452
1.00422
1.00381
1.00344
1.00326
1.00287
1.0021
1.00146
1.00118
1.00086
1.00038
0.999784
0.999181
0.998506
0.997732
0.996823
0.995907
0.994841
0.994394
0.993263
0.993701
0.992985
0.99557
0.995532
0.998543
0.995686
0.998626
0.991335
0.994411
1.00228
1.00281
1.00389
1.00296
1.00372
1.00334
1.00428
1.00412
1.00471
1.00465
1.00485
1.00458
1.0042
1.0037
1.00328
1.00307
1.00269
1.00194
1.00138
1.00112
1.00079
1.00036
0.99981
0.999233
0.998616
0.997916
0.997291
0.996671
0.99575
0.995354
0.994415
0.994916
0.994111
0.996176
0.995587
0.998934
0.995935
0.999373
0.990881
0.992415
0.999008
1.00328
1.00398
1.003
1.00346
1.00314
1.00412
1.00399
1.00451
1.00436
1.00458
1.00428
1.00388
1.00333
1.00292
1.0027
1.00236
1.00176
1.00133
1.00108
1.00074
1.00035
0.999861
0.999329
0.998756
0.998102
0.997711
0.99731
0.996528
0.996124
0.995382
0.995878
0.995214
0.996928
0.995855
0.999187
0.996587
1.00006
0.992158
0.987018
0.995931
1.00433
1.00415
1.00328
1.00317
1.00303
1.0038
1.00378
1.00413
1.00396
1.00409
1.00381
1.00347
1.00298
1.00262
1.00239
1.00207
1.00163
1.00129
1.00101
1.00067
1.00032
0.999878
0.999397
0.998871
0.998261
0.998036
0.997776
0.997136
0.99671
0.996163
0.996553
0.996172
0.997464
0.996658
0.999191
0.997775
1.0002
0.996853
0.980996
0.994268
1.00508
1.00385
1.00348
1.00286
1.00302
1.00352
1.0036
1.00381
1.00366
1.00373
1.00349
1.0032
1.00279
1.00245
1.00218
1.00187
1.00155
1.00125
1.00093
1.00057
1.00025
0.999853
0.999422
0.998954
0.998406
0.998282
0.998091
0.997598
0.997162
0.99681
0.996996
0.99696
0.997623
0.997598
0.998938
0.998877
0.999665
1.00055
0.977146
0.994174
1.00543
1.0033
1.00351
1.00256
1.003
1.00324
1.00342
1.00347
1.00339
1.00338
1.0032
1.00295
1.00258
1.00226
1.00198
1.0017
1.00147
1.00118
1.00084
1.00049
1.00018
0.999823
0.999442
0.999039
0.998561
0.998481
0.998305
0.997952
0.997518
0.997353
0.997301
0.997592
0.997629
0.998417
0.998363
0.999666
0.997961
1.00225
0.976787
0.995074
1.00542
1.00271
1.00344
1.00228
1.00294
1.00292
1.00317
1.00309
1.00308
1.00299
1.00286
1.00265
1.00233
1.00204
1.00176
1.00151
1.00135
1.00109
1.00075
1.00042
1.00013
0.999809
0.999472
0.999129
0.99872
0.998646
0.998454
0.998219
0.99779
0.997784
0.997513
0.998042
0.997609
0.998859
0.997754
0.999976
0.9963
1.0027
0.979243
0.996468
1.00513
1.00215
1.00333
1.00203
1.00288
1.00258
1.00292
1.00271
1.00277
1.00262
1.00253
1.00234
1.00208
1.00182
1.00157
1.00136
1.00121
1.00097
1.00067
1.00037
1.0001
0.999806
0.999507
0.999214
0.998865
0.998781
0.998565
0.998421
0.997994
0.998107
0.997658
0.998324
0.997554
0.998982
0.997153
0.999971
0.995069
1.00249
0.983265
0.997908
1.00431
1.00176
1.0031
1.00184
1.00278
1.00225
1.00268
1.0024
1.00251
1.00233
1.00227
1.00209
1.00187
1.00164
1.00142
1.00123
1.00109
1.00086
1.00058
1.00031
1.00006
0.999807
0.999539
0.999285
0.998986
0.998888
0.998654
0.998573
0.998149
0.998339
0.997756
0.998488
0.997451
0.998983
0.996657
0.999787
0.994597
1.00137
0.98742
0.999024
1.00356
1.00159
1.00286
1.00174
1.0026
1.00201
1.00248
1.00215
1.00229
1.00209
1.00205
1.00188
1.0017
1.00149
1.0013
1.00112
1.00098
1.00076
1.00052
1.00028
1.00004
0.999814
0.999574
0.99935
0.999091
0.998982
0.998742
0.998697
0.998279
0.998507
0.997846
0.998588
0.997374
0.998927
0.99652
0.999432
0.994798
1.00025
0.990679
0.999764
1.00295
1.00152
1.00262
1.00166
1.00242
1.00184
1.00227
1.00194
1.00209
1.00189
1.00185
1.0017
1.00154
1.00136
1.00118
1.00102
1.00087
1.00068
1.00046
1.00024
1.00003
0.999819
0.999603
0.999402
0.999176
0.999058
0.998821
0.998794
0.998392
0.998625
0.997947
0.99865
0.997405
0.998857
0.996631
0.999148
0.99545
0.999386
0.992952
1.00021
1.00247
1.00149
1.00237
1.0016
1.00222
1.00172
1.00208
1.00178
1.0019
1.00172
1.00168
1.00154
1.00141
1.00124
1.00109
1.00094
1.00079
1.00061
1.00041
1.00022
1.00003
0.999835
0.999639
0.999455
0.999255
0.99913
0.998908
0.99888
0.998508
0.998719
0.998077
0.998699
0.997554
0.998796
0.996914
0.998884
0.996073
0.998784
0.994486
1.00045
1.00213
1.00147
1.00213
1.00154
1.00203
1.00162
1.0019
1.00164
1.00173
1.00157
1.00152
1.0014
1.00128
1.00113
1.00099
1.00085
1.00071
1.00054
1.00037
1.00019
1.00001
0.999837
0.999659
0.99949
0.999311
0.999184
0.99898
0.998943
0.998611
0.998782
0.998207
0.998723
0.997741
0.998735
0.997206
0.998699
0.996638
0.998453
0.995517
1.00055
1.00189
1.00145
1.00193
1.00149
1.00186
1.00153
1.00174
1.00153
1.00159
1.00145
1.0014
1.00129
1.00118
1.00105
1.00092
1.00079
1.00065
1.0005
1.00034
1.00018
1.00002
0.999855
0.999692
0.999536
0.999375
0.999247
0.999065
0.999013
0.998725
0.998848
0.998355
0.998756
0.997943
0.998704
0.997507
0.9986
0.997126
0.998314
0.996221
1.00057
1.0017
1.00141
1.00174
1.00142
1.00169
1.00144
1.00158
1.00141
1.00144
1.00133
1.00127
1.00117
1.00107
1.00095
1.00083
1.00071
1.00058
1.00044
1.0003
1.00015
1
0.999852
0.999703
0.999559
0.999412
0.999285
0.999125
0.999058
0.998817
0.99889
0.998486
0.998779
0.998132
0.998696
0.997785
0.998564
0.997519
0.998287
0.996707
1.00054
1.00156
1.00137
1.00159
1.00137
1.00155
1.00136
1.00146
1.00133
1.00133
1.00123
1.00117
1.00108
1.00099
1.00089
1.00078
1.00066
1.00054
1.00041
1.00028
1.00015
1.00001
0.999872
0.999734
0.9996
0.999466
0.999344
0.999202
0.999122
0.998924
0.998951
0.998628
0.998824
0.998321
0.998716
0.998038
0.998577
0.997843
0.998304
0.997061
1.00049
1.00144
1.00131
1.00146
1.0013
1.00141
1.00128
1.00133
1.00123
1.00121
1.00113
1.00107
1.00099
1.0009
1.0008
1.0007
1.00059
1.00048
1.00036
1.00024
1.00012
0.999992
0.999866
0.99974
0.999616
0.999492
0.999377
0.999251
0.999164
0.999002
0.998993
0.998743
0.99886
0.998482
0.998744
0.998251
0.998609
0.998105
0.998383
0.997313
1.00043
1.00133
1.00125
1.00134
1.00123
1.0013
1.00121
1.00123
1.00115
1.00112
1.00105
1.00099
1.00092
1.00084
1.00075
1.00065
1.00056
1.00045
1.00034
1.00023
1.00012
1
0.999885
0.999768
0.999653
0.999539
0.999429
0.999316
0.999225
0.999091
0.999054
0.99886
0.998916
0.998636
0.998796
0.998446
0.998676
0.998338
0.99851
0.997511
1.00036
1.00124
1.00119
1.00124
1.00117
1.0012
1.00113
1.00113
1.00107
1.00103
1.00097
1.00091
1.00084
1.00076
1.00068
1.00059
1.0005
1.00041
1.00031
1.0002
1.0001
0.99999
0.999882
0.999775
0.999668
0.999563
0.999462
0.999359
0.99927
0.999159
0.999104
0.998958
0.998967
0.998765
0.99885
0.998604
0.998736
0.998508
0.998608
0.997662
1.00029
1.00116
1.00112
1.00114
1.0011
1.00111
1.00106
1.00104
1.00099
1.00095
1.0009
1.00084
1.00078
1.00071
1.00063
1.00055
1.00047
1.00038
1.00028
1.00019
1.00009
0.999993
0.999894
0.999794
0.999696
0.999599
0.999504
0.999409
0.999323
0.999226
0.999162
0.999048
0.999028
0.998883
0.998916
0.998746
0.998817
0.998663
0.998717
0.997815
1.00022
1.00109
1.00107
1.00107
1.00104
1.00104
1.001
1.00097
1.00093
1.00089
1.00084
1.00078
1.00072
1.00066
1.00058
1.00051
1.00043
1.00035
1.00026
1.00017
1.00008
0.999991
0.999899
0.999807
0.999716
0.999626
0.999538
0.999451
0.99937
0.999285
0.999219
0.999128
0.999089
0.998982
0.998979
0.998859
0.998885
0.99878
0.998806
0.997936
1.00015
1.001
1.00099
1.00099
1.00096
1.00095
1.00092
1.00089
1.00085
1.00082
1.00077
1.00072
1.00066
1.0006
1.00053
1.00046
1.00039
1.00031
1.00023
1.00015
1.00007
0.999987
0.999903
0.999819
0.999735
0.999652
0.99957
0.999491
0.999416
0.99934
0.999275
0.999199
0.999152
0.999073
0.999054
0.998972
0.998974
0.998905
0.998915
0.998054
1.0001
1.00095
1.00094
1.00093
1.00091
1.0009
1.00087
1.00084
1.0008
1.00077
1.00072
1.00067
1.00062
1.00056
1.0005
1.00044
1.00037
1.0003
1.00022
1.00015
1.00007
0.999991
0.999912
0.999833
0.999755
0.999677
0.999602
0.999528
0.999457
0.999387
0.999325
0.999259
0.99921
0.999146
0.999115
0.999055
0.999045
0.999001
0.998999
0.998136
1.00002
1.00087
1.00087
1.00086
1.00084
1.00082
1.0008
1.00077
1.00074
1.0007
1.00066
1.00062
1.00057
1.00051
1.00046
1.0004
1.00033
1.00027
1.0002
1.00013
1.00006
0.999988
0.999916
0.999844
0.999773
0.999703
0.999634
0.999567
0.999503
0.999441
0.999384
0.999327
0.99928
0.999228
0.999194
0.999149
0.99913
0.999101
0.999092
0.998225
0.99998
1.00083
1.00082
1.00081
1.00079
1.00078
1.00075
1.00073
1.0007
1.00066
1.00062
1.00058
1.00053
1.00048
1.00043
1.00037
1.00031
1.00025
1.00019
1.00012
1.00006
0.999989
0.999921
0.999854
0.999787
0.999721
0.999656
0.999593
0.999533
0.999474
0.99942
0.999367
0.99932
0.999275
0.999242
0.999206
0.999183
0.999161
0.999149
0.998299
0.999913
1.00076
1.00076
1.00075
1.00073
1.00071
1.00069
1.00067
1.00064
1.00061
1.00057
1.00053
1.00049
1.00044
1.00039
1.00034
1.00029
1.00023
1.00017
1.00011
1.00005
0.999993
0.999931
0.99987
0.999809
0.999749
0.999691
0.999634
0.999579
0.999527
0.999478
0.999431
0.999389
0.999349
0.999315
0.999284
0.999261
0.999241
0.99923
0.998398
0.999874
1.00073
1.00072
1.00071
1.0007
1.00068
1.00066
1.00063
1.00061
1.00057
1.00054
1.0005
1.00046
1.00042
1.00037
1.00032
1.00027
1.00022
1.00016
1.00011
1.00005
0.99999
0.999932
0.999875
0.999817
0.999761
0.999706
0.999652
0.999601
0.999552
0.999506
0.999462
0.999423
0.999386
0.999354
0.999325
0.999302
0.999282
0.999271
0.998467
0.999813
1.00066
1.00066
1.00065
1.00064
1.00062
1.0006
1.00058
1.00055
1.00052
1.00049
1.00046
1.00042
1.00038
1.00034
1.00029
1.00025
1.0002
1.00015
1.0001
1.00005
0.999994
0.999942
0.99989
0.999838
0.999787
0.999738
0.999689
0.999643
0.999598
0.999556
0.999517
0.999481
0.999449
0.99942
0.999394
0.999374
0.999354
0.999345
0.998551
0.999786
1.00064
1.00063
1.00062
1.00061
1.00059
1.00058
1.00055
1.00053
1.0005
1.00047
1.00044
1.0004
1.00036
1.00032
1.00028
1.00024
1.00019
1.00014
1.00009
1.00004
0.999995
0.999944
0.999895
0.999845
0.999797
0.999749
0.999703
0.999659
0.999617
0.999578
0.999541
0.999507
0.999476
0.999449
0.999425
0.999406
0.999387
0.999379
0.998586
0.99972
1.00057
1.00056
1.00056
1.00054
1.00053
1.00051
1.00049
1.00047
1.00045
1.00042
1.00039
1.00036
1.00032
1.00029
1.00025
1.00021
1.00017
1.00013
1.00009
1.00004
0.999998
0.999954
0.99991
0.999867
0.999825
0.999784
0.999744
0.999705
0.999669
0.999634
0.999603
0.999573
0.999547
0.999523
0.999503
0.999487
0.999472
0.999464
0.998661
)
;

boundaryField
{
    FrontBack
    {
        type            empty;
    }
    Cylinder
    {
        type            calculated;
        value           uniform 0;
    }
    Bottom
    {
        type            calculated;
        value           uniform 0;
    }
    Top
    {
        type            calculated;
        value           uniform 0;
    }
    Inlet
    {
        type            calculated;
        value           uniform 1;
    }
    Outlet
    {
        type            calculated;
        value           nonuniform List<scalar> 
40
(
0.99972
1.00057
1.00056
1.00056
1.00054
1.00053
1.00051
1.00049
1.00047
1.00045
1.00042
1.00039
1.00036
1.00032
1.00029
1.00025
1.00021
1.00017
1.00013
1.00009
1.00004
0.999998
0.999954
0.99991
0.999867
0.999825
0.999784
0.999744
0.999705
0.999669
0.999634
0.999603
0.999573
0.999547
0.999523
0.999503
0.999487
0.999472
0.999464
0.998661
)
;
    }
}


// ************************************************************************* //
