/*--------------------------------*- C++ -*----------------------------------*\
  =========                 |
  \\      /  F ield         | OpenFOAM: The Open Source CFD Toolbox
   \\    /   O peration     | Website:  https://openfoam.org
    \\  /    A nd           | Version:  11
     \\/     M anipulation  |
\*---------------------------------------------------------------------------*/
FoamFile
{
    format      ascii;
    class       volScalarField;
    location    "0.5";
    object      mag(U);
}
// * * * * * * * * * * * * * * * * * * * * * * * * * * * * * * * * * * * * * //

dimensions      [0 1 -1 0 0 0 0];

internalField   nonuniform List<scalar> 
9600
(
0.943506
0.870921
0.880775
0.933036
0.969678
0.990269
1.00177
1.00954
1.01602
1.02138
1.02603
1.0302
1.03396
1.03715
1.03962
1.04138
1.04268
1.04389
1.04499
1.04568
1.04561
1.04472
1.04337
1.04187
1.04044
1.03896
1.03711
1.03478
1.03189
1.02867
1.02537
1.0221
1.019
1.01573
1.01266
1.00881
1.00458
0.993615
0.98687
0.881817
0.973654
0.970212
0.992692
1.00597
1.00033
0.996353
0.995932
0.998263
1.00136
1.00463
1.00812
1.01144
1.01463
1.01742
1.01957
1.02113
1.02232
1.02345
1.02452
1.02506
1.02491
1.02419
1.02294
1.02149
1.0202
1.01895
1.01731
1.01514
1.01229
1.00915
1.00565
1.00232
0.999342
0.996104
0.993781
0.987847
0.988377
0.979538
0.987567
0.974371
0.974349
0.942465
0.946314
0.95511
0.972566
0.98974
1.00272
1.01182
1.01815
1.02315
1.02749
1.03135
1.0347
1.03743
1.03946
1.04088
1.042
1.04323
1.04441
1.04531
1.04534
1.04425
1.04283
1.04158
1.04041
1.03924
1.03779
1.03588
1.03347
1.03055
1.0277
1.02445
1.02153
1.01713
1.01512
1.0088
1.00348
0.989009
0.972355
0.939997
0.995686
0.996294
1.01189
1.02459
1.02066
1.01338
1.00798
1.00546
1.00586
1.00801
1.01077
1.01391
1.01713
1.01995
1.02216
1.02374
1.02488
1.02595
1.02702
1.02743
1.02723
1.02679
1.0257
1.02419
1.02288
1.02166
1.01998
1.01778
1.01493
1.01164
1.00832
1.00525
1.00322
0.999909
1.00003
0.99684
0.998615
0.999884
1.0077
0.996687
1.00303
0.982514
0.98158
0.972271
0.975228
0.988047
1.00013
1.00989
1.01763
1.02324
1.02742
1.03113
1.03416
1.03654
1.03819
1.03931
1.04025
1.04137
1.04249
1.04359
1.04384
1.04254
1.04098
1.03986
1.03881
1.03788
1.03671
1.03514
1.03323
1.03084
1.02819
1.02476
1.02158
1.01675
1.01306
1.007
0.997801
0.979355
0.973514
0.958065
1.006
1.00144
1.0107
1.02022
1.02235
1.02143
1.01789
1.01423
1.01184
1.01166
1.01369
1.01684
1.01999
1.02283
1.0251
1.02684
1.02811
1.0292
1.03031
1.03056
1.03003
1.02995
1.02916
1.0276
1.02604
1.0248
1.02306
1.02068
1.01766
1.01421
1.0111
1.00837
1.00698
1.00488
1.00588
1.00541
1.00773
1.00929
1.01466
1.00105
1.00898
0.997417
1.00004
0.993402
0.985617
0.989976
0.9992
1.00844
1.01639
1.02274
1.02739
1.03093
1.03374
1.03588
1.03731
1.03816
1.039
1.03999
1.04112
1.04225
1.0425
1.04141
1.03978
1.03856
1.0376
1.03681
1.03581
1.0345
1.03288
1.03088
1.02842
1.0246
1.0209
1.01557
1.01011
1.00282
0.993278
0.981578
0.982997
0.976352
1.01058
1.00452
1.01173
1.01733
1.01866
1.02171
1.02151
1.01967
1.01701
1.0157
1.01642
1.01978
1.02288
1.02566
1.02816
1.03012
1.03163
1.0327
1.03401
1.03414
1.03337
1.03327
1.03297
1.03136
1.02976
1.0283
1.02633
1.02374
1.02035
1.01683
1.01386
1.01177
1.01105
1.00952
1.01052
1.01114
1.01309
1.01016
1.01149
0.998682
1.01288
1.00704
1.01091
1.00863
0.998859
0.996756
1.00112
1.00814
1.01553
1.02198
1.02705
1.03091
1.03357
1.03556
1.03699
1.03779
1.03851
1.03933
1.0404
1.04144
1.0419
1.04102
1.03925
1.03807
1.0371
1.03599
1.03492
1.03391
1.03247
1.03064
1.02821
1.02426
1.01997
1.01363
1.00799
0.999774
0.995043
0.98924
0.993122
0.988524
1.01374
1.00908
1.01384
1.01537
1.015
1.01776
1.02128
1.02194
1.02058
1.01946
1.01982
1.02264
1.02595
1.02872
1.03132
1.03337
1.03514
1.03627
1.03767
1.03764
1.03706
1.0367
1.03643
1.03523
1.03331
1.03146
1.02939
1.02667
1.02319
1.01951
1.01661
1.0149
1.01485
1.01378
1.01421
1.01391
1.01353
1.0071
1.00648
0.997066
1.01372
1.0103
1.01489
1.01507
1.00892
1.00517
1.00649
1.01063
1.01615
1.0218
1.02687
1.03093
1.0337
1.03578
1.03734
1.03828
1.03912
1.03991
1.04086
1.04185
1.04215
1.04146
1.0399
1.03842
1.0371
1.03587
1.03477
1.03358
1.03218
1.0302
1.02777
1.02367
1.01891
1.01244
1.00789
1.00195
1.00032
0.997118
1.00058
0.995501
1.01402
1.01143
1.01614
1.01659
1.01356
1.01456
1.01872
1.02196
1.02216
1.02238
1.02326
1.02603
1.02914
1.03199
1.03462
1.03669
1.03853
1.03985
1.04114
1.04162
1.04067
1.0403
1.03985
1.03848
1.03652
1.03457
1.03256
1.02973
1.0263
1.02253
1.01942
1.01786
1.01775
1.01659
1.01642
1.01486
1.01138
1.0038
1.00394
0.997724
1.01349
1.01187
1.01657
1.01769
1.01354
1.01128
1.01242
1.01479
1.0187
1.02315
1.02763
1.03141
1.03423
1.03656
1.03845
1.03976
1.04091
1.04195
1.04274
1.04357
1.04386
1.04318
1.04173
1.04019
1.03852
1.03677
1.03529
1.03369
1.03199
1.02984
1.02727
1.0233
1.01841
1.01301
1.00961
1.00726
1.00615
1.00209
1.00353
0.9986
1.01293
1.01236
1.01706
1.0188
1.01455
1.01384
1.01719
1.02131
1.02302
1.02451
1.02662
1.02925
1.03229
1.03539
1.03809
1.04027
1.04198
1.0433
1.04449
1.04517
1.04462
1.0439
1.04302
1.04155
1.03972
1.03769
1.03556
1.03264
1.02924
1.02557
1.02229
1.02037
1.01991
1.01853
1.01656
1.01327
1.00925
1.00372
1.00422
0.999698
1.01237
1.01287
1.01759
1.01972
1.01599
1.01439
1.01634
1.01913
1.02178
1.0251
1.02871
1.03211
1.03528
1.03808
1.04048
1.04239
1.04377
1.04514
1.04607
1.04684
1.04693
1.04609
1.04486
1.04316
1.0413
1.03921
1.03706
1.03462
1.0323
1.02979
1.02709
1.02324
1.01903
1.01508
1.0133
1.01153
1.00927
1.00429
1.0046
1.00057
1.01356
1.01389
1.01833
1.02082
1.01746
1.01567
1.01814
1.0217
1.02378
1.02617
1.02907
1.03221
1.03572
1.03909
1.04187
1.044
1.0457
1.04728
1.04838
1.04928
1.04895
1.04782
1.04672
1.04503
1.04303
1.04086
1.03853
1.03564
1.03236
1.02872
1.02518
1.02254
1.02135
1.01875
1.01584
1.01282
1.01006
1.00493
1.00496
1.00132
1.01408
1.01411
1.01826
1.02096
1.01764
1.01593
1.0183
1.02169
1.02413
1.02727
1.0306
1.03402
1.03761
1.04093
1.04372
1.04604
1.04796
1.04969
1.05067
1.05167
1.05144
1.04997
1.04881
1.0471
1.04492
1.04267
1.04018
1.03713
1.0339
1.03073
1.0278
1.02387
1.02061
1.01784
1.01601
1.0133
1.01068
1.00563
1.00539
1.0021
1.0134
1.01376
1.01789
1.02133
1.01836
1.01641
1.01867
1.02269
1.02538
1.02833
1.03157
1.03514
1.03905
1.04271
1.04577
1.04834
1.05042
1.05237
1.0533
1.05425
1.05438
1.05261
1.05132
1.04957
1.04707
1.0446
1.04198
1.03884
1.0353
1.03161
1.02799
1.02449
1.02208
1.01891
1.01673
1.01378
1.01121
1.00626
1.00578
1.00288
1.01261
1.01309
1.01715
1.02144
1.01895
1.01702
1.01914
1.02353
1.02634
1.02932
1.03264
1.0366
1.04084
1.04472
1.04801
1.0509
1.0531
1.05534
1.05641
1.05709
1.05761
1.05586
1.05431
1.05239
1.04964
1.04686
1.04396
1.04062
1.03681
1.03296
1.02944
1.02551
1.02239
1.01934
1.01735
1.0143
1.01173
1.00683
1.00611
1.00351
1.01208
1.0125
1.01662
1.02154
1.01983
1.0178
1.01982
1.02454
1.02734
1.03068
1.03436
1.03848
1.04289
1.04701
1.05052
1.05379
1.05619
1.05868
1.05989
1.06052
1.0612
1.05931
1.05751
1.05544
1.05249
1.04943
1.04626
1.04264
1.03862
1.0344
1.0306
1.02658
1.02328
1.01977
1.01769
1.01464
1.01218
1.00738
1.00639
1.00394
1.01161
1.01208
1.01645
1.02167
1.02083
1.01875
1.02063
1.02558
1.02858
1.03198
1.03607
1.04049
1.04503
1.04945
1.05334
1.05705
1.05968
1.06242
1.06382
1.06436
1.06523
1.06333
1.06122
1.05894
1.05574
1.05242
1.04894
1.04493
1.04065
1.03618
1.03198
1.0277
1.0244
1.02041
1.01803
1.0148
1.0125
1.00783
1.00665
1.00427
1.01124
1.01179
1.01661
1.02195
1.02201
1.01988
1.02146
1.02666
1.02998
1.03357
1.03812
1.0428
1.04755
1.05227
1.05652
1.06068
1.06366
1.06666
1.06833
1.06881
1.06973
1.06794
1.06557
1.06297
1.05951
1.05593
1.05203
1.04777
1.04308
1.03806
1.03375
1.02902
1.0252
1.02102
1.01846
1.01503
1.01273
1.00811
1.00674
1.00441
1.01095
1.01153
1.01662
1.02208
1.02286
1.02111
1.02239
1.02793
1.03169
1.03531
1.04013
1.04543
1.05084
1.05615
1.06079
1.06523
1.06845
1.07155
1.07348
1.07394
1.07471
1.07318
1.07069
1.06773
1.06404
1.06008
1.05582
1.05098
1.04598
1.04046
1.03567
1.0306
1.02627
1.02194
1.01899
1.01535
1.01317
1.00857
1.00683
1.00444
1.01027
1.01091
1.016
1.02203
1.02377
1.02246
1.02364
1.02894
1.03346
1.03749
1.04262
1.0484
1.05441
1.06025
1.06543
1.0702
1.0739
1.07709
1.07928
1.08
1.08032
1.07895
1.07658
1.07355
1.06965
1.0652
1.06041
1.05492
1.04933
1.04339
1.03782
1.03235
1.02755
1.02293
1.01962
1.01561
1.01352
1.00914
1.00702
1.00449
1.00951
1.0104
1.01531
1.022
1.02518
1.0242
1.02528
1.03007
1.03532
1.03993
1.04566
1.05201
1.05854
1.06489
1.07068
1.07579
1.08016
1.08345
1.08574
1.08707
1.08689
1.08545
1.08333
1.08031
1.07633
1.07141
1.06587
1.05972
1.05336
1.04682
1.04059
1.03436
1.02913
1.02376
1.02025
1.01578
1.01364
1.00956
1.00726
1.00473
1.00828
1.0098
1.01447
1.02192
1.02664
1.0261
1.02704
1.03146
1.03722
1.04258
1.04904
1.05617
1.06334
1.07022
1.07659
1.0823
1.08721
1.09096
1.09343
1.09474
1.09468
1.09323
1.09083
1.08748
1.08324
1.07788
1.07177
1.06505
1.05803
1.05091
1.04395
1.03699
1.03119
1.02509
1.02109
1.01623
1.0138
1.00978
1.00736
1.00506
1.00676
1.00896
1.01347
1.02168
1.02776
1.02795
1.029
1.03352
1.0399
1.04579
1.05301
1.06097
1.06885
1.0764
1.08345
1.08985
1.09533
1.09955
1.10234
1.10374
1.10372
1.10231
1.09969
1.09601
1.09117
1.08533
1.07859
1.07128
1.06358
1.05566
1.04799
1.04046
1.03418
1.02735
1.02271
1.01708
1.01405
1.00962
1.00689
1.00506
1.0051
1.00788
1.01213
1.02059
1.02848
1.02968
1.03097
1.03574
1.04316
1.04968
1.0575
1.06631
1.07506
1.0835
1.09144
1.09868
1.10486
1.10962
1.11276
1.11432
1.11428
1.11279
1.10995
1.10586
1.10053
1.09404
1.08654
1.07843
1.07011
1.06159
1.0534
1.04512
1.03802
1.0304
1.02507
1.01851
1.01486
1.0097
1.00603
1.00438
1.00341
1.00673
1.01092
1.01923
1.02946
1.03258
1.03464
1.03971
1.04814
1.05536
1.06349
1.07299
1.08272
1.0921
1.10098
1.10911
1.11604
1.12135
1.1249
1.12665
1.12666
1.12503
1.12194
1.11742
1.11159
1.10433
1.09616
1.08731
1.07828
1.06895
1.06003
1.05073
1.04298
1.0343
1.02834
1.02078
1.01635
1.01038
1.00512
1.00326
1.00186
1.00547
1.00963
1.01782
1.03032
1.03602
1.0394
1.04474
1.05426
1.06247
1.07106
1.08139
1.09219
1.10262
1.11249
1.12149
1.12914
1.13505
1.13905
1.14115
1.14133
1.13957
1.13613
1.13114
1.12468
1.11684
1.10793
1.09828
1.08835
1.07791
1.06818
1.05776
1.04948
1.03946
1.03287
1.02395
1.01825
1.01164
1.00449
1.00209
1.00056
1.00448
1.00845
1.01624
1.03083
1.03969
1.04492
1.05106
1.06163
1.07124
1.08059
1.09183
1.10385
1.11544
1.12635
1.13631
1.14488
1.15154
1.15589
1.15782
1.15759
1.15609
1.15312
1.14814
1.1412
1.13265
1.12292
1.11212
1.10132
1.08959
1.07894
1.06671
1.05753
1.04601
1.03846
1.02833
1.02093
1.01384
1.00463
1.00112
0.999274
1.00394
1.00774
1.01536
1.03088
1.04369
1.05164
1.05944
1.07152
1.08269
1.09292
1.10506
1.11836
1.13126
1.14325
1.1542
1.16367
1.17144
1.17724
1.18071
1.18156
1.17907
1.17376
1.16713
1.15946
1.15014
1.13994
1.12825
1.11679
1.10377
1.09274
1.07913
1.06905
1.05521
1.0453
1.03376
1.02422
1.01673
1.00599
1.00069
1.00022
1.00591
1.00925
1.01627
1.03096
1.04767
1.05925
1.06979
1.08519
1.09971
1.11115
1.12351
1.13757
1.15159
1.16464
1.17622
1.18582
1.1931
1.19771
1.20013
1.20044
1.19915
1.1978
1.19431
1.18789
1.17837
1.16728
1.15362
1.14
1.12351
1.1097
1.09251
1.08044
1.0658
1.05605
1.04462
1.03277
1.02375
1.01088
1.00421
1.00082
1.0098
1.01452
1.02181
1.03638
1.05654
1.07065
1.08247
1.09877
1.11552
1.12944
1.14352
1.15936
1.17589
1.19162
1.20625
1.21932
1.23026
1.23854
1.24343
1.24461
1.24209
1.23449
1.22392
1.21375
1.20207
1.19042
1.17559
1.16309
1.14646
1.13402
1.11651
1.10304
1.08572
1.06956
1.05437
1.03764
1.02703
1.01157
1.00078
1.00083
1.01218
1.01918
1.02733
1.04087
1.06262
1.08288
1.0999
1.12298
1.14828
1.16742
1.1824
1.19791
1.21401
1.22859
1.24114
1.25128
1.25897
1.2644
1.26709
1.26823
1.26771
1.26642
1.26447
1.26064
1.25033
1.23928
1.22213
1.20754
1.18549
1.16846
1.14545
1.12742
1.109
1.09129
1.07926
1.06241
1.05035
1.03245
1.02062
1.00206
1.02406
1.04059
1.05272
1.06647
1.09028
1.11348
1.12951
1.14781
1.17251
1.19658
1.21741
1.23761
1.25839
1.27782
1.29571
1.31141
1.32539
1.33579
1.34286
1.3456
1.34218
1.33585
1.32182
1.308
1.29168
1.27929
1.25901
1.24231
1.22044
1.20194
1.18195
1.16077
1.14194
1.11925
1.09951
1.07749
1.05889
1.04014
1.01379
1.00342
1.0191
1.04094
1.06318
1.08759
1.12005
1.15211
1.17593
1.19885
1.228
1.25804
1.28353
1.30611
1.32826
1.34852
1.36522
1.37805
1.38812
1.39537
1.39933
1.40182
1.40033
1.40028
1.39554
1.39136
1.3802
1.36799
1.34755
1.32652
1.30523
1.28205
1.26104
1.2374
1.21454
1.19268
1.16513
1.1479
1.11736
1.1027
1.07315
1.03519
1.0617
1.08873
1.11767
1.14273
1.16536
1.19602
1.23395
1.26482
1.28952
1.31598
1.35031
1.38224
1.41037
1.43327
1.45525
1.47419
1.48931
1.49906
1.50436
1.50401
1.49933
1.48964
1.47677
1.45832
1.44108
1.41967
1.40174
1.3823
1.36111
1.33602
1.30868
1.28105
1.25008
1.22137
1.18847
1.16178
1.13162
1.1116
1.07408
1.0945
1.13752
1.18157
1.22572
1.26995
1.31127
1.34998
1.38987
1.42831
1.46401
1.49514
1.52808
1.55713
1.58732
1.60859
1.6335
1.64981
1.67221
1.68234
1.6992
1.701
1.71206
1.70673
1.71041
1.69866
1.69484
1.67614
1.66224
1.63507
1.61534
1.58131
1.55979
1.52171
1.49898
1.4573
1.43503
1.39048
1.36851
1.3218
1.30278
1.28803
1.32541
1.3638
1.40431
1.44503
1.48375
1.51919
1.55072
1.57711
1.60193
1.62118
1.64301
1.66167
1.68214
1.69851
1.71142
1.7214
1.72474
1.72765
1.72262
1.71791
1.70426
1.68847
1.66512
1.63799
1.60778
1.57244
1.53655
1.4942
1.45277
1.40584
1.36358
1.31293
1.27021
1.2143
1.17089
1.10909
1.0662
0.999789
0.962859
0.986866
0.984386
1.00214
0.996047
0.998664
0.995481
0.995985
0.995303
0.994915
0.994617
0.994455
0.995085
0.995742
0.99644
0.99709
0.998073
0.998978
0.999989
1.00083
1.0017
1.00256
1.0027
1.00261
1.00314
1.00341
1.00372
1.00412
1.00481
1.0055
1.00577
1.00589
1.00602
1.00561
1.00507
1.00424
1.00319
1.00246
1.00415
1.00518
0.99507
1.00318
0.990721
1.00162
0.997692
0.998347
0.995383
0.995301
0.994708
0.994269
0.994072
0.994106
0.994703
0.995377
0.996066
0.996891
0.998038
0.998906
0.999825
1.00064
1.00146
1.00203
1.00233
1.00264
1.00379
1.00464
1.00531
1.0062
1.00719
1.00772
1.00798
1.008
1.00761
1.00709
1.00688
1.00648
1.00451
1.00318
1.00461
1.01027
1.01632
1.00118
0.99178
1.0006
0.998112
0.998174
0.995404
0.994659
0.994086
0.993635
0.993545
0.993788
0.994488
0.995222
0.996007
0.997138
0.998517
0.999529
1.00038
1.00113
1.00176
1.00197
1.00252
1.00348
1.00448
1.00548
1.00621
1.00719
1.00813
1.00846
1.00872
1.00876
1.00828
1.00761
1.00705
1.00674
1.00515
1.00337
1.00334
1.00434
0.995699
1.0111
0.993227
1.00051
0.998973
0.998278
0.995767
0.994253
0.993634
0.993105
0.992965
0.993245
0.993971
0.994853
0.995844
0.996914
0.998478
0.999706
1.00062
1.00139
1.00193
1.00212
1.00259
1.00379
1.00502
1.00618
1.00713
1.00795
1.00851
1.00865
1.00894
1.00907
1.00887
1.00778
1.00673
1.00665
1.00617
1.00439
1.00456
1.00784
1.00926
1.00698
0.993933
1.00083
0.999285
0.99739
0.99556
0.993895
0.993135
0.992659
0.992496
0.99273
0.993355
0.994341
0.995445
0.996769
0.998202
0.999491
1.00057
1.00144
1.00223
1.00269
1.00304
1.00395
1.00517
1.00644
1.00754
1.00824
1.00865
1.00872
1.00906
1.00931
1.00912
1.00764
1.00679
1.00702
1.00649
1.00467
1.0044
1.00455
0.996353
1.0138
0.997149
1.0004
0.999372
0.99668
0.995556
0.993824
0.992711
0.992066
0.991814
0.992026
0.992702
0.993686
0.994881
0.996101
0.997661
0.999038
1.00021
1.00129
1.00236
1.00289
1.0033
1.00431
1.00512
1.00662
1.00811
1.00871
1.00889
1.00892
1.00901
1.00884
1.0086
1.00776
1.00764
1.0081
1.0069
1.00546
1.00622
1.00741
1.00595
1.01001
0.998743
0.998715
0.999433
0.996635
0.996297
0.993774
0.992253
0.991544
0.991228
0.991352
0.991893
0.992905
0.994188
0.995681
0.997144
0.998553
0.999812
1.0011
1.00227
1.00309
1.00385
1.00454
1.00547
1.00705
1.00875
1.00926
1.00904
1.00867
1.0082
1.0082
1.00834
1.00792
1.00808
1.00856
1.00687
1.00544
1.00619
1.00588
1.00009
1.0136
1.00092
0.998195
0.999067
0.996949
0.99618
0.993366
0.99169
0.990871
0.990463
0.990519
0.99109
0.99211
0.993447
0.994893
0.996467
0.997937
0.999358
1.00079
1.00211
1.00326
1.00398
1.00476
1.00556
1.00682
1.00865
1.00965
1.00911
1.00841
1.00805
1.00819
1.00844
1.00817
1.00861
1.00925
1.00697
1.00599
1.00784
1.0075
1.00469
1.01176
1.00122
0.99822
0.998538
0.996095
0.994032
0.992805
0.991093
0.9902
0.989698
0.989682
0.990149
0.991165
0.992571
0.994205
0.99579
0.997352
0.998911
1.00048
1.00196
1.00319
1.00435
1.00524
1.00604
1.00714
1.00835
1.00976
1.0092
1.00867
1.0085
1.00889
1.00883
1.00858
1.00916
1.00959
1.00668
1.00604
1.00815
1.00702
1.00317
1.01322
1.003
0.999056
0.998521
0.995445
0.99298
0.992317
0.99054
0.989445
0.988812
0.98872
0.989165
0.990187
0.991649
0.993315
0.995017
0.996711
0.998398
1.00006
1.00166
1.00319
1.00449
1.00552
1.00638
1.00756
1.00829
1.00928
1.00971
1.00964
1.00967
1.00974
1.00899
1.00881
1.00954
1.00966
1.00674
1.00677
1.00917
1.00793
1.0046
1.01223
1.00356
0.999221
0.998825
0.995302
0.992674
0.991866
0.989992
0.988633
0.987856
0.987683
0.988056
0.98907
0.990608
0.992397
0.994203
0.996032
0.997839
0.999659
1.00145
1.00323
1.00464
1.00592
1.00728
1.0083
1.00893
1.00935
1.01001
1.01023
1.01032
1.01013
1.0093
1.00923
1.00988
1.00966
1.00694
1.00714
1.00958
1.00809
1.00485
1.01214
1.00514
0.999634
0.998788
0.995383
0.993014
0.991375
0.989324
0.987716
0.986782
0.986525
0.986844
0.987875
0.989483
0.991352
0.993306
0.995277
0.997221
0.999201
1.00118
1.003
1.00471
1.00654
1.00839
1.00911
1.00977
1.00996
1.01011
1.01034
1.01038
1.01017
1.00934
1.00949
1.01036
1.00995
1.00757
1.00779
1.01005
1.00826
1.00533
1.01118
1.00597
0.999932
0.998099
0.99482
0.993005
0.99074
0.988514
0.986687
0.985597
0.985238
0.985495
0.986565
0.988251
0.990217
0.992319
0.994433
0.996531
0.998719
1.00084
1.00292
1.00499
1.00758
1.00962
1.01038
1.01088
1.01118
1.01096
1.01048
1.01038
1.01038
1.00969
1.01004
1.0106
1.00962
1.00777
1.00822
1.01041
1.00817
1.00558
1.01053
1.00692
0.999416
0.997863
0.994579
0.992469
0.990036
0.987577
0.985525
0.984281
0.983789
0.983992
0.9851
0.986873
0.988937
0.991197
0.993469
0.99578
0.998188
1.00056
1.00299
1.00568
1.00831
1.01041
1.0114
1.01176
1.01201
1.01141
1.01054
1.01071
1.0109
1.0102
1.00999
1.01014
1.00956
1.00799
1.00879
1.01074
1.00805
1.00587
1.00972
1.00729
0.998725
0.99797
0.994789
0.992003
0.98913
0.986464
0.984229
0.982809
0.982185
0.982335
0.983428
0.985271
0.98749
0.989914
0.99239
0.994999
0.997783
1.00062
1.00357
1.00617
1.0085
1.01046
1.01114
1.01159
1.01202
1.01137
1.01063
1.01075
1.01104
1.0102
1.0095
1.01007
1.00982
1.00831
1.00952
1.01111
1.00813
1.00628
1.009
1.00754
0.998956
0.998355
0.994838
0.990985
0.988012
0.985168
0.982779
0.981165
0.980427
0.980557
0.981574
0.983439
0.985874
0.988517
0.991324
0.99438
0.997678
1.00094
1.00386
1.00634
1.00861
1.0101
1.0106
1.01127
1.01134
1.01122
1.01107
1.01119
1.01121
1.01002
1.00961
1.01057
1.01014
1.0088
1.01015
1.01148
1.00835
1.00682
1.00832
1.00788
0.999646
0.998618
0.994401
0.990079
0.986668
0.983639
0.981145
0.979351
0.978493
0.978602
0.979564
0.981494
0.984198
0.98713
0.990353
0.993951
0.997561
1.0009
1.00385
1.00644
1.00867
1.00963
1.0103
1.01108
1.01079
1.01111
1.01235
1.01226
1.0115
1.01053
1.01061
1.01183
1.01039
1.00927
1.01068
1.01174
1.00867
1.00744
1.00772
1.00817
0.999801
0.998532
0.994445
0.989191
0.985011
0.981839
0.979281
0.977332
0.976346
0.976376
0.977408
0.979517
0.9825
0.985769
0.989327
0.993268
0.997157
1.00065
1.00367
1.0064
1.00842
1.00926
1.01039
1.01142
1.01137
1.01185
1.01327
1.01323
1.0123
1.01156
1.01174
1.01265
1.01109
1.01004
1.0113
1.01194
1.00899
1.00808
1.00702
1.00802
0.99931
0.997623
0.993689
0.987837
0.983121
0.979852
0.977191
0.975078
0.973993
0.974007
0.975177
0.97744
0.98061
0.984127
0.988019
0.992345
0.996581
1.00029
1.0033
1.00581
1.00799
1.00914
1.0109
1.01267
1.01306
1.01375
1.01394
1.0138
1.01312
1.01204
1.01242
1.01312
1.01168
1.0107
1.01186
1.01207
1.00937
1.00874
1.00624
1.00754
0.998816
0.996367
0.992086
0.986144
0.981191
0.977735
0.97489
0.972585
0.971429
0.971506
0.972722
0.975126
0.978444
0.982204
0.986477
0.991227
0.995826
0.999774
1.00278
1.00533
1.00793
1.00954
1.0116
1.01303
1.01359
1.01473
1.01449
1.01469
1.01343
1.01264
1.01291
1.01369
1.01199
1.01126
1.01232
1.01219
1.00974
1.0093
1.00539
1.00684
0.998371
0.995337
0.990397
0.984256
0.979009
0.97539
0.972321
0.969814
0.968584
0.96865
0.969903
0.972496
0.97601
0.980023
0.984664
0.989834
0.994775
0.998984
1.00232
1.00503
1.00751
1.00974
1.01202
1.01324
1.014
1.01502
1.0154
1.01496
1.01398
1.01287
1.01326
1.01403
1.01257
1.01195
1.01286
1.01249
1.01024
1.00991
1.0045
1.00588
0.997952
0.994186
0.988386
0.981716
0.976603
0.972833
0.969396
0.966677
0.965363
0.965395
0.966719
0.969419
0.973279
0.977531
0.982577
0.988176
0.993352
0.997967
1.00188
1.00451
1.00684
1.00882
1.01142
1.01342
1.01431
1.01486
1.01549
1.01513
1.01343
1.01263
1.01362
1.01422
1.01287
1.01245
1.01336
1.01276
1.01081
1.01055
1.00348
1.00453
0.997406
0.992761
0.986023
0.978609
0.974031
0.970156
0.966035
0.963121
0.961664
0.961608
0.962982
0.965716
0.970001
0.974645
0.980245
0.986325
0.991804
0.996685
1.00088
1.00423
1.00762
1.00926
1.01086
1.01279
1.01439
1.01506
1.01598
1.01529
1.01399
1.01349
1.01441
1.0146
1.01317
1.01296
1.01376
1.01297
1.01138
1.01121
1.00231
1.00291
0.996801
0.990941
0.983432
0.974492
0.971127
0.967413
0.962145
0.958972
0.957338
0.957152
0.95862
0.961373
0.966056
0.971264
0.977784
0.98441
0.99025
0.995212
0.999601
1.00336
1.00618
1.00945
1.01149
1.01274
1.01426
1.01542
1.01596
1.01601
1.01474
1.01443
1.01547
1.01485
1.01347
1.01336
1.01395
1.01319
1.012
1.01193
1.00114
1.00112
0.996153
0.988508
0.981185
0.971071
0.967584
0.963559
0.957484
0.953899
0.952223
0.951857
0.95355
0.956421
0.961468
0.967515
0.975066
0.982164
0.988394
0.993608
0.998211
1.00227
1.00535
1.0079
1.01082
1.01284
1.01415
1.01562
1.01653
1.0166
1.0161
1.01555
1.01647
1.01506
1.01381
1.01371
1.01408
1.01341
1.01248
1.01251
1.00004
0.999184
0.995179
0.986324
0.979382
0.971333
0.964024
0.957542
0.951719
0.947726
0.9461
0.945564
0.947622
0.950589
0.956224
0.963559
0.971699
0.979279
0.986013
0.991664
0.996653
1.00115
1.00518
1.00802
1.01026
1.01243
1.01439
1.01543
1.01685
1.0172
1.01698
1.01687
1.01708
1.01532
1.01432
1.01425
1.01452
1.01392
1.01312
1.01319
0.998837
0.996695
0.99355
0.983907
0.976961
0.967781
0.958876
0.951503
0.945342
0.940659
0.938859
0.938198
0.940747
0.944253
0.950577
0.958809
0.967457
0.975578
0.98287
0.989035
0.994731
0.99945
1.00342
1.0071
1.0101
1.01221
1.01409
1.01592
1.01693
1.01803
1.01803
1.01808
1.01773
1.01562
1.01483
1.01477
1.01499
1.01458
1.01391
1.01409
0.997547
0.993867
0.991088
0.981382
0.973242
0.962295
0.953055
0.945096
0.938155
0.932574
0.930325
0.929514
0.93244
0.936636
0.943981
0.952548
0.961975
0.970914
0.979034
0.985926
0.992383
0.997967
1.0026
1.00622
1.00938
1.01204
1.01405
1.01568
1.01753
1.01871
1.01936
1.01941
1.01849
1.01623
1.01549
1.01539
1.01557
1.01528
1.01467
1.01503
0.995877
0.990714
0.987901
0.978456
0.969421
0.95714
0.946295
0.93697
0.929228
0.92286
0.920009
0.918937
0.921999
0.926794
0.935153
0.944349
0.954864
0.964935
0.974214
0.982033
0.989299
0.995696
1.00083
1.00556
1.00884
1.01185
1.01426
1.01662
1.01869
1.02045
1.02048
1.01982
1.01833
1.01675
1.01626
1.01628
1.01665
1.01627
1.01563
1.01607
0.993932
0.987156
0.983362
0.974187
0.96379
0.95136
0.938455
0.927404
0.918356
0.911059
0.907279
0.905828
0.908903
0.914369
0.923345
0.933861
0.945877
0.957219
0.968007
0.977245
0.985588
0.993167
0.998896
1.00408
1.00832
1.01206
1.01531
1.01773
1.01965
1.02023
1.01954
1.01866
1.01822
1.01786
1.01782
1.01827
1.01868
1.01796
1.0172
1.01762
0.992195
0.983972
0.977826
0.969257
0.957489
0.943556
0.928822
0.916224
0.905304
0.896564
0.891279
0.889368
0.891971
0.898219
0.907978
0.92056
0.934314
0.947301
0.959459
0.971257
0.980766
0.98922
0.996473
1.00238
1.00816
1.01225
1.01502
1.01643
1.01747
1.01855
1.01924
1.01945
1.01951
1.01947
1.02028
1.02111
1.02176
1.02058
1.01975
1.02024
0.990695
0.981033
0.971523
0.963137
0.949769
0.935058
0.918006
0.902729
0.889121
0.878475
0.870953
0.868547
0.870153
0.877491
0.888076
0.903087
0.919154
0.934709
0.948513
0.962947
0.974772
0.984219
0.9935
1.0009
1.00633
1.00947
1.01152
1.0145
1.01752
1.01994
1.02091
1.02159
1.02171
1.02192
1.02349
1.02501
1.02584
1.02438
1.02365
1.02417
0.990253
0.979205
0.966005
0.955962
0.940981
0.925387
0.905119
0.886156
0.869018
0.855635
0.844885
0.841459
0.841414
0.849803
0.861721
0.879101
0.898063
0.917373
0.935215
0.95139
0.966343
0.979337
0.989392
0.996776
1.00077
1.00541
1.00988
1.01403
1.01813
1.02151
1.02297
1.02355
1.02384
1.02531
1.02816
1.02989
1.03066
1.02896
1.02852
1.02919
0.988705
0.975357
0.96188
0.948155
0.929889
0.913103
0.890022
0.866093
0.843838
0.82591
0.810759
0.804753
0.802824
0.811817
0.825008
0.844681
0.866742
0.890566
0.914617
0.935915
0.955288
0.972378
0.981869
0.989463
0.996331
1.00231
1.00846
1.01402
1.01848
1.0221
1.02462
1.02555
1.02639
1.02914
1.03264
1.03474
1.03532
1.03426
1.03411
1.0355
1.0027
0.981581
0.961203
0.941123
0.917215
0.898087
0.873283
0.843273
0.813727
0.788019
0.766284
0.754911
0.750745
0.75811
0.772497
0.79549
0.822959
0.852688
0.88192
0.9127
0.939193
0.958526
0.97185
0.98306
0.992789
1.00098
1.00875
1.01418
1.01946
1.02351
1.02707
1.02935
1.03113
1.03564
1.03993
1.04244
1.04353
1.0429
1.04296
1.04488
1.00082
0.982862
0.96099
0.938433
0.91005
0.886115
0.861474
0.826031
0.786102
0.74729
0.713213
0.69081
0.682115
0.683208
0.695378
0.718938
0.752205
0.790471
0.830064
0.870727
0.908165
0.934909
0.95662
0.974748
0.989747
1.00263
1.01254
1.02088
1.02726
1.03432
1.03997
1.04297
1.04574
1.05146
1.0573
1.05975
1.06015
1.06002
1.06251
1.06309
1.05973
1.03529
1.0091
0.974958
0.929696
0.891838
0.86354
0.823719
0.770913
0.711946
0.654923
0.608239
0.584684
0.573667
0.578739
0.600073
0.637711
0.683493
0.737
0.791697
0.844529
0.88775
0.923334
0.954663
0.980979
1.00264
1.01989
1.0319
1.04262
1.05227
1.05796
1.05932
1.06254
1.06954
1.07558
1.07859
1.08491
1.09018
1.0908
1.09421
1.06019
1.03273
1.00265
0.977948
0.961733
0.933834
0.88885
0.830291
0.764525
0.682007
0.593647
0.502527
0.43342
0.393253
0.380433
0.395766
0.440046
0.500724
0.567221
0.639292
0.711445
0.776479
0.833216
0.88138
0.924203
0.959259
0.988519
1.01132
1.03119
1.04542
1.05473
1.06469
1.07681
1.08252
1.08746
1.08805
1.08848
1.08874
1.09037
1.09476
1.26123
1.21933
1.17332
1.11094
1.03999
0.969231
0.891075
0.797389
0.693182
0.596748
0.51533
0.433079
0.343185
0.258612
0.166223
0.101129
0.0892674
0.143725
0.222182
0.305201
0.389712
0.475725
0.556997
0.634855
0.708737
0.777201
0.840781
0.898492
0.951139
0.994483
1.03075
1.062
1.09045
1.11691
1.1405
1.1644
1.1839
1.20104
1.20936
1.21192
0.879684
0.797338
0.733028
0.67695
0.610296
0.546022
0.467654
0.387672
0.331511
0.301159
0.264549
0.204939
0.132717
0.0493067
0.00291731
0.0243785
0.0375154
0.0464601
0.0488737
0.0423676
0.0659342
0.105827
0.155365
0.202249
0.25401
0.308751
0.371778
0.435421
0.501419
0.567812
0.637262
0.701129
0.760893
0.817942
0.870973
0.919666
0.969773
1.02169
1.07975
1.13988
0.924106
1.0123
1.00296
1.0128
1.01335
1.01577
1.01613
1.01685
1.01706
1.01724
1.01734
1.01742
1.01747
1.01751
1.01756
1.01759
1.0176
1.0176
1.01759
1.01755
1.01746
1.01731
1.01714
1.01693
1.0167
1.01643
1.01611
1.01574
1.01525
1.01462
1.01371
1.01231
1.01007
1.00602
0.998503
0.988869
0.979952
0.957954
0.942177
0.974643
1.02566
1.00718
1.00151
0.999638
0.998358
0.998013
0.997381
0.997142
0.996903
0.996769
0.99671
0.996689
0.996694
0.996716
0.996765
0.996799
0.996838
0.996838
0.996756
0.99661
0.996501
0.996415
0.99631
0.996182
0.996037
0.995905
0.995793
0.995738
0.99574
0.995882
0.996271
0.997189
0.998909
1.00134
1.00395
1.01021
1.02488
1.027
1.02125
1.01815
0.984024
0.997702
0.998284
1.00629
1.00838
1.01136
1.01243
1.01358
1.01415
1.01455
1.01481
1.015
1.01512
1.01517
1.01522
1.01525
1.01525
1.01524
1.01531
1.01539
1.01532
1.01511
1.01482
1.0145
1.01416
1.01376
1.01328
1.01266
1.01183
1.01071
1.0091
1.00686
1.00419
1.00028
0.992963
0.990145
0.990729
0.989132
0.981618
0.997392
1.0189
1.01672
1.00933
1.0082
1.00498
1.00394
1.00239
1.00162
1.00087
1.00045
1.0001
0.999797
0.999693
0.999661
0.99963
0.999644
0.999659
0.999644
0.999446
0.999175
0.999062
0.999075
0.999105
0.999132
0.999168
0.999246
0.999421
0.999743
1.00018
1.00096
1.00217
1.00396
1.00648
1.00917
1.01038
1.0146
1.02221
1.02129
1.01636
1.01652
0.990234
0.99808
0.997557
1.00296
1.00545
1.00781
1.0092
1.01042
1.01121
1.0118
1.01219
1.01242
1.01255
1.01264
1.01268
1.0127
1.01267
1.01265
1.01281
1.01299
1.01289
1.01259
1.01221
1.01182
1.01139
1.01091
1.01031
1.00956
1.00858
1.00736
1.00583
1.004
1.00222
0.99937
0.996023
0.995991
0.99979
0.998464
0.993835
1.00353
1.01053
1.01326
1.00958
1.01004
1.00849
1.00758
1.00613
1.00521
1.00436
1.00379
1.00339
1.00311
1.0029
1.00277
1.00272
1.00268
1.00267
1.00261
1.00228
1.00192
1.00185
1.00196
1.00208
1.0022
1.00234
1.00254
1.00285
1.00329
1.0039
1.00471
1.00574
1.00704
1.00891
1.0099
1.00926
1.01227
1.01675
1.01337
1.00693
1.00923
0.997975
1.00231
1.00076
1.00394
1.00536
1.00697
1.00784
1.00871
1.00928
1.00975
1.01007
1.01028
1.01041
1.01047
1.0105
1.01047
1.01042
1.01042
1.01064
1.01082
1.01065
1.01025
1.00985
1.00944
1.00899
1.0085
1.00792
1.00727
1.00649
1.0056
1.0046
1.0037
1.00305
1.00126
0.999695
1.00131
1.00494
1.00273
0.998039
1.00518
1.00612
1.00964
1.00783
1.00953
1.00954
1.00904
1.00829
1.00769
1.00704
1.00661
1.00623
1.00597
1.00578
1.00564
1.00555
1.00549
1.00544
1.00525
1.00485
1.00451
1.0045
1.00464
1.00477
1.00489
1.00504
1.00521
1.00544
1.00576
1.00617
1.00663
1.00718
1.0079
1.00886
1.00867
1.00766
1.00969
1.01269
1.00821
1.00276
1.00635
1.00304
1.00598
1.00428
1.00619
1.00693
1.00764
1.00815
1.00851
1.00873
1.0089
1.00902
1.00909
1.00912
1.00912
1.00907
1.00901
1.00895
1.00901
1.00922
1.00928
1.00901
1.00861
1.00824
1.00789
1.00752
1.00715
1.00675
1.00632
1.0059
1.00549
1.0051
1.00493
1.00494
1.00413
1.00329
1.00593
1.00908
1.00591
1.00232
1.00669
1.00493
1.00802
1.00659
1.00857
1.00924
1.00943
1.00918
1.00892
1.00865
1.00841
1.0082
1.00803
1.00789
1.00779
1.0077
1.00763
1.00752
1.00723
1.00683
1.0066
1.00663
1.00673
1.00677
1.00681
1.0069
1.00695
1.00695
1.00699
1.00708
1.00722
1.00736
1.00765
1.00791
1.00696
1.00611
1.0082
1.01061
1.00608
1.00317
1.00703
1.00532
1.008
1.00664
1.00808
1.00859
1.00888
1.00913
1.00924
1.00919
1.00912
1.00903
1.00896
1.00889
1.00881
1.00873
1.00866
1.00862
1.00866
1.00873
1.00865
1.00833
1.00798
1.0077
1.00746
1.00723
1.00703
1.00685
1.0067
1.0066
1.00655
1.00658
1.00685
1.00703
1.00639
1.00574
1.0084
1.01054
1.00596
1.00377
1.00728
1.00603
1.00826
1.00707
1.00847
1.00906
1.00943
1.00962
1.00964
1.00955
1.00944
1.00934
1.00924
1.00917
1.00908
1.00899
1.00888
1.00873
1.00852
1.00827
1.00811
1.00808
1.00807
1.00799
1.00789
1.00779
1.00768
1.00757
1.00747
1.0074
1.00733
1.00733
1.00753
1.00764
1.00673
1.00611
1.00888
1.01061
1.00615
1.0045
1.00777
1.00671
1.00845
1.00744
1.00876
1.00932
1.00967
1.0099
1.00998
1.00992
1.00984
1.00976
1.00967
1.00959
1.0095
1.00941
1.00931
1.00921
1.00911
1.009
1.00886
1.0086
1.00836
1.00819
1.00805
1.00794
1.00784
1.00776
1.00769
1.00764
1.0076
1.00763
1.00787
1.00796
1.00697
1.00645
1.0093
1.01058
1.00626
1.00506
1.00822
1.00724
1.0086
1.00778
1.00905
1.00959
1.00995
1.0102
1.01032
1.0103
1.01024
1.01018
1.0101
1.01002
1.00994
1.00985
1.00974
1.00962
1.00948
1.00932
1.00915
1.009
1.00885
1.00867
1.0085
1.00836
1.00824
1.00815
1.00808
1.00802
1.00797
1.008
1.00822
1.00827
1.00722
1.00686
1.00965
1.01048
1.0062
1.00528
1.00824
1.00767
1.0088
1.00815
1.00937
1.0099
1.01027
1.01054
1.01067
1.01067
1.01064
1.0106
1.01054
1.01048
1.0104
1.01031
1.0102
1.01007
1.00993
1.00977
1.0096
1.00942
1.00925
1.00909
1.00894
1.00881
1.0087
1.0086
1.00851
1.00844
1.00836
1.00837
1.00856
1.00857
1.0075
1.0073
1.00998
1.01046
1.0062
1.00552
1.0082
1.00813
1.00907
1.00855
1.00973
1.01024
1.01061
1.01087
1.01103
1.01106
1.01107
1.01105
1.01102
1.01097
1.0109
1.0108
1.01069
1.01056
1.01041
1.01025
1.01008
1.0099
1.00972
1.00956
1.00942
1.00929
1.00917
1.00906
1.00895
1.00884
1.00869
1.00859
1.00868
1.00853
1.00739
1.00735
1.00989
1.01009
1.00621
1.00578
1.00829
1.00863
1.00938
1.00898
1.01011
1.01062
1.01099
1.01126
1.01143
1.0115
1.01152
1.01153
1.01151
1.01147
1.01141
1.01132
1.01121
1.01107
1.01092
1.01077
1.0106
1.01043
1.01027
1.01012
1.00998
1.00985
1.00974
1.00962
1.0095
1.00936
1.00919
1.00905
1.00913
1.00887
1.00781
1.00795
1.0103
1.01024
1.00668
1.0063
1.00855
1.0091
1.00971
1.00942
1.01055
1.01105
1.01142
1.01167
1.01186
1.01196
1.01201
1.01204
1.01204
1.01201
1.01195
1.01187
1.01176
1.01164
1.01149
1.01134
1.01118
1.01102
1.01087
1.01073
1.0106
1.01047
1.01035
1.01021
1.01006
1.00989
1.00968
1.00952
1.00961
1.00928
1.00833
1.00867
1.01082
1.01045
1.00717
1.00689
1.00884
1.00968
1.01016
1.00997
1.01107
1.01155
1.01187
1.0121
1.01231
1.01244
1.01253
1.01257
1.0126
1.01259
1.01254
1.01248
1.01238
1.01227
1.01213
1.01199
1.01184
1.0117
1.01155
1.01142
1.01129
1.01115
1.01101
1.01085
1.0107
1.0105
1.01024
1.01007
1.01018
1.00975
1.00891
1.00945
1.0114
1.01074
1.00777
1.00765
1.00923
1.01023
1.01059
1.01049
1.01153
1.01199
1.01238
1.01258
1.01281
1.01296
1.0131
1.01316
1.01321
1.01322
1.01319
1.01314
1.01306
1.01296
1.01285
1.01272
1.01258
1.01245
1.01231
1.01217
1.01203
1.01189
1.01173
1.01156
1.01138
1.01116
1.01089
1.01075
1.01086
1.01034
1.00959
1.01033
1.01208
1.01112
1.00844
1.00844
1.00976
1.01073
1.01104
1.01103
1.01201
1.01245
1.01287
1.01311
1.01339
1.01355
1.01373
1.01382
1.01388
1.01391
1.01392
1.01389
1.01384
1.01376
1.01366
1.01354
1.01342
1.01329
1.01315
1.01301
1.01286
1.0127
1.01253
1.01234
1.01214
1.0119
1.01162
1.01153
1.01162
1.01103
1.01038
1.01129
1.01281
1.01157
1.0092
1.00933
1.01045
1.01122
1.01153
1.0116
1.01257
1.01298
1.01344
1.01371
1.01402
1.01419
1.01442
1.01454
1.01466
1.01471
1.01474
1.01474
1.01472
1.01466
1.01458
1.01448
1.01438
1.01425
1.01411
1.01396
1.01379
1.01361
1.01341
1.0132
1.01296
1.01269
1.01241
1.01237
1.01245
1.01177
1.01123
1.01227
1.01354
1.01206
1.00999
1.01018
1.0111
1.01174
1.01209
1.01224
1.01318
1.01356
1.01407
1.01438
1.01477
1.01494
1.01519
1.01537
1.01553
1.01562
1.01569
1.01573
1.01572
1.0157
1.01564
1.01556
1.01546
1.01534
1.0152
1.01504
1.01485
1.01464
1.01442
1.01416
1.01388
1.01356
1.01323
1.01312
1.01317
1.01245
1.01202
1.01315
1.01418
1.01247
1.01069
1.01085
1.0115
1.01243
1.01279
1.01299
1.01384
1.01424
1.01485
1.01517
1.01563
1.01583
1.01616
1.0163
1.0165
1.01666
1.01677
1.01685
1.01689
1.01689
1.01686
1.0168
1.0167
1.01659
1.01644
1.01626
1.01605
1.01583
1.01556
1.01527
1.01497
1.0146
1.01423
1.01412
1.01412
1.01332
1.01301
1.01424
1.01498
1.01297
1.01145
1.0115
1.01188
1.01308
1.01348
1.01378
1.01464
1.01505
1.01573
1.01606
1.01661
1.01685
1.01724
1.01748
1.01774
1.01791
1.01805
1.01816
1.01824
1.01827
1.01827
1.01823
1.01815
1.01803
1.01787
1.01769
1.01747
1.01723
1.01695
1.01663
1.01629
1.01591
1.01553
1.01543
1.01535
1.01451
1.0143
1.01552
1.01597
1.01382
1.01231
1.01242
1.01259
1.01375
1.01422
1.01466
1.01565
1.01609
1.01683
1.01717
1.0178
1.01805
1.01855
1.0188
1.01912
1.01935
1.01956
1.0197
1.0198
1.01986
1.01988
1.01986
1.01979
1.01967
1.01953
1.01934
1.01912
1.01885
1.01855
1.01822
1.01788
1.01748
1.01713
1.01707
1.01676
1.01588
1.01577
1.01689
1.01712
1.0148
1.01335
1.01358
1.01361
1.01462
1.01517
1.01576
1.01687
1.01736
1.01823
1.01861
1.01935
1.01964
1.0202
1.02049
1.02088
1.02114
1.02139
1.02156
1.02169
1.02177
1.02181
1.02179
1.02173
1.02162
1.02147
1.02127
1.02105
1.02079
1.02049
1.02018
1.01981
1.01939
1.0191
1.0191
1.01843
1.01753
1.01747
1.01831
1.01835
1.01576
1.01443
1.01468
1.0146
1.0156
1.01621
1.01715
1.01841
1.01897
1.01996
1.02038
1.02123
1.02153
1.02221
1.02251
1.02298
1.02326
1.02357
1.02378
1.02394
1.02405
1.02411
1.02411
1.02405
1.02395
1.02381
1.02362
1.02338
1.02309
1.02278
1.02242
1.022
1.02151
1.02124
1.0212
1.02019
1.01942
1.01938
1.01998
1.0198
1.01679
1.01565
1.01589
1.01574
1.01667
1.01745
1.01887
1.02032
1.02102
1.02219
1.02269
1.02368
1.02399
1.0248
1.02511
1.02567
1.02598
1.02633
1.02658
1.02679
1.02692
1.02701
1.02702
1.02699
1.02689
1.02674
1.02655
1.02628
1.02595
1.02557
1.02515
1.02463
1.02408
1.02383
1.02367
1.02245
1.02184
1.02174
1.02207
1.02132
1.01807
1.01722
1.01736
1.01685
1.01814
1.01945
1.02129
1.02293
1.02386
1.02518
1.02573
1.02688
1.02718
1.0281
1.02842
1.02907
1.0294
1.02982
1.0301
1.03036
1.03054
1.03065
1.0307
1.03067
1.03058
1.03042
1.03019
1.02989
1.02951
1.0291
1.02862
1.02804
1.02753
1.02735
1.02688
1.02536
1.02474
1.02451
1.02457
1.02286
1.01974
1.01905
1.01888
1.01754
1.02082
1.02294
1.02483
1.02663
1.0278
1.02918
1.02972
1.03097
1.03126
1.0323
1.03262
1.03337
1.03374
1.03425
1.03458
1.03491
1.03513
1.03528
1.03536
1.03536
1.03527
1.03511
1.03486
1.03454
1.03415
1.03371
1.03317
1.03254
1.03212
1.03203
1.03096
1.0291
1.0284
1.02806
1.02801
1.02528
1.02207
1.0213
1.02096
1.01881
1.02486
1.02746
1.02913
1.03111
1.03241
1.03396
1.03465
1.03611
1.03649
1.03779
1.03817
1.03914
1.03957
1.04021
1.04061
1.04101
1.04128
1.04146
1.04156
1.04156
1.04147
1.0413
1.04101
1.04066
1.04022
1.03972
1.03907
1.03836
1.03804
1.03795
1.0365
1.03463
1.03375
1.03336
1.03304
1.02916
1.02543
1.02453
1.02459
1.02279
1.03015
1.03268
1.03457
1.03685
1.03834
1.04009
1.04108
1.04285
1.04339
1.04506
1.04551
1.04681
1.04731
1.04819
1.04866
1.04918
1.0495
1.04976
1.04988
1.04987
1.04971
1.04945
1.04915
1.04873
1.04826
1.04761
1.04678
1.046
1.04583
1.04573
1.0441
1.04196
1.04087
1.04025
1.03912
1.03416
1.03089
1.03017
1.03052
1.02869
1.03687
1.0398
1.04225
1.04492
1.04671
1.04888
1.05026
1.05228
1.05306
1.05504
1.05555
1.05714
1.05765
1.05873
1.05923
1.05988
1.06025
1.06065
1.06095
1.06124
1.06142
1.06129
1.06088
1.06024
1.05945
1.0585
1.05735
1.0564
1.05628
1.05593
1.05377
1.05105
1.04968
1.04855
1.04581
1.03983
1.03718
1.03686
1.03679
1.03403
1.04654
1.05059
1.05335
1.05675
1.05884
1.06166
1.06354
1.06604
1.06738
1.07
1.07089
1.07325
1.07401
1.0757
1.07633
1.0773
1.07764
1.07788
1.07743
1.0766
1.07554
1.07447
1.07341
1.07255
1.07177
1.07089
1.0699
1.06944
1.06979
1.06919
1.06627
1.06306
1.06143
1.05941
1.05436
1.04842
1.04622
1.04605
1.04487
1.04066
1.06097
1.06746
1.07036
1.07389
1.07615
1.07892
1.08115
1.08346
1.0853
1.08778
1.08881
1.09157
1.0922
1.09475
1.09546
1.09743
1.09834
1.10018
1.10171
1.10347
1.10464
1.10534
1.10539
1.1048
1.1037
1.10185
1.09959
1.09776
1.09605
1.09228
1.08625
1.08156
1.07916
1.07457
1.06634
1.06084
1.05879
1.05805
1.05388
1.0483
1.09629
1.10023
1.10311
1.10817
1.11179
1.1162
1.11975
1.12345
1.12622
1.12958
1.13102
1.13411
1.13401
1.13656
1.13557
1.13718
1.13533
1.13493
1.13214
1.12994
1.12652
1.12367
1.12058
1.11799
1.11548
1.11286
1.11066
1.1089
1.10587
1.10017
1.09481
1.09361
1.09266
1.08609
1.07815
1.07542
1.0744
1.07058
1.06442
1.05932
1.09633
1.11141
1.11939
1.12968
1.13561
1.14463
1.15055
1.15863
1.165
1.17227
1.1787
1.18583
1.19082
1.19777
1.20149
1.20888
1.21202
1.21891
1.22174
1.22737
1.22918
1.23218
1.23211
1.23181
1.22911
1.22649
1.22267
1.2171
1.20784
1.19839
1.19264
1.18848
1.17873
1.16412
1.15199
1.14282
1.13267
1.12298
1.11294
1.09995
1.21369
1.21498
1.22502
1.22993
1.24134
1.24524
1.25644
1.25894
1.26874
1.2697
1.27809
1.27803
1.285
1.28362
1.28787
1.2856
1.28629
1.28355
1.28077
1.27741
1.27133
1.26655
1.25825
1.2522
1.24326
1.23616
1.22634
1.21826
1.20888
1.20134
1.1929
1.18396
1.17313
1.16265
1.153
1.14229
1.12942
1.11497
1.09965
1.08659
1.19307
1.22966
1.27797
1.31285
1.35733
1.38899
1.42981
1.45817
1.495
1.51921
1.55181
1.57127
1.59918
1.6137
1.63668
1.64629
1.6637
1.66832
1.68108
1.6815
1.68872
1.68353
1.68583
1.67648
1.67292
1.65771
1.64926
1.63149
1.61902
1.59792
1.57985
1.55442
1.53061
1.50189
1.47482
1.44479
1.4159
1.38686
1.35803
1.32889
0.998324
1.00733
1.00734
1.00587
1.00575
1.00574
1.00563
1.00559
1.00563
1.00583
1.00535
1.00501
1.00447
1.00405
1.00361
1.00318
1.00279
1.00221
1.00125
1.00069
0.999925
0.999248
0.998477
0.997583
0.996819
0.996139
0.995565
0.995129
0.994809
0.994812
0.995171
0.995637
0.996285
0.997088
0.997999
0.999302
1.00193
1.00486
1.0038
0.987546
1.00935
1.00977
1.00697
1.00599
1.00601
1.00608
1.00632
1.0069
1.00727
1.00768
1.00758
1.00698
1.00611
1.00487
1.00412
1.0035
1.0029
1.00216
1.00118
1.00064
0.999865
0.999197
0.998433
0.997602
0.996888
0.996239
0.995697
0.99507
0.994573
0.99462
0.994819
0.99541
0.996159
0.997024
0.998193
1.00043
1.00348
1.00812
1.01087
0.997083
1.01057
1.00997
1.00721
1.00633
1.00657
1.00636
1.00639
1.00699
1.00743
1.00763
1.00809
1.00828
1.00808
1.0065
1.00476
1.00363
1.00281
1.00181
1.0009
1.00048
0.99972
0.999084
0.998312
0.997471
0.996778
0.99616
0.995616
0.994847
0.994239
0.994285
0.994297
0.994928
0.995883
0.996882
0.998392
1.00149
1.00694
1.01099
1.01489
1.00452
1.01278
1.0082
1.00627
1.00587
1.00631
1.00593
1.00575
1.00641
1.00679
1.00718
1.0079
1.00806
1.00845
1.00727
1.0059
1.00407
1.00288
1.00165
1.00079
1.00042
0.999644
0.998958
0.998124
0.997256
0.996474
0.995895
0.995353
0.994563
0.99396
0.993839
0.993811
0.994418
0.995586
0.996869
0.998942
1.00339
1.00719
1.01141
1.0157
1.0123
1.00953
1.00576
1.00562
1.00552
1.00611
1.0059
1.0058
1.00655
1.00682
1.00718
1.00764
1.00741
1.00827
1.0083
1.00772
1.00519
1.00342
1.00187
1.00095
1.00055
0.999721
0.999037
0.998151
0.997273
0.996444
0.995844
0.995186
0.994332
0.993685
0.993387
0.993391
0.994082
0.995467
0.997145
1.00032
1.0046
1.00613
1.00894
1.01411
1.01748
1.00912
1.00521
1.0057
1.00567
1.00641
1.00644
1.00685
1.00767
1.00774
1.00781
1.00801
1.00741
1.00752
1.00814
1.00857
1.00796
1.00509
1.00294
1.00174
1.00084
0.99999
0.999174
0.99824
0.997357
0.99649
0.995736
0.994972
0.994039
0.993362
0.992809
0.992912
0.993757
0.995262
0.997441
1.00103
1.00417
1.00504
1.00691
1.00925
1.01785
1.00746
1.00476
1.00626
1.00627
1.00779
1.00844
1.00894
1.00931
1.01005
1.00978
1.00882
1.00797
1.00748
1.00764
1.00778
1.0085
1.00798
1.00551
1.00312
1.00149
0.999997
0.998888
0.998012
0.997166
0.996303
0.995404
0.994573
0.993671
0.992856
0.992098
0.992332
0.993342
0.994916
0.997462
1.00072
1.00362
1.00488
1.00684
1.0037
1.01745
1.00709
1.00481
1.00655
1.0064
1.00829
1.00903
1.00915
1.00912
1.01013
1.01035
1.01011
1.00979
1.0082
1.00805
1.00787
1.00807
1.00858
1.00722
1.00452
1.00208
1.00023
0.998625
0.997611
0.996752
0.99594
0.994921
0.993927
0.992984
0.9921
0.991331
0.991724
0.992868
0.994582
0.997267
1.00027
1.00327
1.00449
1.00713
0.999164
1.01733
1.00698
1.00512
1.00656
1.00624
1.00782
1.00837
1.00825
1.0079
1.00913
1.00993
1.01007
1.01074
1.01069
1.00981
1.00914
1.00861
1.00901
1.00784
1.00602
1.00321
1.00066
0.998786
0.997453
0.996418
0.995403
0.994212
0.993118
0.992116
0.99119
0.990558
0.991109
0.992328
0.994225
0.996963
0.999897
1.00281
1.00363
1.00847
0.99572
1.01724
1.00686
1.00546
1.00688
1.00642
1.00756
1.00787
1.00814
1.00772
1.00814
1.00947
1.0098
1.0105
1.0111
1.01107
1.01113
1.01008
1.0094
1.00847
1.00695
1.00461
1.00145
0.999146
0.997501
0.996016
0.994707
0.993356
0.992163
0.991124
0.990231
0.98976
0.990374
0.991704
0.993775
0.996555
0.999389
1.00223
1.00224
1.00895
0.993242
1.01669
1.00674
1.00584
1.00748
1.00726
1.00789
1.00781
1.00854
1.00837
1.00811
1.00873
1.00923
1.00988
1.01076
1.0108
1.01106
1.01089
1.01016
1.00863
1.00723
1.00535
1.00264
0.999831
0.997492
0.995545
0.993955
0.992443
0.99117
0.990087
0.989208
0.988865
0.989613
0.991034
0.993228
0.996031
0.998776
1.00162
1.00095
1.00841
0.991493
1.01525
1.00685
1.00655
1.00866
1.00893
1.00875
1.00799
1.00849
1.00903
1.00875
1.00869
1.00818
1.00833
1.01009
1.01042
1.01032
1.01047
1.01019
1.0089
1.00726
1.00536
1.00319
1.00044
0.997436
0.995081
0.993244
0.991549
0.990054
0.988891
0.988126
0.98786
0.988775
0.990298
0.992585
0.995387
0.998091
1.00108
0.999771
1.00797
0.991334
1.01423
1.00705
1.00705
1.00925
1.00966
1.00971
1.00874
1.00845
1.00884
1.00876
1.00855
1.00793
1.00746
1.00838
1.00935
1.00908
1.00945
1.0096
1.00892
1.00726
1.0052
1.00312
1.00049
0.997446
0.994729
0.992537
0.990593
0.988986
0.987733
0.986934
0.986794
0.987788
0.989438
0.991813
0.994649
0.997253
1.00037
0.998778
1.0074
0.991
1.01273
1.00721
1.00727
1.00914
1.0095
1.00957
1.00942
1.00885
1.00881
1.00791
1.0077
1.00798
1.00738
1.00756
1.0087
1.008
1.00792
1.00847
1.00834
1.00688
1.00515
1.0028
1.00026
0.997341
0.994407
0.991871
0.98962
0.987723
0.986371
0.985661
0.985673
0.986717
0.988453
0.990912
0.993781
0.996341
0.999409
0.998038
1.00655
0.990771
1.01127
1.00725
1.00728
1.0088
1.00911
1.00923
1.00913
1.00864
1.0085
1.00788
1.00735
1.00782
1.00777
1.00739
1.00864
1.008
1.00717
1.00732
1.00749
1.00676
1.00476
1.00259
0.99991
0.996975
0.993911
0.991153
0.98867
0.98654
0.985039
0.984322
0.984463
0.985558
0.987356
0.989883
0.992826
0.995323
0.99836
0.997215
1.0063
0.99048
1.00955
1.00753
1.00749
1.0087
1.00892
1.00902
1.00887
1.00859
1.00804
1.00812
1.00771
1.00787
1.00777
1.00702
1.00852
1.00871
1.00752
1.00686
1.00713
1.00616
1.00459
1.00219
0.999416
0.996299
0.993117
0.990206
0.987577
0.985237
0.983627
0.982922
0.98313
0.984249
0.986138
0.988735
0.991748
0.994379
0.997425
0.996569
1.00633
0.990905
1.00898
1.00787
1.00784
1.00894
1.0091
1.00909
1.0091
1.00889
1.00821
1.00797
1.00778
1.00718
1.00659
1.00605
1.00792
1.00931
1.00923
1.00766
1.00665
1.00615
1.00414
1.00173
0.99879
0.995534
0.992162
0.989036
0.986198
0.983725
0.982105
0.981394
0.981631
0.982772
0.984771
0.987477
0.990484
0.993264
0.996609
0.995784
1.00625
0.991884
1.00871
1.00821
1.00821
1.00911
1.00927
1.00967
1.00979
1.00992
1.00944
1.00843
1.00788
1.00738
1.00678
1.00616
1.00757
1.00932
1.00935
1.00913
1.00738
1.00582
1.00375
1.00114
0.998013
0.994594
0.990975
0.987572
0.984604
0.982067
0.980426
0.97972
0.979938
0.981123
0.983219
0.986043
0.989177
0.991924
0.995494
0.994874
1.00605
0.992368
1.00779
1.00854
1.00869
1.00943
1.00945
1.00968
1.00971
1.01
1.00991
1.00969
1.00868
1.00847
1.00785
1.00732
1.00773
1.00891
1.00956
1.00935
1.00769
1.00554
1.0033
1.00039
0.997086
0.993459
0.989676
0.986055
0.98286
0.980247
0.978588
0.977827
0.978026
0.979255
0.981481
0.984392
0.987693
0.990724
0.994198
0.994078
1.00541
0.992667
1.00647
1.00888
1.00928
1.01013
1.01009
1.00983
1.00961
1.0097
1.00964
1.01048
1.01101
1.01121
1.01064
1.01006
1.00889
1.00944
1.00958
1.00857
1.00722
1.00531
1.00253
0.99946
0.995967
0.992145
0.988137
0.984264
0.980838
0.978151
0.976416
0.975612
0.975825
0.977115
0.979485
0.982633
0.985935
0.989106
0.993151
0.993406
1.00408
0.993209
1.00546
1.00934
1.00988
1.01145
1.01173
1.01117
1.01053
1.01049
1.01034
1.01183
1.01374
1.01427
1.01318
1.01073
1.00954
1.00889
1.0088
1.00774
1.00717
1.00453
1.00161
0.998419
0.994683
0.990637
0.986344
0.98222
0.978594
0.975704
0.973861
0.973021
0.97327
0.97468
0.977215
0.980515
0.984145
0.987191
0.991679
0.992725
1.0025
0.993633
1.00444
1.01
1.01046
1.01199
1.01236
1.01288
1.01296
1.01359
1.01368
1.01458
1.01545
1.01513
1.01503
1.01212
1.00982
1.00848
1.00823
1.0078
1.00666
1.00334
1.00075
0.99712
0.993142
0.988835
0.984254
0.979881
0.976017
0.972942
0.970927
0.970046
0.97033
0.97189
0.97459
0.978206
0.982042
0.985568
0.99027
0.992209
1.00136
0.994175
1.00345
1.01045
1.01081
1.01201
1.01211
1.01284
1.01315
1.0151
1.01609
1.01683
1.01685
1.01621
1.01589
1.01473
1.01065
1.00799
1.00646
1.00711
1.00527
1.00256
0.999441
0.995578
0.991525
0.986875
0.981936
0.977195
0.972982
0.969726
0.967589
0.966643
0.966995
0.96865
0.971586
0.975458
0.979958
0.983358
0.988215
0.991307
1.00041
0.994658
1.00258
1.01083
1.01122
1.01217
1.01221
1.01281
1.01322
1.01533
1.01623
1.01715
1.01715
1.01717
1.01606
1.01535
1.01183
1.00794
1.00586
1.00492
1.0041
1.00089
0.998018
0.994079
0.989453
0.984347
0.979073
0.973873
0.969474
0.966074
0.963686
0.962699
0.963153
0.964889
0.96812
0.972173
0.977048
0.981884
0.986203
0.989995
0.999184
0.99463
1.00142
1.01155
1.01209
1.01274
1.01289
1.01327
1.01392
1.01608
1.01698
1.01764
1.01726
1.01686
1.0154
1.01461
1.01309
1.00948
1.00627
1.00471
1.00317
0.999698
0.996516
0.991852
0.987124
0.981853
0.976012
0.970404
0.965411
0.961722
0.959174
0.958102
0.958677
0.960582
0.963964
0.968506
0.973485
0.978071
0.984054
0.988895
0.998498
0.994721
1.00025
1.01263
1.01318
1.0135
1.0139
1.01462
1.0153
1.01695
1.01749
1.01769
1.01709
1.01621
1.01483
1.01368
1.01333
1.01242
1.00902
1.00511
1.00273
0.998393
0.994589
0.989976
0.984473
0.978167
0.972086
0.965665
0.960574
0.956759
0.953874
0.952752
0.953448
0.955598
0.959256
0.96378
0.969895
0.975265
0.980637
0.986081
0.996653
0.994372
0.999069
1.01365
1.01411
1.01408
1.01433
1.01525
1.01597
1.01763
1.01721
1.01747
1.01657
1.0158
1.01478
1.01384
1.01303
1.01238
1.01021
1.00596
1.00194
0.997316
0.992815
0.986557
0.980532
0.974661
0.967501
0.960752
0.955184
0.950711
0.947688
0.946518
0.947326
0.949768
0.953892
0.958614
0.964858
0.972505
0.97845
0.984332
0.994789
0.993729
0.99778
1.01453
1.01468
1.01417
1.01463
1.01553
1.01619
1.01762
1.01661
1.0174
1.01612
1.01584
1.0149
1.01417
1.01282
1.01074
1.00779
1.00373
0.999456
0.994717
0.989087
0.983021
0.977039
0.968888
0.961735
0.954651
0.948269
0.943732
0.940377
0.93915
0.940105
0.942936
0.947472
0.953035
0.959197
0.966396
0.974509
0.981193
0.993052
0.992996
0.99681
1.01545
1.01552
1.01492
1.01619
1.01683
1.01685
1.01751
1.01683
1.01715
1.01627
1.01592
1.01493
1.01383
1.01207
1.00946
1.00604
1.00195
0.997385
0.991871
0.985533
0.978635
0.970364
0.963053
0.955109
0.946365
0.940544
0.935468
0.931687
0.930402
0.931634
0.93491
0.939908
0.946586
0.953749
0.959841
0.970082
0.976876
0.990196
0.991587
0.995775
1.01651
1.01649
1.01666
1.01768
1.01774
1.01719
1.01803
1.01689
1.01759
1.01632
1.01622
1.01493
1.01366
1.01144
1.00865
1.00469
0.999752
0.99385
0.987319
0.980503
0.971943
0.964016
0.954726
0.944864
0.937437
0.930728
0.924866
0.92097
0.919715
0.921349
0.925216
0.931107
0.93854
0.947651
0.954642
0.965366
0.971709
0.985522
0.989264
0.994475
1.01753
1.01831
1.01824
1.01834
1.01838
1.01808
1.01898
1.0176
1.01853
1.01756
1.01748
1.01596
1.01407
1.01121
1.00736
1.00227
0.996258
0.989656
0.982357
0.973787
0.964278
0.954907
0.944385
0.935214
0.925618
0.917975
0.912107
0.907904
0.906836
0.909066
0.913784
0.92077
0.929008
0.93997
0.948689
0.960107
0.966456
0.980742
0.986573
0.993509
1.02107
1.02117
1.01856
1.018
1.01777
1.0174
1.01777
1.01705
1.01876
1.01716
1.01698
1.01473
1.01236
1.00835
1.00359
0.997732
0.990825
0.983587
0.974837
0.964313
0.954762
0.942542
0.9307
0.919231
0.909422
0.901655
0.894492
0.890804
0.890053
0.893238
0.898875
0.907228
0.916903
0.929257
0.940098
0.953086
0.96003
0.975087
0.983117
0.991852
1.0265
1.02539
1.02234
1.02146
1.02064
1.01987
1.01912
1.0177
1.01739
1.01539
1.01642
1.01426
1.01187
1.00737
1.00167
0.994802
0.986516
0.97703
0.966045
0.953354
0.941807
0.927322
0.914788
0.902969
0.891709
0.88171
0.874896
0.87132
0.870865
0.875139
0.881777
0.892057
0.903679
0.917906
0.930244
0.946341
0.954333
0.970568
0.980882
0.99226
1.03125
1.02894
1.02527
1.02439
1.023
1.02124
1.02016
1.01787
1.01503
1.01062
1.00876
1.00566
1.004
0.998666
0.992383
0.983754
0.973388
0.961614
0.94837
0.934337
0.919937
0.9042
0.889823
0.87494
0.862339
0.85233
0.845293
0.842215
0.842225
0.849014
0.856777
0.869466
0.884167
0.900253
0.91537
0.934132
0.943827
0.962186
0.974453
0.989609
1.03693
1.03405
1.03053
1.03036
1.02738
1.02521
1.0238
1.02042
1.01722
1.0118
1.0065
1.0019
0.998721
0.993411
0.986204
0.975667
0.963188
0.948292
0.932502
0.915479
0.898127
0.879922
0.862972
0.84595
0.832986
0.822276
0.814895
0.81302
0.814748
0.823119
0.832897
0.849316
0.866597
0.887302
0.903106
0.92828
0.938908
0.960036
0.976288
0.988607
1.04403
1.04038
1.03649
1.035
1.02993
1.02767
1.02397
1.01848
1.01475
1.00622
0.998521
0.989496
0.982597
0.974372
0.963819
0.950195
0.933416
0.91531
0.895129
0.874872
0.853372
0.832166
0.811999
0.792852
0.777851
0.766374
0.759751
0.760062
0.763161
0.7759
0.788801
0.80858
0.831751
0.854979
0.876694
0.903568
0.922889
0.941031
0.966929
0.983992
1.05482
1.05111
1.047
1.04264
1.03643
1.03308
1.02459
1.01838
1.01107
0.998457
0.990504
0.977971
0.968885
0.956642
0.941457
0.923085
0.902722
0.878351
0.855286
0.828679
0.804417
0.779163
0.756611
0.736266
0.721324
0.711912
0.708954
0.713271
0.724311
0.741662
0.760657
0.788426
0.815373
0.850759
0.870356
0.912192
0.930168
0.958221
0.97796
0.994521
1.08699
1.07778
1.06418
1.05673
1.04513
1.03765
1.02398
1.01782
1.00019
0.992347
0.975441
0.959253
0.942835
0.918106
0.896065
0.867756
0.836934
0.807969
0.772983
0.742687
0.709312
0.679902
0.652286
0.629407
0.613567
0.60578
0.606952
0.615306
0.637827
0.655891
0.686013
0.718362
0.753779
0.796087
0.821964
0.862058
0.898773
0.928642
0.975674
1.00071
1.08136
1.07368
1.07316
1.06674
1.06129
1.05065
1.03669
1.01776
0.995316
0.971302
0.940794
0.913075
0.877609
0.841497
0.806288
0.761033
0.728371
0.679104
0.645136
0.602536
0.56906
0.537598
0.513794
0.499096
0.495347
0.503974
0.524916
0.553722
0.596646
0.640369
0.679035
0.741733
0.783752
0.840667
0.886958
0.926603
0.968181
1.0012
1.02724
1.06054
1.29827
1.26848
1.22752
1.18883
1.14081
1.09696
1.0453
0.999558
0.946123
0.898119
0.841942
0.792113
0.732123
0.680615
0.620097
0.564513
0.508174
0.448787
0.401088
0.34693
0.310888
0.280784
0.271431
0.283236
0.309559
0.358159
0.404075
0.474393
0.539204
0.59305
0.685282
0.734076
0.81924
0.873829
0.952123
1.00398
1.07814
1.12989
1.19543
1.23901
0.998168
0.998176
0.998175
0.998175
0.998174
0.998173
0.998173
0.998172
0.998172
0.998172
0.998172
0.998172
0.998173
0.998174
0.998173
0.998174
0.998177
0.998178
0.99818
0.998179
0.998179
0.99818
0.998182
0.998183
0.998184
0.998184
0.998184
0.998184
0.998184
0.998183
0.998183
0.998182
0.998182
0.998182
0.998182
0.99818
0.99818
0.99818
0.99818
0.998172
0.99627
0.996284
0.996283
0.996285
0.996288
0.99629
0.996292
0.996294
0.996296
0.996297
0.996297
0.996297
0.996296
0.996293
0.996293
0.996296
0.99629
0.996289
0.996286
0.996279
0.996274
0.996273
0.996274
0.996273
0.996272
0.996271
0.99627
0.99627
0.99627
0.996271
0.996271
0.996273
0.996275
0.996277
0.996276
0.996278
0.996279
0.99628
0.996282
0.99627
0.999981
0.999998
0.999999
1
1.00001
1.00001
1.00001
1.00002
1.00002
1.00002
1.00003
1.00003
1.00003
1.00003
1.00003
1.00002
1.00001
1.00001
1.00001
1
0.999999
0.999997
0.999996
0.999994
0.999992
0.99999
0.999989
0.999989
0.999989
0.99999
0.999991
0.999993
0.999994
0.999995
1
1.00001
1.00001
1.00001
1.00001
0.999997
1.00501
1.00505
1.00505
1.00506
1.00507
1.00508
1.0051
1.00511
1.00511
1.00512
1.00512
1.00512
1.00511
1.0051
1.00511
1.00512
1.00507
1.00506
1.00504
1.00503
1.00501
1.005
1.00498
1.00497
1.00496
1.00495
1.00494
1.00493
1.00493
1.00493
1.00493
1.00493
1.00493
1.00493
1.00493
1.00495
1.00495
1.00495
1.00496
1.00492
1.00216
1.0022
1.0022
1.00221
1.00223
1.00224
1.00226
1.00227
1.00228
1.00228
1.00228
1.00228
1.00227
1.00225
1.00227
1.00229
1.00223
1.00222
1.0022
1.00218
1.00217
1.00215
1.00212
1.0021
1.00209
1.00208
1.00207
1.00206
1.00206
1.00205
1.00205
1.00206
1.00206
1.00205
1.00204
1.00206
1.00206
1.00207
1.00208
1.00203
0.997415
0.997469
0.997476
0.99749
0.99751
0.997532
0.997551
0.997567
0.997579
0.997585
0.997585
0.997574
0.997555
0.997515
0.997467
0.997511
0.997449
0.99742
0.997377
0.997338
0.997297
0.997257
0.997218
0.997183
0.997149
0.997121
0.997097
0.997082
0.99707
0.997061
0.997059
0.997062
0.99707
0.997094
0.99705
0.997055
0.997065
0.997068
0.997072
0.997017
0.998593
0.99865
0.998657
0.998672
0.998695
0.998717
0.998738
0.998755
0.998768
0.998774
0.998775
0.998764
0.998743
0.998699
0.998641
0.998676
0.99862
0.998583
0.998538
0.998497
0.998452
0.998407
0.998364
0.998323
0.998286
0.998254
0.998228
0.99821
0.998198
0.998188
0.998185
0.998189
0.998201
0.998239
0.998195
0.998189
0.998201
0.998204
0.998208
0.99815
1.00105
1.00112
1.00113
1.00115
1.00117
1.00119
1.00121
1.00123
1.00124
1.00124
1.00123
1.00121
1.00119
1.00114
1.00107
1.00111
1.00106
1.001
1.00092
1.00086
1.0008
1.00073
1.00067
1.00061
1.00056
1.00051
1.00047
1.00044
1.00041
1.00039
1.00039
1.00039
1.0004
1.00045
1.0004
1.00036
1.00036
1.00036
1.00036
1.00029
1.00079
1.00086
1.00087
1.00089
1.00091
1.00094
1.00096
1.00097
1.00099
1.00098
1.00097
1.00095
1.00093
1.00088
1.0008
1.00085
1.0008
1.00074
1.00066
1.00059
1.00052
1.00045
1.00038
1.00032
1.00027
1.00021
1.00017
1.00014
1.00011
1.00009
1.00009
1.00009
1.0001
1.00015
1.0001
1.00005
1.00005
1.00005
1.00004
0.999976
1.00029
1.00036
1.00037
1.0004
1.00042
1.00044
1.00046
1.00047
1.00048
1.00047
1.00046
1.00044
1.00039
1.00033
1.00023
1.00025
1.0002
1.00013
1.00002
0.99993
0.99984
0.99975
0.999664
0.99958
0.999506
0.99944
0.999386
0.999344
0.999316
0.999292
0.999282
0.999277
0.999287
0.99932
0.999276
0.999237
0.999227
0.999214
0.999207
0.999134
1.00037
1.00045
1.00046
1.00048
1.00051
1.00053
1.00055
1.00056
1.00057
1.00056
1.00054
1.00052
1.00047
1.00041
1.0003
1.00031
1.00026
1.00018
1.00007
0.999976
0.999883
0.999788
0.999696
0.999607
0.999527
0.999456
0.999399
0.999354
0.999322
0.999296
0.999286
0.99928
0.999286
0.999301
0.999265
0.999238
0.999225
0.99921
0.999198
0.999123
1.00063
1.00071
1.00073
1.00075
1.00078
1.0008
1.00081
1.00082
1.00082
1.00081
1.00079
1.00076
1.0007
1.00064
1.00052
1.00051
1.00045
1.00036
1.00023
1.00012
1.00001
0.999891
0.99978
0.999676
0.99958
0.999497
0.999429
0.999375
0.999337
0.999308
0.999295
0.999287
0.999292
0.9993
0.999263
0.999242
0.999226
0.999208
0.999197
0.99912
1.00072
1.0008
1.00082
1.00085
1.00087
1.00089
1.00091
1.00091
1.00091
1.0009
1.00087
1.00083
1.00077
1.0007
1.00059
1.00056
1.00048
1.00037
1.00024
1.00012
0.999998
0.999876
0.999757
0.999647
0.999544
0.999455
0.999381
0.999322
0.999279
0.999247
0.999231
0.99922
0.999222
0.999211
0.999177
0.999169
0.999148
0.999127
0.999111
0.999031
1.00079
1.00087
1.00089
1.00092
1.00095
1.00097
1.00098
1.00099
1.00098
1.00096
1.00093
1.00089
1.00082
1.00075
1.00064
1.00059
1.0005
1.00038
1.00023
1.0001
0.999968
0.999832
0.999698
0.999572
0.999455
0.999354
0.999268
0.9992
0.999151
0.999116
0.999096
0.999087
0.999086
0.99907
0.999043
0.999032
0.999008
0.998984
0.998964
0.998881
1.00088
1.00096
1.00099
1.00102
1.00105
1.00107
1.00108
1.00109
1.00108
1.00105
1.00102
1.00097
1.0009
1.00082
1.00072
1.00064
1.00053
1.0004
1.00025
1.00011
0.999961
0.999811
0.999666
0.999527
0.999399
0.999289
0.999196
0.99912
0.999069
0.999031
0.999009
0.998999
0.998996
0.998982
0.998959
0.998944
0.998919
0.99889
0.998866
0.998781
1.00097
1.00106
1.00109
1.00113
1.00116
1.00118
1.00119
1.00119
1.00118
1.00115
1.00111
1.00106
1.00099
1.0009
1.00079
1.0007
1.00058
1.00043
1.00028
1.00012
0.999957
0.999794
0.999635
0.999483
0.999346
0.999224
0.999122
0.999039
0.998984
0.998944
0.998918
0.998909
0.998902
0.998894
0.998872
0.998855
0.998827
0.998793
0.998764
0.998674
1.00106
1.00115
1.00119
1.00123
1.00126
1.00129
1.0013
1.0013
1.00128
1.00125
1.0012
1.00115
1.00107
1.00097
1.00086
1.00075
1.00062
1.00047
1.0003
1.00013
0.999951
0.999773
0.9996
0.999436
0.999285
0.999153
0.999042
0.998953
0.998891
0.998848
0.998824
0.998814
0.998807
0.998802
0.998782
0.998763
0.998731
0.998693
0.998657
0.998563
1.00114
1.00124
1.00129
1.00133
1.00137
1.0014
1.00141
1.00141
1.00139
1.00135
1.0013
1.00124
1.00115
1.00105
1.00093
1.00081
1.00067
1.0005
1.00032
1.00014
0.999944
0.999752
0.999563
0.999385
0.999221
0.999077
0.998958
0.998863
0.998794
0.998749
0.998727
0.998716
0.998714
0.99871
0.998692
0.998671
0.998636
0.998591
0.998548
0.998447
1.00123
1.00133
1.00138
1.00144
1.00147
1.0015
1.00152
1.00151
1.00149
1.00145
1.00139
1.00133
1.00124
1.00113
1.00101
1.00087
1.00072
1.00054
1.00035
1.00014
0.999938
0.999731
0.999527
0.999334
0.999156
0.999
0.998871
0.99877
0.998696
0.998649
0.99863
0.998618
0.998622
0.998619
0.998605
0.998582
0.998542
0.99849
0.998438
0.998331
1.0013
1.00142
1.00147
1.00154
1.00158
1.00162
1.00163
1.00162
1.0016
1.00155
1.00149
1.00142
1.00133
1.00121
1.00108
1.00094
1.00077
1.00058
1.00037
1.00015
0.999932
0.999707
0.999488
0.999279
0.999089
0.998921
0.998782
0.998674
0.998596
0.998547
0.998528
0.998521
0.998528
0.998529
0.998517
0.998493
0.99845
0.998388
0.998325
0.998207
1.00138
1.0015
1.00157
1.00164
1.0017
1.00173
1.00174
1.00174
1.00171
1.00166
1.00159
1.00152
1.00142
1.0013
1.00116
1.001
1.00082
1.00062
1.0004
1.00016
0.999926
0.999685
0.999448
0.999224
0.999018
0.998837
0.998688
0.998573
0.998492
0.998443
0.998423
0.998424
0.998435
0.998441
0.998433
0.998408
0.998359
0.998287
0.998211
0.998081
1.00145
1.00159
1.00167
1.00175
1.00181
1.00185
1.00186
1.00185
1.00182
1.00177
1.00171
1.00162
1.00151
1.00138
1.00124
1.00107
1.00088
1.00066
1.00042
1.00018
0.99992
0.999661
0.999408
0.999166
0.998944
0.99875
0.99859
0.998468
0.998383
0.998336
0.998318
0.998325
0.998342
0.998355
0.998351
0.998326
0.99827
0.998186
0.998094
0.997947
1.00151
1.00166
1.00176
1.00186
1.00193
1.00197
1.00198
1.00197
1.00193
1.00188
1.00181
1.00172
1.0016
1.00147
1.00132
1.00114
1.00093
1.0007
1.00045
1.00019
0.999914
0.999637
0.999364
0.999104
0.998866
0.998658
0.998487
0.998357
0.998269
0.998224
0.998209
0.998224
0.998248
0.99827
0.998272
0.998246
0.998185
0.998086
0.997975
0.997806
1.00156
1.00175
1.00185
1.00197
1.00205
1.00209
1.00211
1.00209
1.00205
1.00199
1.00192
1.00182
1.0017
1.00156
1.0014
1.00121
1.001
1.00075
1.00048
1.0002
0.99991
0.999613
0.999322
0.999044
0.998788
0.998565
0.99838
0.998244
0.998152
0.998109
0.9981
0.998121
0.998156
0.998187
0.998198
0.998172
0.998103
0.997987
0.997851
0.997655
1.0016
1.00181
1.00195
1.00209
1.00217
1.00222
1.00223
1.00221
1.00217
1.0021
1.00203
1.00193
1.0018
1.00166
1.00149
1.00129
1.00106
1.0008
1.00051
1.00021
0.999904
0.999588
0.999275
0.998976
0.998703
0.998463
0.998269
0.998122
0.998029
0.997985
0.997987
0.998017
0.998062
0.998106
0.998127
0.998103
0.998027
0.997891
0.997727
0.997491
1.00165
1.00189
1.00205
1.0022
1.0023
1.00235
1.00236
1.00234
1.00229
1.00222
1.00214
1.00203
1.00191
1.00176
1.00158
1.00137
1.00112
1.00085
1.00055
1.00023
0.999901
0.999562
0.999229
0.998909
0.998615
0.998359
0.99815
0.997997
0.9979
0.997861
0.997869
0.997912
0.997967
0.99803
0.99806
0.998041
0.997957
0.997798
0.997597
0.997313
1.00166
1.00195
1.00214
1.00233
1.00244
1.00249
1.0025
1.00247
1.00241
1.00234
1.00225
1.00214
1.00201
1.00186
1.00167
1.00145
1.0012
1.00091
1.00059
1.00026
0.999897
0.999537
0.99918
0.998838
0.998523
0.998249
0.998026
0.997864
0.997767
0.99773
0.997749
0.9978
0.997878
0.997953
0.998005
0.997988
0.997899
0.997712
0.997468
0.997114
1.00165
1.00201
1.00223
1.00246
1.00257
1.00263
1.00263
1.0026
1.00253
1.00246
1.00237
1.00225
1.00212
1.00196
1.00177
1.00154
1.00127
1.00097
1.00064
1.00028
0.999894
0.99951
0.999129
0.998763
0.998426
0.998132
0.997893
0.997724
0.997623
0.997593
0.997622
0.99769
0.997786
0.997877
0.997949
0.997941
0.997846
0.997626
0.997332
0.996884
1.00164
1.00208
1.00235
1.00262
1.00273
1.00279
1.00279
1.00275
1.00267
1.00259
1.00249
1.00237
1.00224
1.00207
1.00187
1.00164
1.00136
1.00104
1.00068
1.0003
0.999895
0.999487
0.99908
0.998689
0.998325
0.998012
0.997757
0.997576
0.997476
0.997451
0.997492
0.997583
0.997698
0.997812
0.997904
0.997917
0.997817
0.997564
0.997203
0.99664
1.00157
1.00213
1.00245
1.00276
1.00289
1.00293
1.00293
1.00288
1.0028
1.0027
1.0026
1.00249
1.00234
1.00218
1.00198
1.00173
1.00144
1.0011
1.00072
1.00031
0.999887
0.999453
0.999023
0.998603
0.998216
0.997878
0.997607
0.997415
0.997312
0.997298
0.997353
0.997465
0.997601
0.99774
0.997853
0.997895
0.997794
0.997489
0.997067
0.996321
1.00151
1.0022
1.0026
1.00293
1.00305
1.00311
1.00309
1.00303
1.00294
1.00283
1.00273
1.00261
1.00247
1.0023
1.0021
1.00184
1.00155
1.00118
1.00078
1.00035
0.999899
0.999439
0.998974
0.998524
0.998105
0.997743
0.997449
0.997249
0.997145
0.997143
0.997213
0.997351
0.997514
0.997688
0.997831
0.997894
0.997811
0.997465
0.996946
0.995983
1.00132
1.00224
1.0027
1.0031
1.00326
1.00325
1.00324
1.00316
1.00306
1.00294
1.00284
1.00271
1.00258
1.00241
1.0022
1.00194
1.00163
1.00124
1.00083
1.00036
0.999877
0.999389
0.998904
0.998426
0.997981
0.997593
0.997284
0.997068
0.996959
0.996965
0.997062
0.997221
0.997411
0.997614
0.997793
0.997902
0.997832
0.997412
0.996839
0.995538
1.00114
1.0023
1.00289
1.00333
1.0034
1.00346
1.00341
1.00332
1.00321
1.00309
1.00297
1.00284
1.00271
1.00255
1.00234
1.00206
1.00175
1.00134
1.00088
1.0004
0.999916
0.999397
0.998867
0.998342
0.997852
0.997432
0.99709
0.99687
0.996766
0.996786
0.996906
0.997098
0.997324
0.997571
0.997801
0.997927
0.997926
0.997438
0.996728
0.994971
1.00077
1.00245
1.00308
1.00351
1.00365
1.00365
1.00359
1.00347
1.00335
1.00321
1.00308
1.00296
1.00284
1.00267
1.00245
1.00218
1.00183
1.00141
1.00094
1.00041
0.999864
0.999316
0.99877
0.998226
0.99772
0.997277
0.996924
0.996679
0.996554
0.996595
0.996751
0.99697
0.99722
0.997508
0.997786
0.99797
0.998029
0.997482
0.99676
0.994416
1.00044
1.00237
1.00327
1.00382
1.00387
1.00378
1.00373
1.00358
1.00346
1.00331
1.00318
1.00305
1.00295
1.0028
1.0026
1.00231
1.00196
1.00152
1.00098
1.00045
0.99994
0.999364
0.998769
0.998146
0.997564
0.997073
0.996673
0.996425
0.996324
0.996376
0.996565
0.996819
0.997113
0.997449
0.997805
0.998058
0.998196
0.997573
0.996599
0.993457
0.999824
1.00286
1.00366
1.00419
1.00402
1.004
1.00399
1.0038
1.00365
1.00349
1.00333
1.00321
1.00311
1.00295
1.00272
1.00242
1.00205
1.0016
1.00104
1.00045
0.99986
0.999245
0.998619
0.997999
0.997426
0.996922
0.996509
0.996238
0.996072
0.996169
0.99641
0.996706
0.997029
0.997419
0.997831
0.998144
0.998448
0.997843
0.996977
0.992553
0.999462
1.00273
1.00406
1.0045
1.00441
1.00421
1.00415
1.00392
1.00377
1.0036
1.00341
1.0033
1.0032
1.00309
1.00289
1.00259
1.00221
1.00172
1.0011
1.00054
0.999932
0.999314
0.998647
0.997917
0.99724
0.996669
0.996224
0.995939
0.995832
0.995926
0.996224
0.996531
0.996886
0.997337
0.99786
0.998309
0.998733
0.998187
0.997137
0.991739
0.998225
1.00356
1.00467
1.00487
1.00474
1.00465
1.00446
1.00417
1.004
1.00379
1.00356
1.00345
1.00334
1.00319
1.00299
1.00266
1.00228
1.00179
1.00108
1.00049
0.999853
0.999208
0.998475
0.997761
0.9971
0.99651
0.996033
0.995692
0.995546
0.995636
0.996009
0.996376
0.996799
0.997317
0.997916
0.998461
0.999206
0.998864
0.997509
0.989717
0.998216
1.0038
1.00518
1.00513
1.00505
1.00496
1.00473
1.00443
1.00427
1.0041
1.00378
1.00365
1.00353
1.00341
1.00321
1.00286
1.00245
1.00195
1.00118
1.00059
0.999875
0.999228
0.998458
0.997607
0.996882
0.996237
0.995751
0.99544
0.99519
0.995365
0.995811
0.996162
0.996578
0.997161
0.997873
0.998587
0.999626
0.999933
0.999838
0.989056
0.994064
1.00633
1.00759
1.00643
1.00611
1.00604
1.00574
1.0054
1.00519
1.00499
1.00445
1.00416
1.00385
1.00367
1.00345
1.00307
1.00259
1.00207
1.00118
1.00058
0.99982
0.999114
0.998336
0.997499
0.996713
0.996057
0.99554
0.995122
0.995007
0.995044
0.995467
0.995855
0.996344
0.997062
0.997901
0.998909
1.00052
1.00167
1.00019
0.984261
1.00462
1.00285
1.00628
1.00091
1.00171
1.00085
1.00159
1.00152
1.00139
1.00113
1.00097
1.00082
1.00063
1.00054
1.00061
1.00079
1.00107
1.0016
1.00195
1.0019
1.0011
1.00038
0.999648
0.99881
0.9979
0.99695
0.996778
0.996297
0.995711
0.99507
0.99536
0.99575
0.996011
0.996566
0.995636
0.998731
0.993482
1.00635
0.988298
0.995353
0.995001
1.00687
1.00469
1.00209
1.00234
1.00267
1.00329
1.00347
1.00358
1.00352
1.00341
1.00323
1.00294
1.00253
1.00224
1.00203
1.00184
1.0018
1.00166
1.00126
1.0007
1.00015
0.999528
0.998836
0.998074
0.997206
0.996927
0.99643
0.996083
0.995715
0.995727
0.996089
0.996461
0.997084
0.997667
0.998865
0.999656
1.00133
1.01143
0.974567
0.995895
1.00782
1.00314
1.00401
1.00305
1.00357
1.00367
1.00392
1.00401
1.004
1.00391
1.00373
1.00344
1.00305
1.00267
1.00229
1.00196
1.00178
1.00141
1.00092
1.00043
0.999931
0.999386
0.998794
0.998197
0.997528
0.997339
0.997025
0.996693
0.996395
0.996285
0.996428
0.996682
0.996966
0.997909
0.997695
1.00095
0.994669
1.01066
0.973731
1.00037
1.00595
1.00293
1.00403
1.0029
1.00321
1.00304
1.00314
1.00314
1.0031
1.00302
1.00288
1.00268
1.00239
1.00206
1.00176
1.00152
1.00135
1.00107
1.0007
1.00031
0.999894
0.99945
0.998973
0.998506
0.998005
0.997759
0.997456
0.997198
0.996962
0.996832
0.996829
0.996939
0.996924
0.997754
0.99661
0.999553
0.994106
1.00247
0.985342
1.00116
1.00426
1.00266
1.00357
1.00279
1.00303
1.00288
1.00285
1.00279
1.0027
1.00258
1.00243
1.00225
1.002
1.00173
1.00152
1.00136
1.0012
1.00094
1.00062
1.00027
0.999906
0.999522
0.99912
0.998728
0.998326
0.998041
0.99773
0.997487
0.997302
0.997184
0.997146
0.997179
0.997119
0.997647
0.996662
0.998501
0.995004
0.999419
0.991793
1.00175
1.00329
1.0025
1.00314
1.00271
1.00285
1.00278
1.00274
1.00268
1.00259
1.00247
1.00232
1.00215
1.00192
1.00168
1.00147
1.00127
1.00108
1.00082
1.00052
1.00021
0.999875
0.999533
0.999184
0.998843
0.998508
0.998235
0.997962
0.997747
0.997577
0.997459
0.997395
0.997374
0.997323
0.997576
0.996929
0.997993
0.99581
0.998002
0.994145
1.00213
1.00282
1.00243
1.00279
1.00257
1.0026
1.00256
1.00252
1.00245
1.00237
1.00225
1.00211
1.00195
1.00176
1.00155
1.00135
1.00115
1.00093
1.00069
1.00043
1.00015
0.999852
0.999548
0.999242
0.998944
0.998656
0.998407
0.998169
0.997973
0.997813
0.99769
0.997604
0.997544
0.997485
0.997541
0.997163
0.997645
0.996398
0.997384
0.995557
1.00219
1.00252
1.00235
1.00252
1.00242
1.00241
1.00237
1.00231
1.00224
1.00216
1.00205
1.00192
1.00177
1.0016
1.00142
1.00123
1.00103
1.00083
1.0006
1.00036
1.00011
0.999845
0.999575
0.999304
0.99904
0.998788
0.99856
0.998348
0.998165
0.998012
0.997885
0.997785
0.997705
0.99763
0.997586
0.997377
0.997517
0.996872
0.997259
0.996395
1.00212
1.0023
1.00225
1.0023
1.00226
1.00224
1.00219
1.00214
1.00207
1.00198
1.00188
1.00176
1.00162
1.00146
1.0013
1.00112
1.00094
1.00074
1.00053
1.00031
1.00008
0.999844
0.999602
0.99936
0.999125
0.9989
0.998693
0.998501
0.998331
0.998181
0.998055
0.997948
0.997856
0.997771
0.997693
0.997563
0.997545
0.997228
0.997336
0.996918
1.00204
1.00214
1.00212
1.00214
1.00211
1.00208
1.00203
1.00198
1.00191
1.00182
1.00172
1.00161
1.00148
1.00134
1.00118
1.00102
1.00085
1.00066
1.00047
1.00027
1.00006
0.999845
0.999628
0.999411
0.9992
0.998997
0.998807
0.998631
0.998474
0.99833
0.998207
0.998098
0.998001
0.997911
0.997825
0.997726
0.997657
0.997495
0.99749
0.997265
1.00193
1.002
1.002
1.00199
1.00196
1.00193
1.00189
1.00183
1.00176
1.00168
1.00159
1.00148
1.00136
1.00123
1.00108
1.00093
1.00077
1.0006
1.00042
1.00023
1.00004
0.999849
0.999652
0.999456
0.999265
0.999081
0.998908
0.998746
0.998598
0.998462
0.998344
0.998236
0.998139
0.998049
0.997963
0.997878
0.997803
0.997707
0.997668
0.997532
1.00181
1.00188
1.00187
1.00185
1.00183
1.00179
1.00175
1.00169
1.00163
1.00155
1.00146
1.00136
1.00125
1.00112
1.00099
1.00085
1.0007
1.00054
1.00038
1.00021
1.00003
0.999853
0.999674
0.999497
0.999324
0.999156
0.998997
0.998849
0.998708
0.998584
0.998467
0.998363
0.99827
0.998182
0.998101
0.998024
0.997955
0.997888
0.997845
0.997761
1.00169
1.00176
1.00175
1.00173
1.0017
1.00167
1.00162
1.00157
1.00151
1.00143
1.00135
1.00125
1.00115
1.00103
1.00091
1.00078
1.00064
1.00049
1.00034
1.00018
1.00002
0.999859
0.999696
0.999534
0.999376
0.999223
0.999076
0.998939
0.99881
0.998692
0.998581
0.998483
0.998392
0.998309
0.998234
0.998164
0.998103
0.998049
0.998012
0.997938
1.00158
1.00164
1.00163
1.00161
1.00159
1.00155
1.00151
1.00146
1.00139
1.00132
1.00124
1.00115
1.00105
1.00095
1.00083
1.00071
1.00058
1.00044
1.0003
1.00016
1.00001
0.999866
0.999716
0.999567
0.999422
0.999282
0.999148
0.999021
0.998902
0.99879
0.998687
0.998593
0.998508
0.998429
0.998359
0.998297
0.998243
0.998199
0.998168
0.998087
1.00147
1.00154
1.00152
1.0015
1.00148
1.00144
1.0014
1.00135
1.00129
1.00122
1.00115
1.00106
1.00097
1.00087
1.00076
1.00065
1.00053
1.0004
1.00028
1.00014
1.00001
0.999871
0.999734
0.999598
0.999465
0.999336
0.999213
0.999095
0.998984
0.998881
0.998784
0.998696
0.998615
0.998542
0.998478
0.998421
0.998373
0.998335
0.99831
0.998233
1.00137
1.00144
1.00142
1.0014
1.00138
1.00134
1.0013
1.00125
1.0012
1.00113
1.00106
1.00098
1.00089
1.0008
1.0007
1.0006
1.00048
1.00037
1.00025
1.00013
1
0.999877
0.999751
0.999626
0.999504
0.999386
0.999271
0.999162
0.999059
0.998964
0.998873
0.99879
0.998715
0.998648
0.998587
0.998536
0.998493
0.99846
0.998437
0.998366
1.00128
1.00134
1.00133
1.00131
1.00128
1.00125
1.00121
1.00116
1.00111
1.00105
1.00098
1.00091
1.00083
1.00074
1.00065
1.00055
1.00044
1.00034
1.00023
1.00011
0.999999
0.999883
0.999767
0.999652
0.99954
0.99943
0.999325
0.999224
0.999128
0.999039
0.998955
0.998878
0.998808
0.998745
0.99869
0.998643
0.998604
0.998574
0.998554
0.998484
1.00119
1.00125
1.00124
1.00122
1.0012
1.00116
1.00113
1.00108
1.00103
1.00097
1.00091
1.00084
1.00076
1.00068
1.0006
1.0005
1.00041
1.00031
1.00021
1.0001
0.999996
0.999889
0.999782
0.999676
0.999572
0.999471
0.999374
0.99928
0.999192
0.999107
0.999031
0.998959
0.998894
0.998836
0.998785
0.998742
0.998706
0.99868
0.998662
0.998583
1.0011
1.00117
1.00116
1.00114
1.00111
1.00108
1.00105
1.00101
1.00096
1.0009
1.00084
1.00078
1.00071
1.00063
1.00055
1.00046
1.00038
1.00028
1.00019
1.00009
0.999993
0.999894
0.999796
0.999698
0.999602
0.999508
0.999418
0.999331
0.999249
0.999171
0.9991
0.999033
0.998973
0.99892
0.998872
0.998833
0.9988
0.998776
0.99876
0.998688
1.00103
1.00109
1.00108
1.00106
1.00104
1.00101
1.00098
1.00094
1.00089
1.00084
1.00078
1.00072
1.00065
1.00058
1.00051
1.00043
1.00035
1.00026
1.00017
1.00008
0.999991
0.9999
0.999808
0.999718
0.999629
0.999542
0.999458
0.999378
0.999302
0.99923
0.999164
0.999102
0.999046
0.998996
0.998953
0.998915
0.998886
0.998863
0.998847
0.998801
1.00095
1.00102
1.00101
1.00099
1.00097
1.00094
1.00091
1.00087
1.00083
1.00078
1.00073
1.00067
1.00061
1.00054
1.00047
1.0004
1.00032
1.00024
1.00016
1.00007
0.999989
0.999904
0.999819
0.999736
0.999653
0.999573
0.999496
0.999421
0.999351
0.999284
0.999222
0.999165
0.999113
0.999066
0.999027
0.998992
0.998965
0.998943
0.998929
0.998875
1.00089
1.00095
1.00094
1.00093
1.00091
1.00088
1.00085
1.00081
1.00077
1.00073
1.00068
1.00062
1.00056
1.0005
1.00044
1.00037
1.00029
1.00022
1.00014
1.00007
0.999988
0.999909
0.99983
0.999753
0.999676
0.999602
0.99953
0.999461
0.999395
0.999334
0.999276
0.999223
0.999175
0.999132
0.999094
0.999062
0.999037
0.999018
0.999004
0.998939
1.00083
1.00089
1.00088
1.00087
1.00085
1.00082
1.00079
1.00076
1.00072
1.00068
1.00063
1.00058
1.00052
1.00047
1.0004
1.00034
1.00027
1.0002
1.00013
1.00006
0.999987
0.999913
0.99984
0.999768
0.999697
0.999628
0.999561
0.999497
0.999436
0.999379
0.999325
0.999276
0.999231
0.999191
0.999156
0.999127
0.999103
0.999086
0.999076
0.999029
1.00077
1.00083
1.00083
1.00081
1.00079
1.00077
1.00074
1.00071
1.00067
1.00063
1.00059
1.00054
1.00049
1.00043
1.00038
1.00032
1.00025
1.00019
1.00012
1.00005
0.999986
0.999918
0.99985
0.999783
0.999717
0.999652
0.99959
0.999531
0.999474
0.99942
0.999371
0.999325
0.999283
0.999245
0.999213
0.999185
0.999162
0.999144
0.999135
0.999118
1.00072
1.00078
1.00077
1.00076
1.00074
1.00072
1.00069
1.00066
1.00063
1.00059
1.00055
1.0005
1.00046
1.0004
1.00035
1.00029
1.00023
1.00017
1.00011
1.00005
0.999985
0.999922
0.999858
0.999796
0.999734
0.999674
0.999617
0.999561
0.999508
0.999458
0.999412
0.999369
0.99933
0.999295
0.999265
0.999238
0.999215
0.999196
0.999183
0.999189
1.00067
1.00074
1.00073
1.00071
1.0007
1.00068
1.00065
1.00062
1.00059
1.00055
1.00051
1.00047
1.00043
1.00038
1.00033
1.00027
1.00022
1.00016
1.0001
1.00004
0.999985
0.999925
0.999866
0.999808
0.999751
0.999695
0.999641
0.999589
0.999539
0.999493
0.99945
0.99941
0.999374
0.999341
0.999312
0.999288
0.999266
0.999248
0.999236
0.999234
1.00062
1.00069
1.00068
1.00067
1.00066
1.00064
1.00061
1.00058
1.00055
1.00052
1.00048
1.00044
1.0004
1.00035
1.00031
1.00025
1.0002
1.00015
1.0001
1.00004
0.999985
0.999929
0.999874
0.999819
0.999765
0.999713
0.999662
0.999614
0.999568
0.999525
0.999484
0.999447
0.999413
0.999383
0.999357
0.999334
0.999315
0.9993
0.99929
0.999258
1.00058
1.00065
1.00064
1.00063
1.00062
1.0006
1.00058
1.00055
1.00052
1.00049
1.00045
1.00042
1.00037
1.00033
1.00029
1.00024
1.00019
1.00014
1.00009
1.00004
0.999984
0.999932
0.99988
0.999829
0.999778
0.999729
0.999682
0.999637
0.999594
0.999553
0.999515
0.999481
0.999449
0.999421
0.999397
0.999376
0.99936
0.999348
0.99934
0.999287
1.00055
1.00062
1.00061
1.0006
1.00058
1.00057
1.00054
1.00052
1.00049
1.00046
1.00043
1.00039
1.00035
1.00031
1.00027
1.00022
1.00018
1.00013
1.00008
1.00003
0.999984
0.999935
0.999886
0.999838
0.99979
0.999744
0.9997
0.999657
0.999617
0.999579
0.999544
0.999511
0.999482
0.999456
0.999434
0.999415
0.9994
0.99939
0.999384
0.99932
1.00052
1.00058
1.00058
1.00057
1.00055
1.00053
1.00051
1.00049
1.00046
1.00043
1.0004
1.00037
1.00033
1.00029
1.00025
1.00021
1.00017
1.00012
1.00008
1.00003
0.999984
0.999937
0.999891
0.999846
0.999801
0.999758
0.999716
0.999676
0.999638
0.999602
0.999569
0.999539
0.999511
0.999487
0.999466
0.999449
0.999436
0.999426
0.99942
0.999351
1.00049
1.00056
1.00055
1.00054
1.00052
1.00051
1.00049
1.00047
1.00044
1.00041
1.00038
1.00035
1.00031
1.00028
1.00024
1.0002
1.00016
1.00011
1.00007
1.00003
0.999983
0.999939
0.999896
0.999853
0.999811
0.99977
0.99973
0.999692
0.999657
0.999623
0.999592
0.999563
0.999538
0.999515
0.999496
0.99948
0.999467
0.999458
0.999452
0.99938
1.00046
1.00053
1.00052
1.00051
1.0005
1.00048
1.00046
1.00044
1.00042
1.00039
1.00036
1.00033
1.0003
1.00026
1.00023
1.00019
1.00015
1.00011
1.00007
1.00002
0.999983
0.999941
0.9999
0.999859
0.999819
0.99978
0.999743
0.999707
0.999673
0.999641
0.999612
0.999585
0.999561
0.99954
0.999522
0.999507
0.999496
0.999487
0.999481
0.999408
1.00044
1.00051
1.0005
1.00049
1.00048
1.00046
1.00044
1.00042
1.0004
1.00037
1.00035
1.00032
1.00028
1.00025
1.00021
1.00018
1.00014
1.0001
1.00006
1.00002
0.999983
0.999943
0.999904
0.999865
0.999827
0.99979
0.999754
0.99972
0.999688
0.999658
0.99963
0.999605
0.999582
0.999563
0.999546
0.999533
0.999521
0.999513
0.999508
0.999435
1.00042
1.00049
1.00048
1.00047
1.00046
1.00044
1.00043
1.00041
1.00038
1.00036
1.00033
1.0003
1.00027
1.00024
1.00021
1.00017
1.00013
1.0001
1.00006
1.00002
0.999983
0.999945
0.999907
0.99987
0.999834
0.999798
0.999764
0.999732
0.999701
0.999672
0.999646
0.999622
0.999601
0.999582
0.999566
0.999553
0.999543
0.999535
0.99953
0.999456
1.00041
1.00047
1.00047
1.00045
1.00044
1.00043
1.00041
1.00039
1.00037
1.00034
1.00032
1.00029
1.00026
1.00023
1.0002
1.00016
1.00013
1.00009
1.00005
1.00002
0.999981
0.999945
0.999908
0.999873
0.999838
0.999804
0.999771
0.999739
0.99971
0.999682
0.999657
0.999634
0.999614
0.999597
0.999585
0.999574
0.999565
0.999557
0.999552
0.999479
1.00039
1.00046
1.00045
1.00044
1.00043
1.00041
1.0004
1.00038
1.00036
1.00033
1.00031
1.00028
1.00025
1.00022
1.00019
1.00016
1.00012
1.00009
1.00005
1.00002
0.999984
0.999948
0.999913
0.999879
0.999845
0.999812
0.999781
0.999751
0.999722
0.999696
0.999672
0.99965
0.99963
0.999613
0.999596
0.999584
0.999575
0.999568
0.999563
0.999489
1.00038
1.00045
1.00044
1.00042
1.00041
1.00039
1.00038
1.00036
1.00034
1.00032
1.00029
1.00026
1.00024
1.00021
1.00018
1.00014
1.00011
1.00008
1.00004
1.00001
0.999976
0.999941
0.999907
0.999873
0.99984
0.999808
0.999777
0.999747
0.999719
0.999693
0.999668
0.999646
0.999627
0.999614
0.999604
0.999595
0.999586
0.999579
0.999575
0.999502
1.00039
1.00045
1.00043
1.00042
1.0004
1.00039
1.00037
1.00036
1.00034
1.00032
1.00029
1.00027
1.00024
1.00021
1.00018
1.00015
1.00012
1.00009
1.00005
1.00002
0.999986
0.999953
0.999919
0.999886
0.999854
0.999823
0.999792
0.999763
0.999736
0.99971
0.999686
0.999665
0.999644
0.999634
0.999632
0.999629
0.999621
0.999613
0.999608
0.999535
1.0004
1.00045
1.00042
1.00041
1.00039
1.00037
1.00036
1.00034
1.00032
1.00029
1.00027
1.00024
1.00021
1.00019
1.00016
1.00012
1.00009
1.00006
1.00003
0.999995
0.999962
0.999929
0.999896
0.999865
0.999834
0.999804
0.999775
0.999748
0.999722
0.999698
0.999676
0.999659
0.999641
0.999635
0.999633
0.999632
0.999627
0.999618
0.999612
0.999539
1.0004
1.00045
1.00042
1.00041
1.00039
1.00038
1.00036
1.00034
1.00032
1.0003
1.00028
1.00025
1.00023
1.0002
1.00017
1.00014
1.00011
1.00008
1.00004
1.00001
0.999978
0.999945
0.999913
0.999881
0.99985
0.99982
0.999791
0.999762
0.999735
0.999711
0.999689
0.999669
0.999652
0.999642
0.999635
0.999631
0.999635
0.999625
0.999618
0.999543
)
;

boundaryField
{
    FrontBack
    {
        type            empty;
    }
    Cylinder
    {
        type            calculated;
        value           uniform 0;
    }
    Bottom
    {
        type            calculated;
        value           uniform 0;
    }
    Top
    {
        type            calculated;
        value           uniform 0;
    }
    Inlet
    {
        type            calculated;
        value           uniform 1;
    }
    Outlet
    {
        type            calculated;
        value           nonuniform List<scalar> 
40
(
1.0004
1.00045
1.00042
1.00041
1.00039
1.00038
1.00036
1.00034
1.00032
1.0003
1.00028
1.00025
1.00023
1.0002
1.00017
1.00014
1.00011
1.00008
1.00004
1.00001
0.999978
0.999945
0.999913
0.999881
0.99985
0.99982
0.999791
0.999762
0.999735
0.999711
0.999689
0.999669
0.999652
0.999642
0.999635
0.999631
0.999635
0.999625
0.999618
0.999543
)
;
    }
}


// ************************************************************************* //
