/*--------------------------------*- C++ -*----------------------------------*\
  =========                 |
  \\      /  F ield         | OpenFOAM: The Open Source CFD Toolbox
   \\    /   O peration     | Website:  https://openfoam.org
    \\  /    A nd           | Version:  11
     \\/     M anipulation  |
\*---------------------------------------------------------------------------*/
FoamFile
{
    format      ascii;
    class       volScalarField;
    location    "5";
    object      mag(U);
}
// * * * * * * * * * * * * * * * * * * * * * * * * * * * * * * * * * * * * * //

dimensions      [0 1 -1 0 0 0 0];

internalField   nonuniform List<scalar> 
9600
(
0.990433
0.990201
0.989676
0.989121
0.988717
0.9885
0.988683
0.989182
0.990013
0.991222
0.992895
0.99497
0.998172
1.00036
0.996159
0.976921
0.960459
0.954687
0.955478
0.963244
0.982254
1.00046
1.01668
1.03257
1.04527
1.05472
1.06305
1.0691
1.071
1.07055
1.06882
1.06619
1.06305
1.05924
1.05436
1.04812
1.04073
1.03405
1.02795
1.021
0.991468
0.991495
0.991591
0.991689
0.991775
0.992087
0.992708
0.994069
0.995869
0.997331
0.998601
1.00072
1.00382
1.00661
1.01064
1.01607
1.01947
1.01962
1.02012
1.02291
1.02838
1.03602
1.04397
1.05092
1.05723
1.06293
1.0668
1.069
1.0693
1.06871
1.06715
1.06337
1.0596
1.05229
1.04792
1.03963
1.03516
1.0265
1.02298
1.00924
0.991399
0.991543
0.991642
0.991736
0.991979
0.992448
0.993244
0.994573
0.996091
0.997233
0.998489
1.00138
1.00637
1.01138
1.01502
1.01623
1.01546
1.01119
1.01011
1.01215
1.01961
1.02796
1.03875
1.04836
1.05866
1.06646
1.07288
1.0779
1.08168
1.08386
1.08382
1.08245
1.07989
1.07398
1.0693
1.06169
1.05697
1.04896
1.04549
1.03719
0.991341
0.991549
0.991635
0.991727
0.991989
0.992434
0.993331
0.994511
0.99594
0.997909
0.999888
1.00195
1.00552
1.01122
1.01596
1.01896
1.02266
1.02767
1.03454
1.04145
1.04802
1.05391
1.05994
1.06416
1.06826
1.07064
1.07287
1.07459
1.07468
1.07399
1.07182
1.06717
1.06374
1.05744
1.05311
1.04645
1.04195
1.03388
1.02958
1.02009
0.991245
0.991473
0.991609
0.991732
0.991998
0.992545
0.993409
0.99472
0.99639
0.998313
1.00056
1.00305
1.00533
1.0089
1.01693
1.02524
1.0321
1.03465
1.03644
1.03668
1.03815
1.04076
1.04659
1.0527
1.06061
1.06682
1.07319
1.07682
1.08003
1.08225
1.08353
1.08289
1.08146
1.07665
1.07213
1.06473
1.06012
1.05226
1.04823
1.04115
0.991116
0.991389
0.991584
0.991665
0.99201
0.992498
0.993407
0.994903
0.996821
0.998835
1.00033
1.00242
1.00646
1.01158
1.01722
1.02313
1.02917
1.03454
1.04173
1.04858
1.05549
1.06097
1.06679
1.07121
1.07588
1.07858
1.07997
1.08155
1.08196
1.08146
1.07902
1.0736
1.06974
1.0634
1.05937
1.05277
1.04854
1.04064
1.03647
1.02677
0.99104
0.991305
0.991527
0.991643
0.992101
0.992678
0.993546
0.995026
0.997266
0.99933
1.00075
1.00257
1.00674
1.01213
1.01797
1.02378
1.03096
1.03808
1.04442
1.04875
1.05178
1.05344
1.05643
1.05969
1.06497
1.06908
1.07497
1.07778
1.08088
1.08193
1.084
1.08385
1.08359
1.07966
1.07589
1.06866
1.06402
1.05638
1.05178
1.04472
0.990825
0.991173
0.991427
0.991616
0.992085
0.992636
0.993538
0.99514
0.997626
0.999169
1.0013
1.00383
1.00718
1.01179
1.01852
1.02493
1.03154
1.03655
1.04219
1.04821
1.05556
1.06251
1.06936
1.07458
1.07984
1.0835
1.08633
1.0875
1.08843
1.08898
1.08762
1.08281
1.07825
1.07085
1.0667
1.05984
1.05566
1.04777
1.04352
1.03374
0.990768
0.991071
0.991388
0.99167
0.992131
0.992775
0.993738
0.99529
0.997917
1.00006
1.00206
1.00402
1.00719
1.01208
1.0187
1.0252
1.03092
1.03749
1.04379
1.04998
1.0554
1.06031
1.06502
1.06872
1.07248
1.07482
1.07937
1.08147
1.08422
1.08421
1.08557
1.08527
1.08619
1.08331
1.08048
1.07386
1.06902
1.06157
1.05629
1.04902
0.990586
0.990793
0.991133
0.991573
0.992011
0.99267
0.993735
0.995356
0.997823
1.00033
1.00227
1.00438
1.00767
1.01211
1.01854
1.02507
1.03181
1.03779
1.04311
1.04781
1.05336
1.06018
1.06777
1.07465
1.0808
1.08547
1.09013
1.09231
1.09432
1.095
1.09528
1.09246
1.08906
1.08111
1.07634
1.06866
1.06428
1.05587
1.05137
1.04116
0.990416
0.990819
0.991141
0.99148
0.992172
0.992875
0.993883
0.995391
0.998014
1.00071
1.00305
1.00503
1.00742
1.01222
1.01867
1.02586
1.03196
1.03796
1.04316
1.04878
1.0541
1.05997
1.06554
1.0717
1.07762
1.08115
1.08542
1.08732
1.09044
1.09007
1.09071
1.08896
1.09005
1.08742
1.08557
1.07997
1.07518
1.06804
1.06259
1.05443
0.989967
0.990469
0.990796
0.991056
0.991919
0.992562
0.993531
0.995215
0.997867
1.0006
1.00323
1.00495
1.00784
1.0123
1.01886
1.02564
1.03263
1.03871
1.04412
1.04839
1.05227
1.057
1.06329
1.07066
1.07859
1.08504
1.09163
1.09538
1.09941
1.10067
1.10227
1.10097
1.09965
1.09316
1.08843
1.07993
1.07482
1.06612
1.0611
1.04981
0.989877
0.990391
0.990745
0.991097
0.991891
0.992596
0.993924
0.99544
0.998087
1.00084
1.00338
1.00578
1.00857
1.01331
1.01928
1.02579
1.03228
1.03885
1.04376
1.04831
1.05205
1.05693
1.06196
1.06792
1.0757
1.08227
1.08915
1.0927
1.09747
1.09844
1.0998
1.09751
1.09715
1.09411
1.09236
1.08763
1.08328
1.0758
1.07086
1.06193
0.989375
0.989824
0.990272
0.990619
0.991365
0.992025
0.993356
0.995033
0.997872
1
1.00356
1.00595
1.00903
1.0134
1.01927
1.02545
1.03207
1.03828
1.04397
1.04857
1.05226
1.05533
1.05986
1.06471
1.07289
1.08006
1.08917
1.09535
1.10193
1.10585
1.10914
1.10944
1.10985
1.10552
1.10184
1.09401
1.08798
1.07865
1.07343
1.0614
0.989118
0.989783
0.990187
0.990569
0.991633
0.992073
0.993395
0.995351
0.998022
1.00111
1.00404
1.00693
1.01007
1.0146
1.02026
1.02609
1.03148
1.03796
1.04382
1.04923
1.05271
1.0559
1.05984
1.06376
1.07025
1.07713
1.08673
1.09315
1.10094
1.10521
1.10955
1.10971
1.10929
1.10581
1.10323
1.09785
1.09414
1.08597
1.08147
1.07122
0.988232
0.988972
0.989306
0.989648
0.990958
0.991503
0.992792
0.994361
0.997572
1.0002
1.00339
1.0068
1.01008
1.0148
1.01998
1.02547
1.03119
1.03695
1.04308
1.04823
1.05353
1.05664
1.06071
1.06376
1.0686
1.07434
1.08271
1.09151
1.10038
1.10757
1.114
1.11719
1.12004
1.1183
1.11597
1.10957
1.10463
1.09412
1.08917
1.07645
0.988073
0.988719
0.989359
0.989408
0.990945
0.992047
0.993028
0.994819
0.997401
1.0008
1.00429
1.00807
1.01141
1.01601
1.02045
1.0268
1.03144
1.03723
1.04226
1.04805
1.05342
1.05743
1.06178
1.06504
1.06958
1.07369
1.08068
1.08819
1.09761
1.1056
1.11343
1.11814
1.12174
1.1205
1.1195
1.11276
1.10977
1.10022
1.09625
1.08417
0.986881
0.98736
0.988132
0.988228
0.989642
0.990642
0.9925
0.993696
0.996105
0.99981
1.00306
1.00746
1.01058
1.01549
1.01999
1.02608
1.03103
1.03687
1.04163
1.0467
1.05207
1.05677
1.06182
1.06611
1.07015
1.07505
1.07977
1.08625
1.09365
1.10232
1.11235
1.11954
1.12652
1.1283
1.13062
1.12543
1.12339
1.1127
1.10838
1.09505
0.98707
0.987257
0.98832
0.988398
0.989152
0.990483
0.992667
0.994685
0.996739
1.00016
1.00334
1.00835
1.01151
1.01739
1.02099
1.02712
1.03136
1.03769
1.04226
1.04739
1.05145
1.05636
1.06095
1.0658
1.07085
1.07599
1.08099
1.08721
1.0937
1.10102
1.11001
1.1177
1.12711
1.12999
1.13549
1.13133
1.13098
1.12061
1.11722
1.1024
0.985442
0.985811
0.986895
0.986743
0.987644
0.988584
0.990667
0.993715
0.995597
0.999321
1.00182
1.00683
1.01056
1.01607
1.0201
1.02603
1.0302
1.0366
1.04128
1.04698
1.05096
1.05531
1.05925
1.0643
1.06912
1.07537
1.08095
1.08784
1.09476
1.10152
1.10995
1.11664
1.12731
1.13227
1.14134
1.14027
1.14357
1.13513
1.1331
1.11804
0.985264
0.985802
0.986698
0.986955
0.987732
0.988845
0.990469
0.99365
0.996192
1.00045
1.00296
1.0078
1.01123
1.01699
1.0216
1.02763
1.0322
1.03797
1.04221
1.0475
1.05189
1.05544
1.05978
1.06278
1.06729
1.07316
1.07983
1.0865
1.0951
1.10223
1.11275
1.11893
1.13012
1.1338
1.14445
1.14434
1.15072
1.14401
1.14478
1.1292
0.983029
0.983669
0.98446
0.985016
0.985645
0.987295
0.988399
0.991428
0.993894
0.998424
1.00175
1.00623
1.01025
1.01566
1.02022
1.02647
1.03149
1.03694
1.04151
1.0457
1.05033
1.05411
1.0587
1.0614
1.06601
1.06956
1.0773
1.08293
1.09317
1.10018
1.11305
1.12018
1.13396
1.13839
1.15047
1.15072
1.15959
1.15417
1.15918
1.14451
0.982388
0.983487
0.984073
0.984913
0.985517
0.987495
0.988955
0.992158
0.99465
0.998867
1.00247
1.00719
1.01206
1.01757
1.02243
1.02817
1.03326
1.03926
1.04395
1.04794
1.05204
1.05507
1.05898
1.0613
1.06567
1.06803
1.07374
1.0784
1.0892
1.09655
1.11076
1.11912
1.1362
1.14302
1.15906
1.16013
1.17106
1.16521
1.17139
1.15705
0.97908
0.980896
0.980956
0.982269
0.982558
0.984425
0.986367
0.989334
0.992704
0.996507
1.0006
1.00523
1.01015
1.01609
1.02187
1.02765
1.03258
1.03801
1.04302
1.04738
1.05112
1.05347
1.05711
1.05856
1.06221
1.06405
1.06971
1.07342
1.08362
1.09049
1.10547
1.11476
1.13402
1.14285
1.16417
1.16852
1.18502
1.1812
1.1902
1.17391
0.978177
0.980369
0.980655
0.982036
0.982915
0.984617
0.986828
0.989738
0.993694
0.997744
1.00259
1.00718
1.01275
1.01825
1.02407
1.03051
1.03581
1.04129
1.04602
1.05028
1.05387
1.05541
1.05841
1.05887
1.0613
1.06185
1.06633
1.0689
1.07765
1.08342
1.09776
1.10738
1.12833
1.13908
1.16419
1.17345
1.19659
1.1969
1.21218
1.19622
0.974079
0.97604
0.976682
0.977641
0.97908
0.980821
0.983566
0.986627
0.990762
0.994882
1.00062
1.0054
1.01157
1.0177
1.02342
1.02978
1.03552
1.04071
1.04586
1.04963
1.05338
1.05475
1.05682
1.05676
1.05766
1.05728
1.06015
1.06087
1.06781
1.07265
1.08616
1.09602
1.11772
1.13069
1.15903
1.17106
1.20274
1.20738
1.233
1.22023
0.97427
0.975664
0.976843
0.977433
0.979265
0.980804
0.984481
0.987187
0.993034
0.996703
1.00312
1.00828
1.01524
1.02064
1.02858
1.03365
1.04089
1.04488
1.05068
1.05356
1.0571
1.0581
1.05865
1.05778
1.05703
1.05555
1.05617
1.05596
1.05987
1.06265
1.07301
1.08136
1.10159
1.1159
1.14697
1.16304
1.20105
1.2119
1.24936
1.24544
0.969323
0.970632
0.972026
0.972525
0.974983
0.975968
0.980616
0.983005
0.989414
0.99366
1.00104
1.00609
1.01448
1.01975
1.02822
1.03375
1.0412
1.04613
1.05129
1.05482
1.0572
1.05858
1.0584
1.05671
1.05476
1.05188
1.04976
1.04722
1.04806
1.04819
1.05452
1.0609
1.07744
1.09177
1.12215
1.14246
1.18614
1.20533
1.25577
1.26757
0.969694
0.97008
0.973222
0.972651
0.976567
0.977413
0.983076
0.985092
0.992944
0.996495
1.00544
1.01022
1.01961
1.02541
1.03411
1.04091
1.04748
1.05378
1.0579
1.06198
1.06348
1.06438
1.06321
1.06057
1.05648
1.0523
1.04706
1.04278
1.03884
1.03707
1.03754
1.04152
1.0514
1.06358
1.0874
1.10985
1.15155
1.18055
1.23744
1.27059
0.962087
0.962533
0.966211
0.966111
0.970404
0.972102
0.977731
0.981575
0.989078
0.994399
1.00311
1.0096
1.01867
1.0259
1.03447
1.04224
1.0492
1.05586
1.06041
1.06452
1.06583
1.0665
1.0648
1.06194
1.05614
1.05128
1.04352
1.03738
1.02941
1.02396
1.0181
1.01754
1.0177
1.02715
1.03855
1.06273
1.0919
1.13042
1.17796
1.23543
0.96126
0.963438
0.965793
0.9694
0.970644
0.976755
0.979973
0.98695
0.993398
1.00117
1.01009
1.01818
1.02753
1.03656
1.04486
1.05406
1.0608
1.06812
1.07257
1.07688
1.07774
1.07844
1.07522
1.07224
1.0645
1.0586
1.04768
1.03924
1.02629
1.01834
1.00476
1.0012
0.989368
0.99535
0.989686
1.01015
1.01852
1.05925
1.08449
1.15313
0.948382
0.953076
0.954742
0.959761
0.962747
0.96844
0.974567
0.981439
0.989969
0.998233
1.00795
1.01808
1.02781
1.03854
1.04775
1.05777
1.06545
1.07354
1.07833
1.08338
1.08392
1.08532
1.08105
1.07873
1.06949
1.06341
1.05007
1.04131
1.02415
1.01462
0.994811
0.986951
0.9653
0.962956
0.943717
0.953116
0.941024
0.970353
0.974003
1.04111
0.947794
0.953439
0.956395
0.961289
0.96532
0.971703
0.978293
0.987133
0.996475
1.0085
1.01877
1.03113
1.04193
1.05415
1.06422
1.0757
1.08356
1.09276
1.09745
1.10364
1.10358
1.1063
1.10076
1.09906
1.08862
1.0827
1.06714
1.05767
1.0377
1.02584
1.00144
0.988629
0.960054
0.947312
0.920089
0.911327
0.890658
0.890468
0.875125
0.914019
0.935618
0.941729
0.947305
0.954424
0.960369
0.969135
0.977264
0.987221
0.997843
1.01022
1.02156
1.03544
1.04773
1.06158
1.0721
1.08515
1.09306
1.10358
1.10795
1.11546
1.11506
1.11878
1.11344
1.11207
1.10177
1.09571
1.08069
1.07027
1.05129
1.03682
1.01408
0.996011
0.971222
0.945107
0.919166
0.89343
0.860956
0.84374
0.802819
0.80185
0.93378
0.941416
0.947104
0.954714
0.963368
0.973576
0.98554
0.998764
1.01335
1.02906
1.04418
1.06112
1.07487
1.09152
1.10254
1.11832
1.12626
1.13908
1.14311
1.15181
1.15122
1.15503
1.15016
1.14891
1.14026
1.13396
1.12193
1.11084
1.09445
1.07868
1.05846
1.03945
1.01122
0.991251
0.954373
0.929897
0.884836
0.857018
0.804368
0.77331
0.922732
0.934593
0.94602
0.956379
0.968644
0.980484
0.99441
1.00809
1.0242
1.04058
1.05826
1.07643
1.093
1.11134
1.12398
1.14142
1.14894
1.16448
1.1667
1.17932
1.17664
1.18553
1.17798
1.1833
1.1713
1.17323
1.1575
1.1559
1.13725
1.13018
1.10836
1.09233
1.06815
1.04413
1.01481
0.985609
0.947848
0.91457
0.868974
0.830287
0.915209
0.927386
0.941259
0.958133
0.975968
0.996456
1.01773
1.04018
1.06221
1.08401
1.10454
1.12486
1.14254
1.16149
1.17538
1.19216
1.20117
1.21505
1.21854
1.22912
1.22694
1.23425
1.22678
1.23162
1.21955
1.22295
1.20748
1.20951
1.19127
1.19189
1.16986
1.16711
1.14106
1.12887
1.09754
1.07565
1.04373
1.02057
0.984508
0.961387
0.9205
0.944713
0.964118
0.986863
1.0074
1.0286
1.05029
1.0725
1.09617
1.12024
1.14366
1.16719
1.18774
1.20871
1.22501
1.24235
1.25303
1.26629
1.27045
1.27977
1.27722
1.28354
1.27511
1.28034
1.26802
1.27311
1.25943
1.26541
1.25267
1.26009
1.24588
1.2533
1.23083
1.23367
1.19318
1.18483
1.11952
1.09649
1.02007
1.0138
0.93727
0.977113
1.01184
1.04881
1.0856
1.11946
1.15695
1.18838
1.22232
1.25061
1.28033
1.30365
1.32854
1.3457
1.36558
1.37612
1.38983
1.39404
1.39972
1.39756
1.3949
1.38618
1.37656
1.36573
1.34929
1.33547
1.31848
1.30547
1.29523
1.28636
1.28758
1.28463
1.30164
1.30099
1.32045
1.34241
1.31116
1.27148
1.18868
1.18112
1.09281
1.12919
1.16553
1.20186
1.23739
1.27108
1.3019
1.32943
1.35478
1.37166
1.39371
1.39906
1.41463
1.41644
1.42605
1.42493
1.42293
1.41574
1.39957
1.38552
1.35713
1.33473
1.29441
1.26169
1.20635
1.16913
1.10372
1.05929
0.996421
0.932585
0.89246
0.806043
0.794705
0.748956
0.525152
0.153358
0.059782
0.15158
0.215589
0.2701
1.02124
1.02036
1.01781
1.0139
1.00675
0.998515
0.987384
0.969516
0.951988
0.94048
0.939723
0.967908
1.00283
1.00985
1.00553
1.00152
1.00021
1
1.001
1.00216
1.00373
1.00482
1.00558
1.00658
1.00699
1.00762
1.00763
1.00816
1.00801
1.00836
1.00811
1.00821
1.00799
1.00801
1.00789
1.00772
1.00749
1.00734
1.00758
1.01034
1.02287
1.02236
1.01907
1.01467
1.0077
0.998262
0.986172
0.968054
0.949168
0.934149
0.928236
0.959151
1.00385
1.01243
1.00827
1.00246
1.00053
1.00009
1.00081
1.00209
1.0036
1.00478
1.00557
1.0067
1.00707
1.00788
1.00786
1.00838
1.00816
1.00855
1.00827
1.0084
1.00819
1.00816
1.00814
1.00797
1.00778
1.00743
1.00699
1.0053
1.02702
1.02462
1.0217
1.0167
1.00934
1.00022
0.987562
0.967076
0.946286
0.928662
0.917888
0.951141
1.00437
1.01423
1.00974
1.00288
1.00064
1.00035
1.00095
1.00221
1.00376
1.00504
1.00571
1.00697
1.00737
1.00811
1.00813
1.0087
1.00843
1.0089
1.00859
1.00881
1.00851
1.00854
1.00843
1.00828
1.00819
1.00801
1.00846
1.01062
1.02646
1.02627
1.02303
1.0182
1.01042
1.00015
0.987107
0.965752
0.94403
0.923733
0.905651
0.938683
1.00381
1.01575
1.01178
1.0036
1.00083
1.00046
1.0007
1.00195
1.00346
1.00502
1.00564
1.00715
1.00742
1.00817
1.0082
1.00875
1.00866
1.00911
1.00889
1.0092
1.00895
1.00892
1.00879
1.00853
1.00827
1.00792
1.00752
1.00558
1.03136
1.02893
1.02566
1.02071
1.01244
1.00262
0.988926
0.964987
0.942354
0.920453
0.895457
0.925667
1.00162
1.01625
1.01273
1.00381
1.00085
1.00041
1.00064
1.00205
1.00362
1.00521
1.00577
1.00751
1.00771
1.00851
1.00864
1.00919
1.00919
1.00967
1.00942
1.00966
1.00943
1.00933
1.00917
1.00897
1.00888
1.0086
1.00894
1.01032
1.03119
1.03013
1.02741
1.02329
1.01375
1.00346
0.989844
0.963856
0.940752
0.918488
0.885536
0.908979
0.996916
1.01592
1.01339
1.00398
1.00076
1.00027
1.00022
1.00177
1.00323
1.0049
1.00567
1.00749
1.00776
1.00874
1.00892
1.00956
1.00953
1.00992
1.00967
1.00981
1.00967
1.00951
1.00933
1.00905
1.00896
1.00856
1.00824
1.00648
1.03646
1.03329
1.03026
1.02639
1.01658
1.00654
0.992322
0.964123
0.940098
0.918227
0.878346
0.89126
0.989138
1.01473
1.01298
1.00348
1.00033
0.999861
0.999961
1.00183
1.00326
1.005
1.00601
1.00774
1.00811
1.00909
1.00923
1.00994
1.00983
1.01022
1.01005
1.01008
1.00997
1.00986
1.00985
1.00961
1.00957
1.00931
1.00948
1.01039
1.03671
1.03504
1.03282
1.03
1.01871
1.00845
0.994373
0.964374
0.939175
0.918826
0.873162
0.871402
0.977346
1.01209
1.01143
1.00244
0.999562
0.999423
0.999563
1.00147
1.00274
1.00464
1.0059
1.00755
1.00816
1.00927
1.00942
1.01019
1.0101
1.01043
1.01031
1.01034
1.01029
1.0101
1.01001
1.00977
1.00967
1.00932
1.00903
1.00765
1.04241
1.03865
1.03682
1.03434
1.02279
1.01249
0.997849
0.966346
0.939596
0.920387
0.871499
0.851157
0.96087
1.00795
1.00884
1.0005
0.998243
0.998576
0.999039
1.00124
1.00273
1.00482
1.00626
1.00777
1.00852
1.00962
1.00982
1.01069
1.01057
1.01091
1.01081
1.0108
1.01077
1.0106
1.01055
1.01043
1.01024
1.01006
1.01007
1.01065
1.04319
1.04091
1.0402
1.03887
1.02612
1.01588
1.00163
0.968922
0.940208
0.921808
0.872473
0.830258
0.9394
1.00114
1.00475
0.997648
0.996499
0.9975
0.998417
1.00094
1.00237
1.00462
1.00611
1.00771
1.00879
1.00986
1.01012
1.01092
1.01096
1.01128
1.01119
1.01111
1.01092
1.01067
1.01058
1.01046
1.01032
1.01009
1.00983
1.00891
1.04979
1.0451
1.04537
1.04442
1.03195
1.02149
1.00664
0.972861
0.942765
0.924108
0.875578
0.809987
0.912862
0.991188
0.999371
0.993718
0.993971
0.99571
0.9974
1.0005
1.00217
1.00479
1.00626
1.00793
1.00906
1.01014
1.01059
1.01139
1.01142
1.01182
1.01173
1.01172
1.01154
1.01139
1.01124
1.01113
1.01098
1.01087
1.0107
1.01105
1.05141
1.04872
1.0502
1.05007
1.03748
1.0272
1.01209
0.977352
0.946356
0.926395
0.878627
0.79048
0.881482
0.977582
0.992062
0.988418
0.990783
0.993476
0.996142
0.999778
1.00154
1.00443
1.00592
1.00792
1.00926
1.0104
1.01101
1.01173
1.01181
1.01218
1.01212
1.01218
1.01203
1.01186
1.01165
1.01132
1.01111
1.01093
1.01066
1.01018
1.05868
1.05483
1.0579
1.05751
1.04626
1.03551
1.01891
0.983369
0.952271
0.929383
0.880227
0.771051
0.846732
0.96033
0.982848
0.981738
0.986707
0.990478
0.994198
0.998683
1.00111
1.00444
1.00612
1.00827
1.00965
1.01078
1.0114
1.01212
1.01221
1.01275
1.01275
1.01291
1.01295
1.01272
1.01257
1.01219
1.0119
1.01175
1.01147
1.01163
1.06123
1.05981
1.06437
1.06436
1.055
1.04425
1.02653
0.990032
0.959365
0.931755
0.878214
0.750577
0.810028
0.939688
0.970942
0.973566
0.981844
0.986962
0.991926
0.997541
1.00039
1.00398
1.006
1.00826
1.00979
1.01109
1.01176
1.01249
1.01245
1.01292
1.01285
1.01289
1.01298
1.01279
1.01276
1.0124
1.01205
1.01191
1.01155
1.01144
1.06966
1.06887
1.07462
1.07327
1.06673
1.05481
1.03557
0.999156
0.968342
0.933304
0.870896
0.727997
0.771262
0.915419
0.95673
0.963999
0.976118
0.982639
0.989094
0.995837
0.999489
1.00363
1.0062
1.00854
1.01021
1.0117
1.01231
1.0132
1.0132
1.01356
1.01351
1.01356
1.01367
1.01358
1.01358
1.01338
1.01302
1.01295
1.01238
1.01243
1.07378
1.07669
1.0835
1.08188
1.07849
1.06623
1.04575
1.00956
0.977066
0.931985
0.855886
0.701372
0.731499
0.888537
0.940028
0.952895
0.969264
0.977606
0.985971
0.993693
0.998136
1.00282
1.0059
1.0086
1.01061
1.01232
1.01311
1.01399
1.01412
1.01443
1.01428
1.01433
1.01431
1.01416
1.01388
1.01376
1.01322
1.0132
1.01264
1.01262
1.08454
1.09137
1.09791
1.09614
1.09475
1.0812
1.05967
1.02447
0.986035
0.926393
0.830524
0.669542
0.691405
0.860098
0.921056
0.940767
0.961644
0.972008
0.982362
0.9906
0.996224
1.00175
1.00539
1.00849
1.01084
1.01282
1.01394
1.01484
1.01537
1.01574
1.01573
1.01582
1.01553
1.01547
1.01486
1.01482
1.01408
1.01413
1.01333
1.01352
1.09277
1.10169
1.10769
1.10969
1.1102
1.09855
1.07863
1.04234
0.991133
0.911098
0.792374
0.631619
0.652131
0.83214
0.900692
0.927995
0.953461
0.966091
0.97881
0.987518
0.994378
1.00018
1.00443
1.00788
1.01047
1.01245
1.01401
1.01478
1.01572
1.0159
1.01599
1.01612
1.01562
1.01574
1.01501
1.01518
1.01439
1.01462
1.01393
1.01413
1.10597
1.11914
1.12273
1.1292
1.12969
1.12003
1.10288
1.06114
0.989128
0.882204
0.740627
0.586788
0.616126
0.805686
0.87955
0.9154
0.945039
0.960538
0.975693
0.98472
0.992991
0.999079
1.00394
1.00743
1.0104
1.01227
1.01439
1.01498
1.0164
1.01635
1.01687
1.017
1.01677
1.01717
1.01646
1.01677
1.01573
1.01587
1.01512
1.01536
1.12139
1.13286
1.13524
1.14787
1.15068
1.14913
1.13525
1.07356
0.97073
0.833391
0.673275
0.536176
0.585817
0.781568
0.857852
0.90301
0.93625
0.955612
0.972806
0.983059
0.992198
0.998455
1.00407
1.00772
1.01122
1.0127
1.01521
1.01533
1.01737
1.01703
1.01815
1.01798
1.01801
1.01828
1.01765
1.01785
1.01692
1.01694
1.01619
1.01651
1.13718
1.15123
1.15906
1.17689
1.18482
1.19381
1.17134
1.07261
0.92867
0.761253
0.590951
0.486737
0.567336
0.761884
0.837926
0.891054
0.928044
0.951094
0.97004
0.981418
0.991724
0.998603
1.00471
1.00831
1.01232
1.01365
1.0167
1.01676
1.0192
1.01859
1.02017
1.01959
1.01995
1.01971
1.01924
1.01897
1.01826
1.01806
1.01756
1.01773
1.15523
1.16582
1.18182
1.20652
1.22903
1.25396
1.18523
1.04466
0.85414
0.661605
0.499444
0.450776
0.56447
0.747512
0.822188
0.881307
0.920216
0.946844
0.967776
0.980425
0.991537
0.998339
1.00485
1.00847
1.01245
1.01386
1.01698
1.01717
1.01968
1.01895
1.02064
1.01966
1.02045
1.01976
1.01987
1.01922
1.01906
1.01861
1.01863
1.01879
1.17138
1.18795
1.2152
1.25222
1.3003
1.29286
1.18361
0.974538
0.742756
0.539338
0.424102
0.442006
0.579197
0.739301
0.812142
0.876377
0.914551
0.945152
0.966179
0.980125
0.991556
0.998746
1.00512
1.00946
1.01283
1.01529
1.01761
1.01828
1.02064
1.02003
1.0218
1.02071
1.02174
1.02063
1.02112
1.01987
1.02016
1.01921
1.01973
1.01963
1.19587
1.21936
1.25491
1.3131
1.37252
1.31009
1.1399
0.851317
0.591252
0.41668
0.403407
0.465932
0.607577
0.738915
0.810002
0.876639
0.912204
0.946692
0.966697
0.983137
0.993137
1.0018
1.00713
1.01269
1.01423
1.018
1.01883
1.02062
1.02169
1.02167
1.02288
1.02216
1.02331
1.02196
1.02271
1.02119
1.02164
1.02047
1.02095
1.02052
1.22354
1.2548
1.31123
1.40595
1.41379
1.30434
1.02714
0.66891
0.422421
0.379838
0.444648
0.520954
0.647362
0.751066
0.819118
0.882858
0.915648
0.952332
0.969106
0.988553
0.99658
1.00749
1.0104
1.01797
1.01758
1.0231
1.02186
1.02531
1.02448
1.0259
1.02562
1.02588
1.02601
1.025
1.02517
1.02349
1.0237
1.02224
1.02254
1.022
1.25384
1.2908
1.38529
1.47763
1.43171
1.23451
0.82827
0.461013
0.372189
0.47199
0.533192
0.589412
0.69445
0.775187
0.840979
0.896482
0.926386
0.961539
0.976429
0.996503
1.00193
1.01419
1.0148
1.02382
1.02154
1.0282
1.02531
1.03019
1.02729
1.03073
1.02846
1.0305
1.02874
1.02922
1.02788
1.02686
1.02626
1.02472
1.02479
1.02393
1.28142
1.3423
1.48868
1.51426
1.41717
1.09065
0.614475
0.448637
0.553343
0.61043
0.631895
0.661931
0.750901
0.811235
0.877202
0.917097
0.947797
0.974213
0.990032
1.00602
1.01297
1.02253
1.02341
1.03096
1.02795
1.03443
1.03072
1.03546
1.03195
1.03512
1.03195
1.03429
1.03125
1.03299
1.03026
1.03078
1.02891
1.02826
1.02784
1.02708
1.31005
1.41334
1.55434
1.51699
1.29017
0.884469
0.687309
0.716856
0.738614
0.737708
0.70547
0.744308
0.819302
0.859926
0.924025
0.946125
0.979819
0.991621
1.01364
1.01825
1.03085
1.03167
1.03611
1.03835
1.03665
1.04031
1.03665
1.04026
1.0367
1.03931
1.03608
1.03775
1.03492
1.03644
1.03358
1.03457
1.03196
1.0322
1.03078
1.03037
1.32711
1.4671
1.47686
1.31553
1.06023
0.908728
0.876896
0.8639
0.830832
0.781657
0.767911
0.827038
0.873103
0.930475
0.97419
0.991184
1.01922
1.01806
1.04309
1.03651
1.05349
1.04537
1.05301
1.04935
1.05004
1.0492
1.04749
1.04758
1.04606
1.04585
1.0443
1.04371
1.04213
1.0416
1.0395
1.03905
1.03705
1.03704
1.03549
1.03574
1.30209
1.36602
1.23966
1.06475
0.989271
0.925184
0.889947
0.864922
0.801402
0.771929
0.793749
0.851387
0.913155
0.97524
1.02762
1.05073
1.06332
1.06213
1.07542
1.0672
1.08004
1.06945
1.07408
1.06915
1.06862
1.06525
1.0634
1.06083
1.05933
1.05703
1.05595
1.0531
1.05265
1.04896
1.0482
1.0443
1.04371
1.041
1.04027
1.04
1.20639
1.12703
0.95801
0.906585
0.854792
0.798103
0.770785
0.749384
0.702138
0.741579
0.78928
0.85291
0.921381
0.992312
1.05694
1.09148
1.11563
1.11396
1.11417
1.11081
1.11113
1.105
1.10113
1.09727
1.09187
1.08761
1.08145
1.0793
1.073
1.07185
1.06742
1.06583
1.06334
1.0601
1.05878
1.05464
1.05376
1.04972
1.04954
1.04742
1.01892
0.870549
0.733417
0.670513
0.629866
0.585175
0.579889
0.578064
0.584257
0.663796
0.731657
0.823923
0.91711
0.999272
1.06598
1.11569
1.14464
1.15702
1.15579
1.15006
1.14636
1.13993
1.13206
1.12454
1.11876
1.11022
1.10407
1.09886
1.09118
1.08839
1.08189
1.07953
1.07419
1.07187
1.06786
1.06526
1.06218
1.05944
1.05901
1.05715
0.854305
0.676974
0.527505
0.440784
0.374085
0.336166
0.344018
0.358615
0.413717
0.505154
0.607436
0.738563
0.868624
0.979987
1.06801
1.12355
1.16168
1.18412
1.18846
1.18601
1.17955
1.174
1.1661
1.15445
1.1499
1.13667
1.1334
1.12239
1.1181
1.10941
1.10571
1.09784
1.09397
1.08749
1.08326
1.07896
1.07474
1.07159
1.06911
1.06828
0.742963
0.625073
0.472465
0.373505
0.274272
0.225268
0.165192
0.137141
0.166062
0.259952
0.387219
0.55412
0.737198
0.902224
1.02715
1.11518
1.16688
1.19842
1.215
1.22287
1.21616
1.21479
1.20532
1.19709
1.18643
1.17822
1.16844
1.15941
1.1504
1.14191
1.13572
1.1253
1.12176
1.11164
1.10806
1.10082
1.09901
1.09311
1.09217
1.08854
0.702043
0.645858
0.571875
0.487844
0.436814
0.442128
0.397363
0.333314
0.267434
0.180502
0.158165
0.279226
0.49467
0.717594
0.910512
1.04785
1.14024
1.19702
1.23111
1.24884
1.25646
1.25331
1.25158
1.24545
1.23602
1.2299
1.21871
1.21083
1.1965
1.19176
1.17859
1.17236
1.16257
1.15565
1.14488
1.13773
1.12943
1.12194
1.11552
1.11188
0.776417
0.725635
0.691186
0.668912
0.625544
0.614967
0.672201
0.688144
0.657302
0.582135
0.480015
0.379617
0.341551
0.464029
0.677275
0.863834
1.0209
1.11555
1.18972
1.2266
1.25745
1.2705
1.27692
1.27772
1.27447
1.26731
1.26219
1.25454
1.24947
1.24238
1.23578
1.22691
1.22284
1.21717
1.20943
1.20211
1.19031
1.18182
1.16759
1.16075
0.924679
0.888361
0.847199
0.80646
0.764016
0.75841
0.761424
0.823511
0.905221
0.914937
0.884474
0.828839
0.745449
0.642255
0.547047
0.538131
0.637123
0.789691
0.929668
1.03605
1.11189
1.17809
1.22254
1.24654
1.25895
1.2658
1.27078
1.27143
1.27036
1.26621
1.26423
1.25845
1.25447
1.24964
1.24666
1.24469
1.23771
1.23438
1.22495
1.21937
0.968953
0.918949
0.875734
0.834323
0.789676
0.771666
0.763017
0.772422
0.802613
0.827061
0.828055
0.81019
0.792707
0.729631
0.687608
0.674883
0.60055
0.503762
0.503818
0.567393
0.633899
0.738511
0.878051
1.01052
1.10181
1.15263
1.20212
1.22772
1.24728
1.25871
1.26656
1.26901
1.2676
1.26081
1.25517
1.25926
1.25466
1.25887
1.2576
1.26412
1.06358
0.937797
0.838438
0.728025
0.642986
0.584213
0.498719
0.422461
0.434348
0.498315
0.547594
0.578378
0.585574
0.574018
0.569299
0.55813
0.529743
0.514687
0.533136
0.557877
0.526003
0.346738
0.225828
0.296293
0.421246
0.561703
0.688681
0.794955
0.877156
0.945509
1.00541
1.05342
1.10131
1.13857
1.17003
1.19151
1.2181
1.23489
1.25162
1.25852
0.338702
0.313893
0.283916
0.264233
0.260248
0.259667
0.262115
0.267885
0.270416
0.252685
0.247654
0.237048
0.241927
0.267034
0.289617
0.322109
0.358288
0.389301
0.410383
0.417839
0.418984
0.418945
0.42872
0.445694
0.450295
0.421158
0.259602
0.317748
0.559663
0.632233
0.683678
0.725516
0.762628
0.796734
0.835379
0.872798
0.913033
0.960749
1.0086
1.06459
1.01661
1.0166
1.01791
1.0182
1.01897
1.01901
1.0195
1.01928
1.01949
1.01908
1.01887
1.01791
1.0173
1.01536
1.01343
1.01017
1.0057
1.00037
0.992647
0.985101
0.977867
0.976006
0.978841
0.988033
0.999306
1.00885
1.01052
1.00954
1.009
1.00856
1.00825
1.008
1.00774
1.00743
1.00709
1.00671
1.00633
1.00592
1.00554
1.0053
0.999367
0.999762
0.998907
0.999538
0.999017
0.999794
0.99949
1.00033
0.999933
1.00088
1.00065
1.00171
1.00224
1.00361
1.00556
1.00791
1.01168
1.01508
1.01955
1.02329
1.02539
1.02615
1.02551
1.02131
1.0136
1.00972
1.00886
1.00911
1.00925
1.00936
1.00935
1.00915
1.00876
1.00835
1.00791
1.00734
1.00684
1.0064
1.00598
1.00569
1.01567
1.01623
1.01756
1.01779
1.01867
1.01852
1.01895
1.01844
1.01851
1.01747
1.01731
1.01572
1.01478
1.01281
1.01045
1.00792
1.00447
1.00166
0.998582
0.99922
1.00062
1.00439
1.00654
1.00796
1.00839
1.0085
1.00861
1.00887
1.009
1.00917
1.00928
1.00921
1.00898
1.00863
1.00819
1.00779
1.0073
1.00692
1.00665
1.00635
1.00123
1.00183
1.00125
1.00183
1.00154
1.00229
1.0023
1.00333
1.00346
1.00475
1.00537
1.00702
1.00842
1.0107
1.01333
1.01612
1.01942
1.02229
1.02456
1.02563
1.02609
1.02553
1.02294
1.01937
1.01585
1.01308
1.01148
1.01088
1.01063
1.01029
1.01005
1.00977
1.0093
1.00893
1.00846
1.00795
1.00761
1.00706
1.00677
1.00656
1.0143
1.01511
1.01608
1.0164
1.01688
1.01674
1.01685
1.0163
1.01607
1.01515
1.01454
1.01324
1.01182
1.01033
1.0083
1.00681
1.00514
1.0049
1.00499
1.00663
1.00744
1.00889
1.00932
1.01
1.01025
1.01028
1.01025
1.01021
1.01011
1.01006
1.01017
1.01008
1.00965
1.00926
1.00901
1.00848
1.00802
1.00774
1.00733
1.00709
1.00328
1.00379
1.00363
1.00426
1.00432
1.00525
1.00551
1.00674
1.00727
1.00854
1.00953
1.01101
1.01254
1.01415
1.01594
1.01756
1.01913
1.02049
1.02139
1.02196
1.02197
1.02119
1.01959
1.0178
1.01617
1.01498
1.0137
1.01219
1.01147
1.01115
1.01091
1.01046
1.00992
1.0095
1.00914
1.00867
1.00822
1.00776
1.00751
1.00724
1.01333
1.01412
1.01474
1.01507
1.01522
1.01518
1.01495
1.01464
1.01426
1.0136
1.01276
1.01198
1.01069
1.00995
1.00871
1.00825
1.00773
1.00814
1.00836
1.0091
1.00957
1.01025
1.01053
1.0113
1.01161
1.01174
1.01172
1.01156
1.01126
1.01121
1.01122
1.0109
1.01057
1.0102
1.00957
1.00911
1.00886
1.00843
1.00803
1.0078
1.00542
1.00589
1.00613
1.00686
1.00729
1.00815
1.00882
1.00957
1.01047
1.0114
1.01237
1.01349
1.01445
1.01551
1.0164
1.01721
1.01792
1.01841
1.01892
1.0194
1.01937
1.01879
1.01749
1.01616
1.01564
1.01516
1.01402
1.01282
1.01229
1.01197
1.01158
1.01111
1.01092
1.01041
1.00983
1.00938
1.009
1.00863
1.00824
1.00796
1.01262
1.01328
1.01366
1.01392
1.01397
1.01406
1.01388
1.01374
1.0133
1.01298
1.01232
1.01202
1.01151
1.01139
1.01114
1.01128
1.01137
1.01164
1.01134
1.01135
1.01155
1.01185
1.01201
1.01242
1.01284
1.01294
1.01289
1.01263
1.01247
1.01244
1.01215
1.01181
1.01144
1.01094
1.01051
1.01002
1.0097
1.00929
1.00899
1.00868
1.00749
1.00813
1.00857
1.00929
1.00986
1.01057
1.01124
1.01188
1.0127
1.01337
1.0141
1.01483
1.01541
1.01606
1.01665
1.01716
1.01741
1.01757
1.01793
1.01818
1.01793
1.01732
1.01641
1.01583
1.01563
1.01499
1.01401
1.01342
1.01313
1.01275
1.0124
1.01221
1.01185
1.01129
1.01069
1.01028
1.00989
1.00947
1.00917
1.00892
1.01215
1.01283
1.01306
1.01337
1.01357
1.01377
1.01375
1.01385
1.01359
1.01349
1.01331
1.01331
1.01333
1.01345
1.01355
1.01372
1.01376
1.01343
1.01315
1.01314
1.01339
1.0135
1.01354
1.01384
1.01419
1.01417
1.01396
1.01383
1.01376
1.01348
1.01304
1.01276
1.01245
1.01204
1.01156
1.01107
1.01066
1.01025
1.00992
1.00972
1.00941
1.01029
1.01071
1.01139
1.01181
1.01256
1.01311
1.01378
1.01431
1.01495
1.01548
1.01608
1.01654
1.01696
1.01726
1.01731
1.01722
1.01725
1.01759
1.0177
1.01738
1.01683
1.01626
1.01597
1.0157
1.01512
1.01453
1.01426
1.01406
1.01386
1.01363
1.01323
1.01279
1.01233
1.01182
1.01134
1.01093
1.01051
1.01013
1.00999
1.01211
1.01288
1.01312
1.01366
1.01391
1.01418
1.01442
1.0146
1.0147
1.01494
1.01508
1.01536
1.01548
1.01557
1.01559
1.01563
1.01558
1.01529
1.01506
1.01507
1.01515
1.0152
1.01529
1.01553
1.01555
1.01541
1.01525
1.01508
1.01482
1.01451
1.01426
1.01397
1.01362
1.01319
1.01268
1.01218
1.01183
1.01135
1.01097
1.01086
1.01099
1.01199
1.0124
1.01314
1.01357
1.01427
1.01473
1.01541
1.01585
1.01647
1.01684
1.01731
1.01757
1.01789
1.01795
1.01796
1.01792
1.01808
1.01826
1.0182
1.01774
1.01728
1.01695
1.01668
1.01632
1.01593
1.01569
1.0156
1.01535
1.01506
1.01473
1.01441
1.01393
1.01347
1.01299
1.01249
1.01206
1.01161
1.01123
1.01114
1.01269
1.0135
1.01386
1.01447
1.01473
1.01525
1.01556
1.01601
1.01633
1.01674
1.01696
1.01726
1.01733
1.01753
1.01749
1.01752
1.01753
1.01758
1.01758
1.01749
1.01742
1.01732
1.01726
1.01725
1.01715
1.01689
1.01666
1.01641
1.01612
1.01594
1.01577
1.01544
1.01496
1.01441
1.01395
1.01353
1.013
1.01249
1.01222
1.01213
1.01247
1.01345
1.01384
1.01457
1.01498
1.01562
1.01612
1.01673
1.01721
1.01776
1.01814
1.01856
1.01878
1.01904
1.01906
1.01924
1.01928
1.01956
1.01954
1.01944
1.01896
1.01869
1.01827
1.01808
1.01774
1.01763
1.01732
1.01705
1.01663
1.0164
1.0162
1.01595
1.01544
1.01488
1.01439
1.01402
1.01342
1.0128
1.01253
1.01243
1.01367
1.01448
1.01486
1.01558
1.01594
1.01659
1.01701
1.0176
1.018
1.01852
1.0188
1.01918
1.01929
1.01955
1.01954
1.01978
1.0198
1.01998
1.01987
1.01981
1.01962
1.01959
1.01947
1.01927
1.01888
1.01864
1.01836
1.01815
1.01786
1.01763
1.01738
1.01705
1.01656
1.01597
1.01548
1.01512
1.01458
1.01394
1.01366
1.01352
1.01414
1.01508
1.01561
1.01636
1.01694
1.01764
1.01821
1.01877
1.01926
1.01969
1.02
1.02035
1.02055
1.0208
1.02086
1.0211
1.02111
1.02131
1.02104
1.02089
1.02051
1.02052
1.02036
1.02022
1.01974
1.01944
1.01899
1.01878
1.01851
1.01837
1.01798
1.01763
1.01716
1.01659
1.01595
1.01554
1.01502
1.01445
1.01411
1.01389
1.01518
1.01625
1.01674
1.01761
1.01811
1.01888
1.01934
1.01994
1.02031
1.02074
1.02103
1.02141
1.02167
1.02192
1.02205
1.02226
1.02229
1.0224
1.02213
1.02211
1.02191
1.02203
1.02184
1.02164
1.02121
1.02099
1.02057
1.02033
1.02001
1.01986
1.01939
1.01904
1.01859
1.018
1.01725
1.01679
1.01636
1.01584
1.01543
1.01516
1.01623
1.0174
1.01804
1.01881
1.0194
1.02009
1.02052
1.02103
1.02138
1.02181
1.02215
1.02261
1.02294
1.02325
1.02338
1.02352
1.02354
1.02351
1.02325
1.02321
1.02307
1.02313
1.02277
1.02244
1.02206
1.02185
1.02147
1.02114
1.02079
1.0206
1.02017
1.01984
1.01931
1.01863
1.01783
1.01733
1.01688
1.01646
1.01607
1.01575
1.01747
1.01865
1.01933
1.02006
1.02063
1.02127
1.02165
1.02215
1.0225
1.02302
1.02345
1.024
1.02433
1.02468
1.02483
1.02508
1.0252
1.02523
1.0251
1.02515
1.02504
1.02501
1.02456
1.02434
1.02401
1.02381
1.02335
1.023
1.02261
1.02235
1.02196
1.02163
1.02096
1.02028
1.01956
1.019
1.01845
1.0181
1.01777
1.01742
1.0188
1.01983
1.02063
1.02126
1.02185
1.02243
1.0229
1.02343
1.02393
1.02447
1.025
1.02544
1.02565
1.02588
1.02601
1.02635
1.02648
1.02653
1.02645
1.02651
1.02632
1.02614
1.02567
1.02557
1.02516
1.02489
1.02437
1.0241
1.02364
1.02331
1.02299
1.02268
1.02188
1.02107
1.02029
1.01964
1.019
1.01868
1.01834
1.018
1.02011
1.02091
1.02178
1.02241
1.02311
1.02378
1.02442
1.02515
1.02582
1.02645
1.02701
1.02734
1.02761
1.02784
1.02824
1.02863
1.02874
1.02882
1.0288
1.0289
1.02866
1.02842
1.02806
1.02805
1.02756
1.02723
1.02667
1.02649
1.02592
1.02559
1.02529
1.02494
1.02408
1.02322
1.0224
1.02173
1.02106
1.02069
1.02031
1.02003
1.02127
1.02218
1.02278
1.02372
1.0244
1.02523
1.02598
1.02675
1.0274
1.02804
1.02851
1.02885
1.0292
1.02961
1.03019
1.03037
1.03045
1.03044
1.03054
1.03054
1.03022
1.03002
1.02973
1.02961
1.029
1.0287
1.02812
1.02795
1.02731
1.02696
1.02643
1.02606
1.02525
1.02437
1.02337
1.02263
1.02192
1.02153
1.02112
1.02075
1.02287
1.02379
1.02456
1.02574
1.02648
1.02758
1.02828
1.02921
1.02993
1.03074
1.0312
1.03173
1.03221
1.03291
1.03334
1.03343
1.03354
1.0336
1.03378
1.03368
1.03351
1.03332
1.03294
1.03262
1.03215
1.03189
1.03128
1.031
1.03033
1.02994
1.02913
1.0288
1.02795
1.02699
1.02585
1.02506
1.02429
1.02381
1.0232
1.02273
1.02456
1.02577
1.02678
1.02796
1.0288
1.02975
1.0306
1.03156
1.03245
1.03313
1.03352
1.0342
1.03482
1.03551
1.03555
1.0357
1.0358
1.036
1.03604
1.03595
1.03584
1.03549
1.03502
1.0347
1.03448
1.03416
1.03346
1.03299
1.03225
1.03177
1.031
1.0307
1.02973
1.02886
1.02766
1.02684
1.026
1.02563
1.02507
1.02451
1.0278
1.02924
1.03058
1.03175
1.03265
1.03374
1.03488
1.03597
1.03682
1.03722
1.03801
1.03886
1.03957
1.03985
1.03984
1.04017
1.04033
1.04062
1.04044
1.04053
1.04028
1.03996
1.03945
1.0392
1.03887
1.03828
1.03741
1.03668
1.03589
1.03536
1.03464
1.03389
1.03254
1.03153
1.03014
1.02922
1.02818
1.02766
1.02697
1.02658
1.03086
1.03244
1.03363
1.03476
1.03575
1.03726
1.03832
1.03918
1.03981
1.04056
1.04177
1.04239
1.04297
1.04296
1.04342
1.04372
1.04402
1.04404
1.04392
1.04386
1.0435
1.04339
1.04301
1.04286
1.04223
1.04171
1.04087
1.04019
1.03937
1.03901
1.03819
1.03726
1.03595
1.03492
1.03351
1.03258
1.03146
1.03084
1.02998
1.02944
1.03607
1.03781
1.03897
1.04055
1.04194
1.04341
1.04396
1.04502
1.04569
1.04702
1.04779
1.04827
1.04876
1.04901
1.04957
1.04956
1.05001
1.04972
1.04968
1.0492
1.04901
1.04874
1.04816
1.04759
1.04671
1.04612
1.04503
1.04431
1.04335
1.04267
1.04142
1.04036
1.03858
1.03725
1.03567
1.0347
1.03333
1.03274
1.03194
1.03154
1.04042
1.04249
1.04414
1.04618
1.04722
1.04866
1.04959
1.05107
1.05205
1.05327
1.05382
1.05486
1.05524
1.05588
1.05621
1.05655
1.05687
1.05658
1.05672
1.05621
1.05639
1.05563
1.05537
1.0544
1.05358
1.05264
1.05178
1.05104
1.04999
1.04915
1.04782
1.04655
1.04473
1.04316
1.04127
1.04008
1.03865
1.03786
1.03651
1.03575
1.04778
1.05056
1.05173
1.05384
1.05458
1.05649
1.05725
1.05913
1.05963
1.0611
1.06139
1.06233
1.06257
1.06312
1.06307
1.06317
1.06279
1.06271
1.06239
1.06183
1.06167
1.06076
1.06032
1.05917
1.05859
1.0576
1.05673
1.05583
1.05472
1.05364
1.05199
1.05058
1.04843
1.04673
1.04465
1.04316
1.04157
1.0406
1.03934
1.03833
1.05758
1.06019
1.0621
1.06395
1.06555
1.06732
1.06884
1.07031
1.07144
1.0726
1.0733
1.0743
1.075
1.07569
1.07611
1.07644
1.07661
1.0767
1.07653
1.07636
1.07564
1.07516
1.07431
1.07321
1.07194
1.07043
1.06889
1.06718
1.06536
1.06366
1.06159
1.05964
1.05737
1.05522
1.05291
1.05119
1.04946
1.04808
1.04651
1.04527
1.06886
1.07189
1.0729
1.07554
1.07675
1.07909
1.07996
1.08147
1.08206
1.08323
1.08387
1.08493
1.08516
1.0856
1.08499
1.0847
1.08378
1.0833
1.08235
1.08174
1.08059
1.07962
1.0783
1.07714
1.07561
1.07445
1.07287
1.07181
1.07023
1.0689
1.06706
1.06506
1.063
1.06082
1.05865
1.05652
1.05443
1.05259
1.05048
1.04886
1.08587
1.09111
1.09297
1.09571
1.09709
1.09934
1.10038
1.10218
1.10304
1.10458
1.10539
1.10653
1.10698
1.10774
1.10785
1.10849
1.10833
1.10878
1.10837
1.10832
1.10748
1.10686
1.1054
1.10393
1.10192
1.09978
1.09753
1.09496
1.0923
1.08923
1.08608
1.08249
1.07895
1.07549
1.07225
1.06913
1.06631
1.06367
1.06121
1.05887
1.10978
1.11298
1.11426
1.11705
1.11782
1.12034
1.12039
1.1227
1.12239
1.12448
1.12377
1.12509
1.12363
1.12411
1.12204
1.12202
1.11948
1.11915
1.11643
1.11587
1.11251
1.1113
1.1077
1.1062
1.10254
1.10121
1.09802
1.0968
1.09366
1.09223
1.08904
1.08716
1.0837
1.08158
1.07827
1.07622
1.07306
1.07084
1.06779
1.06554
1.15617
1.16232
1.1604
1.16385
1.16265
1.16547
1.16417
1.16682
1.16521
1.16739
1.16599
1.16761
1.16674
1.16798
1.16745
1.1686
1.16786
1.16857
1.16709
1.16741
1.16545
1.16526
1.16286
1.16209
1.15895
1.15712
1.15306
1.14998
1.14493
1.14076
1.135
1.12995
1.12355
1.118
1.11151
1.10612
1.0999
1.09478
1.08894
1.08421
1.21586
1.2104
1.20886
1.20621
1.20591
1.20375
1.2037
1.20172
1.20154
1.19952
1.19902
1.19687
1.1959
1.19338
1.19179
1.18895
1.18703
1.18399
1.18146
1.17795
1.17479
1.17055
1.16614
1.16091
1.15615
1.15085
1.14626
1.14131
1.13716
1.13263
1.1288
1.1245
1.12055
1.11566
1.11089
1.10512
1.1002
1.095
1.0918
1.08925
1.26672
1.27405
1.2751
1.28025
1.27987
1.28414
1.28314
1.28708
1.28614
1.28981
1.28894
1.29241
1.29138
1.29464
1.2931
1.29604
1.29388
1.29631
1.29331
1.29497
1.2915
1.29287
1.28938
1.29019
1.28551
1.28469
1.27826
1.27528
1.26685
1.2616
1.25129
1.24396
1.23223
1.22361
1.21167
1.2031
1.19167
1.18295
1.17047
1.15862
1.26522
1.26471
1.27295
1.27796
1.28556
1.29219
1.29935
1.30595
1.31323
1.31844
1.32486
1.32853
1.33306
1.33533
1.33778
1.33932
1.34037
1.34184
1.34152
1.34186
1.33821
1.33563
1.32795
1.32271
1.31215
1.30548
1.29263
1.28531
1.27158
1.26448
1.25033
1.2442
1.23082
1.22592
1.21223
1.2048
1.18589
1.17115
1.14824
1.13612
1.111
1.15278
1.19901
1.24124
1.2869
1.32715
1.37037
1.40739
1.44697
1.48043
1.51569
1.54533
1.57556
1.60071
1.62511
1.64418
1.66202
1.67402
1.68526
1.69171
1.69819
1.70078
1.70327
1.70222
1.70059
1.69562
1.68921
1.67952
1.66691
1.65328
1.63536
1.61891
1.59676
1.57839
1.55187
1.52977
1.49956
1.47305
1.4441
1.41822
1.00512
1.00577
1.00566
1.00576
1.00591
1.00607
1.00624
1.00643
1.0066
1.00677
1.00693
1.00705
1.00711
1.00713
1.00713
1.00707
1.00681
1.00643
1.00582
1.00503
1.00407
1.00291
1.00153
0.999949
0.9982
0.996381
0.994794
0.993002
0.991611
0.990464
0.989722
0.989361
0.989323
0.989625
0.99011
0.990725
0.991336
0.991843
0.99224
0.991773
1.0054
1.00598
1.00573
1.00599
1.00616
1.00635
1.00658
1.00677
1.00702
1.00729
1.0075
1.00763
1.00777
1.00782
1.0078
1.00772
1.00742
1.00698
1.00638
1.00557
1.00457
1.00336
1.00185
1.00011
0.998293
0.996467
0.994385
0.992868
0.991336
0.990067
0.989204
0.988745
0.988749
0.989069
0.989598
0.990265
0.990953
0.991526
0.992009
0.99168
1.00608
1.00646
1.00619
1.00658
1.00674
1.00695
1.00715
1.00737
1.0076
1.00775
1.0079
1.00806
1.0081
1.00809
1.00811
1.00802
1.00771
1.00727
1.0066
1.00564
1.00452
1.00318
1.00163
0.999937
0.997969
0.995924
0.994211
0.992104
0.990509
0.98923
0.988331
0.987946
0.988006
0.98844
0.989078
0.989832
0.99059
0.991221
0.991795
0.991549
1.00621
1.00654
1.00633
1.0069
1.00698
1.00727
1.00752
1.0078
1.00803
1.00827
1.00852
1.00866
1.00878
1.00886
1.00884
1.00865
1.00823
1.00764
1.0069
1.00596
1.00471
1.00334
1.00169
0.999704
0.997827
0.99582
0.993452
0.991777
0.990062
0.988704
0.987747
0.987302
0.987285
0.987742
0.988437
0.989263
0.990096
0.990796
0.99149
0.991414
1.00681
1.00706
1.00697
1.00756
1.00755
1.00789
1.00811
1.00837
1.00855
1.00878
1.00898
1.00915
1.00926
1.00924
1.00913
1.00887
1.00833
1.00771
1.00691
1.00592
1.00457
1.00304
1.00126
0.999468
0.997261
0.994952
0.993134
0.99078
0.989113
0.987743
0.986852
0.986454
0.986524
0.987076
0.987863
0.988792
0.989709
0.990478
0.9913
0.991332
1.00687
1.00717
1.00716
1.00777
1.00773
1.00821
1.00844
1.00867
1.00891
1.00916
1.00936
1.00955
1.0097
1.00973
1.00969
1.00943
1.0088
1.00802
1.00705
1.0059
1.00451
1.00285
1.00105
0.99883
0.996778
0.994715
0.992096
0.990333
0.988448
0.987048
0.98614
0.985703
0.985768
0.986336
0.987137
0.988116
0.98911
0.989961
0.990918
0.991167
1.00751
1.0078
1.00788
1.0084
1.00836
1.0089
1.00905
1.00934
1.00954
1.00969
1.00987
1.01006
1.01019
1.01021
1.01008
1.00965
1.00894
1.00809
1.00711
1.00584
1.00439
1.00271
1.00069
0.998664
0.996274
0.993654
0.991698
0.989177
0.987474
0.986072
0.985083
0.984762
0.984948
0.985598
0.986492
0.98758
0.988678
0.989592
0.990669
0.99105
1.00763
1.00801
1.00815
1.00855
1.00857
1.00914
1.00921
1.00959
1.00977
1.0099
1.01003
1.01017
1.01026
1.01037
1.01024
1.00992
1.00925
1.00833
1.00714
1.00581
1.00421
1.00226
1.00023
0.997893
0.995549
0.993371
0.990494
0.988622
0.986527
0.985055
0.984247
0.983875
0.984045
0.984692
0.985623
0.986759
0.987946
0.988943
0.99011
0.990741
1.00838
1.00883
1.00894
1.00924
1.00938
1.00996
1.00996
1.01049
1.01062
1.01072
1.01077
1.01084
1.01092
1.01094
1.01078
1.01039
1.00969
1.00876
1.00755
1.00605
1.00427
1.00237
1.00013
0.997719
0.995111
0.992151
0.990033
0.9873
0.985626
0.984167
0.98306
0.982758
0.983071
0.983844
0.984874
0.986139
0.987456
0.988537
0.98983
0.990614
1.00861
1.00909
1.00914
1.00949
1.00967
1.0102
1.01015
1.0107
1.01082
1.01094
1.01089
1.01087
1.01089
1.01091
1.01081
1.01039
1.00966
1.00877
1.0075
1.00595
1.00415
1.00189
0.999547
0.996994
0.994311
0.991809
0.98861
0.986638
0.984278
0.982774
0.982045
0.981659
0.981956
0.982766
0.98384
0.985149
0.986561
0.987747
0.989103
0.990183
1.00946
1.00994
1.00997
1.01037
1.01063
1.01099
1.01103
1.01166
1.01175
1.01195
1.01184
1.01174
1.01171
1.01163
1.01143
1.01104
1.01041
1.00952
1.00817
1.00646
1.00431
1.00204
0.999418
0.99659
0.993618
0.990392
0.988104
0.985089
0.983413
0.981765
0.980638
0.980385
0.980826
0.981783
0.982976
0.984426
0.986001
0.987301
0.9888
0.990066
1.0097
1.01021
1.0102
1.0107
1.01089
1.01125
1.01131
1.01188
1.01193
1.0122
1.01212
1.012
1.01184
1.01167
1.0115
1.01101
1.01031
1.00922
1.00784
1.00604
1.00394
1.00142
0.99873
0.995873
0.992806
0.989953
0.986389
0.984275
0.981676
0.980192
0.979425
0.979134
0.979524
0.980491
0.981736
0.98323
0.984907
0.986344
0.987884
0.989513
1.01058
1.01111
1.01113
1.0117
1.01186
1.01221
1.01236
1.01283
1.01292
1.01334
1.01327
1.0132
1.0129
1.01256
1.01212
1.01161
1.01095
1.00992
1.00848
1.00656
1.00424
1.00157
0.998517
0.995139
0.991868
0.988249
0.985787
0.982464
0.980741
0.978937
0.977848
0.977675
0.978197
0.979327
0.980742
0.982384
0.984258
0.985846
0.987552
0.989398
1.0109
1.01142
1.01141
1.01194
1.01208
1.0125
1.01259
1.01296
1.01303
1.01347
1.01344
1.01349
1.01323
1.01285
1.01233
1.01171
1.01079
1.00955
1.00796
1.00597
1.00354
1.00069
0.997602
0.994372
0.990713
0.987706
0.983792
0.981477
0.978588
0.977058
0.976393
0.976151
0.976635
0.977738
0.979238
0.980941
0.982909
0.984691
0.986406
0.988618
1.01191
1.01243
1.01242
1.01289
1.0131
1.01363
1.01373
1.01396
1.01403
1.01454
1.01444
1.0146
1.01425
1.01384
1.01323
1.01242
1.01142
1.01013
1.00837
1.00626
1.00367
1.00074
0.997241
0.993401
0.989947
0.985669
0.982929
0.979329
0.97749
0.975539
0.974553
0.974415
0.975056
0.976351
0.978087
0.979956
0.982147
0.984122
0.986029
0.988493
1.01223
1.01279
1.01277
1.01316
1.01334
1.01389
1.01393
1.01418
1.01416
1.0145
1.01429
1.01464
1.01444
1.01403
1.01331
1.01241
1.01116
1.00962
1.00775
1.00551
1.00278
0.999597
0.996161
0.992455
0.988117
0.985002
0.980642
0.978099
0.974955
0.973332
0.972496
0.972535
0.973101
0.974399
0.97623
0.97822
0.98046
0.982734
0.984639
0.987434
1.01333
1.01397
1.01397
1.0143
1.01451
1.01515
1.01522
1.01549
1.01542
1.01558
1.0153
1.01562
1.01525
1.01501
1.01431
1.01332
1.01198
1.0103
1.00825
1.00579
1.00281
0.999432
0.995471
0.991203
0.987536
0.982537
0.979562
0.975524
0.973585
0.971465
0.97068
0.970439
0.9714
0.972763
0.974877
0.977076
0.979592
0.982044
0.984228
0.987262
1.01364
1.01431
1.01432
1.01471
1.01484
1.01537
1.01537
1.01572
1.01561
1.01566
1.0153
1.01546
1.01504
1.01474
1.01401
1.01294
1.01141
1.00961
1.00737
1.00468
1.00152
0.998036
0.994042
0.990056
0.985012
0.981645
0.976725
0.973971
0.970494
0.968799
0.967665
0.968072
0.968715
0.970332
0.972572
0.974959
0.977519
0.980292
0.982571
0.985862
1.01487
1.01561
1.01573
1.01625
1.01633
1.01671
1.01675
1.01729
1.01729
1.01729
1.01693
1.01693
1.01627
1.01605
1.01511
1.01392
1.01237
1.01041
1.00799
1.00509
1.00164
0.99765
0.993294
0.988313
0.984283
0.97862
0.975365
0.970836
0.968774
0.966447
0.965813
0.965601
0.966863
0.968555
0.97093
0.973575
0.976521
0.979436
0.982054
0.98557
1.0153
1.01599
1.01604
1.01664
1.01669
1.01702
1.01697
1.0174
1.01733
1.01739
1.01705
1.01686
1.01602
1.01555
1.01433
1.01325
1.01167
1.00955
1.00683
1.0036
0.999899
0.995891
0.991215
0.986797
0.981129
0.977407
0.971913
0.968828
0.964957
0.963246
0.962081
0.962465
0.963618
0.965285
0.968042
0.970898
0.973944
0.977165
0.979951
0.98366
1.01688
1.01753
1.01759
1.01839
1.0185
1.01884
1.01875
1.01909
1.01909
1.0193
1.01917
1.01893
1.01807
1.01742
1.01597
1.0147
1.01258
1.01018
1.00736
1.00392
0.999977
0.995297
0.990505
0.984663
0.980114
0.973596
0.969944
0.964927
0.962726
0.960223
0.959542
0.959887
0.961029
0.963259
0.966036
0.969165
0.972724
0.976136
0.979309
0.983339
1.01746
1.0181
1.01802
1.01878
1.0188
1.01918
1.01902
1.01926
1.01905
1.01911
1.01881
1.01846
1.01758
1.01677
1.01515
1.0138
1.01159
1.00921
1.00591
1.00219
0.997781
0.993035
0.987413
0.982497
0.976027
0.971884
0.965788
0.96224
0.957946
0.956179
0.955367
0.955373
0.957082
0.959168
0.962322
0.965737
0.96941
0.973231
0.976613
0.980862
1.01955
1.02026
1.02011
1.02085
1.02085
1.02144
1.02136
1.02161
1.02125
1.02122
1.02088
1.02054
1.01975
1.01888
1.01701
1.01548
1.0126
1.00986
1.0064
1.00226
0.997576
0.991993
0.986676
0.979763
0.974495
0.967016
0.962962
0.957283
0.954979
0.952345
0.951382
0.952401
0.953986
0.956585
0.960015
0.963576
0.967891
0.971952
0.975775
0.980489
1.02023
1.02084
1.02073
1.02131
1.02114
1.02166
1.02144
1.02168
1.02119
1.02102
1.02038
1.01983
1.01882
1.01775
1.01604
1.01429
1.0113
1.00856
1.00443
0.99999
0.994534
0.989076
0.982218
0.976523
0.969159
0.964548
0.957527
0.953631
0.94885
0.946978
0.946527
0.946501
0.948509
0.951258
0.955055
0.959202
0.963599
0.968128
0.9722
0.977293
1.02236
1.02335
1.0233
1.02392
1.02375
1.02427
1.02412
1.02465
1.02408
1.02403
1.02323
1.02251
1.02137
1.02
1.01789
1.01582
1.01253
1.00925
1.00464
0.999587
0.994213
0.98726
0.981152
0.972987
0.966932
0.958496
0.953678
0.947238
0.944901
0.942231
0.941167
0.942629
0.944784
0.947948
0.952216
0.956419
0.961643
0.966554
0.971055
0.976956
1.02395
1.0246
1.02431
1.02467
1.02433
1.02468
1.02439
1.02443
1.02376
1.02365
1.02265
1.02185
1.02044
1.01882
1.01671
1.01427
1.01055
1.00701
1.00176
0.996795
0.989731
0.983603
0.974997
0.96861
0.959758
0.954101
0.946371
0.942101
0.936671
0.934618
0.934742
0.934918
0.93753
0.940945
0.945754
0.950625
0.955966
0.961453
0.966226
0.972936
1.02597
1.02686
1.02664
1.02743
1.02728
1.02781
1.02739
1.02756
1.02716
1.02708
1.026
1.02522
1.02338
1.02153
1.01893
1.01581
1.01177
1.00742
1.00178
0.995259
0.988793
0.980009
0.97326
0.96322
0.956402
0.947298
0.940959
0.933682
0.931258
0.928609
0.92696
0.929715
0.932629
0.936637
0.942079
0.947175
0.953372
0.959527
0.964779
0.972237
1.02862
1.02927
1.02887
1.02949
1.02909
1.02944
1.02868
1.02861
1.02768
1.02706
1.02578
1.02463
1.02246
1.02037
1.01715
1.01355
1.00894
1.00445
0.997356
0.991493
0.982359
0.975438
0.964533
0.957484
0.946385
0.939371
0.930922
0.92624
0.920677
0.918148
0.919566
0.91951
0.922903
0.927192
0.933291
0.939062
0.945671
0.952649
0.958384
0.966402
1.0305
1.03143
1.03102
1.03182
1.03138
1.03176
1.03119
1.03135
1.03042
1.0299
1.02836
1.02698
1.02474
1.02223
1.01878
1.01475
1.00979
1.0033
0.99645
0.987771
0.980153
0.968702
0.96123
0.948654
0.941231
0.930669
0.923172
0.915184
0.911605
0.910114
0.907798
0.911838
0.916376
0.921341
0.928625
0.934923
0.942294
0.950105
0.956724
0.965244
1.03491
1.03586
1.03536
1.03584
1.03505
1.03524
1.03434
1.03401
1.03268
1.03163
1.02958
1.02764
1.02457
1.02126
1.0167
1.01197
1.00536
0.999129
0.989984
0.983035
0.970621
0.962986
0.949211
0.940791
0.927441
0.918616
0.908752
0.903622
0.898765
0.894887
0.897885
0.89855
0.902696
0.908304
0.916446
0.923754
0.931559
0.940368
0.947952
0.956643
1.03693
1.03769
1.03674
1.03735
1.03635
1.03665
1.03547
1.03532
1.0337
1.03262
1.03048
1.02823
1.02507
1.02122
1.01681
1.01061
1.00433
0.995243
0.987543
0.975136
0.966021
0.951987
0.941839
0.927316
0.91793
0.906088
0.897392
0.888632
0.883677
0.88354
0.881499
0.887195
0.893873
0.900242
0.910039
0.918576
0.927339
0.937313
0.945952
0.955731
1.04387
1.0445
1.04361
1.04412
1.04303
1.04305
1.04147
1.04086
1.03855
1.03702
1.03385
1.03081
1.02602
1.02131
1.01432
1.00798
0.998082
0.990349
0.977272
0.967914
0.952843
0.942424
0.925852
0.914475
0.898918
0.887311
0.876106
0.86985
0.865913
0.861547
0.866742
0.868137
0.874379
0.881916
0.892688
0.902897
0.912362
0.923357
0.933798
0.9445
1.04684
1.04715
1.04555
1.04579
1.04414
1.04406
1.04206
1.04118
1.03839
1.03624
1.03245
1.02863
1.0239
1.01757
1.01148
1.00197
0.994049
0.980885
0.970697
0.954967
0.94251
0.924946
0.91123
0.894149
0.881356
0.86782
0.85806
0.849419
0.843079
0.844516
0.843927
0.851973
0.86141
0.870388
0.883429
0.89597
0.907263
0.918961
0.930444
0.944968
1.05673
1.05682
1.05511
1.05513
1.05309
1.05266
1.04994
1.04868
1.04479
1.04225
1.03642
1.03251
1.02429
1.01849
1.00714
0.998698
0.983877
0.972607
0.955133
0.941652
0.922286
0.907159
0.887042
0.871297
0.852906
0.838569
0.825275
0.817229
0.815618
0.811624
0.819501
0.82354
0.834602
0.844147
0.858107
0.873416
0.886149
0.901271
0.91337
0.93012
1.06282
1.06267
1.06023
1.05989
1.05715
1.05596
1.05237
1.04949
1.04492
1.03985
1.03421
1.02649
1.0193
1.00825
0.99878
0.984028
0.971737
0.953975
0.93887
0.918276
0.90013
0.87798
0.858141
0.837598
0.819697
0.803861
0.79304
0.787399
0.779525
0.784909
0.786492
0.798833
0.813745
0.828431
0.844045
0.863015
0.879605
0.8945
0.910834
0.927568
1.07961
1.07828
1.07457
1.07374
1.06882
1.06732
1.06036
1.05789
1.04875
1.04518
1.03383
1.02842
1.01412
1.00552
0.987656
0.974627
0.953602
0.936151
0.911866
0.890238
0.864424
0.840867
0.81585
0.794122
0.771825
0.756306
0.743291
0.730739
0.733994
0.733314
0.746145
0.755131
0.773832
0.789198
0.808744
0.828639
0.85063
0.870291
0.889258
0.908936
1.08926
1.08775
1.08667
1.08199
1.07816
1.07121
1.06602
1.05752
1.05084
1.04044
1.03113
1.01763
1.00413
0.98649
0.967823
0.945874
0.922305
0.896365
0.869605
0.841224
0.813057
0.783678
0.756795
0.729834
0.70882
0.692058
0.676958
0.680728
0.675686
0.687824
0.696274
0.71765
0.743026
0.767632
0.79051
0.816388
0.841637
0.865917
0.886669
0.90538
1.14271
1.13385
1.11718
1.10963
1.09518
1.08994
1.07676
1.07124
1.05615
1.04665
1.02686
1.01167
0.986638
0.965623
0.935487
0.909139
0.874493
0.844198
0.806758
0.774317
0.735944
0.703132
0.668496
0.640781
0.616978
0.59629
0.595258
0.582089
0.590333
0.60155
0.628535
0.645997
0.676368
0.708661
0.737877
0.768336
0.800395
0.828769
0.868538
0.895508
1.12783
1.12209
1.12135
1.11914
1.11583
1.10998
1.09844
1.08399
1.06241
1.0396
1.00948
0.979785
0.942929
0.907589
0.86547
0.825354
0.779541
0.735911
0.688813
0.644611
0.600167
0.56109
0.523389
0.499022
0.470406
0.475974
0.460773
0.477761
0.499188
0.535343
0.569568
0.619519
0.656194
0.705676
0.742666
0.788132
0.817888
0.856652
0.875481
0.915536
1.38853
1.36477
1.32261
1.28942
1.23877
1.19872
1.14187
1.09923
1.03873
0.994646
0.931371
0.886527
0.820571
0.774992
0.706498
0.660707
0.590497
0.545378
0.475526
0.430594
0.368015
0.325652
0.287183
0.254492
0.279256
0.292944
0.295611
0.35136
0.398934
0.456428
0.526389
0.580336
0.652942
0.710723
0.777113
0.834002
0.896127
0.947595
1.00589
1.04691
0.999993
1
0.999995
0.999997
0.999994
0.999995
0.999994
0.999994
0.999995
0.999996
0.999997
0.999998
0.999999
1
1
1
1.00001
1.00001
1.00001
1.00001
1.00001
1.00001
1.00001
1.00001
1.00001
1.00001
1
1.00001
1.00001
1.00001
1.00001
1
1
1
1.00001
1
1.00001
1
1
0.999995
0.999997
1.00001
1.00001
1.00001
1.00001
1.00001
1.00001
1.00001
1.00001
1.00001
1.00001
1.00001
1.00001
1.00001
1
1
1
0.999999
0.999995
0.999991
0.999988
0.999985
0.999984
0.999986
0.999989
0.999991
0.999992
0.999987
0.999986
0.999985
0.999986
0.999988
0.999988
0.999988
0.999987
0.999989
0.999988
0.99999
0.999994
0.999975
1.00001
1.00002
1.00001
1.00001
1.00001
1
1
1.00001
1.00001
1.00001
1.00001
1.00001
1.00001
1.00001
1.00001
1.00001
1.00001
1.00001
1.00001
1.00002
1.00002
1.00001
1.00001
1
0.999996
0.999988
0.999983
0.999985
0.999984
0.999983
0.999981
0.999978
0.999978
0.999978
0.99998
0.99998
0.999983
0.999984
0.999985
0.999959
1.00001
1.00004
1.00004
1.00003
1.00003
1.00004
1.00003
1.00003
1.00003
1.00003
1.00003
1.00003
1.00003
1.00002
1.00002
1.00002
1.00001
1.00001
1
0.999998
0.999992
0.999987
0.999984
0.999984
0.999986
0.999986
0.999982
0.999971
0.999966
0.99996
0.999957
0.999958
0.999956
0.999955
0.999954
0.999957
0.999957
0.999961
0.999967
0.999925
1.00003
1.00007
1.00007
1.00007
1.00006
1.00006
1.00006
1.00006
1.00006
1.00006
1.00006
1.00006
1.00006
1.00006
1.00006
1.00006
1.00005
1.00005
1.00005
1.00004
1.00003
1.00002
1
0.99998
0.999959
0.99994
0.999926
0.999921
0.999914
0.999912
0.999908
0.999903
0.999904
0.999906
0.999908
0.999909
0.999915
0.99992
0.999929
0.999887
1.00005
1.0001
1.00009
1.00008
1.00008
1.00008
1.00008
1.00008
1.00008
1.00008
1.00008
1.00008
1.00008
1.00008
1.00007
1.00007
1.00006
1.00005
1.00003
1.00002
1
0.999992
0.999979
0.999971
0.999963
0.999954
0.999941
0.999922
0.999909
0.999893
0.999884
0.999881
0.999877
0.999875
0.999876
0.999882
0.999882
0.999889
0.999898
0.999832
1.00008
1.00015
1.00014
1.00013
1.00014
1.00013
1.00013
1.00013
1.00013
1.00013
1.00013
1.00013
1.00012
1.00012
1.00012
1.00011
1.00011
1.0001
1.00009
1.00008
1.00006
1.00004
1.00001
0.999977
0.999943
0.999911
0.999885
0.999868
0.999848
0.999839
0.99983
0.999818
0.999813
0.999811
0.99981
0.999805
0.999815
0.99982
0.999835
0.999759
1.00011
1.0002
1.00019
1.0002
1.00019
1.00019
1.0002
1.0002
1.0002
1.0002
1.0002
1.0002
1.0002
1.00019
1.00019
1.00018
1.00016
1.00014
1.0001
1.00007
1.00004
1.00001
0.999979
0.999954
0.999925
0.999895
0.999864
0.999828
0.999805
0.999777
0.999756
0.999746
0.999738
0.999735
0.999737
0.999749
0.999744
0.999754
0.999766
0.999674
1.00016
1.00026
1.00025
1.00024
1.00024
1.00024
1.00023
1.00023
1.00023
1.00024
1.00023
1.00023
1.00023
1.00022
1.00021
1.0002
1.00019
1.00017
1.00017
1.00015
1.00012
1.00008
1.00003
0.999975
0.999925
0.999878
0.999834
0.9998
0.999759
0.999735
0.999713
0.999694
0.999681
0.999674
0.999667
0.999655
0.99967
0.999676
0.999695
0.999587
1.00021
1.00034
1.00034
1.00034
1.00033
1.00034
1.00035
1.00035
1.00036
1.00036
1.00036
1.00036
1.00035
1.00034
1.00033
1.00033
1.00029
1.00026
1.00021
1.00016
1.00011
1.00005
0.999994
0.999947
0.999891
0.999834
0.999778
0.999725
0.999688
0.999642
0.999611
0.999587
0.999567
0.999555
0.999553
0.99957
0.99956
0.999569
0.999578
0.999452
1.00027
1.00042
1.0004
1.0004
1.00041
1.0004
1.0004
1.00041
1.00041
1.00041
1.00041
1.0004
1.0004
1.00039
1.00037
1.00035
1.00034
1.00031
1.00029
1.00024
1.00019
1.00013
1.00006
0.999979
0.999906
0.999835
0.999765
0.999699
0.999631
0.999584
0.999538
0.999505
0.999483
0.999466
0.999457
0.999435
0.999451
0.999457
0.999478
0.999332
1.00033
1.00049
1.00049
1.00049
1.00049
1.0005
1.0005
1.00051
1.00051
1.00051
1.00051
1.00051
1.0005
1.00049
1.00048
1.00045
1.0004
1.00035
1.00028
1.00022
1.00014
1.00006
0.999988
0.999912
0.999824
0.999736
0.999654
0.999583
0.999526
0.999462
0.999418
0.999377
0.999344
0.999322
0.999308
0.999326
0.999315
0.999324
0.99933
0.999162
1.00042
1.0006
1.00059
1.00059
1.00058
1.00059
1.00059
1.0006
1.0006
1.0006
1.00059
1.00059
1.00058
1.00056
1.00053
1.0005
1.00047
1.00042
1.00037
1.0003
1.00024
1.00014
1.00004
0.999932
0.999829
0.999724
0.999623
0.999519
0.999423
0.999352
0.999284
0.999239
0.999206
0.999187
0.999175
0.999153
0.999159
0.999167
0.999184
0.998998
1.00048
1.00067
1.00066
1.00066
1.00067
1.00067
1.00067
1.00067
1.00068
1.00068
1.00069
1.00068
1.00067
1.00065
1.00063
1.00059
1.00053
1.00048
1.0004
1.00031
1.00021
1.0001
0.999989
0.999871
0.999747
0.999628
0.999514
0.999412
0.999325
0.999238
0.999168
0.999106
0.999059
0.999018
0.998996
0.998996
0.998997
0.998999
0.999009
0.998806
1.00059
1.00081
1.00079
1.00079
1.00078
1.00079
1.00079
1.0008
1.0008
1.00082
1.00081
1.0008
1.00079
1.00077
1.00074
1.0007
1.00067
1.00059
1.00052
1.00042
1.00032
1.0002
1.00006
0.999923
0.999773
0.99962
0.999473
0.999329
0.999193
0.999082
0.998991
0.998921
0.998867
0.99884
0.998815
0.998808
0.998798
0.998806
0.998822
0.998598
1.00067
1.0009
1.00089
1.00089
1.0009
1.0009
1.00091
1.00091
1.00092
1.00094
1.00094
1.00094
1.00093
1.0009
1.00087
1.00083
1.00076
1.00069
1.00058
1.00047
1.00033
1.00019
1.00003
0.99986
0.999695
0.999531
0.999365
0.999215
0.999084
0.998967
0.998861
0.998778
0.998717
0.998662
0.998641
0.998611
0.998623
0.998629
0.998639
0.9984
1.00081
1.00106
1.00106
1.00106
1.00107
1.00108
1.00109
1.00111
1.00113
1.00114
1.00113
1.00113
1.00112
1.00111
1.00108
1.00104
1.00098
1.00088
1.0008
1.00068
1.00054
1.00038
1.0002
1.00001
0.9998
0.999585
0.999386
0.999191
0.999008
0.998847
0.998717
0.998609
0.998524
0.998474
0.998426
0.998433
0.998404
0.998404
0.99843
0.998177
1.00091
1.00118
1.00118
1.00119
1.0012
1.00122
1.00124
1.00126
1.00128
1.0013
1.00132
1.00133
1.00131
1.00129
1.00126
1.0012
1.00112
1.00104
1.00091
1.00076
1.00058
1.00038
1.00017
0.999952
0.999724
0.999501
0.99927
0.999058
0.998866
0.998697
0.998551
0.998434
0.998347
0.998275
0.998242
0.998188
0.998203
0.99821
0.998216
0.997941
1.00105
1.00133
1.00133
1.00133
1.00134
1.00135
1.00137
1.0014
1.00141
1.00142
1.00142
1.00142
1.00142
1.00141
1.00136
1.00132
1.00125
1.00114
1.00102
1.00088
1.00069
1.00048
1.00025
0.999986
0.999721
0.999446
0.999186
0.998934
0.998705
0.998506
0.99833
0.998191
0.99808
0.998006
0.997953
0.997956
0.997933
0.997935
0.997969
0.99769
1.00114
1.00145
1.00143
1.00144
1.00145
1.00146
1.00147
1.0015
1.00151
1.00152
1.00154
1.00154
1.00153
1.00148
1.00143
1.00135
1.00124
1.00112
1.00096
1.00077
1.00056
1.00032
1.00005
0.999788
0.999499
0.999223
0.99895
0.998691
0.998462
0.998249
0.998091
0.997954
0.997855
0.997786
0.99774
0.997706
0.997711
0.997715
0.997721
0.997408
1.00129
1.00161
1.0016
1.0016
1.00161
1.00162
1.00164
1.00166
1.00167
1.00167
1.00166
1.00166
1.00163
1.0016
1.00155
1.00149
1.0014
1.00126
1.00111
1.00091
1.00069
1.00042
1.00014
0.999823
0.999507
0.999175
0.998857
0.998563
0.998286
0.998064
0.997849
0.997691
0.997568
0.997481
0.997439
0.997411
0.997418
0.997435
0.997463
0.997141
1.00141
1.00175
1.00175
1.00176
1.00178
1.0018
1.00182
1.00185
1.00187
1.00189
1.00191
1.00192
1.00191
1.00186
1.00182
1.00171
1.00158
1.00145
1.00124
1.00102
1.00075
1.00046
1.00013
0.999794
0.999435
0.999085
0.998737
0.99841
0.998127
0.997858
0.997662
0.997491
0.997364
0.997287
0.997223
0.997216
0.997202
0.997207
0.997225
0.996873
1.00161
1.00198
1.00199
1.002
1.00201
1.00204
1.00208
1.00211
1.00214
1.00217
1.00218
1.0022
1.00219
1.00218
1.00212
1.00206
1.00198
1.00181
1.00165
1.00141
1.00113
1.00081
1.00045
1.00004
0.999633
0.999206
0.9988
0.998402
0.998039
0.997734
0.99745
0.997244
0.997091
0.996975
0.996929
0.996885
0.996898
0.996918
0.996954
0.996613
1.00173
1.00212
1.00213
1.00214
1.00217
1.0022
1.00224
1.00228
1.00232
1.00235
1.00239
1.0024
1.00239
1.00237
1.00233
1.00222
1.00209
1.00193
1.00168
1.00141
1.0011
1.00073
1.00034
0.999915
0.999466
0.999013
0.998568
0.998172
0.997798
0.997483
0.997245
0.997028
0.996868
0.99677
0.996701
0.996683
0.99668
0.996693
0.996705
0.996317
1.00191
1.00231
1.00231
1.00232
1.00234
1.00237
1.00241
1.00244
1.00247
1.00249
1.00251
1.00251
1.0025
1.00246
1.00239
1.00232
1.00218
1.002
1.00178
1.0015
1.00117
1.00078
1.00035
0.999886
0.999395
0.998895
0.998417
0.997949
0.997544
0.997178
0.996852
0.996629
0.996468
0.996352
0.996295
0.996279
0.9963
0.996325
0.996381
0.996019
1.00202
1.00243
1.00243
1.00245
1.00246
1.00249
1.00254
1.00257
1.0026
1.00263
1.00266
1.00266
1.00265
1.00262
1.00255
1.00242
1.00227
1.00205
1.0018
1.00149
1.00111
1.00067
1.00019
0.999664
0.999123
0.998596
0.998073
0.9976
0.997165
0.996812
0.996529
0.996294
0.996133
0.99605
0.996007
0.995997
0.996017
0.99606
0.996092
0.995672
1.00222
1.00266
1.00266
1.00268
1.0027
1.00274
1.00278
1.00282
1.00286
1.00289
1.00292
1.00293
1.00293
1.00289
1.00284
1.00274
1.00261
1.00239
1.00214
1.00181
1.00143
1.00097
1.00047
0.999905
0.999321
0.998714
0.99813
0.997569
0.997072
0.996625
0.996274
0.996009
0.995834
0.995694
0.995642
0.995642
0.995673
0.995719
0.995779
0.995396
1.00239
1.00285
1.00286
1.00288
1.00292
1.00296
1.00302
1.00307
1.00312
1.00318
1.00322
1.00324
1.00326
1.00322
1.00315
1.00304
1.00287
1.00264
1.00234
1.00197
1.00152
1.001
1.00043
0.999822
0.999178
0.998535
0.997891
0.997317
0.99681
0.996392
0.996041
0.995784
0.995568
0.995481
0.995428
0.995441
0.995481
0.995538
0.995581
0.99511
1.00261
1.00309
1.0031
1.00312
1.00316
1.0032
1.00326
1.00332
1.00337
1.00342
1.00346
1.00347
1.00347
1.00345
1.00339
1.00328
1.00311
1.00287
1.00256
1.00218
1.00173
1.0012
1.0006
0.999944
0.99924
0.998531
0.997857
0.997205
0.996618
0.996134
0.995731
0.995397
0.995224
0.99508
0.995039
0.995054
0.995105
0.995178
0.99526
0.994866
1.00271
1.00321
1.00322
1.00325
1.00328
1.00333
1.00339
1.00345
1.0035
1.00356
1.0036
1.00362
1.00364
1.0036
1.00352
1.00341
1.00322
1.00296
1.00264
1.00221
1.0017
1.00111
1.00044
0.999716
0.998958
0.998193
0.997424
0.99675
0.99616
0.99563
0.995233
0.994995
0.994776
0.994703
0.994673
0.994718
0.994804
0.994904
0.994977
0.994485
1.00292
1.00344
1.00345
1.00347
1.00351
1.00357
1.00363
1.00369
1.00375
1.00382
1.00385
1.00389
1.00389
1.00387
1.00381
1.0037
1.00351
1.00325
1.0029
1.00248
1.00196
1.00135
1.00065
0.999876
0.999048
0.998189
0.997387
0.996617
0.995923
0.995377
0.994926
0.994564
0.994392
0.994295
0.994268
0.994307
0.994409
0.994527
0.994643
0.994243
1.00306
1.0036
1.00361
1.00365
1.00369
1.00375
1.00382
1.00389
1.00396
1.00404
1.0041
1.00415
1.00416
1.00414
1.00405
1.00394
1.00374
1.00347
1.00311
1.0026
1.00202
1.00134
1.00057
0.999719
0.998841
0.997945
0.997022
0.996223
0.99555
0.994971
0.994542
0.994258
0.994045
0.993933
0.993959
0.994045
0.994181
0.994329
0.994438
0.993916
1.0033
1.00387
1.00389
1.00393
1.00398
1.00404
1.00412
1.0042
1.00428
1.00436
1.00441
1.00445
1.00447
1.00447
1.00441
1.00428
1.00409
1.00383
1.00344
1.00297
1.00236
1.00164
1.00082
0.999918
0.998916
0.997926
0.997027
0.99612
0.995323
0.994711
0.994221
0.993849
0.993632
0.993618
0.993588
0.993681
0.993819
0.993999
0.994162
0.993738
1.00342
1.004
1.00403
1.00406
1.00412
1.00418
1.00427
1.00435
1.00444
1.00453
1.0046
1.00466
1.00468
1.00467
1.0046
1.00445
1.00423
1.00396
1.00354
1.00302
1.00237
1.00159
1.00068
0.999692
0.998707
0.997684
0.996583
0.995636
0.994831
0.994184
0.99371
0.993427
0.993236
0.993111
0.993205
0.993351
0.993552
0.993778
0.993927
0.993384
1.00364
1.00424
1.00427
1.00431
1.00437
1.00445
1.00454
1.00464
1.00473
1.00483
1.0049
1.00495
1.00498
1.00498
1.00494
1.00484
1.00464
1.00436
1.00393
1.0034
1.00273
1.00193
1.00099
0.999959
0.998755
0.997566
0.996557
0.99551
0.994595
0.993846
0.993365
0.992952
0.992775
0.992722
0.992765
0.992961
0.993176
0.993432
0.993651
0.993194
1.00376
1.00437
1.0044
1.00444
1.0045
1.00459
1.00468
1.00478
1.00489
1.00501
1.0051
1.00517
1.0052
1.0052
1.00515
1.00503
1.00478
1.00449
1.00404
1.00346
1.00272
1.00184
1.00082
0.999683
0.998576
0.997393
0.996088
0.994998
0.994019
0.99334
0.992731
0.992502
0.992238
0.992217
0.992384
0.992631
0.992914
0.993205
0.993419
0.992852
1.004
1.00465
1.00468
1.00472
1.00481
1.00492
1.00504
1.00517
1.0053
1.00541
1.00552
1.0056
1.00566
1.00567
1.00565
1.00557
1.00534
1.00502
1.00454
1.00395
1.00318
1.00227
1.00121
1.00003
0.998633
0.997217
0.996027
0.994787
0.993762
0.992847
0.992444
0.991913
0.991845
0.991809
0.991952
0.99223
0.992552
0.992899
0.993183
0.992665
1.00414
1.00479
1.00481
1.00486
1.00494
1.00506
1.00517
1.0053
1.00546
1.00559
1.00571
1.00579
1.00582
1.00583
1.0058
1.0057
1.00544
1.00512
1.00463
1.004
1.00317
1.0022
1.00104
0.999753
0.998454
0.997103
0.995615
0.994391
0.993177
0.992403
0.991666
0.991485
0.991182
0.991264
0.991486
0.991864
0.992272
0.992651
0.992934
0.992341
1.00451
1.00517
1.00518
1.00525
1.00535
1.00549
1.00564
1.0058
1.00595
1.0061
1.00623
1.00634
1.0064
1.00641
1.0064
1.00633
1.00606
1.00572
1.00519
1.00452
1.00366
1.00262
1.00141
1.00003
0.998436
0.996783
0.995383
0.993882
0.99272
0.991669
0.99121
0.990693
0.990654
0.99076
0.99106
0.991473
0.991933
0.992356
0.992704
0.992128
1.00436
1.0051
1.0052
1.00526
1.00537
1.00551
1.00565
1.00581
1.00598
1.00615
1.00629
1.0064
1.00648
1.00652
1.00649
1.00643
1.00619
1.00583
1.00533
1.0046
1.00372
1.00263
1.00134
0.999886
0.99835
0.996786
0.995054
0.993701
0.992281
0.991282
0.99048
0.990166
0.99002
0.99021
0.990592
0.991108
0.991644
0.992108
0.992419
0.991676
1.01019
1.00654
1.00721
1.00724
1.00743
1.00751
1.00753
1.00754
1.00759
1.00759
1.00762
1.00744
1.00746
1.00695
1.00681
1.0062
1.00559
1.00486
1.00403
1.00286
1.00155
1.00065
0.999468
0.999406
1.00011
1.00211
1.00385
0.999244
0.976624
0.958135
0.954352
0.959753
0.971036
0.984577
0.995716
1.00307
1.00919
1.013
1.01566
1.01438
1.01016
1.0062
1.00712
1.0063
1.00675
1.00674
1.00678
1.00678
1.00688
1.00684
1.00688
1.00676
1.00664
1.00622
1.00589
1.00525
1.00465
1.00406
1.00314
1.00207
1.00104
1.00031
0.999332
0.999221
0.999139
0.998921
0.998121
0.99453
0.983283
0.973022
0.96879
0.971141
0.977527
0.984406
0.992623
0.999369
1.00496
1.00807
1.01024
1.00984
1.00984
1.00611
1.00676
1.00551
1.00629
1.00605
1.00622
1.00625
1.00616
1.00613
1.00614
1.00594
1.00571
1.00536
1.00501
1.0045
1.00404
1.00348
1.00262
1.00175
1.00094
1.00031
0.999558
0.999221
0.998362
0.997269
0.995698
0.992688
0.986687
0.98093
0.977926
0.979088
0.983484
0.987755
0.992035
0.99664
1.00116
1.00507
1.00618
1.00761
1.00881
1.00584
1.00627
1.00513
1.0059
1.00533
1.00569
1.00556
1.0054
1.00541
1.00529
1.00512
1.00492
1.00463
1.00429
1.00392
1.00358
1.0031
1.00251
1.00186
1.00114
1.00045
0.999597
0.998983
0.997879
0.996624
0.995014
0.992461
0.98892
0.985579
0.983555
0.984146
0.987296
0.991515
0.993182
0.995802
0.997903
1.00195
1.0028
1.0046
1.00797
1.00527
1.00556
1.00469
1.00535
1.00478
1.00521
1.00495
1.00503
1.00496
1.00482
1.00475
1.00465
1.00442
1.00411
1.00379
1.00337
1.00292
1.00239
1.00185
1.00122
1.00051
0.99959
0.998901
0.99788
0.996661
0.995112
0.992988
0.990682
0.988593
0.986937
0.987384
0.989397
0.993914
0.994867
0.996642
0.996596
0.998906
1.00022
1.00124
1.00758
1.00443
1.00465
1.00395
1.0048
1.00438
1.00481
1.00465
1.00476
1.00468
1.00468
1.00467
1.00458
1.00439
1.00419
1.00392
1.0034
1.00274
1.00204
1.00154
1.00102
1.00037
0.999525
0.998867
0.997968
0.996866
0.995458
0.993749
0.992109
0.990815
0.989356
0.989813
0.990794
0.995135
0.996086
0.997874
0.996843
0.997433
0.998003
0.99896
1.00736
1.00347
1.00406
1.00335
1.00437
1.00395
1.00448
1.00439
1.00455
1.00458
1.00464
1.00467
1.00453
1.00428
1.00402
1.00372
1.00315
1.00236
1.00164
1.00124
1.00079
1.00014
0.999373
0.998739
0.997965
0.997058
0.995872
0.994538
0.993316
0.992657
0.991479
0.991932
0.992057
0.995673
0.99654
0.998824
0.997149
0.997704
0.995515
0.997196
1.00648
1.00276
1.00383
1.00301
1.00394
1.00345
1.00413
1.00395
1.00431
1.00437
1.0045
1.00443
1.00412
1.00367
1.00326
1.00301
1.0026
1.0019
1.0013
1.00101
1.00062
1.00003
0.999364
0.998748
0.998072
0.997309
0.996355
0.995335
0.99438
0.994084
0.99316
0.993657
0.993226
0.996011
0.996533
0.999407
0.996973
0.998968
0.993154
0.995674
1.00389
1.00246
1.00368
1.00277
1.0035
1.00302
1.00385
1.00362
1.0041
1.00408
1.00423
1.004
1.00361
1.00311
1.00269
1.00254
1.00226
1.0016
1.00108
1.00084
1.00052
1.00005
0.999478
0.998886
0.998257
0.997559
0.99686
0.996137
0.995336
0.995093
0.994324
0.994916
0.99427
0.996557
0.996399
0.999711
0.996797
1.0004
0.991771
0.994679
0.999919
1.00259
1.00364
1.00265
1.00326
1.00282
1.00383
1.00363
1.00419
1.00408
1.00424
1.00396
1.00356
1.00307
1.00267
1.0025
1.00217
1.00151
1.00101
1.00077
1.00045
1.00005
0.999557
0.999004
0.998417
0.997764
0.997344
0.996897
0.9962
0.995883
0.995237
0.995868
0.995254
0.997249
0.996398
0.999956
0.997066
1.00124
0.992025
0.991033
0.996518
1.00332
1.00375
1.00284
1.00308
1.0028
1.00379
1.00373
1.0042
1.00406
1.00422
1.00395
1.00356
1.00307
1.00267
1.00242
1.00204
1.00147
1.00105
1.00077
1.00042
1.00006
0.999604
0.999107
0.998579
0.997977
0.997783
0.997529
0.996941
0.996568
0.996074
0.996622
0.996205
0.997864
0.996781
0.999954
0.997871
1.00127
0.995031
0.984595
0.994464
1.00462
1.00375
1.00312
1.00278
1.00279
1.0035
1.00354
1.00385
1.0037
1.0038
1.00356
1.00321
1.00277
1.00241
1.00212
1.00178
1.0014
1.00107
1.00076
1.0004
1.00007
0.999655
0.99922
0.998757
0.99821
0.998138
0.997978
0.997511
0.997122
0.996802
0.997155
0.997057
0.998103
0.9977
0.999742
0.999023
1.00073
0.999937
0.979179
0.993838
1.00529
1.00337
1.00325
1.00243
1.00275
1.00311
1.00323
1.00336
1.00324
1.00326
1.00306
1.00279
1.00241
1.00209
1.00182
1.00154
1.0013
1.00103
1.0007
1.00035
1.00005
0.999685
0.999304
0.998905
0.99842
0.998392
0.998259
0.997918
0.99753
0.997385
0.997488
0.997745
0.99807
0.998637
0.999134
1
0.999277
1.00283
0.976937
0.994375
1.0054
1.00276
1.00324
1.00214
1.00273
1.00279
1.003
1.00297
1.00292
1.00286
1.00272
1.0025
1.00218
1.00189
1.00161
1.00137
1.0012
1.00096
1.00062
1.00029
1.00001
0.999688
0.999354
0.999015
0.998602
0.998576
0.998436
0.998208
0.997832
0.997839
0.997702
0.998239
0.998004
0.99924
0.99841
1.00055
0.997328
1.00379
0.978153
0.995734
1.00521
1.00212
1.00317
1.00189
1.0027
1.00249
1.0028
1.00264
1.00268
1.00255
1.00245
1.00227
1.00199
1.00172
1.00146
1.00124
1.0011
1.00085
1.00053
1.00023
0.999975
0.999691
0.999397
0.999112
0.99877
0.998726
0.998567
0.998429
0.998062
0.998185
0.997848
0.998547
0.997915
0.999395
0.997782
1.00059
0.995815
1.00374
0.981871
0.997356
1.00446
1.00165
1.00299
1.0017
1.00263
1.00216
1.00258
1.00232
1.00242
1.00226
1.00219
1.00202
1.00179
1.00154
1.00132
1.00112
1.00099
1.00076
1.00047
1.0002
0.999961
0.999708
0.99945
0.999208
0.998923
0.998855
0.998676
0.9986
0.998238
0.998437
0.997948
0.998717
0.997782
0.999379
0.997137
1.00042
0.994942
1.0026
0.986389
0.998686
1.0036
1.00143
1.00276
1.00159
1.00247
1.00189
1.00236
1.00205
1.00218
1.002
1.00194
1.00179
1.0016
1.00138
1.00119
1.00101
1.00088
1.00067
1.00042
1.00018
0.999959
0.999732
0.999503
0.999292
0.999053
0.998964
0.998774
0.998733
0.998377
0.998612
0.998028
0.998805
0.997649
0.999295
0.996818
0.999964
0.994952
1.00109
0.990192
0.999569
1.00293
1.00135
1.00252
1.00152
1.0023
1.00173
1.00216
1.00184
1.00197
1.00179
1.00174
1.0016
1.00144
1.00125
1.00108
1.00092
1.00078
1.00059
1.00037
1.00016
0.999961
0.999757
0.999552
0.999365
0.999158
0.999053
0.998865
0.998836
0.998496
0.998732
0.998117
0.99885
0.997634
0.999161
0.996863
0.999581
0.995519
1
0.992832
1.0001
1.0024
1.00132
1.00227
1.00146
1.00211
1.00161
1.00197
1.00168
1.00179
1.00162
1.00158
1.00145
1.00131
1.00115
1.00099
1.00084
1.0007
1.00053
1.00034
1.00015
0.999962
0.999778
0.999594
0.999424
0.999244
0.99913
0.998952
0.998921
0.998607
0.998818
0.998228
0.998874
0.997749
0.99906
0.997102
0.999249
0.996183
0.999221
0.994578
1.0004
1.00203
1.00132
1.00203
1.00141
1.00192
1.00151
1.00179
1.00155
1.00163
1.00148
1.00143
1.00131
1.00119
1.00105
1.00091
1.00077
1.00063
1.00047
1.0003
1.00013
0.999966
0.999799
0.999632
0.999476
0.999317
0.999198
0.999034
0.998993
0.998714
0.998882
0.998355
0.998884
0.997917
0.998965
0.997378
0.998991
0.996757
0.998764
0.995722
1.00054
1.00178
1.00131
1.00182
1.00136
1.00175
1.00142
1.00163
1.00143
1.00148
1.00136
1.0013
1.00119
1.00108
1.00096
1.00083
1.00071
1.00057
1.00043
1.00028
1.00012
0.999968
0.999816
0.999664
0.999521
0.999376
0.999257
0.99911
0.999053
0.998816
0.99893
0.998485
0.998892
0.998099
0.998898
0.997665
0.998836
0.997255
0.998545
0.996469
1.00058
1.00159
1.00129
1.00164
1.00131
1.00159
1.00134
1.00149
1.00133
1.00135
1.00125
1.00119
1.00109
1.00099
1.00088
1.00077
1.00065
1.00052
1.00039
1.00025
1.00011
0.999972
0.999832
0.999693
0.999561
0.999429
0.999314
0.999182
0.999112
0.998915
0.998977
0.998617
0.998908
0.998282
0.998863
0.997934
0.998759
0.997654
0.998477
0.99697
1.00057
1.00145
1.00125
1.00149
1.00126
1.00144
1.00126
1.00135
1.00123
1.00123
1.00115
1.00108
1.001
1.00091
1.00081
1.0007
1.00059
1.00047
1.00035
1.00023
1.0001
0.999971
0.999843
0.999716
0.999593
0.999472
0.999362
0.999243
0.999163
0.999003
0.99902
0.998738
0.998928
0.998453
0.998855
0.998176
0.99874
0.997978
0.998479
0.997335
1.00052
1.00133
1.0012
1.00136
1.0012
1.00132
1.00119
1.00124
1.00115
1.00113
1.00106
1.001
1.00092
1.00083
1.00074
1.00065
1.00054
1.00044
1.00032
1.00021
1.00009
0.999976
0.999858
0.999742
0.999629
0.999517
0.999412
0.999305
0.99922
0.999089
0.999071
0.998856
0.998964
0.998613
0.998872
0.998387
0.998758
0.998241
0.998532
0.997594
1.00047
1.00123
1.00115
1.00124
1.00114
1.0012
1.00111
1.00113
1.00106
1.00103
1.00097
1.00091
1.00084
1.00076
1.00068
1.00059
1.00049
1.00039
1.00029
1.00019
1.00008
0.999971
0.999863
0.999756
0.999652
0.999548
0.99945
0.999352
0.999267
0.999158
0.999116
0.998955
0.999
0.99875
0.998905
0.998569
0.998797
0.998453
0.998631
0.99778
1.0004
1.00114
1.00109
1.00114
1.00108
1.00111
1.00105
1.00104
1.00099
1.00096
1.0009
1.00084
1.00078
1.00071
1.00063
1.00055
1.00046
1.00037
1.00027
1.00018
1.00008
0.99998
0.999881
0.999782
0.999686
0.99959
0.999499
0.999408
0.999326
0.999232
0.999175
0.999055
0.999055
0.998878
0.998953
0.998723
0.998852
0.99863
0.99873
0.99793
1.00034
1.00106
1.00103
1.00105
1.00101
1.00102
1.00097
1.00096
1.00091
1.00087
1.00082
1.00077
1.00071
1.00064
1.00057
1.00049
1.00041
1.00033
1.00024
1.00015
1.00006
0.999971
0.99988
0.999789
0.999699
0.999612
0.999527
0.999443
0.999364
0.999282
0.999221
0.999128
0.999103
0.99898
0.999006
0.998854
0.998917
0.998777
0.998833
0.998065
1.00027
1.00099
1.00097
1.00098
1.00095
1.00095
1.00091
1.00089
1.00085
1.00081
1.00077
1.00072
1.00066
1.0006
1.00053
1.00046
1.00039
1.00031
1.00023
1.00015
1.00007
0.999985
0.999901
0.999817
0.999734
0.999653
0.999573
0.999495
0.999422
0.999348
0.999286
0.99921
0.999169
0.999079
0.999072
0.99897
0.998993
0.9989
0.998925
0.99819
1.00021
1.00092
1.00091
1.00091
1.00088
1.00087
1.00084
1.00082
1.00078
1.00074
1.0007
1.00065
1.0006
1.00054
1.00048
1.00041
1.00035
1.00027
1.0002
1.00012
1.00005
0.999972
0.999895
0.999817
0.999741
0.999666
0.999594
0.999523
0.999455
0.999389
0.99933
0.999266
0.999222
0.999155
0.999133
0.999061
0.99906
0.998995
0.999002
0.998289
1.00015
1.00086
1.00085
1.00084
1.00082
1.00081
1.00079
1.00076
1.00073
1.0007
1.00066
1.00061
1.00056
1.00051
1.00045
1.00039
1.00033
1.00026
1.0002
1.00013
1.00006
0.999986
0.999915
0.999843
0.999773
0.999704
0.999636
0.99957
0.999507
0.999446
0.99939
0.999332
0.999287
0.999232
0.999202
0.99915
0.999138
0.999095
0.999091
0.99838
1.00009
1.0008
1.00079
1.00078
1.00077
1.00075
1.00073
1.0007
1.00067
1.00064
1.0006
1.00056
1.00051
1.00046
1.00041
1.00035
1.00029
1.00023
1.00017
1.00011
1.00004
0.999976
0.999911
0.999846
0.999781
0.999718
0.999656
0.999597
0.999539
0.999484
0.999433
0.999383
0.999339
0.999293
0.999262
0.999222
0.999201
0.999174
0.999167
0.99845
1.00003
1.00074
1.00073
1.00072
1.00071
1.00069
1.00067
1.00065
1.00062
1.00059
1.00056
1.00052
1.00047
1.00043
1.00038
1.00033
1.00028
1.00022
1.00016
1.0001
1.00004
0.999985
0.999924
0.999864
0.999805
0.999746
0.999689
0.999634
0.99958
0.999529
0.999481
0.999435
0.999394
0.999356
0.999325
0.999294
0.999277
0.99926
0.999251
0.998535
0.999984
1.00069
1.00069
1.00068
1.00067
1.00065
1.00063
1.00061
1.00058
1.00055
1.00052
1.00048
1.00044
1.0004
1.00035
1.0003
1.00025
1.0002
1.00015
1.0001
1.00004
0.999985
0.999929
0.999874
0.999819
0.999765
0.999713
0.999662
0.999614
0.999567
0.999524
0.999483
0.999445
0.999409
0.999379
0.999352
0.999331
0.999316
0.999305
0.998606
0.999927
1.00064
1.00063
1.00062
1.00061
1.00059
1.00057
1.00055
1.00053
1.0005
1.00047
1.00044
1.0004
1.00036
1.00032
1.00028
1.00023
1.00018
1.00013
1.00009
1.00004
0.999984
0.999934
0.999883
0.999834
0.999785
0.999737
0.999691
0.999647
0.999604
0.999564
0.999526
0.999492
0.999461
0.999435
0.999413
0.999393
0.999377
0.999367
0.998692
0.999891
1.0006
1.00059
1.00058
1.00057
1.00056
1.00054
1.00052
1.0005
1.00047
1.00044
1.00041
1.00038
1.00034
1.0003
1.00026
1.00022
1.00018
1.00013
1.00008
1.00004
0.999991
0.999943
0.999896
0.99985
0.999804
0.99976
0.999717
0.999675
0.999636
0.999599
0.999564
0.999533
0.999503
0.999477
0.999454
0.999436
0.999419
0.99941
0.998756
0.999834
1.00054
1.00054
1.00053
1.00052
1.00051
1.00049
1.00047
1.00045
1.00043
1.0004
1.00037
1.00034
1.00031
1.00027
1.00023
1.0002
1.00016
1.00012
1.00007
1.00003
0.99999
0.999947
0.999905
0.999864
0.999823
0.999783
0.999745
0.999709
0.999674
0.999641
0.999611
0.999583
0.999557
0.999534
0.999513
0.999496
0.999479
0.999471
0.998824
0.999806
1.00051
1.00051
1.0005
1.00049
1.00048
1.00046
1.00044
1.00042
1.0004
1.00038
1.00035
1.00032
1.00029
1.00026
1.00022
1.00019
1.00015
1.00011
1.00007
1.00003
0.999992
0.999952
0.999913
0.999874
0.999835
0.999798
0.999762
0.999727
0.999694
0.999663
0.999634
0.999607
0.999583
0.999563
0.999545
0.999529
0.999514
0.999508
0.99886
0.999756
1.00046
1.00046
1.00045
1.00044
1.00043
1.00042
1.0004
1.00038
1.00036
1.00034
1.00032
1.00029
1.00026
1.00023
1.0002
1.00017
1.00014
1.0001
1.00007
1.00003
0.999996
0.99996
0.999925
0.999891
0.999857
0.999824
0.999792
0.999761
0.999732
0.999705
0.99968
0.999657
0.999636
0.999617
0.999601
0.999588
0.999576
0.99957
0.998905
0.999733
1.00044
1.00044
1.00043
1.00042
1.00041
1.0004
1.00038
1.00036
1.00034
1.00032
1.0003
1.00027
1.00025
1.00022
1.00019
1.00016
1.00013
1.00009
1.00006
1.00003
0.999995
0.999962
0.999929
0.999896
0.999864
0.999833
0.999804
0.999775
0.999748
0.999723
0.999699
0.999678
0.999658
0.999641
0.999626
0.999615
0.999605
0.999599
0.998926
0.999678
1.00039
1.00038
1.00038
1.00037
1.00036
1.00035
1.00033
1.00032
1.0003
1.00028
1.00026
1.00024
1.00022
1.00019
1.00017
1.00014
1.00011
1.00008
1.00006
1.00003
0.999999
0.999971
0.999943
0.999915
0.999888
0.999862
0.999837
0.999813
0.99979
0.999769
0.999749
0.999731
0.999716
0.999702
0.99969
0.99968
0.999674
0.999669
0.998978
)
;

boundaryField
{
    FrontBack
    {
        type            empty;
    }
    Cylinder
    {
        type            calculated;
        value           uniform 0;
    }
    Bottom
    {
        type            calculated;
        value           uniform 0;
    }
    Top
    {
        type            calculated;
        value           uniform 0;
    }
    Inlet
    {
        type            calculated;
        value           uniform 1;
    }
    Outlet
    {
        type            calculated;
        value           nonuniform List<scalar> 
40
(
0.999678
1.00039
1.00038
1.00038
1.00037
1.00036
1.00035
1.00033
1.00032
1.0003
1.00028
1.00026
1.00024
1.00022
1.00019
1.00017
1.00014
1.00011
1.00008
1.00006
1.00003
0.999999
0.999971
0.999943
0.999915
0.999888
0.999862
0.999837
0.999813
0.99979
0.999769
0.999749
0.999731
0.999716
0.999702
0.99969
0.99968
0.999674
0.999669
0.998978
)
;
    }
}


// ************************************************************************* //
