/*--------------------------------*- C++ -*----------------------------------*\
  =========                 |
  \\      /  F ield         | OpenFOAM: The Open Source CFD Toolbox
   \\    /   O peration     | Website:  https://openfoam.org
    \\  /    A nd           | Version:  11
     \\/     M anipulation  |
\*---------------------------------------------------------------------------*/
FoamFile
{
    format      ascii;
    class       volScalarField;
    location    "4";
    object      mag(U);
}
// * * * * * * * * * * * * * * * * * * * * * * * * * * * * * * * * * * * * * //

dimensions      [0 1 -1 0 0 0 0];

internalField   nonuniform List<scalar> 
9600
(
0.992005
0.991494
0.991246
0.991093
0.990422
0.990275
0.99058
0.991409
0.993023
0.995423
0.994336
0.977589
0.951552
0.93941
0.938757
0.945916
0.965747
0.986524
1.005
1.02129
1.03491
1.04622
1.05635
1.06296
1.06806
1.07068
1.07027
1.06871
1.06621
1.06265
1.05775
1.05197
1.04538
1.03915
1.03325
1.02782
1.02264
1.01794
1.01362
1.00915
0.992594
0.992873
0.99292
0.992982
0.993388
0.994369
0.995096
0.995683
0.996602
0.997744
1.00005
1.004
1.00697
1.00803
1.00823
1.01007
1.01516
1.02418
1.03196
1.03876
1.04492
1.05058
1.05587
1.06045
1.06249
1.06258
1.06224
1.06045
1.05793
1.05267
1.04822
1.04201
1.03584
1.03003
1.024
1.01728
1.01305
1.00671
1.00413
0.994992
0.992688
0.992893
0.992986
0.993195
0.993756
0.994398
0.994985
0.995957
0.998195
1.00184
1.00472
1.00517
1.00432
0.998126
0.993235
0.99565
1.00309
1.01242
1.02454
1.03569
1.04702
1.05523
1.06471
1.07032
1.07589
1.07829
1.08042
1.07919
1.07806
1.07401
1.06927
1.06391
1.05763
1.05202
1.04688
1.04027
1.03685
1.03138
1.0288
1.02221
0.99265
0.99287
0.992976
0.993211
0.993745
0.994468
0.995435
0.996832
0.998627
1.00129
1.00608
1.00916
1.01094
1.01569
1.02355
1.03082
1.03802
1.04434
1.04967
1.05356
1.05657
1.05872
1.06157
1.06449
1.06625
1.06643
1.06583
1.06334
1.06106
1.05639
1.05198
1.0473
1.0408
1.0357
1.02984
1.02308
1.01825
1.01213
1.00844
1.00335
0.992624
0.992867
0.992963
0.993211
0.993732
0.994759
0.995987
0.997241
0.998807
1.00102
1.00694
1.01487
1.02065
1.02322
1.0231
1.02151
1.02199
1.02466
1.03106
1.03877
1.04807
1.05563
1.06361
1.06936
1.07432
1.07673
1.07886
1.07877
1.07859
1.07448
1.07127
1.06502
1.06007
1.05377
1.04909
1.04243
1.03904
1.03341
1.03054
1.02412
0.992501
0.992765
0.992851
0.993157
0.993913
0.995095
0.996035
0.997156
0.999335
1.00386
1.00899
1.01319
1.01835
1.02424
1.03113
1.03817
1.04569
1.05263
1.05784
1.06202
1.06557
1.06746
1.06963
1.07081
1.0722
1.07241
1.07179
1.06816
1.06507
1.06095
1.05677
1.05231
1.04615
1.04117
1.03542
1.02877
1.02383
1.01741
1.01374
1.00761
0.992458
0.992841
0.992959
0.993269
0.99402
0.995383
0.996407
0.99754
0.999814
1.00443
1.01016
1.01513
1.02092
1.02755
1.03349
1.03668
1.03803
1.03871
1.04088
1.04487
1.05087
1.05744
1.06397
1.06951
1.0742
1.07667
1.07844
1.07891
1.07942
1.07624
1.07341
1.06722
1.06283
1.0563
1.05164
1.04498
1.04154
1.0356
1.03256
1.02593
0.992349
0.992727
0.992863
0.993237
0.994296
0.995652
0.996581
0.998182
1.00085
1.00553
1.0104
1.01588
1.02191
1.02688
1.03251
1.03888
1.04642
1.05442
1.06169
1.0664
1.07077
1.07348
1.07638
1.07754
1.07855
1.07887
1.07873
1.07548
1.0712
1.06614
1.06236
1.05752
1.05211
1.04702
1.04104
1.0347
1.02952
1.02286
1.01935
1.01244
0.992324
0.992867
0.993066
0.993577
0.994602
0.995893
0.99719
0.998628
1.00121
1.0057
1.01097
1.01641
1.0224
1.02809
1.03421
1.04028
1.04582
1.04971
1.0529
1.05568
1.05844
1.06243
1.06679
1.07178
1.07559
1.07794
1.07907
1.07997
1.08073
1.07888
1.07641
1.07054
1.06622
1.05958
1.05478
1.04797
1.04448
1.03822
1.03497
1.02829
0.99216
0.992843
0.993007
0.993435
0.994732
0.995825
0.9973
0.999035
1.00152
1.00597
1.01145
1.01685
1.02292
1.02845
1.03346
1.03896
1.04578
1.05321
1.06147
1.06816
1.07344
1.07703
1.08071
1.08336
1.08476
1.08524
1.0854
1.08365
1.07951
1.0739
1.06914
1.0637
1.05908
1.05325
1.04713
1.04087
1.03545
1.02831
1.02485
1.01751
0.992238
0.992932
0.993185
0.993636
0.994676
0.996231
0.997876
0.999278
1.00162
1.00615
1.01228
1.01783
1.02363
1.02846
1.03392
1.03967
1.0465
1.05306
1.05877
1.06359
1.06713
1.07047
1.0732
1.07659
1.07946
1.08178
1.08196
1.08247
1.08265
1.08195
1.08011
1.07485
1.07077
1.06398
1.05902
1.05198
1.04817
1.04147
1.03781
1.03127
0.99188
0.992609
0.992868
0.993335
0.994489
0.996328
0.99783
0.999215
1.00206
1.00654
1.01251
1.0187
1.02442
1.02926
1.03384
1.03833
1.04463
1.05139
1.05951
1.06734
1.07469
1.07984
1.08439
1.08792
1.09033
1.09149
1.09207
1.09147
1.0885
1.08328
1.07791
1.07173
1.06702
1.06056
1.05488
1.04796
1.0422
1.03444
1.03059
1.02276
0.991909
0.992722
0.993035
0.993608
0.994773
0.996442
0.998152
0.999943
1.00279
1.00737
1.01312
1.01866
1.02443
1.02909
1.03342
1.03818
1.04383
1.05109
1.05868
1.06589
1.0725
1.07788
1.08141
1.08445
1.08642
1.08858
1.08836
1.08789
1.08701
1.08626
1.0849
1.08035
1.07651
1.06964
1.06468
1.05724
1.05298
1.04593
1.04161
1.03496
0.991345
0.992005
0.992494
0.993205
0.994561
0.996171
0.997991
0.999947
1.0032
1.00749
1.0127
1.0186
1.02445
1.02879
1.03358
1.03734
1.04278
1.04899
1.05661
1.06482
1.07364
1.08099
1.08725
1.09222
1.09592
1.09813
1.09924
1.09908
1.09771
1.09307
1.08879
1.08159
1.07642
1.06943
1.06352
1.05649
1.05031
1.04193
1.03704
1.02884
0.991505
0.992064
0.992728
0.993588
0.995158
0.997078
0.998621
1.00076
1.00409
1.00813
1.01337
1.0185
1.02401
1.02913
1.03372
1.03814
1.04237
1.04794
1.05559
1.06399
1.07271
1.08099
1.08739
1.0927
1.09554
1.09799
1.09828
1.09728
1.0953
1.09268
1.09153
1.08729
1.08387
1.07683
1.07202
1.06405
1.05905
1.05204
1.04694
1.03976
0.990745
0.991345
0.992048
0.9927
0.994391
0.99647
0.998111
1.00028
1.00383
1.00793
1.01262
1.01751
1.02354
1.02852
1.03411
1.03864
1.04316
1.04852
1.05472
1.06227
1.07115
1.0805
1.08913
1.09619
1.10176
1.10513
1.1076
1.10748
1.10748
1.10366
1.09999
1.09377
1.08763
1.08057
1.07381
1.0664
1.06004
1.05143
1.04525
1.03677
0.990891
0.991802
0.992202
0.992964
0.994695
0.997397
0.999247
1.00099
1.00469
1.00812
1.01281
1.01778
1.02312
1.02868
1.03428
1.03998
1.04509
1.04974
1.05513
1.06238
1.06999
1.0798
1.08843
1.09733
1.10317
1.10706
1.10897
1.10869
1.10761
1.10363
1.10139
1.09697
1.09352
1.0868
1.08132
1.0735
1.06723
1.06001
1.05455
1.04646
0.989713
0.990827
0.990987
0.991784
0.993324
0.995769
0.998186
1.00008
1.00322
1.00707
1.01224
1.01673
1.02241
1.0276
1.03366
1.04034
1.04611
1.05204
1.05709
1.06323
1.06954
1.07818
1.08641
1.09611
1.10419
1.11072
1.11508
1.11647
1.11746
1.11541
1.11216
1.107
1.1009
1.09378
1.08684
1.07871
1.07178
1.06281
1.05605
1.04672
0.989525
0.991111
0.991487
0.992409
0.993581
0.995469
0.998868
1.00096
1.00398
1.00747
1.01231
1.0171
1.02235
1.02809
1.0341
1.04049
1.0472
1.05453
1.05951
1.06614
1.07088
1.07895
1.0858
1.09553
1.10363
1.11196
1.11717
1.1203
1.12096
1.11897
1.11584
1.11119
1.10613
1.0998
1.09372
1.08598
1.07888
1.0703
1.06474
1.05532
0.98767
0.98934
0.990178
0.990862
0.991799
0.993146
0.99637
0.999149
1.00223
1.00526
1.01047
1.01555
1.02133
1.02765
1.03343
1.04061
1.04686
1.05508
1.06167
1.06928
1.07417
1.0814
1.08692
1.0953
1.10295
1.11165
1.11849
1.12449
1.12749
1.12865
1.12687
1.12349
1.11765
1.11051
1.10328
1.09414
1.08721
1.07673
1.07014
1.0593
0.987512
0.989149
0.990423
0.991062
0.99237
0.993144
0.996145
0.999184
1.00285
1.00637
1.01105
1.01654
1.02188
1.02815
1.03409
1.04176
1.04735
1.0563
1.06293
1.07222
1.07787
1.0855
1.09023
1.09799
1.10381
1.11294
1.11935
1.12698
1.13087
1.1339
1.13301
1.13039
1.12575
1.11947
1.11244
1.10344
1.09654
1.08539
1.07975
1.06839
0.985285
0.98649
0.987608
0.988164
0.989824
0.990889
0.99341
0.99618
1.00012
1.00425
1.00891
1.01459
1.01928
1.02679
1.03278
1.04182
1.04804
1.05683
1.06344
1.07339
1.08014
1.08914
1.09491
1.10222
1.10767
1.11513
1.12091
1.12803
1.13333
1.13835
1.14082
1.14015
1.13836
1.13175
1.1264
1.11528
1.10885
1.09625
1.08996
1.07698
0.985365
0.986509
0.987456
0.987743
0.989382
0.991154
0.993759
0.996868
1.00027
1.00497
1.00968
1.01632
1.0208
1.02857
1.03429
1.04414
1.0501
1.05919
1.06544
1.0751
1.08191
1.09177
1.09862
1.10762
1.11302
1.12068
1.12555
1.13228
1.13699
1.14201
1.1454
1.14656
1.14628
1.14183
1.13816
1.12787
1.12206
1.10826
1.10247
1.088
0.981858
0.983214
0.984059
0.984092
0.985536
0.987512
0.990299
0.994088
0.997124
1.00242
1.00607
1.01409
1.01886
1.0271
1.03275
1.04262
1.04947
1.05928
1.06602
1.07648
1.08375
1.09305
1.10039
1.11059
1.11827
1.12665
1.13321
1.13859
1.14368
1.1467
1.15148
1.15187
1.155
1.15089
1.15073
1.14144
1.13747
1.12366
1.11779
1.10183
0.981553
0.982642
0.983972
0.984281
0.985374
0.987644
0.989853
0.994751
0.997752
1.00391
1.00767
1.01525
1.0207
1.0294
1.03539
1.04504
1.05233
1.06261
1.06911
1.07955
1.08736
1.09734
1.10389
1.11277
1.12106
1.1308
1.13935
1.14675
1.15305
1.15672
1.16115
1.1609
1.16418
1.15976
1.16144
1.15262
1.15145
1.13892
1.13443
1.11739
0.977039
0.978287
0.978971
0.980144
0.98082
0.983827
0.985275
0.99041
0.993517
1.00037
1.00466
1.01242
1.01818
1.0275
1.03353
1.04379
1.05075
1.06233
1.06932
1.07927
1.08702
1.09827
1.1066
1.11588
1.12377
1.13258
1.14264
1.15162
1.16205
1.16685
1.17438
1.17345
1.1782
1.1727
1.17495
1.16618
1.16581
1.15361
1.15171
1.13463
0.976123
0.97834
0.978345
0.980085
0.980577
0.984097
0.986024
0.9912
0.994563
1.00121
1.0064
1.01443
1.0206
1.03036
1.03696
1.04699
1.05457
1.0652
1.07425
1.08336
1.09205
1.10042
1.11096
1.11961
1.12993
1.13754
1.14829
1.15558
1.16764
1.17351
1.1856
1.18699
1.19561
1.19078
1.19435
1.18449
1.18504
1.17152
1.16988
1.1526
0.969112
0.972401
0.972122
0.974171
0.97465
0.97815
0.980434
0.985736
0.989963
0.996703
1.00218
1.01061
1.01717
1.02729
1.03488
1.04541
1.05368
1.06383
1.07357
1.08308
1.09229
1.10015
1.11037
1.1187
1.13048
1.13821
1.15115
1.15865
1.17268
1.17888
1.19357
1.19645
1.20984
1.20786
1.2165
1.20815
1.21037
1.19727
1.19547
1.17643
0.967979
0.971115
0.971652
0.973364
0.974986
0.978132
0.981774
0.98665
0.991974
0.99862
1.00572
1.0132
1.02192
1.02967
1.04058
1.04835
1.06024
1.06752
1.07952
1.08684
1.09843
1.10458
1.11583
1.12205
1.13457
1.14127
1.15544
1.16219
1.1786
1.18439
1.20318
1.20636
1.22339
1.22388
1.23635
1.23205
1.23891
1.22747
1.22871
1.20954
0.959689
0.962205
0.96331
0.964543
0.966867
0.969766
0.974226
0.979389
0.985982
0.992414
1.00099
1.00849
1.01843
1.02667
1.03822
1.04647
1.05861
1.06624
1.07847
1.08508
1.09772
1.10319
1.1149
1.12045
1.13268
1.13917
1.15311
1.16065
1.17739
1.18455
1.20524
1.21247
1.23431
1.23815
1.25659
1.25461
1.26647
1.25849
1.26294
1.24716
0.959709
0.960949
0.964708
0.963796
0.969232
0.969885
0.977598
0.9803
0.990441
0.994954
1.00685
1.01262
1.02548
1.03236
1.04585
1.05351
1.06629
1.07418
1.08571
1.09276
1.10352
1.10995
1.11931
1.12583
1.1351
1.14254
1.15403
1.16279
1.17839
1.18775
1.20855
1.21745
1.24286
1.25119
1.27666
1.28112
1.30009
1.29747
1.30634
1.29117
0.946783
0.948917
0.952473
0.953654
0.957946
0.961511
0.968199
0.973373
0.982706
0.989617
1.00135
1.0083
1.02201
1.03017
1.04326
1.05232
1.06496
1.07284
1.08491
1.09171
1.10203
1.10831
1.11691
1.12316
1.13063
1.13805
1.14699
1.1565
1.16957
1.1813
1.20085
1.21391
1.24131
1.25305
1.28626
1.29589
1.32986
1.33336
1.35866
1.34896
0.945453
0.94832
0.952267
0.955404
0.958512
0.965688
0.970366
0.980396
0.988141
0.998955
1.00936
1.02027
1.03233
1.04224
1.05575
1.06426
1.07757
1.08507
1.09608
1.10304
1.11191
1.11775
1.12461
1.13006
1.1353
1.1419
1.14724
1.1556
1.1641
1.17623
1.19077
1.20627
1.23075
1.24904
1.28593
1.30326
1.34957
1.36065
1.41085
1.41292
0.928637
0.9318
0.938233
0.942038
0.947749
0.954236
0.963204
0.970896
0.983044
0.992407
1.00647
1.0167
1.03121
1.04202
1.05525
1.06595
1.07752
1.08707
1.09656
1.10456
1.11175
1.11782
1.1233
1.12874
1.13301
1.13842
1.14156
1.14794
1.15147
1.16084
1.16807
1.18294
1.19841
1.21923
1.24827
1.27477
1.32143
1.35002
1.41167
1.44133
0.922222
0.929034
0.934338
0.940935
0.948031
0.958156
0.96779
0.981081
0.993931
1.00826
1.02158
1.03697
1.0494
1.06447
1.07531
1.0892
1.0981
1.10954
1.11639
1.12478
1.12983
1.13533
1.13805
1.14144
1.14227
1.14387
1.14414
1.14491
1.14399
1.14677
1.14634
1.15531
1.16007
1.17763
1.18756
1.21575
1.2339
1.28023
1.30521
1.381
0.904203
0.916588
0.924043
0.935063
0.94263
0.954284
0.965279
0.978758
0.993852
1.00973
1.0261
1.04215
1.05797
1.07242
1.08625
1.09896
1.10947
1.11958
1.12693
1.13388
1.13819
1.14171
1.14333
1.14428
1.14351
1.1427
1.14127
1.1399
1.1376
1.13561
1.12885
1.12544
1.11608
1.11721
1.10733
1.11554
1.10664
1.1251
1.11114
1.15573
0.893568
0.906948
0.91702
0.933609
0.948091
0.968202
0.986135
1.00736
1.02493
1.04495
1.0608
1.07927
1.09333
1.1092
1.12131
1.13336
1.14308
1.15096
1.15729
1.16121
1.16399
1.16525
1.16556
1.16469
1.16429
1.16211
1.16046
1.15616
1.15086
1.14085
1.13123
1.11451
1.09438
1.0695
1.04192
1.01544
0.971404
0.937611
0.845358
0.826953
0.889988
0.911511
0.928626
0.947919
0.964523
0.984209
1.00205
1.02473
1.04375
1.06782
1.08564
1.10804
1.12284
1.14142
1.1526
1.16638
1.17336
1.18182
1.18428
1.18773
1.18625
1.18547
1.18122
1.1775
1.17322
1.16857
1.16638
1.16051
1.15713
1.14981
1.14166
1.11614
1.0884
1.03238
0.983312
0.900675
0.835044
0.716377
0.614881
0.45626
0.899342
0.933224
0.966303
1.00116
1.03171
1.066
1.09342
1.12544
1.14849
1.17653
1.19467
1.21688
1.22907
1.24449
1.25022
1.25865
1.25672
1.25771
1.24697
1.24065
1.22496
1.21207
1.19078
1.17505
1.15255
1.13904
1.12023
1.11217
1.10007
1.09438
1.0712
1.04191
0.971235
0.880481
0.776484
0.684025
0.568986
0.482499
0.351453
0.305922
1.03313
1.06736
1.10047
1.13318
1.16488
1.19414
1.22051
1.24275
1.25976
1.27528
1.28164
1.289
1.28934
1.29176
1.28695
1.28009
1.26507
1.24549
1.21934
1.18776
1.15065
1.10797
1.05948
1.00669
0.947158
0.889034
0.822419
0.77058
0.69996
0.66847
0.5135
0.0716577
0.0386718
0.0515695
0.160323
0.211529
0.240479
0.253598
0.248189
0.249986
1.00827
1.00747
1.00509
1.00283
0.998367
0.991456
0.985517
0.981495
0.976444
0.974296
0.977393
0.983035
0.989353
0.993375
0.995937
0.99857
0.999772
1.00008
1.00057
1.00163
1.00298
1.00421
1.00518
1.00568
1.00613
1.0066
1.00687
1.007
1.0071
1.0071
1.00704
1.00699
1.00698
1.00685
1.0068
1.0066
1.00632
1.00623
1.00614
1.00941
1.00993
1.0088
1.00551
1.0024
0.997964
0.991261
0.983973
0.978874
0.973426
0.971266
0.974959
0.981722
0.989376
0.99381
0.996393
0.998619
0.999532
0.999855
1.00084
1.00209
1.00341
1.00441
1.00525
1.00564
1.00608
1.00661
1.00688
1.00705
1.00725
1.00733
1.00729
1.00727
1.00717
1.00709
1.00702
1.00688
1.00662
1.00618
1.00556
1.00432
1.01271
1.01014
1.00668
1.00335
0.998768
0.991173
0.982518
0.97632
0.970615
0.968224
0.972238
0.980241
0.989449
0.994294
0.99676
0.998729
0.999293
0.999541
1.00092
1.00226
1.00348
1.00444
1.0055
1.00616
1.00663
1.00717
1.00721
1.00728
1.00759
1.00762
1.00758
1.00758
1.00748
1.00739
1.0073
1.00715
1.00699
1.00684
1.00714
1.00943
1.01152
1.01052
1.00743
1.00317
0.998048
0.991015
0.981083
0.973092
0.966935
0.964356
0.96861
0.97811
0.989458
0.995035
0.997273
0.998728
0.999118
0.999441
1.00109
1.0026
1.00372
1.00456
1.00567
1.0063
1.00674
1.00732
1.00747
1.00756
1.00779
1.00783
1.00787
1.0078
1.00766
1.00757
1.00746
1.00736
1.00705
1.00673
1.00616
1.00453
1.01503
1.01249
1.00887
1.00419
0.99834
0.990954
0.980083
0.970169
0.963153
0.96017
0.964149
0.975267
0.98942
0.99597
0.997852
0.998951
0.999255
0.999516
1.00137
1.00266
1.00357
1.00447
1.00568
1.00653
1.00699
1.00768
1.00776
1.008
1.00816
1.00818
1.00826
1.00815
1.00801
1.00788
1.00777
1.00776
1.00759
1.00747
1.00763
1.00905
1.01399
1.01263
1.00932
1.00413
0.997726
0.990758
0.978955
0.966813
0.958511
0.954899
0.958298
0.971314
0.989249
0.997276
0.998835
0.999386
0.999682
0.999834
1.00158
1.00266
1.00361
1.00469
1.00586
1.00659
1.00705
1.00774
1.00775
1.00819
1.00831
1.00844
1.00861
1.0085
1.00838
1.00822
1.00799
1.00788
1.00771
1.00742
1.00691
1.00543
1.01789
1.01479
1.0107
1.00532
0.998152
0.990252
0.978269
0.96444
0.954025
0.948886
0.950998
0.965967
0.988844
0.998997
1.00025
1.00018
1.00046
1.00022
1.00176
1.0026
1.00353
1.00482
1.00585
1.00686
1.00739
1.00806
1.00813
1.00861
1.0087
1.00886
1.009
1.00894
1.00889
1.00872
1.0085
1.00831
1.0082
1.00809
1.00818
1.00902
1.01686
1.0149
1.01116
1.00562
0.998384
0.989932
0.977217
0.961559
0.949215
0.941932
0.941823
0.958569
0.987852
1.00107
1.00248
1.00155
1.0014
1.00053
1.00167
1.00249
1.00353
1.00517
1.00601
1.00711
1.00755
1.00825
1.00844
1.00899
1.00912
1.00936
1.0093
1.00918
1.00907
1.00888
1.00861
1.00838
1.00825
1.00804
1.00769
1.00651
1.02112
1.0174
1.01291
1.00702
0.999132
0.989479
0.976791
0.959925
0.944879
0.93446
0.930786
0.94905
0.986861
1.00309
1.00496
1.00315
1.00219
1.00088
1.00168
1.00261
1.0036
1.00524
1.00585
1.00742
1.00784
1.00867
1.00901
1.00946
1.00944
1.00963
1.00955
1.00944
1.00933
1.00923
1.00907
1.00882
1.00877
1.00866
1.00872
1.00916
1.01996
1.01754
1.01354
1.00743
1.00009
0.989675
0.975763
0.957536
0.940477
0.92668
0.917839
0.937017
0.985212
1.00512
1.00749
1.00507
1.00288
1.00127
1.00156
1.00274
1.00359
1.00537
1.00607
1.00783
1.00802
1.00887
1.00916
1.00967
1.00964
1.00973
1.00975
1.00963
1.00956
1.00936
1.00932
1.00903
1.00888
1.00867
1.00845
1.0076
1.02474
1.02071
1.01611
1.0094
1.00105
0.989794
0.97522
0.955974
0.937126
0.919502
0.90355
0.922289
0.982507
1.00677
1.00961
1.00684
1.00367
1.00191
1.00182
1.00308
1.00358
1.00538
1.00614
1.00786
1.00808
1.00914
1.00945
1.01002
1.01009
1.01025
1.01028
1.01015
1.01018
1.00996
1.00998
1.00965
1.00959
1.0093
1.00927
1.00934
1.02382
1.02059
1.01727
1.0105
1.00241
0.991191
0.974431
0.953672
0.934172
0.913238
0.888574
0.904474
0.977759
1.0077
1.01068
1.00826
1.00432
1.00253
1.00205
1.00312
1.00352
1.00555
1.00653
1.00806
1.0083
1.00958
1.00985
1.01046
1.01057
1.01064
1.01076
1.0105
1.01051
1.01014
1.01015
1.00978
1.00975
1.0093
1.00913
1.00859
1.02903
1.02433
1.02074
1.01324
1.00353
0.992373
0.974286
0.952149
0.932671
0.908847
0.874204
0.883732
0.970087
1.0076
1.01119
1.00924
1.00475
1.00297
1.00249
1.00341
1.00374
1.00565
1.00667
1.00813
1.00853
1.01
1.0102
1.01083
1.01109
1.01112
1.01132
1.01106
1.01115
1.01069
1.01077
1.01034
1.0105
1.00991
1.00997
1.00982
1.02856
1.02459
1.02209
1.01505
1.00551
0.994766
0.974407
0.950531
0.931835
0.906316
0.861326
0.859958
0.957773
1.00553
1.01067
1.00935
1.00481
1.003
1.00255
1.00331
1.00369
1.00563
1.00688
1.00829
1.0088
1.01023
1.01051
1.01117
1.01147
1.01142
1.01158
1.01134
1.01144
1.01108
1.01117
1.0106
1.01072
1.01002
1.00999
1.00967
1.0345
1.02991
1.02693
1.01876
1.00789
0.997048
0.975698
0.9502
0.931949
0.905936
0.851153
0.834784
0.940122
1.00161
1.00964
1.00874
1.00424
1.00271
1.00249
1.00342
1.0039
1.00563
1.00684
1.00828
1.00906
1.01056
1.01096
1.01145
1.01177
1.01189
1.01219
1.01219
1.01227
1.01198
1.01213
1.0115
1.01152
1.01085
1.01093
1.01069
1.03471
1.03146
1.02906
1.02112
1.01133
1.00093
0.977841
0.950394
0.932602
0.907304
0.844494
0.808872
0.914772
0.993922
1.00681
1.00667
1.00284
1.00191
1.00202
1.003
1.0039
1.00589
1.00717
1.00868
1.00953
1.01077
1.0114
1.01189
1.01213
1.01224
1.01239
1.01249
1.01256
1.0123
1.01236
1.01178
1.01177
1.0111
1.01102
1.01081
1.04144
1.03829
1.03513
1.02603
1.01585
1.00537
0.981549
0.952812
0.934737
0.909838
0.841868
0.783644
0.882073
0.982038
1.00218
1.00349
1.00047
1.00057
1.00136
1.00287
1.00401
1.00612
1.00709
1.00865
1.0098
1.01101
1.01181
1.01235
1.01265
1.01288
1.013
1.01303
1.013
1.01286
1.01283
1.01255
1.0125
1.01194
1.01191
1.01168
1.04251
1.04098
1.03835
1.02932
1.02097
1.01122
0.986415
0.956634
0.938745
0.913238
0.842015
0.758159
0.842694
0.96417
0.994188
0.99805
0.996908
0.99834
0.999802
1.00209
1.00351
1.00626
1.00733
1.00918
1.01035
1.01144
1.01231
1.0129
1.01323
1.01336
1.01348
1.01353
1.01338
1.01338
1.01304
1.01289
1.01255
1.01223
1.01214
1.01204
1.05051
1.05024
1.04729
1.0366
1.02884
1.0187
0.992937
0.962985
0.945363
0.917427
0.843015
0.733803
0.798062
0.940092
0.982859
0.990431
0.991747
0.995359
0.997352
1.00111
1.00284
1.00575
1.00705
1.00926
1.01064
1.01198
1.013
1.01361
1.01425
1.01445
1.01474
1.01487
1.01451
1.01472
1.01407
1.0141
1.01341
1.01322
1.0129
1.01286
1.05379
1.05609
1.05371
1.04287
1.038
1.02828
1.0018
0.972285
0.954819
0.922152
0.842238
0.709499
0.749026
0.907966
0.966566
0.979806
0.984735
0.99129
0.993571
0.999121
1.00141
1.00517
1.00702
1.00962
1.01092
1.01228
1.01337
1.01392
1.01478
1.015
1.01548
1.01577
1.0152
1.01541
1.0145
1.01472
1.01388
1.01391
1.01345
1.01355
1.06371
1.06776
1.0654
1.05447
1.05098
1.04021
1.01363
0.985357
0.966622
0.925931
0.835967
0.684952
0.696127
0.868412
0.945823
0.966507
0.97562
0.986035
0.989513
0.996687
0.999676
1.00424
1.00647
1.00962
1.01112
1.01246
1.01369
1.01413
1.01513
1.0154
1.01577
1.01627
1.01575
1.0164
1.01543
1.01586
1.01492
1.01499
1.01435
1.01449
1.07151
1.07679
1.07297
1.06419
1.06275
1.05157
1.02742
1.00185
0.979652
0.927243
0.821876
0.656822
0.639851
0.820985
0.919249
0.949103
0.964218
0.978617
0.98455
0.993529
0.997785
1.00327
1.00604
1.00988
1.01146
1.01299
1.01421
1.01478
1.01561
1.01604
1.01627
1.01709
1.01648
1.01743
1.01645
1.01701
1.01592
1.01609
1.01528
1.01554
1.08534
1.09289
1.08655
1.08219
1.08049
1.06727
1.04554
1.0226
0.992314
0.922161
0.797641
0.621007
0.581646
0.767611
0.887565
0.927468
0.950119
0.96924
0.97862
0.989296
0.994927
1.00153
1.00504
1.00996
1.01214
1.01449
1.01565
1.0166
1.01711
1.01809
1.01806
1.01918
1.01824
1.01903
1.01783
1.01816
1.01696
1.01699
1.01616
1.01652
1.10009
1.10805
1.0994
1.10235
1.10017
1.08691
1.0705
1.04767
1.00245
0.905525
0.760793
0.573174
0.522289
0.711923
0.851018
0.901551
0.93315
0.957301
0.970398
0.983724
0.990691
0.999087
1.00348
1.00912
1.01161
1.01496
1.01644
1.01824
1.01853
1.02008
1.01939
1.02055
1.01927
1.01995
1.01863
1.01898
1.01785
1.01785
1.01712
1.01761
1.11848
1.1256
1.11788
1.12821
1.12523
1.11488
1.1044
1.07382
1.00427
0.874204
0.705364
0.511477
0.459767
0.658559
0.811699
0.872444
0.914552
0.944109
0.960971
0.977102
0.98575
0.995028
1.00063
1.00662
1.00977
1.01412
1.01575
1.0183
1.01849
1.02061
1.01975
1.02119
1.02002
1.02107
1.01981
1.02033
1.01935
1.01915
1.01863
1.01904
1.13781
1.13941
1.13848
1.15395
1.14996
1.14831
1.14223
1.09143
0.98542
0.820082
0.625948
0.434719
0.396366
0.607676
0.770563
0.840822
0.894755
0.929386
0.951763
0.970452
0.981589
0.991445
0.998576
1.0047
1.00861
1.01357
1.01497
1.01839
1.0184
1.02106
1.0205
1.02248
1.02157
1.023
1.02195
1.02233
1.02156
1.02091
1.02073
1.02083
1.15915
1.16001
1.17216
1.1906
1.19041
1.2038
1.17876
1.09276
0.937999
0.735301
0.520162
0.345641
0.343538
0.565839
0.730521
0.808699
0.874447
0.913482
0.942887
0.963651
0.978656
0.989855
0.998947
1.00516
1.00945
1.01473
1.01599
1.02017
1.02015
1.0231
1.02235
1.02476
1.02373
1.02519
1.02418
1.02434
1.02384
1.02274
1.02314
1.02283
1.18641
1.19235
1.21736
1.23495
1.24815
1.25954
1.19347
1.06226
0.852821
0.612022
0.386001
0.261912
0.313001
0.539733
0.694977
0.778985
0.854815
0.896382
0.933729
0.955969
0.976237
0.98822
0.999763
1.00626
1.01137
1.0168
1.01824
1.02254
1.02242
1.02566
1.02457
1.02729
1.02574
1.02727
1.02612
1.02603
1.02573
1.02462
1.02507
1.0246
1.21983
1.23685
1.27099
1.28971
1.32
1.28642
1.18725
0.985318
0.71683
0.444814
0.239248
0.233072
0.320459
0.530509
0.667863
0.756903
0.837914
0.881234
0.925035
0.947779
0.972738
0.984785
0.999932
1.00578
1.01335
1.01782
1.02102
1.02479
1.02533
1.02862
1.02739
1.03032
1.0281
1.02992
1.02841
1.02833
1.02802
1.02689
1.02762
1.02719
1.25931
1.28773
1.32297
1.36112
1.36611
1.29572
1.13116
0.842515
0.511868
0.237902
0.206364
0.291224
0.367879
0.538213
0.652628
0.747124
0.826486
0.872942
0.9181
0.9432
0.969964
0.983041
1.00098
1.00528
1.0169
1.01892
1.02517
1.02703
1.02926
1.03164
1.03066
1.03368
1.03117
1.03358
1.03139
1.03196
1.0312
1.03012
1.03047
1.02987
1.30797
1.35008
1.39649
1.43207
1.39085
1.26849
0.989868
0.599467
0.241782
0.200454
0.355547
0.406875
0.43365
0.561733
0.655909
0.754255
0.823383
0.875483
0.91684
0.945397
0.97073
0.984992
1.00342
1.0077
1.02126
1.02135
1.03054
1.02987
1.03455
1.03538
1.03575
1.03833
1.03622
1.03912
1.03614
1.03778
1.03553
1.03533
1.03496
1.03489
1.37852
1.4418
1.49615
1.47668
1.38024
1.14245
0.709755
0.295794
0.276214
0.475459
0.547148
0.539206
0.518631
0.609453
0.682584
0.779142
0.833183
0.892636
0.925411
0.957497
0.976691
0.994065
1.00768
1.01505
1.02784
1.02798
1.039
1.03652
1.04376
1.04229
1.04479
1.04596
1.04457
1.04689
1.04293
1.0449
1.04108
1.04219
1.04037
1.04141
1.46756
1.54819
1.54334
1.47779
1.26184
0.832977
0.432525
0.504073
0.674043
0.720987
0.713479
0.613425
0.60132
0.680932
0.730809
0.818889
0.860475
0.922816
0.946952
0.982591
0.992859
1.0164
1.01906
1.03327
1.04032
1.0429
1.0522
1.04931
1.0565
1.05312
1.05699
1.05563
1.05544
1.05592
1.05244
1.05388
1.04958
1.05096
1.04804
1.04934
1.51225
1.51633
1.43673
1.16354
0.779307
0.635199
0.760474
0.851306
0.865561
0.846475
0.748375
0.654454
0.691309
0.719022
0.784199
0.851583
0.895119
0.955796
0.984649
1.01849
1.02806
1.05196
1.04582
1.06283
1.05978
1.0669
1.06772
1.06837
1.07062
1.06844
1.07124
1.06824
1.06948
1.06742
1.06544
1.06525
1.0621
1.06408
1.06105
1.06278
1.3679
1.25001
0.913565
0.700806
0.687605
0.769454
0.80145
0.824763
0.831744
0.786508
0.699658
0.679468
0.711669
0.725533
0.795276
0.857217
0.914857
0.963557
1.01198
1.03901
1.06805
1.08647
1.09023
1.09725
1.09207
1.09713
1.09286
1.09622
1.09489
1.09591
1.09624
1.09357
1.09507
1.09234
1.09245
1.08903
1.0871
1.08501
1.08189
1.08123
1.00414
0.6408
0.576286
0.580892
0.578265
0.591451
0.638562
0.662707
0.673571
0.623999
0.595412
0.633376
0.650189
0.685497
0.75445
0.837664
0.904266
0.958757
1.01262
1.04337
1.07784
1.10166
1.12127
1.13471
1.14298
1.14321
1.14237
1.14081
1.1401
1.1377
1.13916
1.13603
1.13735
1.13323
1.13469
1.13054
1.12763
1.12004
1.11394
1.10839
0.468384
0.261881
0.282477
0.275013
0.296414
0.380045
0.405696
0.424948
0.427275
0.370448
0.376164
0.439453
0.458172
0.536879
0.626371
0.729496
0.811021
0.900978
0.968926
1.02508
1.06956
1.10293
1.12983
1.15221
1.16629
1.18094
1.19011
1.19351
1.19696
1.19512
1.19497
1.19074
1.19439
1.18757
1.19038
1.18423
1.18534
1.1813
1.17744
1.17298
0.151644
0.114198
0.125023
0.181294
0.203043
0.240408
0.251341
0.249209
0.222166
0.165748
0.151646
0.153956
0.11837
0.189407
0.300314
0.420224
0.562566
0.670026
0.799828
0.896178
0.978679
1.04863
1.09683
1.14346
1.16678
1.18816
1.20435
1.2109
1.21926
1.21792
1.2203
1.21592
1.22055
1.21356
1.21741
1.21015
1.21209
1.21078
1.21434
1.21992
0.29929
0.330286
0.325013
0.341966
0.388772
0.408645
0.419923
0.4269
0.427708
0.428004
0.424824
0.420618
0.400765
0.407829
0.357388
0.352345
0.390826
0.304762
0.328873
0.384812
0.47072
0.550454
0.645576
0.734988
0.835833
0.906057
0.974137
1.02752
1.08212
1.1211
1.16234
1.1855
1.21231
1.23143
1.25528
1.27148
1.2916
1.30157
1.3111
1.31305
0.262318
0.251961
0.256981
0.287873
0.317087
0.343808
0.376994
0.417784
0.454213
0.500093
0.538984
0.579674
0.610867
0.643303
0.660764
0.672263
0.667264
0.65866
0.633402
0.603378
0.56267
0.518531
0.454084
0.393956
0.21637
0.310064
0.595648
0.633571
0.687846
0.719463
0.767221
0.803883
0.855258
0.896584
0.946292
0.987545
1.03575
1.08544
1.14443
1.20465
1.01544
1.01529
1.0169
1.01737
1.01825
1.01841
1.01892
1.01896
1.0194
1.01909
1.01942
1.01921
1.01895
1.01898
1.01804
1.01794
1.01625
1.01523
1.01239
1.00934
1.00433
0.998253
0.990358
0.981743
0.97475
0.972853
0.978133
0.989869
1.00209
1.00812
1.00749
1.00701
1.00678
1.00653
1.00633
1.00613
1.00589
1.00559
1.00528
1.00511
0.998625
0.99903
0.998
0.998516
0.997958
0.998807
0.998355
0.999012
0.998853
0.999099
0.999278
0.999122
0.999683
0.99938
1.00021
1.00023
1.00127
1.00229
1.00415
1.00671
1.01005
1.01407
1.01824
1.02245
1.02446
1.02521
1.02418
1.01863
1.01039
1.0076
1.00724
1.00749
1.00755
1.00749
1.00731
1.00703
1.00655
1.00607
1.0058
1.00559
1.01404
1.01457
1.01626
1.01678
1.01789
1.01794
1.01875
1.01833
1.01887
1.01858
1.01831
1.01831
1.01742
1.01731
1.01592
1.01551
1.01333
1.01217
1.00897
1.00652
1.0026
0.999457
0.996665
0.996898
0.998872
1.00222
1.00527
1.00648
1.00675
1.00668
1.00681
1.00708
1.00722
1.00726
1.00717
1.00703
1.00689
1.00652
1.00628
1.00615
1.00059
1.00123
1.00037
1.0007
1.00021
1.00085
1.00059
1.00117
1.00112
1.00155
1.00188
1.00212
1.00291
1.00344
1.00425
1.00565
1.00686
1.00929
1.01149
1.01475
1.01755
1.02068
1.02306
1.02427
1.02476
1.02408
1.02129
1.0178
1.01411
1.01097
1.00958
1.00933
1.00909
1.00833
1.00793
1.00748
1.00694
1.00674
1.00655
1.00635
1.01253
1.01364
1.0149
1.01552
1.01634
1.01641
1.01699
1.01683
1.01682
1.01687
1.01624
1.01613
1.01523
1.0149
1.01354
1.0128
1.01079
1.00947
1.00705
1.00533
1.00325
1.0025
1.00293
1.00428
1.0053
1.00688
1.00809
1.00864
1.00872
1.00861
1.0084
1.00843
1.0086
1.00849
1.00814
1.00799
1.00761
1.00715
1.00698
1.00681
1.00263
1.00299
1.00248
1.00294
1.00263
1.00314
1.00322
1.00359
1.004
1.00437
1.005
1.00556
1.00625
1.00723
1.00811
1.0096
1.01079
1.0127
1.01412
1.01606
1.01726
1.01882
1.01984
1.02047
1.02042
1.01939
1.01785
1.01643
1.01454
1.01245
1.01133
1.01066
1.00999
1.0092
1.00863
1.00819
1.00774
1.00758
1.00725
1.00692
1.01145
1.01273
1.01361
1.01432
1.01483
1.01508
1.0152
1.01545
1.01503
1.01518
1.01458
1.01447
1.01371
1.01324
1.01217
1.01138
1.00993
1.00893
1.00741
1.00653
1.00551
1.00559
1.00591
1.0066
1.00704
1.0081
1.00935
1.00997
1.01016
1.01011
1.00993
1.00994
1.00991
1.00958
1.00924
1.00883
1.00827
1.00792
1.00782
1.00755
1.00464
1.00477
1.00478
1.00497
1.00533
1.00558
1.00594
1.00642
1.0068
1.00735
1.00787
1.00849
1.00926
1.0101
1.01097
1.01204
1.0129
1.01399
1.01484
1.01567
1.0163
1.01722
1.01761
1.01767
1.0171
1.01635
1.01577
1.01479
1.01345
1.01238
1.01191
1.01126
1.01036
1.00989
1.00956
1.00909
1.00859
1.00822
1.00805
1.00776
1.01075
1.01196
1.01251
1.01324
1.01347
1.01392
1.01384
1.01421
1.01385
1.01409
1.01364
1.01349
1.01292
1.01253
1.01182
1.01131
1.0105
1.01003
1.0094
1.00913
1.00864
1.0087
1.00898
1.00914
1.00915
1.00992
1.01079
1.01114
1.01124
1.01126
1.01127
1.01109
1.01091
1.01052
1.01009
1.00956
1.0091
1.00881
1.0086
1.00839
1.00656
1.00666
1.0069
1.00719
1.00773
1.00805
1.00846
1.0089
1.00926
1.00977
1.01028
1.01087
1.01148
1.01209
1.01274
1.0134
1.01402
1.01458
1.01498
1.01548
1.01618
1.01662
1.01661
1.01599
1.01517
1.01486
1.01459
1.01379
1.01296
1.01253
1.01212
1.0114
1.01102
1.01081
1.01055
1.01001
1.0094
1.00903
1.00887
1.00856
1.01057
1.01146
1.01183
1.01249
1.01261
1.01315
1.01316
1.01362
1.01344
1.0137
1.0134
1.01339
1.01306
1.01292
1.01257
1.0124
1.01212
1.01199
1.01168
1.01138
1.01086
1.01085
1.0109
1.01081
1.01103
1.0118
1.01216
1.01233
1.01235
1.0124
1.01235
1.01201
1.01161
1.01131
1.01095
1.0105
1.01004
1.00975
1.00951
1.00925
1.00812
1.00864
1.00896
1.00938
1.00973
1.01015
1.01048
1.01087
1.0113
1.01167
1.01222
1.01269
1.01321
1.01367
1.01413
1.01462
1.01504
1.01534
1.01564
1.01609
1.0164
1.01628
1.01569
1.01498
1.01452
1.01438
1.01406
1.01348
1.01308
1.01283
1.0125
1.01223
1.01201
1.01176
1.01132
1.01082
1.01031
1.01
1.0098
1.00947
1.01067
1.01122
1.01175
1.01222
1.01253
1.01309
1.01324
1.01366
1.01363
1.01394
1.01382
1.01399
1.01396
1.01404
1.01391
1.0139
1.01395
1.01401
1.01386
1.01349
1.01317
1.01305
1.0129
1.01279
1.01309
1.01336
1.01351
1.01355
1.01352
1.01337
1.01309
1.01277
1.01257
1.01227
1.01186
1.01148
1.011
1.01067
1.01052
1.01026
1.00961
1.0103
1.01064
1.01113
1.0114
1.01186
1.01215
1.01261
1.01297
1.01343
1.01382
1.01428
1.01469
1.0151
1.01548
1.01584
1.01606
1.01628
1.01642
1.01663
1.01665
1.01638
1.01584
1.01546
1.01516
1.01486
1.01446
1.01418
1.01392
1.01374
1.01361
1.01338
1.01308
1.01267
1.01216
1.01179
1.01136
1.01087
1.01065
1.01046
1.01115
1.01173
1.01219
1.01274
1.01313
1.01357
1.01385
1.01423
1.01438
1.01473
1.0148
1.01514
1.01524
1.01553
1.01567
1.0159
1.01586
1.0158
1.0155
1.01535
1.01522
1.01516
1.0152
1.01531
1.01541
1.01542
1.01524
1.01486
1.01462
1.01442
1.01422
1.01409
1.01387
1.01346
1.013
1.01259
1.01219
1.01179
1.01149
1.01121
1.01121
1.01168
1.0121
1.0126
1.01293
1.01339
1.01372
1.01415
1.01442
1.01486
1.01511
1.01556
1.01583
1.0163
1.01656
1.01695
1.01704
1.01729
1.01733
1.01749
1.01727
1.01711
1.0168
1.01667
1.01651
1.01631
1.01596
1.01568
1.01544
1.01518
1.01482
1.01454
1.01426
1.01387
1.01341
1.01293
1.01249
1.0122
1.01189
1.0115
1.01208
1.01268
1.01311
1.01367
1.01402
1.01453
1.0148
1.01526
1.01544
1.01584
1.01598
1.01644
1.0166
1.01706
1.01725
1.01757
1.01757
1.01762
1.01745
1.01745
1.01736
1.01737
1.01735
1.01742
1.0174
1.01717
1.01685
1.01659
1.01641
1.01614
1.01579
1.01547
1.01516
1.01481
1.01446
1.0139
1.01332
1.0131
1.01286
1.01249
1.01259
1.01311
1.01362
1.01411
1.01453
1.01502
1.01533
1.01581
1.0161
1.01661
1.0169
1.01747
1.01773
1.01825
1.01842
1.0187
1.01871
1.01886
1.01883
1.01888
1.01864
1.01854
1.01834
1.01834
1.01815
1.01791
1.01758
1.01741
1.01717
1.01684
1.01646
1.01611
1.01568
1.01526
1.01491
1.01434
1.01372
1.01346
1.01326
1.01289
1.01334
1.01395
1.01444
1.01498
1.01543
1.01594
1.01634
1.01682
1.01718
1.01767
1.01802
1.01858
1.01885
1.01934
1.01943
1.01969
1.01964
1.01972
1.01971
1.01982
1.01967
1.01966
1.0195
1.01951
1.01924
1.01899
1.01872
1.01862
1.0184
1.01807
1.01774
1.01747
1.01703
1.01655
1.01613
1.01556
1.01494
1.01459
1.01444
1.01419
1.0141
1.01473
1.01525
1.01582
1.01631
1.01687
1.01733
1.01789
1.01835
1.01888
1.0193
1.01981
1.02006
1.02047
1.02049
1.02071
1.02065
1.02081
1.02088
1.02099
1.02084
1.02077
1.02061
1.02055
1.02022
1.01997
1.01967
1.0195
1.01914
1.01873
1.01835
1.01808
1.01765
1.0172
1.01664
1.01603
1.01545
1.01508
1.01486
1.01469
1.015
1.01568
1.01621
1.01684
1.01738
1.01802
1.01854
1.01919
1.01965
1.02022
1.02064
1.02108
1.02129
1.0216
1.02158
1.02179
1.02173
1.02204
1.02216
1.02227
1.02209
1.02204
1.02196
1.02195
1.02172
1.02158
1.02134
1.02116
1.02074
1.02036
1.02002
1.01973
1.0193
1.01883
1.0181
1.01737
1.01686
1.01655
1.01631
1.01618
1.01604
1.01668
1.0173
1.01796
1.01862
1.01933
1.01993
1.02064
1.02109
1.02166
1.022
1.02237
1.02255
1.02282
1.02283
1.02311
1.02314
1.02356
1.02357
1.02353
1.0232
1.02312
1.02306
1.023
1.02274
1.02262
1.02235
1.02204
1.02154
1.02124
1.02091
1.02056
1.02004
1.01963
1.01886
1.01805
1.01744
1.01713
1.01683
1.01668
1.01705
1.0177
1.01842
1.01915
1.01992
1.02065
1.02137
1.02202
1.02249
1.023
1.02326
1.02365
1.02384
1.0242
1.02436
1.0248
1.02498
1.02548
1.02532
1.02526
1.02494
1.02505
1.02501
1.02492
1.02466
1.02458
1.02436
1.02402
1.02352
1.02329
1.02295
1.02253
1.02197
1.02157
1.02084
1.01999
1.01923
1.01888
1.01861
1.01846
1.01816
1.019
1.01983
1.02065
1.02149
1.02221
1.02292
1.0234
1.02389
1.02421
1.02453
1.02492
1.02516
1.02565
1.02583
1.02635
1.02655
1.02692
1.02661
1.02664
1.02647
1.02674
1.02653
1.0263
1.02599
1.02589
1.02555
1.02516
1.02465
1.02443
1.02406
1.02369
1.02302
1.02249
1.02174
1.02099
1.02003
1.01961
1.01927
1.01913
1.01978
1.02075
1.02167
1.02254
1.0233
1.024
1.02455
1.02495
1.02541
1.02573
1.02626
1.02675
1.02722
1.02773
1.02803
1.02861
1.02888
1.02919
1.02899
1.02927
1.02931
1.02963
1.02923
1.02912
1.02881
1.02863
1.02817
1.02791
1.02755
1.02719
1.02663
1.0262
1.02551
1.02491
1.02421
1.02352
1.02245
1.02194
1.02157
1.02153
1.02176
1.02273
1.02359
1.02437
1.02496
1.02561
1.02608
1.02664
1.02714
1.02771
1.02839
1.02896
1.02944
1.0298
1.03019
1.03083
1.03108
1.03128
1.03117
1.03156
1.0316
1.03169
1.03118
1.03113
1.03062
1.03035
1.02992
1.02988
1.02937
1.0287
1.028
1.02761
1.02694
1.02629
1.02543
1.02459
1.02357
1.02305
1.02256
1.02243
1.02403
1.02486
1.02559
1.02638
1.027
1.02792
1.02859
1.02951
1.03021
1.03121
1.03196
1.03266
1.03302
1.03356
1.03427
1.03496
1.0351
1.03515
1.03527
1.03582
1.03587
1.03582
1.03535
1.03528
1.03476
1.03456
1.03404
1.03389
1.03305
1.03232
1.03157
1.03115
1.0305
1.02993
1.02877
1.02767
1.02662
1.02598
1.02538
1.02518
1.02608
1.02667
1.02774
1.02857
1.02965
1.0307
1.03156
1.0326
1.03345
1.03455
1.03517
1.03573
1.03609
1.03705
1.03765
1.03803
1.03778
1.03806
1.03841
1.03889
1.03861
1.03847
1.03811
1.03818
1.03772
1.03749
1.0368
1.03635
1.03537
1.03495
1.03415
1.03362
1.03278
1.03205
1.03062
1.0295
1.02847
1.02801
1.02753
1.02737
1.02895
1.02991
1.03153
1.03261
1.03424
1.03526
1.03661
1.03776
1.03909
1.04008
1.0405
1.04128
1.04204
1.04318
1.04334
1.0435
1.04349
1.04423
1.04439
1.04457
1.04414
1.04422
1.04373
1.04369
1.04306
1.04285
1.0418
1.04116
1.04022
1.03984
1.03866
1.03798
1.03661
1.03559
1.0339
1.03279
1.03137
1.03061
1.02992
1.02972
1.03173
1.03317
1.03493
1.03613
1.03776
1.03874
1.04071
1.04184
1.04328
1.0437
1.04484
1.04594
1.04703
1.04771
1.04783
1.04849
1.04892
1.04952
1.04943
1.04969
1.0495
1.04951
1.04899
1.04903
1.04843
1.04813
1.04712
1.04682
1.04581
1.04536
1.04424
1.04355
1.04185
1.04067
1.03872
1.03754
1.03589
1.03527
1.03436
1.03432
1.03677
1.03876
1.04029
1.04184
1.04347
1.04542
1.04722
1.04824
1.04943
1.05028
1.05201
1.05307
1.05393
1.05452
1.05496
1.05572
1.05564
1.05599
1.05568
1.05594
1.05556
1.05578
1.05545
1.05532
1.05458
1.05417
1.05316
1.05241
1.05113
1.05043
1.04888
1.0477
1.04587
1.04446
1.04246
1.04111
1.03928
1.03839
1.03714
1.03678
1.04319
1.04474
1.04704
1.04915
1.05145
1.05341
1.05464
1.05609
1.05771
1.05948
1.06124
1.06207
1.06316
1.06397
1.0649
1.06589
1.06664
1.06766
1.06792
1.06827
1.06827
1.06833
1.06778
1.06727
1.06619
1.0654
1.06393
1.06291
1.06125
1.06004
1.05829
1.05707
1.05496
1.05339
1.05123
1.04966
1.04758
1.04638
1.04481
1.04406
1.05129
1.05388
1.0561
1.05886
1.06079
1.06283
1.06436
1.06672
1.06839
1.07033
1.07119
1.07243
1.0731
1.0743
1.07495
1.07546
1.07534
1.07459
1.074
1.07323
1.07277
1.07258
1.07188
1.07175
1.07066
1.07044
1.06907
1.06863
1.06708
1.0664
1.06455
1.06348
1.06144
1.05982
1.05723
1.05536
1.05288
1.05137
1.04942
1.04838
1.06167
1.06662
1.06987
1.07248
1.07495
1.07744
1.08021
1.08259
1.08493
1.08679
1.08854
1.09012
1.09186
1.09362
1.09509
1.09665
1.09766
1.09893
1.0997
1.1007
1.10112
1.10134
1.10075
1.09975
1.09792
1.09621
1.09352
1.09156
1.08866
1.08661
1.0835
1.0809
1.07746
1.07451
1.07097
1.06817
1.0653
1.06315
1.0608
1.05929
1.08111
1.08517
1.08717
1.09133
1.09343
1.09729
1.09896
1.10206
1.10314
1.10568
1.10648
1.1088
1.10937
1.11107
1.11054
1.11083
1.1092
1.10854
1.10657
1.10585
1.10399
1.10309
1.1012
1.09999
1.09804
1.09693
1.09511
1.09415
1.09234
1.09116
1.08904
1.08718
1.08469
1.08241
1.07957
1.07698
1.07444
1.07228
1.06986
1.06781
1.11167
1.11817
1.12122
1.12666
1.12887
1.13343
1.1355
1.1395
1.14165
1.14531
1.14735
1.15022
1.15176
1.15396
1.15546
1.1578
1.15994
1.16243
1.16434
1.16572
1.16628
1.16596
1.1649
1.16324
1.16105
1.15846
1.15513
1.15149
1.1472
1.14277
1.13756
1.13219
1.12628
1.12063
1.11442
1.10876
1.10283
1.09791
1.09266
1.08841
1.17303
1.17018
1.17225
1.17212
1.175
1.1756
1.17818
1.17876
1.18075
1.18104
1.18247
1.18235
1.18318
1.18241
1.18235
1.18069
1.1795
1.17683
1.1746
1.17127
1.16846
1.16459
1.16141
1.15731
1.15416
1.15006
1.14702
1.14296
1.14005
1.13611
1.13325
1.12926
1.12617
1.12157
1.11751
1.11182
1.10715
1.10185
1.0988
1.09662
1.22678
1.23944
1.24492
1.25569
1.25874
1.26783
1.27022
1.27839
1.28045
1.28783
1.28942
1.296
1.29708
1.30295
1.30355
1.30888
1.30911
1.31387
1.31342
1.31708
1.3154
1.3176
1.31422
1.31436
1.30929
1.30724
1.30026
1.29585
1.28711
1.28046
1.27007
1.26139
1.24971
1.23974
1.22791
1.21789
1.20653
1.19633
1.18418
1.17118
1.31555
1.31262
1.31921
1.32269
1.33265
1.33692
1.34681
1.35033
1.3591
1.36133
1.36847
1.36909
1.37403
1.37302
1.37554
1.37354
1.37419
1.37203
1.37102
1.36792
1.36361
1.35816
1.3505
1.3432
1.33296
1.32478
1.31313
1.305
1.29266
1.28461
1.27205
1.26449
1.25285
1.24586
1.23413
1.22434
1.20756
1.19028
1.16912
1.15494
1.25937
1.29824
1.34746
1.38834
1.43174
1.4692
1.50857
1.5424
1.57784
1.60773
1.63886
1.66473
1.6911
1.71221
1.73277
1.74805
1.76158
1.77066
1.77744
1.78188
1.78377
1.78515
1.78294
1.78116
1.77455
1.7688
1.75687
1.74673
1.72947
1.71524
1.69304
1.67552
1.64954
1.6296
1.60017
1.57686
1.54509
1.51787
1.48753
1.46096
1.00513
1.00561
1.00557
1.00569
1.00587
1.00608
1.00626
1.00642
1.00661
1.00679
1.00693
1.00702
1.00707
1.00708
1.00702
1.00694
1.00667
1.00622
1.00558
1.0048
1.00389
1.00287
1.00146
0.999817
0.99805
0.996304
0.994719
0.993114
0.991705
0.990601
0.98991
0.989566
0.989573
0.989914
0.990413
0.991172
0.991828
0.992426
0.992825
0.992299
1.00544
1.00586
1.00573
1.00596
1.00616
1.00636
1.00654
1.00679
1.00697
1.00712
1.00727
1.00734
1.00738
1.00738
1.00735
1.00725
1.00703
1.00661
1.00601
1.00528
1.00413
1.00278
1.00135
0.999764
0.998123
0.996317
0.994312
0.992598
0.99111
0.989948
0.989131
0.988804
0.988767
0.989167
0.989894
0.990764
0.991564
0.992233
0.992642
0.992275
1.006
1.00632
1.00619
1.00653
1.00674
1.00693
1.00719
1.00737
1.00755
1.0078
1.008
1.00812
1.00819
1.00822
1.00809
1.00795
1.00755
1.00696
1.0063
1.00539
1.00439
1.00309
1.00158
0.99992
0.997933
0.995927
0.994099
0.992316
0.99074
0.98945
0.98863
0.98817
0.988341
0.988735
0.989497
0.990475
0.991361
0.992079
0.992549
0.992309
1.00619
1.00643
1.0063
1.00675
1.00684
1.00717
1.00742
1.00761
1.00782
1.00804
1.00817
1.00834
1.00843
1.00842
1.00833
1.00809
1.00769
1.00709
1.00642
1.00548
1.00428
1.00275
1.00115
0.999363
0.997536
0.99563
0.993515
0.991595
0.98992
0.988664
0.987721
0.987473
0.987534
0.988016
0.988868
0.989954
0.990955
0.991754
0.992353
0.992259
1.00667
1.00685
1.00684
1.00733
1.0074
1.00779
1.00799
1.00816
1.00842
1.0086
1.00881
1.00901
1.0091
1.00913
1.00899
1.00868
1.00813
1.0074
1.00643
1.00544
1.00423
1.00278
1.00111
0.999336
0.997263
0.995027
0.992968
0.991034
0.989394
0.987957
0.987226
0.98669
0.986972
0.987581
0.9885
0.989613
0.9907
0.991555
0.992225
0.992196
1.00675
1.00696
1.00706
1.00753
1.00754
1.00796
1.00816
1.0084
1.00859
1.00874
1.00896
1.00911
1.00924
1.00924
1.0091
1.00878
1.00823
1.00748
1.00651
1.00541
1.00408
1.00248
1.00069
0.998724
0.99664
0.994556
0.992325
0.990364
0.988446
0.9872
0.986179
0.985964
0.986096
0.986837
0.987804
0.988967
0.990161
0.991108
0.991884
0.992016
1.00728
1.00756
1.00772
1.00808
1.00812
1.00858
1.00877
1.00902
1.00916
1.00939
1.00951
1.00958
1.00972
1.00968
1.00957
1.00923
1.00861
1.00777
1.00672
1.00546
1.004
1.00236
1.00054
0.998498
0.996282
0.993829
0.991638
0.989346
0.987711
0.986216
0.985452
0.985057
0.985416
0.986214
0.98724
0.988531
0.989844
0.990855
0.99173
0.991969
1.00748
1.00779
1.00797
1.00824
1.00832
1.00882
1.00894
1.00923
1.00938
1.00957
1.00961
1.00964
1.00972
1.00982
1.00985
1.00952
1.00894
1.00803
1.00686
1.00556
1.00402
1.00231
1.00027
0.998108
0.9957
0.993389
0.990805
0.98885
0.986865
0.985426
0.984394
0.984098
0.98441
0.985329
0.986409
0.987727
0.989137
0.99025
0.991234
0.991708
1.00811
1.00849
1.00864
1.00892
1.00905
1.00952
1.00955
1.00995
1.01003
1.01024
1.01026
1.01012
1.01005
1.01015
1.01004
1.00971
1.00918
1.00833
1.00717
1.00568
1.00397
1.00202
0.999899
0.997551
0.995123
0.992369
0.990147
0.987571
0.985687
0.984173
0.983366
0.983076
0.983519
0.984565
0.98579
0.987185
0.988732
0.989946
0.991074
0.991687
1.00835
1.00877
1.00892
1.00922
1.00929
1.00974
1.00976
1.01024
1.0104
1.01058
1.01055
1.01043
1.01034
1.01035
1.01032
1.01017
1.0097
1.00883
1.00754
1.00599
1.00415
1.00208
0.99988
0.997303
0.994532
0.992049
0.989008
0.986887
0.984851
0.983267
0.982296
0.982037
0.982437
0.983456
0.984788
0.98619
0.987824
0.989173
0.990404
0.991335
1.00906
1.00954
1.00967
1.00995
1.01004
1.0105
1.01052
1.01109
1.01106
1.0113
1.01137
1.01117
1.01086
1.01072
1.0105
1.01027
1.00969
1.00887
1.00757
1.006
1.00403
1.00182
0.999137
0.996512
0.993783
0.990631
0.988222
0.985357
0.98332
0.981834
0.980982
0.980851
0.98137
0.98252
0.984037
0.985519
0.987303
0.988814
0.990278
0.991359
1.00925
1.00978
1.00991
1.0102
1.01032
1.01076
1.01086
1.01136
1.01135
1.01174
1.01194
1.01189
1.01163
1.01128
1.011
1.01067
1.01017
1.0094
1.00811
1.00641
1.00423
1.00172
0.999183
0.996126
0.992902
0.990222
0.98682
0.984556
0.982313
0.980673
0.979751
0.979584
0.980096
0.981167
0.982776
0.98434
0.986077
0.987874
0.98944
0.990864
1.01001
1.01058
1.01071
1.01103
1.01116
1.01153
1.01173
1.01217
1.01202
1.01252
1.0127
1.01262
1.01227
1.01183
1.01138
1.01091
1.01029
1.0092
1.00782
1.00609
1.00391
1.00145
0.998432
0.995336
0.992306
0.988554
0.986003
0.982737
0.98062
0.979026
0.978176
0.978189
0.97882
0.980025
0.981859
0.983579
0.985455
0.987398
0.989309
0.990925
1.01031
1.01084
1.01105
1.01133
1.0114
1.01169
1.01195
1.01245
1.0123
1.01271
1.01279
1.01307
1.01288
1.01255
1.01196
1.01133
1.01051
1.0095
1.00821
1.00634
1.00405
1.00114
0.998059
0.994684
0.990871
0.988059
0.984152
0.981768
0.979285
0.977557
0.976668
0.97662
0.97723
0.978379
0.980254
0.982135
0.984141
0.986024
0.988195
0.990207
1.01121
1.01173
1.01208
1.01228
1.01229
1.0125
1.0129
1.01347
1.01313
1.01331
1.01328
1.01372
1.01363
1.01332
1.01274
1.01193
1.01093
1.0096
1.00798
1.00603
1.00348
1.00065
0.997371
0.993825
0.990494
0.986049
0.983328
0.979621
0.977404
0.975789
0.974762
0.974872
0.975683
0.977009
0.979129
0.981256
0.983568
0.985588
0.988014
0.990253
1.01151
1.0121
1.01239
1.01261
1.01261
1.01278
1.01317
1.01363
1.01337
1.01358
1.01323
1.01356
1.01335
1.01337
1.01285
1.01204
1.01092
1.00953
1.00795
1.00567
1.00321
1.00006
0.996686
0.992841
0.988541
0.985422
0.980974
0.978421
0.975572
0.973658
0.972945
0.972883
0.973688
0.975034
0.977168
0.979408
0.982011
0.98419
0.986655
0.989179
1.01242
1.01306
1.01334
1.01372
1.01378
1.01392
1.0142
1.0146
1.01473
1.01499
1.01442
1.01455
1.01419
1.01434
1.01376
1.01283
1.01158
1.01002
1.00797
1.00575
1.00292
0.999602
0.995905
0.991779
0.987987
0.983004
0.980038
0.975848
0.973603
0.971971
0.970622
0.97077
0.971823
0.973403
0.975772
0.978309
0.981213
0.983582
0.986314
0.989206
1.01274
1.01331
1.01354
1.01394
1.01407
1.01425
1.01443
1.01472
1.01486
1.01515
1.01472
1.01477
1.0141
1.01399
1.0132
1.0125
1.01139
1.00972
1.00767
1.00496
1.00198
0.998512
0.994568
0.99041
0.985765
0.98217
0.977182
0.974364
0.971097
0.968935
0.968372
0.968367
0.969363
0.970974
0.973371
0.975957
0.979044
0.981715
0.984573
0.987704
1.01393
1.01441
1.01461
1.01513
1.0154
1.01578
1.01582
1.01596
1.01616
1.01659
1.01649
1.01656
1.01565
1.01529
1.01439
1.01352
1.01202
1.01007
1.00774
1.00516
1.00197
0.998095
0.994069
0.98936
0.984826
0.979249
0.976013
0.971252
0.968857
0.966814
0.965625
0.96579
0.96707
0.968978
0.971642
0.974546
0.97809
0.980845
0.984288
0.98775
1.01447
1.0149
1.01506
1.01548
1.01572
1.01611
1.01623
1.01631
1.01629
1.01648
1.01638
1.01649
1.01576
1.01526
1.01416
1.01309
1.01161
1.00973
1.0074
1.00428
1.00063
0.996619
0.991959
0.987314
0.982053
0.978025
0.972436
0.969308
0.965429
0.963608
0.962783
0.962814
0.963994
0.965884
0.968661
0.971601
0.975353
0.978364
0.982132
0.98586
1.01603
1.01642
1.01658
1.01695
1.01724
1.0178
1.01813
1.01827
1.01804
1.01798
1.01796
1.01801
1.0173
1.01683
1.01542
1.01417
1.01228
1.01007
1.00735
1.00418
1.00033
0.99589
0.991332
0.985808
0.980769
0.974615
0.970589
0.965385
0.962866
0.960491
0.959377
0.959715
0.961115
0.963394
0.966551
0.969787
0.974257
0.977295
0.981505
0.985805
1.01658
1.01686
1.01702
1.01732
1.01756
1.01798
1.01826
1.01841
1.01823
1.01809
1.01783
1.01757
1.01686
1.01651
1.01533
1.01408
1.01208
1.00978
1.00675
1.00303
0.998881
0.994154
0.988448
0.983317
0.977048
0.97232
0.966345
0.962748
0.958446
0.956281
0.955551
0.955625
0.957074
0.959425
0.962781
0.966098
0.970781
0.974096
0.978421
0.983255
1.01834
1.01862
1.01884
1.0192
1.0195
1.01982
1.02008
1.02041
1.02047
1.02047
1.02008
1.01959
1.01884
1.01815
1.01646
1.01496
1.01254
1.00996
1.00667
1.00292
0.998415
0.993019
0.987663
0.980904
0.975367
0.968484
0.963688
0.957723
0.955039
0.952564
0.951619
0.951969
0.953722
0.956293
0.960145
0.963653
0.969226
0.972864
0.977428
0.98284
1.01898
1.01922
1.01937
1.01972
1.02003
1.02028
1.0204
1.0205
1.02048
1.02039
1.01996
1.01938
1.01857
1.01779
1.01631
1.01474
1.01227
1.00938
1.00566
1.00135
0.996123
0.990532
0.983743
0.97806
0.970372
0.964964
0.958134
0.954164
0.949471
0.94685
0.945664
0.946501
0.947911
0.951162
0.955102
0.958907
0.9645
0.968793
0.973452
0.979162
1.0213
1.0216
1.02181
1.02233
1.02266
1.02304
1.02306
1.02312
1.02313
1.02315
1.02268
1.02228
1.02137
1.02
1.01796
1.016
1.01293
1.0098
1.00571
1.00078
0.995328
0.988886
0.982611
0.974395
0.96819
0.960273
0.95455
0.947693
0.944855
0.942052
0.941492
0.941705
0.944141
0.947235
0.951804
0.955693
0.962246
0.967098
0.972278
0.978556
1.02227
1.0225
1.02277
1.02296
1.0233
1.02329
1.02337
1.02331
1.02337
1.02303
1.02259
1.02189
1.02087
1.01931
1.01748
1.01519
1.01176
1.00822
1.00343
0.9984
0.99186
0.985413
0.977074
0.970539
0.961266
0.954731
0.947352
0.942743
0.937188
0.934419
0.933243
0.934356
0.936475
0.939948
0.945076
0.949457
0.955932
0.961567
0.967067
0.973615
1.02484
1.02526
1.02535
1.02584
1.0259
1.02632
1.02648
1.02677
1.0267
1.02662
1.02577
1.02503
1.02359
1.02175
1.01963
1.01668
1.01291
1.00901
1.00369
0.997205
0.990777
0.982368
0.975324
0.965227
0.958118
0.949119
0.941745
0.934066
0.930851
0.928208
0.927608
0.928391
0.931373
0.935076
0.940879
0.945358
0.952849
0.959119
0.965347
0.972745
1.02706
1.02701
1.02735
1.02758
1.0277
1.02767
1.0277
1.02756
1.02722
1.02652
1.02554
1.02452
1.02276
1.02098
1.01814
1.01496
1.01073
1.00597
0.999681
0.993546
0.985297
0.977779
0.967407
0.959414
0.948367
0.940634
0.932214
0.926877
0.920655
0.917519
0.916596
0.917852
0.920988
0.925014
0.931797
0.936939
0.944333
0.951404
0.958086
0.966162
1.02908
1.02956
1.02976
1.03028
1.03038
1.03068
1.03074
1.03054
1.03035
1.02982
1.02909
1.02781
1.02592
1.0236
1.02035
1.01681
1.01199
1.00622
0.999683
0.991373
0.983417
0.972721
0.964004
0.952134
0.943371
0.932834
0.923753
0.915393
0.91144
0.909209
0.908603
0.910408
0.914016
0.918589
0.926369
0.931796
0.940241
0.948129
0.955578
0.965007
1.03386
1.03411
1.03414
1.03417
1.03409
1.03399
1.03383
1.03322
1.03256
1.03117
1.02982
1.028
1.0256
1.02265
1.01849
1.01417
1.00771
1.00186
0.993364
0.985535
0.974695
0.965493
0.952438
0.942433
0.929604
0.920308
0.910383
0.903803
0.897388
0.893886
0.893631
0.895539
0.899443
0.90492
0.913343
0.920147
0.92851
0.937316
0.945368
0.955935
1.03602
1.0364
1.03619
1.03644
1.03642
1.03658
1.03632
1.03583
1.03531
1.03417
1.033
1.03065
1.02823
1.02459
1.02047
1.01509
1.00889
1.00061
0.992158
0.981162
0.970978
0.957245
0.946093
0.932079
0.921118
0.908079
0.897827
0.88943
0.884354
0.881995
0.881459
0.884979
0.889661
0.8962
0.906012
0.913759
0.923257
0.933183
0.942222
0.953572
1.04304
1.04325
1.04281
1.04293
1.04243
1.04224
1.0414
1.04065
1.03929
1.03756
1.03528
1.03223
1.0284
1.0237
1.01753
1.01118
1.00192
0.994015
0.981537
0.971707
0.956572
0.944565
0.929141
0.915885
0.901081
0.88907
0.877705
0.869218
0.863265
0.859441
0.861495
0.863848
0.869018
0.876904
0.887346
0.896618
0.906633
0.918018
0.928213
0.939626
1.04676
1.0465
1.04573
1.04583
1.04526
1.04511
1.04426
1.04351
1.04213
1.04001
1.03744
1.03353
1.02962
1.02354
1.01804
1.00883
1.00089
0.988448
0.977734
0.962247
0.949049
0.932122
0.916986
0.899853
0.88504
0.869718
0.858088
0.850018
0.842787
0.841637
0.841116
0.847399
0.855166
0.864727
0.87719
0.888336
0.899947
0.912279
0.92485
0.93759
1.05756
1.05706
1.05596
1.05561
1.05461
1.05402
1.05233
1.05081
1.04765
1.04498
1.0402
1.03605
1.02888
1.02269
1.01246
1.00365
0.989697
0.97791
0.960569
0.946152
0.926502
0.909858
0.890259
0.872625
0.85523
0.83999
0.827183
0.815775
0.812142
0.807729
0.813618
0.817363
0.824991
0.83647
0.849691
0.863072
0.876014
0.890779
0.904669
0.918791
1.06567
1.06497
1.06327
1.06238
1.06055
1.05911
1.05708
1.05421
1.05114
1.04601
1.04166
1.03409
1.0279
1.01717
1.00816
0.993595
0.981182
0.963192
0.94725
0.926988
0.907909
0.886354
0.865553
0.844164
0.823951
0.80644
0.792312
0.786314
0.777433
0.77984
0.780837
0.79227
0.804574
0.818825
0.835234
0.851541
0.867779
0.88174
0.899046
0.915845
1.08415
1.08241
1.07938
1.07837
1.07439
1.07283
1.06717
1.06462
1.05704
1.05304
1.04321
1.03688
1.02396
1.01402
0.997177
0.982887
0.962303
0.943777
0.91996
0.89754
0.871271
0.846487
0.819872
0.795415
0.773952
0.755848
0.743374
0.729243
0.728731
0.726838
0.738053
0.74559
0.759013
0.775218
0.794669
0.814577
0.834375
0.854789
0.872048
0.893754
1.09707
1.09542
1.09502
1.09047
1.08725
1.08053
1.07586
1.06762
1.06148
1.0513
1.0426
1.02899
1.0161
0.997949
0.980115
0.957479
0.934766
0.908353
0.881458
0.85208
0.822358
0.792208
0.763256
0.7372
0.713599
0.694837
0.676687
0.676002
0.670402
0.679166
0.685245
0.70924
0.728644
0.750309
0.773223
0.796655
0.822657
0.843804
0.866461
0.883523
1.15612
1.14684
1.13139
1.12371
1.11047
1.10509
1.09282
1.08702
1.07249
1.06275
1.04343
1.0279
1.00305
0.981228
0.951332
0.923733
0.88969
0.857333
0.819897
0.784506
0.746112
0.711504
0.676084
0.646098
0.618409
0.595932
0.590388
0.578281
0.582148
0.591109
0.610921
0.629558
0.659201
0.687162
0.716339
0.744317
0.775956
0.80279
0.839294
0.866247
1.14894
1.14209
1.14376
1.14048
1.13886
1.13165
1.12114
1.10531
1.08444
1.06042
1.03092
1.00027
0.963621
0.927064
0.884334
0.842915
0.796642
0.752758
0.706276
0.661221
0.616005
0.572716
0.533954
0.500511
0.472027
0.471417
0.456444
0.46558
0.483857
0.51741
0.545513
0.590739
0.62857
0.670299
0.711457
0.750973
0.783481
0.816516
0.840849
0.872327
1.43005
1.40557
1.36201
1.32774
1.27554
1.2342
1.17604
1.13227
1.071
1.02627
0.962847
0.917548
0.851679
0.805501
0.736748
0.689677
0.618023
0.571203
0.499238
0.454304
0.387643
0.343191
0.291974
0.257738
0.272248
0.287312
0.276894
0.332133
0.371944
0.428066
0.497134
0.539185
0.619118
0.66569
0.73805
0.784678
0.850752
0.8946
0.953311
0.989717
0.999994
0.999999
0.999999
0.999999
0.999999
1
1
1
1
1
1.00001
1.00001
1.00001
1.00001
1.00001
1.00001
1.00001
1.00001
1.00001
1.00001
1.00001
1.00001
1.00001
1.00001
1.00001
1
1
1
1
1
1
1
1
1
1
1
1
1
1
0.999992
1
1.00001
1.00001
1.00001
1.00001
1.00001
1.00001
1
1
1
1
0.999999
0.999998
0.999997
0.999996
0.999994
0.999994
0.999993
0.999993
0.999992
0.999992
0.999991
0.99999
0.99999
0.99999
0.999991
0.999991
0.999991
0.999991
0.99999
0.99999
0.999989
0.999988
0.999987
0.999985
0.999984
0.999983
0.999984
0.999986
0.999967
1.00002
1.00003
1.00003
1.00003
1.00003
1.00003
1.00003
1.00003
1.00003
1.00004
1.00004
1.00004
1.00004
1.00004
1.00004
1.00004
1.00004
1.00004
1.00003
1.00003
1.00002
1.00002
1.00001
1
0.999993
0.999985
0.999977
0.999971
0.999965
0.99996
0.999956
0.999952
0.999951
0.999951
0.999951
0.999951
0.999952
0.999953
0.999954
0.999924
1.00003
1.00005
1.00005
1.00005
1.00005
1.00004
1.00004
1.00004
1.00004
1.00004
1.00004
1.00004
1.00004
1.00004
1.00004
1.00003
1.00003
1.00003
1.00002
1.00002
1.00001
1
0.999998
0.999989
0.999981
0.999973
0.999965
0.999955
0.999946
0.999939
0.999932
0.999925
0.999919
0.999913
0.999908
0.999905
0.999904
0.999905
0.999912
0.999875
1.00006
1.0001
1.00009
1.00009
1.00009
1.00009
1.00009
1.00009
1.00009
1.00009
1.00009
1.00009
1.00009
1.00009
1.00009
1.00009
1.00009
1.00008
1.00007
1.00006
1.00005
1.00004
1.00002
1
0.999984
0.999964
0.999943
0.999925
0.999908
0.999892
0.999878
0.999866
0.999857
0.999851
0.999848
0.999844
0.999843
0.999844
0.999848
0.999796
1.0001
1.00015
1.00014
1.00014
1.00014
1.00014
1.00014
1.00014
1.00014
1.00014
1.00014
1.00014
1.00014
1.00013
1.00013
1.00012
1.00011
1.0001
1.00009
1.00007
1.00005
1.00002
1
0.999974
0.999949
0.999922
0.999897
0.99987
0.999845
0.999824
0.999806
0.99979
0.999778
0.999767
0.999761
0.999758
0.999755
0.999758
0.999769
0.999702
1.00013
1.0002
1.00019
1.00018
1.00018
1.00018
1.00018
1.00018
1.00019
1.00019
1.00019
1.00019
1.00019
1.00019
1.00019
1.00018
1.00018
1.00016
1.00016
1.00014
1.00011
1.00008
1.00005
1.00002
0.999971
0.999932
0.999892
0.999858
0.999824
0.999791
0.999762
0.999737
0.999717
0.999702
0.99969
0.999682
0.999678
0.999676
0.999683
0.999611
1.00019
1.00028
1.00028
1.00027
1.00028
1.00028
1.00028
1.00028
1.00029
1.00029
1.00029
1.00029
1.00029
1.00028
1.00028
1.00027
1.00026
1.00024
1.00021
1.00018
1.00014
1.0001
1.00005
0.999998
0.99995
0.9999
0.999849
0.999797
0.999749
0.999705
0.999669
0.999637
0.99961
0.999588
0.999571
0.999562
0.999555
0.999556
0.999568
0.999466
1.00024
1.00035
1.00034
1.00035
1.00035
1.00035
1.00035
1.00036
1.00036
1.00037
1.00037
1.00037
1.00037
1.00037
1.00037
1.00036
1.00034
1.00032
1.00029
1.00025
1.0002
1.00015
1.00009
1.00003
0.999955
0.999884
0.999814
0.999754
0.999694
0.999638
0.999587
0.999544
0.99951
0.999483
0.999466
0.999454
0.999447
0.999445
0.99945
0.999342
1.00031
1.00044
1.00044
1.00043
1.00044
1.00045
1.00045
1.00045
1.00046
1.00046
1.00046
1.00046
1.00045
1.00045
1.00044
1.00042
1.00039
1.00036
1.00032
1.00026
1.00021
1.00014
1.00007
1
0.999929
0.999854
0.999776
0.999695
0.999621
0.999554
0.999496
0.999447
0.999403
0.999369
0.99934
0.999325
0.999312
0.99931
0.999318
0.999185
1.00039
1.00053
1.00053
1.00054
1.00054
1.00054
1.00055
1.00056
1.00057
1.00057
1.00057
1.00057
1.00058
1.00057
1.00055
1.00053
1.00049
1.00045
1.0004
1.00034
1.00027
1.00019
1.0001
1
0.999897
0.999793
0.999693
0.999604
0.999518
0.999441
0.999368
0.999306
0.999258
0.999217
0.999189
0.999167
0.999156
0.99915
0.999155
0.999003
1.00045
1.00062
1.00061
1.0006
1.0006
1.00061
1.00062
1.00062
1.00063
1.00063
1.00063
1.00064
1.00063
1.00061
1.00059
1.00056
1.00052
1.00047
1.00041
1.00034
1.00026
1.00017
1.00007
0.999963
0.99986
0.999753
0.999642
0.999529
0.999425
0.999327
0.999245
0.999175
0.999115
0.999069
0.999033
0.999011
0.998999
0.998994
0.998997
0.998825
1.00054
1.00071
1.0007
1.00069
1.00069
1.00069
1.00069
1.0007
1.0007
1.00071
1.00071
1.00071
1.0007
1.00068
1.00066
1.00062
1.00057
1.00052
1.00046
1.00038
1.00028
1.00017
1.00005
0.999916
0.999774
0.999634
0.999501
0.999382
0.999268
0.999167
0.999076
0.998996
0.998933
0.998884
0.998847
0.998823
0.998812
0.998805
0.998809
0.998621
1.00063
1.00082
1.00081
1.00082
1.00081
1.00082
1.00083
1.00083
1.00084
1.00084
1.00085
1.00085
1.00083
1.00081
1.00078
1.00073
1.00068
1.00061
1.00052
1.00042
1.0003
1.00018
1.00004
0.999906
0.999764
0.999617
0.999467
0.999314
0.999178
0.99905
0.998941
0.998853
0.998781
0.998724
0.998685
0.998657
0.998637
0.998632
0.998634
0.998424
1.00073
1.00095
1.00095
1.00094
1.00095
1.00096
1.00096
1.00097
1.00099
1.00101
1.00101
1.00101
1.001
1.00099
1.00096
1.00091
1.00087
1.00081
1.00073
1.00062
1.00049
1.00035
1.00019
1.00001
0.999826
0.999638
0.999456
0.999288
0.999122
0.99898
0.998852
0.998738
0.998647
0.998576
0.998521
0.998479
0.998466
0.998454
0.998462
0.998236
1.00085
1.00109
1.00109
1.00111
1.00111
1.00113
1.00115
1.00117
1.00119
1.00122
1.00123
1.00124
1.00124
1.00123
1.0012
1.00117
1.0011
1.00101
1.00089
1.00076
1.00062
1.00045
1.00026
1.00007
0.999864
0.999648
0.99943
0.999216
0.999027
0.998845
0.99869
0.998561
0.998457
0.998376
0.998322
0.998298
0.998264
0.998256
0.998259
0.998024
1.00095
1.0012
1.00119
1.00119
1.00121
1.00122
1.00123
1.00125
1.00128
1.00129
1.00131
1.00131
1.00131
1.00129
1.00126
1.00122
1.00116
1.00107
1.00098
1.00086
1.00069
1.00051
1.00029
1.00005
0.999816
0.999574
0.999337
0.999109
0.998886
0.998701
0.998534
0.998392
0.998279
0.998192
0.998129
0.99807
0.998065
0.998053
0.998068
0.997819
1.00104
1.00131
1.00131
1.00131
1.00132
1.00134
1.00135
1.00136
1.00138
1.00139
1.0014
1.00139
1.00137
1.00135
1.00131
1.00125
1.00116
1.00104
1.0009
1.00073
1.00054
1.00033
1.00011
0.999879
0.999623
0.999366
0.999114
0.998878
0.998667
0.998462
0.998293
0.99815
0.998034
0.997947
0.997885
0.997873
0.997839
0.997834
0.997835
0.997562
1.00116
1.00144
1.00142
1.00142
1.00142
1.00143
1.00144
1.00145
1.00147
1.00147
1.00147
1.00146
1.00144
1.00141
1.00135
1.00128
1.0012
1.00109
1.00095
1.00078
1.00058
1.00035
1.00009
0.999814
0.999536
0.999256
0.998978
0.998711
0.998459
0.998254
0.998065
0.997917
0.997802
0.997721
0.997667
0.997608
0.997612
0.997614
0.997628
0.997336
1.00126
1.00157
1.00156
1.00157
1.00158
1.0016
1.00161
1.00163
1.00166
1.00167
1.00168
1.00168
1.00166
1.00165
1.0016
1.00152
1.00142
1.00129
1.00112
1.00093
1.00069
1.00045
1.00017
0.999861
0.999546
0.999227
0.998919
0.998625
0.998365
0.998117
0.997914
0.99774
0.997605
0.997503
0.997438
0.997428
0.997404
0.997404
0.997419
0.997114
1.00143
1.00176
1.00177
1.00178
1.00179
1.00181
1.00184
1.00188
1.00191
1.00193
1.00195
1.00195
1.00195
1.00193
1.00188
1.00181
1.00173
1.00158
1.00143
1.00123
1.00099
1.0007
1.00039
1.00005
0.999693
0.999324
0.998964
0.998622
0.998297
0.998021
0.997779
0.997592
0.997449
0.997348
0.997281
0.997228
0.997219
0.997223
0.997233
0.996906
1.00155
1.0019
1.0019
1.00191
1.00193
1.00196
1.00199
1.00203
1.00206
1.00208
1.0021
1.0021
1.0021
1.00207
1.00202
1.00195
1.00183
1.00169
1.00149
1.00125
1.00096
1.00064
1.0003
0.999944
0.999561
0.999174
0.998791
0.998443
0.998118
0.997843
0.997599
0.997394
0.997236
0.997119
0.99705
0.997013
0.99702
0.997026
0.997038
0.996692
1.00168
1.00204
1.00204
1.00204
1.00205
1.00208
1.0021
1.00214
1.00216
1.00218
1.00219
1.00219
1.00218
1.00215
1.00208
1.002
1.00187
1.0017
1.00152
1.00127
1.00098
1.00065
1.00027
0.99987
0.999439
0.999011
0.998598
0.998196
0.997836
0.997512
0.997254
0.997046
0.996894
0.996805
0.996739
0.996745
0.996725
0.996743
0.996781
0.996437
1.00176
1.00214
1.00214
1.00214
1.00216
1.00219
1.00221
1.00225
1.00228
1.0023
1.00232
1.00233
1.00231
1.00227
1.00221
1.00211
1.00197
1.00179
1.00158
1.0013
1.00098
1.00062
1.0002
0.999746
0.999281
0.998822
0.998371
0.997953
0.997575
0.99724
0.996958
0.996755
0.996614
0.996513
0.996473
0.996423
0.996462
0.996502
0.996527
0.996168
1.00193
1.00233
1.00234
1.00235
1.00237
1.0024
1.00243
1.00248
1.00251
1.00253
1.00254
1.00254
1.00254
1.00252
1.00245
1.00239
1.00225
1.00206
1.00183
1.00154
1.00121
1.0008
1.00037
0.999879
0.999368
0.998846
0.998347
0.997881
0.997451
0.997091
0.996794
0.996558
0.996386
0.99629
0.996221
0.996248
0.996245
0.996282
0.996332
0.995956
1.00207
1.0025
1.0025
1.00253
1.00257
1.00259
1.00263
1.00268
1.00272
1.00276
1.0028
1.00281
1.00282
1.00277
1.0027
1.00258
1.00242
1.00225
1.00196
1.00164
1.00125
1.00083
1.00033
0.999822
0.99929
0.998755
0.99822
0.997717
0.997288
0.996908
0.996605
0.996365
0.996195
0.996094
0.996053
0.996039
0.996084
0.996135
0.996167
0.995772
1.00222
1.00267
1.00268
1.0027
1.00272
1.00276
1.0028
1.00285
1.0029
1.00293
1.00294
1.00295
1.00294
1.00292
1.00286
1.00276
1.00262
1.00242
1.00216
1.00185
1.00144
1.00097
1.00045
0.999881
0.999297
0.998688
0.998102
0.997557
0.997052
0.996639
0.996294
0.996048
0.99587
0.995773
0.99573
0.995764
0.995802
0.995878
0.995945
0.995541
1.0023
1.00275
1.00277
1.00279
1.00282
1.00286
1.0029
1.00296
1.003
1.00304
1.00307
1.0031
1.0031
1.00307
1.003
1.00288
1.00269
1.00249
1.00218
1.00181
1.00138
1.00087
1.0003
0.999698
0.99905
0.998412
0.997784
0.997209
0.996722
0.996291
0.99597
0.995726
0.99557
0.995478
0.995459
0.995502
0.995559
0.995638
0.995703
0.99528
1.00246
1.00294
1.00296
1.00299
1.00302
1.00307
1.00313
1.00319
1.00325
1.00329
1.00333
1.00334
1.00335
1.00333
1.00327
1.00317
1.00299
1.00276
1.00247
1.0021
1.00164
1.0011
1.0005
0.999834
0.999152
0.998435
0.997749
0.997103
0.996517
0.996044
0.995654
0.995386
0.995206
0.995112
0.995113
0.995169
0.995269
0.995382
0.995474
0.995051
1.00259
1.00309
1.0031
1.00314
1.00319
1.00325
1.00332
1.00339
1.00346
1.00351
1.00357
1.0036
1.00361
1.00356
1.00353
1.00341
1.00317
1.00295
1.00259
1.00216
1.00166
1.00107
1.00041
0.999692
0.998923
0.998177
0.99744
0.996781
0.996213
0.995732
0.995378
0.995113
0.994958
0.994896
0.994872
0.994966
0.995055
0.995182
0.995269
0.994816
1.00281
1.00333
1.00335
1.00339
1.00345
1.00353
1.0036
1.00368
1.00375
1.00382
1.00386
1.00389
1.0039
1.00386
1.00379
1.00372
1.0035
1.00324
1.00291
1.00247
1.00195
1.00133
1.00062
0.99985
0.999034
0.99818
0.997372
0.99661
0.995956
0.995406
0.994972
0.994702
0.994524
0.994455
0.994482
0.994568
0.994721
0.994869
0.995006
0.994577
1.00293
1.00345
1.00349
1.00353
1.00359
1.00367
1.00375
1.00384
1.00392
1.00401
1.00407
1.00411
1.00412
1.00407
1.00402
1.00391
1.00368
1.00341
1.003
1.00253
1.00193
1.00125
1.00048
0.999623
0.998728
0.997853
0.99699
0.996207
0.99553
0.994999
0.994616
0.994327
0.994204
0.99418
0.994185
0.994286
0.994456
0.994639
0.994766
0.994301
1.00316
1.00371
1.00374
1.0038
1.00387
1.00397
1.00407
1.00416
1.00426
1.00433
1.0044
1.00442
1.00443
1.00438
1.00431
1.00424
1.00403
1.00374
1.00335
1.00284
1.00225
1.00153
1.0007
0.999806
0.998839
0.997832
0.996883
0.996002
0.995247
0.994628
0.994165
0.993888
0.993706
0.993686
0.99373
0.993875
0.994058
0.994283
0.994474
0.994046
1.00331
1.00386
1.0039
1.00396
1.00404
1.00415
1.00425
1.00435
1.00446
1.00455
1.00463
1.00467
1.00469
1.00466
1.00456
1.00447
1.00424
1.00392
1.00348
1.00293
1.00226
1.00146
1.00058
0.999578
0.998531
0.997492
0.996466
0.99555
0.994775
0.994173
0.993744
0.993462
0.993341
0.993369
0.993426
0.993562
0.993836
0.99407
0.994253
0.993767
1.00359
1.00416
1.0042
1.00426
1.00435
1.00447
1.00458
1.00469
1.00481
1.0049
1.00498
1.00502
1.005
1.00496
1.00488
1.00483
1.00463
1.0043
1.00384
1.00328
1.0026
1.00177
1.00083
0.999782
0.998657
0.997491
0.996396
0.995354
0.99446
0.993774
0.993299
0.992981
0.992841
0.992829
0.992943
0.993141
0.993389
0.9937
0.993965
0.993542
1.00373
1.00431
1.00435
1.00442
1.00452
1.00464
1.00476
1.00489
1.00502
1.00512
1.00521
1.00527
1.00528
1.00523
1.00512
1.00505
1.00483
1.00449
1.00401
1.00337
1.00261
1.00173
1.00069
0.999552
0.99833
0.997102
0.995894
0.994838
0.993927
0.993244
0.992785
0.992528
0.992374
0.992453
0.992565
0.992843
0.993187
0.993516
0.993765
0.993252
1.00403
1.0046
1.00464
1.00472
1.00483
1.00497
1.0051
1.00523
1.00537
1.00548
1.00557
1.00562
1.00563
1.00559
1.00552
1.00545
1.00523
1.00487
1.00436
1.00375
1.00298
1.00204
1.00098
0.999773
0.998464
0.997113
0.995852
0.994632
0.993584
0.992805
0.992306
0.991956
0.991816
0.991902
0.992112
0.992361
0.992755
0.993143
0.9935
0.993053
1.00417
1.00475
1.00479
1.00488
1.00499
1.00514
1.00528
1.00542
1.00557
1.00569
1.0058
1.00586
1.00588
1.00584
1.00575
1.00568
1.00546
1.00508
1.00457
1.00386
1.00301
1.00201
1.00085
0.999541
0.998151
0.996723
0.995304
0.99407
0.992999
0.992189
0.991724
0.991456
0.991376
0.991416
0.991677
0.992135
0.992579
0.993008
0.993335
0.992779
1.00456
1.00511
1.00514
1.00523
1.00537
1.00553
1.00568
1.00583
1.00599
1.00612
1.00622
1.00627
1.00629
1.00627
1.0062
1.00611
1.00588
1.00549
1.00494
1.00425
1.00339
1.00236
1.00117
0.999793
0.998263
0.996712
0.995281
0.993881
0.992654
0.991758
0.991179
0.990825
0.990665
0.990918
0.991234
0.991679
0.992154
0.992659
0.993121
0.992627
1.00443
1.00509
1.0052
1.0053
1.00543
1.00558
1.00574
1.0059
1.00607
1.00621
1.00634
1.00641
1.00645
1.00643
1.00637
1.00629
1.00607
1.00568
1.00511
1.00437
1.00344
1.00234
1.00103
0.999516
0.99798
0.996343
0.994649
0.99323
0.992002
0.991021
0.990485
0.990191
0.990169
0.990347
0.990867
0.991473
0.992075
0.992618
0.993001
0.992308
1.01031
1.00505
1.00642
1.00579
1.00625
1.00626
1.00635
1.0064
1.00648
1.00657
1.0066
1.00656
1.00646
1.0062
1.00568
1.00523
1.00477
1.00423
1.00341
1.00251
1.00165
1.00111
1.00045
0.999463
0.997257
0.994967
0.992538
0.989073
0.984843
0.981307
0.979409
0.9809
0.984997
0.988319
0.991555
0.995879
1.00096
1.00343
1.00458
1.00508
1.01008
1.00519
1.00637
1.00489
1.00582
1.0056
1.00576
1.0059
1.00583
1.00584
1.00582
1.00568
1.00552
1.00532
1.00502
1.00467
1.00438
1.00387
1.00314
1.00249
1.00186
1.00099
0.999672
0.99838
0.996682
0.99485
0.992816
0.990079
0.987405
0.985282
0.984142
0.985047
0.988227
0.992404
0.993924
0.995457
0.997685
1.00078
1.00151
1.00337
1.00875
1.00503
1.00595
1.00429
1.00537
1.00476
1.00514
1.00512
1.00501
1.0051
1.00503
1.00498
1.00488
1.00473
1.00457
1.00437
1.00393
1.00337
1.0028
1.00231
1.00156
1.00044
0.999062
0.99795
0.996666
0.995204
0.993511
0.991419
0.989604
0.988229
0.987374
0.98802
0.989959
0.99464
0.995537
0.997007
0.996049
0.998597
0.99859
1.00158
1.00788
1.00443
1.00491
1.0038
1.00485
1.00412
1.00477
1.00452
1.00471
1.00472
1.00476
1.00485
1.00479
1.00456
1.00432
1.00408
1.00355
1.00295
1.00238
1.0019
1.00119
1.00023
0.999126
0.998239
0.997172
0.995905
0.994366
0.992696
0.991368
0.990479
0.98955
0.990117
0.990893
0.995261
0.996252
0.998608
0.996232
0.997774
0.996318
0.998262
1.00661
1.00329
1.00396
1.00338
1.00443
1.00389
1.00461
1.0044
1.00473
1.00482
1.00502
1.00505
1.00488
1.00457
1.00427
1.00401
1.00347
1.0027
1.00192
1.0014
1.00087
1.00018
0.999392
0.998587
0.99761
0.99652
0.995194
0.993866
0.992808
0.992214
0.991218
0.991779
0.991768
0.995384
0.996327
0.999352
0.997066
0.99846
0.994541
0.99584
1.00449
1.00261
1.00374
1.00316
1.00411
1.00371
1.00452
1.00449
1.00489
1.00506
1.00515
1.00505
1.00476
1.00436
1.00401
1.00379
1.0033
1.00238
1.00157
1.00115
1.00073
1.00013
0.999405
0.998634
0.997797
0.996917
0.995951
0.994966
0.994085
0.993688
0.992855
0.99341
0.992933
0.995628
0.99606
0.999487
0.997199
0.999587
0.992556
0.994476
1.00247
1.00268
1.00384
1.00309
1.0038
1.00343
1.0044
1.00431
1.00488
1.00489
1.00497
1.00478
1.00437
1.00382
1.00334
1.0031
1.00271
1.00195
1.00138
1.00109
1.00067
1.0001
0.999434
0.998728
0.998008
0.997249
0.996626
0.995932
0.995187
0.994864
0.994274
0.994831
0.994252
0.996133
0.995899
0.999491
0.996921
1.00062
0.9915
0.992761
0.998982
1.0031
1.00414
1.00305
1.00354
1.00307
1.00413
1.00394
1.00445
1.0043
1.00447
1.00416
1.00368
1.00314
1.00271
1.00252
1.00224
1.00169
1.00128
1.00101
1.00059
1.00011
0.99953
0.998897
0.998243
0.997519
0.997159
0.9967
0.996067
0.995693
0.995267
0.995819
0.995417
0.997111
0.996067
0.999576
0.996999
1.00143
0.992575
0.987973
0.995335
1.00437
1.0043
1.00322
1.00321
1.00298
1.00386
1.00381
1.00414
1.00398
1.00409
1.00385
1.00347
1.00301
1.00266
1.00242
1.00208
1.00162
1.00124
1.0009
1.00048
1.00007
0.999559
0.998998
0.998406
0.997729
0.997562
0.997283
0.996762
0.996327
0.996011
0.996464
0.996342
0.997743
0.996908
0.999554
0.997974
1.00109
0.997378
0.981727
0.993824
1.00543
1.00384
1.00344
1.00289
1.00305
1.00365
1.00369
1.00396
1.00384
1.0039
1.0037
1.00339
1.00299
1.00264
1.00231
1.00194
1.00157
1.00121
1.00082
1.00039
1.00001
0.999552
0.999065
0.998556
0.997962
0.9979
0.997714
0.99731
0.996874
0.996681
0.996913
0.997098
0.997792
0.997982
0.999219
0.999368
0.999869
1.00185
0.977052
0.99424
1.00587
1.00328
1.00352
1.00255
1.00304
1.00328
1.00346
1.00354
1.00346
1.00344
1.00328
1.00303
1.00268
1.00234
1.00202
1.00169
1.00145
1.00114
1.00073
1.00033
0.999971
0.999571
0.999153
0.99873
0.998226
0.99818
0.998013
0.997714
0.997317
0.997256
0.99723
0.997691
0.997672
0.99879
0.998331
1.00024
0.997597
1.00397
0.976352
0.995541
1.00579
1.00268
1.00349
1.00224
1.00299
1.00287
1.00314
1.00303
1.00302
1.00292
1.0028
1.0026
1.0023
1.002
1.00171
1.00146
1.0013
1.00102
1.00064
1.00028
0.999951
0.999601
0.999239
0.998884
0.998464
0.998391
0.998212
0.998002
0.997641
0.997692
0.99745
0.998097
0.997591
0.999111
0.997613
1.00048
0.995846
1.00425
0.97952
0.997184
1.00518
1.00209
1.00334
1.00202
1.00293
1.00251
1.00289
1.00266
1.00272
1.00257
1.00247
1.0023
1.00205
1.00178
1.00152
1.0013
1.00115
1.00089
1.00056
1.00023
0.999932
0.999622
0.999304
0.999003
0.998656
0.998552
0.998362
0.998216
0.997879
0.998008
0.997603
0.998337
0.997499
0.999128
0.996993
1.00037
0.994726
1.0034
0.984365
0.998699
1.00411
1.00173
1.0031
1.00189
1.00278
1.00222
1.00267
1.00238
1.00249
1.00232
1.00224
1.00208
1.00186
1.00161
1.00139
1.00119
1.00102
1.00077
1.00047
1.00019
0.99992
0.999643
0.999362
0.999102
0.998815
0.998689
0.998496
0.998387
0.998068
0.998234
0.997723
0.99847
0.997388
0.999062
0.996583
0.999958
0.994522
1.00147
0.988834
0.999759
1.00334
1.0016
1.00286
1.0018
1.0026
1.00203
1.00245
1.00215
1.00226
1.00209
1.00201
1.00186
1.00168
1.00146
1.00126
1.00108
1.00091
1.00068
1.00042
1.00016
0.999919
0.999672
0.999424
0.999195
0.99895
0.998809
0.998621
0.998529
0.998229
0.998397
0.997845
0.998544
0.997372
0.99893
0.996562
0.99947
0.994999
1.00008
0.992008
1.00039
1.00274
1.00156
1.00258
1.00173
1.00239
1.00189
1.00224
1.00196
1.00204
1.00189
1.00181
1.00167
1.00151
1.00133
1.00115
1.00098
1.00081
1.0006
1.00037
1.00015
0.999924
0.999702
0.99948
0.999275
0.999063
0.998915
0.998736
0.998645
0.998371
0.998513
0.997982
0.998585
0.997491
0.998817
0.996783
0.999087
0.99573
0.999118
0.994064
1.00073
1.00231
1.00154
1.00231
1.00166
1.00218
1.00177
1.00204
1.0018
1.00186
1.00172
1.00164
1.00151
1.00137
1.00121
1.00105
1.00089
1.00072
1.00054
1.00033
1.00013
0.99993
0.999729
0.99953
0.999343
0.999154
0.999005
0.99884
0.998744
0.998502
0.998602
0.998129
0.99861
0.997672
0.99872
0.99708
0.99879
0.996369
0.998569
0.995384
1.00089
1.00202
1.00153
1.00207
1.0016
1.00198
1.00166
1.00185
1.00167
1.00169
1.00157
1.00149
1.00138
1.00125
1.00111
1.00096
1.00081
1.00065
1.00048
1.0003
1.00012
0.999934
0.999752
0.999571
0.999401
0.999231
0.999086
0.998933
0.99883
0.998624
0.998674
0.998278
0.998631
0.99787
0.998651
0.997392
0.99861
0.996919
0.998309
0.99624
1.00093
1.00181
1.0015
1.00187
1.00154
1.0018
1.00157
1.00169
1.00155
1.00154
1.00144
1.00136
1.00126
1.00114
1.00101
1.00088
1.00074
1.00059
1.00043
1.00027
1.0001
0.999939
0.999773
0.999608
0.999451
0.999297
0.999158
0.999016
0.998908
0.998736
0.99874
0.998423
0.998659
0.998068
0.99862
0.997687
0.998524
0.997365
0.998225
0.996806
1.00091
1.00166
1.00146
1.0017
1.00147
1.00164
1.00147
1.00154
1.00143
1.00141
1.00132
1.00125
1.00115
1.00104
1.00093
1.0008
1.00067
1.00054
1.00039
1.00024
1.00009
0.999942
0.999791
0.999641
0.999496
0.999354
0.999222
0.999092
0.998983
0.998837
0.998805
0.998561
0.998696
0.998256
0.99862
0.99795
0.998505
0.997723
0.998228
0.997195
1.00086
1.00153
1.0014
1.00155
1.0014
1.0015
1.00138
1.00141
1.00133
1.00129
1.00122
1.00114
1.00105
1.00096
1.00085
1.00073
1.00061
1.00049
1.00036
1.00022
1.00008
0.999944
0.999805
0.999668
0.999535
0.999404
0.999281
0.999161
0.999053
0.998929
0.99887
0.998685
0.998743
0.998426
0.998644
0.998178
0.998526
0.998006
0.998296
0.997477
1.00079
1.00141
1.00134
1.00142
1.00132
1.00138
1.0013
1.0013
1.00123
1.00119
1.00112
1.00105
1.00097
1.00088
1.00078
1.00067
1.00056
1.00045
1.00032
1.0002
1.00007
0.999947
0.99982
0.999694
0.999571
0.99945
0.999335
0.999224
0.999121
0.999011
0.998938
0.998797
0.998799
0.998576
0.998689
0.998372
0.998573
0.998235
0.998409
0.997702
1.00072
1.00132
1.00127
1.00131
1.00125
1.00127
1.00121
1.0012
1.00114
1.00109
1.00103
1.00096
1.00089
1.0008
1.00071
1.00062
1.00051
1.00041
1.0003
1.00018
1.00007
0.999949
0.999832
0.999716
0.999602
0.999491
0.999384
0.999281
0.999183
0.999085
0.999007
0.998895
0.998863
0.998708
0.998749
0.99854
0.998644
0.998429
0.998521
0.997876
1.00064
1.00123
1.0012
1.00121
1.00117
1.00117
1.00113
1.0011
1.00106
1.00101
1.00095
1.00089
1.00082
1.00074
1.00066
1.00057
1.00047
1.00037
1.00027
1.00017
1.00006
0.999952
0.999845
0.999738
0.999633
0.99953
0.999431
0.999335
0.999244
0.999154
0.999075
0.998984
0.998934
0.998823
0.99882
0.998682
0.998723
0.998589
0.998629
0.998006
1.00057
1.00114
1.00112
1.00113
1.0011
1.00109
1.00105
1.00102
1.00098
1.00093
1.00088
1.00082
1.00075
1.00068
1.0006
1.00052
1.00043
1.00034
1.00025
1.00015
1.00005
0.999953
0.999854
0.999755
0.999659
0.999564
0.999472
0.999383
0.999298
0.999215
0.99914
0.999062
0.999005
0.998922
0.998895
0.998803
0.998806
0.998724
0.998737
0.998134
1.0005
1.00107
1.00105
1.00105
1.00103
1.00101
1.00098
1.00095
1.00091
1.00086
1.00081
1.00076
1.0007
1.00063
1.00056
1.00048
1.0004
1.00031
1.00023
1.00014
1.00005
0.999958
0.999866
0.999776
0.999686
0.999599
0.999514
0.999431
0.999352
0.999276
0.999206
0.999137
0.999079
0.999012
0.998973
0.998907
0.998891
0.998836
0.998838
0.998262
1.00043
1.00099
1.00098
1.00097
1.00095
1.00093
1.00091
1.00088
1.00084
1.0008
1.00075
1.0007
1.00064
1.00058
1.00051
1.00044
1.00036
1.00028
1.0002
1.00012
1.00004
0.999956
0.999871
0.999788
0.999705
0.999624
0.999545
0.999469
0.999396
0.999326
0.999261
0.999198
0.999144
0.999088
0.999049
0.999
0.998978
0.998937
0.998931
0.998371
1.00036
1.00093
1.00092
1.00091
1.00089
1.00087
1.00085
1.00082
1.00078
1.00074
1.0007
1.00065
1.0006
1.00054
1.00047
1.00041
1.00034
1.00027
1.00019
1.00012
1.00004
0.999964
0.999886
0.999809
0.999733
0.999658
0.999586
0.999515
0.999448
0.999384
0.999324
0.999266
0.999215
0.999164
0.999124
0.999081
0.999058
0.999027
0.999015
0.99845
1.0003
1.00086
1.00086
1.00084
1.00083
1.00081
1.00078
1.00075
1.00072
1.00068
1.00064
1.00059
1.00054
1.00049
1.00043
1.00037
1.0003
1.00024
1.00017
1.0001
1.00003
0.999956
0.999885
0.999814
0.999744
0.999675
0.999608
0.999543
0.999481
0.999422
0.999367
0.999315
0.999268
0.999225
0.99919
0.999155
0.999131
0.99911
0.999095
0.998521
1.00024
1.00081
1.0008
1.00079
1.00078
1.00076
1.00073
1.00071
1.00068
1.00064
1.0006
1.00056
1.00051
1.00046
1.00041
1.00035
1.00029
1.00023
1.00017
1.0001
1.00004
0.999971
0.999905
0.999839
0.999774
0.999711
0.999649
0.999589
0.999532
0.999477
0.999426
0.999377
0.999333
0.999291
0.999256
0.999225
0.999201
0.999186
0.999172
0.998603
1.00018
1.00075
1.00074
1.00073
1.00072
1.0007
1.00068
1.00065
1.00062
1.00058
1.00055
1.00051
1.00046
1.00041
1.00036
1.00031
1.00026
1.0002
1.00014
1.00008
1.00002
0.999959
0.999898
0.999838
0.999778
0.99972
0.999664
0.999609
0.999556
0.999507
0.99946
0.999417
0.999377
0.999342
0.99931
0.999283
0.99926
0.999245
0.999235
0.998688
1.00014
1.0007
1.00069
1.00068
1.00067
1.00065
1.00063
1.00061
1.00058
1.00055
1.00052
1.00048
1.00044
1.0004
1.00035
1.0003
1.00025
1.0002
1.00014
1.00009
1.00003
0.999976
0.99992
0.999864
0.999808
0.999754
0.999701
0.99965
0.999601
0.999555
0.999511
0.99947
0.999433
0.999399
0.999369
0.999345
0.999325
0.999308
0.999298
0.998776
1.00009
1.00065
1.00065
1.00064
1.00062
1.00061
1.00059
1.00056
1.00054
1.00051
1.00047
1.00044
1.0004
1.00036
1.00031
1.00027
1.00022
1.00017
1.00012
1.00007
1.00002
0.999966
0.999914
0.999863
0.999812
0.999763
0.999715
0.999669
0.999625
0.999583
0.999544
0.999508
0.999473
0.999443
0.999416
0.999393
0.999371
0.999352
0.999343
0.998838
1.00004
1.00061
1.0006
1.00059
1.00058
1.00056
1.00054
1.00052
1.0005
1.00047
1.00044
1.00041
1.00037
1.00034
1.0003
1.00025
1.00021
1.00017
1.00012
1.00007
1.00002
0.999977
0.999929
0.999881
0.999835
0.999789
0.999744
0.9997
0.999659
0.99962
0.999583
0.999548
0.999517
0.99949
0.999465
0.999444
0.999428
0.999411
0.999402
0.998898
1
1.00057
1.00057
1.00056
1.00054
1.00053
1.00051
1.00049
1.00047
1.00044
1.00041
1.00038
1.00035
1.00031
1.00027
1.00023
1.00019
1.00015
1.00011
1.00006
1.00002
0.999976
0.999932
0.999888
0.999845
0.999803
0.999762
0.999722
0.999685
0.99965
0.999616
0.999586
0.999558
0.999531
0.999508
0.999487
0.99947
0.999454
0.999447
0.998933
0.999958
1.00052
1.00052
1.00051
1.0005
1.00048
1.00047
1.00045
1.00043
1.0004
1.00038
1.00035
1.00032
1.00028
1.00025
1.00021
1.00018
1.00014
1.0001
1.00006
1.00002
0.999977
0.999936
0.999896
0.999857
0.999818
0.999781
0.999745
0.999711
0.999678
0.999647
0.999619
0.999592
0.99957
0.999551
0.999535
0.999521
0.999509
0.999502
0.998974
0.999929
1.0005
1.00049
1.00048
1.00047
1.00046
1.00044
1.00042
1.0004
1.00038
1.00036
1.00033
1.0003
1.00027
1.00024
1.0002
1.00017
1.00013
1.0001
1.00006
1.00002
0.999982
0.999944
0.999907
0.99987
0.999833
0.999798
0.999764
0.999732
0.999701
0.999673
0.999647
0.999623
0.999601
0.999582
0.999566
0.999554
0.999544
0.999538
0.998996
0.999884
1.00045
1.00045
1.00044
1.00043
1.00042
1.0004
1.00039
1.00037
1.00035
1.00032
1.0003
1.00027
1.00024
1.00021
1.00018
1.00015
1.00012
1.00008
1.00005
1.00002
0.999982
0.999947
0.999914
0.99988
0.999848
0.999817
0.999787
0.999758
0.999731
0.999706
0.999684
0.999663
0.999644
0.999628
0.999613
0.999602
0.999594
0.999589
0.999034
0.999865
1.00043
1.00043
1.00042
1.00041
1.0004
1.00038
1.00037
1.00035
1.00033
1.00031
1.00028
1.00026
1.00023
1.0002
1.00017
1.00014
1.00011
1.00008
1.00005
1.00002
0.999983
0.99995
0.999918
0.999887
0.999856
0.999827
0.999798
0.999771
0.999745
0.999721
0.999699
0.999679
0.999662
0.999647
0.999634
0.999624
0.999617
0.999613
0.999054
0.999822
1.00039
1.00038
1.00038
1.00037
1.00036
1.00034
1.00033
1.00031
1.00029
1.00027
1.00025
1.00023
1.00021
1.00018
1.00015
1.00013
1.0001
1.00007
1.00004
1.00002
0.999987
0.999958
0.99993
0.999903
0.999876
0.999851
0.999826
0.999803
0.999781
0.999761
0.999742
0.999726
0.999711
0.999698
0.999689
0.999681
0.999675
0.999671
0.999105
)
;

boundaryField
{
    FrontBack
    {
        type            empty;
    }
    Cylinder
    {
        type            calculated;
        value           uniform 0;
    }
    Bottom
    {
        type            calculated;
        value           uniform 0;
    }
    Top
    {
        type            calculated;
        value           uniform 0;
    }
    Inlet
    {
        type            calculated;
        value           uniform 1;
    }
    Outlet
    {
        type            calculated;
        value           nonuniform List<scalar> 
40
(
0.999822
1.00039
1.00038
1.00038
1.00037
1.00036
1.00034
1.00033
1.00031
1.00029
1.00027
1.00025
1.00023
1.00021
1.00018
1.00015
1.00013
1.0001
1.00007
1.00004
1.00002
0.999987
0.999958
0.99993
0.999903
0.999876
0.999851
0.999826
0.999803
0.999781
0.999761
0.999742
0.999726
0.999711
0.999698
0.999689
0.999681
0.999675
0.999671
0.999105
)
;
    }
}


// ************************************************************************* //
