/*--------------------------------*- C++ -*----------------------------------*\
  =========                 |
  \\      /  F ield         | OpenFOAM: The Open Source CFD Toolbox
   \\    /   O peration     | Website:  https://openfoam.org
    \\  /    A nd           | Version:  11
     \\/     M anipulation  |
\*---------------------------------------------------------------------------*/
FoamFile
{
    format      ascii;
    class       volScalarField;
    location    "3.5";
    object      mag(U);
}
// * * * * * * * * * * * * * * * * * * * * * * * * * * * * * * * * * * * * * //

dimensions      [0 1 -1 0 0 0 0];

internalField   nonuniform List<scalar> 
9600
(
0.993946
0.993866
0.993918
0.993121
0.992624
0.992813
0.993653
0.995597
0.996098
0.983481
0.952778
0.934765
0.931714
0.937801
0.956647
0.978324
0.997116
1.0133
1.02723
1.0386
1.04792
1.05566
1.0615
1.06505
1.06715
1.06642
1.06462
1.06159
1.05775
1.05259
1.04659
1.04085
1.03495
1.02974
1.02459
1.01995
1.01557
1.01162
1.00808
1.00463
0.994783
0.995083
0.995192
0.995603
0.99623
0.99656
0.996768
0.997003
0.998033
1.00117
1.00359
1.00408
1.00353
1.00444
1.00874
1.0176
1.02453
1.03034
1.03588
1.04121
1.04626
1.05073
1.05442
1.05627
1.05645
1.05546
1.05392
1.04961
1.04676
1.04059
1.03609
1.02919
1.02414
1.01832
1.01258
1.00775
1.0037
0.999094
0.997403
0.992321
0.994868
0.99513
0.995383
0.995746
0.996108
0.996661
0.997945
1.00035
1.00297
1.00322
1.00167
0.994372
0.986554
0.987773
0.993726
1.00334
1.01534
1.02695
1.03819
1.04706
1.05554
1.06196
1.06841
1.07121
1.07467
1.07442
1.07425
1.07078
1.06819
1.06228
1.05778
1.05154
1.04619
1.04125
1.0359
1.03182
1.02853
1.02373
1.02116
1.0153
0.994903
0.995185
0.995456
0.995817
0.996397
0.997311
0.998613
1.00024
1.00394
1.00699
1.00839
1.01203
1.01927
1.02683
1.03283
1.03814
1.04283
1.04586
1.0478
1.04954
1.05167
1.05448
1.05768
1.0591
1.05909
1.05812
1.05661
1.05343
1.04963
1.0445
1.04049
1.03421
1.02886
1.02377
1.01715
1.01242
1.00774
1.00295
1.00068
0.997657
0.994921
0.995215
0.99549
0.995914
0.996785
0.997787
0.99885
1.0003
1.00502
1.01255
1.0178
1.01944
1.01761
1.01452
1.01278
1.01476
1.02111
1.02923
1.0388
1.04699
1.0548
1.06081
1.06674
1.06988
1.07281
1.07347
1.07368
1.07136
1.0685
1.06349
1.05925
1.05259
1.0484
1.04223
1.03814
1.03338
1.03059
1.02533
1.02258
1.01633
0.994828
0.995182
0.995563
0.996228
0.996965
0.997787
0.999282
1.00264
1.00812
1.01185
1.01555
1.02079
1.02707
1.0336
1.04043
1.04656
1.05178
1.05485
1.05701
1.05881
1.0596
1.0609
1.06293
1.06386
1.06429
1.06248
1.06021
1.0571
1.05387
1.04895
1.04485
1.03908
1.03389
1.02877
1.02209
1.01729
1.0121
1.00727
1.00475
1.00105
0.994957
0.995313
0.995684
0.996483
0.997349
0.99825
0.999959
1.0033
1.00942
1.01429
1.0184
1.02386
1.02852
1.03051
1.02981
1.02887
1.03033
1.0345
1.04091
1.04801
1.05493
1.06083
1.06609
1.06983
1.07224
1.07323
1.07379
1.07251
1.06968
1.06529
1.06094
1.05472
1.05042
1.04399
1.04035
1.03518
1.03248
1.02707
1.02425
1.01772
0.99485
0.995342
0.995994
0.996876
0.997668
0.998705
1.00102
1.00493
1.00992
1.01489
1.01916
1.02411
1.02851
1.03416
1.04122
1.04833
1.05526
1.05976
1.06249
1.06477
1.06669
1.06749
1.069
1.06943
1.07036
1.06881
1.0656
1.06146
1.05834
1.054
1.04974
1.04417
1.03937
1.03357
1.02753
1.02242
1.01662
1.01202
1.00915
1.00484
0.995063
0.995754
0.996404
0.997206
0.997965
0.99926
1.00148
1.00546
1.0107
1.0156
1.0201
1.02505
1.0302
1.03493
1.0391
1.04154
1.04322
1.04494
1.04801
1.05182
1.05693
1.06227
1.06695
1.07054
1.07245
1.07406
1.07484
1.07444
1.07168
1.06805
1.06323
1.05748
1.05277
1.04632
1.0427
1.0374
1.03441
1.02881
1.02597
1.01915
0.995068
0.995761
0.99642
0.997352
0.998086
0.999456
1.00227
1.00593
1.01126
1.01639
1.02044
1.02514
1.02976
1.03439
1.04053
1.04763
1.05496
1.06129
1.06562
1.06828
1.07112
1.07326
1.07506
1.07547
1.07635
1.07585
1.07284
1.06815
1.064
1.05966
1.05517
1.05006
1.04475
1.03857
1.03343
1.0274
1.02138
1.01675
1.01366
1.00876
0.995279
0.995971
0.996676
0.997563
0.998571
1.00005
1.00222
1.00671
1.01255
1.01726
1.02115
1.02515
1.03015
1.0351
1.0411
1.04638
1.05116
1.05408
1.05679
1.05943
1.06245
1.06597
1.06976
1.07314
1.07466
1.07585
1.07657
1.07693
1.07451
1.07164
1.06668
1.06132
1.05606
1.04955
1.0456
1.03997
1.03653
1.03075
1.02782
1.02111
0.994976
0.995861
0.996564
0.997631
0.998812
1.00029
1.00284
1.00743
1.01301
1.018
1.0221
1.02558
1.02948
1.03379
1.03938
1.04636
1.0539
1.06078
1.06729
1.0714
1.07493
1.07761
1.08035
1.08143
1.08264
1.08274
1.08088
1.07623
1.07141
1.06684
1.06174
1.05668
1.05127
1.04481
1.03956
1.03266
1.02696
1.02158
1.01827
1.01262
0.995201
0.996183
0.996921
0.998003
0.999271
1.00116
1.0039
1.00823
1.01361
1.01816
1.02162
1.02526
1.02911
1.03309
1.03896
1.04575
1.05302
1.05937
1.06409
1.06799
1.07072
1.07288
1.07568
1.07832
1.07955
1.08001
1.07995
1.08064
1.07865
1.07604
1.07139
1.06621
1.0606
1.05405
1.04943
1.04333
1.0396
1.03328
1.03006
1.02358
0.99467
0.995949
0.996938
0.997943
0.999396
1.00134
1.00433
1.00853
1.01346
1.01773
1.02167
1.02505
1.02825
1.03213
1.03729
1.04383
1.05221
1.05966
1.0676
1.07372
1.07869
1.08218
1.08563
1.08768
1.08923
1.08964
1.08878
1.0853
1.08042
1.0754
1.06995
1.06382
1.0591
1.05192
1.04664
1.03902
1.033
1.02709
1.02322
1.01704
0.994968
0.996501
0.997898
0.998901
1.00038
1.00212
1.00526
1.00933
1.01356
1.01778
1.02146
1.02489
1.0286
1.0317
1.03622
1.04258
1.05091
1.05994
1.06759
1.07391
1.07896
1.08195
1.08447
1.08661
1.08749
1.08739
1.08609
1.08582
1.08409
1.08186
1.07763
1.07214
1.06678
1.05979
1.0547
1.0478
1.04398
1.03685
1.03293
1.02652
0.994362
0.99584
0.997422
0.998568
1.0001
1.00178
1.00504
1.00898
1.01292
1.0169
1.02099
1.02495
1.02863
1.03198
1.03639
1.0417
1.04991
1.05834
1.06747
1.07593
1.08277
1.08785
1.09188
1.09475
1.09664
1.09737
1.09709
1.09463
1.09066
1.08511
1.08022
1.0728
1.06762
1.06071
1.05469
1.04736
1.0403
1.03371
1.0289
1.02224
0.994871
0.996262
0.998271
0.999861
1.00119
1.00262
1.00538
1.00939
1.01282
1.01673
1.0213
1.02493
1.02952
1.03334
1.03728
1.04209
1.04881
1.05768
1.06722
1.07605
1.08411
1.09004
1.09345
1.09635
1.09715
1.09766
1.09586
1.09438
1.09206
1.0895
1.08607
1.08008
1.07487
1.0674
1.06188
1.05444
1.04977
1.04263
1.03724
1.03042
0.993907
0.995087
0.997154
0.998791
1.00006
1.0018
1.00438
1.00823
1.01216
1.016
1.02023
1.02441
1.02957
1.03421
1.03915
1.04308
1.04925
1.05686
1.0654
1.07483
1.08367
1.09164
1.09751
1.1022
1.10426
1.10622
1.1059
1.1048
1.10138
1.09628
1.0915
1.08444
1.07824
1.07115
1.06437
1.05701
1.04961
1.04195
1.03608
1.02882
0.994726
0.995866
0.997505
0.999302
1.00071
1.00291
1.00494
1.00812
1.01234
1.016
1.02056
1.02463
1.03001
1.0354
1.04092
1.04583
1.05095
1.05706
1.06522
1.07417
1.08299
1.09249
1.09906
1.10557
1.10792
1.11012
1.10848
1.10723
1.10357
1.10036
1.09604
1.09087
1.08518
1.07799
1.07104
1.06347
1.05716
1.05013
1.04397
1.03643
0.993422
0.994523
0.995456
0.996997
0.998636
1.00099
1.00337
1.00614
1.01052
1.01509
1.01997
1.02417
1.02973
1.03526
1.04209
1.04794
1.05353
1.05978
1.06619
1.07433
1.08245
1.09192
1.09964
1.10808
1.11235
1.11666
1.11729
1.11738
1.11453
1.11057
1.10492
1.09875
1.09162
1.08427
1.07635
1.0688
1.0607
1.0523
1.04581
1.03741
0.993842
0.995359
0.995764
0.997033
0.998793
1.00154
1.00461
1.00692
1.01098
1.01531
1.0206
1.02477
1.03002
1.03617
1.04318
1.05015
1.05691
1.06351
1.06913
1.07664
1.08295
1.09256
1.10013
1.10996
1.11577
1.12167
1.12271
1.12353
1.12003
1.11731
1.11143
1.10674
1.09943
1.09248
1.08455
1.07636
1.06828
1.06058
1.0538
1.04461
0.991106
0.993002
0.993618
0.994519
0.996096
0.998624
1.00223
1.00485
1.00848
1.01278
1.01883
1.02409
1.02999
1.03639
1.04367
1.05165
1.05845
1.06697
1.07311
1.08059
1.08598
1.09455
1.10089
1.11063
1.11735
1.12481
1.12835
1.13141
1.13043
1.12835
1.1231
1.11747
1.10961
1.10163
1.09339
1.08425
1.07654
1.06592
1.05931
1.04872
0.991062
0.992912
0.994138
0.995151
0.996879
0.998938
1.0026
1.00596
1.00993
1.01424
1.01995
1.02598
1.03192
1.03854
1.04531
1.05352
1.06035
1.07013
1.077
1.08618
1.09112
1.09895
1.10424
1.11293
1.11917
1.12751
1.13226
1.13735
1.13738
1.13718
1.13242
1.12775
1.12053
1.11263
1.10386
1.09449
1.08583
1.07564
1.06888
1.05714
0.987783
0.989367
0.99076
0.992158
0.993921
0.995806
0.999072
1.00271
1.0073
1.01206
1.01793
1.02434
1.0303
1.03853
1.04508
1.05492
1.06167
1.07218
1.07966
1.09026
1.09643
1.10535
1.11059
1.11802
1.12327
1.1307
1.13496
1.14083
1.14341
1.14528
1.14358
1.13954
1.13399
1.12526
1.11751
1.10574
1.09818
1.08562
1.07897
1.06533
0.988031
0.989678
0.990882
0.992211
0.994723
0.99675
1.00013
1.00381
1.00838
1.01389
1.01949
1.02734
1.03249
1.04161
1.04819
1.05921
1.06537
1.07605
1.08313
1.09409
1.10128
1.11114
1.11761
1.12607
1.1307
1.13718
1.14073
1.14598
1.14901
1.1515
1.15205
1.14983
1.14609
1.13903
1.13204
1.12076
1.11245
1.09838
1.0921
1.0767
0.983712
0.985547
0.986865
0.987661
0.989999
0.992836
0.996235
1.00068
1.00461
1.01124
1.0159
1.02565
1.0309
1.04087
1.04732
1.05951
1.06683
1.07795
1.085
1.09737
1.10501
1.1159
1.12252
1.13314
1.13906
1.14739
1.15084
1.15531
1.15681
1.15898
1.1599
1.15908
1.15769
1.15162
1.14744
1.1362
1.12987
1.11475
1.1079
1.0907
0.983703
0.9856
0.98729
0.988454
0.990281
0.993639
0.996658
1.0027
1.0063
1.01377
1.01843
1.02805
1.03432
1.04483
1.05167
1.06368
1.07214
1.08423
1.09127
1.10261
1.1112
1.12283
1.13013
1.13909
1.14679
1.15499
1.16238
1.16693
1.17122
1.17106
1.17283
1.16954
1.16975
1.16331
1.16164
1.15084
1.14723
1.13262
1.12651
1.10786
0.977696
0.979796
0.98084
0.982918
0.984199
0.988469
0.990891
0.997569
1.00157
1.01022
1.01538
1.02536
1.03215
1.04392
1.05089
1.06337
1.0715
1.08564
1.0934
1.10553
1.11329
1.1264
1.13506
1.14565
1.15334
1.16158
1.16944
1.17677
1.1845
1.18662
1.1904
1.18656
1.18721
1.17931
1.17843
1.16706
1.1645
1.15016
1.14637
1.1273
0.977114
0.980409
0.980914
0.983636
0.985
0.989695
0.992886
0.999612
1.0043
1.0128
1.01916
1.02942
1.03704
1.04877
1.05753
1.06888
1.07868
1.09089
1.10199
1.11228
1.12287
1.13209
1.14412
1.15259
1.16401
1.1704
1.18067
1.18591
1.19636
1.19939
1.20816
1.20658
1.21066
1.20257
1.20267
1.18928
1.1877
1.17187
1.16827
1.14997
0.96758
0.971886
0.972435
0.975345
0.977187
0.981946
0.986081
0.993027
0.998973
1.00782
1.01521
1.02544
1.03493
1.04607
1.05689
1.06865
1.07936
1.09137
1.10301
1.11431
1.12525
1.13464
1.14599
1.155
1.168
1.17539
1.18811
1.19425
1.20678
1.21135
1.22191
1.22321
1.2317
1.22699
1.23087
1.21938
1.21747
1.2025
1.19804
1.17921
0.967653
0.971558
0.973578
0.975851
0.979429
0.98347
0.989748
0.995619
1.00511
1.0109
1.02367
1.03028
1.04415
1.05228
1.06669
1.0755
1.09035
1.09818
1.11379
1.12124
1.13677
1.14268
1.15721
1.16268
1.17824
1.18398
1.19911
1.20585
1.22013
1.22772
1.23975
1.24341
1.25436
1.25183
1.25897
1.25125
1.25298
1.23985
1.23712
1.21916
0.956446
0.959395
0.962876
0.964745
0.969527
0.973978
0.980967
0.988224
0.997399
1.00654
1.01791
1.02785
1.04072
1.05192
1.06539
1.07622
1.09069
1.09948
1.11474
1.12215
1.13788
1.14415
1.15904
1.16537
1.18073
1.18663
1.20418
1.20951
1.22865
1.23349
1.25395
1.25765
1.27623
1.27684
1.28959
1.28522
1.2904
1.28019
1.27981
1.26291
0.957865
0.959958
0.966188
0.966786
0.974409
0.977297
0.988157
0.993693
1.00681
1.0145
1.02883
1.03822
1.05297
1.0638
1.07857
1.08854
1.10407
1.11268
1.12744
1.13496
1.14927
1.1562
1.1699
1.1766
1.19063
1.19778
1.21387
1.22127
1.24131
1.24826
1.27161
1.27648
1.3015
1.30566
1.32725
1.32812
1.34302
1.33718
1.34365
1.32597
0.940418
0.945566
0.951475
0.955296
0.963344
0.968328
0.980307
0.986604
1.00217
1.0104
1.02717
1.03704
1.05437
1.06417
1.08142
1.09039
1.10676
1.11511
1.12971
1.13702
1.15051
1.15781
1.17066
1.1782
1.19114
1.19926
1.2139
1.22325
1.24141
1.25169
1.27524
1.28558
1.31502
1.32287
1.3549
1.36155
1.39046
1.39095
1.41412
1.40263
0.938187
0.94353
0.950921
0.956939
0.966255
0.975365
0.988582
1.00012
1.0158
1.02964
1.04481
1.06
1.07463
1.08905
1.10295
1.11624
1.12908
1.14027
1.1511
1.16092
1.16961
1.17757
1.18567
1.19276
1.20139
1.20912
1.22032
1.23012
1.24453
1.25612
1.27518
1.28896
1.31426
1.3299
1.3624
1.38158
1.41805
1.43623
1.47346
1.48515
0.918526
0.930668
0.938592
0.950098
0.958005
0.971507
0.982759
0.998907
1.01314
1.0321
1.04682
1.06617
1.08038
1.09797
1.11138
1.12544
1.13726
1.14827
1.15712
1.16583
1.17185
1.17852
1.18315
1.19027
1.19445
1.20338
1.20839
1.21883
1.22526
1.23884
1.24741
1.26486
1.27684
1.29906
1.31605
1.34532
1.36685
1.40558
1.42713
1.47678
0.911813
0.925152
0.937666
0.953541
0.971839
0.990452
1.01158
1.03104
1.05048
1.06928
1.0865
1.10462
1.11948
1.13645
1.14779
1.16243
1.17056
1.18117
1.18698
1.19308
1.1971
1.19995
1.20314
1.2046
1.20777
1.21005
1.21348
1.21635
1.21939
1.22333
1.23277
1.23472
1.24327
1.24387
1.25083
1.24835
1.24635
1.24507
1.21828
1.24137
0.911067
0.929283
0.949955
0.966399
0.985484
1.00412
1.02446
1.0467
1.06798
1.09127
1.11077
1.13232
1.14828
1.16662
1.17828
1.19205
1.19926
1.20764
1.21076
1.2139
1.21333
1.21247
1.20919
1.20688
1.20298
1.20155
1.19907
1.19683
1.19899
1.19824
1.19343
1.18195
1.15999
1.13154
1.09241
1.03061
0.971306
0.870737
0.730887
0.590092
0.927558
0.961134
0.997048
1.03133
1.0644
1.09652
1.12584
1.15502
1.18046
1.20553
1.22545
1.24482
1.25806
1.271
1.27728
1.28287
1.28135
1.27847
1.26849
1.25801
1.24284
1.22564
1.20424
1.18537
1.16107
1.14668
1.12368
1.11593
1.0938
1.07348
1.03804
0.968803
0.886244
0.747647
0.615876
0.491313
0.342288
0.223317
0.137782
0.0637617
1.06497
1.09841
1.13074
1.16313
1.19451
1.22349
1.24865
1.26935
1.28641
1.29445
1.306
1.30631
1.3137
1.30845
1.30792
1.29239
1.2799
1.25263
1.22734
1.18952
1.15114
1.1035
1.05268
0.996007
0.934065
0.872941
0.805757
0.751975
0.682934
0.639804
0.452148
0.0139809
0.0793555
0.150404
0.185036
0.21114
0.212723
0.219987
0.222406
0.231247
1.0029
1.00218
1.00128
0.99884
0.994212
0.99147
0.9892
0.985279
0.981562
0.980537
0.98188
0.984527
0.988098
0.991786
0.99464
0.997113
0.999788
1.00175
1.00285
1.00339
1.00383
1.00422
1.00492
1.00559
1.00613
1.00656
1.00694
1.00699
1.00695
1.0069
1.00682
1.00666
1.00661
1.00649
1.00637
1.00616
1.00585
1.00576
1.00552
1.00909
1.00381
1.00279
1.00121
0.998697
0.993927
0.99065
0.98757
0.983699
0.979741
0.978639
0.980399
0.983533
0.98762
0.991695
0.994711
0.997341
1.0002
1.00202
1.00286
1.00331
1.00382
1.00449
1.00539
1.00602
1.0065
1.00674
1.007
1.00714
1.00714
1.00709
1.00707
1.00695
1.00691
1.00676
1.00668
1.00646
1.0062
1.00581
1.00491
1.00392
1.00675
1.00398
1.00193
0.999484
0.994116
0.989712
0.986434
0.98258
0.977995
0.976577
0.978755
0.982431
0.987148
0.991532
0.994585
0.997329
1.00044
1.0021
1.00284
1.00316
1.00377
1.00463
1.00549
1.00617
1.00666
1.00693
1.00718
1.00738
1.00747
1.00748
1.00744
1.00732
1.00723
1.00705
1.00699
1.00674
1.00661
1.00644
1.00657
1.00887
1.00537
1.00427
1.00194
0.999465
0.994274
0.988779
0.984429
0.980548
0.975777
0.974105
0.976762
0.981157
0.986579
0.991277
0.994468
0.997453
1.00065
1.00189
1.00259
1.00292
1.00371
1.00477
1.00592
1.00663
1.00697
1.00726
1.00737
1.00743
1.00758
1.0077
1.00768
1.0076
1.00746
1.00729
1.00718
1.00692
1.00672
1.00638
1.00566
1.00418
1.00854
1.00568
1.00279
0.999981
0.994103
0.987663
0.982949
0.978905
0.973566
0.971418
0.974494
0.979745
0.986098
0.991149
0.994393
0.997526
1.00055
1.00155
1.00228
1.00287
1.00393
1.00507
1.00616
1.00683
1.00721
1.0076
1.00788
1.00784
1.00797
1.00804
1.008
1.00792
1.00776
1.0076
1.00747
1.00733
1.0072
1.00707
1.00714
1.00846
1.00729
1.00597
1.00285
0.999732
0.994323
0.986987
0.98054
0.975981
0.970748
0.968404
0.971753
0.977942
0.985488
0.991002
0.994413
0.997784
1.00042
1.0011
1.00186
1.00277
1.00404
1.0052
1.00634
1.00708
1.00747
1.00792
1.0082
1.0081
1.00829
1.00837
1.00838
1.00824
1.00804
1.00786
1.00762
1.00746
1.00732
1.00702
1.00646
1.00513
1.01036
1.0076
1.00365
0.999684
0.993767
0.986266
0.978821
0.973268
0.96769
0.965134
0.968582
0.975798
0.984934
0.991167
0.994627
0.997938
1.00014
1.00074
1.00161
1.00301
1.00449
1.00545
1.00639
1.00708
1.00757
1.00811
1.00835
1.00846
1.00867
1.00872
1.0088
1.00871
1.0085
1.00832
1.00806
1.00794
1.00779
1.00771
1.00771
1.00841
1.00932
1.00769
1.00358
0.999315
0.993997
0.98589
0.976321
0.969527
0.963762
0.961198
0.964657
0.973007
0.984189
0.991323
0.994779
0.997973
0.999872
1.00034
1.00152
1.00315
1.0047
1.00555
1.0065
1.00741
1.00807
1.00855
1.00857
1.00878
1.00909
1.00904
1.00911
1.00904
1.00886
1.00867
1.0083
1.00808
1.0079
1.00772
1.00729
1.00625
1.01218
1.00944
1.00476
0.999401
0.993212
0.98528
0.974729
0.966012
0.959593
0.956626
0.959826
0.969392
0.983385
0.992021
0.995415
0.998279
1.00001
1.00024
1.00175
1.0036
1.00507
1.00586
1.00675
1.00768
1.00837
1.00879
1.00891
1.00928
1.00953
1.00952
1.00956
1.00941
1.00923
1.00906
1.00878
1.00853
1.00834
1.00827
1.00828
1.00855
1.01134
1.00903
1.00504
0.999589
0.993354
0.984989
0.972874
0.962015
0.954641
0.950914
0.953535
0.964329
0.981862
0.992584
0.996072
0.998464
1.00028
1.00035
1.00207
1.00383
1.005
1.00592
1.00686
1.00812
1.00885
1.00926
1.00952
1.0099
1.00994
1.00988
1.00979
1.00962
1.00933
1.00916
1.00893
1.00867
1.00845
1.00827
1.00808
1.00737
1.01454
1.01103
1.00661
1.00005
0.99276
0.984156
0.971647
0.95857
0.949337
0.944125
0.945578
0.957726
0.980021
0.99388
0.997836
0.99949
1.00126
1.00097
1.00252
1.00415
1.00522
1.00637
1.00717
1.00856
1.00909
1.00944
1.00986
1.01024
1.01017
1.01008
1.01
1.00993
1.00977
1.00964
1.0095
1.0093
1.00903
1.00889
1.00879
1.00885
1.01358
1.01082
1.00665
1.00064
0.993211
0.983366
0.96991
0.955064
0.943693
0.936262
0.935365
0.948478
0.976828
0.994864
0.999701
1.00065
1.00251
1.00187
1.00282
1.00428
1.00512
1.00662
1.00728
1.00899
1.00945
1.00981
1.01021
1.01057
1.01055
1.01061
1.01054
1.01039
1.01015
1.00995
1.0098
1.00965
1.00927
1.00901
1.0087
1.00833
1.01725
1.01331
1.00869
1.00166
0.993229
0.98245
0.968855
0.952384
0.938015
0.927531
0.922945
0.936716
0.97306
0.996092
1.00245
1.00303
1.00422
1.00301
1.00313
1.00474
1.0055
1.00731
1.00753
1.00919
1.00951
1.01009
1.01068
1.01108
1.01112
1.01116
1.01112
1.01103
1.0109
1.01065
1.01039
1.01021
1.00994
1.00968
1.00933
1.00921
1.01677
1.01301
1.00882
1.0022
0.993842
0.982027
0.967426
0.949579
0.932742
0.918588
0.908292
0.921354
0.967704
0.997117
1.00431
1.00526
1.00567
1.00417
1.00357
1.00526
1.00577
1.00758
1.0077
1.00973
1.01011
1.01088
1.01137
1.01161
1.01175
1.01172
1.01165
1.01136
1.01125
1.01094
1.01072
1.01046
1.01018
1.00992
1.0095
1.00917
1.02078
1.01591
1.01129
1.00383
0.994605
0.981955
0.966077
0.947271
0.928401
0.909809
0.891858
0.902732
0.960918
0.998151
1.00623
1.00755
1.00729
1.00538
1.00433
1.00613
1.00638
1.00786
1.00806
1.01003
1.01022
1.01116
1.01172
1.01191
1.01225
1.0121
1.0122
1.0119
1.01194
1.0116
1.01146
1.01111
1.01086
1.01049
1.01031
1.01019
1.02097
1.01612
1.01203
1.00469
0.995552
0.982389
0.96444
0.945021
0.925455
0.902106
0.874287
0.88012
0.951043
0.998091
1.00719
1.00884
1.00831
1.00645
1.00525
1.00678
1.00661
1.00789
1.00847
1.01046
1.01068
1.01188
1.01234
1.01226
1.01267
1.01241
1.0126
1.01236
1.01253
1.01215
1.0122
1.01165
1.01148
1.01084
1.01058
1.01044
1.02513
1.02025
1.01599
1.00723
0.997444
0.983625
0.963062
0.943091
0.923663
0.896037
0.856818
0.854649
0.936783
0.996199
1.00783
1.0099
1.00901
1.00738
1.00632
1.00752
1.00735
1.00842
1.00907
1.01075
1.01104
1.0123
1.01286
1.01281
1.01329
1.01303
1.01331
1.01304
1.01341
1.01275
1.01294
1.01225
1.01226
1.01164
1.01137
1.01124
1.02658
1.02154
1.01718
1.00852
0.999141
0.985411
0.962474
0.941723
0.923126
0.892389
0.840837
0.826179
0.91636
0.990847
1.00669
1.00954
1.00924
1.00764
1.00702
1.00795
1.00801
1.00903
1.00967
1.01125
1.01181
1.0129
1.01337
1.01348
1.01387
1.01362
1.01388
1.01342
1.01388
1.01313
1.01338
1.01253
1.01258
1.012
1.01173
1.01173
1.03152
1.02654
1.02164
1.01248
1.00259
0.988353
0.963332
0.941407
0.923714
0.891085
0.827685
0.796078
0.888367
0.981297
1.00393
1.00864
1.00869
1.00749
1.00745
1.00861
1.00867
1.00969
1.01024
1.01155
1.01248
1.01342
1.01394
1.01437
1.01464
1.01441
1.01467
1.01409
1.01446
1.01367
1.01401
1.01324
1.01329
1.01263
1.01243
1.01239
1.03432
1.03012
1.02386
1.01515
1.00561
0.991446
0.965918
0.942578
0.925472
0.892102
0.818446
0.765352
0.852038
0.965764
0.998095
1.00574
1.00689
1.00652
1.00694
1.00851
1.00882
1.01017
1.01094
1.01222
1.01336
1.01423
1.01461
1.01512
1.01538
1.01538
1.01564
1.0153
1.0156
1.01478
1.01486
1.01405
1.01405
1.01323
1.01321
1.01304
1.04046
1.03713
1.02991
1.02183
1.01283
0.997084
0.97065
0.946693
0.929573
0.894575
0.812791
0.735056
0.80767
0.943023
0.988637
1.00054
1.00362
1.00479
1.00591
1.0082
1.00896
1.0105
1.01153
1.01277
1.01402
1.01486
1.01536
1.01595
1.01621
1.01637
1.01657
1.01656
1.01671
1.01612
1.01597
1.01515
1.01507
1.01418
1.01417
1.01389
1.04513
1.04337
1.03499
1.02787
1.02052
1.00353
0.977303
0.95429
0.936575
0.897714
0.808701
0.705502
0.756025
0.911096
0.974111
0.992076
0.997961
1.00207
1.0035
1.00739
1.00889
1.01093
1.01232
1.01368
1.01497
1.01547
1.01603
1.01644
1.0167
1.01715
1.01715
1.01744
1.01722
1.01696
1.01683
1.01608
1.01607
1.01518
1.01518
1.01488
1.05398
1.05202
1.04254
1.0371
1.03227
1.01312
0.986837
0.965734
0.947285
0.901319
0.803298
0.676664
0.698544
0.868458
0.953649
0.979861
0.989744
0.997912
1.00037
1.00621
1.00852
1.01114
1.0129
1.01453
1.01604
1.01628
1.01712
1.0173
1.01726
1.01786
1.01744
1.01831
1.01786
1.01801
1.01776
1.01727
1.01716
1.01626
1.01624
1.01594
1.06276
1.06191
1.05093
1.04672
1.04382
1.02335
0.998785
0.980611
0.959576
0.903717
0.793504
0.646699
0.636986
0.812712
0.925455
0.962566
0.977957
0.990929
0.995797
1.00374
1.00699
1.01074
1.01336
1.01531
1.01751
1.01808
1.0193
1.01944
1.01922
1.01993
1.01916
1.02018
1.01945
1.01974
1.01888
1.01862
1.01801
1.01737
1.01711
1.01698
1.07586
1.07553
1.0641
1.06421
1.06216
1.04074
1.01754
1.00135
0.973346
0.901976
0.77738
0.612885
0.574199
0.74601
0.889259
0.939717
0.961842
0.980304
0.989063
0.999338
1.00373
1.00911
1.01293
1.01565
1.01857
1.01973
1.02115
1.02193
1.02154
1.02271
1.02173
1.02252
1.02113
1.0212
1.01996
1.01988
1.01876
1.01864
1.01795
1.01822
1.09072
1.09036
1.08048
1.08545
1.08107
1.06235
1.04338
1.02671
0.986438
0.892067
0.749431
0.570096
0.504932
0.6734
0.844848
0.910487
0.941156
0.96705
0.979389
0.993087
0.999055
1.00622
1.01091
1.0146
1.01802
1.01999
1.02175
1.02346
1.0228
1.02426
1.02299
1.02367
1.02228
1.02256
1.02137
1.02166
1.02022
1.02044
1.01937
1.01991
1.11002
1.10621
1.09907
1.10944
1.10276
1.08977
1.07735
1.05337
0.9931
0.869382
0.704979
0.513614
0.430459
0.594366
0.792092
0.874427
0.916449
0.951218
0.967906
0.985787
0.993911
1.00244
1.00795
1.01268
1.01646
1.01959
1.02117
1.02354
1.02309
1.025
1.0242
1.02532
1.02443
1.02517
1.02405
1.02449
1.02277
1.02306
1.02172
1.02221
1.13027
1.12298
1.1249
1.13785
1.12785
1.12285
1.11386
1.07386
0.982189
0.828395
0.638398
0.437749
0.350016
0.513298
0.732856
0.83149
0.886498
0.931931
0.954828
0.977575
0.988832
0.999873
1.00697
1.013
1.01672
1.02085
1.02169
1.02526
1.02508
1.02752
1.02731
1.02828
1.02783
1.0283
1.02722
1.02738
1.02564
1.02585
1.02444
1.02497
1.15419
1.1484
1.16232
1.1741
1.16905
1.17889
1.15629
1.08292
0.948672
0.758509
0.544639
0.340112
0.263952
0.439291
0.670639
0.782968
0.852133
0.907938
0.939069
0.966662
0.982381
0.997419
1.00558
1.01367
1.01741
1.02288
1.0236
1.028
1.02784
1.03021
1.03027
1.03077
1.03084
1.03061
1.02987
1.02966
1.02829
1.02835
1.02705
1.02765
1.18395
1.18635
1.21191
1.22048
1.22993
1.23735
1.17745
1.06533
0.881331
0.651247
0.417531
0.221491
0.189099
0.380753
0.609875
0.731704
0.816664
0.879369
0.921024
0.953152
0.973723
0.993024
1.00167
1.01301
1.01642
1.02372
1.02451
1.0294
1.02972
1.03168
1.03282
1.03247
1.03346
1.03241
1.03259
1.03186
1.03102
1.03077
1.02951
1.03041
1.22291
1.23706
1.26755
1.27524
1.29864
1.26382
1.17605
1.00715
0.767073
0.497528
0.250652
0.116526
0.169877
0.345206
0.561602
0.682647
0.78298
0.851072
0.901365
0.937802
0.963345
0.986072
0.996512
1.01138
1.01493
1.02457
1.02572
1.03119
1.03253
1.03354
1.03609
1.03446
1.03703
1.03486
1.03647
1.03479
1.03486
1.03393
1.03307
1.03381
1.27246
1.29921
1.32193
1.34419
1.34069
1.27372
1.13379
0.893994
0.58833
0.286691
0.0682944
0.188065
0.249935
0.356569
0.524863
0.645842
0.754005
0.826855
0.885148
0.924385
0.955537
0.98051
0.993196
1.01097
1.0147
1.02714
1.02862
1.03467
1.03682
1.03751
1.04098
1.03878
1.04228
1.03934
1.04216
1.03916
1.04024
1.03803
1.0376
1.03833
1.34492
1.3741
1.39854
1.41138
1.3662
1.25424
1.01236
0.678155
0.315945
0.0345418
0.27372
0.378563
0.374256
0.382615
0.515655
0.625731
0.73551
0.808718
0.875851
0.914119
0.952079
0.976407
0.992221
1.01232
1.01611
1.03191
1.03328
1.04105
1.04415
1.04502
1.04922
1.04736
1.05087
1.04789
1.05078
1.04689
1.04817
1.04518
1.04584
1.04626
1.43987
1.46744
1.48073
1.446
1.34356
1.11364
0.746393
0.326991
0.0973039
0.374038
0.520206
0.555494
0.493011
0.476921
0.535331
0.631955
0.730135
0.802812
0.874595
0.910234
0.955111
0.97761
0.998449
1.01841
1.02402
1.04142
1.04206
1.05191
1.05468
1.05639
1.06046
1.05884
1.06236
1.05879
1.06186
1.05713
1.05904
1.05653
1.05781
1.05724
1.52549
1.52866
1.49859
1.39507
1.16458
0.798271
0.417186
0.321044
0.576287
0.709879
0.757565
0.729544
0.598529
0.544772
0.588622
0.65644
0.736192
0.807847
0.879337
0.916581
0.968206
0.989028
1.01477
1.03327
1.04102
1.05731
1.05623
1.06864
1.0675
1.07217
1.07425
1.07445
1.07684
1.07494
1.07743
1.07419
1.07565
1.07363
1.07208
1.07209
1.46348
1.3954
1.21711
0.910812
0.609731
0.550669
0.701786
0.838519
0.892678
0.902615
0.871454
0.743141
0.616108
0.60729
0.624966
0.668168
0.723476
0.806821
0.882403
0.926926
0.982572
1.00396
1.0327
1.05196
1.06385
1.07971
1.07823
1.0901
1.08822
1.09709
1.09731
1.10271
1.10306
1.10423
1.10539
1.10472
1.10381
1.10073
1.09508
1.09378
1.07641
0.802222
0.590705
0.533253
0.601804
0.687587
0.716738
0.776291
0.815463
0.824261
0.789673
0.671804
0.607547
0.598347
0.568701
0.618153
0.677383
0.76108
0.833214
0.895969
0.954858
0.995047
1.0325
1.0558
1.07319
1.0974
1.10695
1.12187
1.12684
1.1341
1.13517
1.14214
1.1428
1.14766
1.14824
1.15109
1.14956
1.14956
1.1482
1.14318
0.379895
0.412622
0.414643
0.409636
0.42341
0.514987
0.576073
0.616391
0.630153
0.629587
0.567068
0.497139
0.483016
0.458912
0.446832
0.464908
0.470231
0.563353
0.64678
0.732316
0.8414
0.910238
0.985525
1.03479
1.07307
1.10342
1.12635
1.14187
1.15157
1.16007
1.16271
1.16911
1.16843
1.17006
1.16938
1.16831
1.16907
1.16926
1.17778
1.18254
0.106926
0.160901
0.107163
0.201969
0.264218
0.339189
0.362723
0.380066
0.383651
0.38307
0.34552
0.247871
0.164917
0.124576
0.0918084
0.131355
0.234106
0.28283
0.34958
0.439463
0.518535
0.622442
0.719919
0.820916
0.903068
0.956393
1.00504
1.05092
1.08702
1.12481
1.14827
1.17167
1.19397
1.21556
1.23563
1.25309
1.26426
1.27486
1.27854
1.28569
0.247762
0.262385
0.276489
0.283187
0.27417
0.269763
0.268943
0.27766
0.294324
0.31605
0.349072
0.379351
0.406992
0.428055
0.444779
0.448802
0.447519
0.432412
0.407462
0.372732
0.330455
0.277489
0.203519
0.135443
0.0943175
0.301325
0.600242
0.626612
0.674336
0.708212
0.750686
0.801254
0.841579
0.900766
0.934784
0.993067
1.02388
1.09013
1.13522
1.21207
1.01498
1.01482
1.01655
1.01698
1.0179
1.01816
1.01873
1.01863
1.01911
1.01907
1.01904
1.01933
1.01881
1.01926
1.01846
1.01872
1.01774
1.01737
1.01599
1.01451
1.01191
1.00843
1.00347
0.996979
0.988674
0.979325
0.972285
0.97165
0.978826
0.990834
1.00203
1.00693
1.00592
1.0056
1.00544
1.00528
1.00515
1.00498
1.00477
1.00463
0.998421
0.998852
0.997715
0.998229
0.997552
0.998237
0.99811
0.998405
0.998582
0.998396
0.998876
0.998412
0.999021
0.998633
0.999063
0.999048
0.99934
0.999757
1.00038
1.0015
1.00317
1.0057
1.00915
1.01333
1.01748
1.02165
1.02389
1.0247
1.02344
1.01617
1.00845
1.00631
1.00628
1.00637
1.00634
1.00623
1.006
1.00558
1.00526
1.00512
1.01313
1.0138
1.01571
1.01631
1.01748
1.01745
1.01836
1.01829
1.01832
1.01871
1.01814
1.01855
1.01772
1.01804
1.01684
1.01697
1.0154
1.01486
1.01284
1.01111
1.00823
1.00518
1.00154
0.998118
0.995402
0.99508
0.997355
1.00167
1.00451
1.00528
1.00548
1.00563
1.00581
1.00587
1.00591
1.00585
1.00593
1.00592
1.00567
1.00557
1.00052
1.00107
1.00021
1.00045
0.999939
1.00038
1.00017
1.00048
1.00064
1.00061
1.00102
1.00102
1.0013
1.00191
1.00199
1.00297
1.0034
1.00482
1.00606
1.00825
1.01054
1.0135
1.01661
1.01959
1.02199
1.02325
1.02386
1.02315
1.0203
1.01644
1.01239
1.00999
1.00899
1.00821
1.00738
1.00698
1.00649
1.00604
1.00588
1.00583
1.01159
1.0128
1.01418
1.01496
1.01594
1.01613
1.01645
1.01686
1.01655
1.01695
1.01644
1.01662
1.01578
1.01586
1.01479
1.01451
1.01308
1.0121
1.01024
1.00849
1.00621
1.00409
1.0022
1.00132
1.0015
1.00236
1.00403
1.00626
1.00713
1.00753
1.00759
1.0075
1.00747
1.00752
1.00729
1.00709
1.00708
1.00669
1.0063
1.00621
1.00269
1.00296
1.00231
1.00258
1.00243
1.00255
1.00277
1.00285
1.00312
1.0033
1.00358
1.00408
1.00431
1.00505
1.0054
1.00649
1.00719
1.00871
1.00991
1.01167
1.01313
1.01483
1.01632
1.01768
1.01864
1.0193
1.01934
1.01855
1.01692
1.0146
1.01276
1.01171
1.01061
1.00934
1.00828
1.00779
1.00725
1.00688
1.00676
1.00654
1.0105
1.01191
1.01292
1.01375
1.01425
1.01487
1.01476
1.0153
1.01504
1.01527
1.01487
1.01489
1.01434
1.01419
1.01334
1.01287
1.01164
1.01073
1.0092
1.00799
1.0064
1.00529
1.00445
1.00419
1.00425
1.00476
1.00604
1.00752
1.00824
1.00864
1.00896
1.00903
1.00908
1.00902
1.00867
1.00826
1.00787
1.00739
1.00713
1.00702
1.00472
1.00454
1.00465
1.00468
1.00488
1.00514
1.00525
1.00554
1.00577
1.00607
1.00644
1.00681
1.00723
1.00788
1.00841
1.0093
1.01008
1.01107
1.01199
1.01304
1.0138
1.01467
1.01553
1.01613
1.01621
1.01608
1.01608
1.01561
1.01434
1.0128
1.012
1.01159
1.01082
1.00956
1.00898
1.00853
1.00813
1.00774
1.00747
1.00733
1.00986
1.01122
1.0118
1.01263
1.01288
1.01357
1.01348
1.01398
1.0138
1.01401
1.01382
1.01384
1.01341
1.01321
1.01257
1.01212
1.01123
1.01053
1.00959
1.00889
1.00811
1.00752
1.00727
1.00742
1.00741
1.00758
1.00846
1.00925
1.00958
1.00975
1.01017
1.01024
1.01022
1.00999
1.00958
1.00906
1.00856
1.00819
1.00794
1.00785
1.00654
1.00641
1.00666
1.00683
1.00716
1.00754
1.00777
1.00806
1.00827
1.00853
1.00885
1.00924
1.00969
1.01016
1.01067
1.01131
1.01191
1.01251
1.01298
1.01351
1.01401
1.01478
1.01525
1.01533
1.01491
1.0144
1.01423
1.01376
1.0128
1.01201
1.0117
1.01135
1.01059
1.01001
1.00973
1.00941
1.00903
1.00849
1.00821
1.00807
1.00953
1.01075
1.01117
1.01192
1.01202
1.01266
1.01266
1.01321
1.01321
1.01347
1.01334
1.01341
1.01311
1.01306
1.01261
1.0124
1.01187
1.01155
1.01101
1.0106
1.0101
1.00975
1.00963
1.00958
1.0094
1.00964
1.0104
1.01081
1.01088
1.01101
1.01125
1.01126
1.01101
1.01052
1.01018
1.00982
1.00935
1.00902
1.00877
1.00865
1.00801
1.00831
1.00861
1.00897
1.00925
1.00954
1.00987
1.01005
1.01034
1.01054
1.01085
1.01121
1.01162
1.01204
1.01244
1.01283
1.01326
1.01366
1.01399
1.01438
1.01485
1.01521
1.01517
1.01471
1.01405
1.01359
1.01334
1.01285
1.01221
1.01189
1.01168
1.01145
1.0111
1.0108
1.0105
1.01014
1.00971
1.00928
1.00902
1.00893
1.00992
1.01061
1.01102
1.01168
1.01185
1.01243
1.01259
1.01314
1.01322
1.01349
1.0135
1.01357
1.01347
1.0135
1.01334
1.01328
1.01309
1.01302
1.01274
1.01246
1.01216
1.01206
1.01202
1.01183
1.01166
1.01181
1.01214
1.01217
1.01216
1.01217
1.01213
1.01188
1.01151
1.01126
1.01091
1.01055
1.01023
1.00986
1.00958
1.00952
1.00927
1.00993
1.01022
1.01072
1.01096
1.01129
1.01151
1.01178
1.01201
1.01232
1.01263
1.01296
1.01327
1.01361
1.01389
1.01424
1.01449
1.01476
1.01497
1.01528
1.01546
1.01549
1.01513
1.01464
1.01427
1.01407
1.01367
1.01317
1.01289
1.0127
1.01251
1.0123
1.01202
1.01177
1.01134
1.0108
1.01051
1.01019
1.00983
1.00962
1.01057
1.01109
1.01153
1.01204
1.01243
1.01292
1.0132
1.01362
1.01375
1.01406
1.01414
1.01432
1.01437
1.01454
1.01455
1.01471
1.01468
1.01469
1.01445
1.01431
1.01411
1.01401
1.01388
1.01384
1.01386
1.01403
1.01414
1.01399
1.01366
1.01339
1.01309
1.01279
1.01263
1.01242
1.01201
1.01147
1.01115
1.01086
1.01064
1.01041
1.0108
1.0113
1.01165
1.01212
1.01242
1.0128
1.01302
1.01341
1.0136
1.01396
1.01411
1.01443
1.01455
1.01487
1.01499
1.01532
1.01544
1.01572
1.01582
1.01609
1.01607
1.01597
1.01559
1.01532
1.01516
1.01508
1.0149
1.01467
1.01439
1.01415
1.01385
1.01346
1.01317
1.01287
1.01239
1.01185
1.01139
1.01106
1.01089
1.01074
1.01156
1.01213
1.01252
1.01309
1.0134
1.0139
1.01411
1.01456
1.01468
1.01507
1.01515
1.01543
1.01549
1.01571
1.01578
1.01604
1.01608
1.01622
1.01612
1.01616
1.01606
1.01597
1.0158
1.01579
1.01587
1.01588
1.0157
1.01539
1.01512
1.01492
1.01468
1.01435
1.01405
1.01365
1.01312
1.01272
1.01225
1.01181
1.01162
1.01155
1.01214
1.01265
1.01306
1.01361
1.0139
1.0144
1.01463
1.01507
1.01523
1.01563
1.01573
1.01611
1.01625
1.01659
1.01678
1.0171
1.0172
1.01742
1.01742
1.01754
1.01734
1.01717
1.01687
1.0168
1.01676
1.01671
1.01641
1.01603
1.01576
1.01556
1.0153
1.01501
1.01471
1.01417
1.01353
1.01312
1.01265
1.01209
1.01188
1.01186
1.01286
1.01341
1.01387
1.01439
1.01475
1.01523
1.01553
1.01597
1.01616
1.01659
1.0167
1.01713
1.01728
1.01765
1.01785
1.01814
1.01824
1.01837
1.01826
1.01831
1.01813
1.01805
1.01785
1.01788
1.01787
1.01776
1.01735
1.01696
1.01673
1.01657
1.01631
1.01606
1.0158
1.0153
1.01469
1.01424
1.01375
1.01321
1.01296
1.01294
1.0136
1.01417
1.01464
1.01519
1.01558
1.01607
1.01641
1.01685
1.01711
1.01757
1.01774
1.01826
1.01846
1.0189
1.01908
1.01932
1.01937
1.01941
1.0193
1.01929
1.0191
1.01902
1.01886
1.01899
1.01893
1.01871
1.01816
1.01783
1.01761
1.0174
1.017
1.01664
1.01627
1.01575
1.01518
1.01464
1.01407
1.01362
1.01341
1.01332
1.01447
1.01507
1.01554
1.0161
1.01652
1.01706
1.01744
1.01792
1.01826
1.01873
1.019
1.01955
1.01978
1.02026
1.02039
1.02057
1.02052
1.02049
1.02036
1.02035
1.02017
1.0201
1.02001
1.02019
1.02004
1.01971
1.01927
1.01915
1.01902
1.01881
1.01841
1.01813
1.01771
1.0172
1.01667
1.01599
1.01524
1.01484
1.01469
1.01458
1.01547
1.01604
1.01654
1.01715
1.01757
1.01819
1.01859
1.01916
1.01958
1.02012
1.02047
1.02102
1.02125
1.0217
1.02172
1.02187
1.02173
1.0217
1.02164
1.02167
1.0215
1.02141
1.0213
1.02131
1.02092
1.02049
1.02015
1.02009
1.01982
1.0195
1.0191
1.01884
1.01832
1.01776
1.01724
1.0166
1.01578
1.01523
1.01505
1.015
1.01655
1.01707
1.01761
1.01821
1.01873
1.01936
1.01982
1.0205
1.02093
1.02156
1.02194
1.02251
1.02269
1.0231
1.02299
1.02314
1.02296
1.0231
1.02316
1.02327
1.02314
1.02308
1.02296
1.02287
1.02239
1.02207
1.02186
1.02182
1.02149
1.02117
1.02085
1.02065
1.02007
1.01949
1.01891
1.01832
1.01752
1.01676
1.0165
1.01658
1.01766
1.01817
1.01885
1.01945
1.02015
1.02077
1.02142
1.02212
1.02258
1.02326
1.02356
1.0241
1.02417
1.02444
1.02425
1.0244
1.02423
1.02457
1.02464
1.02471
1.02446
1.02436
1.02422
1.02405
1.02356
1.0233
1.02309
1.02296
1.02249
1.02218
1.02171
1.02139
1.0208
1.02033
1.01958
1.019
1.01828
1.01752
1.01712
1.01709
1.01892
1.01961
1.02039
1.02114
1.02198
1.02268
1.02346
1.02412
1.02466
1.02521
1.02542
1.02581
1.02576
1.02599
1.02586
1.02614
1.02617
1.02669
1.02665
1.02668
1.02639
1.0265
1.02651
1.02637
1.02597
1.02581
1.02555
1.02532
1.02496
1.02475
1.02414
1.02358
1.02299
1.0226
1.02172
1.02111
1.02038
1.01967
1.01914
1.01898
1.02057
1.02152
1.02239
1.02329
1.02415
1.02493
1.02566
1.02623
1.02668
1.02703
1.02718
1.02747
1.02752
1.02785
1.02785
1.02826
1.0284
1.02886
1.02857
1.02853
1.02833
1.02869
1.02856
1.02826
1.02776
1.02752
1.02712
1.02687
1.02658
1.02624
1.02532
1.02461
1.02407
1.02368
1.02279
1.02204
1.02117
1.02052
1.01994
1.01977
1.02295
1.02411
1.02492
1.02595
1.02667
1.02747
1.028
1.02855
1.02889
1.02925
1.02961
1.03013
1.03054
1.03102
1.0312
1.03178
1.0321
1.03241
1.03201
1.03213
1.03225
1.03272
1.03231
1.03199
1.03149
1.03145
1.03114
1.03081
1.03022
1.02965
1.02863
1.02799
1.02732
1.02671
1.0259
1.02513
1.024
1.02328
1.0227
1.02253
1.02577
1.02681
1.02758
1.02849
1.02906
1.02975
1.03025
1.0309
1.03129
1.03202
1.03254
1.03341
1.03374
1.03414
1.03438
1.0351
1.03528
1.03531
1.03491
1.03529
1.0354
1.03544
1.03463
1.03436
1.03401
1.03411
1.03348
1.03297
1.03212
1.03148
1.03062
1.03016
1.02924
1.02846
1.02746
1.02645
1.02518
1.02444
1.02391
1.02388
1.0286
1.02944
1.03028
1.03117
1.03199
1.03305
1.03375
1.03484
1.03553
1.03677
1.03761
1.03854
1.03875
1.03951
1.04008
1.04098
1.04074
1.04079
1.04062
1.04129
1.04097
1.04072
1.03997
1.03999
1.03942
1.03921
1.03826
1.03788
1.03671
1.0361
1.03526
1.03474
1.03345
1.03237
1.03088
1.02971
1.02839
1.02761
1.02683
1.02649
1.03159
1.03209
1.0334
1.03422
1.03545
1.0365
1.03747
1.03867
1.03967
1.04102
1.04155
1.04223
1.04272
1.04395
1.04457
1.04498
1.04459
1.04502
1.04512
1.0455
1.04482
1.04488
1.04437
1.04435
1.04352
1.04345
1.04267
1.04226
1.04104
1.04073
1.03958
1.03889
1.03745
1.0365
1.03482
1.03363
1.03215
1.03128
1.03038
1.03018
1.03502
1.03615
1.03791
1.03911
1.04078
1.04187
1.04322
1.04488
1.04601
1.0472
1.0474
1.04864
1.04958
1.05087
1.0509
1.05112
1.05106
1.05162
1.05141
1.05141
1.05108
1.05127
1.05073
1.05075
1.05008
1.04979
1.04856
1.04789
1.04663
1.04569
1.04406
1.04325
1.04145
1.04015
1.03808
1.03685
1.03517
1.03421
1.033
1.03255
1.03994
1.04181
1.04354
1.04488
1.04675
1.04814
1.05032
1.0519
1.05279
1.05396
1.05495
1.0569
1.05788
1.05859
1.05872
1.05952
1.06024
1.06114
1.06132
1.06195
1.06152
1.06144
1.06073
1.06061
1.05957
1.05885
1.05736
1.05658
1.05499
1.05401
1.05239
1.05118
1.04929
1.04815
1.04618
1.04476
1.04273
1.04161
1.04001
1.03924
1.04818
1.05069
1.05203
1.05417
1.05597
1.05832
1.0598
1.06105
1.0622
1.06368
1.06556
1.06664
1.0673
1.0678
1.06812
1.06919
1.06894
1.06931
1.06797
1.06756
1.06625
1.06635
1.06556
1.06567
1.06469
1.06431
1.06303
1.06234
1.0609
1.06008
1.0583
1.05727
1.0552
1.05371
1.05134
1.0497
1.04718
1.04559
1.04364
1.0427
1.05803
1.06117
1.06411
1.06654
1.06891
1.07086
1.07257
1.07474
1.07684
1.0792
1.08059
1.08204
1.08312
1.08457
1.08585
1.08754
1.08851
1.08992
1.09018
1.09126
1.09106
1.09169
1.09106
1.09068
1.08916
1.08744
1.08491
1.08272
1.08005
1.07786
1.07515
1.07283
1.06984
1.06719
1.06381
1.06123
1.05828
1.05632
1.05402
1.05289
1.07252
1.07619
1.07831
1.08182
1.08359
1.0871
1.08906
1.09215
1.0934
1.09561
1.09646
1.09832
1.09907
1.10062
1.10086
1.10137
1.10042
1.09956
1.09758
1.09646
1.09478
1.09397
1.09257
1.09142
1.08977
1.08838
1.0867
1.08554
1.08393
1.08284
1.08091
1.07941
1.07683
1.0749
1.07182
1.06965
1.06681
1.06488
1.06225
1.06057
1.09664
1.10219
1.10596
1.11036
1.11329
1.11706
1.11984
1.12305
1.12575
1.12873
1.13137
1.13401
1.13632
1.1386
1.14028
1.14227
1.14404
1.14652
1.14859
1.15082
1.15178
1.15212
1.15097
1.14968
1.14714
1.14492
1.14151
1.13838
1.13425
1.13034
1.12524
1.12033
1.11447
1.10933
1.10303
1.09793
1.09194
1.08773
1.08228
1.07871
1.1452
1.14369
1.14674
1.14772
1.15144
1.15304
1.15633
1.1578
1.16045
1.16148
1.16341
1.1639
1.16523
1.16517
1.16569
1.16468
1.164
1.16174
1.15989
1.15662
1.15419
1.15041
1.14769
1.14379
1.14112
1.1373
1.13455
1.13086
1.12818
1.12475
1.12186
1.11826
1.11506
1.11101
1.10683
1.10181
1.09704
1.09238
1.08892
1.08696
1.19163
1.20508
1.21242
1.22406
1.2285
1.23849
1.24213
1.2511
1.25438
1.26243
1.26527
1.27222
1.27447
1.28037
1.28206
1.28725
1.28869
1.29341
1.29433
1.2979
1.29744
1.29926
1.29686
1.29631
1.29209
1.28935
1.28309
1.27818
1.26997
1.26314
1.25307
1.24454
1.23298
1.2235
1.21153
1.20197
1.19014
1.18042
1.16789
1.15571
1.28736
1.28432
1.29117
1.29514
1.30514
1.30997
1.31979
1.3238
1.3325
1.33515
1.34227
1.34318
1.34839
1.3474
1.35061
1.3481
1.34976
1.3465
1.34677
1.34236
1.33962
1.33301
1.32687
1.3187
1.30987
1.30145
1.29135
1.28289
1.27197
1.26368
1.25218
1.24471
1.23338
1.22718
1.21474
1.20666
1.18838
1.17405
1.15112
1.14026
1.25358
1.30296
1.34435
1.38733
1.42659
1.46495
1.50163
1.53566
1.56854
1.59863
1.62733
1.65318
1.67765
1.69824
1.71755
1.73178
1.74491
1.75242
1.75979
1.76217
1.76546
1.76431
1.76407
1.75947
1.7549
1.74602
1.7359
1.72335
1.70744
1.69119
1.67008
1.65147
1.62603
1.6059
1.57627
1.55256
1.51986
1.49195
1.46095
1.43366
1.0047
1.00515
1.00514
1.00527
1.00545
1.00563
1.00579
1.00595
1.00609
1.00621
1.00632
1.00636
1.00635
1.00633
1.00624
1.0061
1.00582
1.00532
1.00462
1.00384
1.00292
1.00193
1.00058
0.999034
0.997503
0.995929
0.994502
0.993093
0.991938
0.991129
0.990707
0.99059
0.990722
0.991292
0.992044
0.992858
0.993583
0.994245
0.994725
0.994275
1.00503
1.00544
1.00537
1.00561
1.00581
1.00599
1.00619
1.00635
1.00649
1.00665
1.00675
1.00677
1.00677
1.00673
1.00657
1.00638
1.00606
1.00556
1.00507
1.00427
1.00328
1.00181
1.0005
0.999145
0.997544
0.995886
0.99414
0.992705
0.991497
0.990533
0.990043
0.989932
0.990255
0.990674
0.991541
0.992574
0.993556
0.994255
0.994718
0.99435
1.00553
1.00581
1.00567
1.00602
1.00614
1.00639
1.00664
1.00679
1.00695
1.00711
1.00723
1.00736
1.0074
1.00735
1.00724
1.00699
1.00655
1.00597
1.00517
1.00427
1.00317
1.00205
1.00065
0.998995
0.997278
0.995541
0.993948
0.992358
0.991002
0.990041
0.989501
0.989368
0.989664
0.990365
0.991234
0.992369
0.993401
0.994196
0.994672
0.994445
1.00572
1.00592
1.00588
1.00629
1.00643
1.00672
1.00691
1.00706
1.00727
1.00738
1.00756
1.00765
1.00767
1.00758
1.00741
1.00709
1.00663
1.00604
1.00516
1.00434
1.00322
1.00171
1.00016
0.998638
0.997008
0.995205
0.993244
0.991622
0.990306
0.989323
0.988776
0.988665
0.989017
0.989743
0.990811
0.992075
0.993241
0.994161
0.994608
0.994468
1.0061
1.00627
1.00634
1.00677
1.00687
1.00715
1.00736
1.00759
1.00766
1.00781
1.00803
1.00816
1.00823
1.00816
1.00794
1.00762
1.00705
1.00627
1.00532
1.00418
1.00298
1.00174
1.00022
0.998502
0.99655
0.994584
0.99287
0.991211
0.989791
0.988743
0.988141
0.988071
0.988569
0.989404
0.990436
0.99179
0.993141
0.994063
0.994569
0.994459
1.00631
1.00647
1.00655
1.007
1.00698
1.00735
1.00753
1.00775
1.00783
1.00804
1.00813
1.0082
1.00827
1.00818
1.00802
1.00762
1.00701
1.00624
1.00528
1.00422
1.00292
1.00136
0.999642
0.997825
0.99602
0.994153
0.9921
0.990295
0.988887
0.987811
0.987241
0.987194
0.987664
0.988685
0.989931
0.991317
0.992753
0.993762
0.994368
0.994346
1.00684
1.00695
1.0071
1.00751
1.00748
1.00795
1.00804
1.00824
1.00835
1.00844
1.00853
1.00863
1.00861
1.00871
1.00859
1.00821
1.00756
1.00665
1.00548
1.00417
1.00277
1.00137
0.999639
0.997821
0.995717
0.993498
0.991559
0.989821
0.988302
0.987181
0.98663
0.986514
0.987161
0.988258
0.989546
0.991017
0.99258
0.99362
0.994321
0.994366
1.007
1.00719
1.00727
1.00775
1.00769
1.00814
1.00811
1.00841
1.00856
1.00862
1.00865
1.00855
1.00846
1.00854
1.00845
1.00813
1.00753
1.00669
1.00557
1.00429
1.00279
1.00099
0.999147
0.997024
0.994935
0.992888
0.990748
0.988761
0.987171
0.986104
0.985413
0.985564
0.986133
0.987381
0.988851
0.990247
0.991919
0.993067
0.993852
0.994185
1.00764
1.00783
1.00794
1.00839
1.00832
1.0087
1.00869
1.00908
1.00924
1.00925
1.00921
1.00906
1.00891
1.00892
1.00887
1.00867
1.00812
1.00726
1.00594
1.00444
1.00276
1.001
0.999026
0.996956
0.994631
0.9922
0.989931
0.988003
0.986492
0.985246
0.984729
0.984666
0.985457
0.986796
0.988434
0.989868
0.991597
0.992876
0.993847
0.994358
1.00784
1.00802
1.0082
1.00861
1.00852
1.00891
1.00892
1.00934
1.00942
1.00949
1.00945
1.00932
1.00902
1.00882
1.00879
1.00858
1.00812
1.00731
1.00605
1.00454
1.00279
1.00078
0.998537
0.996137
0.993678
0.991337
0.988986
0.987006
0.985194
0.98408
0.983376
0.983652
0.984363
0.985702
0.987492
0.989013
0.990618
0.992161
0.993344
0.994155
1.00842
1.0086
1.00889
1.00921
1.0092
1.00969
1.00964
1.01013
1.0101
1.01029
1.01035
1.01027
1.00985
1.00947
1.00922
1.00888
1.00849
1.00763
1.00646
1.0048
1.00284
1.00058
0.998335
0.995756
0.9932
0.990469
0.988102
0.985682
0.984161
0.982868
0.982469
0.982658
0.983602
0.984926
0.986876
0.988515
0.990195
0.991887
0.993405
0.994391
1.00868
1.00881
1.00905
1.00943
1.00955
1.00985
1.00974
1.01027
1.01022
1.01065
1.01069
1.01065
1.01019
1.0097
1.00928
1.00895
1.00859
1.00774
1.00648
1.00479
1.00281
1.00051
0.997901
0.995178
0.992246
0.989664
0.986799
0.984781
0.98279
0.98165
0.980986
0.981362
0.982243
0.983609
0.985589
0.987359
0.989156
0.990786
0.992715
0.994016
1.00939
1.00951
1.00977
1.01018
1.01021
1.01048
1.01037
1.01106
1.01097
1.01123
1.01117
1.01151
1.01116
1.01057
1.00997
1.0094
1.00861
1.00766
1.00648
1.0048
1.00269
1.00013
0.997275
0.994277
0.991427
0.988185
0.985787
0.982994
0.98123
0.980122
0.979761
0.980087
0.981138
0.982662
0.984831
0.986809
0.988855
0.99044
0.992783
0.994263
1.00954
1.00974
1.01008
1.01051
1.01056
1.0106
1.01058
1.01126
1.01108
1.01122
1.01097
1.01142
1.01144
1.01106
1.0105
1.00972
1.00888
1.00791
1.00659
1.00477
1.00254
0.999747
0.996988
0.993824
0.990423
0.98756
0.984165
0.981935
0.979976
0.978661
0.978101
0.978482
0.979556
0.98106
0.983194
0.985349
0.98774
0.989581
0.991927
0.993643
1.01026
1.0106
1.01106
1.01143
1.01148
1.0114
1.01149
1.01206
1.01189
1.01195
1.0114
1.01172
1.01162
1.0115
1.01094
1.00997
1.00894
1.00769
1.00612
1.00412
1.00182
0.9992
0.996006
0.992499
0.989376
0.98555
0.982969
0.979952
0.978022
0.976821
0.976365
0.97691
0.97823
0.97993
0.982242
0.984708
0.987322
0.989368
0.991973
0.99403
1.01048
1.01089
1.01119
1.01166
1.01162
1.01157
1.01161
1.01202
1.01206
1.01233
1.01184
1.01182
1.01157
1.01168
1.01131
1.01048
1.00935
1.00798
1.00628
1.00425
1.00185
0.998695
0.99535
0.991929
0.987899
0.984825
0.981087
0.978669
0.976415
0.974997
0.974517
0.974881
0.976176
0.977972
0.980332
0.982905
0.985751
0.987991
0.990655
0.993184
1.01134
1.0115
1.01192
1.01246
1.01256
1.01259
1.01253
1.01278
1.01298
1.01329
1.01281
1.01267
1.01217
1.01185
1.01132
1.01051
1.00942
1.00785
1.00583
1.00351
1.00071
0.997717
0.994278
0.9904
0.987056
0.982556
0.979758
0.97623
0.974071
0.9728
0.972462
0.972958
0.974516
0.97657
0.979193
0.982035
0.985215
0.987477
0.990728
0.993661
1.01169
1.01178
1.01217
1.01266
1.01282
1.01292
1.01286
1.01302
1.01311
1.01358
1.01333
1.01324
1.01257
1.01206
1.01139
1.01066
1.00944
1.00769
1.00579
1.00336
1.00061
0.997189
0.993476
0.9897
0.984783
0.98158
0.977148
0.974601
0.972006
0.97059
0.970169
0.970587
0.972062
0.974148
0.976854
0.979648
0.983114
0.985528
0.989361
0.992499
1.01284
1.01291
1.01325
1.01372
1.01403
1.01435
1.01434
1.01438
1.0143
1.01434
1.01418
1.01439
1.01369
1.01309
1.01211
1.01105
1.00956
1.0079
1.00556
1.0029
0.999586
0.996104
0.992141
0.987621
0.983927
0.978739
0.97572
0.971604
0.969381
0.968147
0.967651
0.96831
0.969954
0.972464
0.975422
0.978543
0.982568
0.984955
0.989315
0.992935
1.01321
1.01332
1.01356
1.01394
1.01421
1.01441
1.01452
1.01473
1.01451
1.01429
1.01403
1.01424
1.01355
1.01299
1.01183
1.01063
1.00919
1.00728
1.00505
1.00208
0.99872
0.994875
0.990532
0.986342
0.980883
0.977389
0.972214
0.969484
0.966604
0.964715
0.964711
0.965258
0.966837
0.969343
0.972464
0.975727
0.97995
0.98262
0.987089
0.991088
1.01453
1.01462
1.01486
1.01515
1.01534
1.0156
1.01594
1.01627
1.0162
1.01582
1.01556
1.01533
1.0146
1.01414
1.01303
1.01186
1.00996
1.00781
1.00493
1.00174
0.998186
0.99393
0.989308
0.984089
0.979706
0.973745
0.970455
0.965775
0.96355
0.96227
0.961413
0.962356
0.964209
0.967167
0.970635
0.974204
0.979194
0.982058
0.986561
0.99121
1.01487
1.01493
1.01515
1.01535
1.01553
1.01578
1.01599
1.01618
1.01604
1.0158
1.01544
1.01499
1.01419
1.01374
1.01251
1.01102
1.00908
1.00664
1.00398
1.00078
0.996584
0.992002
0.986782
0.981877
0.975801
0.971865
0.965962
0.962999
0.959616
0.957434
0.957577
0.95841
0.960288
0.963164
0.966818
0.970631
0.975664
0.979083
0.983604
0.988444
1.01648
1.0166
1.01684
1.01708
1.01739
1.01779
1.01787
1.01791
1.01775
1.01791
1.01766
1.017
1.01624
1.01538
1.01382
1.01232
1.01007
1.00745
1.00408
1.00013
0.995783
0.990653
0.985503
0.979551
0.974251
0.967666
0.963546
0.958216
0.955887
0.954204
0.953547
0.954807
0.957018
0.960205
0.964602
0.968448
0.974471
0.978247
0.983076
0.988492
1.01697
1.01708
1.0173
1.01749
1.01775
1.01801
1.01801
1.01803
1.01774
1.01771
1.01727
1.01664
1.01581
1.01486
1.01311
1.01147
1.00902
1.00608
1.0028
0.998692
0.993588
0.988367
0.982038
0.976171
0.969151
0.964192
0.957917
0.954504
0.950372
0.948612
0.948554
0.949388
0.951789
0.955085
0.959616
0.963685
0.969775
0.97425
0.979318
0.984979
1.01897
1.01919
1.01953
1.01968
1.01999
1.02015
1.02029
1.02048
1.02032
1.02025
1.01956
1.01913
1.01813
1.01691
1.01487
1.01275
1.00971
1.00637
1.00229
0.997435
0.992434
0.986031
0.980229
0.973046
0.966659
0.959482
0.954277
0.948223
0.945576
0.94403
0.943444
0.945064
0.947598
0.951326
0.956731
0.960912
0.967945
0.972914
0.978567
0.984853
1.0196
1.01972
1.01995
1.02004
1.02026
1.02027
1.02028
1.02026
1.02004
1.01988
1.01932
1.01864
1.01726
1.01576
1.01365
1.01137
1.00844
1.00489
1.00072
0.995577
0.989179
0.983081
0.975194
0.968334
0.959976
0.95406
0.946823
0.943024
0.93849
0.936288
0.936119
0.937504
0.940289
0.944656
0.95003
0.95461
0.96174
0.967458
0.97353
0.980222
1.02228
1.0224
1.02256
1.02278
1.02303
1.02316
1.02309
1.02318
1.02299
1.02288
1.02189
1.02116
1.01932
1.01796
1.01558
1.01277
1.00908
1.0047
0.999617
0.993589
0.987289
0.979624
0.97269
0.963709
0.956227
0.947974
0.941753
0.934598
0.931745
0.930132
0.930253
0.931891
0.93529
0.939941
0.946108
0.951184
0.959278
0.965547
0.972314
0.979866
1.02367
1.02328
1.0236
1.02329
1.02387
1.02364
1.02385
1.02334
1.02312
1.02241
1.02148
1.02043
1.01862
1.01677
1.01383
1.0108
1.00685
1.00242
0.996659
0.990289
0.982459
0.975262
0.965152
0.956919
0.947125
0.939578
0.931445
0.927116
0.922091
0.919525
0.919318
0.921608
0.924877
0.930772
0.936954
0.94291
0.950983
0.958005
0.965246
0.973359
1.02618
1.02657
1.02667
1.02691
1.02723
1.0273
1.02719
1.02689
1.02655
1.02569
1.02465
1.0233
1.02138
1.0193
1.01594
1.01236
1.00749
1.00155
0.995484
0.987434
0.979943
0.969553
0.961227
0.949891
0.941354
0.931695
0.924114
0.915837
0.912954
0.911067
0.911715
0.91399
0.918378
0.924676
0.931766
0.938515
0.947825
0.955579
0.963568
0.972682
1.02978
1.02972
1.02974
1.02953
1.02952
1.029
1.02882
1.02821
1.0275
1.02634
1.02492
1.02296
1.02036
1.01738
1.01362
1.00949
1.0035
0.997892
0.989611
0.981605
0.971416
0.96222
0.949781
0.939875
0.928196
0.91857
0.909332
0.904394
0.898966
0.895846
0.896413
0.899389
0.904326
0.911274
0.91896
0.927107
0.936583
0.945088
0.953725
0.963482
1.03201
1.03218
1.0322
1.03243
1.03234
1.03207
1.03177
1.03131
1.03064
1.02931
1.0277
1.02561
1.02302
1.01973
1.01533
1.00973
1.00341
0.995458
0.987489
0.976578
0.967134
0.953533
0.94283
0.92934
0.918652
0.907175
0.897831
0.889901
0.885126
0.883931
0.885451
0.889309
0.895016
0.90321
0.912258
0.921267
0.93235
0.942036
0.951662
0.962885
1.03824
1.03776
1.03728
1.03702
1.03666
1.03639
1.0357
1.03477
1.03323
1.03147
1.02929
1.02638
1.02237
1.01795
1.01182
1.00579
0.997115
0.988812
0.976894
0.967087
0.952336
0.940701
0.925517
0.913167
0.898835
0.887172
0.877045
0.869345
0.864576
0.861998
0.863863
0.868142
0.874718
0.883919
0.893884
0.904478
0.91633
0.927229
0.93801
0.949809
1.04137
1.04084
1.04033
1.03999
1.03954
1.03899
1.03823
1.03709
1.03532
1.03314
1.03032
1.02673
1.02259
1.01684
1.01069
1.00215
0.993708
0.982077
0.971644
0.956547
0.944098
0.927114
0.912917
0.896387
0.882607
0.869063
0.857395
0.850025
0.844894
0.844525
0.84702
0.853718
0.861475
0.872591
0.885128
0.897244
0.910794
0.922846
0.936037
0.948216
1.05124
1.05034
1.0492
1.0484
1.04737
1.04629
1.04477
1.04316
1.04064
1.03795
1.03334
1.02879
1.02163
1.01539
1.00546
0.996652
0.983055
0.971556
0.954476
0.940209
0.92081
0.904415
0.885048
0.869043
0.851368
0.836683
0.825951
0.816173
0.812609
0.811237
0.816292
0.82334
0.831458
0.844547
0.858124
0.872234
0.886822
0.901839
0.916261
0.929946
1.05858
1.05731
1.05535
1.05385
1.052
1.0502
1.04801
1.04486
1.04172
1.03678
1.03235
1.02498
1.0186
1.00826
0.999165
0.98518
0.972644
0.955186
0.939331
0.919457
0.900911
0.879827
0.860624
0.840018
0.821645
0.805638
0.792044
0.78707
0.781253
0.784015
0.787714
0.800415
0.812383
0.828348
0.846217
0.862436
0.880656
0.89441
0.913556
0.928935
1.07459
1.07271
1.06974
1.06813
1.06431
1.06219
1.05696
1.05396
1.04687
1.04244
1.03317
1.02656
1.01418
1.004
0.987546
0.973117
0.952642
0.934075
0.910451
0.88855
0.86293
0.838832
0.812805
0.78986
0.768806
0.751565
0.742033
0.73005
0.730602
0.731668
0.742531
0.75487
0.767374
0.784512
0.806501
0.826272
0.847591
0.867292
0.885766
0.905855
1.08645
1.08469
1.08347
1.07896
1.0754
1.06889
1.06415
1.0561
1.04982
1.0397
1.03074
1.0172
1.00397
0.98604
0.967829
0.945674
0.922796
0.897295
0.870767
0.842721
0.813226
0.784779
0.756915
0.732158
0.710549
0.694891
0.67845
0.677806
0.67618
0.686054
0.694497
0.720692
0.74184
0.762907
0.789031
0.812496
0.839862
0.861135
0.884165
0.901219
1.14067
1.13152
1.11657
1.10911
1.09645
1.09087
1.07899
1.07226
1.05781
1.04678
1.02793
1.01136
0.98749
0.96491
0.93608
0.908043
0.875094
0.842926
0.806773
0.770963
0.733832
0.700359
0.666095
0.638238
0.61376
0.590632
0.586585
0.580245
0.588854
0.599828
0.620205
0.640013
0.673705
0.7007
0.73233
0.759776
0.79318
0.819977
0.858441
0.883558
1.13166
1.12738
1.12634
1.12477
1.12047
1.11443
1.10082
1.08601
1.06269
1.03989
1.00878
0.97958
0.942352
0.907471
0.864969
0.82463
0.778158
0.734277
0.687982
0.645517
0.603476
0.564645
0.525622
0.500128
0.468544
0.470081
0.464445
0.476866
0.500241
0.535742
0.567708
0.611614
0.652458
0.694763
0.737649
0.776242
0.811078
0.841358
0.869052
0.897061
1.40206
1.37712
1.33293
1.29844
1.24546
1.20409
1.14641
1.10289
1.04228
0.997839
0.935016
0.889793
0.824538
0.778437
0.710517
0.663293
0.592991
0.545889
0.475772
0.43084
0.367491
0.323024
0.283916
0.240333
0.241089
0.298186
0.297016
0.354069
0.401425
0.455836
0.52865
0.569824
0.651775
0.696915
0.772135
0.815727
0.884629
0.926104
0.986407
1.0219
0.999994
1
1
1
1
1
0.999999
0.999999
0.999999
0.999999
0.999999
0.999999
1
1
1
1
1
1
1
1
1
1
1
1
1
1
1
1
1
1
1
1
1
1
1
1
1
1
1
0.999991
1
1.00001
1.00001
1.00001
1.00001
1.00001
1.00001
1.00001
1.00001
1.00001
1.00001
1.00001
1.00001
1.00001
1
1
1
1
0.999999
0.999997
0.999996
0.999994
0.999993
0.999991
0.99999
0.999988
0.999986
0.999985
0.999984
0.999983
0.999982
0.999981
0.999981
0.99998
0.99998
0.99998
0.999981
0.999982
0.999984
0.999966
1.00001
1.00003
1.00002
1.00002
1.00002
1.00002
1.00002
1.00002
1.00002
1.00003
1.00003
1.00003
1.00003
1.00003
1.00003
1.00003
1.00003
1.00003
1.00003
1.00002
1.00002
1.00002
1.00001
1.00001
1
0.999995
0.999989
0.999983
0.999977
0.999972
0.999967
0.999962
0.999959
0.999957
0.999956
0.999955
0.999954
0.999954
0.999956
0.999929
1.00004
1.00006
1.00006
1.00005
1.00005
1.00005
1.00005
1.00005
1.00005
1.00004
1.00004
1.00004
1.00004
1.00004
1.00004
1.00004
1.00003
1.00003
1.00002
1.00002
1.00001
1
0.999995
0.999985
0.999976
0.999966
0.999957
0.999946
0.999937
0.999929
0.999922
0.999916
0.999911
0.999907
0.999903
0.999902
0.999901
0.999902
0.999908
0.999866
1.00006
1.0001
1.00009
1.00009
1.00009
1.00009
1.00009
1.00009
1.00009
1.00009
1.00009
1.0001
1.0001
1.0001
1.00009
1.00009
1.00008
1.00008
1.00007
1.00005
1.00004
1.00002
1
0.999988
0.999967
0.999947
0.999926
0.999908
0.999892
0.999877
0.999865
0.999856
0.999849
0.999845
0.999843
0.999841
0.999841
0.999843
0.99985
0.999797
1.00009
1.00014
1.00013
1.00013
1.00013
1.00012
1.00012
1.00012
1.00012
1.00012
1.00012
1.00012
1.00012
1.00012
1.00011
1.0001
1.0001
1.00009
1.00008
1.00006
1.00004
1.00002
1
0.999983
0.999959
0.999935
0.999911
0.999887
0.999865
0.999845
0.999827
0.999811
0.999797
0.999787
0.999778
0.999774
0.99977
0.999771
0.999781
0.999721
1.00014
1.00021
1.0002
1.0002
1.0002
1.0002
1.0002
1.0002
1.00021
1.00021
1.00021
1.00022
1.00022
1.00021
1.00021
1.00021
1.00019
1.00018
1.00016
1.00014
1.00011
1.00008
1.00005
1.00001
0.999965
0.999924
0.999884
0.999846
0.999811
0.999778
0.99975
0.999727
0.99971
0.999698
0.99969
0.999686
0.999684
0.999685
0.999693
0.999613
1.00018
1.00027
1.00026
1.00026
1.00026
1.00026
1.00027
1.00027
1.00027
1.00027
1.00027
1.00027
1.00027
1.00027
1.00026
1.00025
1.00023
1.00022
1.00019
1.00016
1.00013
1.00009
1.00004
0.99999
0.999942
0.999892
0.999844
0.999797
0.999754
0.999715
0.999681
0.999653
0.999629
0.999611
0.999598
0.999593
0.99959
0.999592
0.999604
0.999512
1.00023
1.00035
1.00034
1.00034
1.00034
1.00035
1.00035
1.00036
1.00036
1.00036
1.00036
1.00037
1.00036
1.00036
1.00035
1.00034
1.00032
1.0003
1.00027
1.00023
1.00019
1.00014
1.00008
1.00002
0.999957
0.999893
0.99983
0.999773
0.999718
0.999667
0.999622
0.999586
0.999557
0.999534
0.999518
0.999506
0.999502
0.999499
0.999506
0.999399
1.0003
1.00044
1.00044
1.00044
1.00045
1.00045
1.00045
1.00046
1.00046
1.00047
1.00047
1.00046
1.00046
1.00045
1.00044
1.00042
1.00039
1.00036
1.00031
1.00026
1.0002
1.00014
1.00006
0.999991
0.999916
0.99984
0.999766
0.999694
0.999627
0.999567
0.999515
0.999471
0.999435
0.999407
0.999387
0.999374
0.99937
0.999369
0.999381
0.999245
1.00035
1.0005
1.00048
1.00048
1.00048
1.00048
1.00049
1.00049
1.0005
1.0005
1.0005
1.0005
1.00049
1.00049
1.00047
1.00045
1.00042
1.00038
1.00033
1.00028
1.00021
1.00014
1.00006
0.999969
0.999877
0.999785
0.999696
0.999616
0.999539
0.999469
0.999408
0.999356
0.999316
0.999286
0.999266
0.999254
0.999252
0.99925
0.999255
0.999114
1.00042
1.00057
1.00056
1.00055
1.00056
1.00055
1.00055
1.00055
1.00055
1.00055
1.00054
1.00053
1.00053
1.0005
1.00048
1.00044
1.0004
1.00034
1.00028
1.00021
1.00013
1.00004
0.999951
0.999854
0.999757
0.999661
0.999566
0.999472
0.999389
0.999317
0.999256
0.999205
0.999165
0.999136
0.999113
0.999105
0.999101
0.999104
0.999115
0.998941
1.00049
1.00066
1.00065
1.00066
1.00065
1.00065
1.00065
1.00065
1.00065
1.00065
1.00065
1.00065
1.00063
1.00061
1.00058
1.00054
1.00049
1.00043
1.00036
1.00027
1.00018
1.00008
0.999973
0.999856
0.999733
0.999612
0.999496
0.999393
0.999298
0.999213
0.99914
0.99908
0.999037
0.999006
0.998989
0.998974
0.998972
0.998974
0.99898
0.998792
1.00058
1.00078
1.00077
1.00077
1.00077
1.00078
1.00078
1.00079
1.00079
1.0008
1.0008
1.0008
1.00079
1.00077
1.00074
1.0007
1.00065
1.00059
1.00051
1.00042
1.00032
1.0002
1.00007
0.999939
0.999805
0.999669
0.999533
0.999397
0.999274
0.999166
0.999074
0.998999
0.998938
0.998894
0.998864
0.99885
0.998844
0.998846
0.998857
0.998653
1.00069
1.0009
1.0009
1.00091
1.00091
1.00092
1.00093
1.00095
1.00097
1.00098
1.001
1.001
1.001
1.00099
1.00097
1.00093
1.00089
1.00081
1.00074
1.00063
1.00051
1.00037
1.00021
1.00004
0.999858
0.999676
0.999503
0.999344
0.999199
0.99907
0.998958
0.998865
0.998797
0.998746
0.998716
0.998698
0.998693
0.998693
0.998706
0.998496
1.00076
1.00101
1.001
1.001
1.00101
1.00102
1.00104
1.00105
1.00106
1.00107
1.00109
1.00109
1.00108
1.00106
1.00103
1.00098
1.00092
1.00085
1.00075
1.00063
1.00049
1.00034
1.00017
0.999988
0.999808
0.999624
0.99944
0.999258
0.999094
0.998949
0.998828
0.998733
0.998658
0.998605
0.998571
0.998552
0.998548
0.998554
0.998566
0.998337
1.00085
1.00109
1.00108
1.00108
1.00108
1.00108
1.00109
1.00109
1.0011
1.0011
1.00111
1.00109
1.00107
1.00105
1.001
1.00095
1.00087
1.00079
1.00068
1.00054
1.00039
1.00022
1.00003
0.99983
0.999616
0.999408
0.999211
0.99904
0.998878
0.998742
0.998625
0.998528
0.998457
0.99841
0.998378
0.998369
0.998374
0.998383
0.998398
0.998147
1.00092
1.00119
1.00117
1.00118
1.00116
1.00118
1.00119
1.00119
1.00119
1.0012
1.00119
1.00118
1.00115
1.0011
1.00105
1.00098
1.0009
1.00079
1.00065
1.00049
1.00031
1.00012
0.999912
0.9997
0.999488
0.999275
0.999064
0.998857
0.998682
0.998525
0.998397
0.998304
0.998236
0.998196
0.998179
0.998181
0.998186
0.99821
0.99823
0.997962
1.00102
1.0013
1.00129
1.00128
1.0013
1.0013
1.0013
1.00131
1.00132
1.00134
1.00133
1.00132
1.00131
1.00127
1.00122
1.00116
1.00108
1.00097
1.00085
1.0007
1.00051
1.0003
1.00006
0.999795
0.999538
0.999284
0.999044
0.998822
0.998615
0.998444
0.998303
0.998189
0.99811
0.998061
0.998036
0.998028
0.998048
0.998069
0.9981
0.99782
1.00115
1.00147
1.00148
1.00149
1.00149
1.00151
1.00154
1.00156
1.00158
1.0016
1.00161
1.00161
1.00159
1.00156
1.00152
1.00146
1.00136
1.00122
1.00105
1.00085
1.00064
1.0004
1.00015
0.999895
0.999609
0.999322
0.999047
0.998794
0.998568
0.99837
0.998205
0.998084
0.997997
0.997943
0.997915
0.997929
0.997932
0.997959
0.997974
0.997674
1.00126
1.00159
1.00159
1.00159
1.00161
1.00163
1.00164
1.00166
1.00167
1.00169
1.0017
1.00169
1.00168
1.00164
1.00157
1.00151
1.00142
1.00129
1.00114
1.00094
1.00072
1.00046
1.00017
0.999861
0.999547
0.999234
0.998935
0.998672
0.998409
0.998222
0.998055
0.99793
0.997848
0.997799
0.997768
0.997744
0.99779
0.997823
0.997858
0.997544
1.00133
1.00167
1.00168
1.00168
1.00168
1.0017
1.00172
1.00173
1.00175
1.00177
1.00177
1.00176
1.00173
1.0017
1.00163
1.00155
1.00141
1.00126
1.00107
1.00086
1.0006
1.00031
0.999997
0.999666
0.999328
0.998997
0.99868
0.99838
0.998152
0.997915
0.997747
0.997618
0.997533
0.9975
0.997493
0.997555
0.997565
0.997616
0.99766
0.997343
1.00141
1.00178
1.00177
1.00177
1.00178
1.00179
1.0018
1.00182
1.00184
1.00184
1.00185
1.00184
1.00182
1.00177
1.0017
1.00161
1.0015
1.00135
1.00117
1.00096
1.00069
1.00038
1.00003
0.999655
0.999291
0.998924
0.998565
0.998238
0.997937
0.997704
0.997514
0.997399
0.997332
0.997304
0.997312
0.997314
0.997371
0.997437
0.997487
0.997151
1.00152
1.0019
1.00191
1.00192
1.00195
1.00197
1.002
1.00202
1.00206
1.00208
1.00209
1.00209
1.00206
1.00204
1.00198
1.00188
1.00171
1.00157
1.00132
1.00106
1.00074
1.0004
1.00003
0.999653
0.999253
0.998854
0.998472
0.998128
0.997834
0.997592
0.99741
0.997267
0.997171
0.997127
0.997132
0.997205
0.997251
0.997318
0.997366
0.997007
1.00168
1.0021
1.00211
1.00213
1.00215
1.00218
1.00221
1.00224
1.00227
1.00229
1.0023
1.00229
1.0023
1.00224
1.00216
1.00209
1.00195
1.00176
1.00154
1.00127
1.00096
1.00059
1.00018
0.999742
0.999287
0.998845
0.998427
0.998037
0.997705
0.997418
0.997208
0.997073
0.996994
0.996972
0.996988
0.997048
0.997105
0.997185
0.997242
0.996873
1.00177
1.00218
1.00219
1.00221
1.00223
1.00226
1.0023
1.00235
1.00239
1.00242
1.00244
1.00245
1.00241
1.00237
1.00232
1.0022
1.00198
1.00183
1.00154
1.00124
1.00087
1.00047
1.00002
0.999555
0.999085
0.998613
0.998158
0.997761
0.997415
0.997146
0.996932
0.996796
0.996727
0.996701
0.996727
0.996793
0.996896
0.996994
0.997059
0.996677
1.0019
1.00233
1.00235
1.00237
1.00241
1.00245
1.00249
1.00254
1.00258
1.0026
1.00261
1.0026
1.00259
1.00254
1.00246
1.00241
1.00221
1.00198
1.00173
1.0014
1.00104
1.0006
1.00012
0.999589
0.999037
0.998499
0.998006
0.997554
0.997163
0.996845
0.996627
0.996478
0.9964
0.99641
0.996431
0.996564
0.996645
0.996752
0.996848
0.996464
1.00202
1.00247
1.00248
1.00251
1.00256
1.0026
1.00267
1.00272
1.00277
1.00281
1.00285
1.00285
1.00283
1.00276
1.00268
1.00257
1.00235
1.00215
1.00182
1.00146
1.00101
1.00053
0.999997
0.999445
0.998878
0.998316
0.997771
0.997291
0.9969
0.996579
0.996345
0.996216
0.996177
0.996191
0.996246
0.996289
0.996445
0.996576
0.996661
0.996268
1.00222
1.00269
1.00272
1.00276
1.0028
1.00288
1.00295
1.00301
1.00306
1.0031
1.0031
1.00309
1.00307
1.003
1.00292
1.00285
1.00265
1.00239
1.00208
1.00169
1.00125
1.00072
1.00015
0.999518
0.998871
0.998231
0.997638
0.997111
0.996654
0.996305
0.996053
0.995902
0.995835
0.995885
0.995909
0.996067
0.996197
0.996342
0.996467
0.99607
1.00237
1.00284
1.00286
1.0029
1.00297
1.00303
1.0031
1.00317
1.00323
1.00328
1.00332
1.00333
1.00331
1.00323
1.00311
1.00302
1.00279
1.00253
1.00216
1.00172
1.00122
1.00065
1.00001
0.999353
0.998659
0.997984
0.997342
0.996772
0.996325
0.995955
0.995718
0.995584
0.995562
0.995616
0.995696
0.995782
0.99597
0.996132
0.996258
0.995863
1.00257
1.00307
1.00311
1.00316
1.00322
1.0033
1.00338
1.00345
1.00351
1.00356
1.00357
1.00357
1.00353
1.00347
1.00335
1.00327
1.00308
1.00278
1.00241
1.00198
1.00144
1.00082
1.00015
0.999406
0.998658
0.997902
0.997198
0.996569
0.996032
0.995637
0.995354
0.995206
0.995165
0.995249
0.995324
0.995473
0.995677
0.99588
0.996044
0.995651
1.00273
1.00322
1.00325
1.00331
1.00338
1.00348
1.00355
1.00363
1.0037
1.00376
1.0038
1.00381
1.00377
1.00369
1.00356
1.00346
1.00323
1.00293
1.0025
1.00199
1.00142
1.00076
1.00001
0.999224
0.998391
0.997592
0.996835
0.996178
0.99566
0.995258
0.995008
0.994879
0.994865
0.99496
0.995058
0.995239
0.99545
0.995669
0.995844
0.995442
1.00297
1.00348
1.00352
1.00358
1.00366
1.00376
1.00384
1.00393
1.00399
1.00405
1.00407
1.00407
1.00404
1.00398
1.00382
1.00375
1.00354
1.0032
1.00279
1.00228
1.00167
1.00096
1.00017
0.999319
0.998439
0.997544
0.996714
0.995965
0.995353
0.994904
0.9946
0.994457
0.994437
0.994527
0.99469
0.994877
0.995161
0.995418
0.995642
0.99526
1.00312
1.00363
1.00368
1.00374
1.00383
1.00392
1.00402
1.00411
1.00419
1.00425
1.00429
1.0043
1.00426
1.00418
1.00407
1.00394
1.0037
1.00336
1.00288
1.00232
1.00165
1.00089
1.00003
0.999105
0.998138
0.997209
0.996322
0.995553
0.994928
0.994489
0.994244
0.99411
0.994125
0.994258
0.994404
0.994662
0.994934
0.99524
0.995476
0.995072
1.00337
1.00389
1.00394
1.00401
1.0041
1.00422
1.00432
1.00442
1.00451
1.00456
1.00459
1.00459
1.00457
1.00448
1.00433
1.00425
1.00403
1.00364
1.0032
1.00262
1.00194
1.00113
1.00022
0.999239
0.998204
0.997145
0.996174
0.995307
0.994601
0.994097
0.993781
0.993664
0.99363
0.993757
0.993991
0.994301
0.994638
0.99498
0.995287
0.994907
1.00351
1.00403
1.00409
1.00416
1.00426
1.00438
1.00449
1.00459
1.00468
1.00476
1.00481
1.00482
1.00479
1.00473
1.0046
1.00445
1.0042
1.00381
1.00329
1.00267
1.00192
1.00105
1.00008
0.998999
0.997881
0.996796
0.995754
0.994845
0.994114
0.993625
0.993379
0.993243
0.993307
0.993469
0.99373
0.994061
0.994465
0.99484
0.995161
0.994743
1.00377
1.0043
1.00435
1.00443
1.00454
1.00467
1.00479
1.0049
1.00501
1.00508
1.00512
1.00512
1.00508
1.005
1.00489
1.00477
1.00454
1.00415
1.00364
1.003
1.00222
1.00133
1.00028
0.999169
0.997972
0.996746
0.995619
0.994609
0.993767
0.99319
0.992899
0.992782
0.992765
0.992943
0.993275
0.993739
0.994141
0.9946
0.995004
0.994621
1.0039
1.00442
1.00448
1.00457
1.00469
1.00482
1.00495
1.00507
1.00518
1.00528
1.00533
1.00535
1.00533
1.00526
1.00514
1.00499
1.00471
1.0043
1.00375
1.00307
1.00222
1.00125
1.00015
0.998926
0.99763
0.996355
0.995142
0.994102
0.993229
0.992661
0.992408
0.992309
0.992357
0.992644
0.993017
0.993513
0.994055
0.994534
0.994944
0.994464
1.00422
1.00473
1.00478
1.00488
1.00502
1.00517
1.00531
1.00544
1.00556
1.00566
1.0057
1.00571
1.00568
1.00562
1.00551
1.00536
1.00509
1.00467
1.0041
1.0034
1.00255
1.00154
1.0004
0.999111
0.997745
0.99634
0.995049
0.993859
0.992866
0.992176
0.991878
0.991736
0.991802
0.9921
0.992625
0.993197
0.993755
0.99432
0.994829
0.994391
1.00413
1.00469
1.00482
1.00494
1.00507
1.00523
1.00538
1.00552
1.00565
1.00576
1.00582
1.00585
1.00583
1.00578
1.00567
1.00552
1.00524
1.0048
1.00423
1.00347
1.00254
1.00147
1.00023
0.998833
0.997356
0.995908
0.994465
0.993294
0.992297
0.991585
0.991279
0.991221
0.99139
0.991748
0.992305
0.993114
0.99378
0.994404
0.994813
0.994233
1.01041
1.00437
1.00619
1.00516
1.0059
1.00587
1.00606
1.00618
1.00629
1.00636
1.00639
1.00632
1.00621
1.00599
1.00557
1.0053
1.00518
1.00488
1.00438
1.0038
1.00314
1.002
1.00017
0.998539
0.996592
0.994509
0.992024
0.98898
0.98635
0.984447
0.983482
0.984295
0.987426
0.991788
0.99355
0.994306
0.99667
0.999374
1.00022
1.00153
1.00983
1.00463
1.00621
1.00428
1.0055
1.00514
1.00539
1.00559
1.00551
1.00561
1.00562
1.0056
1.00556
1.00551
1.00543
1.00521
1.00485
1.00425
1.00357
1.00302
1.00213
1.00085
0.999328
0.998048
0.99656
0.994829
0.992859
0.990621
0.98878
0.987443
0.986718
0.987382
0.989269
0.993882
0.99517
0.996442
0.995337
0.997482
0.997255
1.00046
1.0085
1.00442
1.00529
1.00376
1.00502
1.00431
1.00491
1.0048
1.00491
1.00508
1.00516
1.00525
1.00519
1.00502
1.00487
1.00473
1.00414
1.00345
1.00287
1.0024
1.00164
1.00049
0.999227
0.998149
0.996884
0.995438
0.993777
0.992062
0.990726
0.98987
0.989181
0.989753
0.990362
0.994529
0.995543
0.998238
0.995444
0.997231
0.994693
0.997981
1.00713
1.00349
1.00428
1.00349
1.00462
1.00392
1.00479
1.0045
1.00489
1.00505
1.00531
1.00539
1.00522
1.00488
1.00455
1.00428
1.00378
1.00309
1.00241
1.00189
1.00126
1.00047
0.999575
0.998585
0.997451
0.996219
0.99476
0.993348
0.992289
0.991706
0.990873
0.991401
0.991242
0.994694
0.995497
0.998949
0.99613
0.998435
0.993014
0.994697
1.00377
1.00273
1.00397
1.0034
1.00435
1.00387
1.0048
1.0047
1.00523
1.00541
1.00556
1.00546
1.00516
1.00475
1.00437
1.00417
1.00374
1.00287
1.00204
1.00155
1.00107
1.00045
0.999672
0.998764
0.997779
0.996746
0.995655
0.994581
0.993671
0.993154
0.992334
0.992839
0.99237
0.994999
0.995242
0.999002
0.996573
0.999583
0.991764
0.99319
1.00107
1.0029
1.00403
1.00342
1.00418
1.00379
1.00489
1.0049
1.00542
1.00544
1.00547
1.00527
1.00489
1.0044
1.004
1.00378
1.00335
1.00248
1.0018
1.00143
1.00097
1.00037
0.999627
0.998815
0.997975
0.997097
0.996429
0.995688
0.994891
0.9944
0.993782
0.994264
0.993767
0.995524
0.995143
0.998842
0.996502
1.00027
0.991212
0.990921
0.99845
1.00352
1.00446
1.00343
1.00389
1.00346
1.00459
1.00447
1.005
1.00487
1.00502
1.00475
1.00427
1.00372
1.00326
1.00302
1.00267
1.0021
1.00167
1.00135
1.00087
1.00032
0.999661
0.998949
0.998214
0.997407
0.997025
0.996514
0.995835
0.995346
0.994928
0.995383
0.99507
0.99656
0.99551
0.998839
0.996556
1.00078
0.992728
0.98563
0.99542
1.00507
1.00474
1.00353
1.00343
1.00326
1.00406
1.00404
1.00432
1.00417
1.00426
1.00404
1.00367
1.00322
1.00287
1.00263
1.00232
1.00192
1.00157
1.00119
1.00071
1.00025
0.999674
0.999051
0.998394
0.997643
0.997428
0.997073
0.996518
0.996019
0.995726
0.99608
0.996057
0.997195
0.996652
0.998839
0.997598
1.00029
0.997978
0.979997
0.993994
1.00602
1.00412
1.00372
1.00306
1.0033
1.0038
1.00386
1.00406
1.00395
1.00398
1.00382
1.00353
1.00317
1.00283
1.00251
1.00216
1.00183
1.00147
1.00103
1.00056
1.00013
0.999627
0.999082
0.998515
0.997856
0.997733
0.997473
0.997043
0.996566
0.996376
0.996522
0.996791
0.997284
0.997772
0.998492
0.999138
0.998898
1.00235
0.976076
0.994661
1.00627
1.00337
1.0038
1.00275
1.00331
1.00349
1.00368
1.00375
1.00371
1.00366
1.00353
1.0033
1.00296
1.00263
1.00228
1.00194
1.00169
1.00134
1.00089
1.00045
1.00005
0.9996
0.999132
0.99866
0.99811
0.998003
0.997774
0.997451
0.997025
0.996948
0.996854
0.997351
0.997196
0.998493
0.997629
1
0.996414
1.00411
0.97598
0.996351
1.00606
1.00274
1.00375
1.00245
1.00328
1.00307
1.0034
1.00326
1.00327
1.00316
1.00305
1.00286
1.00257
1.00226
1.00196
1.00169
1.0015
1.00118
1.00077
1.00037
1.00001
0.999614
0.99921
0.998817
0.998362
0.998229
0.997999
0.997754
0.997379
0.997398
0.9971
0.997738
0.99712
0.998698
0.996918
1.00011
0.994781
1.00406
0.980137
0.998105
1.00512
1.00222
1.00355
1.00225
1.00317
1.00268
1.00309
1.00284
1.00291
1.00276
1.00266
1.00249
1.00224
1.00197
1.00171
1.00148
1.00132
1.00103
1.00067
1.00032
0.999981
0.999636
0.999283
0.998945
0.998569
0.998405
0.998173
0.997983
0.997641
0.997721
0.997283
0.997974
0.997039
0.99869
0.996347
0.999893
0.994016
1.00251
0.985437
0.99947
1.00409
1.00194
1.0033
1.00213
1.00298
1.00242
1.00285
1.00256
1.00266
1.00249
1.0024
1.00224
1.00203
1.00178
1.00155
1.00134
1.00116
1.0009
1.00058
1.00027
0.999962
0.999654
0.999341
0.999047
0.998731
0.99855
0.998324
0.998166
0.997849
0.997955
0.997439
0.998116
0.996994
0.99861
0.996127
0.999385
0.994164
1.00059
0.989693
1.00036
1.00334
1.00184
1.00302
1.00204
1.00278
1.00225
1.00262
1.00234
1.00243
1.00227
1.00218
1.00203
1.00184
1.00162
1.00142
1.00122
1.00103
1.00078
1.0005
1.00022
0.999951
0.999675
0.999397
0.999136
0.998865
0.998679
0.998464
0.99832
0.998031
0.998126
0.9976
0.998205
0.99708
0.998515
0.996264
0.998968
0.994885
0.999297
0.992537
1.00088
1.00279
1.0018
1.00272
1.00196
1.00255
1.0021
1.0024
1.00215
1.0022
1.00206
1.00197
1.00183
1.00166
1.00148
1.00129
1.0011
1.00091
1.00069
1.00044
1.00019
0.999947
0.999699
0.99945
0.999216
0.998978
0.998792
0.998593
0.998452
0.998194
0.998257
0.997771
0.998264
0.997262
0.99843
0.996563
0.998606
0.995608
0.998478
0.994343
1.00113
1.00241
1.00178
1.00245
1.00188
1.00233
1.00197
1.00219
1.00198
1.00201
1.00188
1.00179
1.00166
1.00151
1.00134
1.00117
1.001
1.00082
1.00061
1.00039
1.00017
0.999946
0.999721
0.999498
0.999285
0.999073
0.998893
0.998708
0.998566
0.998342
0.998362
0.997944
0.998309
0.997477
0.998359
0.996895
0.998362
0.996259
0.998074
0.995486
1.00122
1.00215
1.00175
1.00221
1.00181
1.00212
1.00186
1.002
1.00184
1.00183
1.00172
1.00163
1.00151
1.00138
1.00123
1.00107
1.00091
1.00073
1.00055
1.00035
1.00015
0.999946
0.999742
0.999539
0.999345
0.999153
0.99898
0.99881
0.998668
0.998476
0.998453
0.998112
0.998354
0.997699
0.998324
0.997231
0.998242
0.996802
0.997922
0.996243
1.00122
1.00195
1.0017
1.002
1.00173
1.00194
1.00175
1.00182
1.00171
1.00168
1.00158
1.00149
1.00138
1.00126
1.00112
1.00098
1.00082
1.00066
1.00049
1.00031
1.00013
0.999944
0.999759
0.999574
0.999396
0.999222
0.99906
0.998901
0.998763
0.998597
0.998538
0.998271
0.998406
0.997913
0.998326
0.997537
0.998207
0.997235
0.997904
0.996757
1.00117
1.0018
1.00164
1.00183
1.00165
1.00177
1.00164
1.00167
1.00158
1.00154
1.00145
1.00137
1.00126
1.00115
1.00103
1.00089
1.00075
1.0006
1.00044
1.00028
1.00011
0.999944
0.999775
0.999606
0.999442
0.999283
0.999131
0.998984
0.99885
0.998705
0.998623
0.998418
0.998468
0.99811
0.998358
0.997806
0.998227
0.997586
0.997954
0.997118
1.0011
1.00167
1.00157
1.00168
1.00156
1.00163
1.00154
1.00154
1.00147
1.00141
1.00134
1.00126
1.00116
1.00105
1.00094
1.00081
1.00068
1.00054
1.0004
1.00025
1.0001
0.999944
0.999789
0.999635
0.999484
0.999337
0.999195
0.999059
0.998932
0.998803
0.998708
0.998549
0.99854
0.998286
0.998411
0.998037
0.998281
0.997865
0.998083
0.997387
1.00102
1.00155
1.00149
1.00155
1.00148
1.0015
1.00144
1.00142
1.00136
1.0013
1.00123
1.00115
1.00107
1.00097
1.00086
1.00074
1.00062
1.0005
1.00036
1.00023
1.00008
0.999943
0.999801
0.99966
0.999521
0.999385
0.999254
0.999128
0.999009
0.998891
0.998793
0.998665
0.998619
0.99844
0.998482
0.998234
0.998356
0.99809
0.998205
0.997604
1.00093
1.00145
1.00141
1.00144
1.00139
1.00139
1.00134
1.00131
1.00126
1.0012
1.00114
1.00106
1.00098
1.00089
1.00079
1.00068
1.00057
1.00045
1.00033
1.0002
1.00007
0.999944
0.999813
0.999683
0.999555
0.99943
0.999309
0.999192
0.999081
0.998973
0.998876
0.998769
0.998704
0.998575
0.998566
0.998403
0.998449
0.998284
0.998339
0.997788
1.00085
1.00135
1.00133
1.00133
1.0013
1.00129
1.00125
1.00122
1.00117
1.00111
1.00105
1.00098
1.0009
1.00082
1.00072
1.00063
1.00052
1.00041
1.0003
1.00018
1.00006
0.999945
0.999824
0.999705
0.999587
0.999471
0.999359
0.999251
0.999147
0.999047
0.998956
0.998862
0.99879
0.998693
0.998657
0.998548
0.998552
0.998451
0.998467
0.99793
1.00076
1.00126
1.00125
1.00124
1.00122
1.0012
1.00116
1.00113
1.00108
1.00103
1.00097
1.0009
1.00083
1.00075
1.00067
1.00057
1.00048
1.00038
1.00027
1.00017
1.00006
0.999946
0.999835
0.999725
0.999616
0.999509
0.999406
0.999306
0.99921
0.999118
0.999031
0.998947
0.998876
0.998797
0.99875
0.998672
0.998652
0.998587
0.998582
0.998056
1.00069
1.00118
1.00117
1.00116
1.00114
1.00111
1.00108
1.00105
1.001
1.00095
1.0009
1.00084
1.00077
1.00069
1.00061
1.00053
1.00044
1.00034
1.00025
1.00015
1.00005
0.999947
0.999845
0.999743
0.999642
0.999544
0.999448
0.999355
0.999266
0.999181
0.999101
0.999025
0.998958
0.99889
0.99884
0.99878
0.99875
0.998704
0.998694
0.998192
1.00061
1.0011
1.00109
1.00108
1.00106
1.00104
1.00101
1.00097
1.00093
1.00089
1.00083
1.00077
1.00071
1.00064
1.00057
1.00049
1.0004
1.00032
1.00023
1.00014
1.00004
0.99995
0.999855
0.999761
0.999669
0.999578
0.999489
0.999404
0.999321
0.999242
0.999169
0.999099
0.999036
0.998976
0.998927
0.998877
0.998846
0.998809
0.998798
0.998312
1.00054
1.00103
1.00102
1.00101
1.00099
1.00097
1.00094
1.0009
1.00086
1.00082
1.00077
1.00071
1.00065
1.00059
1.00052
1.00045
1.00037
1.00029
1.00021
1.00012
1.00004
0.999949
0.999862
0.999775
0.99969
0.999605
0.999523
0.999443
0.999368
0.999295
0.999227
0.999164
0.999106
0.999053
0.999008
0.998966
0.998938
0.998908
0.998894
0.998403
1.00047
1.00096
1.00096
1.00094
1.00093
1.0009
1.00088
1.00084
1.00081
1.00076
1.00072
1.00067
1.00061
1.00055
1.00048
1.00042
1.00034
1.00027
1.00019
1.00011
1.00003
0.999954
0.999873
0.999793
0.999714
0.999636
0.999561
0.999488
0.999418
0.999351
0.999289
0.99923
0.999177
0.999127
0.999084
0.999046
0.999018
0.998996
0.998979
0.998477
1.00041
1.0009
1.00089
1.00088
1.00086
1.00084
1.00081
1.00078
1.00075
1.00071
1.00066
1.00061
1.00056
1.0005
1.00044
1.00038
1.00031
1.00024
1.00017
1.0001
1.00002
0.99995
0.999876
0.999802
0.999728
0.999656
0.999587
0.999519
0.999454
0.999393
0.999335
0.999281
0.999233
0.999189
0.999152
0.999119
0.999091
0.999074
0.999058
0.998561
1.00035
1.00084
1.00084
1.00082
1.00081
1.00079
1.00076
1.00073
1.0007
1.00066
1.00062
1.00058
1.00053
1.00047
1.00042
1.00036
1.0003
1.00023
1.00017
1.0001
1.00003
0.999961
0.999892
0.999823
0.999756
0.999689
0.999625
0.999562
0.999502
0.999446
0.999392
0.999342
0.999297
0.999254
0.999216
0.999185
0.999159
0.999141
0.999128
0.998656
1.00029
1.00079
1.00078
1.00077
1.00075
1.00073
1.0007
1.00068
1.00064
1.00061
1.00057
1.00053
1.00048
1.00043
1.00038
1.00032
1.00026
1.0002
1.00014
1.00008
1.00002
0.999952
0.999888
0.999824
0.999762
0.9997
0.999641
0.999583
0.999528
0.999476
0.999427
0.999382
0.999341
0.999304
0.999272
0.999244
0.99922
0.9992
0.99919
0.998745
1.00024
1.00074
1.00073
1.00072
1.00071
1.00069
1.00067
1.00064
1.00061
1.00058
1.00054
1.0005
1.00046
1.00041
1.00036
1.00031
1.00026
1.0002
1.00014
1.00009
1.00003
0.999968
0.999909
0.99985
0.999791
0.999734
0.999679
0.999625
0.999574
0.999525
0.99948
0.999437
0.999398
0.999362
0.99933
0.999304
0.999283
0.999262
0.999252
0.99882
1.00019
1.00069
1.00068
1.00067
1.00066
1.00064
1.00062
1.00059
1.00056
1.00053
1.00049
1.00045
1.00041
1.00037
1.00032
1.00027
1.00022
1.00017
1.00012
1.00007
1.00001
0.999955
0.9999
0.999846
0.999793
0.99974
0.99969
0.999641
0.999594
0.99955
0.999508
0.99947
0.999435
0.999404
0.999376
0.999351
0.99933
0.999311
0.999302
0.998868
1.00015
1.00065
1.00064
1.00063
1.00061
1.0006
1.00058
1.00056
1.00053
1.0005
1.00047
1.00043
1.0004
1.00035
1.00031
1.00027
1.00022
1.00017
1.00012
1.00007
1.00002
0.999971
0.99992
0.999869
0.999819
0.99977
0.999722
0.999676
0.999632
0.99959
0.999551
0.999514
0.999482
0.999452
0.999427
0.999404
0.999388
0.999372
0.999363
0.998915
1.00011
1.00061
1.0006
1.00059
1.00058
1.00056
1.00054
1.00052
1.00049
1.00046
1.00043
1.0004
1.00036
1.00032
1.00028
1.00024
1.0002
1.00015
1.00011
1.00006
1.00001
0.999964
0.999917
0.99987
0.999824
0.999779
0.999735
0.999693
0.999654
0.999616
0.999581
0.999549
0.999518
0.999491
0.999467
0.999447
0.999428
0.999415
0.999407
0.998945
1.00007
1.00056
1.00056
1.00055
1.00054
1.00052
1.0005
1.00048
1.00046
1.00043
1.0004
1.00037
1.00034
1.0003
1.00027
1.00023
1.00019
1.00014
1.0001
1.00006
1.00001
0.99997
0.999926
0.999882
0.999839
0.999797
0.999756
0.999717
0.999679
0.999644
0.999611
0.99958
0.999552
0.999528
0.999507
0.99949
0.999477
0.999467
0.999459
0.998983
1.00004
1.00054
1.00053
1.00052
1.00051
1.0005
1.00048
1.00046
1.00044
1.00041
1.00038
1.00035
1.00032
1.00029
1.00025
1.00021
1.00018
1.00014
1.0001
1.00006
1.00001
0.999973
0.999931
0.99989
0.99985
0.999811
0.999772
0.999736
0.999701
0.999668
0.999638
0.99961
0.999585
0.999562
0.999541
0.999523
0.99951
0.9995
0.999494
0.999007
1
1.0005
1.00049
1.00048
1.00047
1.00046
1.00044
1.00042
1.0004
1.00038
1.00035
1.00032
1.00029
1.00026
1.00023
1.0002
1.00016
1.00012
1.00009
1.00005
1.00001
0.999971
0.999933
0.999895
0.999859
0.999823
0.999788
0.999755
0.999723
0.999693
0.999665
0.99964
0.999617
0.999597
0.999579
0.999565
0.999552
0.999544
0.999539
0.999046
0.999985
1.00048
1.00047
1.00046
1.00045
1.00044
1.00042
1.00041
1.00038
1.00036
1.00034
1.00031
1.00028
1.00025
1.00022
1.00019
1.00015
1.00012
1.00008
1.00005
1.00001
0.999974
0.999937
0.999901
0.999866
0.999832
0.999799
0.999767
0.999736
0.999707
0.999681
0.999656
0.999634
0.999614
0.999597
0.999585
0.999573
0.999566
0.99956
0.999065
0.999946
1.00044
1.00043
1.00043
1.00042
1.0004
1.00039
1.00037
1.00035
1.00033
1.00031
1.00028
1.00026
1.00023
1.0002
1.00017
1.00014
1.00011
1.00007
1.00004
1.00001
0.999976
0.999944
0.999912
0.99988
0.999849
0.99982
0.999791
0.999765
0.99974
0.999716
0.999695
0.999677
0.99966
0.999646
0.999635
0.999625
0.999619
0.999614
0.999116
)
;

boundaryField
{
    FrontBack
    {
        type            empty;
    }
    Cylinder
    {
        type            calculated;
        value           uniform 0;
    }
    Bottom
    {
        type            calculated;
        value           uniform 0;
    }
    Top
    {
        type            calculated;
        value           uniform 0;
    }
    Inlet
    {
        type            calculated;
        value           uniform 1;
    }
    Outlet
    {
        type            calculated;
        value           nonuniform List<scalar> 
40
(
0.999946
1.00044
1.00043
1.00043
1.00042
1.0004
1.00039
1.00037
1.00035
1.00033
1.00031
1.00028
1.00026
1.00023
1.0002
1.00017
1.00014
1.00011
1.00007
1.00004
1.00001
0.999976
0.999944
0.999912
0.99988
0.999849
0.99982
0.999791
0.999765
0.99974
0.999716
0.999695
0.999677
0.99966
0.999646
0.999635
0.999625
0.999619
0.999614
0.999116
)
;
    }
}


// ************************************************************************* //
