/*--------------------------------*- C++ -*----------------------------------*\
  =========                 |
  \\      /  F ield         | OpenFOAM: The Open Source CFD Toolbox
   \\    /   O peration     | Website:  https://openfoam.org
    \\  /    A nd           | Version:  11
     \\/     M anipulation  |
\*---------------------------------------------------------------------------*/
FoamFile
{
    format      ascii;
    class       volScalarField;
    location    "2.5";
    object      mag(U);
}
// * * * * * * * * * * * * * * * * * * * * * * * * * * * * * * * * * * * * * //

dimensions      [0 1 -1 0 0 0 0];

internalField   nonuniform List<scalar> 
9600
(
0.982336
0.976263
0.971835
0.972639
0.967209
0.928014
0.86367
0.833225
0.828601
0.834899
0.859228
0.893139
0.921461
0.947216
0.97367
0.998551
1.0274
1.05234
1.08012
1.10198
1.12294
1.1369
1.13692
1.13244
1.1223
1.10337
1.07992
1.05433
1.03236
1.01352
0.999578
0.989268
0.982888
0.977372
0.973465
0.97042
0.968973
0.96895
0.970193
0.967408
0.983299
0.981686
0.977556
0.973917
0.967639
0.950142
0.928664
0.91754
0.915552
0.920493
0.941506
0.967094
0.984184
0.998611
1.0136
1.03265
1.05435
1.07711
1.09982
1.11931
1.13902
1.14928
1.14909
1.14516
1.13437
1.1142
1.09139
1.06534
1.04503
1.02235
1.00715
0.992529
0.983942
0.975107
0.972202
0.968198
0.967725
0.965116
0.965222
0.968381
0.982326
0.980712
0.975468
0.973241
0.971791
0.963081
0.941669
0.920815
0.916811
0.925081
0.938636
0.953567
0.970775
0.988624
1.00788
1.02977
1.0528
1.07786
1.10113
1.12375
1.14137
1.15513
1.16039
1.15751
1.14821
1.12916
1.10738
1.08267
1.06262
1.04168
1.02754
1.01644
1.00772
1.00214
0.999228
0.993929
0.992288
0.989226
0.988007
0.986518
0.981799
0.980393
0.976981
0.97726
0.97449
0.968182
0.960574
0.953364
0.954784
0.966327
0.982807
0.996942
1.00807
1.01629
1.02385
1.03892
1.0561
1.07882
1.10132
1.11976
1.13903
1.152
1.15341
1.14975
1.13997
1.1217
1.10254
1.07747
1.05748
1.03681
1.01992
1.00477
0.992619
0.982616
0.975185
0.971031
0.970599
0.970021
0.968962
0.972203
0.981579
0.980339
0.978484
0.977432
0.977351
0.978966
0.979942
0.974945
0.967024
0.964173
0.965119
0.970347
0.983248
0.999033
1.01669
1.03698
1.05737
1.08077
1.10317
1.12388
1.14151
1.15243
1.15996
1.1595
1.15142
1.13258
1.11277
1.08842
1.06759
1.04651
1.03134
1.01906
1.00981
1.00453
0.999081
0.996122
0.993545
0.988977
0.987224
0.984223
0.981455
0.980394
0.978657
0.978955
0.982191
0.98439
0.983957
0.978743
0.977779
0.9835
0.996501
1.01327
1.02448
1.03173
1.03784
1.04828
1.06291
1.08176
1.10352
1.12239
1.13906
1.15381
1.15927
1.15572
1.14678
1.12893
1.11052
1.08741
1.06656
1.04722
1.03004
1.01441
1.00164
0.989641
0.980788
0.974971
0.973944
0.972336
0.972337
0.975343
0.981474
0.980507
0.979292
0.981555
0.986535
0.989094
0.989242
0.987663
0.987696
0.988513
0.988464
0.98976
0.993937
1.0068
1.02361
1.04314
1.06327
1.08539
1.10602
1.12543
1.14392
1.15319
1.16005
1.16247
1.15558
1.13839
1.11896
1.0961
1.07397
1.05339
1.03691
1.02321
1.01337
1.00681
1.0009
0.997196
0.993701
0.989702
0.98711
0.983186
0.981627
0.980894
0.980532
0.984556
0.989771
0.991569
0.99178
0.991568
0.993075
0.99693
1.00294
1.01461
1.02868
1.0377
1.04581
1.05697
1.07136
1.08846
1.1076
1.12618
1.14174
1.15637
1.16452
1.16098
1.15405
1.13836
1.12
1.09838
1.07645
1.05643
1.03851
1.02249
1.0093
0.996809
0.986744
0.979561
0.977274
0.974744
0.975392
0.977731
0.981971
0.981525
0.982029
0.987331
0.992107
0.99332
0.993347
0.994475
0.998345
1.0029
1.00625
1.00885
1.0115
1.01832
1.03133
1.04933
1.06848
1.08976
1.11024
1.12857
1.14699
1.15656
1.1626
1.16616
1.16092
1.14618
1.12674
1.10583
1.08269
1.06218
1.04289
1.02879
1.01729
1.00934
1.00293
0.998915
0.994363
0.989988
0.986937
0.982824
0.982382
0.982254
0.98382
0.98997
0.993771
0.994369
0.995606
0.996793
0.998106
1.00205
1.00936
1.01974
1.03211
1.04076
1.04968
1.0621
1.07727
1.09422
1.11293
1.13146
1.14618
1.15948
1.17014
1.16816
1.16215
1.14812
1.12981
1.11009
1.08714
1.06572
1.04668
1.02986
1.01606
1.00361
0.992712
0.985165
0.98044
0.977529
0.978293
0.979397
0.982834
0.983091
0.986051
0.992182
0.994883
0.995489
0.996243
0.996775
0.999034
1.00522
1.01484
1.02214
1.02854
1.03474
1.0431
1.05784
1.07485
1.09432
1.11505
1.13314
1.15159
1.16207
1.16783
1.17167
1.16814
1.15559
1.13637
1.11666
1.09341
1.0729
1.05265
1.03503
1.02207
1.01307
1.00528
1.00081
0.994931
0.990416
0.987485
0.982455
0.983278
0.984078
0.988654
0.993765
0.995512
0.996096
0.996523
0.996736
0.999111
1.00533
1.0145
1.02375
1.03636
1.04715
1.05624
1.06845
1.08372
1.1
1.11873
1.13757
1.153
1.1646
1.17662
1.17736
1.17145
1.15903
1.14233
1.12193
1.09845
1.07613
1.05652
1.03811
1.0233
1.01039
0.9986
0.990113
0.984615
0.98154
0.980308
0.979986
0.983891
0.985476
0.990894
0.994495
0.995626
0.996251
0.996037
0.995997
0.998103
1.0037
1.01691
1.02859
1.03946
1.04876
1.0565
1.069
1.08479
1.1016
1.12161
1.13946
1.15774
1.17005
1.17542
1.17996
1.17756
1.16688
1.14845
1.12952
1.10658
1.08397
1.06334
1.04379
1.0276
1.01757
1.00835
1.00245
0.996386
0.991318
0.987902
0.981708
0.984486
0.987409
0.99233
0.994633
0.995638
0.996023
0.995219
0.994975
0.997113
1.00327
1.01688
1.02764
1.03998
1.05401
1.06512
1.07688
1.09204
1.10821
1.12553
1.1448
1.16138
1.17227
1.18404
1.18711
1.18241
1.17272
1.15544
1.13525
1.11278
1.08899
1.06838
1.04868
1.03196
1.01795
1.00519
0.995062
0.988646
0.985197
0.982319
0.980254
0.985107
0.988707
0.992464
0.994026
0.99509
0.99498
0.993597
0.99335
0.995471
1.00097
1.0136
1.02842
1.04409
1.05944
1.06979
1.08138
1.09548
1.11133
1.12917
1.14713
1.16513
1.17934
1.18517
1.18984
1.18853
1.17962
1.16385
1.14419
1.12127
1.09726
1.07502
1.05474
1.03624
1.02339
1.01253
1.00452
0.998046
0.992646
0.988217
0.981222
0.985443
0.98911
0.99214
0.993527
0.994451
0.993874
0.992494
0.992847
0.994877
0.999862
1.01196
1.02755
1.04357
1.06058
1.07506
1.08864
1.1049
1.12054
1.13598
1.15379
1.17054
1.18281
1.1914
1.19701
1.19541
1.18682
1.17178
1.1518
1.12973
1.10513
1.08184
1.06048
1.04254
1.02727
1.013
1.00138
0.992659
0.988184
0.984365
0.981364
0.986265
0.990105
0.992477
0.993536
0.993667
0.992689
0.991864
0.992949
0.995055
0.999855
1.01109
1.02531
1.04235
1.06309
1.08018
1.09402
1.1111
1.12688
1.14299
1.15895
1.17481
1.18987
1.19622
1.20147
1.20227
1.19406
1.18039
1.16143
1.13887
1.11485
1.09005
1.06777
1.04776
1.03211
1.01823
1.00892
1.00057
0.993855
0.988435
0.981958
0.986821
0.990295
0.991775
0.992152
0.990559
0.990242
0.989126
0.991158
0.994974
0.998705
1.00843
1.02311
1.04073
1.06199
1.08222
1.09871
1.11636
1.13579
1.15196
1.16736
1.18323
1.19702
1.20539
1.21118
1.21172
1.20413
1.19138
1.17195
1.14961
1.12577
1.1002
1.07607
1.0544
1.03767
1.02173
1.00874
0.997198
0.990698
0.985841
0.981989
0.988515
0.991695
0.992099
0.991099
0.987564
0.986863
0.986277
0.988011
0.993508
0.997247
1.00538
1.02059
1.0374
1.05759
1.08163
1.10334
1.1233
1.14211
1.16091
1.17607
1.19
1.20448
1.21432
1.21836
1.21967
1.21419
1.20224
1.18394
1.16126
1.13715
1.11132
1.08653
1.0623
1.04399
1.02611
1.01419
1.00307
0.99597
0.987948
0.983024
0.987875
0.990132
0.989897
0.988227
0.984377
0.982865
0.983156
0.98507
0.991361
0.996676
1.00291
1.0162
1.03414
1.05365
1.07824
1.10318
1.12582
1.14746
1.16878
1.18668
1.20128
1.21369
1.22422
1.22901
1.22978
1.22486
1.21409
1.19685
1.17408
1.14944
1.12352
1.09839
1.07185
1.05145
1.03251
1.01818
1.00308
0.994833
0.986561
0.98279
0.988941
0.990149
0.989226
0.986831
0.982986
0.980374
0.980994
0.983441
0.988883
0.996033
1.00203
1.01234
1.0306
1.04998
1.07271
1.09897
1.12625
1.15062
1.17447
1.19599
1.21275
1.22525
1.2359
1.24137
1.24166
1.23663
1.22662
1.21099
1.1886
1.16374
1.13654
1.11153
1.08362
1.06128
1.03855
1.02362
1.00855
0.999882
0.989285
0.983832
0.985666
0.986014
0.98422
0.9823
0.979752
0.977398
0.978163
0.981708
0.986457
0.993504
1.00245
1.01084
1.0265
1.04664
1.06864
1.09337
1.12248
1.15054
1.17669
1.20115
1.22249
1.23814
1.24915
1.25574
1.25709
1.25186
1.24103
1.22662
1.20521
1.18064
1.15135
1.12581
1.09718
1.0729
1.04829
1.03116
1.01371
1.00241
0.991446
0.985021
0.985194
0.984964
0.982303
0.980559
0.979515
0.977732
0.978141
0.981513
0.985972
0.991501
1.00142
1.01231
1.02541
1.04296
1.06589
1.08865
1.11669
1.14706
1.1754
1.20245
1.22735
1.24722
1.26192
1.27102
1.27346
1.27015
1.25902
1.24427
1.22263
1.1999
1.16934
1.14189
1.1114
1.08725
1.06139
1.04065
1.02028
1.00818
0.995128
0.987745
0.98016
0.979411
0.976973
0.97419
0.975193
0.975285
0.975862
0.979676
0.984446
0.990476
0.999565
1.01198
1.02751
1.04286
1.06354
1.0874
1.11269
1.14191
1.17162
1.19908
1.22574
1.25032
1.26904
1.28336
1.2901
1.29035
1.27997
1.26641
1.24341
1.22088
1.19051
1.16174
1.12928
1.10145
1.07457
1.05315
1.03088
1.01491
0.999049
0.989357
0.979089
0.977754
0.976459
0.973253
0.9734
0.976179
0.978144
0.981186
0.98667
0.992679
1.00133
1.01244
1.0285
1.04722
1.06578
1.08815
1.11353
1.13983
1.167
1.19509
1.22044
1.24655
1.26903
1.28869
1.30017
1.30809
1.30211
1.29159
1.26924
1.24604
1.21516
1.18486
1.15126
1.12124
1.09082
1.06699
1.04238
1.02489
1.00749
0.994223
0.972832
0.971
0.970219
0.968881
0.968203
0.969564
0.975103
0.978927
0.985097
0.992539
1.00246
1.01489
1.02955
1.04951
1.0711
1.0937
1.11727
1.14413
1.16817
1.19458
1.21823
1.2431
1.26366
1.28725
1.30202
1.31703
1.31935
1.31713
1.29843
1.27613
1.2449
1.21458
1.17761
1.1457
1.11105
1.08549
1.05864
1.03789
1.01844
1.00158
0.971962
0.970953
0.968809
0.968954
0.970194
0.969722
0.974115
0.98094
0.988576
0.997151
1.00708
1.02183
1.03665
1.05596
1.07595
1.10177
1.1248
1.15214
1.17534
1.20189
1.22178
1.24672
1.26363
1.28599
1.30003
1.31856
1.32555
1.33314
1.32504
1.31085
1.27992
1.25018
1.21071
1.17716
1.13849
1.10719
1.07793
1.05261
1.0327
1.01303
0.963075
0.964367
0.962497
0.961592
0.964216
0.966787
0.969585
0.975466
0.983155
0.996475
1.00692
1.02392
1.04035
1.06427
1.08324
1.11039
1.13287
1.1632
1.18461
1.21341
1.23165
1.25664
1.27171
1.29404
1.30494
1.32282
1.3302
1.34136
1.33896
1.33736
1.31698
1.29173
1.25289
1.2147
1.17584
1.13794
1.10468
1.07351
1.05056
1.02747
0.962152
0.962307
0.962449
0.962717
0.964532
0.968214
0.973026
0.980733
0.987165
1.00097
1.01225
1.03331
1.04786
1.07489
1.09391
1.12434
1.1444
1.17626
1.19633
1.22538
1.24269
1.26904
1.28356
1.30671
1.31951
1.33764
1.34421
1.35534
1.35344
1.35411
1.3415
1.32655
1.2999
1.26432
1.22325
1.17926
1.14222
1.10599
1.07704
1.04737
0.952297
0.952253
0.95222
0.953234
0.955391
0.961565
0.965778
0.976783
0.983897
1.00221
1.01213
1.03572
1.05047
1.08041
1.0992
1.13314
1.15421
1.18695
1.2065
1.23718
1.25315
1.27978
1.29386
1.31983
1.33216
1.3563
1.36542
1.38129
1.38129
1.38164
1.37077
1.3561
1.33454
1.30678
1.27468
1.23597
1.19532
1.14882
1.11635
1.07776
0.951748
0.953142
0.952503
0.955608
0.956896
0.965133
0.968935
0.983075
0.990436
1.01046
1.02263
1.04913
1.06473
1.0952
1.11514
1.14859
1.16968
1.20132
1.22001
1.24826
1.26431
1.29043
1.30398
1.32892
1.34335
1.36857
1.38326
1.40448
1.41424
1.4221
1.4166
1.40448
1.38266
1.35201
1.32141
1.28212
1.2514
1.20677
1.17747
1.12805
0.935985
0.939776
0.938088
0.943972
0.944551
0.956137
0.960831
0.977131
0.986763
1.00916
1.02362
1.05165
1.07071
1.10212
1.12533
1.15815
1.18229
1.2121
1.23224
1.25803
1.2751
1.29734
1.31396
1.33522
1.35386
1.37668
1.39813
1.42079
1.44041
1.45427
1.46494
1.45901
1.45241
1.42304
1.3978
1.34938
1.31558
1.26393
1.23124
1.18818
0.934308
0.940942
0.939367
0.946808
0.949877
0.962374
0.970476
0.988199
1.00116
1.024
1.04226
1.06878
1.09433
1.12124
1.15051
1.17672
1.2068
1.2287
1.25637
1.27192
1.29569
1.30902
1.33025
1.3438
1.3673
1.3841
1.41584
1.43441
1.46971
1.48418
1.51162
1.51271
1.52236
1.50155
1.49047
1.44809
1.42031
1.36364
1.32852
1.2719
0.914297
0.922013
0.922642
0.931105
0.93732
0.950594
0.964209
0.982331
1.00329
1.02376
1.05172
1.07426
1.10861
1.13152
1.16841
1.18914
1.22453
1.24069
1.27184
1.28156
1.30946
1.3167
1.34102
1.35191
1.37779
1.39188
1.42835
1.44367
1.49252
1.50715
1.55995
1.56219
1.59977
1.58321
1.59611
1.55824
1.54814
1.49283
1.46541
1.39912
0.919405
0.923446
0.932917
0.937754
0.953881
0.965271
0.987756
1.00429
1.03149
1.05305
1.08388
1.10802
1.14327
1.16794
1.20339
1.22606
1.25773
1.27638
1.30139
1.3157
1.33523
1.34547
1.36297
1.37296
1.39019
1.40457
1.43005
1.44849
1.49085
1.51135
1.56638
1.58538
1.63744
1.64157
1.6735
1.66301
1.66204
1.63962
1.60658
1.58174
0.893559
0.903354
0.913796
0.925764
0.940989
0.963922
0.983157
1.01466
1.03758
1.07395
1.09933
1.13667
1.16468
1.20018
1.22779
1.25971
1.28244
1.31086
1.32593
1.34572
1.35636
1.36607
1.37376
1.38194
1.38715
1.39576
1.40225
1.4166
1.43192
1.46211
1.48536
1.52935
1.54185
1.58401
1.57416
1.61569
1.59165
1.63581
1.59277
1.6431
0.899303
0.920851
0.938367
0.965239
0.989162
1.01677
1.04386
1.07466
1.10741
1.14004
1.17685
1.20845
1.24545
1.27477
1.30539
1.33097
1.34877
1.36497
1.36839
1.37484
1.37089
1.37317
1.37126
1.37306
1.37227
1.36786
1.35807
1.34216
1.3353
1.31877
1.31648
1.29686
1.26212
1.20594
1.15556
1.13947
1.12283
1.14879
1.13118
1.1874
0.885461
0.909413
0.932209
0.960653
0.990935
1.02793
1.06411
1.10502
1.14388
1.18289
1.22111
1.25468
1.28885
1.31586
1.34005
1.35859
1.3678
1.3755
1.36949
1.36677
1.35318
1.34406
1.33395
1.32917
1.32681
1.31172
1.2827
1.22082
1.14814
1.0449
0.960163
0.767475
0.577002
0.484431
0.515276
0.552501
0.587042
0.61639
0.633354
0.623842
0.97394
1.02285
1.06868
1.11287
1.15202
1.19133
1.22754
1.26358
1.29467
1.32324
1.34628
1.3647
1.37851
1.39022
1.39694
1.39856
1.39241
1.37966
1.36158
1.33333
1.30747
1.26745
1.24329
1.19606
1.16633
1.10722
1.00248
0.909813
0.750396
0.550668
0.214981
0.0903574
0.116125
0.207253
0.274435
0.314137
0.356064
0.410897
0.486776
0.533437
1.10167
1.13687
1.16922
1.20427
1.2372
1.26593
1.28908
1.30597
1.31705
1.325
1.32532
1.32748
1.32285
1.31674
1.29861
1.27584
1.24121
1.19893
1.14669
1.08337
1.01292
0.925595
0.839135
0.733466
0.667182
0.47392
0.0693193
0.261326
0.292443
0.249944
0.167746
0.180395
0.210443
0.245794
0.297651
0.342783
0.387233
0.425792
0.468945
0.51445
0.976994
0.979757
0.986839
0.982396
0.982595
0.978244
0.983783
0.984442
0.988345
0.991292
0.994135
0.996853
0.999266
1.00135
1.00293
1.00421
1.00549
1.00634
1.00676
1.00738
1.00808
1.00833
1.00818
1.00808
1.00777
1.00744
1.00728
1.00708
1.00698
1.00685
1.0067
1.00652
1.00629
1.00613
1.00589
1.00566
1.00511
1.00484
1.00422
1.00975
0.978307
0.979699
0.985829
0.98244
0.981407
0.977723
0.982668
0.984141
0.987504
0.990693
0.993659
0.996481
0.999111
1.00121
1.00269
1.00409
1.00543
1.00627
1.00668
1.00733
1.00819
1.00839
1.00822
1.00808
1.00786
1.00759
1.0074
1.00717
1.00707
1.00695
1.00683
1.00671
1.00651
1.0064
1.00622
1.00604
1.00564
1.00488
1.00339
1.00303
0.978967
0.979298
0.984547
0.982692
0.980559
0.977306
0.981437
0.98389
0.9871
0.990507
0.993732
0.996743
0.999483
1.00165
1.00326
1.00463
1.00584
1.00671
1.00705
1.00787
1.00865
1.00867
1.00841
1.00823
1.00804
1.0077
1.00751
1.0074
1.00728
1.00712
1.00701
1.00685
1.00673
1.00666
1.00643
1.00625
1.00601
1.00586
1.00586
1.00797
0.977862
0.978621
0.983397
0.982564
0.97907
0.976602
0.980237
0.983154
0.986239
0.989869
0.993301
0.996471
0.999251
1.00155
1.00334
1.00467
1.00606
1.00715
1.00769
1.00825
1.00879
1.00869
1.00847
1.00829
1.00809
1.00785
1.00774
1.0077
1.00757
1.00742
1.0073
1.00719
1.0071
1.00699
1.0068
1.00653
1.00617
1.0057
1.00482
1.00366
0.978701
0.978382
0.98199
0.982115
0.977691
0.97571
0.978859
0.982448
0.98585
0.989775
0.993409
0.996751
0.999581
1.00202
1.00398
1.00533
1.00653
1.00788
1.00867
1.00876
1.00888
1.00889
1.00882
1.00845
1.00819
1.00805
1.00806
1.00805
1.00789
1.00782
1.00771
1.00747
1.00735
1.00719
1.00706
1.00684
1.00665
1.00656
1.00649
1.00715
0.977872
0.977355
0.980805
0.981134
0.976402
0.974612
0.977482
0.981277
0.984917
0.989148
0.992939
0.996386
0.999231
1.00198
1.00425
1.00549
1.00662
1.00822
1.00912
1.00907
1.00917
1.00912
1.00883
1.00849
1.00828
1.00827
1.00843
1.00842
1.00832
1.00829
1.00812
1.00787
1.00773
1.00745
1.00731
1.00705
1.00681
1.00653
1.00594
1.00515
0.978456
0.977126
0.979236
0.979788
0.97465
0.973293
0.975918
0.980298
0.984321
0.989018
0.993009
0.996477
0.999337
1.00241
1.00493
1.00622
1.00732
1.00864
1.0095
1.00981
1.00978
1.00959
1.0091
1.00868
1.00846
1.00848
1.00859
1.00854
1.00854
1.00862
1.00838
1.00809
1.00794
1.00767
1.00756
1.00738
1.00723
1.00716
1.00698
1.00701
0.977818
0.975842
0.977629
0.978108
0.973322
0.971668
0.974191
0.978872
0.983277
0.988331
0.992556
0.99596
0.998855
1.00217
1.00508
1.00664
1.00759
1.00887
1.00981
1.01007
1.00987
1.00951
1.00908
1.00887
1.00881
1.00891
1.00902
1.00893
1.00899
1.00903
1.00871
1.00844
1.00824
1.00794
1.00776
1.00759
1.00742
1.00723
1.00687
1.00643
0.978179
0.975537
0.975996
0.97616
0.970979
0.969822
0.972285
0.977573
0.982516
0.988282
0.992696
0.996042
0.998991
1.00237
1.00559
1.00733
1.00811
1.00925
1.0102
1.01019
1.00993
1.00949
1.00921
1.00914
1.00918
1.00929
1.00926
1.0092
1.00934
1.00942
1.00908
1.00879
1.0086
1.00831
1.00811
1.00795
1.00781
1.0077
1.00751
1.00726
0.977707
0.973881
0.973826
0.97385
0.969168
0.967832
0.970131
0.97583
0.981366
0.98755
0.992256
0.995522
0.998569
1.00201
1.00564
1.00767
1.00856
1.0097
1.01032
1.01019
1.00979
1.00952
1.00932
1.00935
1.00949
1.0096
1.00967
1.00978
1.00992
1.00983
1.00948
1.00915
1.00902
1.00871
1.00847
1.00827
1.00805
1.00789
1.00767
1.00736
0.977932
0.973524
0.97189
0.971276
0.966329
0.965306
0.967671
0.974027
0.980478
0.98743
0.992339
0.995805
0.998989
1.00233
1.00592
1.00823
1.00934
1.01006
1.01032
1.01013
1.00988
1.00987
1.00979
1.00989
1.00998
1.00989
1.00981
1.01003
1.01018
1.01004
1.00985
1.00958
1.00945
1.00914
1.00893
1.00872
1.00847
1.00828
1.00808
1.00779
0.97759
0.971349
0.969053
0.968111
0.963768
0.96251
0.964941
0.9717
0.979304
0.986676
0.991837
0.995431
0.998825
1.00231
1.00597
1.00857
1.00967
1.01009
1.01025
1.01028
1.01018
1.01031
1.01047
1.01058
1.0107
1.01045
1.01025
1.01052
1.01054
1.01025
1.01005
1.00983
1.00984
1.00952
1.00935
1.00912
1.00885
1.00862
1.00831
1.00817
0.977618
0.971235
0.966504
0.96463
0.960294
0.959073
0.961646
0.9692
0.978274
0.986455
0.99192
0.995763
0.999482
1.00292
1.0065
1.0091
1.00968
1.00994
1.01025
1.01051
1.01065
1.01088
1.0111
1.01141
1.01153
1.01121
1.01093
1.01105
1.01096
1.01048
1.01038
1.01017
1.01017
1.00989
1.00976
1.00952
1.00924
1.00896
1.00861
1.00847
0.977141
0.969056
0.962825
0.960616
0.956587
0.954883
0.957824
0.966159
0.976689
0.985668
0.991582
0.99547
0.999637
1.00328
1.00699
1.00898
1.0095
1.00979
1.01043
1.01103
1.01124
1.01142
1.01174
1.01215
1.01225
1.01206
1.01174
1.01181
1.01153
1.01095
1.01079
1.01061
1.01058
1.01037
1.0102
1.01002
1.00976
1.0095
1.00903
1.00882
0.97718
0.969231
0.960022
0.956239
0.951883
0.949675
0.953015
0.962419
0.975074
0.985553
0.991977
0.995711
1.00022
1.00433
1.00744
1.00874
1.00946
1.00986
1.01062
1.01159
1.01201
1.01221
1.01256
1.01278
1.01287
1.0128
1.01255
1.01248
1.01212
1.01158
1.01148
1.01118
1.01097
1.01085
1.01061
1.01036
1.01002
1.00979
1.00944
1.00934
0.976589
0.966338
0.955997
0.95121
0.946367
0.943304
0.94735
0.957636
0.972451
0.985132
0.992233
0.995665
1.00043
1.00501
1.00765
1.00864
1.00951
1.01016
1.01094
1.01229
1.01295
1.01312
1.01362
1.01383
1.01376
1.01356
1.01329
1.01322
1.01289
1.01232
1.01222
1.01186
1.01162
1.01159
1.0112
1.01092
1.01049
1.01018
1.00984
1.00974
0.97565
0.966513
0.953539
0.945586
0.939628
0.935832
0.93995
0.951436
0.969469
0.985122
0.993157
0.996411
1.00128
1.00591
1.00806
1.00882
1.00979
1.01087
1.01184
1.01308
1.01387
1.01416
1.01466
1.015
1.01486
1.01446
1.01408
1.01385
1.01348
1.01303
1.01294
1.01254
1.01212
1.01214
1.01172
1.01143
1.01101
1.01065
1.01031
1.01023
0.974838
0.962938
0.949467
0.9392
0.932063
0.926971
0.930607
0.943157
0.964735
0.984179
0.994076
0.997576
1.0022
1.00662
1.00876
1.00923
1.01044
1.01194
1.01277
1.0141
1.01501
1.01546
1.01571
1.01597
1.01585
1.01559
1.01523
1.01471
1.01443
1.01398
1.01385
1.01357
1.01319
1.01307
1.01262
1.0122
1.01172
1.01129
1.01094
1.01083
0.973195
0.962298
0.946899
0.93235
0.923574
0.916929
0.918912
0.932319
0.957949
0.982524
0.995678
0.99998
1.00377
1.0079
1.00981
1.01042
1.01185
1.0134
1.01405
1.01534
1.01604
1.01658
1.01662
1.01667
1.01659
1.01645
1.01634
1.01559
1.01539
1.01491
1.01481
1.01443
1.01424
1.01398
1.01352
1.01307
1.01247
1.01206
1.01162
1.01151
0.973157
0.958678
0.94234
0.924969
0.91446
0.905499
0.90446
0.917677
0.946848
0.979497
0.997301
1.00286
1.00544
1.00935
1.01121
1.01254
1.01378
1.01495
1.01563
1.01675
1.01731
1.01775
1.01773
1.01754
1.01739
1.01713
1.01748
1.0166
1.01658
1.01594
1.01596
1.01543
1.01526
1.01486
1.01428
1.01387
1.01316
1.01283
1.01231
1.01223
0.972215
0.956342
0.938408
0.917651
0.905074
0.893119
0.886942
0.898218
0.93185
0.975525
0.998242
1.0058
1.00854
1.01176
1.01358
1.01512
1.01588
1.01653
1.01766
1.01865
1.01901
1.01938
1.01895
1.01872
1.01833
1.01791
1.01808
1.01721
1.01732
1.01658
1.01665
1.01617
1.01598
1.01562
1.01509
1.01466
1.01406
1.01368
1.01314
1.01308
0.97378
0.953594
0.933163
0.910551
0.895999
0.880166
0.866603
0.872905
0.911408
0.969652
0.998698
1.00761
1.01209
1.01531
1.01667
1.01792
1.01864
1.01853
1.02021
1.02055
1.0207
1.0212
1.02043
1.02048
1.02001
1.01973
1.01954
1.01855
1.01858
1.01775
1.01779
1.01742
1.0173
1.01686
1.01646
1.01582
1.0153
1.01482
1.01419
1.01409
0.97372
0.951787
0.928642
0.904029
0.887712
0.868128
0.843787
0.841977
0.884837
0.960173
0.99818
1.00906
1.01417
1.0189
1.01983
1.02084
1.02189
1.02138
1.02313
1.02265
1.0226
1.02293
1.02189
1.02196
1.02133
1.02117
1.02079
1.02012
1.0201
1.01941
1.0195
1.0191
1.01908
1.01847
1.01804
1.0172
1.01657
1.01599
1.01532
1.01519
0.975093
0.952987
0.926068
0.89827
0.880398
0.857941
0.820991
0.80579
0.84971
0.943659
0.994138
1.00907
1.01462
1.02028
1.02323
1.02414
1.02534
1.02475
1.02622
1.02508
1.02506
1.02501
1.02394
1.02394
1.0231
1.02315
1.02239
1.02215
1.02165
1.02117
1.02098
1.02051
1.02031
1.0196
1.01907
1.01821
1.01766
1.01711
1.01654
1.01641
0.977338
0.956037
0.926029
0.893576
0.873579
0.850316
0.801273
0.7666
0.805536
0.917231
0.985187
1.00576
1.01389
1.02011
1.02515
1.02731
1.02877
1.02814
1.02946
1.02815
1.02824
1.02724
1.02618
1.02593
1.02488
1.02493
1.02386
1.02374
1.02273
1.02243
1.02191
1.02142
1.02114
1.02042
1.01992
1.01931
1.0187
1.01835
1.01769
1.01764
0.983173
0.961644
0.928872
0.891212
0.86762
0.844954
0.787489
0.728111
0.751827
0.87556
0.967392
0.997371
1.00988
1.01814
1.02565
1.02915
1.03117
1.03114
1.0325
1.03145
1.03156
1.03017
1.02935
1.02885
1.02756
1.02726
1.02593
1.02557
1.02437
1.02413
1.02367
1.02321
1.02297
1.02225
1.02173
1.02114
1.02031
1.01988
1.01913
1.01906
0.992567
0.969023
0.934609
0.893147
0.865056
0.841193
0.780738
0.694367
0.690308
0.814779
0.937581
0.982482
1.00095
1.01361
1.02428
1.02874
1.03182
1.03297
1.03424
1.0336
1.03394
1.03312
1.03266
1.03213
1.03097
1.03063
1.02934
1.02888
1.02792
1.02762
1.02703
1.02655
1.0259
1.02509
1.02419
1.02347
1.02247
1.02188
1.02107
1.02088
1.00683
0.980443
0.94516
0.902194
0.869896
0.8404
0.777571
0.667201
0.624443
0.732395
0.889443
0.958439
0.986185
1.00424
1.01963
1.02616
1.03074
1.03315
1.03489
1.03479
1.03574
1.03588
1.03588
1.03564
1.03502
1.03459
1.03361
1.03301
1.03244
1.03185
1.03119
1.03025
1.02929
1.02826
1.02718
1.02642
1.02529
1.02461
1.0237
1.02337
1.02664
0.998422
0.962633
0.921702
0.886772
0.846379
0.773265
0.646414
0.558274
0.631647
0.813766
0.920155
0.962657
0.988542
1.01161
1.02128
1.02817
1.03223
1.03539
1.03608
1.03723
1.03772
1.03817
1.03818
1.03802
1.03733
1.03713
1.03618
1.03617
1.03501
1.03464
1.03344
1.03281
1.0317
1.03075
1.0298
1.02874
1.02774
1.02687
1.02639
1.05622
1.02493
0.990816
0.954813
0.917213
0.859939
0.766107
0.627065
0.4939
0.519149
0.703754
0.858707
0.924542
0.962131
0.996732
1.01216
1.0233
1.03099
1.03552
1.03733
1.03903
1.03955
1.04056
1.04045
1.04124
1.04013
1.0406
1.03896
1.03926
1.03782
1.03813
1.03699
1.03674
1.03544
1.03454
1.03343
1.03228
1.03121
1.03026
1.02973
1.09926
1.06191
1.03681
1.00784
0.958475
0.876491
0.753431
0.597965
0.430385
0.394575
0.562953
0.76504
0.865686
0.919248
0.968827
0.994585
1.01195
1.02531
1.03296
1.037
1.04083
1.0423
1.04452
1.04437
1.04602
1.04449
1.04543
1.04366
1.04464
1.04278
1.04345
1.04156
1.04096
1.03953
1.0381
1.03739
1.03562
1.03513
1.03377
1.03369
1.15927
1.1247
1.12013
1.08981
1.00377
0.88427
0.725766
0.5463
0.358385
0.262064
0.401547
0.628547
0.779511
0.855452
0.921898
0.963697
0.990101
1.01109
1.02521
1.0329
1.04054
1.04355
1.04772
1.04774
1.05008
1.04894
1.05057
1.04888
1.05024
1.04785
1.04856
1.04612
1.04562
1.04402
1.04249
1.04188
1.03987
1.03963
1.0377
1.03815
1.24231
1.249
1.24031
1.15451
1.0262
0.859923
0.664888
0.460419
0.26185
0.117755
0.211207
0.46606
0.659682
0.770049
0.855637
0.91559
0.955175
0.985417
1.00899
1.02086
1.0344
1.03928
1.04617
1.04761
1.05157
1.05106
1.05374
1.05231
1.05424
1.05248
1.0534
1.0516
1.05138
1.05047
1.04935
1.04896
1.04701
1.0466
1.04491
1.04518
1.39549
1.37175
1.28123
1.15571
0.975891
0.766328
0.546075
0.335234
0.152032
0.0784183
0.0736765
0.309404
0.520709
0.659136
0.768598
0.846829
0.905537
0.946609
0.98208
0.999613
1.02196
1.03012
1.04216
1.04587
1.05323
1.05405
1.05862
1.058
1.0607
1.05995
1.06074
1.0606
1.05995
1.0605
1.05906
1.05931
1.05688
1.05637
1.05497
1.05493
1.53175
1.40825
1.27372
1.08349
0.845168
0.592021
0.35592
0.203286
0.202926
0.311321
0.293694
0.212005
0.347525
0.513871
0.658345
0.756311
0.837249
0.892376
0.942773
0.969898
1.00134
1.01612
1.03595
1.04251
1.05606
1.05862
1.06645
1.06717
1.07103
1.07243
1.0733
1.07498
1.07352
1.07518
1.07308
1.07414
1.07181
1.07036
1.06797
1.06719
1.55117
1.3432
1.11275
0.843888
0.544308
0.292292
0.200611
0.316407
0.424415
0.513782
0.486624
0.353866
0.375118
0.421831
0.560802
0.657116
0.74789
0.821832
0.88584
0.925352
0.9667
0.988229
1.01831
1.02828
1.04958
1.05491
1.06812
1.07136
1.07776
1.08167
1.08379
1.08827
1.08798
1.09132
1.08924
1.09052
1.08973
1.08713
1.08562
1.08245
1.08272
0.850672
0.614153
0.375903
0.211471
0.32594
0.530043
0.677632
0.793972
0.839636
0.818321
0.61852
0.480511
0.421851
0.450658
0.562344
0.637238
0.737344
0.808815
0.857377
0.908943
0.933962
0.971846
0.988489
1.01585
1.03146
1.04947
1.0622
1.07162
1.08172
1.08572
1.09452
1.09649
1.10452
1.10705
1.11027
1.11257
1.11314
1.11581
1.11329
0.570799
0.614804
0.619925
0.699723
0.75376
0.837005
0.885078
0.974709
1.00495
1.01745
0.995209
0.851827
0.615423
0.428223
0.476442
0.519329
0.528093
0.597081
0.674311
0.73477
0.811222
0.856339
0.915759
0.95141
0.978057
1.00726
1.02053
1.04162
1.05008
1.06866
1.07487
1.08721
1.09094
1.09763
1.10098
1.10408
1.10937
1.11204
1.1212
1.12758
0.54548
0.615208
0.618185
0.70022
0.737172
0.820786
0.869636
0.932739
0.940551
0.961814
0.928072
0.844683
0.749304
0.637138
0.535474
0.322708
0.312568
0.390147
0.500833
0.615167
0.727711
0.793749
0.830754
0.887333
0.911509
0.959799
0.9847
1.01453
1.03645
1.05926
1.08176
1.10072
1.12233
1.13757
1.15771
1.16865
1.18455
1.19032
1.19668
1.19828
0.571385
0.635683
0.688322
0.731914
0.765168
0.790952
0.806274
0.800891
0.785176
0.774085
0.733051
0.700217
0.637138
0.585569
0.577012
0.550351
0.533286
0.515266
0.52548
0.59647
0.698391
0.463602
0.321554
0.513486
0.551847
0.591691
0.628352
0.659835
0.713674
0.74554
0.807528
0.840208
0.90327
0.933665
0.990473
1.01783
1.07275
1.10965
1.17568
1.22343
1.01497
1.01431
1.01633
1.01659
1.01761
1.01786
1.01792
1.01848
1.01815
1.01874
1.01829
1.01891
1.01843
1.01885
1.01853
1.01869
1.01847
1.01837
1.01806
1.01774
1.01722
1.0165
1.01545
1.01391
1.01165
1.00834
1.00353
0.997052
0.989482
0.981905
0.976192
0.975914
0.984606
0.996237
1.00245
1.00327
1.00347
1.00378
1.00432
1.00525
0.998245
0.999294
0.997997
0.997799
0.997734
0.997333
0.99782
0.997281
0.9978
0.997464
0.997712
0.997736
0.997731
0.997886
0.997845
0.997957
0.99791
0.998014
0.998084
0.998222
0.998448
0.998882
0.999591
1.00077
1.00267
1.00547
1.00919
1.01382
1.01919
1.02454
1.02616
1.02512
1.0207
1.01357
1.00824
1.00677
1.0062
1.00611
1.0058
1.00564
1.01084
1.01202
1.01417
1.01505
1.01581
1.01684
1.01655
1.01742
1.01693
1.01769
1.01698
1.01772
1.017
1.01747
1.01697
1.01705
1.01664
1.01636
1.01576
1.01508
1.01414
1.01293
1.01136
1.00936
1.00695
1.00411
1.00075
0.997301
0.995308
0.995991
0.997348
0.999411
1.00326
1.00506
1.00539
1.00539
1.00483
1.00489
1.00551
1.00584
1.00141
1.0019
1.00116
1.00069
1.00048
1.00007
1.00021
0.999939
0.999899
1.00016
0.999764
1.0003
0.999918
1.00043
1.00024
1.00058
1.00053
1.00097
1.00137
1.00196
1.00273
1.00382
1.00511
1.00678
1.00888
1.01128
1.01367
1.01583
1.01832
1.02013
1.02035
1.01873
1.01642
1.0147
1.01259
1.01009
1.00847
1.00771
1.00693
1.00656
1.00856
1.0105
1.01193
1.01355
1.01387
1.01486
1.01483
1.01545
1.01525
1.01576
1.01529
1.01572
1.01529
1.01535
1.01498
1.01492
1.01454
1.01405
1.01331
1.01249
1.01139
1.01012
1.00866
1.00701
1.00531
1.00351
1.00161
1.00026
1.00043
1.00151
1.00186
1.00262
1.00521
1.0065
1.00684
1.00685
1.00658
1.00671
1.00693
1.00698
1.00423
1.00365
1.0036
1.00333
1.00313
1.00308
1.00294
1.00298
1.00282
1.00299
1.00278
1.00299
1.0028
1.0031
1.00309
1.00341
1.00347
1.00392
1.00451
1.00525
1.0061
1.00715
1.00829
1.00962
1.01096
1.0122
1.01311
1.01384
1.01512
1.01574
1.0153
1.01408
1.01358
1.01316
1.01184
1.01018
1.0088
1.00823
1.00767
1.00741
1.00758
1.00946
1.0103
1.01178
1.01226
1.01292
1.01317
1.01368
1.0136
1.01395
1.01379
1.01398
1.01364
1.0137
1.01343
1.01332
1.01287
1.01233
1.01156
1.01072
1.00974
1.00868
1.00755
1.00637
1.00524
1.00416
1.00315
1.00275
1.00347
1.00424
1.00417
1.00462
1.0065
1.00745
1.00779
1.00783
1.0079
1.0079
1.00773
1.00768
1.00618
1.00546
1.00517
1.00521
1.00551
1.00552
1.00542
1.00555
1.00543
1.0055
1.00552
1.00561
1.00564
1.0057
1.00572
1.00584
1.00603
1.00652
1.00703
1.00763
1.00832
1.00909
1.00983
1.01064
1.01145
1.01196
1.01219
1.01267
1.01307
1.01307
1.01242
1.01171
1.01137
1.01116
1.01026
1.0091
1.00857
1.00823
1.00795
1.00784
1.00746
1.00902
1.00961
1.01062
1.01097
1.01162
1.01181
1.01222
1.01226
1.01253
1.01248
1.01263
1.01254
1.01255
1.01236
1.0122
1.01179
1.01128
1.01063
1.00995
1.0092
1.00838
1.00758
1.00692
1.00644
1.00597
1.00562
1.00589
1.00662
1.00687
1.00664
1.00713
1.00801
1.00839
1.00856
1.00867
1.0086
1.00838
1.00812
1.00802
1.00731
1.00717
1.00704
1.00704
1.0072
1.00751
1.00775
1.00787
1.008
1.00802
1.00799
1.00798
1.0079
1.00794
1.00799
1.0081
1.00828
1.00859
1.00898
1.00942
1.00989
1.01041
1.01091
1.01139
1.01179
1.01189
1.01197
1.01222
1.01224
1.01184
1.01094
1.0104
1.01017
1.00985
1.00931
1.00891
1.00857
1.00836
1.00818
1.00813
1.00776
1.00892
1.00938
1.0102
1.01051
1.01093
1.01115
1.01144
1.0115
1.01174
1.01176
1.01205
1.01203
1.01202
1.01186
1.01175
1.01145
1.01105
1.01055
1.01006
1.00951
1.00898
1.00855
1.00824
1.0081
1.00801
1.00809
1.00855
1.00898
1.00894
1.00878
1.00917
1.00946
1.00946
1.00935
1.00914
1.00891
1.00857
1.00834
1.00831
1.00811
1.00836
1.00871
1.00892
1.00919
1.00938
1.00952
1.00964
1.00966
1.00966
1.00965
1.00972
1.00978
1.0098
1.00983
1.00991
1.01007
1.0103
1.01055
1.01079
1.01109
1.01136
1.01161
1.01184
1.01187
1.01177
1.01177
1.01181
1.01163
1.01111
1.01054
1.01025
1.00993
1.00968
1.00949
1.0093
1.0091
1.0088
1.00858
1.00852
1.00846
1.00933
1.00969
1.0103
1.01057
1.01091
1.01114
1.01136
1.01151
1.01173
1.01184
1.01206
1.01202
1.01208
1.01196
1.01192
1.0117
1.01144
1.01109
1.01072
1.01034
1.0101
1.00999
1.00995
1.00997
1.01002
1.01019
1.01051
1.01067
1.01063
1.01058
1.01056
1.01046
1.01013
1.00986
1.00963
1.00937
1.0091
1.00895
1.00889
1.0089
1.00952
1.00984
1.0103
1.01057
1.01082
1.01098
1.01118
1.01121
1.01127
1.01125
1.01132
1.0113
1.01142
1.01143
1.01149
1.01147
1.01158
1.01169
1.01179
1.01193
1.01208
1.01222
1.01225
1.01212
1.01201
1.012
1.01187
1.01158
1.01123
1.01099
1.01088
1.01078
1.01049
1.01019
1.00995
1.00967
1.0094
1.00913
1.00905
1.00956
1.01013
1.01045
1.01096
1.0112
1.01157
1.01171
1.01203
1.01214
1.01238
1.01243
1.01261
1.01257
1.01267
1.01258
1.01257
1.01243
1.01228
1.01202
1.01174
1.01158
1.01155
1.0116
1.01163
1.01161
1.01167
1.01189
1.01193
1.01183
1.01151
1.01137
1.0113
1.01117
1.01084
1.01053
1.01033
1.01016
1.00991
1.00956
1.00942
1.00999
1.01058
1.01092
1.01141
1.01168
1.01204
1.01214
1.01239
1.01244
1.01265
1.01264
1.01278
1.01274
1.01283
1.01274
1.01275
1.01264
1.0126
1.01253
1.01246
1.01239
1.01236
1.01234
1.01224
1.01209
1.01207
1.01212
1.01207
1.01191
1.01175
1.01167
1.01164
1.01155
1.01124
1.01086
1.01066
1.01053
1.01029
1.00981
1.00961
1.01053
1.01115
1.0115
1.01199
1.01227
1.01263
1.01278
1.01308
1.01314
1.01337
1.01342
1.01356
1.01352
1.01363
1.01352
1.01353
1.01337
1.01327
1.01302
1.0128
1.01264
1.01258
1.01256
1.01252
1.01248
1.01253
1.01256
1.01245
1.01226
1.01211
1.01207
1.01209
1.01199
1.01173
1.01142
1.01118
1.01106
1.0109
1.01053
1.01015
1.01114
1.01178
1.01212
1.01261
1.01288
1.01324
1.01341
1.0137
1.01378
1.01401
1.01405
1.01419
1.01415
1.01425
1.01414
1.01417
1.01402
1.01396
1.0138
1.01368
1.01355
1.0135
1.01341
1.01328
1.01319
1.01322
1.01317
1.01302
1.01284
1.0127
1.01267
1.01266
1.0125
1.01221
1.01192
1.01161
1.01144
1.01126
1.01098
1.01055
1.01183
1.01246
1.0128
1.01328
1.01355
1.01394
1.01412
1.01443
1.01453
1.01476
1.01481
1.01496
1.01493
1.01503
1.01493
1.01495
1.01481
1.01477
1.0146
1.01449
1.01435
1.0143
1.01419
1.01404
1.01393
1.0139
1.01378
1.01366
1.0135
1.01338
1.01337
1.01334
1.01315
1.01287
1.01264
1.01236
1.01214
1.01198
1.01184
1.01154
1.01255
1.01319
1.01353
1.01406
1.01431
1.01474
1.01493
1.01527
1.01535
1.01562
1.01564
1.01582
1.01579
1.0159
1.01581
1.01583
1.01573
1.01572
1.01558
1.0155
1.01536
1.01531
1.01513
1.01496
1.01484
1.01474
1.01457
1.01441
1.01419
1.01405
1.014
1.01392
1.01366
1.01335
1.01308
1.01277
1.01246
1.01222
1.01198
1.01177
1.01343
1.01412
1.01442
1.01498
1.01521
1.01566
1.01582
1.01619
1.01628
1.01657
1.01657
1.01678
1.01673
1.01686
1.01675
1.01683
1.01673
1.01678
1.01666
1.01659
1.01646
1.01638
1.01613
1.01591
1.01574
1.0156
1.01544
1.01529
1.01502
1.01489
1.01483
1.01471
1.01441
1.01415
1.01393
1.01366
1.01341
1.01313
1.01288
1.01273
1.01443
1.01511
1.01542
1.016
1.0162
1.01667
1.01682
1.01721
1.01732
1.01761
1.01764
1.01786
1.01781
1.01796
1.01786
1.01796
1.01791
1.01798
1.01783
1.01777
1.01758
1.0174
1.01705
1.01681
1.01659
1.01648
1.0164
1.01624
1.01598
1.01586
1.01572
1.01542
1.01505
1.01477
1.01443
1.01405
1.01375
1.01333
1.01303
1.01286
1.01551
1.01621
1.01653
1.01714
1.01736
1.01789
1.01801
1.01843
1.01851
1.01884
1.01883
1.01907
1.01903
1.01917
1.01909
1.01923
1.01916
1.01925
1.01909
1.01901
1.01875
1.01845
1.01806
1.01784
1.01767
1.01764
1.01757
1.01734
1.01713
1.01701
1.01675
1.01638
1.01611
1.01588
1.01546
1.01509
1.01481
1.01438
1.01411
1.01396
1.01678
1.01748
1.01779
1.0184
1.01862
1.01915
1.01929
1.01973
1.01982
1.02021
1.02017
1.02048
1.0204
1.02057
1.02055
1.0207
1.02066
1.02071
1.02051
1.02038
1.01993
1.01954
1.01906
1.01881
1.01868
1.01868
1.0185
1.01822
1.01804
1.01794
1.01762
1.01722
1.01698
1.01667
1.01613
1.01574
1.01531
1.01472
1.01442
1.0143
1.01808
1.01876
1.01915
1.0198
1.02006
1.02062
1.02082
1.02132
1.02137
1.0218
1.02178
1.02208
1.02208
1.02232
1.02234
1.02258
1.02252
1.02263
1.02234
1.02213
1.02153
1.02109
1.02059
1.02038
1.02033
1.0203
1.01999
1.01963
1.0195
1.01946
1.01921
1.01876
1.01848
1.01818
1.01779
1.01747
1.01689
1.01623
1.01589
1.01573
1.01958
1.02038
1.02084
1.02153
1.0218
1.02241
1.02259
1.02314
1.0232
1.02366
1.02366
1.02404
1.02408
1.02443
1.02441
1.0247
1.02455
1.02458
1.02418
1.02381
1.02324
1.02272
1.02228
1.02217
1.02215
1.02196
1.02135
1.02095
1.02079
1.02076
1.02032
1.01984
1.0195
1.01911
1.01874
1.01839
1.01762
1.01685
1.0165
1.01645
1.02144
1.0223
1.02277
1.02355
1.02388
1.02457
1.02476
1.02535
1.02543
1.02599
1.026
1.02653
1.02655
1.02698
1.02691
1.02716
1.02686
1.02684
1.0263
1.02604
1.02542
1.02514
1.02483
1.02493
1.02482
1.02456
1.02393
1.0238
1.02366
1.02348
1.02301
1.02276
1.02232
1.0218
1.02132
1.0207
1.01982
1.0191
1.01869
1.01865
1.02392
1.02485
1.02525
1.02607
1.02636
1.0271
1.02727
1.02792
1.02802
1.02866
1.02875
1.02933
1.02931
1.02971
1.02949
1.02959
1.02909
1.02899
1.02842
1.02829
1.02768
1.02746
1.0271
1.02711
1.02662
1.02612
1.02565
1.02562
1.02513
1.0247
1.02426
1.02415
1.02361
1.02311
1.02237
1.02153
1.02068
1.02011
1.01969
1.01959
1.0269
1.02793
1.02827
1.02921
1.02949
1.0303
1.0305
1.03127
1.03146
1.03223
1.03238
1.03299
1.0329
1.03323
1.03286
1.03293
1.03238
1.03245
1.03206
1.03202
1.0314
1.03126
1.03096
1.03089
1.03013
1.02977
1.02952
1.02949
1.02891
1.02843
1.0281
1.02785
1.02722
1.02669
1.02575
1.02461
1.02369
1.0231
1.02271
1.02265
1.03026
1.03122
1.03171
1.03269
1.03315
1.03405
1.03443
1.03524
1.03546
1.03614
1.03608
1.03647
1.03613
1.03638
1.03592
1.03608
1.03569
1.03604
1.03563
1.03546
1.03468
1.03469
1.03428
1.03386
1.03291
1.03265
1.03237
1.03202
1.0311
1.03073
1.03025
1.02971
1.02906
1.02856
1.0273
1.02604
1.02493
1.02421
1.02376
1.02368
1.03431
1.0355
1.03625
1.03734
1.03805
1.03899
1.03948
1.04025
1.04048
1.04102
1.04092
1.04131
1.04114
1.04152
1.04125
1.04165
1.04153
1.04194
1.04125
1.04098
1.04045
1.04079
1.04022
1.03961
1.03887
1.03895
1.03841
1.03765
1.03668
1.0365
1.03579
1.03515
1.03425
1.0333
1.03181
1.03074
1.02955
1.02861
1.02798
1.02812
1.03896
1.04013
1.04123
1.04231
1.04301
1.04386
1.04419
1.0449
1.04489
1.04549
1.04535
1.04605
1.04585
1.04626
1.04595
1.0465
1.04633
1.04635
1.04552
1.04587
1.04593
1.04613
1.04479
1.04423
1.04358
1.04321
1.04215
1.04133
1.04069
1.04024
1.03938
1.03868
1.03747
1.03624
1.03501
1.03389
1.03232
1.03113
1.03024
1.03015
1.04636
1.04806
1.04866
1.05015
1.05069
1.05205
1.05239
1.05347
1.05368
1.05469
1.05497
1.05565
1.05543
1.05595
1.05604
1.05656
1.05552
1.055
1.05432
1.05483
1.05413
1.05339
1.0521
1.05205
1.05123
1.05107
1.0501
1.04997
1.04902
1.04846
1.0476
1.04656
1.04489
1.04344
1.04188
1.0405
1.03874
1.03743
1.03622
1.0359
1.05394
1.05676
1.05738
1.05925
1.05966
1.06105
1.06172
1.06296
1.06407
1.06511
1.06559
1.06608
1.06684
1.06811
1.06847
1.06845
1.06799
1.06909
1.0698
1.07035
1.06929
1.0689
1.06795
1.06764
1.06609
1.06516
1.0636
1.06222
1.06003
1.05858
1.05634
1.05476
1.05296
1.05129
1.04905
1.04718
1.04513
1.04374
1.04221
1.04121
1.0669
1.06795
1.06943
1.07073
1.072
1.07316
1.07447
1.07567
1.07644
1.07684
1.07719
1.07853
1.07937
1.07975
1.07866
1.07838
1.07822
1.07851
1.07726
1.07613
1.07407
1.07277
1.07139
1.07077
1.06979
1.06928
1.06804
1.06742
1.0657
1.06513
1.06348
1.06285
1.06099
1.0599
1.05736
1.05576
1.05314
1.05178
1.04973
1.04869
1.08628
1.08887
1.09065
1.09345
1.09474
1.09756
1.09856
1.1005
1.10144
1.10387
1.10518
1.10721
1.10769
1.10953
1.10986
1.11179
1.11248
1.11485
1.11542
1.11701
1.11688
1.11729
1.11596
1.11564
1.11379
1.11268
1.10996
1.10795
1.10437
1.10148
1.09736
1.09401
1.0894
1.08566
1.08082
1.07679
1.07212
1.06884
1.06547
1.06351
1.11502
1.11329
1.11376
1.11479
1.11574
1.11701
1.11831
1.1197
1.12075
1.12174
1.12248
1.12313
1.12318
1.12344
1.12326
1.12299
1.12214
1.12107
1.1194
1.11721
1.11469
1.11221
1.10963
1.10752
1.10521
1.10331
1.10125
1.09953
1.09747
1.09577
1.09354
1.09177
1.08923
1.08696
1.08381
1.08075
1.07725
1.07435
1.07174
1.07049
1.1393
1.15004
1.15999
1.17022
1.17673
1.18535
1.19089
1.1984
1.20325
1.20989
1.21399
1.21983
1.22319
1.22829
1.23087
1.23531
1.23724
1.24117
1.24255
1.24572
1.24578
1.24735
1.24561
1.24514
1.24184
1.23963
1.23459
1.23051
1.2239
1.21812
1.21005
1.20293
1.19395
1.18625
1.17688
1.16918
1.15968
1.1516
1.14097
1.13098
1.20049
1.19586
1.20155
1.20408
1.21337
1.2171
1.22623
1.22939
1.23739
1.23954
1.24605
1.24694
1.25162
1.25123
1.25425
1.2529
1.2548
1.25296
1.25377
1.25066
1.24947
1.24407
1.24073
1.23365
1.22949
1.22231
1.21755
1.21024
1.20505
1.19771
1.19232
1.18538
1.1805
1.17396
1.16869
1.15937
1.14938
1.13405
1.12091
1.10847
1.2826
1.30542
1.35289
1.38833
1.42556
1.45659
1.49019
1.51789
1.54757
1.57172
1.59785
1.61811
1.64043
1.65623
1.67371
1.68438
1.69607
1.70161
1.70774
1.70939
1.71137
1.71034
1.70864
1.7044
1.69801
1.68934
1.67903
1.6664
1.65204
1.63542
1.61733
1.59689
1.57533
1.55106
1.52643
1.4989
1.47272
1.44492
1.41808
1.39058
1.0053
1.00603
1.00627
1.00654
1.00669
1.00676
1.00682
1.00689
1.00708
1.00731
1.00754
1.00761
1.00763
1.00766
1.00777
1.00794
1.00789
1.00774
1.00742
1.00689
1.00645
1.00588
1.00509
1.00413
1.00297
1.00155
1.00001
0.998459
0.996766
0.99516
0.993463
0.991916
0.990015
0.988244
0.987238
0.985905
0.98599
0.984803
0.985491
0.98395
1.00564
1.00631
1.00654
1.00679
1.00688
1.00691
1.00696
1.00709
1.00732
1.00763
1.00784
1.0079
1.00791
1.00793
1.008
1.00807
1.00806
1.00791
1.00748
1.00699
1.00658
1.00593
1.00507
1.00403
1.00295
1.00144
1.00003
0.998298
0.996477
0.994863
0.993115
0.991531
0.989677
0.98794
0.986838
0.98554
0.985707
0.984388
0.984999
0.98347
1.00605
1.00664
1.00671
1.007
1.00699
1.00708
1.0071
1.00727
1.00756
1.00775
1.00782
1.00787
1.00799
1.00802
1.00795
1.0078
1.00777
1.00753
1.00722
1.00678
1.00625
1.00547
1.0046
1.00347
1.00227
1.00101
0.999317
0.997481
0.99594
0.994034
0.992336
0.990641
0.988993
0.987551
0.986506
0.985384
0.985457
0.983933
0.984311
0.983042
1.00641
1.00692
1.00686
1.00718
1.00709
1.00723
1.00723
1.00743
1.00763
1.00777
1.00769
1.00774
1.00794
1.008
1.00777
1.00751
1.00727
1.00707
1.00687
1.00635
1.00567
1.00495
1.00404
1.00285
1.00173
1.00042
0.998737
0.99708
0.995294
0.993439
0.99158
0.989753
0.988275
0.987106
0.986189
0.985127
0.985162
0.983538
0.983517
0.982381
1.00689
1.0072
1.00713
1.00741
1.00724
1.00738
1.00739
1.00766
1.00779
1.00784
1.00769
1.00768
1.0079
1.00798
1.00764
1.00729
1.0072
1.00706
1.00669
1.00625
1.00548
1.0047
1.00375
1.0026
1.00146
1.00006
0.998532
0.996585
0.995028
0.992845
0.99106
0.989038
0.987559
0.986535
0.985778
0.984692
0.984746
0.983264
0.983005
0.981557
1.00732
1.00748
1.00735
1.0076
1.00738
1.00751
1.00756
1.00792
1.00793
1.00805
1.00797
1.00793
1.00801
1.00809
1.00793
1.00758
1.00738
1.0072
1.00698
1.00638
1.00566
1.00473
1.00369
1.00239
1.0012
0.99986
0.998145
0.996636
0.994503
0.992636
0.99049
0.988486
0.986918
0.985926
0.985266
0.984098
0.984264
0.983027
0.982868
0.981264
1.00769
1.00773
1.00765
1.00788
1.00767
1.00783
1.00788
1.00826
1.00837
1.00849
1.00846
1.00828
1.00819
1.00832
1.00823
1.00794
1.0079
1.00778
1.00741
1.00683
1.00592
1.00488
1.00383
1.00261
1.00139
0.999732
0.99815
0.996307
0.994464
0.992088
0.989962
0.987924
0.986371
0.98534
0.984723
0.983522
0.983805
0.982807
0.982841
0.981196
1.00787
1.00783
1.0078
1.00809
1.00798
1.00815
1.00806
1.00851
1.00878
1.00877
1.00875
1.00869
1.0085
1.00857
1.00861
1.00827
1.00817
1.00801
1.00741
1.00704
1.00632
1.00551
1.00429
1.00301
1.00143
0.999905
0.998079
0.996282
0.993711
0.991646
0.989276
0.987368
0.985694
0.984558
0.984029
0.982987
0.983352
0.982558
0.983039
0.981071
1.00804
1.00789
1.00792
1.00822
1.0082
1.00838
1.00827
1.0088
1.00904
1.00902
1.00901
1.00909
1.00892
1.00867
1.00875
1.00861
1.00839
1.00841
1.00792
1.00759
1.00694
1.00595
1.00476
1.00362
1.002
1.00016
0.997843
0.995677
0.993415
0.99087
0.988707
0.986688
0.985017
0.983788
0.983324
0.98247
0.982952
0.982239
0.983039
0.981084
1.0082
1.00808
1.00818
1.00849
1.00851
1.00865
1.00845
1.0089
1.00921
1.00928
1.00914
1.00921
1.00925
1.00886
1.00881
1.00865
1.00825
1.00827
1.00797
1.00744
1.00707
1.00632
1.00527
1.00369
1.0017
0.999713
0.9976
0.995209
0.992291
0.990177
0.987765
0.985838
0.983969
0.982868
0.982494
0.981874
0.982475
0.981829
0.982805
0.981258
1.00842
1.00835
1.00851
1.00862
1.00888
1.00898
1.00883
1.00921
1.00954
1.00963
1.00933
1.00924
1.00939
1.00907
1.00904
1.00881
1.00836
1.00854
1.00844
1.00797
1.00764
1.00665
1.00541
1.00386
1.00204
0.999756
0.996996
0.994382
0.992078
0.989544
0.987171
0.984939
0.983086
0.982054
0.981683
0.981272
0.982077
0.981501
0.982707
0.981526
1.00865
1.00877
1.00886
1.0089
1.00934
1.00938
1.00928
1.00944
1.00958
1.00978
1.00951
1.00925
1.00948
1.0093
1.00929
1.00927
1.00885
1.00861
1.00849
1.00794
1.00739
1.00669
1.00538
1.00374
1.00134
0.998874
0.996641
0.993958
0.991071
0.988631
0.986131
0.983999
0.981986
0.98094
0.98059
0.980318
0.981382
0.980923
0.982716
0.981695
1.00905
1.00922
1.00916
1.00913
1.00965
1.0099
1.00993
1.00991
1.00992
1.01023
1.0102
1.00993
1.01017
1.00996
1.00989
1.01011
1.00991
1.00937
1.0093
1.00872
1.00783
1.00669
1.00516
1.00334
1.00143
0.999051
0.995976
0.993029
0.99051
0.987858
0.985454
0.983087
0.981049
0.980002
0.979752
0.979502
0.980938
0.980574
0.98285
0.981966
1.00923
1.00942
1.00941
1.00933
1.00967
1.00997
1.01019
1.00991
1.00973
1.01003
1.01018
1.01013
1.01033
1.01011
1.00993
1.01015
1.01023
1.00953
1.00931
1.00846
1.00739
1.00606
1.00465
1.00313
1.0006
0.997966
0.995219
0.99243
0.98938
0.986331
0.983825
0.981507
0.979457
0.978383
0.978388
0.97814
0.980033
0.979951
0.982759
0.981995
1.00962
1.00979
1.0098
1.00957
1.00982
1.01016
1.01048
1.01023
1.01024
1.01049
1.01068
1.01089
1.01105
1.0108
1.01035
1.01017
1.01044
1.01011
1.00965
1.00893
1.00777
1.00638
1.00477
1.00292
1.00077
0.998235
0.995131
0.991669
0.988472
0.985586
0.982987
0.98035
0.978201
0.977261
0.977482
0.977199
0.979512
0.979763
0.98281
0.982304
1.00969
1.0099
1.01004
1.00999
1.01006
1.0105
1.01074
1.01057
1.01058
1.01067
1.01087
1.0111
1.01121
1.01106
1.01056
1.01012
1.01011
1.00989
1.00951
1.00889
1.00743
1.00607
1.00453
1.0026
1.00005
0.997207
0.994082
0.990776
0.987559
0.984034
0.981235
0.978429
0.976303
0.9754
0.975917
0.975288
0.978077
0.978717
0.982117
0.982298
1.01018
1.01051
1.01086
1.01079
1.01089
1.0114
1.0117
1.01171
1.0116
1.01157
1.01192
1.01221
1.01221
1.01218
1.01162
1.01093
1.01055
1.01008
1.00968
1.00894
1.00756
1.00623
1.00432
1.00213
0.999645
0.996869
0.993697
0.99002
0.98612
0.982722
0.979914
0.977
0.974857
0.974004
0.974809
0.974133
0.977388
0.978153
0.982476
0.983309
1.01049
1.01077
1.01113
1.01125
1.01139
1.01176
1.01208
1.01216
1.01212
1.01198
1.01215
1.01239
1.01237
1.01229
1.01196
1.01147
1.01111
1.01038
1.00974
1.00883
1.0076
1.00626
1.00421
1.00176
0.998946
0.995851
0.992415
0.988703
0.984875
0.981043
0.977889
0.975045
0.972828
0.971862
0.973264
0.971835
0.97556
0.976558
0.981384
0.9835
1.01134
1.01157
1.01163
1.012
1.01215
1.0125
1.01265
1.01269
1.01249
1.01255
1.01281
1.0128
1.01287
1.01287
1.01268
1.01225
1.01183
1.01096
1.00994
1.00884
1.00738
1.00561
1.0033
1.00071
0.997823
0.994489
0.990994
0.987198
0.982987
0.97872
0.975757
0.972984
0.970653
0.969669
0.971552
0.970321
0.974525
0.975751
0.981472
0.984881
1.01167
1.0119
1.01191
1.01217
1.01233
1.01298
1.01339
1.01347
1.01333
1.01322
1.01301
1.01284
1.0131
1.0131
1.01294
1.01281
1.01263
1.01196
1.01092
1.00962
1.00807
1.00609
1.0038
1.00101
0.997746
0.994044
0.990221
0.986005
0.981542
0.977215
0.973714
0.970878
0.968028
0.96675
0.969425
0.967348
0.972037
0.973225
0.979272
0.983778
1.01273
1.01293
1.01294
1.01307
1.01315
1.01389
1.01418
1.01405
1.01376
1.01374
1.01351
1.01327
1.01342
1.01351
1.01322
1.01274
1.0123
1.01126
1.01026
1.00887
1.00697
1.00487
1.00222
0.999019
0.995536
0.991525
0.987535
0.983117
0.978629
0.974136
0.970617
0.967756
0.964936
0.963731
0.967062
0.965433
0.970417
0.972169
0.978374
0.985036
1.01295
1.01316
1.0134
1.0136
1.01365
1.01413
1.01441
1.01484
1.01506
1.01542
1.01515
1.01471
1.01447
1.01451
1.01447
1.01403
1.01369
1.01262
1.01163
1.00994
1.00809
1.00568
1.0028
0.999551
0.995686
0.991371
0.986849
0.981936
0.976936
0.971912
0.967912
0.96474
0.961375
0.959768
0.963843
0.961552
0.966927
0.96872
0.974528
0.982654
1.01402
1.01441
1.01491
1.01529
1.01514
1.01507
1.01516
1.01531
1.01547
1.01576
1.01553
1.01503
1.01459
1.01443
1.01418
1.01374
1.01323
1.01183
1.01037
1.00845
1.00624
1.00373
1.00055
0.996885
0.992663
0.988016
0.983198
0.97801
0.972871
0.967825
0.963802
0.960664
0.957464
0.956109
0.960711
0.959071
0.964474
0.96714
0.972576
0.982516
1.01451
1.01486
1.0153
1.0159
1.01598
1.01602
1.0162
1.01639
1.01635
1.01669
1.01684
1.01689
1.01663
1.01641
1.01581
1.01505
1.01441
1.01317
1.01189
1.00989
1.00751
1.00471
1.00119
0.996994
0.992356
0.987343
0.981806
0.97611
0.970142
0.964691
0.959974
0.956428
0.952654
0.95097
0.956148
0.95404
0.959386
0.962455
0.967545
0.978005
1.01583
1.01605
1.01635
1.01688
1.01719
1.01744
1.01762
1.0178
1.01759
1.01773
1.0176
1.01749
1.01707
1.01666
1.01588
1.01478
1.0139
1.01246
1.01056
1.00817
1.00519
1.00214
0.99824
0.993735
0.98884
0.983069
0.977315
0.97088
0.965201
0.959106
0.954487
0.950808
0.947455
0.94621
0.95178
0.950877
0.956134
0.960121
0.965507
0.976662
1.01678
1.01732
1.01771
1.01819
1.01844
1.01892
1.01918
1.01938
1.01932
1.01931
1.01886
1.01871
1.01843
1.01824
1.01741
1.01631
1.01522
1.01328
1.01126
1.00866
1.00589
1.00249
0.998205
0.993046
0.987391
0.981261
0.974273
0.967966
0.9604
0.954587
0.948816
0.944939
0.941206
0.939474
0.945267
0.944382
0.949026
0.953944
0.959264
0.97005
1.01893
1.01929
1.01957
1.01974
1.0199
1.02041
1.0207
1.02081
1.0208
1.02079
1.02042
1.02001
1.01947
1.01892
1.01766
1.01655
1.01484
1.01304
1.0105
1.00769
1.00398
0.999728
0.994703
0.989034
0.98312
0.975853
0.968834
0.960717
0.954303
0.946783
0.94187
0.937427
0.934396
0.933245
0.939356
0.940126
0.945251
0.950828
0.95718
0.968387
1.01972
1.02013
1.02052
1.021
1.02127
1.02165
1.02173
1.02193
1.02173
1.02179
1.02176
1.02127
1.02072
1.01983
1.01856
1.01714
1.0157
1.01349
1.01072
1.00717
1.00315
0.998372
0.992937
0.986921
0.9795
0.971915
0.963172
0.955712
0.94666
0.939997
0.932974
0.928936
0.925543
0.923866
0.929662
0.931015
0.935973
0.942224
0.948991
0.959993
1.02281
1.02289
1.0231
1.02341
1.02373
1.0241
1.02426
1.02451
1.0241
1.02415
1.02352
1.02301
1.02199
1.02124
1.01944
1.01793
1.0155
1.01277
1.00927
1.00535
1.00074
0.99502
0.988957
0.981448
0.97372
0.96444
0.956025
0.946221
0.937863
0.929158
0.923908
0.919436
0.916317
0.915661
0.921437
0.925232
0.931095
0.938067
0.946348
0.958707
1.02365
1.02372
1.02389
1.02411
1.02432
1.0244
1.0244
1.02466
1.02481
1.02496
1.02444
1.02379
1.02297
1.0218
1.02003
1.01795
1.01537
1.01226
1.00833
1.00406
0.998564
0.992
0.984609
0.976325
0.966821
0.957464
0.94636
0.936713
0.926163
0.918481
0.910614
0.905901
0.903347
0.902112
0.906987
0.912288
0.917886
0.925887
0.934903
0.947855
1.02833
1.0286
1.02886
1.02904
1.02912
1.02911
1.0289
1.02901
1.02847
1.02816
1.0271
1.02657
1.02467
1.0233
1.02052
1.01817
1.01486
1.01084
1.00636
1.0005
0.993764
0.985791
0.977865
0.967726
0.957907
0.945845
0.935521
0.923367
0.913562
0.903899
0.897644
0.893257
0.890663
0.891011
0.895963
0.904177
0.911969
0.920697
0.931521
0.946523
1.03018
1.03015
1.03025
1.02999
1.03012
1.03009
1.03035
1.0301
1.02981
1.02912
1.02815
1.0268
1.02515
1.02319
1.02019
1.01752
1.01329
1.00877
1.00247
0.996133
0.988061
0.979526
0.96876
0.957566
0.944796
0.932745
0.91881
0.906882
0.894313
0.884992
0.876628
0.872174
0.870592
0.870461
0.874242
0.884876
0.893208
0.903021
0.915053
0.931195
1.03548
1.03584
1.03596
1.03643
1.03637
1.03639
1.036
1.03561
1.03461
1.03363
1.03184
1.03005
1.02738
1.02467
1.02101
1.017
1.01162
1.00546
0.998568
0.990103
0.980524
0.968784
0.957276
0.943147
0.930163
0.91495
0.901208
0.886884
0.874816
0.86451
0.85745
0.854169
0.85325
0.855563
0.859942
0.873764
0.88607
0.897505
0.911822
0.930074
1.04061
1.04039
1.04063
1.04048
1.04035
1.03963
1.03878
1.03747
1.03594
1.03404
1.03172
1.02912
1.0258
1.02218
1.01717
1.01251
1.00531
0.998482
0.988621
0.979249
0.966207
0.953862
0.937852
0.923043
0.905619
0.889143
0.871362
0.856257
0.841836
0.831046
0.823442
0.819873
0.82035
0.82309
0.826899
0.843407
0.858329
0.871976
0.886938
0.910989
1.04746
1.04758
1.04713
1.04734
1.0467
1.04611
1.04463
1.04305
1.04099
1.03854
1.03558
1.03203
1.02811
1.02287
1.01699
1.00925
1.00098
0.990544
0.97927
0.965336
0.950705
0.933469
0.91621
0.89672
0.878686
0.858375
0.840617
0.823938
0.810009
0.799651
0.793637
0.792986
0.796668
0.803337
0.808876
0.828788
0.849769
0.867307
0.886247
0.908172
1.06176
1.06099
1.05974
1.05878
1.05671
1.055
1.0517
1.04899
1.04459
1.04108
1.03546
1.03079
1.02335
1.01692
1.00692
0.997957
0.984664
0.972403
0.955171
0.939259
0.918262
0.899255
0.875533
0.854442
0.829552
0.80729
0.785993
0.767033
0.751955
0.740332
0.735574
0.736164
0.742256
0.751338
0.757894
0.782976
0.807979
0.831286
0.852962
0.879884
1.07
1.06837
1.06705
1.06423
1.06158
1.05792
1.05451
1.05022
1.04617
1.04068
1.03514
1.02721
1.01931
1.00819
0.997061
0.981839
0.966693
0.946985
0.927481
0.903701
0.880007
0.85321
0.826573
0.799895
0.772672
0.748848
0.726699
0.709245
0.696346
0.688487
0.690563
0.695828
0.709567
0.729821
0.742058
0.767678
0.80037
0.829274
0.860322
0.887195
1.11868
1.11199
1.10131
1.09615
1.08748
1.08389
1.07568
1.07152
1.06108
1.05422
1.04
1.02952
1.011
0.996081
0.972755
0.9526
0.924491
0.89881
0.866017
0.83444
0.799308
0.764993
0.730035
0.695883
0.664025
0.63504
0.610303
0.589779
0.579991
0.571203
0.580804
0.585881
0.607829
0.642319
0.663302
0.694214
0.735551
0.770719
0.825328
0.858124
1.10751
1.10119
1.10565
1.1026
1.1047
1.09618
1.09005
1.07402
1.05976
1.03741
1.01644
0.988913
0.961708
0.929175
0.895532
0.858169
0.818855
0.77904
0.73579
0.697583
0.654054
0.619106
0.579737
0.552093
0.522611
0.507672
0.48939
0.496535
0.49958
0.523191
0.552316
0.592315
0.626117
0.675853
0.724592
0.766176
0.807384
0.853057
0.88315
0.933436
1.36318
1.33676
1.29858
1.26134
1.21462
1.17233
1.12224
1.07759
1.02603
0.980015
0.927051
0.879197
0.824545
0.774867
0.718901
0.66791
0.611557
0.559653
0.506429
0.455726
0.408417
0.363172
0.327839
0.297101
0.293284
0.290411
0.288968
0.350192
0.386716
0.440644
0.513315
0.556082
0.648298
0.682645
0.771943
0.816686
0.896197
0.943007
1.01243
1.05405
0.99999
1
1.00001
1.00001
1.00002
1.00002
1.00003
1.00003
1.00003
1.00004
1.00004
1.00004
1.00004
1.00005
1.00005
1.00005
1.00005
1.00005
1.00005
1.00005
1.00005
1.00005
1.00005
1.00005
1.00005
1.00005
1.00005
1.00004
1.00004
1.00004
1.00004
1.00003
1.00003
1.00002
1.00002
1.00001
1.00001
1
1
0.999982
0.99994
1.00001
0.99999
0.999976
0.999962
0.999953
0.999946
0.999939
0.999934
0.999929
0.999924
0.99992
0.999916
0.999913
0.999911
0.999909
0.999906
0.999905
0.999903
0.999902
0.9999
0.999899
0.999898
0.999898
0.999897
0.999896
0.999896
0.999897
0.999897
0.999898
0.9999
0.999902
0.999905
0.999909
0.999914
0.999919
0.999925
0.999931
0.999936
0.999892
0.999943
1.00003
1.00001
0.999997
0.999984
0.999974
0.999964
0.999956
0.999947
0.999939
0.999931
0.999923
0.999915
0.999908
0.9999
0.999893
0.999886
0.99988
0.999873
0.999868
0.999862
0.999857
0.999853
0.999849
0.999846
0.999843
0.999842
0.999841
0.999841
0.999842
0.999843
0.999845
0.999848
0.999852
0.999856
0.999861
0.999867
0.999872
0.999881
0.999783
0.999978
1.00009
1.00008
1.00007
1.00006
1.00005
1.00005
1.00005
1.00004
1.00004
1.00004
1.00004
1.00003
1.00003
1.00002
1.00002
1.00001
1.00001
1
0.999996
0.999989
0.999982
0.999975
0.999968
0.999961
0.999953
0.999946
0.999938
0.999931
0.999923
0.999916
0.99991
0.999903
0.999898
0.999894
0.999891
0.999891
0.999893
0.9999
0.999791
1.00014
1.0003
1.0003
1.00029
1.00029
1.00029
1.00029
1.00029
1.00028
1.00028
1.00028
1.00027
1.00027
1.00026
1.00026
1.00025
1.00025
1.00024
1.00023
1.00022
1.00021
1.0002
1.00018
1.00017
1.00016
1.00014
1.00012
1.00011
1.00009
1.00007
1.00006
1.00004
1.00002
1.00001
0.999993
0.99998
0.999974
0.999978
0.999988
0.999827
1.00015
1.00034
1.00033
1.00032
1.00032
1.00032
1.00031
1.00031
1.00031
1.0003
1.0003
1.00029
1.00029
1.00028
1.00027
1.00026
1.00025
1.00024
1.00023
1.00021
1.0002
1.00018
1.00016
1.00015
1.00013
1.00011
1.00009
1.00007
1.00005
1.00003
1.00001
0.999988
0.999971
0.999955
0.999942
0.999932
0.999929
0.999931
0.999938
0.999751
0.999988
1.00022
1.00021
1.00019
1.00017
1.00016
1.00015
1.00014
1.00012
1.00011
1.00009
1.00008
1.00006
1.00004
1.00003
1.00001
0.99999
0.999967
0.999946
0.999923
0.999902
0.999878
0.999855
0.999832
0.999809
0.999786
0.999764
0.999742
0.999721
0.999702
0.999684
0.999666
0.999652
0.99964
0.999632
0.999626
0.999623
0.999624
0.999628
0.99939
0.99998
1.00023
1.00022
1.0002
1.00018
1.00016
1.00014
1.00012
1.0001
1.00008
1.00006
1.00003
1
0.99998
0.999953
0.999925
0.9999
0.999869
0.999833
0.999803
0.999771
0.999739
0.999707
0.999675
0.999644
0.999614
0.999586
0.999558
0.999534
0.999511
0.999492
0.999475
0.999462
0.999448
0.999436
0.999429
0.999427
0.99943
0.999434
0.999156
1.00016
1.00044
1.00043
1.00042
1.00041
1.00039
1.00038
1.00037
1.00035
1.00034
1.00032
1.0003
1.00028
1.00026
1.00024
1.00021
1.00019
1.00015
1.00012
1.00008
1.00005
1.00001
0.999972
0.999931
0.99989
0.999848
0.999807
0.999764
0.999723
0.999684
0.999647
0.999611
0.999578
0.999551
0.999527
0.999509
0.999494
0.999486
0.999485
0.999185
1.00041
1.00073
1.00072
1.00071
1.00071
1.0007
1.00069
1.00067
1.00066
1.00064
1.00062
1.0006
1.00057
1.00054
1.00051
1.00047
1.00044
1.0004
1.00035
1.00031
1.00026
1.00021
1.00015
1.0001
1.00004
0.999984
0.999926
0.999867
0.999811
0.999754
0.999698
0.999646
0.999597
0.999554
0.999517
0.999484
0.999458
0.999445
0.999438
0.999124
1.00041
1.00074
1.00073
1.00071
1.0007
1.00068
1.00067
1.00065
1.00062
1.0006
1.00057
1.00054
1.00051
1.00047
1.00043
1.00039
1.00034
1.0003
1.00025
1.00019
1.00013
1.00008
1.00002
0.999956
0.999893
0.999829
0.999765
0.999703
0.999642
0.999583
0.999526
0.999473
0.999424
0.999381
0.999342
0.999308
0.999282
0.999266
0.999257
0.998919
1.00045
1.00078
1.00077
1.00076
1.00074
1.00072
1.0007
1.00068
1.00065
1.00062
1.00058
1.00054
1.0005
1.00045
1.00039
1.00034
1.00027
1.00022
1.00016
1.00008
1.00001
0.99993
0.999849
0.999766
0.999681
0.999596
0.999512
0.999428
0.999346
0.999269
0.999199
0.999133
0.999071
0.999016
0.998968
0.99893
0.998899
0.998879
0.998865
0.998511
1.00057
1.00091
1.0009
1.00089
1.00087
1.00085
1.00082
1.0008
1.00076
1.00073
1.00069
1.00065
1.0006
1.00055
1.00049
1.00042
1.00035
1.0003
1.00023
1.00015
1.00006
0.999981
0.999893
0.999802
0.999709
0.999616
0.999523
0.99943
0.999339
0.99925
0.999166
0.999087
0.999013
0.998948
0.998892
0.998846
0.998809
0.998783
0.998765
0.998407
1.00083
1.00118
1.00117
1.00115
1.00113
1.00111
1.00108
1.00105
1.00102
1.00098
1.00093
1.00088
1.00082
1.00076
1.00069
1.00062
1.00054
1.00047
1.00038
1.00029
1.00019
1.00009
0.999986
0.999878
0.999769
0.999659
0.999548
0.99944
0.999334
0.999232
0.999134
0.999044
0.998961
0.998887
0.998823
0.99877
0.998728
0.998698
0.998677
0.998316
1.00093
1.00128
1.00127
1.00125
1.00124
1.00121
1.00118
1.00115
1.00111
1.00107
1.00101
1.00096
1.00089
1.00083
1.00075
1.00067
1.00057
1.00049
1.0004
1.00029
1.00018
1.00007
0.999954
0.999833
0.99971
0.999587
0.999465
0.999343
0.999226
0.999111
0.999
0.998897
0.998803
0.998717
0.998643
0.998581
0.998531
0.998495
0.99847
0.9981
1.00103
1.00138
1.00137
1.00135
1.00133
1.0013
1.00127
1.00123
1.00119
1.00114
1.00109
1.00103
1.00096
1.00088
1.0008
1.00071
1.00061
1.00051
1.0004
1.00029
1.00017
1.00004
0.99991
0.999773
0.999633
0.999492
0.99935
0.99921
0.999072
0.998938
0.998811
0.998691
0.998581
0.99848
0.998394
0.99832
0.998258
0.998217
0.998184
0.997808
1.00119
1.00154
1.00153
1.00151
1.00149
1.00146
1.00143
1.00139
1.00134
1.00129
1.00123
1.00116
1.00108
1.001
1.00091
1.00081
1.0007
1.00059
1.00047
1.00034
1.0002
1.00006
0.999914
0.999762
0.999605
0.999447
0.999288
0.999132
0.998979
0.998829
0.998687
0.998554
0.99843
0.99832
0.99822
0.998137
0.998068
0.998013
0.997978
0.997611
1.00136
1.00171
1.0017
1.00168
1.00165
1.00162
1.00159
1.00154
1.00149
1.00144
1.00137
1.0013
1.00121
1.00112
1.00102
1.00091
1.00079
1.00067
1.00054
1.00039
1.00025
1.00009
0.999924
0.999754
0.999582
0.999407
0.999231
0.999057
0.998886
0.99872
0.998562
0.998412
0.998274
0.998149
0.998037
0.997944
0.997868
0.997804
0.997769
0.997404
1.00152
1.00186
1.00185
1.00183
1.00181
1.00178
1.00174
1.00169
1.00164
1.00158
1.00151
1.00143
1.00134
1.00124
1.00113
1.00101
1.00088
1.00075
1.00061
1.00045
1.00029
1.00011
0.999926
0.999739
0.999547
0.999352
0.999157
0.998964
0.998772
0.998588
0.998411
0.998243
0.998087
0.997947
0.997824
0.997718
0.997634
0.997567
0.997524
0.997145
1.00167
1.00202
1.00201
1.00199
1.00197
1.00193
1.00189
1.00184
1.00179
1.00172
1.00165
1.00156
1.00147
1.00136
1.00125
1.00112
1.00098
1.00084
1.00068
1.00051
1.00033
1.00013
0.99993
0.999724
0.999512
0.999298
0.999082
0.998866
0.998655
0.998449
0.998252
0.998065
0.997893
0.997737
0.997599
0.997479
0.997384
0.997313
0.99726
0.996863
1.00184
1.00219
1.00218
1.00216
1.00213
1.0021
1.00206
1.002
1.00195
1.00188
1.0018
1.00171
1.00161
1.00149
1.00137
1.00123
1.00109
1.00093
1.00076
1.00057
1.00037
1.00016
0.999942
0.999716
0.999483
0.999247
0.999008
0.998771
0.998537
0.99831
0.99809
0.997884
0.997693
0.997518
0.997363
0.997231
0.997122
0.997043
0.996986
0.996587
1.00201
1.00236
1.00235
1.00233
1.0023
1.00227
1.00222
1.00217
1.00211
1.00204
1.00195
1.00186
1.00175
1.00163
1.0015
1.00136
1.0012
1.00103
1.00084
1.00064
1.00043
1.0002
0.999959
0.999712
0.999457
0.999197
0.998935
0.998674
0.998416
0.998164
0.997922
0.997693
0.997481
0.997287
0.997114
0.996968
0.996847
0.996756
0.996695
0.996311
1.00219
1.00254
1.00252
1.0025
1.00247
1.00244
1.0024
1.00234
1.00228
1.0022
1.00212
1.00202
1.00191
1.00178
1.00164
1.0015
1.00133
1.00114
1.00094
1.00072
1.00049
1.00024
0.999981
0.999711
0.999433
0.999148
0.998861
0.998573
0.998289
0.998012
0.997746
0.997493
0.997257
0.997041
0.996851
0.996689
0.996554
0.996452
0.996381
0.996008
1.00237
1.00271
1.0027
1.00268
1.00265
1.00262
1.00257
1.00252
1.00245
1.00238
1.00229
1.00218
1.00207
1.00194
1.0018
1.00163
1.00145
1.00126
1.00104
1.00081
1.00056
1.00029
1.00001
0.999716
0.999413
0.999102
0.998787
0.998472
0.998159
0.997854
0.997559
0.997279
0.997019
0.996783
0.996573
0.996391
0.996242
0.996126
0.996049
0.99567
1.00255
1.0029
1.00288
1.00286
1.00284
1.0028
1.00276
1.0027
1.00264
1.00256
1.00247
1.00236
1.00224
1.00211
1.00196
1.00179
1.00159
1.00139
1.00116
1.00091
1.00064
1.00035
1.00005
0.999727
0.999396
0.999057
0.998712
0.998366
0.998025
0.997687
0.997364
0.997058
0.99677
0.996509
0.996274
0.996073
0.995907
0.995782
0.995693
0.995322
1.00273
1.00308
1.00308
1.00306
1.00303
1.00299
1.00295
1.00289
1.00283
1.00275
1.00265
1.00254
1.00242
1.00229
1.00213
1.00195
1.00175
1.00152
1.00128
1.00101
1.00072
1.00042
1.00009
0.999748
0.99939
0.99902
0.998643
0.998264
0.997887
0.997517
0.997162
0.996818
0.996502
0.996214
0.995957
0.995734
0.995553
0.995407
0.995318
0.994919
1.00292
1.00328
1.00326
1.00324
1.00322
1.00319
1.00314
1.00309
1.00303
1.00295
1.00285
1.00274
1.00261
1.00248
1.00231
1.00212
1.00191
1.00168
1.00142
1.00114
1.00084
1.0005
1.00015
0.999774
0.999381
0.998977
0.998565
0.998149
0.997739
0.997335
0.996943
0.996577
0.996228
0.995904
0.995617
0.995371
0.995165
0.995018
0.9949
0.994528
1.00312
1.00346
1.00347
1.00345
1.00343
1.00339
1.00335
1.0033
1.00323
1.00315
1.00305
1.00294
1.00282
1.00267
1.0025
1.00231
1.00209
1.00185
1.00157
1.00127
1.00094
1.00059
1.00021
0.999817
0.999396
0.998958
0.99851
0.998056
0.997596
0.997153
0.996721
0.996296
0.995915
0.99557
0.995258
0.994984
0.994767
0.994576
0.994485
0.994038
1.00331
1.00366
1.00364
1.00363
1.00362
1.00359
1.00356
1.00351
1.00345
1.00337
1.00328
1.00316
1.00304
1.00289
1.00271
1.00251
1.00229
1.00204
1.00176
1.00144
1.0011
1.00072
1.00031
0.99986
0.999394
0.998912
0.998419
0.997922
0.997433
0.996946
0.996471
0.996048
0.995619
0.995216
0.994865
0.994561
0.994297
0.994141
0.993962
0.993604
1.00351
1.00388
1.00388
1.00387
1.00385
1.00382
1.00378
1.00373
1.00367
1.00359
1.0035
1.00339
1.00325
1.0031
1.00293
1.00274
1.0025
1.00224
1.00194
1.00161
1.00124
1.00084
1.0004
0.999941
0.999448
0.998929
0.998397
0.997854
0.997294
0.996755
0.996233
0.995697
0.995243
0.994837
0.994456
0.994125
0.993868
0.993587
0.993517
0.993023
1.00371
1.00404
1.00405
1.00404
1.00404
1.00403
1.004
1.00396
1.00391
1.00384
1.00374
1.00364
1.00351
1.00336
1.00318
1.00296
1.00273
1.00247
1.00217
1.00183
1.00144
1.001
1.00052
0.999996
0.999443
0.998872
0.99828
0.997679
0.997102
0.99652
0.995951
0.995461
0.994928
0.994429
0.994003
0.993623
0.993276
0.993133
0.992848
0.992518
1.0039
1.00429
1.00429
1.00429
1.00428
1.00428
1.00425
1.00421
1.00415
1.00407
1.00398
1.00388
1.00374
1.00358
1.00341
1.00323
1.00299
1.00272
1.00241
1.00206
1.00165
1.00119
1.00067
1.00014
0.999558
0.99894
0.998307
0.997661
0.996976
0.996316
0.995679
0.99502
0.994487
0.994002
0.993534
0.993139
0.992838
0.992434
0.992382
0.991845
1.00413
1.00445
1.00447
1.00448
1.00449
1.00449
1.00448
1.00445
1.00441
1.00435
1.00426
1.00416
1.00403
1.00389
1.0037
1.00349
1.00326
1.003
1.00268
1.00228
1.00184
1.00135
1.00082
1.00021
0.99956
0.998891
0.998179
0.997447
0.996756
0.996057
0.995379
0.994773
0.994116
0.993522
0.993027
0.992546
0.992095
0.991935
0.991544
0.991201
1.00429
1.00466
1.00469
1.00474
1.00473
1.00475
1.00474
1.00472
1.00468
1.00461
1.00453
1.00442
1.00427
1.00412
1.00397
1.00379
1.00357
1.00333
1.00301
1.00265
1.00221
1.00169
1.00108
1.00043
0.999729
0.998977
0.998228
0.997448
0.996627
0.995814
0.995035
0.99429
0.993651
0.993028
0.992452
0.991981
0.991619
0.991139
0.991029
0.990377
1.0045
1.00491
1.00492
1.00493
1.00498
1.00499
1.005
1.00501
1.00497
1.0049
1.00483
1.00474
1.00463
1.00448
1.00428
1.00409
1.00388
1.00362
1.00329
1.00289
1.0024
1.00184
1.00124
1.00056
0.99981
0.999023
0.998168
0.997289
0.996418
0.995566
0.994748
0.993926
0.99316
0.992506
0.991902
0.991341
0.990774
0.990478
0.990023
0.989675
1.00467
1.00504
1.00509
1.00516
1.00519
1.00522
1.00525
1.00527
1.00526
1.00524
1.00516
1.00503
1.00486
1.00473
1.0046
1.00446
1.00429
1.00408
1.0038
1.00341
1.00292
1.00232
1.00161
1.00082
0.999986
0.999081
0.998164
0.997227
0.996246
0.995273
0.994294
0.993458
0.992657
0.991878
0.991218
0.990645
0.990201
0.989667
0.9894
0.988626
1.00487
1.00533
1.0054
1.00546
1.00549
1.00554
1.00558
1.00563
1.00564
1.00557
1.00546
1.00537
1.0053
1.00516
1.00499
1.00484
1.00467
1.00445
1.00416
1.00375
1.00324
1.00259
1.0019
1.00114
1.00028
0.999337
0.998297
0.997239
0.996163
0.995103
0.994056
0.992998
0.99213
0.991339
0.990524
0.989918
0.989197
0.988816
0.988357
0.987816
1.00497
1.00545
1.00551
1.00559
1.00568
1.00574
1.0058
1.00588
1.00594
1.00592
1.00584
1.00575
1.00567
1.0055
1.00533
1.00527
1.00516
1.00503
1.00481
1.0044
1.00382
1.00315
1.00237
1.00149
1.00052
0.999437
0.998301
0.997155
0.995955
0.994713
0.993527
0.992409
0.991457
0.99062
0.989773
0.989125
0.988511
0.987846
0.987485
0.986511
1.00514
1.00574
1.00587
1.00599
1.00606
1.00611
1.0062
1.00634
1.00648
1.00649
1.0063
1.00625
1.00623
1.00615
1.00603
1.006
1.00587
1.00572
1.00547
1.00511
1.00454
1.00384
1.00303
1.00216
1.00116
1.00003
0.998754
0.997518
0.996216
0.994847
0.993484
0.992077
0.990943
0.989947
0.988903
0.988204
0.987455
0.987147
0.986458
0.985713
1.0042
1.00546
1.00585
1.00606
1.00623
1.00633
1.00644
1.00662
1.00677
1.00679
1.00678
1.00679
1.00681
1.0068
1.00674
1.00677
1.00674
1.00663
1.00638
1.00589
1.00532
1.00467
1.00386
1.00296
1.00191
1.00056
0.999151
0.997728
0.996168
0.994645
0.993114
0.991686
0.990208
0.988984
0.987892
0.987113
0.98654
0.98582
0.985978
0.98369
1.0122
1.00282
1.00577
1.0046
1.00551
1.00557
1.00587
1.00613
1.00633
1.00646
1.00661
1.00678
1.0069
1.0071
1.00738
1.00766
1.00791
1.0079
1.0075
1.00724
1.00684
1.00628
1.00589
1.0051
1.00402
1.00266
1.0009
0.998995
0.99685
0.994264
0.991548
0.98914
0.984318
0.985235
0.978365
0.983808
0.981544
0.98884
0.980672
0.979597
1.01161
1.00321
1.00593
1.00383
1.00539
1.00515
1.00569
1.00584
1.00605
1.00622
1.00645
1.00668
1.00688
1.0071
1.00729
1.00753
1.00746
1.00705
1.00678
1.00667
1.00627
1.00577
1.00548
1.00474
1.00351
1.00215
1.00051
0.998806
0.996925
0.99455
0.991674
0.990206
0.984575
0.986966
0.978661
0.985723
0.979926
0.99186
0.98199
0.984613
1.01036
1.00372
1.00563
1.00375
1.00543
1.00492
1.00568
1.00573
1.006
1.00619
1.00649
1.00676
1.00691
1.00703
1.00712
1.00703
1.00682
1.0066
1.00645
1.00623
1.00583
1.00546
1.00502
1.0042
1.00296
1.00157
1.0002
0.998686
0.996942
0.994912
0.991813
0.991225
0.985226
0.988314
0.978974
0.987791
0.979688
0.994059
0.983782
0.986876
1.0083
1.00381
1.00525
1.00385
1.00549
1.0049
1.00568
1.00569
1.00609
1.0063
1.00655
1.00672
1.00682
1.00679
1.00657
1.00648
1.00649
1.00629
1.00602
1.0057
1.00541
1.00493
1.00425
1.0035
1.00245
1.00119
0.999989
0.998446
0.996628
0.995011
0.991902
0.991848
0.986208
0.989263
0.979551
0.988508
0.979537
0.994154
0.984479
0.987591
1.0043
1.00365
1.00523
1.00416
1.00558
1.00494
1.00579
1.00581
1.00625
1.00633
1.0065
1.00661
1.00651
1.00634
1.00627
1.00622
1.00617
1.0059
1.00563
1.00531
1.0049
1.0044
1.00373
1.00296
1.002
1.00088
0.999596
0.997978
0.996196
0.994979
0.992003
0.992177
0.987189
0.990002
0.980637
0.988617
0.978994
0.992994
0.983894
0.989532
1.00144
1.00366
1.00544
1.0047
1.0058
1.00534
1.00604
1.0059
1.00627
1.00628
1.00639
1.00639
1.00627
1.00618
1.00614
1.00605
1.00597
1.00571
1.00545
1.00505
1.00456
1.0041
1.0034
1.00261
1.00162
1.00044
0.999125
0.997713
0.996116
0.995158
0.992368
0.992578
0.988079
0.990641
0.982294
0.989344
0.978351
0.991818
0.982908
0.993536
0.99977
1.00377
1.00583
1.00517
1.00624
1.00557
1.00605
1.0058
1.00624
1.00618
1.00617
1.00619
1.00612
1.00603
1.00597
1.0058
1.00568
1.00543
1.00512
1.00467
1.00424
1.00374
1.00302
1.00234
1.00143
1.00024
0.999077
0.997963
0.996452
0.995591
0.993068
0.993255
0.989075
0.991221
0.984217
0.990423
0.978763
0.990893
0.981212
0.99746
0.997943
1.00416
1.0067
1.00533
1.00607
1.00511
1.00582
1.00551
1.0061
1.00592
1.00582
1.00584
1.00582
1.00572
1.00562
1.00536
1.00522
1.00497
1.00458
1.00426
1.00391
1.00337
1.00271
1.00219
1.00143
1.00031
0.999265
0.998302
0.996817
0.996043
0.993833
0.993897
0.990159
0.991691
0.986303
0.991433
0.981537
0.991692
0.982623
0.994833
0.995767
1.00543
1.00713
1.00532
1.00562
1.0048
1.00535
1.00529
1.00599
1.0057
1.00551
1.00556
1.00557
1.00545
1.00527
1.00502
1.00492
1.0047
1.00432
1.0041
1.00373
1.00316
1.00249
1.00203
1.00128
1.00018
0.99916
0.998299
0.996934
0.996284
0.994394
0.994252
0.991259
0.991998
0.988435
0.99222
0.9871
0.994164
0.991306
0.976603
0.994181
1.0068
1.00692
1.00532
1.00539
1.00472
1.00507
1.00516
1.00593
1.00566
1.00543
1.00547
1.0055
1.00537
1.00517
1.00494
1.00486
1.00463
1.00422
1.00403
1.00355
1.00291
1.0022
1.0017
1.00092
0.999809
0.99884
0.998117
0.996914
0.996334
0.994805
0.994492
0.992434
0.99217
0.990575
0.992471
0.992798
0.99533
1.01247
0.952374
0.993696
1.0082
1.00641
1.00527
1.00511
1.00462
1.00485
1.00502
1.00579
1.00558
1.00533
1.00535
1.00537
1.00525
1.00503
1.00479
1.00473
1.00445
1.00393
1.00376
1.00326
1.00255
1.00185
1.00133
1.00057
0.999541
0.998655
0.998031
0.996949
0.996378
0.99523
0.994751
0.993645
0.992298
0.992774
0.992265
0.99831
0.99445
1.02778
0.93273
0.993937
1.00914
1.00597
1.00527
1.00463
1.0045
1.00456
1.00485
1.00543
1.00525
1.00504
1.00504
1.00504
1.0049
1.00468
1.00444
1.00441
1.0041
1.00354
1.00342
1.00295
1.00225
1.00156
1.00107
1.00036
0.999451
0.998628
0.998032
0.997049
0.996466
0.995661
0.994952
0.994694
0.992459
0.994915
0.991674
1.00237
0.990403
1.03143
0.925916
0.994786
1.00928
1.00543
1.00527
1.00424
1.00444
1.00433
1.00472
1.00509
1.00494
1.00476
1.00476
1.00471
1.00457
1.00434
1.00415
1.00413
1.00384
1.00325
1.00317
1.00272
1.00204
1.00136
1.00086
1.00021
0.999388
0.99861
0.998012
0.99714
0.996537
0.996011
0.995035
0.99547
0.992555
0.996535
0.990906
1.00389
0.985617
1.02997
0.933673
0.996226
1.00887
1.00468
1.00526
1.00404
1.00444
1.00423
1.00465
1.00487
1.00477
1.00461
1.00459
1.00451
1.00437
1.00416
1.00398
1.00395
1.00367
1.00306
1.00294
1.0025
1.00184
1.00119
1.00067
1.00004
0.999298
0.998565
0.997972
0.99721
0.99657
0.996272
0.995041
0.996026
0.992585
0.997435
0.990181
1.00388
0.98223
1.02425
0.945973
0.99801
1.00771
1.00403
1.00522
1.00394
1.00447
1.00413
1.00457
1.00463
1.0046
1.00446
1.00442
1.00434
1.00418
1.004
1.0038
1.00375
1.00346
1.00286
1.00269
1.00225
1.00165
1.00103
1.00051
0.999909
0.999224
0.998537
0.997954
0.997288
0.996596
0.996486
0.995036
0.996414
0.992592
0.997861
0.989413
1.00331
0.980857
1.01608
0.958289
0.999573
1.00671
1.00366
1.0051
1.00382
1.00444
1.00402
1.00442
1.00438
1.00439
1.00428
1.00421
1.00412
1.00396
1.00379
1.00359
1.00349
1.00321
1.00267
1.00245
1.00203
1.00148
1.0009
1.00039
0.999814
0.999183
0.99854
0.997964
0.997384
0.996638
0.996667
0.995058
0.996673
0.992636
0.998013
0.989021
1.00212
0.981493
1.01015
0.96815
1.00072
1.00586
1.00346
1.00491
1.00371
1.00436
1.00392
1.00429
1.00417
1.00421
1.00409
1.00402
1.00391
1.00377
1.00359
1.00339
1.00325
1.00299
1.00249
1.00225
1.00183
1.00133
1.0008
1.0003
0.999744
0.999156
0.998553
0.997987
0.997471
0.996694
0.996812
0.995107
0.996831
0.992741
0.997988
0.989148
1.00104
0.982928
1.00523
0.97536
1.00153
1.00516
1.00335
1.0047
1.00364
1.00427
1.00383
1.00416
1.00401
1.00405
1.00393
1.00386
1.00374
1.0036
1.00342
1.00323
1.00305
1.0028
1.00235
1.00208
1.00167
1.0012
1.0007
1.00021
0.999687
0.999133
0.998564
0.998016
0.997546
0.996756
0.996928
0.995182
0.996925
0.992912
0.997853
0.989571
0.999972
0.984606
1.00161
0.980556
1.00207
1.00466
1.00329
1.00448
1.00357
1.00416
1.00375
1.00402
1.00388
1.0039
1.00379
1.0037
1.00359
1.00344
1.00327
1.00307
1.00288
1.00261
1.00222
1.00192
1.00153
1.00108
1.00061
1.00014
0.999634
0.999112
0.998571
0.998043
0.997611
0.996819
0.997016
0.995284
0.996965
0.993142
0.997656
0.99014
0.999024
0.986277
0.999129
0.98426
1.00242
1.0043
1.00326
1.00428
1.00351
1.00404
1.00366
1.0039
1.00375
1.00375
1.00366
1.00356
1.00344
1.00328
1.00312
1.0029
1.00271
1.00245
1.00209
1.00178
1.0014
1.00098
1.00053
1.00007
0.999591
0.999093
0.998585
0.998072
0.997667
0.996894
0.99708
0.995416
0.996972
0.993422
0.997437
0.990779
0.998231
0.987815
0.997483
0.986918
1.00264
1.00403
1.00325
1.00409
1.00345
1.00391
1.00357
1.00377
1.00362
1.00362
1.00351
1.00342
1.00329
1.00314
1.00296
1.00276
1.00255
1.0023
1.00195
1.00165
1.00128
1.00088
1.00045
1.00001
0.999551
0.999074
0.998593
0.998102
0.997709
0.996975
0.997122
0.995567
0.996955
0.993726
0.997224
0.991428
0.997593
0.989165
0.996442
0.988852
1.00277
1.00383
1.00325
1.00392
1.0034
1.00378
1.00349
1.00365
1.00351
1.00349
1.00339
1.00329
1.00316
1.00301
1.00283
1.00263
1.0024
1.00216
1.00184
1.00154
1.00118
1.0008
1.00038
0.999961
0.999517
0.999066
0.998601
0.998137
0.997747
0.997063
0.997162
0.995732
0.996934
0.994044
0.997038
0.992058
0.9971
0.990316
0.995811
0.99026
1.00283
1.00367
1.00323
1.00377
1.00334
1.00366
1.00341
1.00352
1.0034
1.00336
1.00327
1.00316
1.00303
1.00287
1.0027
1.00249
1.00227
1.00203
1.00173
1.00142
1.00108
1.00071
1.00031
0.999908
0.999481
0.99905
0.998609
0.99816
0.997781
0.997143
0.997191
0.995894
0.996907
0.99436
0.996872
0.992648
0.996724
0.991293
0.995451
0.991342
1.00285
1.00356
1.00322
1.00363
1.00329
1.00354
1.00334
1.00341
1.00331
1.00325
1.00316
1.00304
1.00292
1.00276
1.00259
1.00238
1.00216
1.00191
1.00163
1.00133
1.001
1.00064
1.00026
0.999867
0.999461
0.999043
0.998626
0.99819
0.997819
0.997233
0.997222
0.996069
0.996887
0.994681
0.996742
0.993203
0.996457
0.992135
0.995277
0.992187
1.00284
1.00345
1.00319
1.00351
1.00324
1.00343
1.00325
1.0033
1.0032
1.00314
1.00304
1.00293
1.00279
1.00264
1.00246
1.00226
1.00203
1.00179
1.00151
1.00123
1.0009
1.00056
1.0002
0.999816
0.999429
0.999029
0.998625
0.998216
0.997843
0.997316
0.997236
0.996232
0.996861
0.994977
0.996634
0.993697
0.996274
0.992837
0.995217
0.992833
1.00284
1.00335
1.00316
1.0034
1.00319
1.00333
1.00318
1.00321
1.00311
1.00305
1.00294
1.00284
1.0027
1.00255
1.00236
1.00217
1.00195
1.00171
1.00143
1.00114
1.00084
1.00051
1.00016
0.999793
0.999414
0.999036
0.998641
0.998254
0.997881
0.997406
0.997272
0.996406
0.996863
0.995269
0.996574
0.99415
0.996167
0.993435
0.99523
0.993385
1.00281
1.00327
1.00313
1.0033
1.00313
1.00323
1.00311
1.0031
1.00301
1.00294
1.00284
1.00272
1.00258
1.00242
1.00225
1.00205
1.00183
1.00159
1.00133
1.00105
1.00075
1.00044
1.0001
0.999745
0.999383
0.999014
0.99864
0.998265
0.997908
0.997467
0.997292
0.996543
0.996853
0.995516
0.996523
0.994542
0.996099
0.993945
0.995296
0.993846
1.00276
1.0032
1.00309
1.00321
1.00308
1.00314
1.00305
1.00302
1.00294
1.00286
1.00276
1.00264
1.00251
1.00235
1.00218
1.00198
1.00177
1.00153
1.00127
1.001
1.0007
1.00039
1.00007
0.99973
0.999387
0.999025
0.998672
0.998304
0.997962
0.997552
0.997346
0.996703
0.996884
0.995777
0.996517
0.994916
0.996087
0.994396
0.995396
0.9942
1.00271
1.00313
1.00305
1.00313
1.00302
1.00306
1.00296
1.00293
1.00285
1.00276
1.00266
1.00254
1.0024
1.00224
1.00206
1.00187
1.00166
1.00143
1.00118
1.00091
1.00062
1.00032
1
0.999682
0.999346
0.999004
0.998657
0.998312
0.997971
0.997604
0.997356
0.996819
0.99688
0.995982
0.996497
0.99522
0.996083
0.994768
0.995502
0.994491
1.00268
1.00307
1.003
1.00305
1.00297
1.00298
1.0029
1.00286
1.00278
1.0027
1.00259
1.00247
1.00233
1.00218
1.002
1.00181
1.0016
1.00138
1.00113
1.00087
1.00059
1.0003
0.999995
0.999684
0.999353
0.99903
0.998691
0.998365
0.99803
0.99769
0.997421
0.996966
0.996935
0.996203
0.996538
0.995517
0.996135
0.995105
0.995638
0.994799
1.00264
1.00301
1.00296
1.00298
1.00292
1.00291
1.00284
1.00278
1.0027
1.00261
1.00251
1.00238
1.00224
1.00208
1.00191
1.00172
1.00152
1.00129
1.00105
1.00079
1.00052
1.00024
0.999943
0.999633
0.999323
0.999001
0.998683
0.998356
0.998045
0.997713
0.99745
0.997045
0.996957
0.996354
0.996556
0.995741
0.996172
0.995371
0.995757
0.995059
1.0026
1.00295
1.00291
1.00292
1.00286
1.00283
1.00277
1.00271
1.00263
1.00254
1.00243
1.00231
1.00218
1.00202
1.00185
1.00166
1.00146
1.00124
1.001
1.00075
1.00049
1.00021
0.999928
0.999628
0.99933
0.999019
0.998714
0.998401
0.998101
0.997786
0.997518
0.997163
0.997023
0.996534
0.996618
0.99598
0.996254
0.995636
0.995888
0.995286
1.00257
1.00289
1.00286
1.00286
1.00281
1.00278
1.00272
1.00266
1.00257
1.00248
1.00237
1.00225
1.0021
1.00195
1.00178
1.0016
1.0014
1.00118
1.00095
1.0007
1.00044
1.00017
0.999895
0.999609
0.999311
0.999018
0.998713
0.99842
0.998117
0.997828
0.997552
0.997244
0.99706
0.996666
0.996656
0.996159
0.996308
0.995829
0.995992
0.995491
1.00256
1.00284
1.00281
1.0028
1.00275
1.00271
1.00265
1.00258
1.0025
1.00241
1.00229
1.00217
1.00203
1.00188
1.00171
1.00153
1.00133
1.00111
1.00088
1.00064
1.00039
1.00013
0.999855
0.999577
0.999292
0.999007
0.998716
0.998431
0.998144
0.997866
0.9976
0.997318
0.997118
0.996789
0.996724
0.996331
0.996397
0.996026
0.996117
0.995663
1.00253
1.00279
1.00277
1.00276
1.00272
1.00267
1.00262
1.00254
1.00246
1.00236
1.00225
1.00212
1.00199
1.00183
1.00166
1.00148
1.00128
1.00107
1.00085
1.00062
1.00037
1.00012
0.999854
0.999581
0.999308
0.999025
0.99875
0.998466
0.998195
0.997919
0.997663
0.997393
0.997187
0.996899
0.996793
0.996473
0.996474
0.996183
0.996231
0.995828
1.00248
1.00273
1.00271
1.00269
1.00265
1.00261
1.00255
1.00247
1.00239
1.00229
1.00218
1.00206
1.00192
1.00176
1.0016
1.00142
1.00122
1.00101
1.00079
1.00056
1.00032
1.00006
0.999807
0.999543
0.999275
0.999004
0.998734
0.998463
0.998199
0.997938
0.997692
0.997444
0.997236
0.996989
0.996857
0.996602
0.996563
0.996344
0.996354
0.995961
1.00246
1.00271
1.00269
1.00267
1.00262
1.00258
1.00251
1.00244
1.00235
1.00225
1.00214
1.00201
1.00187
1.00172
1.00155
1.00137
1.00118
1.00097
1.00076
1.00053
1.00029
1.00005
0.999796
0.999541
0.999276
0.999017
0.998749
0.99849
0.99823
0.997981
0.997736
0.997502
0.997289
0.997068
0.996916
0.996704
0.99663
0.996458
0.996442
0.996066
1.00243
1.00267
1.00264
1.00262
1.00258
1.00253
1.00246
1.00239
1.0023
1.0022
1.00208
1.00196
1.00182
1.00167
1.0015
1.00132
1.00113
1.00093
1.00072
1.0005
1.00026
1.00002
0.99978
0.999529
0.999275
0.99902
0.998764
0.998512
0.998262
0.998021
0.997788
0.997564
0.99736
0.997157
0.997001
0.996821
0.996731
0.996596
0.996573
0.996216
1.0024
1.00265
1.00262
1.00259
1.00255
1.0025
1.00243
1.00236
1.00227
1.00217
1.00205
1.00193
1.00179
1.00163
1.00147
1.00129
1.0011
1.0009
1.00069
1.00047
1.00024
1.00001
0.999764
0.999516
0.999267
0.999014
0.998765
0.998515
0.998273
0.998036
0.997811
0.997592
0.997393
0.997199
0.997044
0.99688
0.996785
0.996666
0.996632
0.996272
1.00235
1.00261
1.00259
1.00256
1.00251
1.00245
1.00238
1.0023
1.00221
1.00211
1.002
1.00187
1.00173
1.00158
1.00142
1.00125
1.00106
1.00087
1.00066
1.00045
1.00022
0.999996
0.999761
0.999521
0.99928
0.999038
0.998798
0.998559
0.998327
0.9981
0.997884
0.997676
0.997487
0.997307
0.997157
0.997011
0.996913
0.996818
0.996777
0.996404
)
;

boundaryField
{
    FrontBack
    {
        type            empty;
    }
    Cylinder
    {
        type            calculated;
        value           uniform 0;
    }
    Bottom
    {
        type            calculated;
        value           uniform 0;
    }
    Top
    {
        type            calculated;
        value           uniform 0;
    }
    Inlet
    {
        type            calculated;
        value           uniform 1;
    }
    Outlet
    {
        type            calculated;
        value           nonuniform List<scalar> 
40
(
1.00235
1.00261
1.00259
1.00256
1.00251
1.00245
1.00238
1.0023
1.00221
1.00211
1.002
1.00187
1.00173
1.00158
1.00142
1.00125
1.00106
1.00087
1.00066
1.00045
1.00022
0.999996
0.999761
0.999521
0.99928
0.999038
0.998798
0.998559
0.998327
0.9981
0.997884
0.997676
0.997487
0.997307
0.997157
0.997011
0.996913
0.996818
0.996777
0.996404
)
;
    }
}


// ************************************************************************* //
