/*--------------------------------*- C++ -*----------------------------------*\
  =========                 |
  \\      /  F ield         | OpenFOAM: The Open Source CFD Toolbox
   \\    /   O peration     | Website:  https://openfoam.org
    \\  /    A nd           | Version:  11
     \\/     M anipulation  |
\*---------------------------------------------------------------------------*/
FoamFile
{
    format      ascii;
    class       volScalarField;
    location    "10";
    object      mag(U);
}
// * * * * * * * * * * * * * * * * * * * * * * * * * * * * * * * * * * * * * //

dimensions      [0 1 -1 0 0 0 0];

internalField   nonuniform List<scalar> 
9600
(
0.967268
0.965073
0.961349
0.956193
0.951281
0.948722
0.94497
0.938707
0.935888
0.935089
0.932696
0.933041
0.935399
0.938915
0.944353
0.952446
0.963487
0.97963
0.988821
1.00223
1.01344
1.01332
1.009
0.997709
0.975149
0.951398
0.928292
0.908311
0.894943
0.891188
0.89458
0.898926
0.898826
0.892343
0.870188
0.824221
0.789578
0.768743
0.757682
0.75844
0.970347
0.96853
0.966868
0.964558
0.9626
0.960179
0.959087
0.958011
0.956543
0.956688
0.957598
0.959846
0.964505
0.971038
0.978075
0.989151
1.0022
1.01534
1.03269
1.04302
1.05536
1.05824
1.05607
1.04925
1.03384
1.01011
0.985823
0.966792
0.957154
0.955272
0.957349
0.968611
0.989079
0.999951
1.00147
0.995712
0.971741
0.935043
0.899645
0.857769
0.969154
0.967772
0.966001
0.964262
0.962101
0.959477
0.958393
0.957396
0.956652
0.95689
0.95808
0.96064
0.965182
0.971707
0.980605
0.989415
1.00404
1.01538
1.03337
1.04517
1.05532
1.0598
1.05797
1.05158
1.03827
1.01694
0.990775
0.967519
0.95419
0.951186
0.954016
0.966385
0.993954
1.01881
1.03194
1.03132
1.01724
0.973086
0.923572
0.873613
0.969087
0.967691
0.965581
0.963862
0.961816
0.959193
0.958242
0.957382
0.956576
0.956917
0.958396
0.961433
0.966007
0.972707
0.982062
0.991097
1.00475
1.01862
1.03373
1.04606
1.05667
1.06144
1.05962
1.05238
1.03923
1.02079
0.997493
0.974565
0.95698
0.947881
0.94768
0.955943
0.979205
1.01182
1.03786
1.04979
1.04556
1.02132
0.981245
0.907193
0.96851
0.967228
0.964932
0.963271
0.961111
0.958979
0.958194
0.95702
0.956722
0.957223
0.958922
0.962207
0.967131
0.973242
0.982879
0.994048
1.00523
1.02027
1.03414
1.04707
1.05717
1.06342
1.0624
1.05439
1.0398
1.02253
1.00168
0.978362
0.958226
0.946986
0.944271
0.949694
0.966951
1.00017
1.03502
1.05944
1.0633
1.05043
1.02129
0.942666
0.968132
0.967023
0.964483
0.962753
0.960965
0.958947
0.957991
0.956851
0.956685
0.957112
0.959197
0.962553
0.968395
0.973709
0.983419
0.99477
1.00698
1.02079
1.03534
1.04884
1.05846
1.06406
1.0642
1.05733
1.04305
1.02475
1.00471
0.983274
0.962665
0.947389
0.939291
0.943192
0.956868
0.9854
1.01977
1.05497
1.07712
1.07556
1.05752
0.989045
0.967344
0.966264
0.96376
0.961822
0.960388
0.958463
0.957436
0.956354
0.956497
0.957172
0.959837
0.962497
0.969212
0.974376
0.984892
0.995577
1.00855
1.02184
1.03679
1.05047
1.06003
1.06483
1.06645
1.06014
1.04712
1.02852
1.00756
0.98604
0.964
0.949354
0.938611
0.939632
0.948537
0.972471
1.00535
1.04296
1.07686
1.08677
1.07872
1.02629
0.966773
0.965681
0.963335
0.961285
0.960068
0.958157
0.95732
0.956112
0.95664
0.957313
0.960462
0.962985
0.969975
0.975354
0.985911
0.996115
1.00977
1.02332
1.03812
1.05139
1.06171
1.06672
1.06843
1.06296
1.05092
1.03349
1.01028
0.990498
0.966879
0.951253
0.935204
0.936614
0.941364
0.961904
0.991562
1.02528
1.06853
1.09161
1.09589
1.05819
0.96585
0.96477
0.962536
0.960494
0.959322
0.957573
0.956825
0.955647
0.956479
0.957163
0.960642
0.963177
0.970538
0.975901
0.987091
0.997358
1.01076
1.02479
1.03972
1.05262
1.06399
1.0693
1.07097
1.06608
1.05419
1.03947
1.01504
0.994989
0.9696
0.953412
0.934322
0.932134
0.934928
0.950671
0.977281
1.01217
1.05351
1.08622
1.10902
1.08
0.965211
0.964132
0.962038
0.959841
0.958747
0.957055
0.956546
0.955417
0.95657
0.957217
0.96102
0.963576
0.971358
0.976771
0.988051
0.998763
1.01189
1.02591
1.0414
1.05449
1.06563
1.07194
1.07309
1.07094
1.0576
1.04468
1.02061
1.00008
0.97288
0.956234
0.934578
0.927492
0.928678
0.938142
0.962532
0.996157
1.03826
1.07148
1.11674
1.09679
0.964246
0.963128
0.96118
0.958968
0.95796
0.956277
0.956144
0.955076
0.956493
0.957058
0.961162
0.963693
0.971773
0.977541
0.98884
0.999909
1.01333
1.02768
1.04291
1.05645
1.06739
1.07525
1.07537
1.07568
1.06248
1.04975
1.02603
1.0062
0.978132
0.959136
0.936674
0.923627
0.923489
0.926925
0.947163
0.975834
1.02244
1.05432
1.11433
1.10835
0.963423
0.962247
0.960599
0.958265
0.957339
0.955426
0.955696
0.954732
0.956541
0.957034
0.961459
0.963916
0.972341
0.978371
0.989704
1.00123
1.01441
1.02969
1.04446
1.05863
1.06909
1.07933
1.07834
1.07958
1.0673
1.05575
1.03223
1.01293
0.984397
0.962098
0.940273
0.919855
0.919122
0.914724
0.933639
0.954183
1.00368
1.03446
1.10168
1.11519
0.962427
0.961082
0.959664
0.957442
0.956665
0.954708
0.955204
0.954205
0.956466
0.956898
0.961677
0.964151
0.972597
0.979546
0.990056
1.00287
1.01552
1.03175
1.04569
1.06221
1.07074
1.0828
1.08212
1.08424
1.07239
1.06183
1.03961
1.01902
0.992435
0.966355
0.945566
0.919772
0.914835
0.903806
0.918869
0.931668
0.979875
1.01072
1.08154
1.11518
0.961428
0.96008
0.958692
0.95651
0.955874
0.953922
0.954679
0.953611
0.956282
0.956562
0.961683
0.964857
0.972284
0.980765
0.990697
1.0041
1.01728
1.03376
1.0473
1.06508
1.0735
1.08623
1.08548
1.08865
1.07927
1.06702
1.04801
1.02586
1.00044
0.972203
0.951083
0.921613
0.914186
0.894941
0.905335
0.91042
0.952408
0.982604
1.05075
1.10517
0.960248
0.958956
0.957645
0.955509
0.955033
0.953185
0.954257
0.953119
0.955955
0.957168
0.96024
0.966656
0.971935
0.981587
0.99225
1.00492
1.01903
1.03565
1.05062
1.06596
1.07921
1.08662
1.09344
1.09086
1.08634
1.07508
1.05423
1.03453
1.01048
0.978853
0.958207
0.925227
0.915106
0.890646
0.894316
0.891369
0.922927
0.952062
1.01055
1.08049
0.95907
0.957711
0.956412
0.954293
0.954026
0.952091
0.953189
0.95332
0.953633
0.958251
0.959702
0.966416
0.972806
0.981628
0.993359
1.00648
1.02064
1.03712
1.05409
1.06774
1.08328
1.09023
1.09734
1.09718
1.09081
1.08301
1.06368
1.04037
1.02087
0.987717
0.966943
0.930498
0.918029
0.889505
0.886339
0.877628
0.89428
0.920913
0.96534
1.04329
0.95791
0.956534
0.955336
0.953181
0.953142
0.951884
0.95117
0.953795
0.953472
0.957353
0.960713
0.965634
0.973854
0.982672
0.994042
1.00782
1.02356
1.03854
1.05731
1.07167
1.08539
1.09655
1.10082
1.10385
1.09828
1.08841
1.07588
1.04902
1.03088
0.996963
0.977096
0.9387
0.923316
0.892064
0.881663
0.868882
0.869793
0.893224
0.919337
0.998578
0.956493
0.954946
0.953685
0.952071
0.950511
0.951517
0.949626
0.952396
0.952755
0.956287
0.96074
0.965766
0.973344
0.983661
0.995378
1.00863
1.02595
1.04158
1.05892
1.07634
1.08802
1.10126
1.10664
1.10774
1.10756
1.0945
1.08564
1.05966
1.04275
1.00726
0.987631
0.948585
0.929691
0.898038
0.88
0.865755
0.851383
0.868691
0.875928
0.950386
0.955399
0.953954
0.951776
0.951441
0.949187
0.95046
0.948898
0.951025
0.953509
0.955066
0.96086
0.966485
0.973972
0.984976
0.997057
1.01114
1.02756
1.04599
1.0618
1.08027
1.09375
1.104
1.11439
1.11312
1.11585
1.1028
1.09636
1.07003
1.05536
1.01975
1.00001
0.961532
0.938139
0.907749
0.880698
0.866925
0.841101
0.850821
0.839397
0.900924
0.95326
0.952345
0.949757
0.949437
0.947103
0.948103
0.948366
0.948245
0.952458
0.954545
0.959512
0.966421
0.974322
0.985265
0.998806
1.01305
1.0302
1.04829
1.06644
1.08262
1.10028
1.10763
1.12038
1.11926
1.12397
1.11092
1.10738
1.08186
1.0683
1.0336
1.0124
0.976073
0.94797
0.921104
0.886085
0.871451
0.837174
0.839261
0.81329
0.856214
0.951584
0.950806
0.948279
0.948101
0.946697
0.945837
0.94827
0.947534
0.950894
0.954789
0.959471
0.965861
0.976581
0.985582
1.00114
1.01487
1.03445
1.05072
1.0721
1.08609
1.10603
1.11338
1.12765
1.12569
1.13326
1.12023
1.11847
1.09488
1.08205
1.05036
1.02672
0.993738
0.958941
0.936302
0.896479
0.880623
0.840941
0.835966
0.801283
0.823341
0.948762
0.947981
0.945179
0.944695
0.944391
0.943013
0.945306
0.946663
0.949004
0.952169
0.959744
0.964661
0.976612
0.986083
1.00352
1.01606
1.03846
1.05308
1.07727
1.09003
1.1122
1.11819
1.13499
1.13258
1.14204
1.13004
1.12975
1.10888
1.09501
1.06823
1.0415
1.01381
0.973213
0.951607
0.909559
0.892578
0.850934
0.840733
0.801487
0.804994
0.947012
0.946411
0.943525
0.942753
0.942282
0.942288
0.943136
0.944632
0.949586
0.95168
0.960356
0.964859
0.979132
0.987216
1.00655
1.01902
1.04318
1.05716
1.08324
1.0947
1.1185
1.1246
1.1423
1.14122
1.15094
1.14234
1.14049
1.12534
1.11001
1.08847
1.05746
1.03639
0.992837
0.970488
0.925879
0.90698
0.864919
0.851526
0.812312
0.801156
0.943329
0.942621
0.940571
0.938297
0.938866
0.938121
0.940892
0.940652
0.946858
0.948684
0.95942
0.963931
0.979286
0.988059
1.00875
1.0214
1.04704
1.06104
1.0879
1.1005
1.12398
1.13131
1.14878
1.14983
1.15876
1.15424
1.1514
1.14256
1.12332
1.11104
1.07629
1.058
1.01422
0.992303
0.9492
0.921704
0.883989
0.864186
0.827773
0.806319
0.942336
0.94002
0.938877
0.936819
0.937303
0.93635
0.939763
0.939437
0.946631
0.94801
0.959075
0.964352
0.980725
0.990372
1.01219
1.02575
1.05121
1.06778
1.09361
1.10769
1.13046
1.13992
1.15577
1.16086
1.16625
1.16934
1.16078
1.16112
1.14048
1.13225
1.10165
1.07836
1.05064
1.00752
0.980477
0.944439
0.906312
0.882706
0.847991
0.819034
0.937841
0.935977
0.933714
0.931857
0.93268
0.931408
0.935911
0.935715
0.943348
0.946538
0.957722
0.965409
0.981094
0.993216
1.01383
1.03121
1.05428
1.07437
1.09854
1.11603
1.13473
1.15003
1.1596
1.17362
1.17232
1.18244
1.17361
1.17508
1.16037
1.14804
1.13285
1.0978
1.07965
1.03914
1.00803
0.973227
0.932824
0.905353
0.876017
0.838961
0.934538
0.933827
0.931991
0.929719
0.931009
0.930222
0.933618
0.937072
0.942039
0.948529
0.958344
0.969762
0.983529
0.999742
1.01811
1.04034
1.06032
1.08475
1.10386
1.12824
1.14097
1.16227
1.16807
1.18473
1.1849
1.19365
1.19042
1.18793
1.18613
1.16521
1.15988
1.12988
1.10869
1.07493
1.03754
1.00901
0.968053
0.931414
0.906408
0.869575
0.928083
0.927948
0.924357
0.924857
0.923801
0.925883
0.927211
0.93239
0.937029
0.946381
0.9544
0.969734
0.982169
1.00361
1.0192
1.04577
1.06434
1.09296
1.10985
1.13594
1.14817
1.17053
1.17693
1.19247
1.19833
1.20096
1.21013
1.19951
1.20636
1.18885
1.18425
1.16247
1.13699
1.11519
1.07646
1.04124
1.0097
0.96574
0.938763
0.899836
0.924402
0.925577
0.922473
0.923202
0.921716
0.926501
0.926632
0.935087
0.937784
0.950977
0.957453
0.975962
0.98827
1.01075
1.02852
1.05441
1.07495
1.10183
1.12129
1.1445
1.16133
1.1761
1.19304
1.19737
1.2142
1.21163
1.22553
1.2176
1.22268
1.21821
1.20536
1.19893
1.17606
1.15333
1.12602
1.08603
1.05437
1.01008
0.984477
0.938968
0.912964
0.91503
0.910413
0.914008
0.911093
0.918593
0.918453
0.929023
0.934728
0.946452
0.959116
0.975288
0.993979
1.01373
1.03789
1.05891
1.0873
1.1083
1.13456
1.1503
1.17489
1.18344
1.20345
1.20805
1.2247
1.22625
1.23251
1.24048
1.23637
1.23946
1.2327
1.22663
1.21461
1.19412
1.17466
1.1357
1.11133
1.06164
1.03635
0.988783
0.909705
0.912474
0.908019
0.911381
0.911516
0.914904
0.923053
0.926552
0.941575
0.949269
0.967428
0.982867
1.00374
1.02438
1.05064
1.07264
1.10047
1.1232
1.14605
1.16562
1.18572
1.19951
1.21141
1.22801
1.2302
1.24558
1.24695
1.25825
1.25777
1.26178
1.26264
1.25591
1.25674
1.23465
1.22897
1.19183
1.17682
1.1269
1.10281
1.05112
0.899138
0.896305
0.89871
0.894377
0.902419
0.901735
0.913717
0.91908
0.933953
0.948003
0.964455
0.985195
1.00667
1.03235
1.0554
1.08372
1.1091
1.13345
1.1547
1.17953
1.18974
1.21103
1.22062
1.23352
1.24193
1.25214
1.26257
1.26493
1.27976
1.27489
1.29249
1.27959
1.29361
1.27398
1.27977
1.25174
1.24152
1.20362
1.18018
1.13092
0.897733
0.894641
0.897853
0.89687
0.902972
0.907972
0.918633
0.928816
0.943377
0.959982
0.980976
0.998714
1.02784
1.0504
1.07579
1.10565
1.13074
1.15135
1.18
1.19227
1.214
1.22249
1.24277
1.24312
1.26407
1.26203
1.28373
1.27935
1.30182
1.29478
1.31822
1.30975
1.3293
1.31774
1.3283
1.3119
1.31139
1.28565
1.27166
1.22993
0.87557
0.877348
0.880539
0.880596
0.891964
0.894571
0.914646
0.922868
0.945516
0.961745
0.98943
1.00649
1.04185
1.06034
1.09708
1.11471
1.1517
1.16331
1.19838
1.20312
1.23227
1.23377
1.25664
1.25657
1.27733
1.27613
1.29685
1.29543
1.31835
1.31572
1.3405
1.33625
1.3619
1.35651
1.37878
1.36929
1.38205
1.36445
1.3701
1.33593
0.869328
0.874049
0.87752
0.88337
0.89493
0.903763
0.925307
0.937614
0.964529
0.982587
1.01306
1.03526
1.0672
1.09317
1.12322
1.15028
1.17711
1.19806
1.22091
1.23491
1.25227
1.26177
1.27609
1.28197
1.2951
1.30139
1.31365
1.31911
1.33408
1.33715
1.35785
1.35959
1.38435
1.38552
1.41376
1.41515
1.43915
1.44189
1.45633
1.45557
0.843317
0.855044
0.85993
0.874747
0.882819
0.906912
0.920693
0.951714
0.968881
1.00619
1.02568
1.0642
1.08754
1.12545
1.14913
1.18107
1.2052
1.22677
1.24645
1.2625
1.27488
1.28597
1.29519
1.30442
1.30957
1.31993
1.32114
1.33213
1.33123
1.34308
1.34592
1.35945
1.36236
1.37714
1.38012
1.39844
1.39938
1.42154
1.41883
1.45613
0.840859
0.858074
0.874161
0.89524
0.918378
0.943147
0.969985
0.999968
1.02915
1.06223
1.09361
1.12825
1.16036
1.19292
1.22254
1.24772
1.27158
1.28679
1.30008
1.30573
1.31012
1.31128
1.31563
1.31695
1.32471
1.32775
1.32983
1.3262
1.31878
1.30388
1.29844
1.28593
1.27948
1.26084
1.24746
1.22194
1.19569
1.17204
1.12456
1.1539
0.817018
0.840105
0.859767
0.882635
0.908982
0.941695
0.976015
1.01523
1.05281
1.09316
1.13012
1.16793
1.2015
1.23286
1.26022
1.28076
1.29813
1.30633
1.31075
1.30903
1.30346
1.29944
1.29192
1.29561
1.30527
1.31301
1.31172
1.29204
1.25094
1.19451
1.13931
1.07606
1.01811
0.938882
0.846902
0.730049
0.626698
0.523118
0.446619
0.428629
0.888293
0.935371
0.978654
1.02454
1.06223
1.10344
1.14026
1.17782
1.21157
1.24223
1.26967
1.29178
1.3101
1.32319
1.33536
1.34139
1.34235
1.33677
1.3241
1.30658
1.28106
1.25634
1.22241
1.20506
1.16558
1.15142
1.10501
1.02528
0.952285
0.858392
0.727898
0.551839
0.348089
0.177379
0.0785662
0.0603514
0.0900604
0.126819
0.176211
0.255927
1.00801
1.04504
1.07889
1.11494
1.14948
1.18078
1.20804
1.2301
1.24645
1.258
1.2658
1.26669
1.26956
1.26363
1.25847
1.23848
1.21929
1.18308
1.14606
1.09316
1.03606
0.96591
0.886611
0.803794
0.714592
0.659295
0.459609
0.130352
0.362585
0.401939
0.370794
0.241343
0.212388
0.23744
0.254438
0.267279
0.295226
0.307649
0.335004
0.367127
0.856042
0.881121
0.896399
0.882805
0.848934
0.871151
0.968982
1.16165
1.16598
1.12085
1.11954
1.08487
1.05702
1.04884
1.04134
1.03726
1.03532
1.03272
1.03147
1.03014
1.02881
1.0278
1.02694
1.02594
1.02531
1.02431
1.02363
1.02267
1.02221
1.02175
1.02132
1.02106
1.02062
1.02046
1.02025
1.02027
1.02003
1.01937
1.0182
1.0124
0.885879
0.9077
0.930431
0.925815
0.888436
0.910821
0.973695
1.1209
1.11418
1.09014
1.09979
1.08458
1.05753
1.04997
1.04278
1.03809
1.03659
1.03386
1.0328
1.03126
1.03005
1.02888
1.02781
1.02702
1.02604
1.02532
1.02439
1.02354
1.02268
1.02235
1.02176
1.02159
1.02097
1.02069
1.02044
1.02057
1.02088
1.02116
1.0216
1.02393
0.906914
0.941052
0.961684
0.958441
0.916546
0.922717
0.968521
1.09003
1.08215
1.05069
1.06099
1.07239
1.05119
1.04617
1.04192
1.03748
1.03649
1.03406
1.03314
1.0318
1.03055
1.02966
1.0284
1.02778
1.02665
1.02608
1.02512
1.02447
1.02351
1.02307
1.02245
1.02218
1.02171
1.02119
1.02094
1.02072
1.02077
1.02061
1.02005
1.01728
0.940103
0.974063
1.00096
1.0017
0.939926
0.92783
0.952882
1.02992
1.0306
1.0147
1.03766
1.06256
1.04706
1.04484
1.04131
1.03744
1.03692
1.03458
1.03365
1.03256
1.03118
1.0303
1.02901
1.02839
1.0273
1.02668
1.02579
1.02506
1.02424
1.02361
1.02305
1.02256
1.02223
1.02167
1.02152
1.02125
1.02135
1.02142
1.02207
1.02396
0.968056
1.01221
1.0414
1.05156
0.970164
0.924238
0.928606
0.987237
0.999626
0.976133
1.00217
1.04509
1.03733
1.03889
1.03841
1.03564
1.03619
1.03441
1.03357
1.03282
1.03156
1.03072
1.02938
1.02879
1.02765
1.02703
1.02615
1.02539
1.02462
1.02386
1.02338
1.0228
1.02252
1.02196
1.02175
1.02132
1.02129
1.02105
1.02057
1.01916
1.00076
1.05215
1.08961
1.10079
0.999929
0.912782
0.897746
0.925672
0.949392
0.936219
0.983069
1.03096
1.03136
1.03466
1.03691
1.03446
1.03548
1.03438
1.03378
1.03333
1.03221
1.03142
1.03005
1.02936
1.02821
1.02738
1.0266
1.02564
1.02502
1.024
1.02363
1.02289
1.02269
1.02208
1.02193
1.02159
1.02154
1.02156
1.02185
1.02294
1.03102
1.08862
1.14669
1.16582
1.02172
0.89674
0.859005
0.883707
0.913451
0.904039
0.954084
1.01159
1.02193
1.02707
1.0346
1.03283
1.03476
1.03438
1.034
1.03373
1.0329
1.03214
1.03104
1.03026
1.02925
1.0283
1.02758
1.02649
1.02595
1.02481
1.0243
1.02335
1.02293
1.02235
1.02199
1.02169
1.02152
1.02134
1.02097
1.02017
1.05998
1.13304
1.21511
1.21641
1.01766
0.866636
0.811063
0.825582
0.863374
0.872878
0.937139
0.996823
1.0149
1.02092
1.0311
1.03136
1.03393
1.03419
1.034
1.0339
1.0334
1.0326
1.03171
1.03095
1.03019
1.02929
1.02863
1.02767
1.02704
1.02613
1.02544
1.02443
1.02365
1.02319
1.02271
1.02247
1.02208
1.02193
1.02191
1.02226
1.0897
1.18364
1.29566
1.2471
1.00079
0.819711
0.753417
0.780783
0.827678
0.84511
0.913372
0.980934
1.00417
1.01408
1.02568
1.02842
1.03173
1.03337
1.03362
1.03385
1.0337
1.03303
1.03207
1.03134
1.03062
1.02978
1.02913
1.02829
1.02765
1.02684
1.02626
1.02555
1.02473
1.02413
1.02339
1.02291
1.0224
1.02207
1.02171
1.02105
1.11841
1.24978
1.36299
1.24857
0.949945
0.745366
0.684554
0.720922
0.77865
0.822849
0.900857
0.970265
0.994732
1.00994
1.02057
1.02625
1.02956
1.03234
1.03315
1.03376
1.03388
1.03367
1.03271
1.03185
1.03111
1.03017
1.02946
1.02871
1.02803
1.02723
1.02665
1.02605
1.02537
1.02479
1.02418
1.02363
1.02315
1.0227
1.02247
1.0224
1.14897
1.31429
1.40149
1.23276
0.866392
0.649639
0.609157
0.670278
0.745043
0.803488
0.887871
0.957058
0.984684
1.00582
1.01616
1.02434
1.02783
1.03131
1.03263
1.03358
1.03395
1.03401
1.03356
1.0326
1.03179
1.03082
1.02983
1.02914
1.02827
1.02756
1.02691
1.02636
1.02572
1.02512
1.02453
1.02392
1.02351
1.02289
1.02249
1.02207
1.17448
1.36695
1.40262
1.20457
0.77011
0.560392
0.548574
0.623691
0.710266
0.797683
0.884606
0.947435
0.979027
1.00097
1.01249
1.02177
1.02673
1.03027
1.03216
1.03341
1.03403
1.03421
1.03425
1.03354
1.03283
1.032
1.03085
1.03011
1.02917
1.02824
1.02755
1.02687
1.02636
1.02564
1.02517
1.02446
1.0242
1.02357
1.02326
1.023
1.19237
1.37478
1.41057
1.23163
0.73299
0.541461
0.537456
0.616743
0.705584
0.800603
0.883293
0.939803
0.973206
0.995287
1.00915
1.01909
1.0255
1.02907
1.03164
1.03304
1.03401
1.0343
1.03467
1.03424
1.03388
1.03329
1.03234
1.03159
1.03084
1.02963
1.0289
1.02786
1.02729
1.02632
1.02593
1.02513
1.02473
1.02393
1.02358
1.02302
1.19123
1.34216
1.40681
1.30381
0.815733
0.640468
0.599343
0.650183
0.719824
0.819311
0.890027
0.937699
0.971419
0.992154
1.00726
1.01651
1.02404
1.02785
1.03118
1.03256
1.03395
1.03432
1.03496
1.03457
1.03436
1.034
1.03325
1.03238
1.03188
1.03081
1.03028
1.02918
1.02866
1.02769
1.02712
1.02629
1.02573
1.02492
1.02442
1.02401
1.15764
1.28815
1.39513
1.3635
0.990936
0.803505
0.708786
0.722427
0.761831
0.843135
0.896481
0.939755
0.972383
0.991649
1.00665
1.01453
1.02292
1.0268
1.03078
1.03203
1.03393
1.03427
1.03518
1.03493
1.03463
1.03434
1.0337
1.03279
1.03237
1.03135
1.03093
1.02981
1.02929
1.02844
1.02782
1.02695
1.02633
1.02549
1.02497
1.02445
1.09049
1.22274
1.34773
1.35142
1.09711
0.942064
0.816591
0.800285
0.810705
0.874591
0.908804
0.949486
0.976661
0.993958
1.00689
1.01457
1.02239
1.02606
1.03084
1.03177
1.03399
1.03411
1.03519
1.03504
1.03479
1.03446
1.03406
1.03309
1.03283
1.03192
1.03164
1.03073
1.03019
1.02939
1.02885
1.02793
1.02727
1.02644
1.02601
1.02531
1.00921
1.13333
1.2823
1.30677
1.12112
1.00702
0.896878
0.870453
0.866932
0.906777
0.924952
0.963332
0.982875
0.998995
1.00776
1.01741
1.02276
1.0263
1.03149
1.03206
1.03468
1.03457
1.03557
1.03574
1.03553
1.03515
1.03502
1.03415
1.03396
1.03295
1.03263
1.0317
1.03116
1.03048
1.02982
1.029
1.0282
1.02727
1.02684
1.02634
0.926937
1.02712
1.18907
1.22052
1.11735
1.02536
0.947182
0.92471
0.918472
0.942668
0.952349
0.981013
0.992308
1.0092
1.01091
1.02197
1.02508
1.0278
1.03286
1.03316
1.03586
1.03613
1.03673
1.03733
1.03718
1.03673
1.03653
1.03568
1.03533
1.03433
1.03374
1.03313
1.03218
1.03152
1.03074
1.02989
1.02935
1.02827
1.02776
1.02704
0.845312
0.918049
1.08135
1.11992
1.07554
1.01065
0.980509
0.971174
0.969086
0.980199
0.984661
0.999775
1.00546
1.02219
1.01653
1.0267
1.02807
1.0301
1.03387
1.03495
1.03637
1.03767
1.03721
1.03829
1.03794
1.03758
1.03715
1.03642
1.03592
1.03508
1.03422
1.03379
1.03273
1.03209
1.03123
1.03034
1.02991
1.02904
1.02862
1.02809
0.770534
0.811999
0.950692
1.00914
1.00787
0.984908
0.994551
1.0027
1.01404
1.01943
1.01939
1.023
1.02363
1.03465
1.02729
1.03221
1.03163
1.03337
1.03445
1.03696
1.03581
1.03834
1.03695
1.0384
1.03763
1.0379
1.03723
1.03694
1.03617
1.03583
1.0347
1.03442
1.03329
1.03276
1.0319
1.0309
1.03048
1.02956
1.0292
1.02861
0.715827
0.72336
0.840622
0.917118
0.929831
0.944349
0.989607
1.02199
1.05252
1.05635
1.05174
1.05034
1.04559
1.04915
1.04254
1.0408
1.03839
1.0389
1.0369
1.03953
1.03724
1.0393
1.03807
1.03934
1.03818
1.03912
1.03798
1.03841
1.03723
1.0374
1.03613
1.03596
1.03476
1.03428
1.03363
1.03262
1.03207
1.03106
1.03057
1.03007
0.702419
0.690879
0.744199
0.813714
0.836923
0.876216
0.957772
1.02381
1.07585
1.08887
1.08761
1.08022
1.07118
1.0677
1.06105
1.05386
1.04976
1.04694
1.04411
1.04417
1.04317
1.04254
1.0419
1.04251
1.04113
1.04212
1.04068
1.04122
1.04002
1.04007
1.03885
1.03849
1.03753
1.03651
1.0358
1.03456
1.03375
1.03246
1.03173
1.03117
0.72332
0.702175
0.70433
0.717866
0.728728
0.789401
0.900148
0.996143
1.07863
1.1132
1.11979
1.10676
1.09749
1.08703
1.07946
1.06872
1.06248
1.05634
1.0539
1.04987
1.05036
1.04692
1.04675
1.0458
1.04435
1.04457
1.04314
1.04298
1.0419
1.0414
1.04092
1.03989
1.03944
1.03817
1.03744
1.03631
1.03542
1.0345
1.03361
1.03321
0.754671
0.733464
0.706374
0.669426
0.640137
0.701335
0.812539
0.929244
1.05831
1.12416
1.14208
1.13192
1.1225
1.10493
1.09628
1.08337
1.07393
1.06638
1.0608
1.05558
1.05438
1.0509
1.04944
1.04779
1.04615
1.04511
1.04463
1.04318
1.04333
1.04168
1.04198
1.0405
1.04034
1.03896
1.03832
1.03717
1.03632
1.03554
1.03468
1.03425
0.78361
0.760467
0.730946
0.679716
0.626316
0.641039
0.706596
0.830781
1.01071
1.10864
1.15363
1.15832
1.14415
1.12518
1.11241
1.09972
1.08689
1.07873
1.06942
1.06417
1.05912
1.05696
1.0532
1.052
1.04916
1.04744
1.04685
1.04468
1.04486
1.04306
1.04313
1.04164
1.04147
1.0402
1.03974
1.03875
1.03808
1.0374
1.03661
1.03617
0.806555
0.788132
0.766067
0.716968
0.659049
0.642571
0.632314
0.715188
0.90781
1.07127
1.15195
1.17101
1.16539
1.14874
1.12984
1.11808
1.1053
1.09454
1.08464
1.07611
1.06986
1.06627
1.06138
1.05935
1.05593
1.05378
1.05217
1.04969
1.04868
1.04673
1.04576
1.04442
1.04344
1.04237
1.04162
1.04052
1.03982
1.03862
1.03789
1.03719
0.838724
0.81259
0.798635
0.76663
0.710076
0.678298
0.647362
0.634324
0.755201
0.985471
1.12429
1.17101
1.17999
1.16695
1.14609
1.13407
1.12302
1.11015
1.10058
1.08981
1.08277
1.07642
1.07203
1.06762
1.06499
1.06148
1.0597
1.05708
1.05482
1.05326
1.0507
1.04984
1.04774
1.04685
1.04546
1.04443
1.04341
1.04203
1.04125
1.04056
0.874595
0.8514
0.83579
0.815946
0.768907
0.731355
0.69438
0.654928
0.637878
0.814124
1.04968
1.15432
1.17534
1.17592
1.15584
1.14151
1.13368
1.12261
1.11217
1.10348
1.09344
1.08716
1.0808
1.07575
1.07284
1.06858
1.06653
1.06349
1.06116
1.05908
1.05643
1.05499
1.05258
1.05133
1.04936
1.04791
1.04631
1.04473
1.04348
1.04263
0.917817
0.902564
0.889586
0.869709
0.833136
0.79723
0.759495
0.706671
0.651405
0.630513
0.868243
1.08704
1.15858
1.16985
1.15701
1.1436
1.13692
1.12877
1.11976
1.11385
1.10306
1.09717
1.08837
1.08356
1.07827
1.075
1.0717
1.06962
1.06652
1.0649
1.0622
1.06081
1.05848
1.05682
1.05488
1.05302
1.05128
1.04981
1.04822
1.0477
0.967704
0.959204
0.963739
0.943681
0.910668
0.884114
0.843736
0.775743
0.690472
0.607096
0.599361
0.909755
1.0953
1.14579
1.14811
1.13804
1.13422
1.13053
1.12383
1.12048
1.1136
1.10687
1.10058
1.09188
1.08644
1.08089
1.077
1.07406
1.07081
1.06896
1.06633
1.06459
1.06213
1.06024
1.05803
1.05609
1.05387
1.05244
1.05055
1.04999
1.03206
1.02921
1.04417
1.03782
1.01838
1.00721
0.937084
0.835671
0.72105
0.601797
0.513252
0.585665
0.931134
1.07586
1.11741
1.11993
1.12518
1.12637
1.12414
1.12413
1.12139
1.11774
1.1149
1.1087
1.10325
1.0951
1.08914
1.08329
1.08036
1.07612
1.07435
1.07074
1.06932
1.06624
1.06487
1.0624
1.06053
1.05866
1.05665
1.05571
1.11065
1.12833
1.14593
1.13835
1.14693
1.07381
0.964077
0.840744
0.698851
0.577519
0.452607
0.384322
0.615593
0.924367
1.0354
1.07363
1.09453
1.11125
1.11276
1.11889
1.11978
1.11957
1.11922
1.11726
1.1156
1.11224
1.10742
1.10043
1.09378
1.08805
1.08419
1.0794
1.07685
1.07267
1.07092
1.06752
1.0656
1.06299
1.0615
1.06068
1.2287
1.24719
1.27311
1.27055
1.20871
1.08363
0.949273
0.792057
0.626633
0.489121
0.377546
0.293636
0.244926
0.638524
0.878813
0.974013
1.02379
1.06518
1.08134
1.09816
1.1052
1.11188
1.11473
1.11691
1.11699
1.11674
1.11677
1.1151
1.1125
1.10755
1.10279
1.09759
1.09305
1.08884
1.08449
1.08093
1.07668
1.07388
1.07109
1.07003
1.37004
1.38853
1.37979
1.31358
1.20032
1.02738
0.830261
0.634037
0.486494
0.350072
0.291843
0.21996
0.166503
0.222376
0.63505
0.806992
0.898376
0.977046
1.02067
1.05071
1.07399
1.08957
1.09833
1.10771
1.11156
1.1147
1.11665
1.11753
1.1181
1.11762
1.11648
1.11426
1.11036
1.1065
1.1024
1.0984
1.09424
1.09098
1.08799
1.08711
1.47154
1.45218
1.3707
1.22544
1.01871
0.798926
0.534648
0.313947
0.17842
0.208893
0.282267
0.337647
0.322833
0.204439
0.306219
0.577645
0.714173
0.836722
0.918437
0.970577
1.01548
1.04503
1.06733
1.08652
1.0966
1.10733
1.11262
1.11694
1.11942
1.1214
1.12193
1.12293
1.12229
1.1221
1.11932
1.11725
1.11382
1.11027
1.10587
1.10246
1.41206
1.28644
1.0405
0.864648
0.676143
0.475721
0.294537
0.224183
0.313874
0.442473
0.518022
0.548913
0.554916
0.468431
0.293427
0.409005
0.524762
0.664831
0.78088
0.856686
0.92325
0.972969
1.00753
1.04456
1.06128
1.08472
1.09472
1.10761
1.11284
1.11983
1.12166
1.12528
1.12546
1.12781
1.12655
1.12719
1.12645
1.12331
1.12316
1.12021
0.948161
0.674711
0.626204
0.611803
0.557559
0.528221
0.555689
0.606981
0.691769
0.785118
0.831911
0.85821
0.86027
0.786044
0.60814
0.460175
0.448498
0.523686
0.630367
0.709453
0.786138
0.850141
0.893465
0.93638
0.968164
1.00446
1.02773
1.0568
1.07194
1.09347
1.10061
1.11379
1.11757
1.12793
1.13099
1.13561
1.13783
1.13906
1.14248
1.14118
0.373248
0.503624
0.594647
0.601336
0.56471
0.610224
0.674786
0.751633
0.82019
0.904414
0.948061
0.972043
0.972951
0.880635
0.681023
0.562989
0.529593
0.511904
0.546898
0.607287
0.670527
0.734788
0.803383
0.851467
0.899758
0.933889
0.961852
0.990218
1.01084
1.03506
1.0497
1.06893
1.08129
1.09066
1.10322
1.10702
1.11837
1.12299
1.1334
1.14313
0.28497
0.271102
0.311751
0.411994
0.470915
0.529144
0.593065
0.651495
0.720412
0.785834
0.828414
0.85081
0.855307
0.819485
0.686548
0.526681
0.378015
0.381984
0.438527
0.532447
0.621943
0.721569
0.811837
0.845913
0.89923
0.93081
0.965548
0.990423
1.01694
1.03798
1.05908
1.08139
1.10264
1.1209
1.14342
1.15752
1.17456
1.17972
1.1874
1.18822
0.400629
0.430205
0.472636
0.513408
0.551799
0.583654
0.610625
0.633844
0.650705
0.659555
0.664688
0.66888
0.667168
0.666366
0.648637
0.614741
0.574379
0.547562
0.550341
0.560404
0.574246
0.607017
0.634946
0.161869
0.428373
0.544257
0.577498
0.626637
0.652848
0.698833
0.736085
0.780583
0.826067
0.86731
0.914398
0.947341
0.996574
1.03534
1.10252
1.15169
0.985732
0.996008
0.990437
0.995117
1.00021
1.00876
1.01625
1.01917
1.01973
1.01915
1.01844
1.01778
1.01787
1.01785
1.01791
1.01788
1.01783
1.01766
1.01759
1.01743
1.0173
1.01707
1.01687
1.01664
1.0164
1.01613
1.01586
1.01557
1.01526
1.01494
1.0146
1.01425
1.01386
1.01343
1.01299
1.01254
1.01211
1.01164
1.01108
1.0106
1.02969
1.03085
1.0306
1.02855
1.02461
1.02018
1.01839
1.01804
1.01831
1.01881
1.0194
1.01978
1.01984
1.01985
1.01979
1.01965
1.01945
1.01928
1.01912
1.01896
1.01876
1.01848
1.01816
1.01786
1.01757
1.01725
1.01692
1.01656
1.01616
1.01575
1.01538
1.01502
1.01459
1.01412
1.0136
1.01304
1.01254
1.01207
1.01163
1.01131
1.01215
1.01463
1.01504
1.01597
1.01664
1.01687
1.01768
1.01815
1.01898
1.0194
1.01973
1.01985
1.01988
1.01991
1.01992
1.01985
1.01968
1.01949
1.01931
1.01915
1.019
1.01878
1.01846
1.0181
1.01779
1.0175
1.0172
1.01687
1.01653
1.01616
1.01579
1.01541
1.01505
1.01461
1.01407
1.01355
1.01309
1.01276
1.01241
1.01213
1.02769
1.02741
1.0266
1.02521
1.02336
1.02136
1.02031
1.0201
1.02019
1.02037
1.02045
1.02046
1.02042
1.02031
1.02021
1.0201
1.01996
1.0198
1.01959
1.01938
1.01917
1.01892
1.01868
1.01842
1.01806
1.01771
1.01739
1.01706
1.01675
1.01639
1.01599
1.01561
1.01524
1.01476
1.01416
1.01366
1.01329
1.01292
1.01262
1.01233
1.0168
1.01782
1.01769
1.01808
1.01833
1.0188
1.01919
1.01939
1.01989
1.02
1.02021
1.02019
1.02021
1.02024
1.02024
1.02018
1.02
1.01985
1.01975
1.01954
1.01934
1.01906
1.01885
1.0186
1.01832
1.0179
1.01766
1.01736
1.01712
1.01669
1.01635
1.01601
1.01564
1.01517
1.01459
1.01418
1.01382
1.01352
1.01317
1.01287
1.02492
1.02443
1.02425
1.02366
1.02281
1.02216
1.02158
1.02132
1.02125
1.02131
1.02124
1.02101
1.02079
1.02067
1.02072
1.02062
1.02039
1.02004
1.01986
1.01967
1.01953
1.01928
1.019
1.01871
1.01836
1.01801
1.01769
1.01743
1.01718
1.01671
1.01636
1.01599
1.01557
1.01508
1.01456
1.01419
1.01385
1.01352
1.01321
1.01286
1.019
1.01929
1.01916
1.01947
1.0198
1.02008
1.02025
1.02043
1.02068
1.02082
1.02093
1.0208
1.02074
1.02077
1.02078
1.02069
1.02048
1.02032
1.02012
1.01994
1.01975
1.01956
1.01933
1.01905
1.0187
1.01836
1.0181
1.01788
1.0176
1.01725
1.01676
1.01644
1.016
1.01549
1.01505
1.01471
1.01436
1.01403
1.01368
1.01336
1.02315
1.02314
1.02301
1.02299
1.02271
1.02258
1.02222
1.02213
1.02196
1.02197
1.02166
1.02152
1.02132
1.02141
1.02127
1.02107
1.02071
1.0206
1.02039
1.02021
1.01991
1.01968
1.01942
1.01903
1.01868
1.01836
1.01811
1.01789
1.01765
1.01726
1.01683
1.01639
1.01601
1.01545
1.01503
1.01473
1.01437
1.014
1.01356
1.01325
1.02035
1.02056
1.0206
1.0209
1.02102
1.02124
1.02133
1.02154
1.02164
1.02172
1.02156
1.02151
1.02152
1.02163
1.0215
1.02135
1.0211
1.02093
1.02077
1.02059
1.02039
1.02022
1.01996
1.01961
1.01917
1.01891
1.01865
1.01845
1.01814
1.01778
1.01732
1.01693
1.0165
1.01605
1.01566
1.0153
1.01492
1.01444
1.01401
1.01374
1.02265
1.02293
1.02295
1.02301
1.0228
1.0228
1.02265
1.02274
1.02265
1.02254
1.02223
1.02217
1.02211
1.02213
1.02184
1.02166
1.02143
1.02129
1.02093
1.02074
1.02049
1.02025
1.01998
1.01967
1.01925
1.01894
1.01875
1.01849
1.0182
1.01778
1.01738
1.01696
1.01652
1.01606
1.0157
1.01532
1.01489
1.01439
1.01402
1.01373
1.02156
1.02183
1.02186
1.02209
1.02217
1.02237
1.02246
1.02267
1.02264
1.02262
1.02246
1.02256
1.02258
1.02255
1.02233
1.02216
1.02198
1.02187
1.02166
1.02144
1.02121
1.02096
1.02063
1.02029
1.01991
1.01961
1.01936
1.01916
1.01877
1.01838
1.01804
1.01762
1.01718
1.01673
1.01632
1.01595
1.01547
1.01508
1.01472
1.01441
1.02306
1.02333
1.02334
1.02345
1.02333
1.02347
1.02339
1.02351
1.02327
1.02319
1.02301
1.02309
1.02298
1.0229
1.02268
1.02257
1.02226
1.02203
1.02183
1.02165
1.02128
1.02107
1.02076
1.02038
1.01999
1.01973
1.01949
1.01927
1.01887
1.0185
1.01813
1.01774
1.01722
1.01678
1.01633
1.01592
1.01549
1.01514
1.0148
1.01455
1.0228
1.02314
1.0232
1.02343
1.02349
1.02371
1.02373
1.02384
1.02368
1.02372
1.02368
1.02373
1.02357
1.02353
1.02341
1.02333
1.02309
1.02291
1.0227
1.02249
1.02212
1.02186
1.0216
1.02122
1.02076
1.02051
1.02033
1.02
1.01964
1.01931
1.01897
1.01851
1.018
1.01751
1.01706
1.01667
1.01626
1.01592
1.0156
1.01535
1.02388
1.0242
1.0242
1.02434
1.02433
1.02451
1.02437
1.02444
1.02425
1.02438
1.02424
1.02427
1.02399
1.02395
1.02376
1.02362
1.0233
1.02317
1.02291
1.02269
1.02228
1.02206
1.0217
1.02138
1.02097
1.02077
1.02047
1.02021
1.01973
1.01953
1.01907
1.01868
1.01808
1.01762
1.01708
1.01677
1.01632
1.016
1.01562
1.01542
1.02424
1.02464
1.02466
1.02492
1.02494
1.02517
1.02504
1.02513
1.02504
1.02522
1.02511
1.02515
1.02496
1.02502
1.02484
1.02462
1.02427
1.02412
1.0239
1.02366
1.02327
1.02301
1.02263
1.02229
1.02189
1.02166
1.02136
1.02107
1.02069
1.02044
1.01998
1.01953
1.01895
1.01846
1.01796
1.01761
1.01721
1.01687
1.01648
1.0162
1.02499
1.02542
1.02545
1.02567
1.0256
1.0258
1.02559
1.02575
1.02559
1.02578
1.02552
1.0255
1.02532
1.02542
1.02518
1.02499
1.02456
1.02449
1.02417
1.02394
1.02349
1.02329
1.02289
1.02259
1.02215
1.02195
1.02158
1.0213
1.02087
1.02063
1.02012
1.01967
1.01903
1.01857
1.01803
1.01771
1.01725
1.01694
1.01649
1.01622
1.02597
1.02648
1.02638
1.02671
1.02664
1.02683
1.02663
1.02684
1.02675
1.02696
1.02666
1.02666
1.0265
1.02662
1.02635
1.02612
1.02572
1.02564
1.02533
1.02505
1.02458
1.02432
1.02397
1.02367
1.02326
1.02297
1.02262
1.02235
1.02196
1.02165
1.02113
1.02066
1.02005
1.01961
1.01906
1.01872
1.01824
1.01791
1.01743
1.01713
1.02663
1.02713
1.02702
1.02732
1.02719
1.02738
1.02717
1.0274
1.02726
1.02746
1.02713
1.02721
1.02699
1.02711
1.0268
1.02655
1.02616
1.02603
1.02576
1.02543
1.02492
1.02464
1.02431
1.02406
1.02359
1.02331
1.02288
1.02262
1.02219
1.02187
1.02133
1.02084
1.0202
1.01973
1.01916
1.01879
1.01829
1.01792
1.01743
1.01713
1.02782
1.0283
1.02826
1.0286
1.02847
1.02869
1.02852
1.02877
1.02861
1.02883
1.02854
1.02866
1.02839
1.02854
1.02813
1.028
1.02758
1.02754
1.0271
1.0268
1.02626
1.02605
1.0256
1.0254
1.02497
1.0247
1.02417
1.02391
1.02341
1.0231
1.02252
1.0221
1.02138
1.02095
1.02036
1.02
1.01946
1.01908
1.01857
1.01827
1.02838
1.02887
1.02888
1.0292
1.02908
1.02934
1.02917
1.02941
1.02926
1.02948
1.02919
1.02935
1.02902
1.02907
1.0286
1.02858
1.02821
1.0281
1.02754
1.0273
1.02678
1.02647
1.02603
1.02587
1.02545
1.02509
1.02454
1.02426
1.02372
1.02339
1.02274
1.0223
1.02156
1.0211
1.02046
1.02007
1.01951
1.0191
1.01854
1.01821
1.02988
1.03052
1.0305
1.03081
1.03072
1.03103
1.0309
1.03118
1.03096
1.0312
1.03099
1.03116
1.03076
1.03077
1.03036
1.03042
1.02998
1.02984
1.0293
1.02911
1.02846
1.02823
1.02775
1.02766
1.02716
1.0268
1.02622
1.0259
1.02532
1.02499
1.02433
1.02384
1.02307
1.02257
1.02188
1.02151
1.02091
1.02048
1.01989
1.01955
1.03076
1.0315
1.03135
1.03165
1.03155
1.0319
1.03171
1.03193
1.03168
1.03198
1.03178
1.03189
1.03146
1.0315
1.03109
1.03114
1.03067
1.03059
1.03001
1.02975
1.02908
1.02886
1.02834
1.02824
1.02769
1.0274
1.02674
1.0264
1.02576
1.02538
1.02467
1.02415
1.02332
1.02279
1.02208
1.02168
1.02101
1.02056
1.01994
1.01961
1.03285
1.03349
1.03333
1.03378
1.03368
1.03402
1.03379
1.03407
1.03388
1.03425
1.03399
1.03413
1.03366
1.03369
1.03327
1.03336
1.03295
1.03286
1.03219
1.03196
1.03127
1.03107
1.03051
1.03041
1.02982
1.02955
1.02881
1.02858
1.02786
1.0275
1.02672
1.02617
1.02527
1.02475
1.024
1.02358
1.02285
1.02242
1.02178
1.02148
1.03372
1.03443
1.03428
1.03475
1.03459
1.0349
1.03471
1.03501
1.03484
1.03525
1.03493
1.03508
1.03457
1.03462
1.03422
1.03435
1.0339
1.03377
1.03305
1.03281
1.03206
1.03192
1.03129
1.03122
1.03054
1.03026
1.02951
1.02927
1.02846
1.02809
1.02717
1.02661
1.02563
1.02511
1.02429
1.02382
1.02302
1.02258
1.02194
1.02165
1.03616
1.03674
1.03675
1.03726
1.03714
1.03758
1.03743
1.03782
1.03769
1.03806
1.03772
1.0379
1.03741
1.03754
1.03714
1.03728
1.03678
1.03663
1.03586
1.03562
1.03489
1.03474
1.0341
1.03399
1.03324
1.03302
1.03224
1.03199
1.03109
1.03072
1.02968
1.02911
1.02808
1.02759
1.02667
1.02621
1.02537
1.02493
1.02422
1.02391
1.03713
1.0379
1.03786
1.03844
1.03833
1.03886
1.03877
1.03919
1.03903
1.0393
1.03899
1.03917
1.03872
1.03891
1.03851
1.03863
1.03802
1.03784
1.03702
1.03678
1.036
1.03586
1.03514
1.035
1.03421
1.03398
1.03311
1.03284
1.03185
1.03142
1.03026
1.02971
1.0286
1.02808
1.02706
1.0266
1.02564
1.02517
1.02438
1.02406
1.04061
1.04136
1.04138
1.04205
1.04198
1.04265
1.04249
1.04298
1.04271
1.04303
1.04271
1.04294
1.0426
1.04283
1.04242
1.04252
1.04181
1.04161
1.04074
1.04052
1.0398
1.03967
1.03894
1.03878
1.03792
1.03769
1.03677
1.03647
1.03538
1.0349
1.03366
1.0331
1.03186
1.03132
1.03022
1.02973
1.02867
1.02818
1.02729
1.02695
1.04233
1.04328
1.0432
1.04395
1.04382
1.04452
1.04424
1.04479
1.0444
1.0448
1.04444
1.04478
1.04449
1.04477
1.04428
1.04429
1.04348
1.04318
1.04232
1.04206
1.04136
1.04115
1.0404
1.04008
1.03923
1.03884
1.03793
1.03753
1.0364
1.03585
1.03452
1.0339
1.03256
1.032
1.03081
1.03031
1.02913
1.02862
1.02761
1.02725
1.04727
1.04831
1.04814
1.04896
1.04884
1.04953
1.04923
1.04982
1.04939
1.04995
1.04957
1.05016
1.04982
1.0502
1.0496
1.04957
1.04872
1.04848
1.0477
1.04751
1.0469
1.04661
1.04591
1.0454
1.04464
1.04404
1.04321
1.04252
1.04152
1.04068
1.03944
1.03859
1.03727
1.03664
1.03536
1.0348
1.03348
1.03288
1.03179
1.03139
1.04941
1.05058
1.05041
1.05138
1.05125
1.05199
1.05175
1.05234
1.05202
1.05268
1.05239
1.05306
1.05261
1.05297
1.05218
1.05214
1.05121
1.05109
1.05029
1.05019
1.0494
1.04913
1.04826
1.04783
1.04688
1.04635
1.04533
1.04461
1.04338
1.04238
1.04099
1.03993
1.03859
1.03766
1.03631
1.03544
1.03404
1.03328
1.03216
1.03175
1.05525
1.05668
1.05655
1.05772
1.05742
1.0584
1.05798
1.05875
1.05846
1.05926
1.05898
1.05967
1.05903
1.05936
1.05837
1.05844
1.0574
1.05743
1.05654
1.05651
1.05566
1.05542
1.05439
1.05393
1.05282
1.05222
1.05107
1.05027
1.04898
1.04798
1.04652
1.04547
1.04405
1.0431
1.04166
1.04077
1.03925
1.03849
1.03731
1.03688
1.06137
1.06265
1.06282
1.06412
1.06391
1.06511
1.06471
1.06582
1.06558
1.06653
1.06633
1.06694
1.06635
1.06665
1.06569
1.0659
1.0649
1.06501
1.06406
1.06393
1.06293
1.06242
1.06136
1.0606
1.05949
1.05854
1.0573
1.05602
1.05457
1.05292
1.0514
1.04967
1.04824
1.04662
1.04514
1.0437
1.0422
1.04105
1.03984
1.03914
1.06983
1.07213
1.07198
1.07362
1.07303
1.07448
1.07372
1.07503
1.07419
1.0753
1.07439
1.07501
1.07398
1.07411
1.07303
1.07291
1.07185
1.0717
1.07055
1.07037
1.06894
1.06857
1.06694
1.06644
1.06494
1.0643
1.06284
1.06198
1.0603
1.05914
1.05727
1.05598
1.05426
1.05291
1.05123
1.04978
1.04804
1.0466
1.04519
1.04429
1.08462
1.08754
1.08659
1.08806
1.08713
1.08855
1.0877
1.089
1.08821
1.08932
1.08838
1.08931
1.08817
1.08903
1.08789
1.08862
1.08746
1.08786
1.0866
1.08668
1.08534
1.08517
1.08367
1.08317
1.08145
1.08056
1.07851
1.07708
1.0746
1.07266
1.06998
1.06781
1.06519
1.06296
1.06045
1.05824
1.05592
1.05397
1.05226
1.05101
1.10128
1.10066
1.10081
1.10089
1.10088
1.10118
1.10098
1.10137
1.101
1.1013
1.10058
1.10079
1.09965
1.09987
1.09824
1.09852
1.09649
1.09669
1.09429
1.09417
1.09137
1.0909
1.08791
1.08737
1.08453
1.08404
1.08123
1.08062
1.07775
1.07703
1.07413
1.0733
1.07032
1.06925
1.06605
1.06471
1.06149
1.06022
1.05764
1.05688
1.12164
1.12247
1.12331
1.12424
1.12454
1.12503
1.12538
1.12564
1.1262
1.12646
1.12697
1.12749
1.12773
1.12856
1.12841
1.12935
1.12875
1.12963
1.12866
1.12954
1.12839
1.12922
1.12769
1.128
1.12563
1.12521
1.12199
1.12078
1.11675
1.11479
1.11007
1.10738
1.10205
1.0988
1.09309
1.08971
1.08414
1.08123
1.07666
1.07459
1.14275
1.14053
1.14031
1.13978
1.13937
1.13997
1.1404
1.14128
1.14173
1.14227
1.14246
1.14251
1.1423
1.14192
1.14136
1.14081
1.13998
1.13931
1.13795
1.13665
1.13415
1.1318
1.12827
1.12541
1.12176
1.11915
1.11578
1.11338
1.11025
1.10809
1.10509
1.10306
1.09984
1.09746
1.09349
1.09043
1.08609
1.08336
1.0803
1.07988
1.15342
1.16368
1.17357
1.18291
1.18912
1.19675
1.20191
1.20842
1.2131
1.21882
1.22298
1.22797
1.23154
1.23563
1.23832
1.24121
1.24278
1.24477
1.24556
1.24745
1.24778
1.24954
1.24895
1.24979
1.24766
1.24664
1.24268
1.23984
1.23402
1.22934
1.22177
1.21556
1.2068
1.19994
1.19086
1.18419
1.17514
1.16801
1.15739
1.14742
1.19437
1.19199
1.19689
1.20103
1.20995
1.21549
1.22456
1.22956
1.2378
1.24173
1.24876
1.25133
1.25668
1.25788
1.26182
1.26221
1.26559
1.26582
1.26826
1.2672
1.2667
1.26336
1.25929
1.25436
1.24759
1.24213
1.23418
1.22906
1.22058
1.21542
1.20704
1.20228
1.19482
1.19066
1.18296
1.17615
1.16301
1.14944
1.13243
1.12225
1.21281
1.23788
1.28817
1.32395
1.3653
1.39794
1.43574
1.46507
1.49943
1.52537
1.55607
1.57846
1.60499
1.62318
1.64435
1.65732
1.67231
1.67982
1.6892
1.69253
1.6979
1.69825
1.70026
1.69771
1.6961
1.68981
1.6835
1.67292
1.662
1.64757
1.63178
1.61403
1.59408
1.57377
1.55021
1.5273
1.50033
1.47594
1.44946
1.42517
1.01069
1.0118
1.01176
1.0117
1.01183
1.01212
1.01206
1.01219
1.01228
1.01248
1.01214
1.01214
1.01234
1.01273
1.01289
1.01252
1.0123
1.01178
1.01093
1.01048
1.00981
1.00904
1.00795
1.00661
1.00504
1.00305
1.0005
0.998075
0.995407
0.992732
0.98941
0.98639
0.983468
0.978791
0.978885
0.974931
0.975803
0.973322
0.974407
0.972079
1.01127
1.01196
1.0118
1.01175
1.01198
1.01223
1.01212
1.01228
1.0124
1.01272
1.01237
1.01247
1.01274
1.01301
1.01313
1.01281
1.01239
1.01184
1.01104
1.0105
1.00963
1.00886
1.0077
1.00634
1.00471
1.00268
1.00016
0.997532
0.994881
0.992116
0.988326
0.985835
0.982433
0.97804
0.978328
0.974031
0.975186
0.972436
0.973653
0.971797
1.01198
1.01239
1.01198
1.01219
1.01228
1.01243
1.01243
1.01264
1.01274
1.01291
1.01259
1.01274
1.0127
1.01274
1.01271
1.01228
1.0117
1.0111
1.01045
1.0098
1.00868
1.00776
1.00648
1.00501
1.00328
1.00126
0.998765
0.996361
0.993243
0.990203
0.987272
0.984124
0.981269
0.977858
0.976979
0.974001
0.973934
0.972221
0.972486
0.971113
1.01211
1.01227
1.01193
1.01222
1.01219
1.01227
1.01238
1.01263
1.01265
1.01266
1.01255
1.01269
1.01243
1.01211
1.01191
1.01149
1.01093
1.01038
1.01013
1.00945
1.00826
1.0073
1.00596
1.00443
1.00254
1.00042
0.997978
0.995057
0.992037
0.988987
0.985507
0.983314
0.980039
0.977755
0.97613
0.973913
0.973205
0.971958
0.971694
0.970801
1.0126
1.01264
1.01236
1.01273
1.01246
1.01257
1.01272
1.01301
1.01301
1.01299
1.01291
1.01293
1.01248
1.01199
1.01162
1.01118
1.01062
1.01013
1.00975
1.00892
1.00766
1.00655
1.00502
1.00334
1.00138
0.999166
0.996469
0.993844
0.990616
0.987211
0.984578
0.981609
0.979186
0.97691
0.974748
0.973199
0.971989
0.971199
0.970677
0.969972
1.0126
1.01256
1.01242
1.0127
1.01239
1.01269
1.01282
1.01302
1.01291
1.01298
1.01287
1.01271
1.01204
1.01159
1.01122
1.01076
1.01037
1.00991
1.00959
1.00878
1.00753
1.00638
1.00482
1.00314
1.00101
0.998654
0.996134
0.992847
0.989649
0.986578
0.983147
0.981015
0.978021
0.976268
0.973958
0.972526
0.971304
0.970498
0.970002
0.969595
1.01304
1.01302
1.01298
1.01323
1.01297
1.01334
1.01334
1.01346
1.01339
1.01347
1.0133
1.01311
1.01247
1.01209
1.01149
1.01105
1.01063
1.01025
1.00963
1.00855
1.00724
1.006
1.00426
1.00238
1.00013
0.997704
0.994745
0.991703
0.988672
0.985161
0.982515
0.979431
0.977143
0.974784
0.972575
0.97121
0.97005
0.969294
0.968911
0.968663
1.01299
1.01302
1.0131
1.01326
1.01312
1.01352
1.01336
1.0134
1.0133
1.01335
1.01307
1.01277
1.01223
1.0119
1.01132
1.01085
1.01061
1.01014
1.00944
1.00847
1.00728
1.00596
1.00424
1.00244
1.00012
0.997539
0.994753
0.991358
0.988058
0.984926
0.981283
0.978875
0.975756
0.974009
0.971798
0.970387
0.969256
0.968444
0.968047
0.968116
1.01354
1.01366
1.0137
1.0138
1.01385
1.01417
1.0139
1.01402
1.01384
1.01383
1.01358
1.0134
1.01288
1.01271
1.0121
1.01173
1.01129
1.01072
1.00994
1.00873
1.00746
1.00606
1.00411
1.00205
0.99966
0.99713
0.993835
0.990558
0.987548
0.983715
0.980836
0.977325
0.974897
0.97237
0.970338
0.968915
0.967876
0.967128
0.966808
0.967067
1.01358
1.01372
1.01375
1.0139
1.01396
1.01409
1.01381
1.01398
1.01375
1.01367
1.01325
1.01308
1.01283
1.01267
1.01207
1.01179
1.01135
1.01074
1.00987
1.00882
1.00782
1.00627
1.00446
1.00252
1.00013
0.997268
0.994234
0.990809
0.987063
0.983671
0.979636
0.97684
0.973316
0.971572
0.969429
0.967945
0.966908
0.966198
0.965754
0.966387
1.01432
1.01443
1.01449
1.01459
1.01462
1.01467
1.01448
1.01469
1.01435
1.01433
1.01399
1.01397
1.01374
1.01358
1.01312
1.01288
1.01232
1.01152
1.0107
1.00957
1.00843
1.00668
1.00488
1.00249
0.999842
0.997049
0.993533
0.989881
0.986656
0.982393
0.979183
0.97522
0.972602
0.969823
0.967745
0.966328
0.965372
0.964813
0.964431
0.965243
1.0144
1.01451
1.01454
1.01459
1.01456
1.01454
1.01447
1.01459
1.01419
1.01416
1.01391
1.01385
1.01359
1.01333
1.01303
1.01291
1.01219
1.01159
1.01073
1.00965
1.00855
1.00677
1.00498
1.00269
1.00012
0.996817
0.993491
0.990052
0.9858
0.982199
0.97773
0.974583
0.970757
0.968866
0.966599
0.965053
0.964189
0.9637
0.96325
0.964421
1.01518
1.01527
1.01526
1.01531
1.01526
1.0153
1.01528
1.01527
1.01494
1.0151
1.01479
1.01477
1.01445
1.01432
1.01414
1.0139
1.01317
1.01257
1.0116
1.01043
1.0091
1.00709
1.00527
1.0025
0.999468
0.99627
0.992716
0.988577
0.985132
0.980362
0.977001
0.972598
0.969956
0.966828
0.964628
0.963392
0.962483
0.962174
0.961843
0.96317
1.0152
1.01528
1.0152
1.01525
1.0152
1.01529
1.01519
1.01508
1.01481
1.01498
1.01467
1.01464
1.01419
1.01406
1.01393
1.0136
1.01284
1.01229
1.0113
1.01001
1.00865
1.00674
1.00465
1.00192
0.999121
0.995551
0.991874
0.988257
0.983494
0.97983
0.97493
0.971708
0.967678
0.965598
0.963181
0.961649
0.961043
0.960823
0.960431
0.96213
1.016
1.01606
1.01598
1.01611
1.0161
1.01615
1.016
1.01593
1.01583
1.01597
1.01561
1.01567
1.01527
1.0153
1.01502
1.01443
1.01378
1.01317
1.01197
1.01065
1.00916
1.00697
1.00477
1.00174
0.998481
0.99476
0.990969
0.986249
0.982556
0.977356
0.973963
0.969209
0.966657
0.96324
0.96095
0.960059
0.959189
0.959161
0.958903
0.960764
1.01597
1.01602
1.01593
1.01606
1.016
1.016
1.0158
1.01585
1.01589
1.01585
1.01548
1.01545
1.01516
1.01524
1.01462
1.01399
1.01321
1.01246
1.01128
1.01001
1.00837
1.00622
1.00393
1.00087
0.997667
0.993865
0.989651
0.985737
0.980488
0.976668
0.971237
0.968059
0.963878
0.961705
0.959264
0.957784
0.957471
0.957566
0.95721
0.95947
1.01687
1.01697
1.0169
1.01706
1.01694
1.01695
1.01688
1.01711
1.01696
1.01685
1.01666
1.0168
1.01656
1.01642
1.01566
1.01508
1.01438
1.01353
1.01214
1.01074
1.00891
1.00667
1.00416
1.00072
0.997202
0.992947
0.988768
0.983484
0.979468
0.97381
0.970201
0.96512
0.962561
0.958955
0.956729
0.956057
0.955381
0.95573
0.955534
0.95801
1.01683
1.01691
1.0168
1.01692
1.01674
1.01687
1.01698
1.01703
1.0168
1.01668
1.01647
1.01655
1.01624
1.01604
1.01515
1.01452
1.01365
1.01276
1.0114
1.01
1.00807
1.0058
1.00311
0.999724
0.995993
0.991993
0.987152
0.982957
0.977102
0.972939
0.966961
0.963628
0.959229
0.957015
0.954623
0.95327
0.953211
0.953738
0.95343
0.956341
1.01792
1.01802
1.0179
1.01807
1.01805
1.01838
1.01824
1.01822
1.018
1.01801
1.01791
1.01794
1.01756
1.01724
1.01641
1.016
1.01509
1.01405
1.01254
1.01088
1.00871
1.00619
1.00335
0.99942
0.995498
0.990641
0.986091
0.980257
0.975885
0.969593
0.965699
0.960189
0.957532
0.953799
0.951668
0.951161
0.950746
0.951649
0.951585
0.954759
1.01787
1.01794
1.01784
1.01809
1.01814
1.01836
1.0181
1.01807
1.01778
1.0178
1.01784
1.01769
1.01717
1.01666
1.01578
1.01522
1.01424
1.01315
1.01158
1.00983
1.00761
1.00521
1.00187
0.998007
0.993723
0.989391
0.983809
0.979268
0.972701
0.968249
0.961766
0.958172
0.953409
0.951194
0.94896
0.947709
0.947957
0.949095
0.94897
0.952591
1.01922
1.01939
1.01945
1.01978
1.01969
1.01977
1.01948
1.0196
1.01946
1.01976
1.01949
1.01918
1.01872
1.01825
1.01755
1.01704
1.0158
1.01456
1.01274
1.01085
1.00843
1.00536
1.00191
0.997535
0.993237
0.987655
0.982603
0.976102
0.971276
0.964333
0.960008
0.953948
0.951198
0.947525
0.945383
0.945149
0.945088
0.946702
0.946976
0.950939
1.01931
1.01953
1.01954
1.01976
1.01956
1.0196
1.01929
1.01947
1.0195
1.01963
1.01913
1.01878
1.01813
1.01752
1.01673
1.0161
1.01483
1.01356
1.0117
1.00969
1.00693
1.00404
1.00009
0.995713
0.990785
0.985907
0.979495
0.974484
0.967089
0.962137
0.955119
0.951229
0.946071
0.943728
0.941817
0.940853
0.941484
0.943403
0.943716
0.948233
1.02119
1.02142
1.02135
1.02144
1.02124
1.02143
1.02139
1.02181
1.02157
1.0215
1.02095
1.02077
1.02018
1.01968
1.01894
1.01805
1.01655
1.01516
1.01302
1.01069
1.00782
1.00424
0.999981
0.994901
0.990245
0.983685
0.978025
0.970645
0.965174
0.957432
0.952614
0.945978
0.943187
0.939578
0.937449
0.937642
0.938083
0.940584
0.941428
0.946416
1.02132
1.02145
1.02129
1.02135
1.02115
1.02139
1.02143
1.02167
1.0212
1.02106
1.02037
1.0201
1.01932
1.0189
1.01803
1.01693
1.0155
1.01393
1.01173
1.00946
1.00618
1.00242
0.997612
0.992892
0.986932
0.981156
0.973928
0.968171
0.959795
0.954301
0.946558
0.942262
0.936765
0.934259
0.932713
0.932141
0.933332
0.93622
0.937165
0.942851
1.02352
1.02358
1.02343
1.02368
1.02372
1.02413
1.02396
1.02393
1.02346
1.02345
1.0229
1.02273
1.02192
1.02134
1.02018
1.01903
1.01747
1.01572
1.01323
1.01048
1.00666
1.00229
0.99746
0.991511
0.98598
0.978264
0.971906
0.963361
0.956912
0.948248
0.942713
0.935659
0.932859
0.929287
0.927273
0.928066
0.929158
0.932742
0.93438
0.940628
1.02363
1.02363
1.02351
1.02375
1.02374
1.02398
1.02358
1.0235
1.02292
1.02278
1.02205
1.02184
1.02102
1.02049
1.01922
1.01807
1.0164
1.01428
1.01172
1.00852
1.00434
1.00002
0.994232
0.988775
0.981486
0.974727
0.966156
0.95935
0.949863
0.943447
0.935172
0.93036
0.924512
0.921881
0.920786
0.920803
0.92266
0.926751
0.92858
0.935462
1.02646
1.02665
1.02671
1.02702
1.02687
1.02688
1.02652
1.0266
1.02617
1.02611
1.02539
1.02502
1.02394
1.02323
1.02164
1.02049
1.01814
1.01606
1.01282
1.00916
1.00463
0.999299
0.993553
0.986407
0.979568
0.970429
0.963304
0.953106
0.94543
0.935888
0.929297
0.922102
0.918885
0.915605
0.913838
0.91532
0.917395
0.922373
0.925124
0.932921
1.02672
1.02685
1.02675
1.02691
1.02657
1.02651
1.02602
1.02596
1.02533
1.0252
1.02446
1.02415
1.02301
1.02221
1.02067
1.01909
1.01686
1.01421
1.01067
1.00659
1.00129
0.996094
0.988751
0.982238
0.973086
0.965457
0.954905
0.946782
0.935985
0.928248
0.919447
0.913617
0.907875
0.90505
0.904641
0.905606
0.9083
0.914005
0.917067
0.925713
1.03084
1.031
1.03077
1.03086
1.03056
1.03072
1.03035
1.03032
1.02968
1.02939
1.02846
1.02795
1.02653
1.02565
1.02338
1.02179
1.01851
1.01559
1.01128
1.0064
1.00112
0.994142
0.987204
0.978121
0.969846
0.958973
0.950351
0.93821
0.929209
0.918566
0.910582
0.903437
0.899451
0.896841
0.895614
0.898156
0.901566
0.908451
0.912775
0.922727
1.03116
1.03103
1.0307
1.03064
1.03019
1.0302
1.02962
1.0295
1.0288
1.02863
1.02767
1.02697
1.02566
1.02419
1.02213
1.0198
1.01646
1.01316
1.00793
1.00338
0.996111
0.989411
0.980069
0.971847
0.960472
0.951305
0.938256
0.928375
0.915728
0.906355
0.896832
0.890096
0.88436
0.881795
0.882244
0.88448
0.888504
0.896487
0.901415
0.912384
1.0362
1.03629
1.03607
1.03626
1.03593
1.03604
1.03542
1.03547
1.03449
1.0342
1.03262
1.03195
1.02966
1.02817
1.02516
1.02242
1.01854
1.01392
1.00863
1.00181
0.994606
0.985395
0.976527
0.965196
0.955057
0.941495
0.93033
0.916094
0.905179
0.893309
0.883797
0.876347
0.871745
0.87036
0.870414
0.874545
0.879749
0.889352
0.895978
0.909385
1.03841
1.03795
1.03761
1.03724
1.03678
1.0363
1.03567
1.03505
1.03415
1.03316
1.03176
1.03036
1.02812
1.02621
1.02267
1.01993
1.01452
1.01033
1.00273
0.996397
0.986335
0.977896
0.965709
0.954958
0.940428
0.928251
0.912126
0.8996
0.884792
0.873173
0.862767
0.855272
0.85007
0.848347
0.850051
0.854407
0.860363
0.871813
0.879256
0.894616
1.04347
1.04353
1.04324
1.0435
1.04296
1.04314
1.04221
1.0421
1.04065
1.03997
1.0379
1.03625
1.03348
1.03047
1.02669
1.02182
1.01649
1.00944
1.00188
0.992305
0.982364
0.97019
0.95809
0.943117
0.929224
0.912376
0.897464
0.880941
0.867108
0.853816
0.843029
0.83576
0.831324
0.83175
0.834787
0.841366
0.849044
0.862852
0.873398
0.889101
1.05022
1.04935
1.04911
1.04831
1.04778
1.04677
1.04558
1.04424
1.04212
1.0404
1.03717
1.03501
1.03047
1.02757
1.02133
1.01704
1.00859
1.00202
0.990903
0.981668
0.967575
0.955554
0.938389
0.923762
0.904622
0.887489
0.868144
0.851422
0.833884
0.81995
0.808676
0.801279
0.797868
0.798228
0.80298
0.811085
0.81972
0.835854
0.848179
0.867636
1.05542
1.05537
1.05482
1.05455
1.05383
1.05292
1.05175
1.04995
1.04813
1.04537
1.04284
1.03904
1.0354
1.03005
1.02447
1.01678
1.00844
0.997565
0.985899
0.971475
0.956616
0.939092
0.921071
0.901158
0.880917
0.859809
0.839566
0.819918
0.802663
0.788503
0.777885
0.772307
0.770466
0.774236
0.782407
0.794585
0.806076
0.8252
0.843144
0.862039
1.07187
1.07112
1.06924
1.06851
1.06577
1.06433
1.06059
1.05843
1.05364
1.0507
1.04473
1.04068
1.03292
1.02691
1.01632
1.00742
0.993181
0.980911
0.962797
0.94717
0.925629
0.906579
0.882308
0.860174
0.834151
0.810842
0.786141
0.76454
0.745018
0.730234
0.719563
0.715159
0.714976
0.721222
0.732614
0.748827
0.761624
0.784843
0.803881
0.835929
1.07988
1.07843
1.07737
1.07465
1.07183
1.06815
1.0648
1.0605
1.05655
1.05126
1.04606
1.03865
1.03088
1.02021
1.00885
0.994162
0.978539
0.959708
0.939781
0.917187
0.892869
0.866818
0.838733
0.810779
0.780937
0.754329
0.727365
0.705815
0.687268
0.675042
0.668247
0.668314
0.675454
0.687945
0.705313
0.730297
0.750415
0.777008
0.801785
0.831791
1.13398
1.12683
1.11478
1.1089
1.09942
1.09596
1.08807
1.08498
1.07583
1.07014
1.05729
1.04738
1.02995
1.01513
0.992793
0.972679
0.94538
0.919905
0.887851
0.857083
0.820692
0.786651
0.748554
0.713495
0.67778
0.64541
0.61608
0.590575
0.57394
0.558832
0.559938
0.560997
0.575145
0.592544
0.615131
0.648236
0.680993
0.712893
0.756152
0.793306
1.11928
1.11484
1.11871
1.11836
1.1208
1.1176
1.11216
1.10138
1.08711
1.06894
1.0471
1.02278
0.994442
0.964494
0.930089
0.894741
0.854854
0.814966
0.771468
0.730208
0.685543
0.646405
0.601862
0.56905
0.528694
0.507184
0.477232
0.477166
0.463684
0.484133
0.49812
0.528088
0.561552
0.607064
0.645398
0.69056
0.731161
0.773084
0.806626
0.852615
1.39901
1.37697
1.33938
1.30715
1.26099
1.22149
1.17081
1.12825
1.07472
1.0306
0.975341
0.930117
0.872895
0.82624
0.766952
0.71916
0.65859
0.610726
0.550139
0.502354
0.444448
0.396031
0.347653
0.304666
0.277846
0.253607
0.271039
0.303834
0.315181
0.370541
0.423937
0.47235
0.555602
0.594023
0.677692
0.718802
0.801721
0.844703
0.916754
0.957516
0.999979
1
1
1
1
1
1
1
1
1
1
1
1.00001
1.00001
1
1
1
1
1
1
1
0.999999
0.999998
0.999994
0.999991
0.999989
0.999989
0.999988
0.999992
0.999992
0.999994
1
1
0.999997
0.999996
0.999997
0.999996
1
0.999997
0.99998
0.999981
1.00002
1.00002
1.00001
1.00001
1.00001
1
1
1
1
1
1
0.999999
0.999998
0.999999
1
1
0.999999
0.999999
0.999998
0.999997
0.999999
0.999998
1
1.00001
1.00001
1.00001
1.00001
0.999998
0.999997
0.999994
0.999981
0.999985
0.999991
0.999993
0.999992
0.999993
0.999984
0.999992
0.999936
0.999989
1.00005
1.00004
1.00004
1.00005
1.00005
1.00005
1.00004
1.00004
1.00004
1.00004
1.00004
1.00003
1.00003
1.00003
1.00002
1.00002
1.00002
1.00002
1.00001
1.00001
1
0.999997
0.999986
0.999977
0.999972
0.999966
0.999961
0.999963
0.999959
0.999958
0.999971
0.99996
0.999948
0.999944
0.999941
0.999941
0.999954
0.999953
0.999881
0.999994
1.00009
1.00009
1.00007
1.00006
1.00006
1.00006
1.00005
1.00005
1.00005
1.00005
1.00004
1.00004
1.00003
1.00003
1.00003
1.00002
1.00002
1.00001
1
0.999996
0.999991
0.999983
0.999984
0.999983
0.999976
0.999971
0.999965
0.999949
0.999941
0.999931
0.999904
0.999908
0.999917
0.999917
0.999918
0.99992
0.999908
0.999925
0.999806
1.00001
1.00014
1.00013
1.00012
1.00012
1.00011
1.0001
1.0001
1.00009
1.00008
1.00007
1.00007
1.00006
1.00006
1.00005
1.00003
1.00003
1.00002
1.00001
1
0.999992
0.99998
0.999973
0.999955
0.999937
0.999928
0.999916
0.999906
0.99991
0.999904
0.9999
0.999915
0.999898
0.999875
0.999867
0.999858
0.999853
0.999872
0.999863
0.999722
1.00002
1.00021
1.0002
1.00018
1.00017
1.00017
1.00016
1.00015
1.00015
1.00014
1.00014
1.00013
1.00011
1.0001
1.0001
1.00009
1.00008
1.00007
1.00005
1.00004
1.00003
1.00001
0.999989
0.99998
0.99997
0.999948
0.999933
0.999917
0.999883
0.999862
0.999842
0.999802
0.999799
0.999807
0.999798
0.9998
0.999798
0.99978
0.999817
0.999617
1.00006
1.00027
1.00026
1.00025
1.00024
1.00023
1.00022
1.00021
1.0002
1.00019
1.00017
1.00016
1.00016
1.00015
1.00012
1.0001
1.00008
1.00006
1.00004
1.00002
0.999997
0.999976
0.999963
0.999936
0.999907
0.999889
0.999862
0.999838
0.999834
0.99982
0.999802
0.999809
0.999783
0.999749
0.99974
0.99972
0.999715
0.999736
0.999722
0.999506
1.00009
1.00036
1.00034
1.00033
1.00031
1.0003
1.00029
1.00027
1.00026
1.00025
1.00024
1.00022
1.00019
1.00017
1.00016
1.00016
1.00014
1.00012
1.0001
1.00008
1.00006
1.00003
0.999988
0.99996
0.999935
0.999899
0.999875
0.999849
0.999804
0.999768
0.999742
0.999693
0.999678
0.999676
0.999654
0.999661
0.999662
0.999629
0.999663
0.999367
1.00014
1.00045
1.00045
1.00043
1.00042
1.0004
1.00039
1.00038
1.00037
1.00035
1.00033
1.00032
1.00032
1.0003
1.00027
1.00023
1.00019
1.00016
1.00012
1.00008
1.00005
1.00001
0.999993
0.999956
0.999915
0.999884
0.999835
0.99979
0.999766
0.999739
0.999698
0.999685
0.999645
0.999606
0.999589
0.999546
0.999524
0.999556
0.999523
0.999226
1.0002
1.00054
1.00053
1.00053
1.00052
1.00051
1.00049
1.00048
1.00046
1.00045
1.00043
1.0004
1.00036
1.00033
1.00031
1.0003
1.00028
1.00025
1.00022
1.00018
1.00013
1.00008
1.00002
0.999966
0.999913
0.99985
0.999813
0.99977
0.999711
0.999654
0.999616
0.999557
0.999529
0.999493
0.999454
0.999457
0.99945
0.999399
0.999434
0.999049
1.0003
1.00069
1.00067
1.00064
1.00062
1.0006
1.00058
1.00057
1.00054
1.00052
1.00049
1.00047
1.00046
1.00042
1.00038
1.00032
1.00027
1.00021
1.00016
1.0001
1.00006
1.00001
0.999969
0.999919
0.99987
0.999824
0.999745
0.999677
0.999621
0.999569
0.999508
0.999462
0.999405
0.999375
0.999342
0.999285
0.999252
0.999289
0.999239
0.998857
1.00036
1.00078
1.00077
1.00077
1.00076
1.00075
1.00073
1.00071
1.00068
1.00066
1.00063
1.00059
1.00053
1.0005
1.00046
1.00044
1.0004
1.00035
1.0003
1.00023
1.00015
1.00008
0.999993
0.999903
0.999808
0.999716
0.999659
0.999588
0.999512
0.999437
0.99937
0.999311
0.999254
0.999186
0.999148
0.999133
0.999125
0.999066
0.9991
0.998622
1.00048
1.00096
1.00093
1.00089
1.00086
1.00083
1.00081
1.00078
1.00075
1.00072
1.00068
1.00065
1.00063
1.00057
1.00053
1.00044
1.00037
1.00029
1.00022
1.00015
1.00009
1.00001
0.999945
0.999881
0.999813
0.99973
0.999617
0.999525
0.999437
0.99935
0.999271
0.999179
0.999113
0.99906
0.99899
0.998929
0.998865
0.998885
0.998833
0.998374
1.00059
1.00108
1.00107
1.00105
1.00104
1.00101
1.00099
1.00096
1.00092
1.00088
1.00084
1.00079
1.00071
1.00066
1.00059
1.00055
1.00049
1.00041
1.00033
1.00025
1.00013
1.00002
0.999896
0.999757
0.999625
0.99952
0.999428
0.999316
0.999209
0.999109
0.999007
0.998931
0.998846
0.998767
0.998721
0.998677
0.998672
0.9986
0.998632
0.998079
1.00073
1.00128
1.00126
1.00122
1.00118
1.00115
1.00111
1.00107
1.00103
1.00098
1.00093
1.00087
1.00082
1.00077
1.00072
1.0006
1.00051
1.00042
1.00032
1.00021
1.00013
1.00003
0.99993
0.99984
0.99973
0.999589
0.999449
0.999325
0.999199
0.999073
0.998958
0.998842
0.998739
0.998643
0.998546
0.998472
0.99839
0.998409
0.998346
0.997809
1.00087
1.00147
1.00146
1.00145
1.00144
1.00142
1.00139
1.00136
1.00132
1.00128
1.00123
1.00118
1.00111
1.00101
1.00093
1.00089
1.00079
1.00069
1.00058
1.00046
1.00028
1.00013
0.999966
0.999804
0.999658
0.999511
0.999363
0.99921
0.999064
0.998922
0.998786
0.99865
0.998536
0.998441
0.998362
0.998292
0.998254
0.998155
0.998173
0.997511
1.0011
1.00174
1.00172
1.00169
1.00165
1.00162
1.00159
1.00155
1.0015
1.00145
1.00139
1.00133
1.00126
1.00121
1.00114
1.00099
1.00088
1.00076
1.00063
1.0005
1.00042
1.00029
1.00015
0.999979
0.999798
0.999629
0.999446
0.999276
0.999093
0.998924
0.998751
0.998597
0.998445
0.998305
0.998167
0.998048
0.997965
0.997921
0.997881
0.997236
1.00121
1.00188
1.00186
1.00184
1.00183
1.0018
1.00176
1.00172
1.00168
1.00163
1.00157
1.0015
1.00144
1.00132
1.00121
1.00113
1.00101
1.00089
1.00074
1.00059
1.00036
1.00016
0.999972
0.999774
0.99958
0.999365
0.99918
0.998965
0.998767
0.998578
0.998399
0.998249
0.998074
0.997951
0.997851
0.997769
0.997659
0.997589
0.997556
0.996788
1.0014
1.00211
1.00208
1.00203
1.00198
1.00194
1.0019
1.00184
1.00177
1.0017
1.00161
1.00153
1.00143
1.00134
1.00121
1.00107
1.00092
1.00076
1.00059
1.00043
1.00031
1.00013
0.999937
0.999744
0.999503
0.9993
0.99907
0.998858
0.998638
0.99842
0.998214
0.997975
0.997825
0.997623
0.99747
0.997325
0.997271
0.997201
0.997165
0.996448
1.00154
1.00228
1.00227
1.00225
1.00221
1.00216
1.00211
1.00205
1.00198
1.00191
1.00184
1.00175
1.00164
1.00151
1.0014
1.00128
1.00114
1.00097
1.0008
1.00055
1.00026
1.00004
0.999813
0.999552
0.999323
0.99904
0.998792
0.998527
0.998274
0.998037
0.997791
0.997652
0.997386
0.997242
0.997078
0.996971
0.996817
0.996796
0.996708
0.995882
1.00183
1.00263
1.00259
1.00254
1.0025
1.00247
1.00242
1.00236
1.0023
1.00224
1.00215
1.00204
1.00194
1.00181
1.00167
1.00152
1.00132
1.00113
1.00093
1.00075
1.00061
1.00037
1.00011
0.999859
0.999552
0.999296
0.998975
0.998671
0.998438
0.998084
0.997859
0.997476
0.997329
0.997051
0.996849
0.996668
0.996557
0.996459
0.996389
0.995575
1.00209
1.00292
1.00293
1.00291
1.00289
1.00283
1.0028
1.00274
1.00268
1.00261
1.00251
1.00242
1.0023
1.00219
1.00209
1.00191
1.00174
1.00156
1.00135
1.0011
1.00075
1.00047
1.00017
0.999824
0.999549
0.999192
0.998898
0.998597
0.998133
0.997904
0.997529
0.997373
0.997013
0.996809
0.996622
0.996402
0.996221
0.996078
0.995945
0.995043
1.00238
1.00326
1.0032
1.00316
1.00311
1.00308
1.00299
1.00293
1.00286
1.00278
1.00269
1.00257
1.00247
1.0023
1.00207
1.00189
1.00167
1.00146
1.00118
1.00093
1.00074
1.00043
1.00011
0.999819
0.999452
0.999106
0.998672
0.998253
0.998007
0.997577
0.997238
0.996803
0.996547
0.996265
0.995982
0.995822
0.995641
0.995556
0.99549
0.994613
1.00255
1.00345
1.00345
1.00342
1.00337
1.0033
1.00327
1.00319
1.00311
1.00301
1.00287
1.00276
1.00258
1.00244
1.00232
1.00215
1.00194
1.0017
1.00145
1.00116
1.00074
1.0004
1.00003
0.999612
0.999203
0.998776
0.998463
0.99812
0.997595
0.997269
0.996879
0.996547
0.996155
0.99583
0.995552
0.995283
0.995114
0.99492
0.994861
0.993748
1.00289
1.00386
1.00379
1.00375
1.0037
1.00364
1.00354
1.00347
1.00338
1.00329
1.00322
1.00307
1.00296
1.00278
1.00252
1.00227
1.00204
1.00178
1.00146
1.00114
1.00088
1.00049
1.0001
0.999705
0.999298
0.998871
0.998288
0.997721
0.997329
0.996807
0.996361
0.995948
0.995557
0.995213
0.994903
0.99465
0.99444
0.994257
0.994149
0.99324
1.00319
1.00419
1.00421
1.00417
1.0041
1.00406
1.00403
1.00397
1.00389
1.00378
1.00361
1.00348
1.00331
1.00315
1.00302
1.00283
1.00258
1.00229
1.00202
1.00164
1.00119
1.00082
1.00038
0.999891
0.999354
0.998815
0.998375
0.99793
0.997425
0.996875
0.996358
0.995854
0.995398
0.994978
0.994593
0.994263
0.993965
0.993799
0.993724
0.992401
1.00366
1.00471
1.00463
1.0046
1.00456
1.00449
1.0044
1.00432
1.00421
1.0041
1.00401
1.00389
1.00375
1.00352
1.00324
1.00298
1.00271
1.0024
1.00201
1.0017
1.00133
1.00083
1.00034
0.999828
0.999313
0.998763
0.998145
0.997408
0.996785
0.996251
0.995705
0.995155
0.994686
0.994224
0.993825
0.993566
0.993196
0.993014
0.992817
0.991887
1.00388
1.00497
1.005
1.00493
1.00485
1.0048
1.00478
1.00469
1.00462
1.00451
1.00435
1.00417
1.00395
1.00379
1.00363
1.0034
1.00309
1.00278
1.00246
1.00195
1.00149
1.00102
1.00048
0.999899
0.999276
0.998637
0.997979
0.997529
0.996853
0.996216
0.99556
0.994971
0.994408
0.993861
0.993381
0.992863
0.99264
0.992428
0.992197
0.990818
1.00433
1.00546
1.00537
1.00534
1.0053
1.00524
1.00513
1.00505
1.0049
1.00477
1.00465
1.00451
1.00438
1.00413
1.00388
1.00359
1.00333
1.00294
1.00249
1.00215
1.00163
1.00107
1.00048
0.999848
0.9992
0.998509
0.997826
0.996923
0.996181
0.995445
0.994803
0.994054
0.993427
0.992864
0.992359
0.992013
0.991587
0.991257
0.991133
0.990094
1.0046
1.00577
1.0058
1.00573
1.00566
1.00559
1.0056
1.00548
1.00544
1.00532
1.0052
1.00501
1.00475
1.00461
1.00441
1.00415
1.00376
1.00346
1.00309
1.00251
1.002
1.0014
1.00075
1.00005
0.999296
0.998528
0.997697
0.997015
0.996215
0.995425
0.994523
0.993935
0.993204
0.992535
0.991928
0.99133
0.990989
0.990683
0.990396
0.988834
1.00517
1.0064
1.0063
1.00628
1.00626
1.0062
1.00606
1.006
1.00582
1.0057
1.00552
1.00536
1.00529
1.00502
1.00474
1.00444
1.00423
1.00373
1.00325
1.00284
1.00226
1.00163
1.00091
1.00017
0.999366
0.998525
0.997661
0.996695
0.995753
0.994782
0.994115
0.992954
0.992201
0.991468
0.990834
0.9904
0.989806
0.989445
0.989205
0.98811
1.00547
1.00672
1.00675
1.00668
1.00659
1.00656
1.00656
1.00642
1.00637
1.00626
1.0061
1.00595
1.00567
1.00546
1.00528
1.00501
1.00456
1.00431
1.00389
1.00322
1.0026
1.0019
1.00113
1.00027
0.999354
0.998412
0.997429
0.996462
0.995507
0.994606
0.993309
0.992808
0.991849
0.991062
0.99031
0.98955
0.989138
0.98871
0.988431
0.986647
1.00605
1.00734
1.00723
1.00721
1.00719
1.00713
1.00702
1.00697
1.00682
1.00667
1.0065
1.00631
1.00613
1.00594
1.00567
1.00538
1.00519
1.00463
1.00412
1.00372
1.00305
1.00226
1.00141
1.00052
0.999564
0.998523
0.99747
0.996348
0.99517
0.993902
0.993218
0.991643
0.990862
0.989742
0.988997
0.988365
0.987664
0.987192
0.986878
0.985748
1.00638
1.00769
1.00772
1.00765
1.00758
1.00756
1.00753
1.00743
1.00737
1.00724
1.00706
1.00688
1.0067
1.00646
1.00622
1.00599
1.0056
1.00536
1.00487
1.0041
1.00339
1.00261
1.00171
1.00069
0.999612
0.998513
0.99729
0.996048
0.994847
0.99378
0.992074
0.991441
0.989963
0.989324
0.988315
0.987444
0.986806
0.986401
0.985854
0.983971
1.00705
1.00838
1.00827
1.00826
1.00822
1.00816
1.00814
1.00811
1.00792
1.00776
1.00761
1.00744
1.0072
1.00695
1.00677
1.00652
1.00627
1.00586
1.00534
1.00485
1.00403
1.00309
1.00212
1.00104
0.999876
0.998555
0.99726
0.995936
0.994546
0.99293
0.992007
0.990104
0.989469
0.987832
0.986726
0.986111
0.984981
0.984777
0.984019
0.982969
1.00741
1.00876
1.00878
1.00873
1.00867
1.00858
1.00868
1.00863
1.00856
1.00833
1.00821
1.00797
1.00774
1.00758
1.00742
1.00722
1.00697
1.00663
1.00624
1.0054
1.00454
1.00366
1.00263
1.00149
1.00023
0.99892
0.99748
0.995903
0.99435
0.993038
0.99104
0.990015
0.987873
0.987444
0.985885
0.985229
0.983898
0.983856
0.982745
0.980952
1.00814
1.0095
1.00931
1.00941
1.00942
1.00916
1.00939
1.00942
1.00924
1.00883
1.0089
1.00876
1.00836
1.00822
1.00803
1.00791
1.00759
1.00737
1.00699
1.00622
1.00529
1.00425
1.00316
1.00191
1.00051
0.998948
0.997338
0.99572
0.994025
0.992052
0.990749
0.988429
0.987418
0.985891
0.98375
0.983687
0.981576
0.982151
0.980637
0.979781
1.00853
1.00989
1.00979
1.00985
1.00992
1.00955
1.00999
1.00994
1.00991
1.00934
1.00958
1.00939
1.0089
1.0089
1.00874
1.00876
1.00852
1.00821
1.00819
1.00697
1.0061
1.00517
1.00405
1.00279
1.00139
0.99971
0.997843
0.996064
0.994149
0.992368
0.990055
0.98847
0.985558
0.985233
0.982829
0.982399
0.980348
0.980878
0.979013
0.977421
1.00961
1.0109
1.01039
1.01065
1.01072
1.01025
1.01079
1.01097
1.01099
1.01
1.0105
1.01041
1.00974
1.01006
1.00968
1.00989
1.00954
1.00926
1.00942
1.00814
1.00722
1.00621
1.00504
1.0037
1.00209
1.00028
0.998244
0.996362
0.99407
0.991637
0.990014
0.98699
0.98503
0.983472
0.980482
0.980579
0.977915
0.978775
0.97679
0.976106
1.00879
1.01084
1.01094
1.01121
1.0113
1.01089
1.01167
1.01158
1.01147
1.01097
1.0116
1.0112
1.01085
1.01112
1.01103
1.01114
1.01088
1.01063
1.01068
1.00917
1.00869
1.0077
1.00664
1.00532
1.00375
1.00182
0.9993
0.997299
0.994959
0.992448
0.989338
0.98708
0.983671
0.981303
0.97988
0.977804
0.97699
0.976288
0.975483
0.972478
1.00961
1.01771
1.01825
1.01962
1.01968
1.01999
1.02024
1.02047
1.02092
1.02124
1.02166
1.02215
1.02256
1.02355
1.02415
1.02524
1.02581
1.02691
1.02766
1.02877
1.02998
1.0315
1.03278
1.03586
1.03796
1.043
1.05181
1.06216
1.0964
1.15048
1.18578
1.21278
1.1529
0.882225
0.760308
0.783375
0.833694
0.846475
0.833679
0.823154
1.01009
1.01741
1.01728
1.0189
1.0189
1.01938
1.01964
1.02009
1.02052
1.02099
1.0214
1.02188
1.02222
1.02324
1.02374
1.02486
1.02528
1.02643
1.0271
1.02819
1.02965
1.03096
1.03299
1.03563
1.03883
1.04417
1.05403
1.06811
1.09685
1.16867
1.23973
1.2334
1.08846
0.792989
0.710144
0.748951
0.798539
0.817477
0.799214
0.797269
1.01206
1.01721
1.01645
1.01836
1.01817
1.01866
1.01906
1.01945
1.02005
1.02043
1.02097
1.02124
1.02176
1.02247
1.02307
1.02393
1.0245
1.02551
1.02621
1.0273
1.02885
1.02987
1.03259
1.03467
1.03892
1.04366
1.05359
1.06927
1.09153
1.15973
1.24611
1.23693
1.06505
0.806232
0.735313
0.76015
0.818408
0.858259
0.808507
0.793555
1.01323
1.01683
1.01621
1.018
1.0176
1.01821
1.01854
1.01898
1.01972
1.02007
1.02077
1.0209
1.02156
1.02198
1.02274
1.02335
1.02413
1.02492
1.02575
1.02671
1.02823
1.02908
1.03213
1.03373
1.03848
1.04223
1.05186
1.06609
1.08353
1.13656
1.21198
1.21436
1.06332
0.849556
0.772994
0.783688
0.848284
0.940296
0.900669
0.819074
1.01434
1.0161
1.01621
1.01742
1.01716
1.01778
1.01811
1.01861
1.01938
1.01976
1.02049
1.02056
1.02129
1.02149
1.02234
1.02274
1.0237
1.02428
1.02527
1.02607
1.02766
1.02848
1.03157
1.03286
1.03777
1.04055
1.04937
1.06085
1.07353
1.11023
1.16268
1.16988
1.05002
0.877002
0.792772
0.797138
0.862656
1.00955
1.02015
0.912249
1.0156
1.01569
1.01616
1.0168
1.01685
1.01737
1.01778
1.01823
1.01902
1.01937
1.02009
1.02012
1.02079
1.02089
1.02174
1.02205
1.02308
1.02348
1.02456
1.02508
1.02678
1.02751
1.03048
1.0316
1.03641
1.03831
1.046
1.05429
1.06271
1.08539
1.11477
1.11431
1.02836
0.883732
0.789653
0.791616
0.853531
1.05541
1.13771
1.03057
1.01634
1.01554
1.01598
1.01637
1.01661
1.01705
1.01747
1.01787
1.01866
1.01899
1.0197
1.01973
1.02036
1.02042
1.02127
1.02156
1.02262
1.02287
1.02392
1.02418
1.02577
1.02631
1.02902
1.02992
1.03429
1.03535
1.0418
1.04679
1.05166
1.06384
1.07351
1.06172
0.984898
0.874851
0.774168
0.762326
0.828811
1.08001
1.24351
1.15983
1.01651
1.01527
1.01569
1.01605
1.01636
1.0167
1.01713
1.01749
1.01823
1.01857
1.01926
1.01935
1.01991
1.01998
1.02078
1.02108
1.02205
1.02229
1.02324
1.02346
1.02487
1.02526
1.02754
1.028
1.03178
1.0321
1.03722
1.03903
1.04121
1.04577
1.04102
1.02003
0.94157
0.843049
0.741122
0.710207
0.781556
1.08285
1.33586
1.29976
1.01652
1.01485
1.01534
1.01576
1.01613
1.01639
1.01684
1.01716
1.01781
1.01814
1.01875
1.01885
1.01935
1.01951
1.02027
1.0206
1.02141
1.02163
1.02247
1.02276
1.02395
1.02424
1.02604
1.02617
1.0293
1.02885
1.03266
1.03197
1.03215
1.03077
1.0174
0.989739
0.907807
0.810953
0.707269
0.651937
0.709635
1.06811
1.41333
1.42943
1.01672
1.01435
1.01499
1.01547
1.0159
1.0161
1.01655
1.01679
1.01739
1.01768
1.01821
1.0183
1.01876
1.01899
1.01969
1.02006
1.02072
1.02097
1.02164
1.02194
1.02288
1.02316
1.02457
1.02464
1.02702
1.0258
1.02838
1.02595
1.0247
1.01861
1.00171
0.969732
0.881098
0.784274
0.679021
0.603457
0.639325
1.0362
1.4676
1.529
1.01705
1.01399
1.01479
1.01517
1.01564
1.01582
1.01624
1.01646
1.017
1.01726
1.01772
1.01778
1.01819
1.0184
1.01901
1.01939
1.01996
1.02026
1.0208
1.02108
1.02181
1.02204
1.02312
1.02314
1.02472
1.02288
1.02443
1.02113
1.01878
1.00986
0.992999
0.959264
0.862732
0.765815
0.663708
0.581069
0.609991
1.01243
1.48273
1.58933
1.01728
1.01378
1.01468
1.0148
1.0153
1.01548
1.01586
1.01609
1.01658
1.01681
1.01723
1.01726
1.01764
1.01776
1.01826
1.0186
1.01908
1.01944
1.0199
1.02019
1.02082
1.02095
1.02171
1.0215
1.02246
1.02039
1.02121
1.01751
1.01446
1.0049
0.990763
0.956923
0.853195
0.757814
0.665767
0.594021
0.638892
1.01479
1.46472
1.5939
1.01737
1.01367
1.01456
1.01439
1.01495
1.01513
1.01548
1.01572
1.01615
1.01641
1.01675
1.01677
1.01712
1.0172
1.01767
1.01795
1.01834
1.01869
1.01905
1.01931
1.01979
1.01976
1.02031
1.01982
1.02051
1.01857
1.01877
1.01506
1.01188
1.00334
0.993687
0.961155
0.85195
0.759186
0.683555
0.634944
0.699114
1.04077
1.42929
1.53811
1.01731
1.01359
1.01441
1.01402
1.01464
1.01473
1.01507
1.01531
1.01566
1.01593
1.0162
1.01623
1.01655
1.01663
1.0171
1.0173
1.01762
1.01794
1.01817
1.01836
1.0187
1.01853
1.01909
1.01835
1.01891
1.01725
1.0169
1.01362
1.01088
1.00437
0.999963
0.970569
0.858234
0.7677
0.71122
0.688349
0.764128
1.06748
1.38231
1.43952
1.01717
1.01348
1.01422
1.01374
1.01436
1.01438
1.01472
1.01499
1.01525
1.01553
1.01569
1.01576
1.01603
1.01612
1.01655
1.01668
1.01694
1.0172
1.01731
1.01744
1.0177
1.01742
1.01801
1.01702
1.01746
1.01609
1.01533
1.01284
1.01097
1.007
1.00752
0.983078
0.870244
0.780609
0.741521
0.74159
0.81864
1.07921
1.32283
1.3304
1.01691
1.01331
1.01399
1.01351
1.01408
1.01406
1.01437
1.01464
1.0148
1.01506
1.01516
1.01528
1.01548
1.01557
1.01587
1.01593
1.01614
1.01632
1.01636
1.01644
1.01669
1.01631
1.0168
1.0157
1.01602
1.0148
1.01397
1.01248
1.01146
1.01026
1.01476
0.995937
0.885905
0.796332
0.770233
0.787821
0.861199
1.0784
1.24764
1.23658
1.01658
1.01303
1.01369
1.01328
1.01384
1.01383
1.01405
1.0143
1.01438
1.01466
1.01471
1.01486
1.01499
1.01509
1.0153
1.01532
1.01548
1.01556
1.0156
1.01563
1.01576
1.01523
1.01553
1.01447
1.01462
1.01343
1.01275
1.01231
1.01196
1.01331
1.02046
1.00664
0.903606
0.813801
0.795549
0.824032
0.893463
1.06183
1.17064
1.1648
1.01631
1.01273
1.01337
1.01299
1.01355
1.01353
1.01369
1.01391
1.01395
1.01422
1.01423
1.01441
1.01448
1.01459
1.01473
1.01477
1.01492
1.01489
1.01496
1.01485
1.01481
1.01412
1.01422
1.01325
1.01325
1.01215
1.01175
1.01203
1.01199
1.01553
1.02439
1.01403
0.921563
0.832977
0.817893
0.850271
0.914224
1.03513
1.11284
1.11211
1.01613
1.01257
1.01313
1.01269
1.01321
1.0132
1.01337
1.01358
1.0136
1.01386
1.01384
1.01403
1.01403
1.01416
1.01425
1.01429
1.01443
1.01423
1.01425
1.01399
1.01384
1.0131
1.01306
1.0122
1.01204
1.01116
1.01089
1.01149
1.01167
1.01652
1.0262
1.01783
0.938059
0.853344
0.838169
0.869244
0.925621
1.01511
1.07354
1.07365
1.01598
1.01248
1.01295
1.01238
1.01282
1.01279
1.01298
1.01316
1.01316
1.01338
1.01333
1.01354
1.01351
1.01362
1.01366
1.01365
1.01372
1.01339
1.01333
1.013
1.01286
1.01224
1.01215
1.01139
1.01107
1.01028
1.01001
1.01069
1.01096
1.01652
1.02582
1.01862
0.952245
0.873948
0.857533
0.884219
0.932375
1.00006
1.04529
1.04524
1.01565
1.01229
1.01272
1.01209
1.01248
1.01243
1.01261
1.01276
1.01275
1.01294
1.01289
1.01308
1.01305
1.01314
1.01313
1.01302
1.01302
1.01268
1.01258
1.01225
1.01211
1.01159
1.01148
1.01074
1.01015
1.00934
1.00885
1.00961
1.00987
1.0157
1.02335
1.01735
0.963892
0.893482
0.876299
0.897241
0.93726
0.98943
1.02479
1.02419
1.01537
1.01203
1.01241
1.01179
1.01217
1.01209
1.01223
1.01234
1.01233
1.01247
1.01243
1.0126
1.01255
1.0126
1.01256
1.01236
1.01234
1.01205
1.01199
1.01167
1.01145
1.01095
1.01075
1.00991
1.00922
1.00835
1.00764
1.00831
1.00895
1.0135
1.01975
1.0149
0.972691
0.911483
0.894298
0.909285
0.941188
0.982032
1.00996
1.00906
1.01494
1.01173
1.01211
1.01152
1.01193
1.0118
1.01193
1.01201
1.01201
1.01215
1.01207
1.01219
1.01211
1.01211
1.01207
1.01182
1.01183
1.01159
1.01148
1.01115
1.01085
1.01026
1.00989
1.00898
1.00825
1.00741
1.00634
1.00691
1.00765
1.01106
1.01542
1.01149
0.978653
0.927328
0.910869
0.92053
0.944685
0.976686
0.999102
0.998292
1.01465
1.01142
1.01183
1.01124
1.01164
1.01144
1.0116
1.01162
1.0116
1.01168
1.0116
1.01168
1.0116
1.01157
1.01153
1.01127
1.01128
1.01108
1.01085
1.01048
1.01011
1.00943
1.0089
1.00795
1.00727
1.00635
1.00515
1.00546
1.00624
1.00827
1.01097
1.00741
0.982123
0.940708
0.925463
0.931044
0.948311
0.973027
0.991149
0.990585
1.01427
1.01114
1.01157
1.01091
1.01134
1.01109
1.01132
1.0113
1.01127
1.01133
1.0112
1.01127
1.01122
1.01121
1.0112
1.01095
1.01093
1.0107
1.01028
1.00986
1.00942
1.00864
1.00799
1.00706
1.00631
1.00543
1.00417
1.00433
1.00479
1.00551
1.00674
1.00328
0.983887
0.951441
0.937908
0.940767
0.952415
0.971049
0.985477
0.98497
1.0141
1.0109
1.01128
1.01052
1.01097
1.01068
1.01096
1.01089
1.01085
1.01089
1.01079
1.01087
1.01086
1.01084
1.01079
1.01052
1.01039
1.01011
1.00956
1.00908
1.00859
1.00779
1.00714
1.00628
1.00559
1.00477
1.00375
1.00356
1.00364
1.00307
1.00325
0.999682
0.984776
0.959925
0.948089
0.949515
0.956957
0.970549
0.981578
0.980985
1.01384
1.01067
1.01099
1.01012
1.01065
1.01032
1.01062
1.01053
1.01052
1.01057
1.01047
1.01053
1.01052
1.01043
1.01034
1.01002
1.0098
1.00943
1.00884
1.00837
1.00787
1.00711
1.00654
1.00582
1.00514
1.00447
1.00355
1.00305
1.00244
1.00107
1.00024
0.996756
0.985061
0.966414
0.956173
0.957063
0.96164
0.971013
0.978955
0.978238
1.01362
1.01037
1.01063
1.00974
1.0103
1.00994
1.01021
1.0101
1.01009
1.01011
1.01004
1.01008
1.01
1.00985
1.0097
1.00936
1.00906
1.00868
1.00813
1.0077
1.00722
1.00657
1.00611
1.00544
1.00479
1.00409
1.00334
1.00235
1.00127
0.999271
0.997833
0.994373
0.985129
0.971352
0.962423
0.963356
0.966164
0.971978
0.97723
0.976565
1.01313
1.01002
1.01032
1.00944
1.01006
1.00964
1.00994
1.00981
1.00986
1.00986
1.00977
1.00976
1.00964
1.00947
1.00929
1.00897
1.00864
1.00825
1.00773
1.00734
1.00686
1.00624
1.00581
1.00515
1.00433
1.0036
1.00276
1.00153
0.999902
0.997796
0.995669
0.99259
0.984918
0.97504
0.96716
0.968503
0.970301
0.97322
0.976192
0.97573
1.01273
1.00965
1.01
1.00919
1.00977
1.00931
1.00965
1.00947
1.00952
1.0095
1.00941
1.00937
1.00921
1.00904
1.00884
1.00854
1.00817
1.00779
1.00733
1.00693
1.00644
1.00585
1.00545
1.00472
1.00386
1.00298
1.00219
1.00068
0.998841
0.996613
0.994222
0.991347
0.984962
0.977883
0.971
0.972602
0.97386
0.974791
0.975785
0.97555
1.01222
1.00931
1.00979
1.00893
1.00952
1.00901
1.00942
1.0092
1.0093
1.00926
1.00912
1.00904
1.00887
1.00871
1.00851
1.00819
1.00783
1.00744
1.00702
1.00667
1.00619
1.00557
1.00516
1.00445
1.00348
1.00256
1.00157
1.0001
0.997918
0.995949
0.993075
0.990739
0.984881
0.980201
0.973827
0.975836
0.9767
0.976751
0.975846
0.975628
1.0119
1.009
1.00951
1.00859
1.00914
1.00861
1.00904
1.00877
1.00886
1.00874
1.00862
1.00852
1.00834
1.00818
1.00799
1.0077
1.00735
1.00699
1.00661
1.0063
1.00583
1.0052
1.0048
1.00408
1.00313
1.00205
1.00107
0.999519
0.997343
0.995432
0.992498
0.9904
0.98521
0.982033
0.976279
0.978343
0.978754
0.979118
0.976329
0.975702
1.01162
1.00878
1.00923
1.00815
1.00879
1.00827
1.00874
1.00846
1.00858
1.00841
1.00829
1.00818
1.00804
1.00791
1.00775
1.00747
1.00716
1.0068
1.00643
1.00614
1.00568
1.00499
1.00454
1.00384
1.00276
1.00163
1.00041
0.999081
0.996699
0.995155
0.991873
0.990433
0.985195
0.983616
0.977732
0.980333
0.980149
0.981841
0.977993
0.975597
1.01143
1.00853
1.00879
1.00764
1.00836
1.00787
1.00836
1.00807
1.00821
1.00799
1.00794
1.00785
1.00775
1.00764
1.00747
1.00723
1.00694
1.00654
1.00616
1.00584
1.00532
1.00461
1.00413
1.00336
1.00227
1.00106
0.999867
0.998549
0.996286
0.994865
0.991665
0.99054
0.985709
0.98495
0.979099
0.981987
0.981151
0.984681
0.979636
0.975644
1.01137
1.00824
1.00832
1.00716
1.00803
1.00757
1.00807
1.00777
1.008
1.0078
1.00779
1.0077
1.00763
1.00752
1.00735
1.00709
1.00682
1.00638
1.00597
1.00563
1.00508
1.00434
1.0038
1.00302
1.00183
1.00069
0.999306
0.998217
0.995794
0.994778
0.991301
0.990794
0.985698
0.986071
0.979525
0.983303
0.982005
0.986999
0.981868
0.975724
1.01102
1.0078
1.00775
1.00676
1.00769
1.00725
1.00773
1.00746
1.00769
1.0075
1.00756
1.00748
1.0074
1.00725
1.00706
1.00681
1.00654
1.00606
1.00563
1.00523
1.00467
1.00393
1.00335
1.00253
1.00139
1.00027
0.998945
0.997862
0.995603
0.994724
0.99139
0.9912
0.986342
0.987223
0.980331
0.984686
0.982684
0.988057
0.982496
0.977943
1.0108
1.00719
1.00736
1.00648
1.00747
1.00702
1.00755
1.00725
1.00753
1.00735
1.00746
1.00734
1.00724
1.00706
1.00685
1.00661
1.00633
1.00583
1.00539
1.00495
1.00438
1.00369
1.00307
1.00227
1.00108
1.0001
0.998603
0.997713
0.995294
0.994778
0.991217
0.991386
0.986354
0.987903
0.980441
0.985214
0.982938
0.988011
0.981821
0.984006
1.00975
1.00652
1.00702
1.0063
1.00728
1.00684
1.00738
1.00707
1.00735
1.0072
1.0073
1.00717
1.00703
1.00681
1.00659
1.00632
1.00604
1.00554
1.00506
1.00459
1.004
1.00334
1.00267
1.00187
1.00076
0.99979
0.998379
0.997509
0.995326
0.994879
0.991608
0.991982
0.987121
0.989029
0.981381
0.986542
0.982762
0.987946
0.979649
0.989847
1.00924
1.00587
1.00687
1.00623
1.00711
1.00668
1.00729
1.00697
1.00727
1.00709
1.00724
1.00705
1.00691
1.00665
1.00644
1.00616
1.00584
1.00534
1.00485
1.00433
1.00375
1.00314
1.00245
1.0017
1.00056
0.99972
0.998189
0.997484
0.99517
0.994959
0.991566
0.992062
0.987287
0.989296
0.981875
0.986154
0.981778
0.986462
0.976512
0.99977
1.00611
1.00561
1.00686
1.00628
1.00692
1.00657
1.00708
1.00686
1.0071
1.00692
1.00698
1.00679
1.0066
1.00632
1.00607
1.00575
1.00539
1.00495
1.00444
1.0039
1.00334
1.00274
1.00203
1.00133
1.00033
0.999427
0.998059
0.99739
0.995481
0.995206
0.992445
0.992784
0.988728
0.990453
0.984074
0.988371
0.982539
0.989217
0.980662
0.993063
)
;

boundaryField
{
    FrontBack
    {
        type            empty;
    }
    Cylinder
    {
        type            calculated;
        value           uniform 0;
    }
    Bottom
    {
        type            calculated;
        value           uniform 0;
    }
    Top
    {
        type            calculated;
        value           uniform 0;
    }
    Inlet
    {
        type            calculated;
        value           uniform 1;
    }
    Outlet
    {
        type            calculated;
        value           nonuniform List<scalar> 
40
(
1.00611
1.00561
1.00686
1.00628
1.00692
1.00657
1.00708
1.00686
1.0071
1.00692
1.00698
1.00679
1.0066
1.00632
1.00607
1.00575
1.00539
1.00495
1.00444
1.0039
1.00334
1.00274
1.00203
1.00133
1.00033
0.999427
0.998059
0.99739
0.995481
0.995206
0.992445
0.992784
0.988728
0.990453
0.984074
0.988371
0.982539
0.989217
0.980662
0.993063
)
;
    }
}


// ************************************************************************* //
