/*--------------------------------*- C++ -*----------------------------------*\
  =========                 |
  \\      /  F ield         | OpenFOAM: The Open Source CFD Toolbox
   \\    /   O peration     | Website:  https://openfoam.org
    \\  /    A nd           | Version:  11
     \\/     M anipulation  |
\*---------------------------------------------------------------------------*/
FoamFile
{
    format      ascii;
    class       volScalarField;
    location    "4.5";
    object      mag(U);
}
// * * * * * * * * * * * * * * * * * * * * * * * * * * * * * * * * * * * * * //

dimensions      [0 1 -1 0 0 0 0];

internalField   nonuniform List<scalar> 
9600
(
0.990669
0.990382
0.989561
0.989296
0.988895
0.988631
0.98881
0.989333
0.990269
0.991831
0.994175
0.996741
0.994031
0.975172
0.954508
0.946505
0.947137
0.955119
0.974872
0.99442
1.01276
1.02773
1.04167
1.05323
1.06109
1.06787
1.07169
1.07199
1.07077
1.0686
1.06565
1.06178
1.05671
1.05055
1.04326
1.03685
1.03087
1.02543
1.0204
1.01458
0.991323
0.991455
0.991547
0.99151
0.991626
0.992112
0.993295
0.994546
0.995436
0.996641
0.9985
1.00091
1.00414
1.00871
1.01274
1.01345
1.01411
1.01672
1.0225
1.03098
1.03908
1.04634
1.05264
1.05853
1.06369
1.06649
1.0672
1.06697
1.06591
1.06343
1.05907
1.05406
1.04808
1.0414
1.03639
1.02845
1.02381
1.01603
1.01288
1.00089
0.991334
0.991517
0.991553
0.991668
0.991934
0.992547
0.99358
0.994509
0.995401
0.99705
1.00074
1.00533
1.00847
1.0097
1.00904
1.004
1.00159
1.00448
1.01239
1.02101
1.03337
1.04331
1.0543
1.06284
1.07103
1.07577
1.08048
1.08254
1.08331
1.08245
1.07943
1.075
1.06995
1.0627
1.05828
1.05092
1.04637
1.03964
1.03673
1.02949
0.991283
0.991475
0.991498
0.991621
0.991879
0.992557
0.993514
0.994694
0.99625
0.998099
1.00046
1.00486
1.01003
1.01298
1.01589
1.02149
1.02877
1.03638
1.04385
1.05001
1.05597
1.06048
1.06386
1.06662
1.06952
1.07096
1.07232
1.07144
1.06983
1.06705
1.06225
1.05835
1.05328
1.04699
1.04232
1.0352
1.02997
1.02273
1.01864
1.0109
0.991179
0.991439
0.991478
0.9916
0.991883
0.99256
0.993725
0.995212
0.996815
0.998626
1.00073
1.00365
1.01083
1.01897
1.02579
1.02865
1.02969
1.02956
1.03121
1.03383
1.04024
1.04739
1.05582
1.0631
1.07044
1.07492
1.07905
1.08054
1.08257
1.08213
1.08077
1.0766
1.07223
1.06514
1.06072
1.05356
1.04899
1.04215
1.03894
1.03253
0.991068
0.991359
0.991383
0.991486
0.99181
0.992586
0.994086
0.995529
0.996787
0.998405
1.00147
1.00651
1.01181
1.01706
1.023
1.02938
1.03621
1.04379
1.0516
1.05761
1.06363
1.06812
1.07235
1.07497
1.07719
1.07767
1.07898
1.0785
1.07614
1.07254
1.06742
1.06341
1.05884
1.05276
1.04828
1.04126
1.03639
1.02877
1.0249
1.01645
0.990946
0.991286
0.991403
0.991572
0.991921
0.992676
0.994287
0.995944
0.997183
0.99857
1.00182
1.00706
1.01278
1.01845
1.02533
1.03264
1.03919
1.04333
1.04601
1.04765
1.05014
1.05402
1.05965
1.06522
1.07126
1.0756
1.07945
1.08028
1.08261
1.08251
1.08251
1.07891
1.07507
1.06836
1.06402
1.0567
1.05223
1.04526
1.04176
1.03517
0.990784
0.99119
0.991316
0.991504
0.991805
0.992733
0.994436
0.996139
0.997431
0.999333
1.00303
1.00715
1.01303
1.01965
1.02598
1.03148
1.03756
1.04391
1.05213
1.05962
1.06691
1.0722
1.07702
1.08062
1.08361
1.08445
1.08549
1.08538
1.08436
1.08035
1.07483
1.06984
1.06487
1.05918
1.05478
1.04763
1.04293
1.03493
1.03116
1.02251
0.990662
0.991122
0.991396
0.991564
0.991926
0.992967
0.994689
0.996673
0.998167
0.999727
1.00295
1.00738
1.01344
1.01991
1.02631
1.03232
1.03921
1.04601
1.05161
1.05686
1.06073
1.06432
1.06748
1.07091
1.0749
1.07869
1.08174
1.08208
1.08372
1.08348
1.08458
1.08199
1.07898
1.07251
1.06831
1.06074
1.0561
1.04901
1.04513
1.03872
0.990378
0.990859
0.991352
0.991421
0.991813
0.992967
0.994621
0.996678
0.998419
1.00011
1.0031
1.00767
1.01347
1.02013
1.027
1.03268
1.0385
1.044
1.05065
1.05814
1.06635
1.07341
1.0791
1.08371
1.0877
1.0902
1.09153
1.09177
1.09189
1.08907
1.08476
1.0785
1.07277
1.06689
1.06228
1.05474
1.04999
1.04161
1.03761
1.02866
0.990317
0.990874
0.991308
0.991595
0.991993
0.992885
0.994762
0.997097
0.998982
1.00043
1.00309
1.00748
1.01419
1.02095
1.02741
1.03301
1.03856
1.045
1.05137
1.05819
1.06426
1.07019
1.0748
1.07884
1.08145
1.08444
1.08682
1.08716
1.08762
1.08627
1.08737
1.08544
1.08355
1.07769
1.07369
1.06608
1.0612
1.05402
1.04939
1.04278
0.989902
0.990506
0.990914
0.991282
0.9916
0.992493
0.994727
0.996965
0.998835
1.00052
1.00323
1.0077
1.01446
1.02125
1.02828
1.0338
1.03918
1.044
1.04953
1.05555
1.06329
1.07146
1.07903
1.08545
1.09066
1.09456
1.09706
1.098
1.09894
1.09717
1.09489
1.08892
1.08325
1.07636
1.07127
1.06351
1.05844
1.04997
1.04503
1.03526
0.989806
0.990448
0.990937
0.991296
0.991751
0.992841
0.994809
0.997028
0.999192
1.00096
1.00412
1.00855
1.01469
1.02162
1.02793
1.03387
1.03903
1.04383
1.04908
1.05545
1.06208
1.06972
1.07665
1.08374
1.08839
1.09184
1.09442
1.09531
1.09558
1.09308
1.09294
1.09046
1.08937
1.08419
1.08039
1.07302
1.06776
1.06051
1.05534
1.04802
0.989279
0.989876
0.990366
0.990578
0.991163
0.992327
0.994453
0.996615
0.998791
1.00118
1.00455
1.00822
1.01479
1.02114
1.02786
1.03372
1.03919
1.04384
1.04869
1.05352
1.05965
1.06733
1.07579
1.08403
1.09162
1.09725
1.10226
1.10405
1.10657
1.10543
1.10453
1.10034
1.09524
1.08811
1.08232
1.07411
1.06838
1.06003
1.05408
1.04414
0.989163
0.989895
0.990336
0.990761
0.991147
0.992479
0.995035
0.997141
0.999597
1.00195
1.00518
1.00958
1.01513
1.02145
1.02743
1.03346
1.03964
1.04484
1.04894
1.05365
1.05887
1.06623
1.0738
1.08266
1.09085
1.09706
1.10209
1.10431
1.10659
1.10434
1.10325
1.0992
1.09754
1.09271
1.08881
1.08199
1.07624
1.06848
1.06316
1.05501
0.988273
0.988957
0.989557
0.99011
0.990378
0.991494
0.994134
0.996429
0.998884
1.00134
1.00538
1.00915
1.01468
1.02063
1.02654
1.033
1.03917
1.04504
1.05022
1.05478
1.05943
1.0648
1.07216
1.08002
1.08995
1.09776
1.10559
1.10979
1.1136
1.11487
1.11468
1.11207
1.10819
1.10168
1.09592
1.08749
1.0807
1.07206
1.06545
1.05524
0.987971
0.988939
0.989631
0.990336
0.990786
0.991326
0.994309
0.99698
0.999727
1.00266
1.00596
1.01006
1.01501
1.02095
1.02677
1.03274
1.03865
1.04596
1.0512
1.05689
1.06075
1.06615
1.07194
1.07887
1.08789
1.09649
1.1054
1.11034
1.11526
1.11618
1.11635
1.11303
1.11004
1.10501
1.10048
1.09375
1.08812
1.07908
1.074
1.06409
0.986519
0.987625
0.988439
0.989001
0.98971
0.990252
0.992643
0.995359
0.998882
1.00129
1.00497
1.0092
1.01406
1.02039
1.02583
1.03218
1.03778
1.04497
1.05117
1.05814
1.06294
1.06814
1.0732
1.07871
1.08607
1.09377
1.10287
1.11104
1.11756
1.12191
1.12427
1.1239
1.12217
1.11688
1.11157
1.10306
1.09651
1.08654
1.08045
1.06909
0.98645
0.987382
0.988303
0.988599
0.990266
0.990918
0.992712
0.995366
0.998914
1.00226
1.00582
1.0102
1.01475
1.02056
1.02589
1.03323
1.03798
1.04541
1.05088
1.05893
1.06435
1.07076
1.07546
1.08129
1.08694
1.09383
1.10184
1.1097
1.11728
1.12324
1.12711
1.12762
1.12672
1.12231
1.11773
1.10937
1.10436
1.09361
1.08876
1.07694
0.984924
0.985591
0.986355
0.986721
0.988479
0.989512
0.991387
0.993263
0.996777
1.00047
1.00391
1.00889
1.01272
1.01914
1.02446
1.03211
1.03782
1.04521
1.05035
1.05818
1.0642
1.07182
1.07756
1.08413
1.08937
1.09599
1.10195
1.10929
1.11625
1.12378
1.13023
1.13371
1.13636
1.13355
1.13135
1.12266
1.1173
1.10557
1.09979
1.08676
0.984963
0.985368
0.98635
0.986479
0.988086
0.989655
0.991707
0.994089
0.996725
1.0006
1.00407
1.0098
1.01382
1.02071
1.02508
1.03313
1.03843
1.04628
1.05128
1.05896
1.06415
1.07255
1.07821
1.08644
1.09209
1.09941
1.10492
1.11201
1.11814
1.12479
1.13163
1.13618
1.14076
1.13935
1.13992
1.13178
1.12838
1.11615
1.11116
1.09664
0.982706
0.983207
0.984201
0.984193
0.985373
0.986675
0.988847
0.992088
0.994411
0.998522
1.00144
1.00762
1.01215
1.01899
1.02371
1.03113
1.03675
1.04525
1.05093
1.05909
1.06479
1.07193
1.07811
1.08639
1.09339
1.1015
1.10855
1.11531
1.12224
1.12737
1.13478
1.13829
1.14582
1.14566
1.14982
1.14403
1.14291
1.13126
1.12677
1.1116
0.982196
0.982999
0.983938
0.984429
0.985277
0.98666
0.988356
0.991963
0.994604
0.999381
1.00249
1.00846
1.01304
1.02031
1.02557
1.03302
1.03871
1.04713
1.05257
1.06073
1.06658
1.07395
1.07904
1.08599
1.09319
1.1021
1.11048
1.11846
1.12684
1.13295
1.14143
1.1444
1.15214
1.15125
1.1569
1.15181
1.15361
1.14352
1.141
1.12509
0.978958
0.97971
0.980403
0.981206
0.981702
0.983739
0.984737
0.988628
0.991129
0.996384
1.00028
1.00624
1.01114
1.01815
1.02357
1.03149
1.03752
1.04591
1.05179
1.0588
1.06536
1.07325
1.07963
1.08584
1.09303
1.10011
1.11054
1.11843
1.13028
1.13662
1.14812
1.1513
1.16136
1.16064
1.16731
1.1623
1.16548
1.15604
1.15648
1.1408
0.978209
0.979702
0.979762
0.980979
0.98119
0.983679
0.985126
0.988996
0.991745
0.996907
1.00115
1.00737
1.01293
1.02033
1.02614
1.03363
1.04002
1.0482
1.05475
1.06163
1.06754
1.07385
1.08092
1.08782
1.09468
1.10111
1.10982
1.11737
1.13001
1.13776
1.15243
1.15761
1.17157
1.1727
1.18172
1.17671
1.18137
1.17111
1.17196
1.15579
0.973057
0.975512
0.975163
0.976751
0.976836
0.979191
0.98109
0.985016
0.988568
0.993646
0.998081
1.00459
1.01018
1.01785
1.02466
1.03202
1.03894
1.04655
1.05339
1.06078
1.06653
1.07199
1.07885
1.08452
1.09279
1.09855
1.10856
1.1154
1.1286
1.13662
1.15297
1.16054
1.17793
1.18211
1.19666
1.1936
1.20156
1.19241
1.1946
1.17647
0.971835
0.974521
0.974582
0.976068
0.976934
0.979122
0.981694
0.985418
0.989504
0.995052
1.00037
1.00639
1.0131
1.01998
1.02765
1.03484
1.04289
1.04914
1.05729
1.06304
1.0704
1.07453
1.08121
1.08524
1.09298
1.09768
1.10735
1.1136
1.127
1.13518
1.15302
1.16118
1.18167
1.18778
1.20741
1.20902
1.22255
1.21588
1.22263
1.20407
0.965974
0.96835
0.968727
0.969804
0.971175
0.973386
0.976559
0.980649
0.985354
0.990586
0.996959
1.00298
1.01058
1.01747
1.02604
1.03275
1.04171
1.04761
1.05605
1.06121
1.06909
1.0727
1.07903
1.08224
1.08875
1.09283
1.10128
1.10725
1.11954
1.12812
1.14673
1.15699
1.18105
1.19007
1.2157
1.21984
1.24089
1.23772
1.2506
1.23538
0.965811
0.967437
0.96894
0.969158
0.971692
0.972921
0.977881
0.980625
0.987937
0.991822
1.00091
1.00533
1.01544
1.02077
1.03152
1.03705
1.04769
1.05242
1.06161
1.06571
1.07285
1.07674
1.0808
1.08518
1.08748
1.09242
1.09732
1.10375
1.11341
1.12208
1.13859
1.15028
1.17505
1.18746
1.2181
1.229
1.25786
1.2613
1.28073
1.26959
0.9577
0.959369
0.961371
0.961552
0.964519
0.965935
0.971304
0.97445
0.982112
0.987083
0.996122
1.00189
1.01236
1.01833
1.0296
1.03545
1.0464
1.05204
1.06048
1.06566
1.07141
1.07562
1.07868
1.08231
1.0835
1.08705
1.08858
1.09395
1.09938
1.10853
1.12128
1.13449
1.15771
1.17428
1.20806
1.22398
1.26584
1.27714
1.31447
1.31181
0.957666
0.957701
0.961992
0.961379
0.966215
0.967465
0.973926
0.97799
0.985494
0.993085
1.00037
1.00935
1.01827
1.02642
1.03669
1.04424
1.05415
1.06087
1.06828
1.07394
1.07817
1.08236
1.08385
1.08563
1.08555
1.08619
1.08554
1.08865
1.08911
1.09665
1.10377
1.1161
1.13445
1.15292
1.18644
1.20919
1.25696
1.27712
1.334
1.34997
0.944152
0.945905
0.950107
0.95076
0.955809
0.959167
0.965217
0.971899
0.979096
0.987754
0.997248
1.00569
1.01719
1.02547
1.03681
1.04521
1.05478
1.06239
1.06939
1.07538
1.07922
1.08292
1.08387
1.08473
1.08354
1.08263
1.08025
1.08018
1.07635
1.07951
1.07961
1.08822
1.0974
1.1147
1.13894
1.16701
1.21151
1.24634
1.30985
1.35106
0.939504
0.946455
0.947272
0.952892
0.954857
0.962276
0.967868
0.976365
0.986439
0.995147
1.00694
1.01671
1.02836
1.03927
1.04943
1.06007
1.0687
1.07767
1.0837
1.08983
1.09262
1.09523
1.095
1.09387
1.09053
1.08742
1.08133
1.0783
1.07017
1.06969
1.0621
1.06661
1.06302
1.07646
1.08202
1.1086
1.13078
1.17405
1.21562
1.284
0.925969
0.931079
0.936236
0.941276
0.947252
0.953924
0.962473
0.970812
0.980885
0.992969
1.00392
1.01678
1.02885
1.04122
1.05213
1.06345
1.07246
1.08153
1.088
1.09407
1.09697
1.09946
1.09877
1.09748
1.09308
1.08934
1.08098
1.0761
1.06567
1.06164
1.04786
1.04563
1.02962
1.03268
1.01934
1.03445
1.02959
1.06283
1.0784
1.15386
0.921417
0.928493
0.932973
0.940405
0.946803
0.957718
0.966389
0.980791
0.993151
1.00873
1.02214
1.03735
1.05096
1.06478
1.07719
1.08922
1.09929
1.10811
1.11515
1.12026
1.12343
1.12538
1.12359
1.12274
1.1166
1.11247
1.10251
1.09559
1.08189
1.07261
1.05358
1.04332
1.01805
1.00849
0.982317
0.970056
0.952979
0.943268
0.933128
0.953025
0.906783
0.917598
0.927402
0.937175
0.946798
0.958293
0.970167
0.983641
0.997853
1.01388
1.03048
1.047
1.06333
1.07798
1.09235
1.10431
1.11608
1.12469
1.13319
1.13847
1.14282
1.14471
1.14441
1.14391
1.13787
1.13518
1.12316
1.11652
1.09961
1.08885
1.06671
1.0524
1.02375
1.00671
0.970626
0.951293
0.904055
0.881457
0.816778
0.79676
0.894723
0.907564
0.918886
0.934878
0.950759
0.970278
0.989821
1.01092
1.03071
1.05079
1.06924
1.08727
1.10395
1.11935
1.13348
1.14565
1.15624
1.16439
1.17104
1.17445
1.17756
1.17648
1.17669
1.17233
1.17009
1.16456
1.15901
1.15354
1.1414
1.13524
1.11284
1.10112
1.06546
1.04569
0.999825
0.97398
0.919275
0.885831
0.814837
0.774585
0.894735
0.918189
0.934587
0.956665
0.973151
0.995242
1.01237
1.03594
1.05532
1.07992
1.09964
1.12239
1.13979
1.15881
1.17249
1.18705
1.19604
1.20572
1.20953
1.21454
1.21357
1.215
1.20967
1.20951
1.20118
1.20202
1.19267
1.19564
1.18453
1.18706
1.16816
1.16302
1.12796
1.10753
1.03879
0.998395
0.916465
0.88509
0.801825
0.792024
0.904165
0.941861
0.972662
1.01054
1.04051
1.07704
1.10584
1.14005
1.16559
1.19586
1.21693
1.24182
1.2574
1.27617
1.28559
1.29778
1.30006
1.30532
1.29949
1.29758
1.28385
1.27747
1.25835
1.24686
1.22506
1.21232
1.1943
1.18541
1.17724
1.17759
1.18231
1.18292
1.19087
1.16894
1.11166
1.05746
0.973852
0.916519
0.82313
0.775235
1.04521
1.08062
1.11528
1.14967
1.18312
1.21432
1.24285
1.26778
1.28793
1.30782
1.31383
1.33025
1.3275
1.34089
1.33134
1.33838
1.31854
1.31615
1.28495
1.27256
1.23019
1.20637
1.15303
1.11638
1.05455
1.00591
0.942534
0.882385
0.830902
0.75352
0.740197
0.643507
0.299779
0.0555328
0.135794
0.224128
0.275146
0.293406
0.298517
0.287249
1.01419
1.01381
1.01109
1.00689
1.00177
0.995434
0.984513
0.973585
0.965518
0.962391
0.967183
0.980091
0.994112
0.998602
0.99898
0.998599
0.998601
0.999274
1.00104
1.00198
1.00306
1.00422
1.00519
1.00568
1.00626
1.00684
1.00692
1.0073
1.00739
1.00745
1.00747
1.00746
1.00738
1.00734
1.00722
1.00709
1.00682
1.00676
1.00676
1.00972
1.01599
1.015
1.01194
1.00778
1.00125
0.994484
0.983648
0.970791
0.961246
0.957285
0.961354
0.976504
0.994646
1.00021
0.999997
0.999399
0.999395
0.999653
1.00117
1.00188
1.00296
1.00424
1.00522
1.00584
1.00638
1.00704
1.00706
1.00745
1.00755
1.00767
1.00768
1.00761
1.00758
1.00752
1.00745
1.00733
1.00706
1.00674
1.00621
1.00473
1.01954
1.01652
1.0134
1.00912
1.00254
0.995177
0.983571
0.968938
0.957369
0.951648
0.954733
0.972528
0.995559
1.00242
1.00167
1.00029
0.999694
0.99973
1.00106
1.0019
1.00326
1.00465
1.00551
1.00625
1.0068
1.00751
1.00744
1.00787
1.00782
1.00802
1.00801
1.00794
1.0079
1.00775
1.0077
1.00761
1.00747
1.00738
1.00771
1.00995
1.01843
1.01785
1.01462
1.00987
1.00231
0.994603
0.982974
0.966683
0.952919
0.945182
0.945941
0.96642
0.995891
1.00489
1.0036
1.00126
1.00039
1.00001
1.00103
1.00188
1.00319
1.00452
1.00525
1.00615
1.00675
1.00754
1.00753
1.00807
1.00797
1.00827
1.00821
1.00819
1.0081
1.00798
1.00794
1.0078
1.00754
1.00726
1.00675
1.00497
1.02262
1.0202
1.01608
1.01114
1.0041
0.995067
0.982656
0.965359
0.949318
0.938575
0.935954
0.959185
0.996185
1.00739
1.006
1.00254
1.00073
1.00007
1.00088
1.00181
1.00325
1.00476
1.00548
1.00661
1.00712
1.0078
1.00769
1.00834
1.00824
1.00862
1.00861
1.0087
1.0086
1.00841
1.00836
1.00825
1.00813
1.00796
1.00818
1.00964
1.02172
1.02098
1.01742
1.01186
1.0043
0.994911
0.982163
0.963657
0.945568
0.931622
0.924307
0.949699
0.996343
1.00961
1.00831
1.00363
1.00108
1.00036
1.00094
1.00188
1.00316
1.00469
1.00528
1.00664
1.00706
1.00785
1.00797
1.00858
1.00856
1.00905
1.00894
1.00904
1.00897
1.00877
1.00858
1.00833
1.00823
1.00786
1.00746
1.00582
1.0264
1.02369
1.01957
1.01367
1.00625
0.995912
0.982169
0.962405
0.942926
0.925588
0.91193
0.938078
0.995855
1.01145
1.01051
1.00484
1.00133
1.00056
1.00082
1.00171
1.00294
1.00484
1.00545
1.00705
1.00737
1.00827
1.00844
1.0091
1.00908
1.0095
1.00932
1.00935
1.00927
1.0091
1.00899
1.00877
1.00878
1.00854
1.00873
1.00958
1.02577
1.02426
1.02098
1.01491
1.00668
0.996781
0.982335
0.960791
0.940317
0.920166
0.898955
0.923827
0.993993
1.0127
1.01223
1.0056
1.00156
1.00084
1.00076
1.00179
1.00284
1.00478
1.00535
1.00699
1.00743
1.00848
1.00869
1.00933
1.00926
1.00965
1.0095
1.00946
1.0094
1.00919
1.00909
1.00881
1.00884
1.00849
1.00825
1.00687
1.03092
1.02724
1.02381
1.01769
1.00891
0.998586
0.982903
0.959587
0.938811
0.916588
0.886676
0.907085
0.989824
1.01298
1.01311
1.00639
1.00188
1.00089
1.00055
1.00157
1.0026
1.00476
1.00557
1.00724
1.00771
1.00879
1.00895
1.00965
1.00955
1.0099
1.00986
1.00982
1.00984
1.00967
1.00974
1.00941
1.0095
1.00917
1.00932
1.0097
1.03053
1.02797
1.02572
1.01997
1.01006
1.00054
0.98369
0.957999
0.937434
0.914487
0.875774
0.887781
0.982469
1.01232
1.01308
1.00664
1.00182
1.00076
1.00038
1.0015
1.00261
1.00469
1.00554
1.00711
1.0077
1.00893
1.00914
1.00996
1.00998
1.01026
1.01021
1.01011
1.01012
1.00987
1.00988
1.00956
1.00958
1.00917
1.00906
1.00801
1.03634
1.03175
1.02961
1.02383
1.0128
1.00316
0.985536
0.957904
0.937052
0.914301
0.867167
0.866626
0.970719
1.01019
1.01214
1.0062
1.00133
1.00042
1.00016
1.00129
1.00249
1.0046
1.00575
1.00733
1.00804
1.00942
1.00957
1.01033
1.01046
1.01073
1.01079
1.01065
1.01066
1.0104
1.01037
1.01017
1.01019
1.00981
1.00995
1.01005
1.03637
1.03264
1.03195
1.0266
1.01501
1.00615
0.987903
0.957978
0.936824
0.915281
0.86175
0.843872
0.953751
1.00635
1.01027
1.00469
1.00016
0.99975
0.999682
1.00117
1.00249
1.00455
1.00575
1.00721
1.00814
1.00952
1.0098
1.01064
1.01084
1.01102
1.01112
1.01092
1.01082
1.01058
1.0105
1.01028
1.01023
1.00984
1.00979
1.00919
1.0427
1.03821
1.03729
1.0315
1.01905
1.0098
0.991526
0.960307
0.93802
0.917354
0.86036
0.820359
0.930911
0.999508
1.00689
1.0021
0.998403
0.99876
0.999016
1.00076
1.00212
1.00425
1.00564
1.0073
1.00836
1.00981
1.01021
1.011
1.01129
1.0115
1.01163
1.01165
1.0116
1.0115
1.01135
1.01114
1.01094
1.01068
1.01056
1.01059
1.04339
1.03973
1.04097
1.03519
1.02319
1.01493
0.995869
0.962999
0.939886
0.919841
0.861861
0.797778
0.9014
0.989139
1.00184
0.99824
0.995755
0.997043
0.997863
1.0002
1.00188
1.00428
1.00555
1.00735
1.00859
1.01
1.01052
1.01121
1.01147
1.01179
1.01195
1.01199
1.01201
1.01196
1.01174
1.01146
1.01108
1.01085
1.01051
1.01041
1.05067
1.04702
1.04846
1.042
1.02943
1.02103
1.00146
0.967909
0.944292
0.923296
0.864747
0.776787
0.866024
0.97423
0.994459
0.992881
0.992287
0.994808
0.996435
0.99953
1.00137
1.0041
1.00552
1.00762
1.00878
1.01022
1.01092
1.01163
1.01191
1.01225
1.01247
1.01256
1.01261
1.01257
1.01246
1.01236
1.01188
1.01183
1.01135
1.01131
1.05239
1.04928
1.05289
1.04693
1.03594
1.02884
1.00837
0.973681
0.950233
0.926942
0.867133
0.755437
0.826644
0.954201
0.984168
0.985742
0.987617
0.99169
0.99416
0.998525
1.00076
1.00395
1.00558
1.00767
1.00893
1.01054
1.01127
1.01201
1.01226
1.01245
1.0126
1.01254
1.01267
1.01263
1.0125
1.01257
1.01199
1.01205
1.01153
1.01154
1.06112
1.05918
1.06292
1.05589
1.0452
1.03698
1.01638
0.981811
0.958804
0.931065
0.867223
0.733478
0.78425
0.929127
0.970726
0.976427
0.981772
0.987877
0.991214
0.997023
0.999521
1.00332
1.00543
1.00794
1.00927
1.01114
1.01182
1.0128
1.01322
1.01341
1.0137
1.01351
1.01365
1.01364
1.01336
1.01347
1.01281
1.01304
1.01229
1.01244
1.06456
1.06518
1.07013
1.06347
1.05599
1.04747
1.02631
0.99217
0.968779
0.934212
0.861879
0.710282
0.738547
0.898314
0.953346
0.964766
0.974382
0.982783
0.987169
0.994526
0.997833
1.00241
1.00508
1.00789
1.00942
1.01166
1.01244
1.01341
1.01391
1.01419
1.01459
1.01445
1.01442
1.0143
1.01375
1.01378
1.013
1.01316
1.0126
1.01293
1.07493
1.07947
1.08344
1.07695
1.0714
1.05989
1.03863
1.00697
0.980838
0.935301
0.848403
0.684153
0.691603
0.863511
0.932557
0.951143
0.965644
0.976814
0.982954
0.991352
0.995421
1.00079
1.00418
1.00755
1.00934
1.01169
1.01259
1.01392
1.01461
1.01513
1.01545
1.01544
1.01527
1.01534
1.01466
1.01491
1.01398
1.01416
1.01347
1.01373
1.08241
1.08889
1.09117
1.08735
1.08579
1.07395
1.0537
1.02482
0.992718
0.93119
0.823804
0.651676
0.642316
0.825849
0.908115
0.935288
0.95576
0.969396
0.978084
0.987939
0.993399
0.999414
1.00336
1.00702
1.00911
1.01147
1.01243
1.01381
1.01438
1.01518
1.01534
1.01572
1.01535
1.01583
1.01508
1.0156
1.01463
1.01496
1.01421
1.01462
1.09577
1.10674
1.1057
1.10511
1.10387
1.09046
1.07242
1.04584
1.0021
0.917699
0.787192
0.610431
0.591525
0.787548
0.880921
0.917185
0.944677
0.961247
0.973644
0.984279
0.990916
0.997804
1.00232
1.0068
1.00956
1.0118
1.01318
1.01484
1.01521
1.01641
1.01643
1.01744
1.01692
1.01773
1.01673
1.01726
1.01602
1.01622
1.01538
1.01571
1.11048
1.12079
1.11753
1.12322
1.12308
1.11254
1.09909
1.06825
1.00342
0.889128
0.735787
0.557492
0.541445
0.749224
0.851414
0.896805
0.932121
0.951725
0.968149
0.980304
0.988692
0.9965
1.00169
1.00657
1.0101
1.01225
1.01425
1.01577
1.01645
1.01803
1.01777
1.01889
1.018
1.01888
1.01767
1.0182
1.01687
1.01716
1.01632
1.01687
1.12812
1.139
1.1387
1.1511
1.15092
1.14541
1.13613
1.08743
0.989735
0.840657
0.66457
0.494618
0.497416
0.715447
0.822271
0.875654
0.918646
0.941855
0.962339
0.975313
0.985743
0.994051
1.00046
1.0053
1.0099
1.01203
1.015
1.01643
1.01758
1.01916
1.01891
1.02007
1.01908
1.01982
1.01861
1.01907
1.01771
1.01805
1.0172
1.01789
1.14651
1.15244
1.15869
1.17683
1.17998
1.18801
1.17513
1.0915
0.950024
0.766733
0.571783
0.427017
0.462628
0.688347
0.794529
0.855598
0.905276
0.931574
0.95668
0.970685
0.983674
0.991175
0.999053
1.00319
1.00903
1.01085
1.01462
1.01576
1.01732
1.01888
1.01884
1.0201
1.01955
1.02045
1.01958
1.02014
1.01884
1.01925
1.0184
1.01919
1.16562
1.17247
1.19137
1.21604
1.22909
1.25066
1.19232
1.06862
0.874934
0.660282
0.459945
0.368967
0.446025
0.668573
0.770135
0.839027
0.892987
0.9234
0.951938
0.966954
0.982451
0.989895
0.999512
1.00342
1.01003
1.01121
1.01563
1.0163
1.0185
1.0197
1.02026
1.0212
1.02119
1.02188
1.02126
1.02155
1.02035
1.02073
1.0199
1.02065
1.19082
1.20397
1.23306
1.26109
1.29766
1.28931
1.19467
1.00341
0.757143
0.518746
0.349659
0.343702
0.455221
0.657377
0.751284
0.827815
0.882668
0.917216
0.948321
0.965718
0.982796
0.991568
1.00163
1.00551
1.01271
1.01345
1.01848
1.01813
1.02112
1.02108
1.02275
1.02278
1.02363
1.02369
1.02339
1.02332
1.02226
1.02249
1.02142
1.02205
1.22173
1.24484
1.28512
1.32905
1.36741
1.30657
1.15666
0.880285
0.588189
0.35636
0.306428
0.364894
0.489547
0.656363
0.74236
0.824606
0.876047
0.914764
0.945439
0.96572
0.983258
0.994112
1.00395
1.00884
1.01579
1.01685
1.02219
1.02124
1.02514
1.0237
1.02669
1.02518
1.02708
1.02578
1.02622
1.0254
1.02466
1.02455
1.02344
1.02422
1.25645
1.28728
1.34106
1.41153
1.40339
1.30116
1.04785
0.681771
0.372818
0.275711
0.364909
0.433458
0.538266
0.668702
0.747135
0.830901
0.875218
0.918894
0.944663
0.969115
0.983664
0.998205
1.00569
1.01343
1.01821
1.02143
1.02538
1.02533
1.029
1.02733
1.03057
1.02819
1.03066
1.02807
1.02949
1.02759
1.02767
1.02694
1.02607
1.02684
1.29514
1.33599
1.43003
1.47691
1.42068
1.22815
0.830935
0.421841
0.273086
0.416424
0.486003
0.518449
0.598027
0.698406
0.768805
0.847781
0.884762
0.931045
0.949053
0.978371
0.987053
1.00674
1.0088
1.02063
1.0212
1.02811
1.02791
1.03127
1.03156
1.03193
1.03368
1.03185
1.03405
1.03131
1.03333
1.03061
1.03175
1.02997
1.02997
1.0308
1.34759
1.42466
1.53778
1.51715
1.38943
1.04826
0.554501
0.38344
0.53608
0.606851
0.623455
0.599126
0.671712
0.743219
0.809615
0.875517
0.91003
0.950754
0.964352
0.99284
0.996826
1.01737
1.01636
1.02942
1.02699
1.03619
1.03211
1.03944
1.03535
1.03919
1.03805
1.03833
1.0392
1.03714
1.0386
1.03527
1.03618
1.03317
1.03373
1.03376
1.40511
1.536
1.56994
1.4838
1.18664
0.756894
0.630612
0.724783
0.759973
0.761659
0.69537
0.681679
0.763611
0.799194
0.874272
0.912543
0.958033
0.97852
0.995378
1.013
1.01636
1.03207
1.03216
1.04129
1.04077
1.04769
1.04416
1.05062
1.04545
1.05031
1.04657
1.04873
1.04676
1.04649
1.04597
1.04339
1.04314
1.04014
1.04067
1.03978
1.4279
1.50475
1.42559
1.11808
0.867653
0.825784
0.87121
0.874711
0.855197
0.787714
0.725966
0.756241
0.800475
0.855796
0.919743
0.95924
1.01419
1.02083
1.04365
1.0458
1.05041
1.05565
1.05914
1.0604
1.06383
1.06327
1.06388
1.06355
1.06151
1.06209
1.05877
1.0594
1.05566
1.05647
1.05286
1.05223
1.04979
1.04824
1.0489
1.04773
1.34967
1.2745
0.993363
0.857022
0.829587
0.819211
0.803646
0.799574
0.771588
0.715663
0.728185
0.767821
0.817079
0.873691
0.935429
0.989438
1.03868
1.06922
1.0886
1.09948
1.09264
1.0949
1.09154
1.09007
1.09002
1.08407
1.08659
1.07893
1.08157
1.07526
1.07633
1.0719
1.07015
1.06807
1.06459
1.06363
1.06
1.05837
1.05716
1.05631
1.10669
0.881957
0.713125
0.6602
0.642859
0.603546
0.610953
0.619704
0.602194
0.610362
0.685866
0.726407
0.805037
0.872128
0.943799
0.994471
1.04887
1.0837
1.11212
1.13379
1.13852
1.1409
1.12719
1.12963
1.11886
1.11656
1.11165
1.10658
1.10544
1.09915
1.09918
1.09216
1.09162
1.08602
1.08394
1.07968
1.07731
1.0749
1.07478
1.07276
0.856806
0.535221
0.421451
0.340241
0.305233
0.314029
0.349496
0.371438
0.401428
0.453535
0.545836
0.620024
0.725487
0.831122
0.918715
0.992308
1.04998
1.08861
1.12375
1.14532
1.16436
1.17609
1.17878
1.17351
1.16983
1.16306
1.15434
1.15041
1.14454
1.14164
1.13542
1.13185
1.12574
1.12194
1.11748
1.11221
1.10884
1.10237
1.09849
1.09658
0.690305
0.408383
0.291774
0.144508
0.0798474
0.0665026
0.0839864
0.114562
0.146317
0.191875
0.290102
0.383138
0.524776
0.676445
0.813007
0.928635
1.01814
1.08146
1.12676
1.15739
1.18119
1.19702
1.21034
1.2137
1.22067
1.22093
1.21987
1.20709
1.20457
1.19529
1.19247
1.18683
1.18251
1.17929
1.17323
1.16749
1.16018
1.15148
1.14109
1.13326
0.679864
0.531244
0.452454
0.430792
0.438897
0.424836
0.398939
0.350483
0.267879
0.19386
0.115192
0.0854129
0.212493
0.386327
0.587063
0.757635
0.887225
0.989868
1.06522
1.12238
1.16756
1.19464
1.21804
1.2304
1.24014
1.24309
1.25035
1.24971
1.24951
1.24555
1.24176
1.23802
1.23472
1.23294
1.22779
1.22419
1.21935
1.21458
1.20917
1.20101
0.706201
0.605409
0.560787
0.577194
0.639775
0.678084
0.679679
0.65991
0.626269
0.578997
0.5392
0.483074
0.440584
0.373972
0.323767
0.398808
0.505787
0.615651
0.717341
0.827879
0.937466
1.03704
1.10454
1.16034
1.19634
1.22609
1.24241
1.25449
1.26153
1.26391
1.26181
1.25722
1.25165
1.251
1.24799
1.24848
1.24513
1.24581
1.24754
1.25041
0.651272
0.500267
0.382875
0.427366
0.526882
0.591292
0.614254
0.627833
0.635213
0.649201
0.665274
0.676653
0.682065
0.694122
0.707834
0.723753
0.700694
0.653511
0.601324
0.468122
0.380764
0.404767
0.460189
0.549675
0.642143
0.757123
0.848204
0.925593
0.989649
1.04989
1.09623
1.14302
1.17335
1.20289
1.22722
1.24861
1.26849
1.2834
1.29818
1.30545
0.342726
0.312512
0.308758
0.327838
0.345499
0.370112
0.385439
0.419078
0.45291
0.499369
0.544458
0.589489
0.6239
0.658075
0.678782
0.698149
0.702039
0.705521
0.696852
0.690172
0.669156
0.653821
0.609192
0.553297
0.469737
0.259052
0.41183
0.591636
0.641542
0.693849
0.734648
0.774584
0.814614
0.85741
0.899003
0.943129
0.986365
1.03733
1.08964
1.14816
1.01596
1.0159
1.01738
1.01775
1.01853
1.01864
1.01923
1.01918
1.01944
1.0192
1.01943
1.01877
1.01866
1.01787
1.01671
1.01551
1.01271
1.01007
1.00494
0.9995
0.991519
0.983513
0.976625
0.974647
0.978387
0.988369
1.00076
1.00916
1.0092
1.0083
1.00795
1.00763
1.00739
1.00716
1.0069
1.0066
1.00626
1.0059
1.00556
1.00536
0.998871
0.9993
0.998379
0.998955
0.998439
0.999193
0.998777
0.999649
0.999227
0.999883
0.999742
1.0001
1.00054
1.0008
1.002
1.00273
1.0051
1.00728
1.01096
1.01469
1.0188
1.02298
1.02501
1.02577
1.02489
1.02011
1.01214
1.00876
1.00813
1.00837
1.00851
1.00857
1.00845
1.00817
1.00783
1.00735
1.00679
1.00639
1.00607
1.00578
1.01476
1.0153
1.01689
1.01731
1.01829
1.01827
1.01888
1.01848
1.01895
1.01812
1.01816
1.01738
1.0165
1.01574
1.01396
1.0126
1.00968
1.00749
1.00347
1.00081
0.997493
0.998144
0.999999
1.00342
1.00584
1.00724
1.00772
1.00773
1.00778
1.00797
1.00821
1.00839
1.00838
1.00824
1.00796
1.00765
1.00726
1.00685
1.00663
1.0064
1.00079
1.00138
1.00067
1.00111
1.00078
1.00143
1.00117
1.00202
1.00201
1.00281
1.00313
1.00405
1.00503
1.00606
1.00791
1.00987
1.01239
1.01563
1.01841
1.02165
1.02378
1.02507
1.02552
1.02492
1.02218
1.01857
1.01524
1.01224
1.01051
1.01003
1.00988
1.00966
1.0092
1.00869
1.00835
1.00776
1.00746
1.00717
1.00679
1.00659
1.01338
1.01434
1.01545
1.01597
1.01668
1.01668
1.01704
1.01667
1.01677
1.01617
1.01563
1.01511
1.01394
1.01308
1.01133
1.00998
1.00769
1.00631
1.0042
1.00381
1.00382
1.00556
1.00666
1.00786
1.00865
1.00939
1.00962
1.0096
1.00945
1.00931
1.00933
1.00949
1.00944
1.00902
1.00871
1.00843
1.00787
1.00762
1.00737
1.00709
1.0028
1.00325
1.00289
1.00339
1.00318
1.00399
1.00402
1.00483
1.0053
1.00608
1.00688
1.00776
1.00899
1.01024
1.01173
1.01345
1.01498
1.01695
1.01821
1.01974
1.02065
1.02136
1.02134
1.02039
1.01864
1.01708
1.0158
1.01417
1.01221
1.01121
1.01091
1.01054
1.00998
1.00936
1.00895
1.00854
1.00821
1.00785
1.00741
1.00724
1.01236
1.01345
1.0142
1.01477
1.01509
1.01524
1.0153
1.0151
1.0148
1.01464
1.01387
1.01353
1.01242
1.01172
1.01042
1.00949
1.00818
1.00755
1.0067
1.00685
1.00706
1.00804
1.00845
1.00908
1.00982
1.0108
1.01105
1.01111
1.01096
1.01064
1.01066
1.01066
1.01036
1.01003
1.00964
1.00901
1.00861
1.00844
1.00811
1.00774
1.00488
1.00515
1.00516
1.00567
1.00603
1.0065
1.00714
1.00771
1.00831
1.00908
1.00983
1.01078
1.01174
1.01274
1.01378
1.01476
1.01563
1.01656
1.01708
1.01778
1.01847
1.01876
1.01862
1.01749
1.01624
1.01574
1.01512
1.01385
1.01265
1.01205
1.0117
1.01104
1.01064
1.01038
1.00986
1.0093
1.00888
1.00862
1.00831
1.00796
1.0118
1.01263
1.01313
1.01366
1.01379
1.01405
1.01397
1.01407
1.0137
1.01371
1.01302
1.0128
1.0121
1.01171
1.01111
1.0108
1.01039
1.01039
1.01018
1.01011
1.00993
1.01043
1.01053
1.01069
1.0113
1.01204
1.01224
1.01227
1.01207
1.01194
1.01187
1.01161
1.01134
1.01087
1.01041
1.00986
1.00954
1.00924
1.00896
1.00866
1.0068
1.00712
1.00745
1.008
1.00854
1.009
1.00965
1.01013
1.01072
1.01141
1.01206
1.01279
1.01344
1.0141
1.01476
1.0154
1.01595
1.0163
1.01663
1.01724
1.01762
1.01747
1.01674
1.01579
1.01538
1.01523
1.01456
1.01363
1.01305
1.01266
1.01216
1.01185
1.01168
1.01137
1.01078
1.01013
1.00976
1.00948
1.00914
1.00884
1.01146
1.01207
1.0125
1.01292
1.01307
1.01348
1.01349
1.01376
1.01351
1.01361
1.01329
1.01328
1.01298
1.0129
1.01282
1.01282
1.01283
1.01281
1.01243
1.012
1.0119
1.01221
1.01215
1.01236
1.01295
1.01337
1.01347
1.01336
1.01322
1.01317
1.01286
1.01247
1.0122
1.01186
1.01141
1.01092
1.01053
1.01022
1.00986
1.00961
1.00856
1.00926
1.00958
1.01019
1.01056
1.01107
1.01153
1.01212
1.01262
1.01322
1.01376
1.01429
1.01489
1.01536
1.01589
1.01627
1.01647
1.01656
1.01684
1.01714
1.01705
1.01656
1.01593
1.01544
1.01525
1.01502
1.01445
1.01394
1.01364
1.01337
1.01318
1.01301
1.0127
1.01223
1.01169
1.01121
1.01079
1.01051
1.01008
1.00983
1.01131
1.01198
1.01243
1.01284
1.01326
1.01359
1.01376
1.01407
1.01407
1.0143
1.01425
1.0145
1.01454
1.01472
1.01478
1.01487
1.0149
1.01486
1.01445
1.01408
1.01398
1.01403
1.01401
1.01425
1.01459
1.0147
1.01468
1.01452
1.01433
1.01408
1.01382
1.0136
1.01331
1.0129
1.01249
1.01199
1.01157
1.01133
1.01091
1.01065
1.0101
1.01094
1.01128
1.01187
1.01225
1.01283
1.01322
1.0138
1.01422
1.0148
1.01525
1.0158
1.01621
1.01666
1.01697
1.01716
1.0172
1.01726
1.01743
1.01761
1.01736
1.01687
1.01639
1.01612
1.01584
1.01554
1.01515
1.01491
1.01478
1.01468
1.0144
1.01409
1.01373
1.01325
1.01279
1.01232
1.01181
1.01151
1.01118
1.01089
1.0118
1.01255
1.01292
1.01349
1.01382
1.01425
1.01453
1.01492
1.01515
1.01556
1.01576
1.01616
1.01629
1.01666
1.01673
1.01688
1.01667
1.01651
1.01645
1.01642
1.01642
1.01647
1.01646
1.01644
1.01643
1.01627
1.01596
1.01575
1.01559
1.01534
1.01519
1.015
1.01467
1.01422
1.01371
1.01322
1.0128
1.0124
1.01201
1.01183
1.0116
1.01237
1.01279
1.01332
1.01375
1.01426
1.01466
1.01517
1.01556
1.0161
1.0165
1.01705
1.0174
1.01788
1.01803
1.01824
1.01821
1.01844
1.0185
1.01863
1.01831
1.0181
1.01776
1.01762
1.01725
1.017
1.01673
1.01656
1.01625
1.01589
1.01559
1.01541
1.01511
1.01469
1.01411
1.01361
1.01327
1.01283
1.01231
1.01215
1.01272
1.01344
1.01383
1.01441
1.01479
1.01531
1.01565
1.01614
1.01645
1.01698
1.01729
1.01783
1.01804
1.01851
1.01855
1.01873
1.01859
1.01869
1.01869
1.01875
1.0187
1.01869
1.01862
1.01859
1.01833
1.01805
1.01778
1.01756
1.01726
1.01693
1.0167
1.01651
1.01623
1.01578
1.01513
1.01457
1.01431
1.01393
1.01338
1.01322
1.01323
1.01385
1.01434
1.01489
1.01541
1.01593
1.01646
1.01703
1.01751
1.01811
1.01851
1.01902
1.01927
1.01966
1.01966
1.01991
1.01989
1.02016
1.0201
1.02009
1.01976
1.01963
1.01943
1.01944
1.01918
1.019
1.01863
1.01832
1.01786
1.01759
1.01736
1.0171
1.01673
1.01632
1.01568
1.01507
1.01474
1.01436
1.01386
1.01364
1.01407
1.01481
1.01527
1.01593
1.01642
1.01706
1.01758
1.01818
1.01867
1.01923
1.01963
1.02006
1.02031
1.02063
1.02067
1.02093
1.02092
1.02123
1.02118
1.02117
1.02089
1.02083
1.0207
1.02074
1.02049
1.02035
1.02
1.01973
1.01929
1.01908
1.01884
1.01852
1.01806
1.01766
1.01703
1.01635
1.01592
1.01564
1.01523
1.01491
1.01488
1.01572
1.01622
1.01694
1.01754
1.01823
1.01883
1.01944
1.01991
1.0204
1.02075
1.02111
1.02136
1.02166
1.02182
1.02213
1.02222
1.02254
1.02239
1.02227
1.02194
1.02193
1.02189
1.0218
1.02144
1.02116
1.0208
1.02051
1.02005
1.01983
1.01956
1.01924
1.01877
1.0183
1.01762
1.01694
1.01641
1.01613
1.01581
1.01554
1.01593
1.01684
1.01736
1.01818
1.01881
1.01955
1.02013
1.02074
1.02113
1.02159
1.02184
1.02223
1.0225
1.02285
1.0231
1.02345
1.02365
1.02398
1.02376
1.0237
1.02354
1.02374
1.02371
1.02358
1.02319
1.02295
1.02261
1.02229
1.02187
1.02164
1.0213
1.02097
1.02048
1.01988
1.01911
1.01854
1.01803
1.01769
1.01741
1.01721
1.01707
1.01795
1.01869
1.01952
1.02021
1.0209
1.02149
1.02197
1.02237
1.02278
1.02308
1.02358
1.0239
1.02431
1.02454
1.02485
1.02497
1.0251
1.02482
1.0249
1.02486
1.02509
1.02486
1.02462
1.02426
1.02404
1.02361
1.02325
1.0229
1.02265
1.02218
1.02187
1.02144
1.0208
1.0199
1.01928
1.01866
1.01827
1.01798
1.01783
1.01818
1.01907
1.02003
1.02078
1.02152
1.02215
1.02271
1.02315
1.02364
1.02413
1.0247
1.0253
1.02576
1.02621
1.02642
1.02679
1.02689
1.027
1.02685
1.02709
1.02713
1.02732
1.02691
1.02677
1.0265
1.02634
1.02581
1.02545
1.02516
1.02487
1.02433
1.02402
1.02363
1.02295
1.02196
1.02124
1.02062
1.02025
1.01992
1.01973
1.01954
1.02043
1.02139
1.02206
1.02273
1.0233
1.02384
1.02436
1.02498
1.02558
1.02631
1.02682
1.02733
1.0276
1.02791
1.02833
1.02847
1.02864
1.02857
1.02889
1.02882
1.02882
1.02829
1.02828
1.02791
1.02769
1.02712
1.02688
1.02654
1.0262
1.02561
1.02519
1.02464
1.02403
1.02302
1.02219
1.02148
1.02109
1.02068
1.02053
1.02115
1.02211
1.0228
1.0235
1.02413
1.02485
1.02548
1.02631
1.02704
1.02787
1.0286
1.02915
1.02966
1.03003
1.03068
1.03117
1.03141
1.03154
1.03162
1.03194
1.03185
1.03181
1.03141
1.03131
1.03072
1.03063
1.03024
1.03006
1.02939
1.029
1.02846
1.02795
1.02729
1.02671
1.02569
1.02474
1.02395
1.0235
1.02306
1.0228
1.02273
1.02352
1.02427
1.02508
1.02589
1.02685
1.02759
1.02854
1.02923
1.0302
1.03077
1.03133
1.0318
1.0325
1.03322
1.03353
1.0336
1.03372
1.03398
1.0342
1.03404
1.03392
1.03349
1.03321
1.0327
1.03282
1.03241
1.03201
1.03112
1.03081
1.03013
1.02956
1.02881
1.0282
1.02719
1.02629
1.0254
1.02486
1.02448
1.02441
1.02467
1.02584
1.02698
1.02801
1.02928
1.03019
1.0312
1.03222
1.0332
1.0342
1.0347
1.0354
1.03607
1.03712
1.03751
1.0377
1.03776
1.03822
1.03855
1.03859
1.03833
1.03815
1.03782
1.03758
1.03719
1.03711
1.03654
1.03599
1.03508
1.03466
1.03382
1.03337
1.03242
1.03145
1.03012
1.02912
1.02805
1.02745
1.02684
1.02645
1.02705
1.02863
1.02994
1.03115
1.03238
1.03317
1.03448
1.03547
1.03668
1.03718
1.03775
1.03864
1.03959
1.0403
1.04038
1.04071
1.0411
1.04175
1.0417
1.04166
1.04134
1.04134
1.04102
1.0409
1.04048
1.04018
1.03942
1.03895
1.03815
1.03763
1.03682
1.0364
1.03522
1.03418
1.03285
1.03202
1.03098
1.03049
1.02982
1.02954
1.03165
1.03355
1.03485
1.03634
1.03741
1.03868
1.04029
1.04124
1.0422
1.04262
1.04391
1.04476
1.04566
1.04581
1.04622
1.04681
1.04717
1.04754
1.04743
1.04757
1.04716
1.04708
1.04665
1.04652
1.04569
1.0451
1.04414
1.04368
1.04255
1.04195
1.04087
1.04011
1.03858
1.03742
1.03561
1.03446
1.03317
1.0326
1.0316
1.03127
1.03509
1.03683
1.03831
1.04007
1.04165
1.04361
1.04463
1.04574
1.04678
1.04798
1.04947
1.05013
1.05117
1.05148
1.05254
1.0527
1.05335
1.0535
1.05372
1.05366
1.0534
1.05346
1.0531
1.05283
1.05203
1.05151
1.05054
1.04994
1.04898
1.04838
1.047
1.04605
1.04434
1.04309
1.0412
1.04004
1.03856
1.03797
1.03703
1.03666
1.04114
1.04342
1.04467
1.04731
1.04864
1.05041
1.0514
1.05293
1.05426
1.05582
1.05669
1.05763
1.05845
1.05897
1.05974
1.05966
1.06015
1.05973
1.05978
1.0596
1.0594
1.05924
1.05869
1.05851
1.05761
1.0571
1.05603
1.05545
1.05416
1.05318
1.05168
1.05035
1.04843
1.04686
1.04477
1.04333
1.04164
1.04072
1.03957
1.03902
1.04872
1.05124
1.05378
1.05593
1.05741
1.05919
1.06088
1.06277
1.06449
1.06587
1.06709
1.06829
1.06911
1.07027
1.07115
1.07211
1.07271
1.07314
1.07361
1.07374
1.07373
1.07345
1.07277
1.07207
1.0709
1.06978
1.06816
1.0667
1.06504
1.06354
1.06161
1.05997
1.05784
1.05598
1.05375
1.0521
1.05004
1.04882
1.04739
1.04647
1.05857
1.06133
1.06338
1.06576
1.06756
1.07006
1.07184
1.07403
1.07519
1.07666
1.07752
1.07885
1.07974
1.08081
1.08095
1.08106
1.08037
1.07997
1.07913
1.07887
1.078
1.07755
1.07671
1.07588
1.07506
1.074
1.07306
1.07187
1.07062
1.06955
1.06788
1.06648
1.06417
1.06241
1.05973
1.05806
1.0556
1.05409
1.05189
1.05066
1.07186
1.0768
1.07997
1.08273
1.08536
1.08808
1.09031
1.09269
1.09421
1.09628
1.09766
1.09951
1.10086
1.10232
1.10337
1.10439
1.10526
1.10608
1.10685
1.10729
1.10748
1.10718
1.10628
1.10489
1.10291
1.10091
1.09849
1.09612
1.09343
1.09072
1.08767
1.08443
1.08082
1.07765
1.07397
1.07122
1.06813
1.0661
1.06341
1.06166
1.09475
1.09902
1.10081
1.10468
1.10626
1.10971
1.11062
1.11348
1.11389
1.11657
1.11677
1.11905
1.1186
1.11984
1.11832
1.11849
1.11648
1.11619
1.114
1.1133
1.11074
1.10966
1.10693
1.10561
1.103
1.10185
1.09946
1.09833
1.09599
1.09472
1.09215
1.09016
1.08716
1.08499
1.08194
1.07962
1.07665
1.07459
1.07196
1.06988
1.1361
1.14098
1.14294
1.14699
1.14817
1.15196
1.1527
1.15654
1.15702
1.16042
1.16043
1.16306
1.163
1.16548
1.16587
1.16829
1.16875
1.1707
1.17079
1.17188
1.17126
1.17121
1.16961
1.16838
1.16578
1.16342
1.15978
1.15612
1.1516
1.147
1.14174
1.1361
1.13016
1.12409
1.11805
1.11211
1.10624
1.10083
1.09547
1.09072
1.20052
1.19545
1.19627
1.19438
1.19606
1.19503
1.19655
1.19575
1.19681
1.19593
1.1965
1.19542
1.19537
1.19371
1.19284
1.19056
1.18893
1.18606
1.18366
1.18022
1.17709
1.17281
1.16886
1.16403
1.16018
1.1553
1.15169
1.14704
1.14367
1.1393
1.1361
1.13186
1.12841
1.12361
1.11914
1.11329
1.10839
1.10304
1.09992
1.09768
1.2566
1.26701
1.27015
1.27869
1.27959
1.2867
1.28684
1.2934
1.29316
1.29928
1.29886
1.30433
1.30386
1.30865
1.30806
1.31215
1.31116
1.3144
1.31278
1.31523
1.313
1.31467
1.31168
1.31203
1.30713
1.30566
1.29876
1.29504
1.28614
1.28025
1.26955
1.26168
1.24955
1.24041
1.22809
1.21901
1.20724
1.19803
1.18538
1.17311
1.31407
1.31393
1.3175
1.31958
1.32377
1.33047
1.33717
1.34401
1.35002
1.35599
1.36051
1.36464
1.36766
1.36929
1.37109
1.37075
1.37202
1.37065
1.371
1.36778
1.36517
1.35909
1.35284
1.34473
1.33545
1.32628
1.31488
1.30615
1.2936
1.28525
1.27219
1.2648
1.25237
1.24634
1.23333
1.22506
1.20626
1.19072
1.16713
1.15477
1.19979
1.23913
1.28955
1.33269
1.37783
1.41713
1.45881
1.49429
1.53205
1.56367
1.59696
1.62466
1.65306
1.67605
1.69853
1.71554
1.73099
1.74131
1.75019
1.75524
1.75946
1.76068
1.76096
1.75858
1.75498
1.74884
1.74054
1.72956
1.71564
1.70072
1.68112
1.66333
1.6393
1.62001
1.59194
1.56951
1.53796
1.51109
1.48119
1.45518
1.00527
1.00585
1.00578
1.0059
1.00606
1.00622
1.00643
1.00661
1.00683
1.00703
1.0072
1.0073
1.00737
1.00739
1.00734
1.00732
1.00707
1.00666
1.00607
1.00531
1.0044
1.00327
1.00187
1.00024
0.99838
0.996487
0.99476
0.993063
0.991636
0.990336
0.989656
0.989037
0.989064
0.989303
0.989796
0.990352
0.990953
0.991489
0.991865
0.99134
1.00559
1.00603
1.00584
1.00609
1.00628
1.00651
1.00671
1.00692
1.00714
1.00733
1.0075
1.00765
1.00773
1.00777
1.00778
1.00774
1.00752
1.00711
1.00653
1.00568
1.00459
1.00335
1.00185
1.00012
0.998369
0.996532
0.994541
0.992777
0.991083
0.989851
0.988779
0.988451
0.988287
0.98859
0.989143
0.989903
0.990593
0.991188
0.991621
0.9912
1.00621
1.00655
1.00634
1.00674
1.00692
1.00713
1.00735
1.00762
1.00784
1.00803
1.00823
1.00836
1.00843
1.00845
1.00842
1.00831
1.00798
1.00749
1.00679
1.00597
1.0048
1.00348
1.00193
1.00016
0.998221
0.99608
0.994134
0.992125
0.990542
0.989047
0.988217
0.987638
0.987626
0.98801
0.988648
0.989508
0.990278
0.990936
0.991447
0.991165
1.00638
1.00665
1.0065
1.00699
1.00713
1.00739
1.00765
1.0079
1.0081
1.00836
1.00862
1.00878
1.00893
1.00897
1.00891
1.00875
1.00833
1.00773
1.00702
1.00612
1.00492
1.00346
1.0018
0.999942
0.997914
0.995901
0.993622
0.9918
0.989934
0.988547
0.987446
0.986976
0.986924
0.987326
0.988037
0.988934
0.989801
0.990547
0.991174
0.991053
1.00692
1.00715
1.00707
1.0076
1.00767
1.00804
1.00828
1.00848
1.00873
1.00899
1.00913
1.00931
1.00943
1.0094
1.00929
1.00908
1.00856
1.00789
1.00711
1.006
1.00475
1.00316
1.00145
0.999521
0.997424
0.99512
0.993126
0.990812
0.989015
0.987586
0.986588
0.986134
0.986213
0.986682
0.98749
0.988485
0.989442
0.990255
0.990991
0.990967
1.00704
1.00723
1.00727
1.00779
1.00784
1.0083
1.00849
1.00876
1.00902
1.0092
1.00945
1.00971
1.00984
1.00996
1.00989
1.00957
1.00898
1.00814
1.0072
1.0061
1.00478
1.00318
1.00135
0.99927
0.997051
0.994891
0.992271
0.990381
0.988487
0.986942
0.985922
0.985389
0.985461
0.985941
0.986769
0.987803
0.988854
0.989743
0.990605
0.990772
1.00759
1.00783
1.00798
1.00843
1.00842
1.00897
1.00907
1.00936
1.00958
1.00974
1.00988
1.01002
1.01014
1.01018
1.01
1.00968
1.00907
1.00825
1.00719
1.00598
1.00452
1.00276
1.00076
0.998746
0.996433
0.993846
0.991781
0.989245
0.987328
0.985823
0.984856
0.984422
0.984602
0.985227
0.986133
0.987281
0.988438
0.989398
0.990362
0.990656
1.00778
1.00808
1.00825
1.00859
1.00864
1.00924
1.00935
1.00971
1.00994
1.01008
1.01025
1.01038
1.01051
1.01055
1.01052
1.01022
1.00962
1.00876
1.00761
1.00623
1.00464
1.00281
1.00085
0.998409
0.995955
0.993617
0.990727
0.988735
0.986659
0.985074
0.983997
0.983522
0.983644
0.984343
0.985266
0.986448
0.987701
0.988744
0.989804
0.990354
1.00848
1.00886
1.00897
1.00926
1.0094
1.00996
1.01
1.01037
1.01056
1.01073
1.01069
1.01066
1.01077
1.01081
1.01074
1.01037
1.00969
1.0088
1.00766
1.00625
1.00453
1.00258
1.00026
0.99804
0.995436
0.992436
0.990224
0.987399
0.985402
0.98381
0.98278
0.982409
0.982664
0.983496
0.984525
0.985828
0.987217
0.988351
0.989547
0.990249
1.00871
1.00915
1.00921
1.00952
1.00975
1.0102
1.01026
1.01073
1.01093
1.01118
1.01113
1.01107
1.01105
1.0111
1.01105
1.01077
1.01028
1.00944
1.00817
1.00655
1.00465
1.00246
1.00017
0.997411
0.994605
0.992146
0.988886
0.986771
0.984521
0.98282
0.981803
0.981334
0.981577
0.982405
0.983493
0.984819
0.9863
0.987539
0.98883
0.989849
1.0095
1.00998
1.01001
1.0104
1.01061
1.01099
1.0111
1.01157
1.01176
1.01204
1.01192
1.01177
1.01166
1.01158
1.01148
1.01113
1.01057
1.00954
1.00829
1.00664
1.00462
1.00242
0.999816
0.997105
0.994235
0.990728
0.988364
0.985208
0.983192
0.981524
0.980398
0.980042
0.980431
0.981406
0.982628
0.984069
0.985723
0.987094
0.988564
0.989756
1.00979
1.01024
1.01029
1.01067
1.01087
1.01126
1.01137
1.01191
1.01194
1.01231
1.0123
1.01222
1.01201
1.01185
1.01158
1.0113
1.01073
1.00986
1.00851
1.00674
1.00468
1.0021
0.999321
0.996251
0.992996
0.990359
0.986706
0.984432
0.981885
0.980065
0.979199
0.978806
0.979139
0.980077
0.981375
0.982849
0.984584
0.986114
0.987651
0.989198
1.01064
1.01109
1.01116
1.01155
1.01174
1.01221
1.01238
1.01279
1.01277
1.01341
1.01354
1.01353
1.01325
1.01285
1.01241
1.01193
1.01122
1.01024
1.00879
1.00705
1.0046
1.00206
0.999059
0.995843
0.992565
0.988658
0.986051
0.982595
0.980555
0.978867
0.977567
0.977343
0.977777
0.978862
0.980369
0.981969
0.983889
0.985599
0.987363
0.989115
1.01091
1.01141
1.01147
1.01183
1.01195
1.01247
1.01266
1.01298
1.01294
1.01358
1.01354
1.01359
1.01335
1.01297
1.01255
1.01202
1.0112
1.01005
1.00851
1.00656
1.00429
1.00149
0.998324
0.99485
0.99122
0.988189
0.984051
0.98165
0.978763
0.976867
0.976104
0.975817
0.976208
0.977229
0.978816
0.980512
0.982431
0.984402
0.9862
0.988334
1.01188
1.0124
1.01248
1.01282
1.01288
1.01351
1.01379
1.01403
1.01394
1.01444
1.01445
1.01471
1.01463
1.01429
1.01361
1.01279
1.01177
1.01054
1.00897
1.00704
1.0044
1.00143
0.998046
0.994264
0.990446
0.986169
0.983383
0.97946
0.977407
0.97543
0.974153
0.974021
0.974568
0.975764
0.977632
0.979505
0.981663
0.983774
0.985863
0.988233
1.01219
1.01275
1.01285
1.01317
1.01318
1.01374
1.01401
1.01426
1.01414
1.01446
1.0143
1.01461
1.01448
1.01425
1.01372
1.01295
1.01182
1.01032
1.0085
1.00621
1.00354
1.00041
0.996756
0.993103
0.989007
0.985568
0.980932
0.978308
0.97505
0.973191
0.972316
0.972086
0.972626
0.973788
0.975698
0.977741
0.979955
0.982264
0.984445
0.987116
1.01325
1.01386
1.01403
1.01436
1.01436
1.01485
1.01521
1.01556
1.01551
1.01564
1.0153
1.01559
1.01538
1.01524
1.01464
1.01366
1.0123
1.01078
1.0089
1.00653
1.00361
1.0003
0.996571
0.99219
0.98802
0.983119
0.979996
0.975713
0.973566
0.971321
0.969926
0.969905
0.970677
0.972045
0.974243
0.976546
0.97911
0.98152
0.984024
0.986962
1.01361
1.01417
1.01433
1.01472
1.01477
1.01518
1.0154
1.01572
1.01578
1.01589
1.01552
1.01564
1.01521
1.01522
1.01455
1.01363
1.01236
1.01059
1.00837
1.00567
1.00262
0.998938
0.994894
0.990796
0.985998
0.982323
0.977241
0.97425
0.970523
0.968573
0.967691
0.967522
0.968251
0.969647
0.971855
0.974292
0.97706
0.979663
0.98226
0.98546
1.01481
1.01531
1.0155
1.01612
1.01631
1.01664
1.01671
1.01706
1.01743
1.01768
1.01734
1.01722
1.01646
1.01618
1.01521
1.01435
1.0129
1.01108
1.00875
1.0059
1.00252
0.998738
0.994474
0.989359
0.985093
0.979377
0.975813
0.971051
0.968721
0.966303
0.965019
0.96488
0.965991
0.967548
0.970048
0.972782
0.975969
0.978755
0.981696
0.985301
1.01533
1.01577
1.01588
1.01647
1.01667
1.01707
1.01709
1.01731
1.01749
1.01768
1.01748
1.01748
1.01678
1.01652
1.01524
1.01435
1.01264
1.01054
1.00799
1.00486
1.00127
0.99704
0.992404
0.987935
0.982133
0.978091
0.972479
0.969141
0.965058
0.962993
0.961756
0.961953
0.962724
0.964533
0.967092
0.969905
0.973227
0.976385
0.979451
0.983417
1.01693
1.01737
1.01742
1.01809
1.0184
1.01899
1.01898
1.0191
1.01914
1.01933
1.01939
1.01939
1.01846
1.01784
1.01641
1.01532
1.01333
1.01124
1.00849
1.00516
1.00123
0.996637
0.991792
0.985757
0.981136
0.974545
0.970634
0.965165
0.962659
0.959958
0.959163
0.958713
0.960329
0.96204
0.964885
0.968017
0.971894
0.975211
0.978747
0.98306
1.01752
1.01798
1.01799
1.01856
1.01875
1.01932
1.01928
1.01942
1.01934
1.01933
1.01912
1.01893
1.01832
1.01786
1.01623
1.01498
1.01275
1.0104
1.00741
1.00367
0.999184
0.994403
0.988942
0.983941
0.977101
0.972658
0.966307
0.962606
0.957994
0.95581
0.954339
0.95489
0.955765
0.957973
0.96116
0.964427
0.968407
0.972104
0.975863
0.980445
1.01945
1.02005
1.02009
1.02063
1.02075
1.02138
1.02151
1.02188
1.02177
1.02165
1.02127
1.02093
1.02022
1.01957
1.01794
1.01657
1.01403
1.01135
1.00782
1.00374
0.999216
0.993676
0.988077
0.980985
0.975779
0.968229
0.9636
0.957595
0.95489
0.951923
0.95123
0.951056
0.952764
0.955186
0.958457
0.961973
0.966747
0.970636
0.974803
0.979894
1.02017
1.02059
1.02063
1.02117
1.0212
1.02169
1.02166
1.02198
1.02182
1.02162
1.0211
1.02059
1.01978
1.01884
1.01711
1.0155
1.01269
1.01003
1.00625
1.0019
0.996512
0.990971
0.984102
0.978389
0.970452
0.965257
0.958412
0.954058
0.94886
0.946599
0.945034
0.945439
0.947125
0.949586
0.953601
0.957338
0.962242
0.966585
0.970869
0.97635
1.02222
1.02301
1.02316
1.02394
1.02394
1.02441
1.02429
1.0248
1.02462
1.02464
1.02409
1.02353
1.0226
1.02138
1.01939
1.01749
1.01444
1.01104
1.0066
1.00166
0.996187
0.989308
0.983085
0.974656
0.968509
0.959947
0.954087
0.947481
0.94457
0.941744
0.940677
0.941215
0.943089
0.946091
0.950304
0.954117
0.959971
0.964755
0.969504
0.975567
1.02403
1.02448
1.02455
1.02483
1.02482
1.02475
1.02487
1.02487
1.02458
1.02447
1.02389
1.02325
1.02199
1.02042
1.01829
1.0161
1.01249
1.00909
1.00429
0.999072
0.99231
0.985832
0.977332
0.970516
0.961288
0.955269
0.947516
0.942514
0.936849
0.933985
0.932961
0.933331
0.935584
0.93875
0.943602
0.947991
0.953925
0.95939
0.964377
0.970826
1.02598
1.02675
1.02671
1.02744
1.0274
1.02808
1.02823
1.0284
1.0282
1.02794
1.02735
1.02655
1.02519
1.0235
1.02116
1.01814
1.01418
1.00998
1.00446
0.997982
0.991341
0.982872
0.975527
0.965855
0.958259
0.948518
0.941579
0.933837
0.930899
0.927877
0.926683
0.927977
0.930362
0.934058
0.939659
0.943939
0.950813
0.956957
0.962601
0.970069
1.02912
1.02952
1.02933
1.02959
1.02952
1.0298
1.02958
1.02937
1.02888
1.02821
1.02729
1.0259
1.02414
1.0221
1.01922
1.01592
1.01175
1.00707
1.00028
0.994279
0.985455
0.977908
0.967289
0.959095
0.948458
0.94109
0.932083
0.926727
0.920237
0.917087
0.916708
0.917239
0.920189
0.924262
0.930443
0.935678
0.942529
0.949554
0.955612
0.964017
1.03083
1.03165
1.03158
1.03221
1.03228
1.03269
1.03265
1.03267
1.03224
1.03169
1.03081
1.02949
1.02765
1.02526
1.02206
1.01785
1.01317
1.00685
1.00024
0.991849
0.983645
0.97288
0.964218
0.952494
0.943364
0.932292
0.924075
0.915653
0.911857
0.90876
0.907305
0.909754
0.913322
0.917887
0.925164
0.930781
0.938428
0.946273
0.953131
0.962464
1.03565
1.0361
1.03567
1.0362
1.0359
1.03587
1.03525
1.03478
1.0339
1.03299
1.03131
1.02929
1.0266
1.0236
1.01926
1.01502
1.00875
1.00244
0.993564
0.986093
0.974444
0.965547
0.952512
0.942476
0.930038
0.920323
0.910049
0.903378
0.897093
0.893538
0.894894
0.895124
0.899256
0.90428
0.912372
0.919097
0.927049
0.935874
0.943406
0.953374
1.03815
1.03891
1.03858
1.0393
1.03878
1.03907
1.03849
1.03817
1.0372
1.0362
1.03454
1.03246
1.02974
1.02594
1.02153
1.01555
1.00934
1.00061
0.992708
0.980891
0.971073
0.957142
0.946227
0.931635
0.920399
0.908057
0.898048
0.889428
0.883756
0.881896
0.879783
0.884067
0.88985
0.895414
0.905187
0.913027
0.921873
0.931874
0.940457
0.950981
1.04513
1.04542
1.04464
1.04484
1.04394
1.04415
1.04313
1.04261
1.04093
1.03926
1.03654
1.03352
1.02935
1.02484
1.01845
1.01228
1.00261
0.994794
0.981751
0.972137
0.956797
0.94567
0.929415
0.917107
0.901978
0.889499
0.877517
0.869452
0.864523
0.859771
0.862991
0.864344
0.869716
0.876123
0.886793
0.896463
0.90581
0.916888
0.926875
0.937353
1.04903
1.04935
1.04843
1.0488
1.0479
1.04786
1.0464
1.04555
1.04347
1.04135
1.03837
1.03448
1.0302
1.02368
1.01809
1.00843
1.00079
0.987776
0.977482
0.96177
0.94884
0.931298
0.91641
0.898714
0.883953
0.869489
0.858081
0.849708
0.841892
0.842339
0.840127
0.847565
0.85634
0.863857
0.876521
0.888453
0.899382
0.911367
0.92286
0.937079
1.05952
1.05948
1.05803
1.05795
1.05642
1.05604
1.05396
1.05285
1.04949
1.04712
1.04188
1.03807
1.03039
1.02451
1.01378
1.0052
0.990889
0.979117
0.961484
0.947431
0.927388
0.911625
0.891245
0.874618
0.856471
0.840941
0.827245
0.816632
0.81355
0.80867
0.815054
0.817935
0.826632
0.836089
0.849633
0.864139
0.876615
0.891291
0.903568
0.920504
1.06739
1.06705
1.06515
1.06476
1.0627
1.06134
1.05864
1.05567
1.052
1.04683
1.04191
1.03409
1.02752
1.01645
1.00744
0.992432
0.98038
0.961827
0.9469
0.925793
0.907799
0.885291
0.864633
0.842998
0.823363
0.805797
0.793649
0.786783
0.777626
0.780803
0.780692
0.793004
0.805694
0.818503
0.834958
0.852454
0.868193
0.882214
0.898037
0.915788
1.08634
1.08478
1.08149
1.08079
1.07658
1.0753
1.06914
1.06669
1.05837
1.05458
1.04401
1.03825
1.02467
1.01567
0.998243
0.984836
0.963738
0.945808
0.921347
0.899236
0.872431
0.847815
0.821028
0.798373
0.776054
0.758755
0.744122
0.729786
0.730077
0.727919
0.739763
0.746598
0.761559
0.776737
0.79567
0.816814
0.836983
0.856442
0.873755
0.893747
1.09822
1.09671
1.09626
1.09159
1.08823
1.08124
1.07653
1.06807
1.06191
1.05158
1.04281
1.02911
1.01608
0.997846
0.979813
0.956913
0.934065
0.907046
0.88054
0.850614
0.822287
0.791787
0.764332
0.737069
0.713
0.693159
0.677979
0.678118
0.670717
0.67996
0.687176
0.7084
0.728948
0.751926
0.773957
0.799413
0.823779
0.84753
0.867746
0.88603
1.15723
1.14851
1.13212
1.12462
1.11058
1.10534
1.09266
1.08718
1.07267
1.06317
1.04376
1.02832
1.00322
0.981828
0.95148
0.924816
0.889991
0.858947
0.820888
0.786798
0.747694
0.713444
0.677253
0.647232
0.620045
0.599199
0.593514
0.578664
0.583776
0.591818
0.614558
0.632856
0.660646
0.6896
0.719268
0.748492
0.779589
0.807632
0.844556
0.872502
1.14665
1.14115
1.1412
1.13912
1.13639
1.13037
1.11961
1.10473
1.08378
1.0601
1.03033
0.999367
0.962788
0.926048
0.884278
0.842786
0.797226
0.752265
0.704976
0.658917
0.613526
0.571211
0.533285
0.503381
0.474802
0.473763
0.454306
0.467433
0.483919
0.517912
0.547155
0.593837
0.631328
0.675425
0.712824
0.757509
0.78585
0.824598
0.843699
0.881623
1.42477
1.40108
1.35783
1.32461
1.27277
1.23265
1.17424
1.13158
1.06982
1.02599
0.961851
0.917385
0.850639
0.805042
0.735513
0.689035
0.617982
0.571782
0.501569
0.456082
0.390622
0.34584
0.299313
0.265866
0.278887
0.278014
0.272911
0.329575
0.370623
0.428321
0.49761
0.542256
0.620842
0.671687
0.740284
0.793472
0.854906
0.904764
0.961097
1.001
0.999994
1
1
1
0.999999
1
1
1
1
1.00001
1.00001
1.00001
1.00001
1.00001
1.00001
1.00001
1.00001
1.00001
1.00001
1.00001
1.00001
1.00001
1.00001
1.00001
1.00001
1
1
1
1
0.999999
0.999998
0.999998
0.999999
1
1
1
1
1
0.999999
0.999991
0.999998
1.00001
1.00001
1.00001
1.00001
1
1.00001
1
1
1
1
1
0.999999
0.999998
0.999996
0.999995
0.999995
0.999994
0.999992
0.999991
0.99999
0.999989
0.999989
0.999989
0.999991
0.999992
0.999993
0.999991
0.999991
0.999991
0.999991
0.99999
0.999989
0.999988
0.999986
0.999986
0.999986
0.999987
0.999992
0.99997
1.00001
1.00002
1.00002
1.00002
1.00002
1.00002
1.00002
1.00002
1.00002
1.00002
1.00002
1.00002
1.00002
1.00002
1.00002
1.00002
1.00002
1.00002
1.00002
1.00002
1.00002
1.00002
1.00001
1.00001
1
0.999995
0.999989
0.999986
0.999982
0.999978
0.999974
0.999971
0.99997
0.99997
0.99997
0.999969
0.999969
0.999969
0.999969
0.999944
1.00003
1.00005
1.00005
1.00005
1.00005
1.00005
1.00005
1.00005
1.00005
1.00005
1.00005
1.00005
1.00005
1.00005
1.00004
1.00004
1.00004
1.00003
1.00002
1.00001
1
0.999994
0.999983
0.999975
0.999969
0.999961
0.999954
0.999942
0.999935
0.999929
0.999925
0.999922
0.999919
0.999917
0.999916
0.999917
0.999917
0.999921
0.999929
0.999884
1.00005
1.00008
1.00007
1.00007
1.00006
1.00006
1.00006
1.00006
1.00006
1.00006
1.00007
1.00007
1.00007
1.00007
1.00007
1.00007
1.00007
1.00006
1.00006
1.00005
1.00004
1.00003
1.00002
1
0.999984
0.999965
0.999949
0.999939
0.999926
0.999914
0.999902
0.999893
0.999887
0.999882
0.99988
0.999877
0.999878
0.999879
0.999883
0.999839
1.00008
1.00013
1.00013
1.00012
1.00012
1.00012
1.00012
1.00012
1.00012
1.00012
1.00012
1.00012
1.00012
1.00011
1.00011
1.00011
1.0001
1.00009
1.00007
1.00006
1.00004
1.00002
0.999999
0.999979
0.999961
0.999942
0.999921
0.999895
0.999874
0.999854
0.999841
0.999829
0.999818
0.99981
0.999803
0.999802
0.999799
0.999803
0.999814
0.999745
1.00012
1.00018
1.00017
1.00018
1.00017
1.00017
1.00017
1.00017
1.00017
1.00018
1.00018
1.00018
1.00018
1.00018
1.00018
1.00017
1.00016
1.00015
1.00013
1.00011
1.00009
1.00006
1.00003
0.999991
0.999949
0.999909
0.999873
0.999845
0.999817
0.999791
0.999768
0.999748
0.999736
0.999727
0.999722
0.999718
0.999718
0.999721
0.99973
0.999654
1.00015
1.00024
1.00023
1.00022
1.00023
1.00023
1.00023
1.00023
1.00023
1.00023
1.00024
1.00024
1.00024
1.00023
1.00022
1.00021
1.00019
1.00019
1.00016
1.00013
1.0001
1.00006
1.00003
0.999989
0.999953
0.999915
0.999873
0.999827
0.999786
0.999747
0.999716
0.999691
0.999669
0.999652
0.99964
0.999634
0.99963
0.999632
0.999643
0.99955
1.00022
1.00033
1.00032
1.00032
1.00032
1.00032
1.00032
1.00033
1.00033
1.00034
1.00034
1.00034
1.00034
1.00034
1.00033
1.00032
1.00031
1.00028
1.00026
1.00022
1.00018
1.00013
1.00007
1.00001
0.999938
0.999871
0.999808
0.999757
0.999705
0.999662
0.999621
0.999584
0.999557
0.999534
0.999519
0.999507
0.999505
0.999504
0.999515
0.999405
1.00027
1.00041
1.0004
1.0004
1.0004
1.00041
1.00041
1.00042
1.00042
1.00042
1.00043
1.00043
1.00043
1.00042
1.00041
1.0004
1.00037
1.00034
1.00029
1.00024
1.00019
1.00013
1.00006
1
0.999937
0.999868
0.999797
0.99972
0.999653
0.999587
0.999531
0.999489
0.999452
0.999423
0.999404
0.999395
0.999384
0.999386
0.999393
0.999261
1.00035
1.00049
1.00049
1.00048
1.00049
1.00049
1.00049
1.00049
1.0005
1.0005
1.0005
1.0005
1.0005
1.0005
1.00048
1.00045
1.00043
1.0004
1.00036
1.00031
1.00024
1.00017
1.00009
0.999999
0.999901
0.999805
0.999714
0.999635
0.999554
0.999488
0.999426
0.99937
0.999326
0.99929
0.999262
0.999242
0.999238
0.999235
0.999244
0.999094
1.00043
1.00059
1.00059
1.0006
1.00059
1.00061
1.00062
1.00062
1.00063
1.00063
1.00063
1.00064
1.00063
1.00061
1.00059
1.00057
1.00052
1.00047
1.00039
1.00033
1.00024
1.00015
1.00006
0.999963
0.999861
0.999757
0.999651
0.999543
0.999452
0.99936
0.999281
0.999218
0.999166
0.999125
0.999098
0.999088
0.999066
0.999063
0.999066
0.998895
1.00051
1.00068
1.00067
1.00066
1.00067
1.00067
1.00067
1.00067
1.00068
1.00068
1.00069
1.00069
1.00068
1.00066
1.00064
1.0006
1.00057
1.00053
1.00048
1.00041
1.00032
1.00022
1.0001
0.99997
0.99984
0.999711
0.999586
0.999469
0.999349
0.999252
0.999163
0.999084
0.999022
0.998971
0.998931
0.998892
0.998893
0.998885
0.998895
0.998703
1.00059
1.00079
1.00078
1.00078
1.00078
1.00079
1.00079
1.0008
1.00081
1.00082
1.00083
1.00082
1.00081
1.0008
1.00077
1.00073
1.00068
1.00061
1.00051
1.0004
1.00029
1.00017
1.00004
0.999911
0.999765
0.999614
0.999465
0.999323
0.999201
0.999077
0.998975
0.998887
0.998815
0.998761
0.998722
0.998717
0.998689
0.998685
0.998683
0.998474
1.0007
1.00091
1.0009
1.0009
1.0009
1.0009
1.00091
1.00091
1.00092
1.00094
1.00094
1.00093
1.00092
1.0009
1.00087
1.00083
1.00079
1.00072
1.00065
1.00055
1.00044
1.0003
1.00014
0.999959
0.999788
0.999614
0.99944
0.999269
0.999103
0.998968
0.998842
0.99874
0.99866
0.998598
0.998554
0.998498
0.998494
0.998486
0.998497
0.998273
1.0008
1.00104
1.00104
1.00105
1.00106
1.00107
1.00108
1.0011
1.00112
1.00114
1.00115
1.00115
1.00114
1.00113
1.00111
1.00106
1.00099
1.00091
1.0008
1.00067
1.00052
1.00036
1.00019
1
0.999798
0.999592
0.999391
0.999203
0.99903
0.998859
0.99872
0.998593
0.998488
0.998405
0.998343
0.998325
0.998291
0.998278
0.998281
0.998038
1.00094
1.0012
1.0012
1.00121
1.00121
1.00123
1.00125
1.00127
1.00131
1.00132
1.00133
1.00134
1.00134
1.00133
1.0013
1.00126
1.00121
1.00112
1.00102
1.00088
1.00073
1.00054
1.00033
1.0001
0.999872
0.999629
0.999384
0.999143
0.998915
0.99872
0.998544
0.998402
0.998288
0.998204
0.998143
0.998083
0.998063
0.998053
0.998064
0.997806
1.00104
1.00131
1.0013
1.00131
1.00133
1.00134
1.00136
1.00138
1.00141
1.00143
1.00144
1.00145
1.00144
1.00144
1.00141
1.00135
1.00127
1.00118
1.00104
1.00088
1.0007
1.00049
1.00026
1
0.999744
0.999481
0.99922
0.998972
0.998748
0.998538
0.998355
0.998195
0.998067
0.997959
0.99789
0.997849
0.99783
0.997817
0.997825
0.997555
1.00117
1.00146
1.00145
1.00145
1.00146
1.00147
1.00148
1.00151
1.00153
1.00154
1.00154
1.00153
1.00153
1.0015
1.00145
1.00139
1.00132
1.00119
1.00106
1.0009
1.0007
1.00047
1.00022
0.999951
0.999661
0.999363
0.999075
0.998795
0.99853
0.998294
0.998097
0.997932
0.997801
0.99771
0.997635
0.997601
0.997566
0.997558
0.997568
0.997275
1.00127
1.00156
1.00155
1.00156
1.00157
1.00159
1.0016
1.00163
1.00164
1.00165
1.00166
1.00165
1.00164
1.0016
1.00155
1.00147
1.00136
1.00124
1.00107
1.00087
1.00063
1.00037
1.00008
0.99979
0.999485
0.999179
0.998866
0.998578
0.998315
0.998083
0.997871
0.9977
0.997564
0.997453
0.997391
0.997322
0.997325
0.997325
0.997325
0.997008
1.00143
1.00175
1.00175
1.00176
1.00176
1.00178
1.0018
1.00184
1.00186
1.00187
1.00188
1.00188
1.00188
1.00185
1.0018
1.00174
1.00164
1.0015
1.00134
1.00113
1.0009
1.00062
1.00031
0.999962
0.999602
0.999231
0.998877
0.998527
0.998206
0.997918
0.997676
0.997471
0.99731
0.997202
0.997114
0.997104
0.997057
0.997049
0.997075
0.996753
1.00156
1.00192
1.00192
1.00194
1.00196
1.00199
1.00202
1.00207
1.0021
1.00213
1.00217
1.00219
1.00219
1.00215
1.00212
1.00203
1.00192
1.00178
1.00159
1.00136
1.00107
1.00076
1.0004
1.00003
0.999628
0.999225
0.998825
0.998447
0.998099
0.997784
0.997516
0.997299
0.997133
0.997002
0.996926
0.996842
0.996844
0.996843
0.996839
0.996494
1.00174
1.00211
1.00212
1.00213
1.00215
1.00218
1.00223
1.00226
1.0023
1.00232
1.00234
1.00235
1.00235
1.00233
1.00229
1.00223
1.00213
1.00196
1.00177
1.00153
1.00123
1.00088
1.00052
1.0001
0.999656
0.999191
0.998744
0.998329
0.997931
0.997598
0.997294
0.99705
0.996856
0.99672
0.996624
0.996588
0.996563
0.996563
0.996586
0.996226
1.00185
1.00223
1.00223
1.00225
1.00227
1.00229
1.00234
1.00237
1.0024
1.00243
1.00246
1.00248
1.00247
1.00243
1.00237
1.00225
1.0021
1.00193
1.0017
1.00141
1.00108
1.00072
1.00029
0.999845
0.99937
0.998907
0.99844
0.997996
0.997604
0.99724
0.996952
0.99671
0.996531
0.996409
0.996326
0.996291
0.996279
0.996283
0.996299
0.995921
1.00201
1.0024
1.0024
1.00241
1.00242
1.00245
1.00249
1.00252
1.00256
1.00258
1.0026
1.0026
1.00258
1.00257
1.0025
1.00243
1.00231
1.0021
1.0019
1.00162
1.00128
1.00086
1.0004
0.99989
0.999366
0.998828
0.998306
0.997806
0.997341
0.996951
0.996601
0.99634
0.996145
0.996007
0.995947
0.995903
0.995912
0.995943
0.995982
0.995607
1.00214
1.00255
1.00256
1.00257
1.0026
1.00264
1.00269
1.00273
1.00278
1.00281
1.00286
1.00288
1.00287
1.00284
1.00279
1.00268
1.00251
1.00232
1.00204
1.00171
1.00133
1.0009
1.0004
0.999868
0.999298
0.998725
0.99816
0.997639
0.997162
0.996734
0.996409
0.996135
0.995935
0.995806
0.99571
0.9957
0.995694
0.995716
0.995737
0.995325
1.00236
1.00281
1.00282
1.00284
1.00287
1.00291
1.00297
1.00301
1.00306
1.0031
1.00314
1.00316
1.00316
1.00314
1.00306
1.003
1.00285
1.00264
1.00238
1.00203
1.00162
1.00115
1.00061
1.00003
0.999411
0.998773
0.998152
0.99756
0.997034
0.996579
0.996162
0.995858
0.995626
0.995478
0.995406
0.995379
0.995409
0.99545
0.9955
0.995099
1.00248
1.00294
1.00296
1.00298
1.00302
1.00306
1.00312
1.00318
1.00323
1.00328
1.00333
1.00335
1.00335
1.00333
1.00328
1.00315
1.00298
1.00275
1.00244
1.00206
1.00161
1.00109
1.0005
0.999867
0.999194
0.998523
0.997857
0.997253
0.996699
0.996233
0.995865
0.995554
0.995341
0.995223
0.995142
0.995139
0.995158
0.995218
0.995256
0.994815
1.00265
1.00313
1.00314
1.00316
1.00319
1.00324
1.0033
1.00335
1.0034
1.00345
1.00349
1.00351
1.00351
1.00349
1.00342
1.00333
1.00318
1.00295
1.00267
1.00227
1.00183
1.00127
1.00065
0.999961
0.999239
0.998476
0.997746
0.997045
0.996435
0.995883
0.995436
0.995129
0.994911
0.994769
0.994708
0.994715
0.994762
0.994839
0.994931
0.994521
1.00275
1.00324
1.00326
1.00329
1.00332
1.00338
1.00345
1.00351
1.00357
1.00363
1.00369
1.00373
1.00375
1.00373
1.00366
1.00352
1.00332
1.00308
1.00275
1.00235
1.00181
1.00121
1.00053
0.99978
0.998993
0.99821
0.997429
0.99671
0.996063
0.99555
0.995139
0.994809
0.994579
0.994477
0.994441
0.994462
0.994547
0.994643
0.994704
0.994228
1.00296
1.00349
1.0035
1.00354
1.00359
1.00364
1.00372
1.00379
1.00386
1.00392
1.00398
1.004
1.00402
1.004
1.00395
1.00386
1.00368
1.00346
1.00311
1.00268
1.00216
1.00152
1.0008
1.00001
0.999168
0.998289
0.99745
0.996636
0.995916
0.99531
0.99483
0.994473
0.994242
0.99408
0.994056
0.994117
0.994188
0.994317
0.994436
0.994007
1.00309
1.00363
1.00366
1.00369
1.00375
1.00381
1.00389
1.00397
1.00404
1.00411
1.00419
1.00423
1.00427
1.00427
1.00419
1.00408
1.00386
1.00361
1.00324
1.00275
1.00217
1.00148
1.00069
0.999823
0.998911
0.997991
0.997055
0.996231
0.995514
0.994907
0.994432
0.99412
0.993876
0.993792
0.993762
0.993852
0.993978
0.994132
0.994227
0.993715
1.0033
1.00386
1.00389
1.00393
1.00399
1.00406
1.00415
1.00424
1.00433
1.00443
1.00449
1.00454
1.00455
1.00455
1.00453
1.00443
1.00421
1.00395
1.00356
1.00309
1.00249
1.00178
1.00095
1.00004
0.999049
0.998026
0.997062
0.9961
0.995258
0.994579
0.994058
0.99365
0.993446
0.993308
0.993321
0.993404
0.993558
0.993739
0.99391
0.993475
1.00342
1.00399
1.00402
1.00406
1.00412
1.00421
1.00431
1.00441
1.00451
1.00461
1.00469
1.00476
1.0048
1.00478
1.00473
1.00464
1.0044
1.00413
1.00372
1.00317
1.00251
1.00172
1.00082
0.99981
0.998751
0.997663
0.996553
0.995598
0.994761
0.994075
0.993564
0.993246
0.993014
0.992913
0.992936
0.993125
0.993312
0.99353
0.993673
0.993133
1.00366
1.00425
1.00428
1.00434
1.00442
1.00453
1.00464
1.00476
1.00488
1.00498
1.00507
1.00514
1.00516
1.00516
1.00513
1.00505
1.00482
1.00454
1.00409
1.00357
1.00289
1.00207
1.00113
1.00007
0.998892
0.997692
0.996583
0.995467
0.994492
0.993732
0.993152
0.992725
0.992489
0.992479
0.992508
0.992623
0.992866
0.993129
0.99336
0.992911
1.0038
1.00441
1.00444
1.0045
1.00458
1.0047
1.00482
1.00494
1.00508
1.0052
1.00531
1.00539
1.00543
1.00542
1.00537
1.0053
1.00506
1.00474
1.0043
1.00369
1.00294
1.00204
1.001
0.999833
0.998629
0.997358
0.99604
0.994909
0.993923
0.993128
0.992608
0.99226
0.992074
0.991968
0.992087
0.992315
0.992612
0.992911
0.993125
0.992551
1.00408
1.00471
1.00474
1.00481
1.00491
1.00504
1.00517
1.00532
1.00546
1.0056
1.00571
1.00578
1.00582
1.00581
1.00577
1.00573
1.00552
1.00519
1.00472
1.00411
1.00333
1.00241
1.00134
1.00012
0.998717
0.99731
0.996047
0.994768
0.993624
0.992762
0.992133
0.991697
0.991464
0.991523
0.991586
0.991831
0.992164
0.99251
0.992817
0.992343
1.00423
1.00485
1.00489
1.00496
1.00507
1.00521
1.00535
1.0055
1.00565
1.00581
1.00593
1.00603
1.00608
1.00607
1.00601
1.00596
1.00572
1.00539
1.00489
1.00422
1.0034
1.00238
1.0012
0.999851
0.998486
0.997022
0.995467
0.994129
0.992965
0.992061
0.991459
0.991104
0.990886
0.99092
0.991168
0.991482
0.991904
0.992288
0.992579
0.991958
1.00463
1.00525
1.00527
1.00536
1.0055
1.00564
1.00581
1.00598
1.00614
1.0063
1.00643
1.00649
1.00654
1.00655
1.0065
1.00648
1.00627
1.00589
1.00538
1.00468
1.00382
1.00279
1.00157
1.00018
0.998549
0.996899
0.995446
0.993975
0.992664
0.991596
0.990995
0.990478
0.990361
0.990435
0.990643
0.991042
0.991502
0.991944
0.992309
0.991776
1.0045
1.0052
1.0053
1.00539
1.00552
1.00568
1.00584
1.00602
1.00619
1.00638
1.00652
1.00662
1.00669
1.00671
1.00667
1.00663
1.00644
1.00607
1.00553
1.00479
1.00386
1.00275
1.00142
0.99988
0.998321
0.996686
0.9949
0.993356
0.991956
0.990943
0.990114
0.98983
0.989587
0.989795
0.990174
0.990699
0.991248
0.991736
0.992089
0.991333
1.01018
1.00572
1.00675
1.00643
1.00672
1.00676
1.00679
1.00679
1.00685
1.00691
1.00692
1.0069
1.0068
1.00645
1.0061
1.00552
1.00492
1.00436
1.00336
1.00229
1.00116
1.00022
0.999128
0.998819
0.998364
0.997314
0.99564
0.991906
0.983145
0.974953
0.971012
0.973252
0.978823
0.984576
0.992615
0.999618
1.00466
1.00762
1.00983
1.0093
1.01011
1.00563
1.00663
1.00548
1.00617
1.00607
1.00617
1.00624
1.00625
1.00622
1.00623
1.0061
1.00588
1.00557
1.00514
1.00462
1.00417
1.00365
1.00279
1.00189
1.00102
1.00033
0.99957
0.998987
0.997651
0.996003
0.994031
0.990907
0.986045
0.98157
0.979135
0.980524
0.98472
0.988381
0.992304
0.996699
1.00134
1.00448
1.00572
1.00642
1.00929
1.00556
1.00628
1.00486
1.00577
1.00534
1.00559
1.00561
1.00543
1.00546
1.00538
1.0052
1.005
1.00475
1.00446
1.00412
1.00377
1.00322
1.00255
1.00189
1.0012
1.00043
0.999384
0.998482
0.997105
0.995597
0.993859
0.991297
0.988339
0.985743
0.98426
0.985069
0.988251
0.992413
0.993891
0.996018
0.998077
1.00175
1.00245
1.00475
1.0081
1.00517
1.00564
1.00442
1.00527
1.00459
1.00506
1.00486
1.00484
1.00484
1.00471
1.00465
1.00455
1.00433
1.00408
1.00382
1.0034
1.00291
1.0024
1.0019
1.00121
1.0003
0.99917
0.998282
0.997157
0.995871
0.994311
0.992252
0.990289
0.98867
0.98748
0.988047
0.990036
0.994667
0.995511
0.997147
0.996521
0.999105
0.999664
1.00166
1.00758
1.00435
1.00464
1.00384
1.00473
1.00415
1.0047
1.00446
1.00466
1.0046
1.00461
1.00466
1.00459
1.00436
1.00411
1.00382
1.00329
1.0027
1.00205
1.00155
1.00095
1.0002
0.999264
0.998515
0.997562
0.996405
0.994956
0.993298
0.991869
0.990819
0.989613
0.990154
0.991069
0.99549
0.996496
0.99855
0.996866
0.997864
0.997577
0.998708
1.00667
1.00321
1.00386
1.00328
1.00431
1.00387
1.00447
1.00436
1.00456
1.00463
1.00475
1.00476
1.00459
1.00432
1.00408
1.00382
1.00327
1.00243
1.00163
1.00117
1.00071
1.00006
0.999303
0.99861
0.997766
0.996799
0.995585
0.994293
0.993186
0.99258
0.991487
0.992031
0.992108
0.995778
0.996719
0.999354
0.997473
0.99827
0.995382
0.996803
1.00559
1.0026
1.00369
1.00298
1.00394
1.00352
1.00426
1.00417
1.00456
1.00468
1.00477
1.00469
1.00441
1.00399
1.00359
1.00334
1.00284
1.00201
1.00131
1.00097
1.00057
0.999973
0.999285
0.998615
0.997893
0.997114
0.996199
0.995233
0.994347
0.994052
0.99321
0.993761
0.9933
0.996024
0.996539
0.999692
0.997332
0.999445
0.993026
0.995378
1.00335
1.00252
1.00372
1.00284
1.00354
1.00311
1.00401
1.00382
1.00435
1.00434
1.00449
1.00426
1.00382
1.00326
1.0028
1.00261
1.00229
1.00163
1.00112
1.00087
1.00051
0.999991
0.999387
0.998759
0.998112
0.997413
0.996779
0.996095
0.995355
0.995125
0.994489
0.995094
0.994472
0.996544
0.996373
0.999825
0.997044
1.00075
0.991749
0.994124
0.999321
1.00275
1.00382
1.00276
1.00329
1.00283
1.00384
1.00365
1.00415
1.00401
1.00417
1.00387
1.00343
1.00292
1.00252
1.00236
1.00207
1.00148
1.00103
1.00078
1.00043
1.00001
0.999493
0.998917
0.998313
0.997644
0.997274
0.996846
0.996212
0.995895
0.995385
0.996011
0.995507
0.997384
0.996425
0.999999
0.997226
1.00163
0.992413
0.989798
0.995667
1.00373
1.00392
1.00296
1.00307
1.0028
1.00376
1.00369
1.00411
1.00396
1.00409
1.00383
1.00345
1.00298
1.0026
1.00236
1.00199
1.00146
1.00106
1.00075
1.00037
1
0.999532
0.999017
0.998472
0.997852
0.997697
0.997459
0.99693
0.99654
0.996153
0.996677
0.996415
0.997991
0.996989
0.999964
0.998125
1.00144
0.99642
0.983257
0.993996
1.00494
1.00369
1.00321
1.00277
1.00285
1.00352
1.00358
1.00387
1.00373
1.00381
1.00359
1.00326
1.00283
1.00247
1.00216
1.00179
1.00141
1.00107
1.00072
1.00033
0.999984
0.999565
0.999118
0.998649
0.998096
0.998055
0.997905
0.99749
0.997089
0.996853
0.997157
0.997211
0.998102
0.997982
0.999662
0.999365
1.00052
1.00108
0.978153
0.993946
1.00553
1.00326
1.00331
1.00241
1.00282
1.00312
1.00327
1.00337
1.00327
1.00326
1.00309
1.00283
1.00246
1.00213
1.00182
1.00154
1.00131
1.00103
1.00066
1.0003
0.999972
0.999604
0.999218
0.998823
0.998343
0.998325
0.998191
0.997891
0.997509
0.997429
0.997471
0.997851
0.998
0.998862
0.998875
1.00028
0.998604
1.00358
0.976739
0.994843
1.00554
1.00266
1.00329
1.00211
1.00278
1.00276
1.00298
1.00291
1.00288
1.0028
1.00267
1.00246
1.00215
1.00186
1.00158
1.00134
1.00118
1.00093
1.00059
1.00025
0.99995
0.999627
0.999291
0.998957
0.998554
0.998519
0.998373
0.998172
0.997812
0.997863
0.997676
0.998292
0.997919
0.999323
0.998154
1.00066
0.99675
1.00419
0.978886
0.996358
1.00519
1.00202
1.00319
1.00188
1.00275
1.00243
1.00277
1.00257
1.00262
1.00249
1.00239
1.00221
1.00195
1.00168
1.00143
1.00121
1.00107
1.00082
1.0005
1.00019
0.999928
0.999641
0.999346
0.999065
0.998731
0.998671
0.998508
0.998383
0.998037
0.998184
0.997814
0.998553
0.997821
0.999389
0.997516
1.00063
0.995367
1.00383
0.983187
0.997969
1.00421
1.00161
1.00297
1.00172
1.00265
1.00212
1.00256
1.00228
1.00239
1.00222
1.00215
1.00199
1.00177
1.00152
1.0013
1.0011
1.00096
1.00072
1.00044
1.00017
0.999919
0.999663
0.999403
0.999163
0.998888
0.998802
0.998626
0.998549
0.998215
0.998417
0.997915
0.998695
0.997681
0.999342
0.99695
1.00034
0.994805
1.00218
0.987751
0.999179
1.00341
1.00145
1.00275
1.00163
1.00247
1.00189
1.00234
1.00203
1.00216
1.00198
1.00192
1.00177
1.00158
1.00137
1.00117
1.001
1.00085
1.00064
1.00039
1.00015
0.999921
0.999693
0.999463
0.999253
0.999022
0.998916
0.998736
0.998683
0.99836
0.998579
0.998008
0.998767
0.997587
0.999216
0.996769
0.999819
0.995038
1.0007
0.991252
0.999938
1.00277
1.00139
1.00249
1.00156
1.00229
1.00174
1.00214
1.00184
1.00195
1.00178
1.00172
1.00158
1.00142
1.00124
1.00107
1.00091
1.00076
1.00056
1.00035
1.00013
0.999929
0.999724
0.999519
0.999331
0.99913
0.999011
0.998838
0.998789
0.998486
0.99869
0.998115
0.998801
0.997634
0.999083
0.996903
0.999438
0.995731
0.999656
0.993588
1.00037
1.00229
1.00137
1.00224
1.00151
1.00209
1.00163
1.00195
1.00168
1.00177
1.00162
1.00155
1.00143
1.00129
1.00113
1.00098
1.00083
1.00068
1.0005
1.00031
1.00012
0.999936
0.99975
0.999565
0.999395
0.999219
0.999094
0.998932
0.998876
0.998604
0.998771
0.99824
0.998818
0.997781
0.998976
0.997172
0.999109
0.996366
0.998976
0.995106
1.0006
1.00196
1.00137
1.002
1.00145
1.0019
1.00153
1.00177
1.00155
1.00161
1.00148
1.00141
1.0013
1.00118
1.00104
1.0009
1.00076
1.00061
1.00045
1.00028
1.00011
0.999942
0.999773
0.999606
0.99945
0.999293
0.999167
0.999017
0.998952
0.998716
0.998833
0.998374
0.998826
0.997961
0.998885
0.997461
0.998881
0.996924
0.998612
0.99609
1.00069
1.00174
1.00135
1.00179
1.0014
1.00172
1.00144
1.00161
1.00144
1.00146
1.00135
1.00129
1.00118
1.00107
1.00095
1.00082
1.00069
1.00056
1.00041
1.00026
1.0001
0.999948
0.999794
0.999642
0.999498
0.999356
0.999232
0.999096
0.999018
0.998821
0.998887
0.998509
0.998838
0.998147
0.998829
0.997748
0.998753
0.997392
0.998456
0.996732
1.0007
1.00157
1.00132
1.00162
1.00134
1.00157
1.00136
1.00147
1.00134
1.00133
1.00124
1.00117
1.00108
1.00098
1.00087
1.00075
1.00063
1.00051
1.00037
1.00023
1.00009
0.999951
0.999811
0.999672
0.999539
0.999409
0.99929
0.999167
0.99908
0.998918
0.998936
0.998639
0.998858
0.998328
0.998805
0.99801
0.998701
0.997763
0.998424
0.997164
1.00067
1.00144
1.00128
1.00147
1.00128
1.00143
1.00128
1.00134
1.00124
1.00122
1.00114
1.00108
1.00099
1.0009
1.0008
1.00069
1.00058
1.00046
1.00034
1.00021
1.00008
0.999955
0.999827
0.9997
0.999577
0.999457
0.999345
0.999232
0.999141
0.999008
0.998988
0.998761
0.998888
0.998496
0.998808
0.998239
0.998695
0.998059
0.998444
0.997479
1.00061
1.00133
1.00123
1.00134
1.00122
1.0013
1.0012
1.00122
1.00115
1.00112
1.00105
1.00099
1.00091
1.00082
1.00073
1.00063
1.00053
1.00042
1.00031
1.00019
1.00007
0.999957
0.999839
0.999723
0.999609
0.999498
0.999393
0.999289
0.999198
0.999086
0.999041
0.99887
0.998926
0.998646
0.998834
0.998438
0.998724
0.998303
0.998534
0.997718
1.00055
1.00123
1.00117
1.00123
1.00115
1.0012
1.00113
1.00112
1.00107
1.00103
1.00097
1.00091
1.00084
1.00076
1.00067
1.00058
1.00049
1.00039
1.00028
1.00018
1.00007
0.999962
0.999853
0.999746
0.999642
0.999539
0.999441
0.999345
0.999257
0.99916
0.9991
0.998971
0.998977
0.998781
0.998877
0.998609
0.998774
0.9985
0.998632
0.997886
1.00048
1.00114
1.0011
1.00114
1.00108
1.0011
1.00105
1.00103
1.00099
1.00094
1.00089
1.00083
1.00076
1.00069
1.00061
1.00053
1.00044
1.00035
1.00026
1.00016
1.00006
0.999961
0.999861
0.999763
0.999666
0.999571
0.99948
0.999391
0.999307
0.99922
0.999154
0.999056
0.999031
0.998894
0.998931
0.998754
0.998837
0.998663
0.998732
0.998022
1.00041
1.00106
1.00104
1.00105
1.00102
1.00102
1.00098
1.00096
1.00092
1.00088
1.00083
1.00077
1.00071
1.00064
1.00057
1.00049
1.00041
1.00033
1.00024
1.00015
1.00006
0.999968
0.999876
0.999786
0.999696
0.999609
0.999524
0.999442
0.999363
0.999285
0.999218
0.999138
0.999096
0.998998
0.998994
0.998876
0.998907
0.9988
0.998834
0.998152
1.00035
1.00099
1.00097
1.00097
1.00095
1.00094
1.00091
1.00088
1.00084
1.0008
1.00076
1.0007
1.00065
1.00058
1.00052
1.00044
1.00037
1.00029
1.00021
1.00013
1.00005
0.999963
0.999879
0.999795
0.999712
0.999632
0.999552
0.999476
0.999404
0.999333
0.999269
0.9992
0.999153
0.999081
0.99906
0.998982
0.998984
0.998915
0.998928
0.998274
1.00028
1.00092
1.00091
1.00091
1.00089
1.00088
1.00085
1.00082
1.00079
1.00075
1.00071
1.00066
1.0006
1.00055
1.00048
1.00042
1.00035
1.00028
1.0002
1.00013
1.00005
0.999974
0.999896
0.999819
0.999743
0.999668
0.999596
0.999526
0.999458
0.999393
0.999333
0.999272
0.999223
0.999164
0.999131
0.999074
0.999062
0.999012
0.999011
0.998375
1.00022
1.00086
1.00085
1.00084
1.00082
1.00081
1.00078
1.00075
1.00072
1.00068
1.00064
1.0006
1.00055
1.00049
1.00044
1.00037
1.00031
1.00024
1.00018
1.00011
1.00003
0.999963
0.999892
0.999821
0.999751
0.999683
0.999616
0.999552
0.99949
0.99943
0.999375
0.999321
0.999275
0.999228
0.999195
0.999151
0.999132
0.999097
0.999089
0.998451
1.00016
1.0008
1.00079
1.00078
1.00077
1.00075
1.00073
1.00071
1.00068
1.00064
1.0006
1.00056
1.00052
1.00047
1.00041
1.00036
1.0003
1.00024
1.00017
1.00011
1.00005
0.99998
0.999914
0.999848
0.999784
0.99972
0.999658
0.999598
0.999541
0.999486
0.999434
0.999384
0.99934
0.999296
0.999263
0.999227
0.999207
0.999185
0.999173
0.998527
1.00011
1.00074
1.00074
1.00073
1.00071
1.0007
1.00067
1.00065
1.00062
1.00059
1.00055
1.00051
1.00047
1.00042
1.00037
1.00032
1.00026
1.00021
1.00015
1.00009
1.00003
0.999968
0.999907
0.999847
0.999788
0.99973
0.999674
0.99962
0.999567
0.999518
0.999471
0.999427
0.999387
0.99935
0.999318
0.999289
0.999266
0.999251
0.999241
0.9986
1.00005
1.00069
1.00068
1.00067
1.00066
1.00065
1.00063
1.0006
1.00058
1.00055
1.00051
1.00048
1.00044
1.0004
1.00035
1.0003
1.00025
1.0002
1.00015
1.00009
1.00004
0.999982
0.999926
0.999871
0.999816
0.999762
0.99971
0.999659
0.99961
0.999563
0.999519
0.999478
0.999442
0.999408
0.999378
0.999354
0.999335
0.999322
0.999312
0.998689
1.00001
1.00065
1.00064
1.00063
1.00062
1.0006
1.00058
1.00056
1.00053
1.0005
1.00047
1.00044
1.0004
1.00036
1.00032
1.00027
1.00023
1.00018
1.00013
1.00008
1.00003
0.999977
0.999925
0.999875
0.999825
0.999776
0.999728
0.999682
0.999638
0.999596
0.999557
0.999521
0.999486
0.999455
0.999428
0.999404
0.999382
0.999366
0.999357
0.99876
0.999956
1.00059
1.00059
1.00058
1.00056
1.00055
1.00053
1.00051
1.00049
1.00046
1.00043
1.0004
1.00037
1.00033
1.00029
1.00025
1.00021
1.00017
1.00012
1.00007
1.00003
0.999981
0.999935
0.999888
0.999842
0.999797
0.999753
0.999711
0.99967
0.999631
0.999594
0.99956
0.999529
0.999502
0.999478
0.999458
0.99944
0.999423
0.999415
0.998835
0.999919
1.00056
1.00055
1.00055
1.00053
1.00052
1.0005
1.00048
1.00046
1.00044
1.00041
1.00038
1.00035
1.00031
1.00028
1.00024
1.0002
1.00016
1.00012
1.00007
1.00003
0.999986
0.999942
0.999899
0.999857
0.999815
0.999775
0.999735
0.999698
0.999663
0.999629
0.999599
0.999571
0.999544
0.99952
0.999499
0.999482
0.999465
0.999457
0.998883
0.999869
1.00051
1.0005
1.00049
1.00048
1.00047
1.00046
1.00044
1.00042
1.00039
1.00037
1.00034
1.00031
1.00028
1.00025
1.00021
1.00018
1.00014
1.0001
1.00006
1.00002
0.999984
0.999945
0.999906
0.999868
0.999831
0.999795
0.99976
0.999726
0.999695
0.999665
0.999637
0.999611
0.999589
0.999569
0.999552
0.999536
0.999522
0.999516
0.998934
0.999843
1.00048
1.00047
1.00047
1.00046
1.00044
1.00043
1.00041
1.00039
1.00037
1.00035
1.00032
1.00029
1.00027
1.00023
1.0002
1.00017
1.00013
1.0001
1.00006
1.00003
0.999989
0.999952
0.999916
0.99988
0.999845
0.999811
0.999778
0.999746
0.999716
0.999688
0.999662
0.999638
0.999616
0.999598
0.999582
0.999569
0.999558
0.999552
0.998958
0.999794
1.00043
1.00043
1.00042
1.00041
1.0004
1.00039
1.00037
1.00035
1.00034
1.00031
1.00029
1.00027
1.00024
1.00021
1.00018
1.00015
1.00012
1.00009
1.00006
1.00002
0.999991
0.999958
0.999926
0.999894
0.999863
0.999833
0.999804
0.999777
0.99975
0.999726
0.999704
0.999684
0.999665
0.999648
0.999634
0.999623
0.999614
0.999609
0.998997
0.999773
1.00041
1.00041
1.0004
1.00039
1.00038
1.00037
1.00035
1.00034
1.00032
1.0003
1.00027
1.00025
1.00022
1.0002
1.00017
1.00014
1.00011
1.00008
1.00005
1.00002
0.999991
0.99996
0.99993
0.9999
0.999871
0.999842
0.999815
0.999789
0.999765
0.999742
0.999721
0.999702
0.999685
0.99967
0.999657
0.999647
0.99964
0.999635
0.999016
0.999724
1.00036
1.00036
1.00035
1.00034
1.00033
1.00032
1.00031
1.00029
1.00028
1.00026
1.00024
1.00022
1.0002
1.00017
1.00015
1.00013
1.0001
1.00007
1.00005
1.00002
0.999995
0.999969
0.999943
0.999917
0.999893
0.999869
0.999846
0.999824
0.999804
0.999784
0.999767
0.999751
0.999737
0.999725
0.999715
0.999707
0.999702
0.999698
0.999068
)
;

boundaryField
{
    FrontBack
    {
        type            empty;
    }
    Cylinder
    {
        type            calculated;
        value           uniform 0;
    }
    Bottom
    {
        type            calculated;
        value           uniform 0;
    }
    Top
    {
        type            calculated;
        value           uniform 0;
    }
    Inlet
    {
        type            calculated;
        value           uniform 1;
    }
    Outlet
    {
        type            calculated;
        value           nonuniform List<scalar> 
40
(
0.999724
1.00036
1.00036
1.00035
1.00034
1.00033
1.00032
1.00031
1.00029
1.00028
1.00026
1.00024
1.00022
1.0002
1.00017
1.00015
1.00013
1.0001
1.00007
1.00005
1.00002
0.999995
0.999969
0.999943
0.999917
0.999893
0.999869
0.999846
0.999824
0.999804
0.999784
0.999767
0.999751
0.999737
0.999725
0.999715
0.999707
0.999702
0.999698
0.999068
)
;
    }
}


// ************************************************************************* //
