/*--------------------------------*- C++ -*----------------------------------*\
  =========                 |
  \\      /  F ield         | OpenFOAM: The Open Source CFD Toolbox
   \\    /   O peration     | Website:  https://openfoam.org
    \\  /    A nd           | Version:  11
     \\/     M anipulation  |
\*---------------------------------------------------------------------------*/
FoamFile
{
    format      ascii;
    class       volScalarField;
    location    "9.5";
    object      mag(U);
}
// * * * * * * * * * * * * * * * * * * * * * * * * * * * * * * * * * * * * * //

dimensions      [0 1 -1 0 0 0 0];

internalField   nonuniform List<scalar> 
9600
(
0.967935
0.96531
0.960241
0.956592
0.953682
0.949593
0.943522
0.940378
0.939522
0.935742
0.932775
0.933185
0.935626
0.939152
0.944258
0.951208
0.96183
0.971412
0.980687
0.99497
0.997815
0.994852
0.986843
0.971788
0.958017
0.942721
0.92909
0.921372
0.918801
0.919001
0.916924
0.908151
0.881491
0.840916
0.811271
0.782947
0.769305
0.765784
0.768038
0.801676
0.970134
0.968882
0.967519
0.965037
0.963452
0.961669
0.960536
0.958404
0.957453
0.957805
0.958943
0.961074
0.965003
0.969769
0.977647
0.988501
0.998856
1.0117
1.02347
1.03201
1.0409
1.04048
1.03618
1.02442
1.00717
0.992589
0.983372
0.980835
0.981804
0.988365
1.00153
1.00874
1.00934
1.00266
0.975942
0.938681
0.906262
0.877945
0.851508
0.845545
0.969373
0.968185
0.966752
0.964292
0.962148
0.960802
0.959956
0.958257
0.957731
0.958158
0.959438
0.961855
0.965998
0.971535
0.978812
0.988603
1.0006
1.01176
1.02579
1.03182
1.0407
1.04166
1.03791
1.02909
1.01186
0.992868
0.980096
0.976615
0.978768
0.988696
1.00868
1.0271
1.03673
1.03485
1.01925
0.974307
0.927461
0.892417
0.864848
0.858714
0.969385
0.967917
0.966557
0.964144
0.961932
0.960598
0.959777
0.957885
0.957464
0.958012
0.959804
0.962251
0.966734
0.972781
0.980169
0.990108
1.0026
1.01329
1.02576
1.03477
1.0414
1.04201
1.03783
1.02963
1.01588
0.997989
0.982893
0.974669
0.974254
0.980548
0.999425
1.02417
1.04392
1.051
1.04501
1.01982
0.974565
0.935974
0.893735
0.867511
0.968923
0.967545
0.965849
0.963563
0.961413
0.960295
0.95907
0.957705
0.957735
0.958398
0.960382
0.963115
0.967476
0.974183
0.982385
0.991138
1.00278
1.01527
1.02584
1.03668
1.04235
1.04307
1.03806
1.02931
1.01783
1.00139
0.984631
0.973575
0.971136
0.975264
0.989398
1.01643
1.04494
1.06268
1.06349
1.04969
1.01012
0.967994
0.922056
0.883678
0.968738
0.96721
0.96535
0.96345
0.96123
0.959833
0.958727
0.957556
0.957702
0.958257
0.960604
0.963554
0.96786
0.974281
0.983868
0.992404
1.00385
1.01631
1.02779
1.03721
1.04312
1.04478
1.04041
1.03083
1.01869
1.00328
0.987697
0.974238
0.968065
0.970174
0.981818
1.00665
1.03551
1.0623
1.07567
1.07291
1.0484
1.00535
0.955942
0.90069
0.968026
0.966479
0.964449
0.962741
0.960608
0.958946
0.95808
0.957171
0.957503
0.958295
0.960954
0.963624
0.969367
0.974863
0.985345
0.993182
1.00553
1.01741
1.02961
1.038
1.04413
1.04638
1.04282
1.033
1.02025
1.00417
0.988722
0.975165
0.967517
0.967832
0.975766
0.995958
1.0246
1.05675
1.07917
1.08551
1.0715
1.03617
0.994358
0.925594
0.96755
0.966135
0.963994
0.962329
0.960309
0.958488
0.957797
0.956937
0.957691
0.958446
0.961545
0.963923
0.970434
0.975298
0.986058
0.994479
1.00716
1.01834
1.03092
1.03948
1.04584
1.04791
1.04505
1.03571
1.02278
1.00591
0.989903
0.976492
0.964883
0.964815
0.970118
0.99006
1.01167
1.04808
1.07378
1.09262
1.08808
1.06212
1.03248
0.964531
0.966718
0.965316
0.963123
0.961461
0.959511
0.957669
0.957165
0.956455
0.957526
0.958317
0.961698
0.964264
0.971135
0.976183
0.987253
0.995381
1.00871
1.01985
1.03241
1.04164
1.04803
1.04951
1.04751
1.03869
1.02623
1.00892
0.990624
0.977493
0.963479
0.961723
0.963607
0.98353
1.00133
1.03682
1.06659
1.09395
1.09984
1.08257
1.05851
0.997923
0.966145
0.964758
0.96249
0.960833
0.959149
0.957071
0.956934
0.956247
0.957609
0.958402
0.962145
0.964712
0.971964
0.976949
0.988389
0.996273
1.00995
1.02172
1.03407
1.04335
1.05039
1.05217
1.05029
1.04186
1.02858
1.01331
0.992068
0.978361
0.962468
0.958611
0.956589
0.974845
0.990762
1.02508
1.05676
1.08738
1.10772
1.09985
1.08312
1.02768
0.965189
0.96381
0.961606
0.959745
0.958456
0.956418
0.956424
0.955767
0.957451
0.958231
0.96233
0.964934
0.972623
0.977778
0.989456
0.997696
1.01132
1.02321
1.03585
1.04552
1.05284
1.05523
1.05343
1.04579
1.03107
1.01757
0.99535
0.980222
0.961487
0.955856
0.950595
0.96548
0.979751
1.01213
1.04476
1.08033
1.1081
1.11358
1.10672
1.05632
0.96449
0.963032
0.96102
0.958786
0.957793
0.955958
0.95624
0.955447
0.957436
0.958168
0.962581
0.965181
0.973329
0.978504
0.99054
0.998941
1.01291
1.02489
1.03762
1.04842
1.05565
1.05801
1.05589
1.05067
1.03513
1.02181
0.998866
0.982362
0.961004
0.953176
0.944779
0.955477
0.969044
0.99604
1.03273
1.06859
1.10458
1.11875
1.12793
1.08296
0.963491
0.961824
0.960237
0.957844
0.956926
0.955182
0.955854
0.955045
0.957358
0.958018
0.96277
0.965419
0.973916
0.979218
0.991508
1.00054
1.01421
1.02737
1.03959
1.05116
1.0581
1.06259
1.05862
1.05528
1.03948
1.02672
1.00298
0.985698
0.963018
0.950794
0.940173
0.943647
0.957341
0.978379
1.01695
1.05445
1.09807
1.11805
1.14732
1.10807
0.962536
0.960819
0.959402
0.95704
0.95622
0.954444
0.955384
0.95454
0.957225
0.957797
0.962919
0.965489
0.974415
0.980279
0.992229
1.00256
1.01532
1.02961
1.04216
1.05391
1.06053
1.06667
1.06265
1.06015
1.04402
1.03134
1.00892
0.988533
0.966235
0.949869
0.936991
0.933239
0.944152
0.958106
0.999764
1.03444
1.08786
1.11158
1.16003
1.13071
0.961398
0.959657
0.958284
0.956114
0.955524
0.953814
0.95496
0.954035
0.957109
0.957582
0.962937
0.966341
0.973825
0.982666
0.992008
1.00493
1.0174
1.03151
1.04502
1.05709
1.06429
1.06998
1.06854
1.06239
1.05321
1.03318
1.01698
0.994067
0.968529
0.951196
0.935737
0.923882
0.932603
0.938463
0.977376
1.01018
1.07088
1.0987
1.16202
1.14841
0.960221
0.958448
0.957242
0.954996
0.954575
0.952803
0.954253
0.953244
0.956555
0.957941
0.961098
0.96869
0.972813
0.984182
0.992987
1.00599
1.01985
1.03383
1.04758
1.06041
1.06828
1.07306
1.07448
1.06675
1.05872
1.04066
1.02059
1.00132
0.974961
0.950871
0.936397
0.918348
0.921993
0.919933
0.953407
0.980616
1.04434
1.07833
1.15604
1.16065
0.959033
0.957281
0.956163
0.953932
0.953791
0.952042
0.953698
0.953518
0.9548
0.95925
0.960843
0.968201
0.97429
0.983997
0.995456
1.0075
1.02205
1.03706
1.05106
1.06353
1.07382
1.07706
1.07934
1.07391
1.06357
1.04951
1.02736
1.00548
0.983875
0.953925
0.938235
0.914633
0.914291
0.903475
0.929956
0.949687
1.01038
1.04771
1.13543
1.16543
0.957551
0.955732
0.954705
0.952361
0.952477
0.951216
0.95122
0.954076
0.953631
0.958582
0.960486
0.967823
0.975268
0.984602
0.996446
1.00978
1.02396
1.03949
1.05514
1.06668
1.07827
1.08241
1.08342
1.08132
1.06956
1.05617
1.03772
1.01083
0.991264
0.959177
0.942091
0.913108
0.908917
0.890783
0.907868
0.918407
0.971006
1.00922
1.0969
1.15546
0.9563
0.954484
0.95353
0.951635
0.950382
0.951605
0.949926
0.953415
0.953212
0.958319
0.961877
0.967109
0.977168
0.985617
0.998361
1.01255
1.02691
1.04298
1.05895
1.07185
1.08228
1.08955
1.08889
1.08722
1.07888
1.06247
1.04747
1.01962
1.00063
0.965759
0.948135
0.914636
0.905722
0.882014
0.889642
0.891517
0.928896
0.966822
1.04211
1.12306
0.954641
0.952849
0.950901
0.950532
0.948229
0.94988
0.94836
0.951917
0.953085
0.955853
0.962882
0.967029
0.977584
0.987219
0.999402
1.01507
1.02994
1.04646
1.06293
1.07642
1.08665
1.09494
1.09667
1.09248
1.08796
1.07071
1.05722
1.02835
1.01044
0.974117
0.95568
0.919801
0.905656
0.877302
0.873648
0.869778
0.886115
0.923693
0.9765
1.07112
0.952865
0.952126
0.949466
0.949243
0.946926
0.94887
0.947675
0.95006
0.953902
0.955122
0.962777
0.968367
0.977557
0.989676
1.00243
1.017
1.03458
1.05022
1.06834
1.08183
1.09354
1.09994
1.10495
1.09971
1.0969
1.07973
1.06893
1.0392
1.02176
0.985191
0.964161
0.92852
0.908815
0.879103
0.862528
0.85621
0.848363
0.882396
0.907904
1.00607
0.949725
0.949297
0.946791
0.94707
0.944571
0.946499
0.946142
0.947567
0.951961
0.954985
0.960839
0.968886
0.978776
0.989809
1.00524
1.01953
1.03845
1.05467
1.0736
1.08652
1.10076
1.10568
1.11303
1.10681
1.10671
1.08864
1.08032
1.05098
1.03407
0.99824
0.974492
0.939363
0.913797
0.886064
0.856891
0.849585
0.823756
0.845772
0.844934
0.930274
0.947973
0.947574
0.94473
0.945245
0.943151
0.944815
0.945754
0.947798
0.950345
0.955337
0.961668
0.969128
0.981068
0.991991
1.00887
1.02308
1.04403
1.05919
1.08109
1.09204
1.10955
1.11245
1.12288
1.11531
1.11769
1.10004
1.09282
1.06565
1.04745
1.01514
0.987285
0.954303
0.921068
0.898309
0.859102
0.84852
0.814483
0.819666
0.797889
0.851228
0.944467
0.94423
0.941053
0.94137
0.94043
0.940398
0.94276
0.944883
0.949335
0.953033
0.961729
0.968491
0.982179
0.993334
1.0122
1.02559
1.04943
1.0635
1.08791
1.09736
1.11748
1.11964
1.13165
1.12482
1.1279
1.11232
1.10486
1.0816
1.06226
1.03266
1.00195
0.973603
0.931869
0.910556
0.868369
0.85171
0.819238
0.802527
0.782587
0.787128
0.942595
0.942464
0.940245
0.938029
0.939378
0.938705
0.940689
0.943007
0.948317
0.952806
0.96249
0.969683
0.985898
0.995658
1.01714
1.03065
1.05614
1.07014
1.09576
1.10586
1.1256
1.12925
1.14114
1.13599
1.13927
1.12679
1.11922
1.09947
1.07844
1.05643
1.01916
0.995689
0.950934
0.926819
0.887492
0.853507
0.840121
0.792758
0.787705
0.767128
0.938233
0.937011
0.935838
0.934447
0.934197
0.935825
0.937651
0.940733
0.946207
0.950791
0.961898
0.969207
0.986674
0.998242
1.02041
1.03564
1.06058
1.07694
1.10184
1.1147
1.13281
1.13875
1.14993
1.14699
1.14898
1.14094
1.13053
1.11972
1.09359
1.07898
1.04141
1.01864
0.976039
0.941408
0.915314
0.864919
0.849299
0.807973
0.787425
0.769384
0.936388
0.935471
0.933154
0.93331
0.932529
0.935186
0.937313
0.940653
0.947815
0.953246
0.964109
0.974412
0.990598
1.00471
1.02584
1.04508
1.06904
1.08737
1.11083
1.12654
1.14288
1.15078
1.15994
1.1624
1.15955
1.15928
1.14387
1.14024
1.11424
1.10204
1.06783
1.04157
1.01046
0.963272
0.939993
0.892861
0.867492
0.833111
0.796932
0.776552
0.931392
0.928554
0.927949
0.926058
0.925936
0.929213
0.930914
0.936899
0.942965
0.951711
0.962625
0.975983
0.992373
1.01
1.03101
1.0518
1.07619
1.09811
1.11873
1.13781
1.15129
1.16466
1.1679
1.17789
1.16995
1.17564
1.15859
1.15982
1.1357
1.1233
1.10077
1.06437
1.04336
0.995261
0.967616
0.922295
0.887482
0.858066
0.82034
0.787944
0.929347
0.927342
0.925551
0.926869
0.925075
0.928755
0.931105
0.937923
0.943128
0.955001
0.965686
0.981598
0.997422
1.01884
1.03811
1.06477
1.08457
1.11204
1.12874
1.15261
1.1621
1.18067
1.17975
1.19407
1.18474
1.1928
1.18082
1.17549
1.16753
1.14506
1.1355
1.1
1.07991
1.03562
1.00355
0.966128
0.920339
0.887915
0.856222
0.816251
0.917108
0.919182
0.916438
0.918234
0.917296
0.9238
0.924241
0.935353
0.940273
0.955092
0.964782
0.985527
1.00023
1.02613
1.04475
1.07313
1.09428
1.12271
1.13954
1.16363
1.17388
1.19082
1.19535
1.20105
1.2057
1.20036
1.20288
1.19151
1.1915
1.17021
1.16634
1.13686
1.11639
1.08648
1.04305
1.00868
0.971963
0.924139
0.894987
0.853712
0.913348
0.917122
0.913027
0.91762
0.917031
0.924032
0.926815
0.93895
0.945812
0.962027
0.975042
0.995286
1.01461
1.03874
1.0626
1.08846
1.11488
1.13754
1.16179
1.17679
1.19739
1.20298
1.21631
1.21769
1.22383
1.21813
1.22696
1.21136
1.21468
1.20504
1.1923
1.18178
1.15806
1.13349
1.10246
1.06376
1.02523
0.980836
0.949171
0.900784
0.898491
0.901338
0.899932
0.903383
0.90621
0.911603
0.921836
0.928801
0.946019
0.958191
0.978587
0.998313
1.02197
1.04653
1.07464
1.0993
1.12941
1.15031
1.17406
1.19339
1.20801
1.21704
1.23298
1.22878
1.23927
1.23837
1.23792
1.23818
1.23442
1.23354
1.22301
1.2192
1.20123
1.18426
1.1625
1.12361
1.09791
1.04269
1.01707
0.960865
0.901176
0.899866
0.902172
0.901527
0.910427
0.91338
0.92729
0.937535
0.953693
0.971105
0.992507
1.01391
1.04002
1.06702
1.09318
1.12322
1.15
1.17204
1.19884
1.21321
1.22812
1.2427
1.24598
1.25417
1.25641
1.26001
1.25702
1.26327
1.25887
1.26072
1.26119
1.25152
1.2547
1.23206
1.23027
1.19392
1.1797
1.13042
1.10662
1.05026
0.879054
0.886993
0.886261
0.893412
0.897324
0.911173
0.920104
0.94
0.954639
0.979144
1.00216
1.02554
1.05984
1.08097
1.11682
1.14387
1.16924
1.19735
1.21775
1.23354
1.2502
1.26016
1.26569
1.27143
1.2772
1.27202
1.28424
1.27369
1.28976
1.27844
1.29648
1.28242
1.2976
1.27949
1.28935
1.26439
1.25964
1.22577
1.20815
1.15776
0.873214
0.882034
0.883167
0.894946
0.901454
0.919109
0.934455
0.95531
0.97659
1.00459
1.02826
1.05827
1.09074
1.11513
1.15443
1.17495
1.21098
1.22665
1.25829
1.26098
1.28985
1.28472
1.30465
1.29698
1.31266
1.30271
1.31568
1.30598
1.32038
1.31336
1.33175
1.32839
1.34798
1.34368
1.35713
1.34643
1.35292
1.33557
1.33106
1.29867
0.856836
0.86844
0.871017
0.887318
0.895651
0.919678
0.934061
0.964958
0.988911
1.02095
1.04925
1.08444
1.1151
1.14935
1.18015
1.21202
1.2375
1.26299
1.28241
1.29651
1.31043
1.31752
1.32528
1.32728
1.33413
1.33309
1.33677
1.33433
1.33821
1.33693
1.34392
1.34939
1.3625
1.37542
1.39148
1.40664
1.41662
1.43044
1.4274
1.43545
0.862635
0.874478
0.89167
0.916746
0.935998
0.967562
0.990318
1.02473
1.05107
1.08964
1.11941
1.15857
1.19016
1.22642
1.25693
1.28708
1.31145
1.33176
1.34649
1.35638
1.36066
1.36393
1.36254
1.36509
1.36374
1.36612
1.3644
1.36016
1.35212
1.33937
1.32748
1.32041
1.32103
1.33185
1.334
1.3562
1.35229
1.38085
1.36843
1.40405
0.828353
0.860429
0.877134
0.90581
0.930066
0.965788
1.00141
1.04319
1.08144
1.12501
1.16256
1.20435
1.23835
1.27522
1.30274
1.33122
1.34902
1.36526
1.37115
1.37499
1.37026
1.36649
1.3576
1.35531
1.34798
1.35698
1.35816
1.35986
1.34534
1.31371
1.2697
1.21271
1.17101
1.13329
1.10732
1.07809
1.04109
0.997983
0.906519
0.904337
0.907202
0.959163
1.00058
1.05194
1.09038
1.13536
1.17178
1.21448
1.24668
1.2856
1.31123
1.34302
1.35944
1.38413
1.39093
1.41247
1.40859
1.42131
1.4053
1.40497
1.37761
1.36525
1.33114
1.31091
1.28048
1.26478
1.23369
1.22717
1.18322
1.14004
1.08147
0.99828
0.907647
0.754432
0.566829
0.391842
0.243346
0.156172
0.140038
0.157849
1.03816
1.07575
1.11079
1.14855
1.18492
1.21812
1.24747
1.27223
1.29155
1.3069
1.31427
1.32425
1.32506
1.33254
1.323
1.31816
1.29219
1.27494
1.23412
1.20434
1.14705
1.10072
1.02254
0.958029
0.865172
0.79465
0.70449
0.621258
0.327771
0.172457
0.385914
0.438083
0.440474
0.228579
0.152451
0.17616
0.201891
0.219588
0.236691
0.259365
0.806995
0.792841
0.816589
0.791916
0.745442
0.711157
0.805553
1.0842
1.23679
1.25435
1.1598
1.08996
1.06681
1.05164
1.04299
1.03833
1.03485
1.03273
1.03059
1.02934
1.02812
1.02681
1.02633
1.025
1.02464
1.02345
1.02303
1.022
1.02162
1.02114
1.02073
1.02025
1.01979
1.01917
1.01886
1.0183
1.0182
1.01746
1.01728
1.01425
0.824644
0.802358
0.814427
0.780855
0.740068
0.71125
0.80589
1.07893
1.22221
1.24071
1.17553
1.10146
1.07012
1.05599
1.04551
1.03985
1.03667
1.03372
1.03167
1.03015
1.02897
1.02747
1.02695
1.02559
1.02523
1.02401
1.02362
1.02247
1.02197
1.02149
1.0211
1.02069
1.02023
1.01965
1.01927
1.01889
1.01908
1.0188
1.01873
1.01973
0.837453
0.826672
0.838035
0.815785
0.766813
0.744341
0.858242
1.12261
1.21366
1.21253
1.17347
1.10485
1.06868
1.05647
1.04588
1.04034
1.03735
1.03418
1.03244
1.03081
1.02958
1.02812
1.02738
1.02604
1.02562
1.02434
1.02394
1.0228
1.0222
1.02176
1.02131
1.02105
1.02053
1.0201
1.01958
1.01924
1.01925
1.01908
1.0184
1.01576
0.856848
0.857166
0.860559
0.842641
0.807012
0.81845
0.931064
1.13143
1.18254
1.17078
1.16565
1.10897
1.0713
1.05895
1.04787
1.04148
1.03872
1.03542
1.03372
1.03215
1.03067
1.02943
1.02842
1.02729
1.02663
1.02566
1.02494
1.02413
1.02314
1.02272
1.022
1.02183
1.02122
1.02084
1.02024
1.01995
1.01984
1.0201
1.02047
1.02242
0.88044
0.886701
0.898308
0.888921
0.859343
0.892091
0.968832
1.12971
1.15147
1.128
1.13666
1.10438
1.06908
1.05678
1.04807
1.04143
1.03938
1.03591
1.03447
1.03298
1.03143
1.03039
1.02919
1.02827
1.02737
1.02657
1.02575
1.0251
1.02408
1.02354
1.02272
1.02236
1.02185
1.0214
1.02093
1.02054
1.02014
1.01977
1.01925
1.0176
0.904017
0.917313
0.924483
0.918416
0.894044
0.918984
0.971074
1.09393
1.10197
1.08686
1.10197
1.0985
1.06571
1.05479
1.048
1.04141
1.03975
1.03626
1.03473
1.03342
1.03194
1.03091
1.0296
1.02875
1.02775
1.02702
1.02607
1.02554
1.02444
1.0239
1.0231
1.02262
1.02222
1.0217
1.02129
1.02094
1.02078
1.02068
1.02088
1.02206
0.933791
0.951887
0.968272
0.959999
0.92357
0.932515
0.965063
1.05769
1.06537
1.04454
1.05932
1.08405
1.05863
1.05098
1.04665
1.04041
1.03934
1.03634
1.0349
1.03399
1.03252
1.03163
1.0301
1.02934
1.02818
1.02743
1.02646
1.0258
1.02486
1.02412
1.02342
1.02277
1.02248
1.0219
1.02158
1.02104
1.02082
1.02054
1.02006
1.01903
0.962281
0.984593
0.995451
0.997154
0.951575
0.935319
0.948225
1.00494
1.01842
0.998617
1.01934
1.06605
1.05168
1.04746
1.04534
1.03964
1.03909
1.03699
1.03547
1.03479
1.03346
1.03272
1.03118
1.03038
1.02912
1.02819
1.02733
1.0265
1.02577
1.02473
1.02409
1.02307
1.02269
1.02201
1.02179
1.02141
1.0213
1.02114
1.02119
1.02159
0.993753
1.02537
1.04803
1.0471
0.981446
0.932826
0.925347
0.956716
0.98006
0.954636
0.981674
1.04181
1.04082
1.03951
1.04315
1.03867
1.03861
1.0375
1.03591
1.03536
1.03407
1.03347
1.03226
1.0314
1.03049
1.02946
1.02881
1.02771
1.02721
1.02607
1.02554
1.02426
1.02362
1.02279
1.02237
1.02183
1.02145
1.02117
1.02088
1.02009
1.02333
1.06138
1.08555
1.09683
1.02128
0.925485
0.897104
0.904004
0.930197
0.911176
0.947682
1.01539
1.03006
1.03024
1.03936
1.03643
1.03707
1.0369
1.0358
1.03551
1.03443
1.03383
1.03277
1.03191
1.0311
1.03005
1.02952
1.02846
1.02798
1.02702
1.02643
1.02558
1.02475
1.024
1.02343
1.02294
1.02231
1.02202
1.02175
1.02168
1.0557
1.10751
1.15596
1.16215
1.04045
0.912669
0.860539
0.858026
0.887726
0.875106
0.91482
0.990902
1.01833
1.02052
1.0332
1.03255
1.03436
1.03577
1.03539
1.03548
1.03497
1.03434
1.03337
1.03239
1.0316
1.03051
1.02993
1.02888
1.02839
1.0275
1.02687
1.02624
1.02551
1.02478
1.02395
1.02342
1.02274
1.02237
1.02184
1.02129
1.08777
1.1528
1.21502
1.22231
1.04114
0.887345
0.813567
0.805345
0.834523
0.837113
0.884195
0.971308
1.00446
1.01213
1.02663
1.02967
1.03224
1.03483
1.03502
1.03545
1.03535
1.03511
1.0343
1.03318
1.03232
1.03109
1.0304
1.02932
1.0287
1.02789
1.02715
1.02661
1.02592
1.02539
1.02468
1.02409
1.02349
1.02299
1.02258
1.02244
1.12214
1.21769
1.3062
1.25271
1.02516
0.838468
0.751219
0.749136
0.784941
0.803752
0.856975
0.952226
0.987363
1.00414
1.01986
1.02741
1.03021
1.0338
1.03455
1.03526
1.03541
1.03544
1.03513
1.03434
1.03348
1.0324
1.03142
1.03034
1.02935
1.02859
1.02763
1.02711
1.02632
1.02571
1.02505
1.02441
1.0239
1.02332
1.02274
1.02247
1.15838
1.28842
1.37093
1.25636
0.971824
0.754944
0.671274
0.680565
0.724263
0.768736
0.836326
0.934049
0.971743
0.997085
1.01225
1.02349
1.02783
1.03198
1.03369
1.03491
1.03541
1.03563
1.0356
1.03519
1.03456
1.03392
1.03299
1.03208
1.03106
1.03008
1.02899
1.02815
1.02753
1.02665
1.02612
1.02532
1.02485
1.02413
1.02362
1.0233
1.19821
1.36883
1.41619
1.23887
0.87339
0.64331
0.579511
0.613565
0.674327
0.744633
0.825883
0.919004
0.95986
0.98854
1.00421
1.01786
1.02491
1.0294
1.0325
1.03425
1.03523
1.03563
1.03582
1.0356
1.03511
1.0347
1.03401
1.03316
1.03235
1.03151
1.03064
1.02956
1.02879
1.02779
1.02724
1.02633
1.02573
1.02484
1.02423
1.02371
1.24366
1.42565
1.40744
1.19322
0.750001
0.535523
0.509536
0.566311
0.638666
0.730804
0.826354
0.906534
0.95073
0.980723
0.999608
1.01263
1.02219
1.0271
1.03137
1.03335
1.03488
1.03557
1.03595
1.03599
1.03551
1.03518
1.03463
1.03372
1.03304
1.03216
1.03159
1.03069
1.03002
1.02904
1.02841
1.02742
1.02684
1.02585
1.02528
1.02485
1.27425
1.42666
1.41197
1.21041
0.715005
0.533148
0.517404
0.575349
0.642525
0.739286
0.833926
0.898693
0.944436
0.975995
0.996824
1.0079
1.01962
1.02525
1.03017
1.03244
1.03472
1.03548
1.03589
1.03614
1.03577
1.03535
1.03506
1.034
1.03358
1.03257
1.03215
1.03125
1.03066
1.02973
1.0292
1.02809
1.02748
1.02647
1.02593
1.02553
1.26839
1.38657
1.4053
1.2863
0.843846
0.679753
0.621399
0.645124
0.683216
0.766363
0.845069
0.898383
0.944364
0.971459
0.994476
1.00558
1.01765
1.02338
1.02967
1.03194
1.0348
1.03555
1.03598
1.03645
1.03636
1.03574
1.0358
1.03478
1.03454
1.03356
1.03318
1.03228
1.03178
1.0308
1.03031
1.02928
1.02878
1.0276
1.02706
1.02637
1.2097
1.31598
1.38662
1.33787
1.04043
0.884795
0.767909
0.749037
0.747589
0.809251
0.860545
0.905754
0.94783
0.970164
0.99384
1.00516
1.01795
1.02249
1.02951
1.03153
1.03517
1.03614
1.03682
1.03736
1.03785
1.03719
1.03733
1.03632
1.03604
1.03502
1.03434
1.03342
1.03293
1.03195
1.03127
1.03016
1.02972
1.02883
1.02837
1.02768
1.11239
1.23839
1.33391
1.31849
1.11132
0.998347
0.877801
0.841426
0.815322
0.857064
0.88358
0.92127
0.954163
0.976918
0.995271
1.00615
1.01893
1.02178
1.02991
1.03156
1.03559
1.03689
1.03784
1.03793
1.03897
1.03818
1.03852
1.03742
1.0371
1.03628
1.03552
1.03452
1.03398
1.03284
1.03234
1.03108
1.03046
1.02941
1.02905
1.02833
1.00258
1.1236
1.25122
1.25981
1.11927
1.03624
0.936664
0.906349
0.880945
0.905717
0.914458
0.945331
0.964528
0.989314
0.999185
1.00884
1.02034
1.02213
1.03018
1.032
1.03527
1.03688
1.03817
1.03785
1.03916
1.03825
1.03887
1.0379
1.03762
1.03689
1.03621
1.03523
1.03473
1.03351
1.03304
1.03199
1.03151
1.03047
1.03007
1.02957
0.894446
1.00385
1.14246
1.15728
1.08933
1.02371
0.966717
0.953045
0.939702
0.953061
0.954082
0.976068
0.979447
1.00339
1.00861
1.01593
1.02414
1.02589
1.0304
1.03356
1.03484
1.03678
1.03838
1.038
1.03936
1.03855
1.03916
1.03894
1.03834
1.0381
1.0377
1.03671
1.03633
1.03503
1.0346
1.03334
1.03288
1.03159
1.03107
1.03047
0.789498
0.871799
1.00291
1.03694
1.02326
0.989697
0.98165
0.98806
0.989047
1.00071
0.998351
1.00809
1.00339
1.02228
1.02358
1.02886
1.0309
1.03436
1.03351
1.03818
1.03752
1.03991
1.04028
1.04053
1.04117
1.04137
1.04107
1.04167
1.0407
1.04049
1.04018
1.03919
1.03903
1.03772
1.03725
1.03579
1.03521
1.03387
1.0333
1.03265
0.698895
0.750688
0.863118
0.922964
0.936288
0.943357
0.975284
1.0026
1.02845
1.04288
1.0387
1.04231
1.03553
1.04211
1.04239
1.04457
1.04222
1.04476
1.04205
1.04532
1.0437
1.04591
1.04435
1.04565
1.04411
1.04523
1.04358
1.04434
1.04337
1.04272
1.04243
1.04102
1.04087
1.03933
1.03885
1.03723
1.03661
1.03525
1.03471
1.03391
0.658589
0.663986
0.741869
0.812323
0.831707
0.868545
0.93763
0.994878
1.04663
1.06655
1.0765
1.07576
1.06683
1.06231
1.0636
1.05969
1.05718
1.05449
1.05226
1.05112
1.04921
1.05045
1.04777
1.04893
1.04605
1.047
1.04485
1.0451
1.04433
1.04362
1.04342
1.0423
1.04197
1.04073
1.04015
1.03892
1.03827
1.03723
1.03666
1.03612
0.680925
0.656965
0.662158
0.694296
0.708732
0.767555
0.870746
0.956924
1.0351
1.08193
1.10856
1.104
1.09693
1.08865
1.08418
1.07794
1.07288
1.0653
1.06335
1.05792
1.05568
1.05455
1.05199
1.05143
1.04971
1.04849
1.04744
1.0464
1.04577
1.04486
1.04426
1.04337
1.04256
1.04179
1.04083
1.0402
1.03928
1.03864
1.03772
1.03722
0.720651
0.683348
0.654668
0.62224
0.600366
0.661585
0.771938
0.87937
0.998964
1.08578
1.12086
1.13149
1.12934
1.11686
1.10699
1.1023
1.09186
1.085
1.07821
1.07211
1.06652
1.0636
1.06118
1.05779
1.05734
1.05389
1.05366
1.05125
1.05056
1.04904
1.0479
1.04708
1.04544
1.04523
1.04358
1.04353
1.04193
1.04172
1.04051
1.04033
0.7508
0.7195
0.679764
0.626059
0.57311
0.583172
0.645993
0.761232
0.926636
1.0504
1.12093
1.15121
1.15272
1.14597
1.13525
1.12759
1.11671
1.10834
1.09733
1.09171
1.08209
1.07804
1.07311
1.06887
1.06725
1.06345
1.06217
1.05941
1.05768
1.0556
1.05368
1.05227
1.05015
1.04929
1.04731
1.04672
1.04458
1.04401
1.04244
1.04205
0.779946
0.753137
0.722921
0.672615
0.614716
0.585204
0.559335
0.617911
0.791368
0.974514
1.09663
1.14506
1.16577
1.16743
1.15695
1.14712
1.13963
1.12716
1.11869
1.10955
1.10017
1.09264
1.08622
1.08037
1.07647
1.07332
1.07017
1.06768
1.06498
1.06281
1.06069
1.05877
1.057
1.05524
1.05352
1.05206
1.05006
1.04893
1.04736
1.04674
0.822728
0.789184
0.765159
0.737902
0.689155
0.646463
0.597805
0.542837
0.610011
0.820831
1.02318
1.1224
1.15962
1.1688
1.16897
1.16176
1.15324
1.14407
1.13552
1.12524
1.11902
1.10723
1.10123
1.09228
1.08708
1.0823
1.07859
1.07519
1.07259
1.06955
1.06731
1.06446
1.06265
1.06004
1.05829
1.05557
1.054
1.05157
1.05049
1.04919
0.879749
0.848725
0.821914
0.808018
0.78584
0.745972
0.692878
0.623685
0.53624
0.588161
0.845339
1.0475
1.13182
1.16127
1.16752
1.16787
1.16193
1.15671
1.14773
1.14173
1.13342
1.12597
1.11686
1.10889
1.10034
1.09428
1.08862
1.08443
1.08116
1.07748
1.07534
1.0722
1.07056
1.06752
1.0656
1.06304
1.0609
1.05884
1.05739
1.05595
0.941271
0.928208
0.914287
0.907665
0.908799
0.88474
0.81934
0.735823
0.629029
0.518
0.542421
0.858642
1.05196
1.13038
1.15613
1.1652
1.16602
1.16348
1.15985
1.15391
1.14878
1.14327
1.13409
1.12894
1.11805
1.11194
1.1028
1.09755
1.09144
1.08732
1.0828
1.07991
1.07607
1.07371
1.07022
1.06858
1.06514
1.06432
1.06142
1.06118
1.03595
1.02238
1.03145
1.05788
1.0645
1.00034
0.903554
0.797499
0.708503
0.600922
0.484217
0.487394
0.838518
1.03394
1.11424
1.14469
1.15779
1.16343
1.16517
1.16379
1.1619
1.15863
1.1556
1.1508
1.14724
1.13923
1.13271
1.123
1.11484
1.10861
1.10176
1.09746
1.09177
1.08865
1.08378
1.08135
1.07657
1.07482
1.0715
1.07064
1.15441
1.15891
1.18765
1.19394
1.13283
1.03722
0.917247
0.79633
0.707475
0.631462
0.543595
0.445683
0.386107
0.771586
0.979064
1.07094
1.11699
1.13663
1.15447
1.15802
1.16367
1.16338
1.16365
1.16137
1.15954
1.15721
1.15487
1.15133
1.14482
1.13734
1.12939
1.12171
1.11475
1.10924
1.10429
1.09937
1.09516
1.09134
1.0889
1.08723
1.31411
1.33154
1.31114
1.25686
1.14311
1.00909
0.873606
0.739913
0.619524
0.550801
0.528802
0.494063
0.393431
0.226075
0.631214
0.870308
0.98589
1.05002
1.09938
1.12229
1.14264
1.15026
1.15735
1.15899
1.15993
1.15991
1.15969
1.16004
1.15892
1.15859
1.15603
1.15311
1.14801
1.1417
1.13477
1.12856
1.12127
1.11593
1.11103
1.107
1.42658
1.39138
1.30904
1.17532
1.02453
0.840468
0.643414
0.499693
0.41092
0.381314
0.403016
0.418221
0.413675
0.354806
0.181063
0.433801
0.707103
0.850858
0.948956
1.0167
1.06512
1.09325
1.1167
1.12986
1.1405
1.14673
1.15138
1.15546
1.15778
1.16003
1.16185
1.16291
1.16339
1.16299
1.16145
1.15807
1.15419
1.14823
1.14262
1.13757
1.35253
1.20258
1.00842
0.808335
0.621621
0.441803
0.25518
0.0750876
0.114039
0.265007
0.371475
0.448754
0.473235
0.463862
0.425426
0.418729
0.116955
0.46752
0.631264
0.776149
0.874965
0.952402
1.00782
1.0519
1.0781
1.1041
1.11816
1.13184
1.14165
1.14893
1.1565
1.16113
1.16635
1.16819
1.17122
1.1719
1.17211
1.17187
1.17015
1.16747
0.731655
0.523989
0.489958
0.494441
0.505348
0.494693
0.471359
0.489992
0.506359
0.552054
0.577215
0.600151
0.604395
0.582969
0.584724
0.565502
0.501593
0.320326
0.27586
0.471751
0.609822
0.726704
0.813941
0.898367
0.949109
1.00166
1.03356
1.06306
1.0827
1.0961
1.10605
1.11077
1.12663
1.13387
1.14444
1.14957
1.15771
1.16204
1.17021
1.17759
0.218096
0.379993
0.40806
0.418113
0.446881
0.51058
0.551997
0.601175
0.635152
0.67003
0.693772
0.722429
0.735337
0.747221
0.762194
0.751444
0.741528
0.72159
0.705914
0.514023
0.242652
0.337332
0.494218
0.591187
0.705041
0.762214
0.840328
0.877895
0.944096
0.973693
1.02236
1.04238
1.07377
1.08926
1.11911
1.13058
1.15472
1.16258
1.17709
1.18185
0.289885
0.332912
0.390009
0.435014
0.490184
0.536541
0.581351
0.620745
0.653965
0.681156
0.702305
0.717465
0.72625
0.731404
0.725853
0.71402
0.702541
0.675881
0.663284
0.582647
0.477002
0.481827
0.500974
0.413386
0.036199
0.421017
0.534804
0.582395
0.637687
0.665123
0.704936
0.740927
0.782369
0.82314
0.862495
0.903425
0.942319
0.989266
1.03875
1.09408
1.0014
1.00062
0.993025
0.990856
0.99088
0.994081
1.00061
1.00883
1.0162
1.01865
1.01906
1.01837
1.01778
1.01719
1.01731
1.01725
1.01728
1.01718
1.01711
1.01695
1.01685
1.01665
1.01648
1.01628
1.01606
1.0158
1.01554
1.01527
1.01498
1.01468
1.01436
1.01403
1.01367
1.01328
1.01285
1.01241
1.01199
1.01155
1.01102
1.01057
1.02519
1.03023
1.03107
1.03149
1.03072
1.0284
1.02412
1.01957
1.01788
1.01757
1.01784
1.01831
1.01884
1.01911
1.01915
1.01914
1.01903
1.01884
1.01864
1.01847
1.0183
1.01811
1.01784
1.01754
1.01724
1.01693
1.01661
1.01629
1.01595
1.01556
1.01516
1.01481
1.01442
1.01397
1.01348
1.01294
1.0124
1.01194
1.01154
1.01124
1.01011
1.0107
1.01153
1.01243
1.01418
1.01482
1.01599
1.0164
1.01683
1.01768
1.01828
1.01874
1.01901
1.01912
1.01917
1.01919
1.01914
1.019
1.01884
1.01866
1.01848
1.01832
1.01812
1.0178
1.01744
1.0171
1.01684
1.01656
1.01627
1.01591
1.01555
1.01518
1.01481
1.01442
1.01392
1.01342
1.01293
1.0126
1.01231
1.01206
1.02644
1.02781
1.02842
1.02837
1.02734
1.02545
1.02333
1.02112
1.01991
1.01961
1.01968
1.0198
1.01983
1.01981
1.01974
1.01962
1.01945
1.01928
1.01914
1.01897
1.01879
1.01857
1.01829
1.01805
1.01776
1.01743
1.01711
1.01679
1.01646
1.01613
1.01577
1.0154
1.01502
1.01461
1.01407
1.01348
1.01309
1.0128
1.01249
1.01223
1.01472
1.01624
1.01606
1.01649
1.01675
1.0171
1.01787
1.01809
1.01855
1.01882
1.01922
1.01939
1.0194
1.01945
1.01953
1.01958
1.0195
1.01924
1.01913
1.01902
1.01895
1.01871
1.01844
1.01812
1.01794
1.01758
1.01732
1.01701
1.01681
1.01649
1.0161
1.01577
1.01539
1.01501
1.01447
1.01398
1.01361
1.01338
1.01304
1.01277
1.02444
1.02509
1.02521
1.0252
1.02452
1.02364
1.02267
1.02185
1.02122
1.02089
1.02083
1.02072
1.02053
1.02028
1.0202
1.0201
1.01999
1.01968
1.01944
1.01925
1.0191
1.01891
1.01864
1.01838
1.01807
1.01772
1.01741
1.01707
1.01689
1.01653
1.01611
1.01573
1.01535
1.01494
1.01441
1.01397
1.0137
1.01338
1.01306
1.01275
1.01774
1.01834
1.01822
1.01828
1.0185
1.01888
1.01927
1.01945
1.01972
1.01987
1.02006
1.02014
1.02008
1.02012
1.02014
1.02011
1.0199
1.01974
1.01963
1.01951
1.01933
1.01914
1.01889
1.01862
1.01833
1.01804
1.01775
1.01756
1.01729
1.01705
1.01658
1.01612
1.01577
1.01535
1.01485
1.01451
1.01421
1.0139
1.01351
1.01324
1.02274
1.02326
1.02328
1.02326
1.02292
1.02276
1.02237
1.02217
1.02185
1.02177
1.02144
1.02125
1.02094
1.02094
1.02087
1.02077
1.02035
1.02012
1.01997
1.01984
1.0196
1.01932
1.01908
1.01875
1.01838
1.01805
1.01779
1.01754
1.01734
1.01701
1.01663
1.01614
1.01578
1.01535
1.01485
1.01453
1.01419
1.01387
1.01347
1.0131
1.01929
1.01962
1.01959
1.01996
1.0201
1.02036
1.02047
1.02067
1.0208
1.021
1.02098
1.02093
1.02084
1.02096
1.02094
1.02083
1.02065
1.02047
1.02031
1.02016
1.01993
1.01974
1.01951
1.0193
1.0189
1.01859
1.01833
1.01815
1.01788
1.01753
1.01709
1.01666
1.01626
1.01583
1.01545
1.01509
1.01474
1.01436
1.0139
1.01356
1.02202
1.02257
1.02253
1.02284
1.02267
1.02262
1.02241
1.02239
1.0223
1.02227
1.02199
1.02184
1.02168
1.02173
1.02153
1.0213
1.02099
1.02092
1.02066
1.02038
1.02013
1.01988
1.01958
1.01933
1.01902
1.01861
1.0184
1.0182
1.01795
1.01756
1.01714
1.01671
1.01631
1.01586
1.01546
1.01507
1.01472
1.0143
1.01386
1.01358
1.02066
1.02106
1.02105
1.02134
1.02135
1.02158
1.02165
1.02189
1.02197
1.02208
1.02194
1.0219
1.02194
1.02203
1.02191
1.02175
1.02153
1.02136
1.02118
1.021
1.02079
1.02059
1.02031
1.02
1.01962
1.01931
1.01903
1.01885
1.01858
1.01815
1.01776
1.01738
1.01695
1.01654
1.01607
1.0157
1.01531
1.01489
1.01456
1.01428
1.02239
1.0229
1.02286
1.02313
1.02295
1.02305
1.02297
1.0231
1.02296
1.02286
1.02263
1.02261
1.02253
1.02254
1.02233
1.02222
1.02202
1.02175
1.0214
1.02124
1.02096
1.02067
1.02042
1.02014
1.01972
1.01944
1.01916
1.01896
1.01864
1.0183
1.01789
1.01753
1.01705
1.01658
1.01612
1.01572
1.0153
1.01495
1.01462
1.0144
1.02202
1.02248
1.02244
1.02274
1.02277
1.02302
1.02308
1.02327
1.02321
1.02317
1.02308
1.02317
1.02313
1.02307
1.02293
1.02285
1.02264
1.02245
1.02225
1.02215
1.02188
1.02151
1.02119
1.02094
1.02058
1.0202
1.01997
1.01975
1.01941
1.01903
1.01871
1.01834
1.01785
1.01735
1.01684
1.01645
1.01608
1.01573
1.01542
1.01518
1.02324
1.02363
1.02365
1.02386
1.0238
1.02405
1.02397
1.02406
1.02383
1.02387
1.02377
1.02385
1.02371
1.02364
1.02343
1.02332
1.02296
1.02273
1.02248
1.02237
1.022
1.0217
1.02135
1.02114
1.02071
1.02047
1.02013
1.02001
1.01955
1.01924
1.01883
1.01851
1.01795
1.01749
1.01691
1.01655
1.01616
1.01587
1.01548
1.01524
1.02344
1.02395
1.02396
1.02428
1.02431
1.02459
1.02457
1.02467
1.02448
1.0246
1.02456
1.02465
1.02452
1.02449
1.02439
1.0243
1.02398
1.02375
1.02352
1.02335
1.02297
1.02266
1.02233
1.02206
1.02164
1.02132
1.02102
1.02083
1.02045
1.02015
1.01977
1.01936
1.01881
1.01832
1.01778
1.0174
1.01704
1.01673
1.01636
1.01606
1.02425
1.0249
1.02483
1.02518
1.02511
1.02541
1.02521
1.02531
1.02513
1.02528
1.0252
1.02522
1.02495
1.02495
1.02476
1.02469
1.02429
1.0241
1.02382
1.02367
1.02321
1.02291
1.02258
1.02238
1.02192
1.02163
1.02128
1.0211
1.02065
1.02035
1.0199
1.01954
1.01893
1.01846
1.01787
1.01752
1.0171
1.0168
1.01639
1.0161
1.0253
1.02579
1.02579
1.02614
1.02612
1.02639
1.02619
1.02631
1.02619
1.02644
1.02635
1.02636
1.02606
1.02612
1.02597
1.02588
1.02545
1.02523
1.02498
1.0248
1.02437
1.02401
1.02365
1.02343
1.02303
1.02271
1.02232
1.0221
1.0217
1.02141
1.02092
1.02053
1.01989
1.01942
1.01887
1.01852
1.01808
1.01776
1.01733
1.01703
1.02594
1.02659
1.02653
1.02691
1.02678
1.027
1.02675
1.02695
1.02682
1.02707
1.02691
1.02685
1.0266
1.02661
1.02652
1.02636
1.02594
1.02566
1.02538
1.02522
1.02476
1.0244
1.02398
1.02381
1.0234
1.02309
1.02264
1.02235
1.02192
1.02162
1.02114
1.02072
1.02007
1.01956
1.019
1.01863
1.01814
1.01781
1.01734
1.01703
1.02726
1.02788
1.02778
1.02817
1.02804
1.02828
1.02809
1.02836
1.02822
1.02847
1.02822
1.02831
1.02801
1.02809
1.02786
1.02779
1.02731
1.02714
1.02682
1.02664
1.02608
1.02578
1.02535
1.02515
1.02471
1.0245
1.02398
1.02367
1.02317
1.02289
1.02231
1.02192
1.02127
1.02076
1.02014
1.01978
1.01928
1.01896
1.01845
1.01815
1.02796
1.02855
1.02846
1.02883
1.02871
1.02898
1.02882
1.02909
1.02889
1.02913
1.02889
1.02902
1.02871
1.02876
1.02842
1.02829
1.02788
1.0278
1.02739
1.02709
1.02658
1.02633
1.02583
1.02559
1.02519
1.025
1.02437
1.02402
1.0235
1.02321
1.02262
1.02217
1.02146
1.02093
1.02029
1.01988
1.01936
1.01901
1.01848
1.01813
1.02937
1.02999
1.03001
1.03041
1.03029
1.03064
1.03051
1.03083
1.03064
1.03088
1.03061
1.03082
1.03053
1.03057
1.03011
1.03008
1.02971
1.02965
1.02907
1.02887
1.02833
1.02805
1.0275
1.02732
1.02696
1.02673
1.02608
1.02571
1.02513
1.02481
1.02419
1.02375
1.02297
1.02243
1.02173
1.0213
1.02074
1.02039
1.01984
1.01945
1.03021
1.03095
1.03096
1.03135
1.03118
1.03153
1.0314
1.03171
1.03144
1.03164
1.03142
1.03168
1.0313
1.03128
1.03082
1.03085
1.03045
1.03037
1.02981
1.02964
1.02894
1.02868
1.02811
1.02797
1.02752
1.02729
1.02665
1.02627
1.02564
1.02528
1.02458
1.02408
1.02325
1.0227
1.02192
1.02149
1.0209
1.0205
1.0199
1.01951
1.03233
1.03311
1.03304
1.03344
1.03328
1.03373
1.03355
1.03384
1.03358
1.03389
1.03373
1.03398
1.03354
1.03354
1.03304
1.03309
1.03266
1.03269
1.03209
1.03184
1.0311
1.03089
1.03028
1.03018
1.02963
1.02946
1.02876
1.02836
1.02772
1.02735
1.02658
1.02609
1.02522
1.02464
1.02382
1.02342
1.02274
1.02234
1.0217
1.02133
1.03348
1.03421
1.03413
1.0345
1.03437
1.03476
1.03449
1.03483
1.03459
1.03493
1.03475
1.03495
1.0345
1.03449
1.03399
1.03409
1.03367
1.03371
1.03296
1.03274
1.03193
1.03174
1.03111
1.03102
1.03042
1.03025
1.02945
1.0291
1.02837
1.02797
1.02713
1.02657
1.02562
1.02501
1.02415
1.0237
1.02295
1.02253
1.02183
1.02151
1.03593
1.03662
1.0366
1.03708
1.03697
1.03739
1.03721
1.03764
1.03742
1.03782
1.03759
1.0378
1.03735
1.03741
1.03695
1.03708
1.03661
1.03661
1.03584
1.03558
1.03474
1.03459
1.03393
1.03385
1.03317
1.03297
1.03215
1.03185
1.03102
1.03059
1.02965
1.02909
1.02803
1.02746
1.02656
1.02608
1.02528
1.02486
1.02416
1.0238
1.03691
1.03772
1.03773
1.03821
1.03816
1.0386
1.03851
1.03896
1.03879
1.03917
1.03884
1.03906
1.03866
1.0388
1.03834
1.0385
1.03795
1.03791
1.03705
1.03681
1.03594
1.03581
1.0351
1.03502
1.03422
1.03402
1.0331
1.03279
1.03182
1.0314
1.0303
1.0297
1.02856
1.028
1.02698
1.02649
1.0256
1.02516
1.02436
1.02395
1.04009
1.04106
1.04107
1.0417
1.04168
1.04226
1.04226
1.04275
1.0426
1.04293
1.0426
1.0429
1.04252
1.04276
1.04235
1.04247
1.04189
1.04172
1.04085
1.04058
1.03972
1.03963
1.03887
1.03879
1.03791
1.03769
1.0367
1.03641
1.03537
1.03494
1.03372
1.03314
1.03187
1.0313
1.03015
1.02966
1.02867
1.0282
1.0273
1.02688
1.04152
1.04277
1.04273
1.04352
1.04346
1.04413
1.04408
1.04457
1.04436
1.04469
1.04438
1.04472
1.04442
1.04468
1.04435
1.04437
1.04373
1.04345
1.04259
1.04224
1.04149
1.04133
1.04057
1.04036
1.03936
1.03906
1.03794
1.03762
1.03643
1.03598
1.03458
1.03399
1.03256
1.03195
1.03072
1.03021
1.02915
1.02866
1.02761
1.02721
1.04667
1.04779
1.04778
1.04871
1.04859
1.04942
1.04923
1.04983
1.04955
1.04997
1.04969
1.05008
1.04987
1.05012
1.0498
1.04966
1.04903
1.04858
1.0479
1.04749
1.04696
1.04668
1.04608
1.04563
1.04476
1.04422
1.04317
1.04268
1.04144
1.04089
1.03941
1.03875
1.03723
1.03657
1.03526
1.03472
1.03352
1.03298
1.03186
1.03141
1.04912
1.05017
1.05024
1.05121
1.05109
1.052
1.0518
1.05251
1.05222
1.0528
1.05257
1.05314
1.05292
1.05326
1.05272
1.05257
1.05174
1.05138
1.05059
1.05033
1.04964
1.04933
1.04852
1.04802
1.04712
1.0465
1.04552
1.04485
1.04366
1.04285
1.04133
1.04043
1.0388
1.038
1.0365
1.03578
1.03434
1.0336
1.03232
1.03178
1.05557
1.05686
1.057
1.05804
1.05799
1.05897
1.05867
1.05951
1.0591
1.05987
1.05953
1.06024
1.05982
1.0601
1.05933
1.05913
1.0582
1.05795
1.05711
1.05692
1.05617
1.05585
1.05496
1.05438
1.05326
1.05253
1.05126
1.05047
1.04902
1.0481
1.04643
1.04548
1.04368
1.04284
1.04121
1.04048
1.03901
1.03833
1.03709
1.0366
1.06135
1.06279
1.06318
1.06439
1.06457
1.06559
1.0655
1.06651
1.06623
1.06727
1.06702
1.06779
1.06743
1.06758
1.06696
1.06668
1.06605
1.0657
1.06519
1.0647
1.06407
1.0633
1.06251
1.06146
1.06053
1.05931
1.05821
1.05689
1.0554
1.05394
1.05208
1.05059
1.04864
1.04732
1.0455
1.04431
1.04252
1.04151
1.03997
1.03927
1.06942
1.07244
1.07232
1.07399
1.07381
1.07498
1.07483
1.07559
1.07541
1.07608
1.07568
1.07619
1.07531
1.07553
1.07423
1.07415
1.07281
1.07257
1.07134
1.07096
1.06973
1.0691
1.06764
1.06678
1.06532
1.06435
1.06299
1.06189
1.06042
1.05903
1.05731
1.05578
1.05396
1.0525
1.05082
1.04952
1.04783
1.04659
1.04501
1.04401
1.08469
1.08827
1.08809
1.08967
1.08931
1.09068
1.09027
1.09153
1.0911
1.09203
1.09151
1.09209
1.09138
1.09173
1.0909
1.09113
1.09031
1.09036
1.08937
1.089
1.08776
1.08709
1.08574
1.08477
1.08323
1.0819
1.08008
1.07833
1.07607
1.07386
1.07121
1.06868
1.066
1.0635
1.06105
1.05867
1.05646
1.05427
1.05249
1.0508
1.10454
1.10562
1.10496
1.10593
1.10508
1.10618
1.10497
1.10616
1.10469
1.10577
1.10418
1.10492
1.10308
1.10337
1.10131
1.10137
1.09915
1.09896
1.09654
1.09612
1.09339
1.09264
1.08961
1.08874
1.0857
1.08495
1.08202
1.08127
1.07831
1.07733
1.07426
1.07306
1.06999
1.0687
1.06563
1.06419
1.06116
1.05969
1.05712
1.05603
1.13721
1.13795
1.13691
1.1378
1.13644
1.13743
1.13605
1.13705
1.13557
1.13667
1.13511
1.13637
1.13475
1.13609
1.1344
1.13571
1.13387
1.13492
1.13291
1.13357
1.1315
1.13185
1.12972
1.12963
1.12703
1.12627
1.12301
1.12144
1.11747
1.11505
1.11042
1.10727
1.10211
1.09846
1.09295
1.08917
1.08377
1.08047
1.07593
1.07356
1.16686
1.16267
1.16109
1.15964
1.15874
1.15796
1.15717
1.15657
1.15569
1.15505
1.15388
1.15306
1.15162
1.15055
1.14884
1.14758
1.14571
1.14441
1.14225
1.14068
1.13773
1.13536
1.13141
1.12833
1.12398
1.12095
1.11701
1.11425
1.11081
1.1082
1.10503
1.10231
1.09912
1.09586
1.09221
1.08832
1.08463
1.08117
1.0788
1.0775
1.18483
1.19283
1.19907
1.20565
1.2093
1.21517
1.21765
1.22299
1.22496
1.22977
1.23139
1.23566
1.23679
1.24047
1.24089
1.24373
1.24326
1.24522
1.24404
1.24548
1.24402
1.2453
1.24361
1.24432
1.24166
1.24086
1.23652
1.23404
1.22788
1.22353
1.21561
1.20971
1.20064
1.19411
1.18493
1.17858
1.16956
1.16252
1.15198
1.14186
1.18878
1.18981
1.19563
1.19959
1.20405
1.21093
1.2161
1.22302
1.22851
1.23416
1.23934
1.24342
1.24739
1.25006
1.25276
1.25466
1.25676
1.25866
1.26004
1.26077
1.25967
1.25767
1.25348
1.24902
1.24246
1.23667
1.22872
1.22299
1.21464
1.2088
1.2006
1.19531
1.18811
1.18357
1.17595
1.16882
1.15567
1.14218
1.12527
1.11509
1.1415
1.17626
1.22303
1.25997
1.30235
1.3366
1.37579
1.40707
1.4428
1.47075
1.50281
1.52704
1.55508
1.57495
1.598
1.61234
1.6292
1.63763
1.64878
1.65285
1.66001
1.66098
1.66465
1.66264
1.66261
1.65709
1.65245
1.64212
1.6323
1.61836
1.60361
1.58672
1.56797
1.54886
1.52638
1.50432
1.47783
1.45364
1.42741
1.40331
1.01064
1.0117
1.01163
1.01158
1.01169
1.01198
1.01191
1.0121
1.01219
1.01235
1.01197
1.01197
1.01219
1.01257
1.01258
1.0123
1.012
1.01143
1.01072
1.01044
1.00973
1.00899
1.00792
1.00662
1.005
1.00307
1.00057
0.998157
0.99549
0.992709
0.989355
0.986439
0.98347
0.978829
0.979083
0.975154
0.976079
0.973591
0.974649
0.972431
1.01116
1.01182
1.01164
1.01163
1.01183
1.01207
1.01196
1.01219
1.01232
1.01255
1.0121
1.01224
1.01262
1.01278
1.01276
1.01249
1.01205
1.01148
1.01092
1.01052
1.00959
1.00883
1.00772
1.00638
1.00471
1.00272
1.00026
0.997555
0.995005
0.992101
0.988145
0.985894
0.98219
0.978082
0.978525
0.974262
0.975463
0.972741
0.973989
0.972282
1.01183
1.01223
1.01186
1.01209
1.01214
1.01227
1.01226
1.01255
1.0127
1.01278
1.01245
1.0126
1.01259
1.01256
1.01242
1.01209
1.01156
1.01095
1.01046
1.00987
1.00872
1.00779
1.00654
1.00511
1.00336
1.00133
0.998928
0.996437
0.993433
0.990139
0.987355
0.984225
0.981496
0.978033
0.977175
0.974243
0.974238
0.972536
0.972804
0.97151
1.01198
1.01215
1.01184
1.01214
1.01207
1.01212
1.01222
1.01255
1.01263
1.01262
1.01244
1.01258
1.01229
1.01203
1.01178
1.0115
1.01104
1.01051
1.01012
1.00948
1.00835
1.00728
1.00596
1.00442
1.00253
1.00041
0.997985
0.994853
0.992022
0.988966
0.985501
0.983431
0.980249
0.977917
0.976358
0.974171
0.973554
0.972259
0.97214
0.971318
1.01247
1.01251
1.01225
1.01263
1.01236
1.01249
1.0126
1.01292
1.01297
1.013
1.01285
1.01278
1.01223
1.01191
1.01159
1.01116
1.0107
1.01025
1.00967
1.00889
1.00765
1.00641
1.00493
1.00328
1.00127
0.999056
0.996492
0.993657
0.990574
0.987215
0.98475
0.981728
0.979419
0.977051
0.974944
0.973493
0.972354
0.971502
0.971097
0.970602
1.01246
1.01245
1.0123
1.0126
1.01235
1.01261
1.01271
1.01293
1.01287
1.01294
1.01273
1.01257
1.01201
1.01172
1.01124
1.01077
1.01049
1.01004
1.00953
1.00863
1.00748
1.00623
1.0047
1.00298
1.00086
0.998455
0.99586
0.992484
0.98958
0.986572
0.983249
0.981082
0.978241
0.97639
0.974187
0.972844
0.971687
0.970823
0.970365
0.970261
1.01292
1.01289
1.01282
1.01314
1.01292
1.01326
1.01324
1.01339
1.01326
1.01326
1.0131
1.01289
1.01234
1.01202
1.01145
1.01091
1.01055
1.0101
1.00943
1.00827
1.00709
1.00565
1.00398
1.00209
0.999895
0.997506
0.994555
0.99168
0.988641
0.985169
0.982638
0.979501
0.977189
0.974903
0.972843
0.971555
0.970439
0.969626
0.969213
0.969387
1.01285
1.0129
1.01296
1.01315
1.01304
1.01341
1.01325
1.01331
1.01315
1.01315
1.01291
1.0127
1.01226
1.01198
1.01141
1.01098
1.01069
1.0101
1.00945
1.00831
1.00734
1.00583
1.00413
1.0022
1.00003
0.997417
0.994641
0.991275
0.988062
0.984953
0.9814
0.978976
0.975975
0.974161
0.972098
0.97075
0.969658
0.968852
0.968353
0.968871
1.01337
1.01354
1.01358
1.01369
1.01372
1.01403
1.01378
1.01391
1.01365
1.01364
1.01343
1.01319
1.01292
1.01271
1.01206
1.0117
1.01118
1.0105
1.00979
1.00854
1.00752
1.00579
1.00411
1.00197
0.999661
0.997067
0.993842
0.990728
0.987502
0.983738
0.980885
0.977396
0.974979
0.972672
0.970669
0.969293
0.968313
0.967584
0.96709
0.967863
1.01342
1.01362
1.01366
1.0138
1.01383
1.01396
1.01369
1.01384
1.01359
1.01354
1.01318
1.01306
1.01296
1.01268
1.01219
1.0119
1.01138
1.01066
1.00993
1.00888
1.00798
1.00627
1.00464
1.00254
1.00023
0.997265
0.994355
0.990792
0.987101
0.983759
0.979748
0.976936
0.97383
0.971881
0.96975
0.968331
0.967351
0.966674
0.96614
0.967217
1.01411
1.0143
1.01436
1.01449
1.01447
1.01451
1.01433
1.01454
1.01422
1.01423
1.01402
1.01398
1.01373
1.01342
1.013
1.0129
1.01217
1.01142
1.01071
1.00957
1.00834
1.00654
1.0048
1.00242
0.999769
0.996895
0.99344
0.989942
0.986556
0.982465
0.979194
0.975272
0.972852
0.970195
0.968042
0.966696
0.965821
0.965303
0.96486
0.966111
1.01421
1.01439
1.01442
1.0145
1.01442
1.0144
1.01433
1.01447
1.01409
1.0141
1.0139
1.01379
1.01352
1.01319
1.01309
1.01292
1.01222
1.01162
1.01083
1.00959
1.00852
1.00677
1.00495
1.00259
1.00006
0.996748
0.9936
0.989983
0.985836
0.982208
0.977768
0.974685
0.971319
0.969194
0.966879
0.965534
0.964652
0.964191
0.963751
0.96531
1.01499
1.01513
1.01511
1.01518
1.01512
1.0152
1.01518
1.01518
1.01487
1.01498
1.01471
1.01468
1.01436
1.01418
1.01405
1.01379
1.01312
1.01241
1.01148
1.01022
1.00883
1.0069
1.00486
1.00219
0.999127
0.995983
0.992308
0.98829
0.984772
0.980321
0.976935
0.972686
0.970232
0.967145
0.964931
0.963721
0.962965
0.962695
0.962386
0.964113
1.01502
1.01516
1.01509
1.01514
1.01508
1.0152
1.01509
1.01497
1.01473
1.01487
1.01461
1.01458
1.01415
1.01401
1.01385
1.01354
1.01277
1.01215
1.01116
1.00989
1.00857
1.00665
1.0045
1.00183
0.999071
0.995464
0.991743
0.988063
0.983456
0.979777
0.974969
0.971775
0.968056
0.965901
0.96355
0.962317
0.961595
0.961409
0.961049
0.963116
1.01582
1.01598
1.01589
1.016
1.01599
1.01607
1.0159
1.01582
1.01576
1.01591
1.01557
1.01561
1.01527
1.01528
1.01501
1.01438
1.0136
1.01282
1.01168
1.01045
1.00889
1.00666
1.00444
1.00158
0.99802
0.994485
0.990565
0.985985
0.982252
0.977374
0.973825
0.969338
0.96685
0.963535
0.961402
0.960349
0.959795
0.959825
0.959578
0.96183
1.01581
1.01596
1.01583
1.01595
1.01588
1.01591
1.01569
1.01573
1.01582
1.01579
1.01545
1.0154
1.01514
1.01516
1.01458
1.01395
1.01307
1.01228
1.0112
1.00994
1.00824
1.00617
1.00387
1.00076
0.997575
0.993866
0.989494
0.985634
0.980531
0.976696
0.9715
0.968132
0.964117
0.962006
0.959735
0.958542
0.958114
0.958274
0.957951
0.960568
1.01671
1.0169
1.01679
1.01695
1.0168
1.01685
1.01676
1.01699
1.01691
1.01677
1.01661
1.01669
1.01641
1.01626
1.01563
1.01499
1.01422
1.01333
1.01205
1.01054
1.00879
1.00642
1.00388
1.00072
0.996797
0.992781
0.9886
0.983438
0.979358
0.973882
0.970137
0.965286
0.962728
0.959294
0.957266
0.956505
0.956064
0.956506
0.956351
0.959165
1.01669
1.01686
1.01668
1.01681
1.0166
1.01676
1.01684
1.01698
1.01674
1.01656
1.01638
1.01639
1.01604
1.01592
1.01512
1.01441
1.01345
1.01257
1.01131
1.0099
1.00788
1.00552
1.00302
0.999444
0.995673
0.991771
0.986804
0.982693
0.977062
0.972963
0.967291
0.963726
0.959425
0.957354
0.955184
0.953927
0.953934
0.954517
0.95432
0.957517
1.01778
1.01796
1.01777
1.01795
1.01788
1.01827
1.0182
1.01817
1.0179
1.01789
1.01781
1.01777
1.01745
1.01714
1.01635
1.01584
1.01493
1.01386
1.01239
1.01061
1.00847
1.00595
1.00306
0.999302
0.995145
0.990537
0.985908
0.980129
0.97564
0.969571
0.965689
0.960307
0.957715
0.954282
0.952266
0.951805
0.951551
0.952477
0.952558
0.956006
1.01773
1.01788
1.0177
1.01797
1.018
1.01832
1.01804
1.01798
1.01765
1.01766
1.01767
1.01755
1.01709
1.01657
1.01569
1.01501
1.01398
1.01293
1.01133
1.00954
1.00732
1.00469
1.00167
0.997619
0.99335
0.989078
0.983427
0.978982
0.972738
0.968267
0.961934
0.95826
0.953653
0.951559
0.949561
0.948435
0.94882
0.949924
0.950016
0.953848
1.01905
1.0193
1.01925
1.01967
1.01962
1.01975
1.0194
1.01951
1.01936
1.0196
1.01941
1.0191
1.01866
1.01816
1.01746
1.01685
1.01568
1.01442
1.01262
1.01059
1.00811
1.00511
1.00171
0.997242
0.992898
0.987471
0.982314
0.975838
0.970873
0.964131
0.960015
0.954072
0.951472
0.948027
0.946054
0.945932
0.946059
0.947594
0.948069
0.952256
1.01911
1.01939
1.01935
1.01971
1.01948
1.01957
1.01919
1.01935
1.01923
1.0195
1.01902
1.01867
1.01804
1.01739
1.01657
1.01577
1.01456
1.01328
1.01134
1.00924
1.00656
1.00362
0.999738
0.99523
0.99031
0.985472
0.97911
0.974167
0.967085
0.96219
0.955185
0.951358
0.946439
0.944203
0.942517
0.941658
0.942545
0.944329
0.94486
0.949579
1.02095
1.0213
1.02124
1.02143
1.02116
1.02136
1.02123
1.02163
1.02147
1.0214
1.02083
1.02069
1.02011
1.0196
1.01883
1.01784
1.01648
1.01498
1.01285
1.01048
1.00769
1.00398
0.999725
0.994615
0.989832
0.983381
0.977696
0.970371
0.964775
0.95732
0.952656
0.946206
0.943569
0.940144
0.938265
0.938615
0.93929
0.941599
0.942621
0.947904
1.02109
1.02139
1.02119
1.02135
1.02104
1.02128
1.02114
1.02153
1.02108
1.02094
1.02024
1.01998
1.01916
1.01859
1.01765
1.01663
1.0152
1.01357
1.01123
1.00905
1.0056
1.00185
0.997131
0.992283
0.98635
0.980689
0.973353
0.967699
0.959551
0.953973
0.946492
0.942494
0.93721
0.934873
0.933557
0.933116
0.934596
0.937271
0.938403
0.944419
1.02334
1.02357
1.02335
1.02363
1.02354
1.02398
1.02384
1.0239
1.02336
1.02335
1.02283
1.02266
1.02185
1.02132
1.02012
1.01899
1.01744
1.01545
1.01313
1.01015
1.00639
1.00201
0.997137
0.991129
0.985476
0.977877
0.971429
0.962865
0.956508
0.948244
0.942976
0.936015
0.933251
0.930056
0.928294
0.929184
0.930586
0.933941
0.935697
0.942471
1.02344
1.02362
1.02337
1.02365
1.02352
1.02387
1.02346
1.02343
1.02278
1.02266
1.02192
1.02162
1.02064
1.02005
1.01877
1.01767
1.01575
1.01375
1.01097
1.00788
1.00362
0.999255
0.993345
0.987975
0.980586
0.973881
0.965345
0.958724
0.949376
0.943033
0.934885
0.930688
0.924906
0.922562
0.921801
0.921895
0.92417
0.928045
0.929987
0.937609
1.0263
1.02662
1.02653
1.02697
1.02678
1.0269
1.02643
1.02653
1.02606
1.02609
1.02535
1.02499
1.02388
1.02309
1.02154
1.0201
1.01798
1.01551
1.01256
1.00864
1.00422
0.998596
0.992952
0.985642
0.978676
0.969901
0.962399
0.952432
0.945021
0.935773
0.929669
0.922337
0.919336
0.916523
0.915117
0.916824
0.919155
0.923961
0.926728
0.935203
1.02653
1.02682
1.02656
1.02686
1.02645
1.02649
1.02588
1.02586
1.02516
1.02502
1.02408
1.02365
1.02248
1.02166
1.01991
1.01844
1.01583
1.01336
1.00962
1.00554
1.00007
0.994774
0.987587
0.980975
0.971805
0.964047
0.953882
0.945804
0.935191
0.927768
0.91891
0.914328
0.908096
0.906063
0.905977
0.90686
0.910194
0.915822
0.91893
0.928235
1.03067
1.03106
1.03067
1.03093
1.03046
1.03071
1.03024
1.03033
1.02958
1.0293
1.02826
1.02776
1.02628
1.02527
1.02314
1.02121
1.01818
1.01492
1.01075
1.00552
1.00025
0.993191
0.986181
0.977091
0.968735
0.958127
0.949158
0.937736
0.928661
0.918342
0.911115
0.903582
0.900193
0.898042
0.897236
0.900118
0.903756
0.910689
0.915018
0.925091
1.031
1.03106
1.03058
1.03067
1.03002
1.03013
1.02939
1.02934
1.02835
1.02804
1.02701
1.02628
1.02481
1.0234
1.02106
1.01886
1.01522
1.01193
1.00658
1.00175
0.994557
0.987798
0.978485
0.970143
0.9588
0.949763
0.937116
0.926753
0.914881
0.905856
0.896325
0.89071
0.884948
0.883027
0.883978
0.886315
0.890831
0.899029
0.903955
0.914605
1.03579
1.03622
1.03586
1.03621
1.0357
1.03593
1.0351
1.03517
1.03404
1.03391
1.03216
1.03144
1.02908
1.0274
1.02445
1.02143
1.01752
1.01279
1.00739
1.00049
0.993357
0.983828
0.975206
0.96368
0.9535
0.940296
0.92883
0.915522
0.904354
0.892945
0.884189
0.876707
0.873185
0.871829
0.872563
0.877073
0.882495
0.892548
0.899298
0.912097
1.03825
1.03812
1.03745
1.03728
1.03649
1.03612
1.03524
1.03461
1.03349
1.0325
1.03084
1.02946
1.02686
1.02498
1.02115
1.01833
1.01281
1.00842
1.00075
0.994325
0.984187
0.975715
0.963261
0.952758
0.938258
0.926132
0.910447
0.89768
0.883819
0.872571
0.862346
0.855894
0.851171
0.849744
0.852498
0.857104
0.86342
0.875357
0.883276
0.898099
1.04289
1.04325
1.04264
1.04315
1.04226
1.04266
1.04142
1.04145
1.03976
1.03902
1.03683
1.03501
1.03215
1.02894
1.02504
1.02008
1.01457
1.00741
0.999719
0.989944
0.980188
0.967546
0.956105
0.940511
0.927251
0.910499
0.895613
0.87999
0.865961
0.853397
0.843464
0.836467
0.833356
0.833686
0.837542
0.844882
0.852949
0.867363
0.878034
0.89506
1.04981
1.04911
1.04857
1.04796
1.04701
1.04624
1.04455
1.04351
1.0408
1.03928
1.03547
1.0334
1.02842
1.02541
1.01898
1.01442
1.0059
0.999153
0.987875
0.978809
0.964129
0.952784
0.935026
0.921044
0.901583
0.884952
0.86594
0.849316
0.83279
0.819348
0.808635
0.802328
0.799553
0.800576
0.805966
0.81523
0.824233
0.841334
0.853891
0.873957
1.05446
1.05455
1.05384
1.05359
1.05264
1.05167
1.05019
1.04832
1.0461
1.04333
1.04029
1.03657
1.03243
1.02716
1.02127
1.0135
1.00511
0.993851
0.982578
0.967479
0.953414
0.935195
0.917902
0.897586
0.878103
0.856981
0.837323
0.818507
0.801251
0.788313
0.778477
0.773748
0.773127
0.777322
0.786519
0.799778
0.812007
0.831902
0.849637
0.871495
1.07055
1.06987
1.06755
1.06687
1.06367
1.06225
1.05797
1.05581
1.05046
1.04757
1.04103
1.03714
1.02875
1.02303
1.01174
1.00333
0.988344
0.976656
0.95788
0.942909
0.92094
0.90226
0.877903
0.856145
0.830326
0.807597
0.783353
0.762129
0.743625
0.729977
0.720198
0.716858
0.718125
0.72535
0.737552
0.754976
0.768462
0.792042
0.812117
0.846234
1.07771
1.07593
1.07479
1.07169
1.0687
1.0645
1.06104
1.05626
1.05225
1.04651
1.04125
1.03353
1.02571
1.01479
1.00338
0.988592
0.973013
0.954198
0.934311
0.911719
0.887409
0.861481
0.833572
0.805726
0.776692
0.750442
0.724334
0.703815
0.686409
0.675573
0.669998
0.67178
0.680373
0.694189
0.712777
0.739584
0.760622
0.78792
0.812294
0.837061
1.12851
1.12097
1.10878
1.10232
1.09261
1.08876
1.08067
1.07737
1.06812
1.06233
1.04948
1.03945
1.0221
1.00718
0.98494
0.964775
0.937566
0.912108
0.879951
0.848999
0.813088
0.778899
0.741601
0.706811
0.671951
0.640081
0.611964
0.588274
0.572338
0.559443
0.562479
0.564736
0.58118
0.600767
0.623425
0.657615
0.693549
0.724985
0.775918
0.805477
1.11157
1.10687
1.10988
1.10941
1.11148
1.10817
1.10257
1.09177
1.07736
1.05922
1.03718
1.01293
0.984452
0.954647
0.920109
0.884772
0.844703
0.804845
0.761244
0.721425
0.676113
0.638823
0.594559
0.563191
0.524621
0.504004
0.477903
0.477533
0.4701
0.491196
0.50801
0.539928
0.575275
0.619175
0.661133
0.707572
0.746307
0.796674
0.824303
0.871507
1.37735
1.3556
1.31832
1.28655
1.24061
1.20181
1.15121
1.10927
1.05566
1.01204
0.956559
0.911835
0.854386
0.808316
0.748886
0.701742
0.641219
0.593885
0.534069
0.485643
0.430354
0.381585
0.336191
0.293952
0.272503
0.252494
0.275512
0.309852
0.327967
0.38256
0.443887
0.491177
0.572142
0.614783
0.69381
0.750856
0.819817
0.874273
0.943036
0.987633
0.999977
1
0.999998
0.999997
0.999998
0.999998
0.999999
0.999999
1
1
1
1
1
1
0.999999
0.999998
0.999997
0.999997
0.999996
0.999997
0.999997
0.999996
0.999995
0.999993
0.999992
0.999991
0.999991
0.999991
0.999993
0.999995
0.999997
1
1
1
1
1
1
1
1
0.999981
0.999979
1.00002
1.00001
1.00001
1.00001
1.00001
1.00001
1.00001
1.00001
1.00001
1
1
1
1
1
1
1
1
1
1
1
1
1
1
1.00001
1.00001
1.00001
1.00001
1
0.999999
0.999995
0.999987
0.999988
0.99999
0.99999
0.999988
0.999989
0.999987
0.999993
0.99994
0.999981
1.00005
1.00004
1.00004
1.00004
1.00004
1.00004
1.00004
1.00003
1.00003
1.00003
1.00003
1.00003
1.00003
1.00002
1.00002
1.00002
1.00001
1.00001
1.00001
1
0.999997
0.999993
0.999985
0.999977
0.999973
0.999968
0.999964
0.999965
0.999962
0.999961
0.999967
0.999961
0.999955
0.999952
0.999952
0.999953
0.999961
0.999961
0.999887
0.999982
1.00008
1.00007
1.00006
1.00005
1.00004
1.00004
1.00004
1.00003
1.00003
1.00003
1.00002
1.00002
1.00001
1.00001
1.00001
1.00001
1
0.999997
0.999992
0.999987
0.999984
0.999979
0.99998
0.999979
0.999975
0.999971
0.999968
0.999958
0.999955
0.999949
0.999932
0.999935
0.999939
0.99994
0.999939
0.999938
0.999931
0.999941
0.999825
0.99999
1.00013
1.00011
1.00011
1.00011
1.0001
1.0001
1.00009
1.00008
1.00008
1.00007
1.00007
1.00006
1.00006
1.00005
1.00004
1.00003
1.00003
1.00002
1.00001
1
0.99999
0.999982
0.999966
0.999951
0.999941
0.99993
0.99992
0.99992
0.999912
0.999907
0.999919
0.999904
0.999887
0.999879
0.999873
0.99987
0.999886
0.999884
0.999748
1.00001
1.00019
1.00018
1.00017
1.00015
1.00015
1.00014
1.00013
1.00013
1.00012
1.00012
1.00011
1.0001
1.00009
1.00008
1.00007
1.00006
1.00005
1.00004
1.00002
1.00001
0.999997
0.999979
0.999973
0.999964
0.999949
0.999935
0.999921
0.999894
0.999878
0.99986
0.999824
0.999822
0.999827
0.999823
0.999822
0.999826
0.999811
0.999844
0.999642
1.00004
1.00025
1.00024
1.00022
1.00021
1.0002
1.00019
1.00018
1.00017
1.00016
1.00015
1.00013
1.00013
1.00012
1.0001
1.00008
1.00006
1.00005
1.00003
1.00002
0.999999
0.999979
0.999964
0.999936
0.999909
0.999892
0.99987
0.99985
0.999847
0.999833
0.99982
0.999829
0.999804
0.999775
0.999763
0.999752
0.999746
0.99977
0.999756
0.999534
1.00007
1.00034
1.00033
1.00031
1.00029
1.00028
1.00027
1.00027
1.00026
1.00025
1.00024
1.00022
1.0002
1.00018
1.00017
1.00016
1.00015
1.00012
1.0001
1.00008
1.00005
1.00003
0.999997
0.999976
0.999956
0.999924
0.999899
0.999872
0.999828
0.999795
0.999766
0.999716
0.999703
0.999703
0.999686
0.999684
0.999681
0.999653
0.999685
0.9994
1.00013
1.00043
1.00042
1.00041
1.0004
1.00039
1.00038
1.00037
1.00036
1.00034
1.00033
1.00031
1.0003
1.00029
1.00026
1.00022
1.00019
1.00016
1.00013
1.00009
1.00006
1.00003
1
0.99996
0.999916
0.999884
0.99984
0.9998
0.99978
0.999752
0.999719
0.999711
0.999673
0.999626
0.999606
0.999573
0.999553
0.999582
0.999551
0.999254
1.0002
1.00054
1.00053
1.00052
1.0005
1.00049
1.00047
1.00046
1.00044
1.00043
1.00041
1.00038
1.00034
1.00031
1.00029
1.00028
1.00025
1.00022
1.00019
1.00015
1.00011
1.00006
1.00001
0.999962
0.999918
0.999863
0.999822
0.999779
0.999715
0.999659
0.999617
0.999553
0.999524
0.999508
0.999473
0.999471
0.999469
0.999421
0.99946
0.999069
1.00028
1.00067
1.00066
1.00063
1.00062
1.0006
1.00059
1.00057
1.00055
1.00052
1.0005
1.00048
1.00046
1.00043
1.00039
1.00033
1.00028
1.00023
1.00018
1.00012
1.00007
1.00002
0.999976
0.999919
0.999859
0.999808
0.999736
0.999669
0.999622
0.999574
0.999514
0.999483
0.999425
0.999378
0.999352
0.999297
0.999261
0.999298
0.999246
0.998868
1.00035
1.00078
1.00076
1.00076
1.00074
1.00073
1.00071
1.00069
1.00067
1.00065
1.00062
1.00058
1.00052
1.00049
1.00045
1.00043
1.00038
1.00034
1.00029
1.00023
1.00016
1.00008
1
0.99992
0.999838
0.999748
0.999685
0.999617
0.999536
0.999457
0.999396
0.999318
0.999273
0.999213
0.999162
0.999151
0.999134
0.999068
0.999104
0.998631
1.00048
1.00095
1.00093
1.00088
1.00086
1.00083
1.0008
1.00078
1.00075
1.00071
1.00067
1.00064
1.00062
1.00056
1.00051
1.00042
1.00035
1.00027
1.0002
1.00012
1.00005
0.999979
0.99991
0.999833
0.999757
0.999684
0.999575
0.999479
0.999394
0.999314
0.999229
0.999152
0.999082
0.999031
0.998975
0.998907
0.998856
0.998881
0.99883
0.998371
1.00058
1.00107
1.00105
1.00104
1.00102
1.001
1.00096
1.00093
1.00089
1.00086
1.00081
1.00075
1.00067
1.00063
1.00057
1.00052
1.00046
1.00039
1.00031
1.00023
1.00012
1.00002
0.999891
0.999765
0.999638
0.999514
0.999426
0.999323
0.999214
0.999112
0.999015
0.998936
0.998852
0.998766
0.998715
0.998684
0.998673
0.998608
0.998639
0.998086
1.00072
1.00128
1.00126
1.00122
1.00118
1.00115
1.00111
1.00108
1.00104
1.00099
1.00094
1.0009
1.00086
1.00079
1.00073
1.00061
1.00053
1.00043
1.00033
1.00023
1.00014
1.00003
0.99993
0.999839
0.999739
0.999613
0.999464
0.999341
0.999219
0.999097
0.998988
0.998863
0.998765
0.998686
0.998592
0.998512
0.998435
0.998443
0.998381
0.997834
1.00089
1.00148
1.00148
1.00147
1.00146
1.00144
1.00142
1.00139
1.00135
1.00132
1.00127
1.00121
1.00112
1.00105
1.00095
1.00092
1.00084
1.00074
1.00063
1.00051
1.00035
1.00021
1.00005
0.999866
0.999697
0.999562
0.999424
0.999269
0.999122
0.998982
0.99884
0.998718
0.998594
0.998487
0.998408
0.998331
0.998299
0.998197
0.998222
0.997552
1.00108
1.00171
1.00169
1.00166
1.00162
1.00159
1.00156
1.00152
1.00147
1.00142
1.00136
1.0013
1.00125
1.00119
1.00113
1.00097
1.00086
1.00074
1.00061
1.00048
1.00039
1.00026
1.00012
0.99999
0.999811
0.99963
0.999453
0.999279
0.999104
0.998933
0.998765
0.998622
0.998471
0.998325
0.998199
0.998093
0.997977
0.997963
0.997899
0.997241
1.00118
1.00185
1.00182
1.0018
1.00179
1.00176
1.00172
1.00168
1.00163
1.00158
1.00151
1.00144
1.00136
1.00125
1.00113
1.00107
1.00095
1.00082
1.00068
1.00052
1.0003
1.0001
0.999909
0.999704
0.99952
0.999308
0.999125
0.99892
0.998728
0.998545
0.998375
0.998211
0.998057
0.997934
0.997839
0.997755
0.997688
0.9976
0.997591
0.996835
1.00137
1.00207
1.00205
1.002
1.00195
1.0019
1.00185
1.00179
1.00172
1.00164
1.00156
1.00147
1.00136
1.00128
1.00117
1.00101
1.00086
1.0007
1.00053
1.00035
1.00023
1.00007
0.999876
0.999677
0.99946
0.999255
0.999022
0.998814
0.998599
0.998383
0.998173
0.997975
0.997801
0.997617
0.99745
0.997317
0.997238
0.997221
0.997147
0.996454
1.00152
1.00226
1.00224
1.00222
1.00219
1.00214
1.00209
1.00204
1.00198
1.00192
1.00187
1.00177
1.00167
1.00153
1.00141
1.00131
1.00117
1.00101
1.00084
1.00061
1.00031
1.00007
0.999841
0.999593
0.999375
0.999104
0.998854
0.998584
0.998343
0.998091
0.997868
0.997664
0.997452
0.997297
0.997146
0.99704
0.996901
0.996839
0.996767
0.995936
1.00186
1.00267
1.00265
1.0026
1.00255
1.00253
1.00248
1.00243
1.00237
1.0023
1.00219
1.0021
1.00199
1.0019
1.00176
1.00158
1.0014
1.00121
1.00101
1.00084
1.00071
1.00048
1.00022
0.99996
0.999644
0.999391
0.999084
0.99881
0.998514
0.998214
0.997938
0.99762
0.997429
0.997171
0.996979
0.996764
0.996652
0.996513
0.996454
0.995656
1.00209
1.00292
1.00291
1.0029
1.00287
1.00281
1.00277
1.00271
1.00264
1.00258
1.00249
1.0024
1.00229
1.00216
1.00201
1.00185
1.00169
1.0015
1.00129
1.00103
1.00067
1.00038
1.00009
0.999769
0.999497
0.999125
0.998814
0.998479
0.998085
0.997837
0.997478
0.997303
0.996943
0.996767
0.996564
0.996398
0.996211
0.9961
0.995997
0.995062
1.00235
1.00324
1.00318
1.00313
1.00307
1.00304
1.00296
1.0029
1.00282
1.00273
1.00263
1.0025
1.00238
1.0022
1.00201
1.00183
1.0016
1.00138
1.00111
1.00087
1.00068
1.00038
1.00006
0.999761
0.999362
0.99903
0.998639
0.998252
0.997989
0.99756
0.997263
0.996796
0.996568
0.996247
0.995962
0.995777
0.995621
0.995513
0.995482
0.994569
1.00254
1.00345
1.00345
1.00341
1.00337
1.00329
1.00325
1.00317
1.00309
1.00299
1.00288
1.00277
1.00261
1.00246
1.00233
1.00213
1.00194
1.00169
1.00144
1.00113
1.00071
1.00037
0.999999
0.999568
0.999201
0.998777
0.998412
0.998029
0.997502
0.99717
0.996748
0.996498
0.996074
0.995771
0.995517
0.995242
0.995077
0.994888
0.994794
0.993725
1.00294
1.00391
1.00385
1.0038
1.00374
1.0037
1.0036
1.00354
1.00346
1.00336
1.00328
1.00312
1.003
1.00283
1.00257
1.00234
1.00209
1.00183
1.00151
1.00118
1.00094
1.00057
1.00018
0.999802
0.999356
0.99892
0.998364
0.997816
0.99749
0.996927
0.996489
0.995985
0.995641
0.995281
0.994954
0.994723
0.99446
0.994343
0.994242
0.99327
1.00323
1.00424
1.00425
1.00421
1.00416
1.0041
1.00408
1.00401
1.00392
1.0038
1.00364
1.00353
1.00334
1.00317
1.00304
1.00284
1.00259
1.0023
1.00201
1.00166
1.00118
1.00078
1.00033
0.999826
0.999306
0.998767
0.998355
0.997925
0.99728
0.996842
0.996364
0.995877
0.995448
0.995015
0.994631
0.994289
0.994046
0.993859
0.993669
0.992452
1.00365
1.00471
1.00464
1.00459
1.00455
1.00448
1.00438
1.0043
1.0042
1.0041
1.00401
1.00384
1.00371
1.00351
1.00321
1.00294
1.00266
1.00235
1.00197
1.0016
1.00127
1.00077
1.00028
0.999783
0.999281
0.998745
0.99806
0.997371
0.996822
0.996211
0.995639
0.995129
0.994625
0.994183
0.993802
0.99353
0.993216
0.992996
0.992839
0.991919
1.00387
1.00496
1.00497
1.00491
1.00485
1.0048
1.00477
1.00468
1.00459
1.00447
1.00429
1.00414
1.00394
1.00376
1.00362
1.00338
1.00308
1.00275
1.00243
1.00195
1.00143
1.00098
1.00044
0.999848
0.999212
0.998565
0.997982
0.997485
0.996846
0.996206
0.995569
0.994954
0.994378
0.993852
0.993364
0.992852
0.992605
0.992396
0.992248
0.990785
1.00433
1.00547
1.00538
1.00536
1.00531
1.00525
1.00515
1.00506
1.00493
1.00481
1.00471
1.00455
1.00441
1.00418
1.0039
1.0036
1.0033
1.00294
1.00248
1.00212
1.00164
1.00105
1.00047
0.999837
0.999194
0.998519
0.997796
0.996871
0.996113
0.995409
0.994735
0.994068
0.993454
0.992891
0.992402
0.992072
0.991614
0.991305
0.991122
0.990119
1.00462
1.0058
1.00583
1.00576
1.00571
1.00564
1.00561
1.00551
1.00545
1.00533
1.00517
1.005
1.00478
1.00461
1.0044
1.00414
1.0038
1.00344
1.00308
1.0025
1.00197
1.00141
1.00076
1.00006
0.999308
0.998534
0.997709
0.997101
0.996308
0.995487
0.994669
0.993951
0.993224
0.992558
0.991967
0.991372
0.991023
0.990734
0.990454
0.9889
1.00519
1.00641
1.00631
1.00629
1.00626
1.00621
1.00609
1.00601
1.00584
1.00571
1.00555
1.00541
1.00528
1.005
1.00474
1.00442
1.00416
1.00372
1.00322
1.0028
1.00221
1.00156
1.00084
1.00009
0.999286
0.998439
0.997595
0.996544
0.995626
0.994719
0.993931
0.992959
0.992196
0.991493
0.990859
0.990433
0.989846
0.989486
0.989302
0.988175
1.00549
1.00672
1.00675
1.00668
1.0066
1.00656
1.00655
1.00643
1.00639
1.00626
1.00612
1.00593
1.00564
1.00548
1.00527
1.005
1.00457
1.00427
1.00385
1.00322
1.0026
1.00188
1.00111
1.00026
0.999349
0.998406
0.997423
0.99652
0.995543
0.99459
0.993464
0.992795
0.991915
0.991072
0.990319
0.989548
0.989172
0.988719
0.988457
0.986693
1.00609
1.00735
1.00725
1.00724
1.00722
1.00716
1.00703
1.00699
1.00682
1.00668
1.0065
1.00631
1.0062
1.00594
1.00566
1.00535
1.00516
1.00463
1.00409
1.00364
1.00296
1.0022
1.00135
1.00045
0.999496
0.998473
0.997402
0.996247
0.995096
0.993904
0.993071
0.991624
0.990692
0.98976
0.989009
0.988422
0.987704
0.987265
0.9869
0.985819
1.00642
1.0077
1.00774
1.00767
1.00758
1.00757
1.00756
1.00745
1.00739
1.00727
1.00709
1.00693
1.00668
1.00645
1.00624
1.006
1.00555
1.00533
1.00485
1.00409
1.00336
1.00254
1.00164
1.00062
0.999526
0.998388
0.99719
0.995992
0.994806
0.993675
0.992086
0.991425
0.99022
0.989332
0.988342
0.987453
0.986875
0.986443
0.985928
0.984088
1.0071
1.0084
1.00829
1.00828
1.00824
1.00818
1.00815
1.00812
1.00795
1.00778
1.00762
1.00741
1.00718
1.007
1.00679
1.00651
1.00631
1.00581
1.00528
1.00479
1.00397
1.00305
1.00205
1.00101
0.999854
0.998581
0.99731
0.995943
0.99452
0.992979
0.992042
0.990173
0.989266
0.987871
0.986801
0.98622
0.985055
0.984842
0.984124
0.983107
1.00746
1.00876
1.00878
1.00874
1.00868
1.0086
1.00867
1.00862
1.00856
1.00835
1.00821
1.00799
1.00778
1.00761
1.00741
1.00721
1.00685
1.0066
1.00616
1.00529
1.00443
1.00352
1.00249
1.00133
1.00006
0.998745
0.997282
0.99576
0.994262
0.992944
0.990927
0.989933
0.988016
0.987484
0.985941
0.985275
0.98398
0.98398
0.982864
0.98112
1.00818
1.00949
1.00931
1.00939
1.00939
1.00917
1.00938
1.0094
1.00917
1.00883
1.00886
1.00871
1.00837
1.00821
1.00804
1.0079
1.00759
1.0073
1.00692
1.00615
1.00521
1.00418
1.0031
1.00187
1.00049
0.998892
0.997285
0.995706
0.99402
0.992058
0.990806
0.988478
0.98749
0.985913
0.983843
0.983718
0.981701
0.982249
0.98074
0.979988
1.00856
1.00986
1.00978
1.00983
1.00987
1.00956
1.00995
1.00993
1.0099
1.00937
1.00952
1.00932
1.00891
1.00892
1.00876
1.00875
1.00851
1.00812
1.00805
1.00689
1.00594
1.00502
1.00391
1.00266
1.00122
0.99961
0.997793
0.995973
0.994044
0.992342
0.990063
0.988558
0.985578
0.985353
0.982955
0.982618
0.980515
0.981082
0.979214
0.97769
1.00961
1.01084
1.01037
1.01059
1.01068
1.01024
1.01075
1.01095
1.01087
1.00998
1.0104
1.01034
1.00971
1.01001
1.00971
1.00988
1.00945
1.00914
1.00933
1.00797
1.00711
1.00608
1.00494
1.00358
1.00197
1.00016
0.99805
0.99625
0.994063
0.991561
0.989926
0.986953
0.985264
0.983454
0.980599
0.98064
0.978079
0.97894
0.977041
0.976414
1.00883
1.01078
1.01089
1.01111
1.01117
1.01083
1.01157
1.0115
1.01136
1.01092
1.01148
1.01107
1.01072
1.01102
1.01093
1.01103
1.01071
1.0104
1.01031
1.00906
1.00854
1.00768
1.00659
1.00531
1.00376
1.00185
0.999295
0.997349
0.994863
0.992535
0.989383
0.987167
0.983548
0.981592
0.980091
0.977992
0.977176
0.976554
0.975715
0.972869
1.01151
1.01718
1.01678
1.01778
1.01789
1.01848
1.01886
1.01945
1.01994
1.02043
1.02094
1.0213
1.02181
1.02259
1.02319
1.02412
1.02464
1.0258
1.02636
1.02757
1.02901
1.03007
1.0327
1.03451
1.0385
1.04291
1.0513
1.06748
1.08585
1.14842
1.24289
1.24104
1.08274
0.841699
0.750631
0.773483
0.830032
0.861172
0.806566
0.804251
1.01191
1.01712
1.0158
1.01734
1.01726
1.01775
1.0183
1.01869
1.01944
1.01975
1.02043
1.02054
1.02129
1.02164
1.02243
1.02301
1.02384
1.02461
1.02545
1.02643
1.028
1.02881
1.03188
1.03323
1.03774
1.0412
1.04955
1.06285
1.07873
1.1243
1.19518
1.20943
1.07712
0.883536
0.794754
0.800613
0.873408
0.960925
0.906611
0.835363
1.0128
1.01664
1.0153
1.01712
1.01682
1.01739
1.01788
1.01826
1.01911
1.01943
1.02022
1.02027
1.02107
1.02119
1.02214
1.02248
1.02352
1.02397
1.02499
1.02558
1.02712
1.02773
1.0308
1.03181
1.03649
1.03872
1.04676
1.05646
1.06868
1.09896
1.14312
1.15357
1.05473
0.899223
0.808874
0.812152
0.892251
1.0541
1.03717
0.931277
1.01416
1.01558
1.0152
1.01669
1.01645
1.017
1.0174
1.0178
1.01864
1.01902
1.01984
1.01987
1.02064
1.02067
1.02166
1.0219
1.02304
1.0233
1.02445
1.02477
1.02641
1.0269
1.02972
1.03047
1.03499
1.03624
1.04332
1.04995
1.05759
1.07608
1.09739
1.09571
1.02049
0.896488
0.797347
0.800216
0.877226
1.11253
1.16814
1.05259
1.01581
1.01478
1.01519
1.01611
1.01616
1.01663
1.01708
1.01745
1.01825
1.01861
1.01934
1.01938
1.02002
1.02008
1.02099
1.02123
1.02232
1.0225
1.02363
1.02383
1.02549
1.02585
1.02834
1.02886
1.03295
1.03348
1.03936
1.04314
1.04709
1.05633
1.06008
1.04588
0.968883
0.869518
0.766626
0.757418
0.842309
1.13911
1.28647
1.19005
1.01679
1.01457
1.01519
1.01565
1.01593
1.01633
1.01678
1.01711
1.01788
1.0182
1.01887
1.01892
1.01947
1.01955
1.02038
1.02069
1.02169
1.02186
1.02283
1.02296
1.02435
1.02458
1.02673
1.02699
1.0305
1.03035
1.03485
1.03581
1.03737
1.03933
1.0306
1.00743
0.929086
0.830634
0.721709
0.685175
0.768776
1.1375
1.38545
1.33574
1.01701
1.01443
1.01509
1.01529
1.01569
1.01601
1.01646
1.01678
1.01749
1.01781
1.01841
1.01851
1.01899
1.0191
1.01985
1.0202
1.02107
1.02129
1.02209
1.02226
1.02334
1.02349
1.02521
1.02517
1.02794
1.02707
1.03024
1.02881
1.0287
1.02515
1.00914
0.979863
0.896179
0.796786
0.683756
0.619281
0.678488
1.11111
1.4592
1.4662
1.01683
1.01422
1.01488
1.01498
1.01546
1.01567
1.01616
1.01644
1.01707
1.01736
1.0179
1.018
1.01843
1.01862
1.01927
1.01963
1.02028
1.02056
1.02124
1.02152
1.02242
1.02257
1.02377
1.02353
1.02554
1.02401
1.02604
1.02302
1.02154
1.01405
0.995883
0.962283
0.869989
0.770613
0.658132
0.574505
0.611149
1.07084
1.49992
1.55418
1.01673
1.01387
1.01455
1.01474
1.01526
1.01543
1.01589
1.01613
1.01667
1.01693
1.01738
1.01744
1.01787
1.01813
1.01872
1.01908
1.01958
1.01988
1.02039
1.0207
1.02138
1.0215
1.02234
1.02212
1.02341
1.02139
1.02252
1.01883
1.01619
1.00648
0.98988
0.953873
0.853047
0.756033
0.651397
0.568835
0.610321
1.04884
1.50191
1.58893
1.01686
1.01349
1.01427
1.0145
1.01503
1.01518
1.01557
1.01579
1.01626
1.01649
1.01687
1.01693
1.01734
1.01753
1.01804
1.0184
1.01883
1.01916
1.01954
1.01977
1.02026
1.02031
1.02099
1.0207
1.0214
1.01925
1.01964
1.01585
1.01259
1.0026
0.989833
0.953726
0.846437
0.753592
0.664327
0.60193
0.662745
1.0588
1.4757
1.56637
1.01699
1.01326
1.0141
1.01422
1.01474
1.01489
1.01522
1.01547
1.01585
1.01608
1.0164
1.01644
1.0168
1.01689
1.01735
1.01765
1.01802
1.01836
1.01863
1.0188
1.01918
1.0191
1.01966
1.01907
1.01948
1.01753
1.01738
1.01385
1.01061
1.00208
0.994141
0.9602
0.848881
0.760439
0.691392
0.655982
0.731913
1.0838
1.42997
1.48404
1.017
1.01315
1.01397
1.01385
1.01439
1.01452
1.01483
1.01509
1.01539
1.01566
1.01592
1.01598
1.01627
1.01633
1.01676
1.01695
1.01722
1.01752
1.01767
1.01785
1.01815
1.01793
1.01839
1.01749
1.01787
1.01634
1.01574
1.01266
1.01006
1.00402
1.00121
0.971283
0.858241
0.77269
0.7244
0.714168
0.794567
1.09845
1.37063
1.37519
1.01694
1.0131
1.01383
1.01347
1.01405
1.01416
1.01444
1.01471
1.01493
1.01525
1.01542
1.01552
1.01575
1.01585
1.01624
1.01633
1.01654
1.01675
1.01682
1.01696
1.01716
1.01677
1.01721
1.01617
1.01655
1.01528
1.01436
1.01217
1.01054
1.00731
1.00924
0.984885
0.872278
0.787376
0.756106
0.766462
0.843537
1.09874
1.29574
1.27467
1.0168
1.01304
1.01367
1.01315
1.01373
1.01378
1.01404
1.01433
1.01449
1.0148
1.01489
1.01503
1.0152
1.01532
1.01561
1.01565
1.01584
1.016
1.01603
1.0161
1.01625
1.01578
1.01618
1.01509
1.01531
1.01415
1.01321
1.0121
1.01139
1.01108
1.01682
0.998555
0.88953
0.803495
0.78363
0.808483
0.881145
1.08639
1.21087
1.1956
1.01655
1.01292
1.01348
1.01292
1.01343
1.01348
1.01371
1.01401
1.01411
1.01439
1.01441
1.01458
1.01468
1.01479
1.01498
1.01501
1.01519
1.01526
1.01528
1.01525
1.01534
1.01479
1.01503
1.01397
1.01404
1.01295
1.01226
1.01213
1.01206
1.0145
1.0227
1.00971
0.908199
0.820739
0.806726
0.839267
0.906907
1.05498
1.14065
1.13673
1.01615
1.01268
1.01323
1.01271
1.01317
1.01319
1.01336
1.01362
1.01365
1.0139
1.0139
1.0141
1.01414
1.01425
1.01436
1.0144
1.01455
1.01447
1.01452
1.01437
1.01436
1.01374
1.01379
1.01288
1.0128
1.0118
1.01148
1.01206
1.01215
1.01679
1.02641
1.01685
0.92651
0.839629
0.827051
0.861017
0.922094
1.02922
1.09305
1.0929
1.0158
1.01235
1.0129
1.01245
1.01292
1.01292
1.01305
1.01327
1.01326
1.0135
1.01347
1.01369
1.01369
1.01384
1.01393
1.01396
1.01406
1.01385
1.01389
1.01362
1.01346
1.01275
1.01269
1.01189
1.01167
1.01081
1.01067
1.01158
1.01192
1.01758
1.02765
1.01997
0.942854
0.859835
0.845946
0.877081
0.930194
1.00994
1.05979
1.06022
1.01561
1.01212
1.01259
1.01215
1.01261
1.01258
1.01272
1.01289
1.01287
1.01308
1.01306
1.01328
1.01327
1.01341
1.01344
1.01342
1.01348
1.01316
1.01313
1.01278
1.01254
1.01189
1.01174
1.011
1.01065
1.00994
1.00977
1.01064
1.0112
1.01739
1.02657
1.02006
0.956603
0.880284
0.864443
0.890097
0.934992
0.995627
1.03527
1.03581
1.01546
1.01196
1.01236
1.01185
1.01226
1.01223
1.01239
1.01254
1.01252
1.01273
1.01269
1.01288
1.01285
1.01294
1.01293
1.01281
1.01282
1.01245
1.01233
1.01196
1.01176
1.01122
1.01104
1.0103
1.00978
1.00908
1.00862
1.00939
1.00993
1.01593
1.02358
1.01812
0.967447
0.89938
0.882476
0.901772
0.938632
0.9856
1.01717
1.01744
1.01518
1.01177
1.01213
1.01155
1.0119
1.01183
1.01199
1.0121
1.0121
1.01225
1.01221
1.01238
1.01233
1.01236
1.0123
1.0121
1.01208
1.01177
1.01162
1.01129
1.01109
1.01065
1.01042
1.00959
1.00889
1.00805
1.00728
1.00801
1.00892
1.01351
1.01956
1.01504
0.975261
0.916673
0.899828
0.913071
0.94215
0.978973
1.00413
1.00399
1.01481
1.01151
1.01187
1.01126
1.01162
1.01151
1.01165
1.01174
1.01174
1.01187
1.0118
1.01192
1.01186
1.01186
1.01181
1.01156
1.01155
1.01133
1.01118
1.01085
1.01057
1.01003
1.00966
1.00873
1.00794
1.00708
1.00606
1.00676
1.00777
1.01103
1.01501
1.01131
0.980406
0.931737
0.915803
0.924052
0.945792
0.974646
0.994939
0.994568
1.01446
1.01123
1.01161
1.01097
1.01136
1.01116
1.01132
1.01135
1.01135
1.01144
1.01134
1.01142
1.01136
1.01134
1.01131
1.01105
1.01105
1.01087
1.01063
1.01029
1.00989
1.00922
1.00868
1.00777
1.00709
1.0063
1.00521
1.00568
1.00658
1.00828
1.01059
1.00716
0.983371
0.94454
0.929921
0.934394
0.949591
0.971831
0.988332
0.988079
1.0141
1.01093
1.01134
1.01065
1.01109
1.01083
1.01104
1.01102
1.01099
1.01107
1.01094
1.01101
1.01096
1.01093
1.0109
1.01065
1.01063
1.0104
1.01
1.00961
1.00916
1.00837
1.00775
1.00692
1.00631
1.0056
1.00448
1.00463
1.0051
1.00542
1.00633
1.00284
0.984722
0.954703
0.941681
0.943753
0.953687
0.970293
0.983465
0.983285
1.01389
1.01065
1.01103
1.01027
1.01074
1.01043
1.01071
1.01063
1.01059
1.01062
1.01052
1.0106
1.01058
1.01053
1.0105
1.01024
1.01013
1.00985
1.00929
1.00885
1.00837
1.00758
1.00698
1.00622
1.00559
1.00487
1.0039
1.00364
1.00363
1.00279
1.00266
0.99902
0.98516
0.962492
0.951137
0.952062
0.958181
0.970036
0.980006
0.979711
1.01362
1.01039
1.0107
1.00987
1.01041
1.01009
1.01041
1.01032
1.0103
1.01035
1.01025
1.01033
1.01032
1.01026
1.01019
1.0099
1.00967
1.0093
1.00868
1.00821
1.00771
1.00697
1.00643
1.00573
1.00501
1.00434
1.00349
1.0029
1.00224
1.00064
0.999626
0.996058
0.985171
0.968318
0.958588
0.959235
0.962873
0.970786
0.977747
0.977231
1.01344
1.01012
1.01037
1.0095
1.01007
1.00972
1.01002
1.00992
1.00993
1.00997
1.00992
1.00997
1.00992
1.00978
1.00964
1.0093
1.00897
1.00856
1.00798
1.00755
1.00706
1.00642
1.00599
1.00535
1.00465
1.00399
1.00333
1.0023
1.00111
0.999008
0.997373
0.993922
0.985179
0.972837
0.964303
0.965235
0.967401
0.972078
0.976389
0.975878
1.01297
1.0098
1.01008
1.00921
1.00981
1.0094
1.0097
1.00958
1.00964
1.00966
1.00957
1.00957
1.00944
1.00924
1.00906
1.00872
1.00836
1.00796
1.00748
1.00712
1.00668
1.00612
1.00575
1.00514
1.00437
1.0037
1.00296
1.00165
0.999947
0.99775
0.9955
0.992371
0.985086
0.976221
0.968708
0.970048
0.971448
0.973581
0.975665
0.975339
1.01253
1.00943
1.0098
1.00896
1.00953
1.00906
1.00939
1.00921
1.00928
1.00925
1.00915
1.00909
1.00891
1.00872
1.00853
1.00823
1.00787
1.00753
1.00712
1.00681
1.00638
1.00583
1.00548
1.00484
1.00399
1.00315
1.00237
1.00081
0.998896
0.996685
0.994107
0.991287
0.985052
0.978865
0.972068
0.973845
0.974828
0.975306
0.97551
0.975338
1.012
1.00908
1.00956
1.00869
1.00928
1.00877
1.00918
1.00895
1.00906
1.00899
1.00885
1.00876
1.00859
1.00845
1.00828
1.00801
1.00768
1.00733
1.00695
1.00664
1.00618
1.00558
1.00517
1.0045
1.00351
1.00256
1.00158
1.00007
0.997876
0.995924
0.992971
0.990677
0.985016
0.980911
0.97474
0.976811
0.977449
0.977358
0.975671
0.975518
1.01175
1.00878
1.00927
1.00834
1.00891
1.0084
1.00886
1.0086
1.00869
1.00857
1.00847
1.00838
1.00823
1.0081
1.00795
1.00767
1.00735
1.007
1.00663
1.00631
1.00585
1.00521
1.0048
1.00408
1.00309
1.00198
1.00098
0.999451
0.997259
0.995428
0.992392
0.990459
0.985234
0.982668
0.976813
0.979133
0.979309
0.9798
0.976445
0.975653
1.01147
1.00854
1.00896
1.00788
1.00856
1.00804
1.00854
1.00826
1.0084
1.00824
1.00815
1.00807
1.00795
1.00784
1.00769
1.00742
1.00711
1.00674
1.00638
1.00608
1.0056
1.00493
1.00447
1.00377
1.00269
1.00157
1.00037
0.999046
0.996692
0.995215
0.991901
0.990565
0.985388
0.984139
0.978257
0.980997
0.980555
0.982579
0.978231
0.975575
1.01138
1.00829
1.00851
1.00736
1.00812
1.00765
1.00812
1.00785
1.00801
1.00779
1.00777
1.00769
1.0076
1.00749
1.00732
1.00708
1.0068
1.00641
1.00606
1.00575
1.00525
1.00457
1.0041
1.00335
1.00229
1.00109
0.999889
0.998603
0.996341
0.995002
0.991721
0.990736
0.985769
0.985413
0.979312
0.982516
0.981457
0.9854
0.980025
0.975718
1.01114
1.00798
1.00802
1.00689
1.00781
1.00736
1.00786
1.00758
1.0078
1.00763
1.00762
1.00755
1.00748
1.00738
1.00721
1.00698
1.00672
1.00629
1.0059
1.00557
1.00503
1.00432
1.00376
1.003
1.00184
1.00071
0.999336
0.998276
0.995886
0.994946
0.991424
0.991073
0.985917
0.986567
0.979775
0.983843
0.982215
0.987522
0.982047
0.975781
1.011
1.00746
1.00747
1.00653
1.00748
1.00706
1.00756
1.00727
1.00752
1.00734
1.00743
1.00736
1.00728
1.00713
1.00695
1.00672
1.00647
1.00599
1.00558
1.00518
1.00462
1.00392
1.00334
1.00252
1.0014
1.0003
0.998978
0.997913
0.99566
0.994848
0.991463
0.991326
0.986411
0.987515
0.980348
0.984935
0.982749
0.988387
0.982894
0.979187
1.01034
1.00682
1.00711
1.00629
1.00731
1.00688
1.00741
1.00713
1.00743
1.00729
1.00738
1.00729
1.00718
1.00701
1.00681
1.00656
1.0063
1.0058
1.00535
1.00491
1.00435
1.00367
1.00303
1.00223
1.00107
1.00011
0.998624
0.997773
0.995398
0.994956
0.991386
0.991756
0.986554
0.988426
0.980603
0.985821
0.98287
0.988348
0.981476
0.984337
1.00954
1.00615
1.00683
1.00616
1.0071
1.00666
1.00723
1.00693
1.00721
1.00706
1.00719
1.00707
1.00692
1.0067
1.00649
1.00623
1.00595
1.00546
1.00498
1.0045
1.00392
1.00331
1.00266
1.00186
1.00079
0.999851
0.998465
0.9976
0.995416
0.995015
0.991707
0.992073
0.987276
0.989158
0.981517
0.986383
0.982515
0.987724
0.979243
0.993251
1.00822
1.00564
1.00678
1.00613
1.00701
1.00657
1.00718
1.00686
1.00719
1.00702
1.00714
1.00696
1.0068
1.00655
1.00633
1.00604
1.00573
1.00526
1.00478
1.00427
1.00371
1.00312
1.00243
1.00171
1.00062
0.999764
0.998256
0.997609
0.995352
0.995213
0.991852
0.992472
0.987555
0.989823
0.982127
0.986992
0.981441
0.987366
0.977457
0.996657
1.00618
1.00538
1.00675
1.00614
1.00684
1.00643
1.00704
1.00676
1.00705
1.00684
1.00695
1.00675
1.00657
1.0063
1.00606
1.00575
1.00541
1.00497
1.00447
1.00394
1.00338
1.0028
1.00211
1.00141
1.00042
0.99955
0.998178
0.997528
0.995548
0.995348
0.992417
0.992935
0.988598
0.990549
0.983839
0.988157
0.981612
0.988135
0.976618
0.999704
1.0046
1.00542
1.00685
1.00621
1.00683
1.0064
1.00699
1.00672
1.00704
1.00677
1.00685
1.00662
1.00646
1.00616
1.00591
1.00557
1.0052
1.0048
1.0043
1.00377
1.00323
1.00266
1.00195
1.00133
1.00033
0.99951
0.998061
0.997594
0.995601
0.995544
0.992702
0.993201
0.98914
0.990962
0.984881
0.989318
0.982738
0.990874
0.983109
0.990699
1.00047
1.00609
1.00706
1.00644
1.00672
1.00632
1.00663
1.00654
1.00687
1.0066
1.00651
1.00632
1.00615
1.00585
1.00555
1.00519
1.00484
1.00444
1.00393
1.00346
1.00291
1.00229
1.00158
1.00101
1.00013
0.99924
0.998031
0.997512
0.995986
0.995705
0.993661
0.993808
0.990828
0.991809
0.987655
0.991483
0.98691
0.995513
0.995433
0.968338
)
;

boundaryField
{
    FrontBack
    {
        type            empty;
    }
    Cylinder
    {
        type            calculated;
        value           uniform 0;
    }
    Bottom
    {
        type            calculated;
        value           uniform 0;
    }
    Top
    {
        type            calculated;
        value           uniform 0;
    }
    Inlet
    {
        type            calculated;
        value           uniform 1;
    }
    Outlet
    {
        type            calculated;
        value           nonuniform List<scalar> 
40
(
1.00047
1.00609
1.00706
1.00644
1.00672
1.00632
1.00663
1.00654
1.00687
1.0066
1.00651
1.00632
1.00615
1.00585
1.00555
1.00519
1.00484
1.00444
1.00393
1.00346
1.00291
1.00229
1.00158
1.00101
1.00013
0.99924
0.998031
0.997512
0.995986
0.995705
0.993661
0.993808
0.990828
0.991809
0.987655
0.991483
0.98691
0.995513
0.995433
0.968338
)
;
    }
}


// ************************************************************************* //
