/*--------------------------------*- C++ -*----------------------------------*\
  =========                 |
  \\      /  F ield         | OpenFOAM: The Open Source CFD Toolbox
   \\    /   O peration     | Website:  https://openfoam.org
    \\  /    A nd           | Version:  11
     \\/     M anipulation  |
\*---------------------------------------------------------------------------*/
FoamFile
{
    format      ascii;
    class       volScalarField;
    location    "3";
    object      mag(U);
}
// * * * * * * * * * * * * * * * * * * * * * * * * * * * * * * * * * * * * * //

dimensions      [0 1 -1 0 0 0 0];

internalField   nonuniform List<scalar> 
9600
(
0.996207
0.996398
0.995509
0.994771
0.994907
0.996057
0.997681
0.989774
0.958532
0.932953
0.925845
0.930818
0.948869
0.971011
0.990176
1.0065
1.02
1.0314
1.04068
1.04793
1.0538
1.05826
1.06121
1.06239
1.06189
1.05961
1.05672
1.05255
1.04788
1.04222
1.03683
1.03147
1.02654
1.02205
1.0176
1.01366
1.00999
1.00685
1.0041
1.00136
0.996975
0.997202
0.997493
0.997773
0.997769
0.99739
0.99724
0.999053
1.00112
1.0018
1.00018
1.00033
1.0041
1.01215
1.01817
1.02278
1.02723
1.03232
1.03717
1.04148
1.04502
1.04777
1.04947
1.04957
1.04888
1.04583
1.04381
1.03848
1.03562
1.0287
1.02458
1.0179
1.01398
1.00795
1.00386
1
0.99638
0.993631
0.99242
0.990079
0.997075
0.997325
0.997506
0.99776
0.998355
0.999878
1.00199
1.00241
1.00028
0.992763
0.981879
0.980868
0.985774
0.995101
1.00693
1.01897
1.02983
1.03924
1.04734
1.05364
1.05957
1.06358
1.06711
1.06828
1.06935
1.06681
1.06527
1.06057
1.05718
1.05074
1.0467
1.04031
1.03662
1.0316
1.02801
1.02486
1.02079
1.01746
1.01453
1.00942
0.997169
0.997464
0.997744
0.99826
0.99914
1.00017
1.00282
1.00559
1.00693
1.01034
1.01664
1.0235
1.02945
1.03337
1.03653
1.03865
1.03968
1.04071
1.04247
1.04499
1.04778
1.05048
1.05187
1.05178
1.0512
1.0487
1.04632
1.04199
1.03818
1.03359
1.02851
1.02251
1.01824
1.01208
1.00732
1.00362
0.99898
0.996768
0.995425
0.993567
0.997214
0.997579
0.997949
0.998722
0.999579
1.00047
1.00389
1.011
1.01626
1.01738
1.0138
1.00863
1.005
1.00578
1.01162
1.02058
1.02996
1.03887
1.04676
1.05255
1.05822
1.06215
1.06542
1.06674
1.06818
1.06677
1.0652
1.06134
1.05756
1.05207
1.04736
1.04163
1.03799
1.0326
1.03028
1.02594
1.02286
1.01835
1.01573
1.0101
0.997261
0.997807
0.998275
0.998897
0.999962
1.00228
1.00758
1.01158
1.01439
1.01876
1.02423
1.03031
1.03646
1.04175
1.04571
1.04795
1.04923
1.04976
1.05069
1.0512
1.05247
1.05481
1.0558
1.05555
1.05457
1.05214
1.04988
1.04582
1.04199
1.03753
1.03293
1.02718
1.02257
1.01634
1.01139
1.00722
1.00239
1.00045
0.99855
0.996733
0.99744
0.998018
0.998757
0.999517
1.00076
1.00318
1.00881
1.01425
1.01775
1.02149
1.02454
1.0251
1.02263
1.0199
1.02015
1.02487
1.03172
1.03905
1.04671
1.05244
1.05763
1.06184
1.06487
1.06635
1.06746
1.06733
1.06576
1.06251
1.05864
1.05362
1.04858
1.04323
1.03918
1.03435
1.03186
1.02734
1.0247
1.01947
1.01685
1.01083
0.997614
0.998621
0.999273
1.00006
1.00168
1.00516
1.00977
1.0146
1.01872
1.02214
1.02577
1.03083
1.03664
1.04359
1.04891
1.05279
1.05493
1.0559
1.05733
1.05795
1.05832
1.05964
1.06093
1.0607
1.05951
1.05604
1.05368
1.0501
1.04648
1.04189
1.03743
1.03209
1.02707
1.02099
1.01613
1.01072
1.0065
1.00446
1.00174
0.999833
0.998177
0.999048
0.999597
1.0005
1.00241
1.0059
1.01072
1.01575
1.01969
1.02309
1.02695
1.0305
1.03272
1.03362
1.03373
1.03446
1.03792
1.04208
1.04774
1.0532
1.0583
1.06217
1.0651
1.0667
1.0681
1.06867
1.06699
1.06443
1.06041
1.05567
1.0501
1.04531
1.04054
1.03635
1.03338
1.02876
1.02604
1.02067
1.01789
1.01143
0.998296
0.99918
0.999857
1.00086
1.00303
1.00709
1.01145
1.01635
1.02036
1.02286
1.02663
1.03122
1.03609
1.04252
1.04895
1.05408
1.05768
1.05972
1.06147
1.06341
1.06458
1.06512
1.06615
1.06674
1.0659
1.0618
1.05841
1.0551
1.05123
1.04682
1.04218
1.03689
1.03166
1.02627
1.02059
1.01444
1.011
1.00812
1.00514
1.00282
0.998547
0.999529
1.00026
1.00146
1.00382
1.0077
1.01313
1.0178
1.02033
1.02293
1.02692
1.03173
1.03616
1.03987
1.04284
1.04426
1.04623
1.0484
1.05226
1.05597
1.06014
1.06401
1.0669
1.06805
1.06933
1.07054
1.06945
1.06693
1.06329
1.05868
1.05268
1.04794
1.04249
1.0385
1.03485
1.03024
1.02739
1.0219
1.01882
1.01194
0.998723
0.999673
1.00058
1.00213
1.00468
1.0088
1.01387
1.01833
1.02095
1.02297
1.02594
1.03036
1.03567
1.04153
1.04816
1.05407
1.05892
1.06267
1.06525
1.06725
1.06969
1.07068
1.072
1.07279
1.07267
1.0689
1.065
1.06114
1.05718
1.05236
1.04774
1.04254
1.03683
1.03138
1.02534
1.0191
1.01532
1.01144
1.00904
1.00594
0.999082
1.00021
1.00131
1.00318
1.00598
1.00984
1.01424
1.01826
1.02036
1.02205
1.02546
1.02996
1.03497
1.04104
1.04694
1.05133
1.0548
1.05689
1.05933
1.06197
1.0645
1.06806
1.07064
1.07129
1.07218
1.07337
1.07306
1.07053
1.06687
1.06278
1.05655
1.05144
1.0456
1.04111
1.03689
1.03241
1.02907
1.02312
1.01973
1.01267
0.999182
1.00052
1.00159
1.00369
1.00653
1.01016
1.01427
1.01765
1.01982
1.02157
1.0244
1.02828
1.03371
1.04005
1.04711
1.05407
1.06
1.06497
1.06913
1.07138
1.07458
1.07634
1.07799
1.07897
1.07953
1.07681
1.07284
1.0684
1.06414
1.05894
1.05394
1.04896
1.04293
1.0366
1.03107
1.02402
1.02023
1.01542
1.01297
1.0089
1.00029
1.0018
1.00264
1.00462
1.00746
1.01086
1.01439
1.01714
1.0196
1.02139
1.02379
1.02748
1.03217
1.03881
1.04706
1.05443
1.06065
1.06474
1.06786
1.07049
1.07218
1.07439
1.07679
1.07699
1.07697
1.0775
1.07765
1.07563
1.07177
1.06774
1.06173
1.05621
1.05007
1.04458
1.03998
1.03505
1.03119
1.02489
1.02132
1.01437
0.999868
1.00176
1.00257
1.00442
1.00729
1.01057
1.01377
1.01631
1.01919
1.02139
1.02375
1.02695
1.03153
1.03798
1.04599
1.05445
1.06231
1.06844
1.07404
1.07713
1.08034
1.08268
1.08438
1.08562
1.08646
1.08517
1.0816
1.07696
1.07248
1.0669
1.06133
1.05593
1.05063
1.04309
1.03757
1.03002
1.02506
1.02022
1.01684
1.01235
1.00105
1.00316
1.00379
1.00494
1.00764
1.01087
1.01376
1.01608
1.01923
1.02225
1.02422
1.02745
1.03161
1.03689
1.04525
1.05413
1.06317
1.0703
1.07548
1.07912
1.08129
1.08276
1.08487
1.08546
1.08474
1.08441
1.08373
1.08259
1.07856
1.07441
1.06849
1.06262
1.05642
1.04993
1.04483
1.03879
1.03444
1.02759
1.02339
1.01719
0.99995
1.00243
1.003
1.00406
1.0069
1.01012
1.01289
1.01536
1.01851
1.02209
1.02494
1.02826
1.03216
1.03685
1.04398
1.05278
1.06239
1.07014
1.07785
1.08293
1.08665
1.08949
1.09151
1.09297
1.09397
1.09369
1.09079
1.087
1.08189
1.07714
1.0704
1.06447
1.05879
1.05141
1.04522
1.03744
1.0311
1.02577
1.02147
1.01638
1.0006
1.00311
1.00409
1.00477
1.00718
1.01015
1.01282
1.01563
1.01855
1.02259
1.02604
1.0295
1.0339
1.03778
1.04378
1.0515
1.06131
1.07064
1.07883
1.08523
1.09035
1.09297
1.09504
1.09617
1.09535
1.0946
1.09221
1.09118
1.08704
1.08355
1.07726
1.07137
1.06394
1.05753
1.05109
1.04479
1.03943
1.03281
1.02671
1.02076
0.998736
1.00087
1.00243
1.00334
1.00564
1.00875
1.0117
1.01488
1.01819
1.02219
1.02628
1.03036
1.03531
1.03981
1.04507
1.05146
1.06087
1.06984
1.07908
1.08692
1.09317
1.09797
1.10111
1.10311
1.10369
1.10443
1.10171
1.09883
1.09326
1.08898
1.0821
1.07539
1.0683
1.06149
1.05424
1.04679
1.03927
1.03318
1.02747
1.02174
0.999411
1.00108
1.00324
1.00473
1.00662
1.00924
1.0117
1.01499
1.01859
1.02252
1.02705
1.0315
1.03749
1.04258
1.04798
1.05336
1.06095
1.06971
1.07938
1.08811
1.09616
1.10252
1.10625
1.10935
1.10906
1.10924
1.10594
1.10423
1.09949
1.09564
1.08897
1.08329
1.07482
1.06825
1.05974
1.05351
1.04654
1.03985
1.03286
1.02607
0.997492
0.998677
1.00065
1.00254
1.00444
1.00684
1.00942
1.01318
1.01797
1.02253
1.02729
1.03207
1.03876
1.04488
1.051
1.05617
1.06318
1.0709
1.07964
1.08918
1.09737
1.10536
1.1109
1.11574
1.11631
1.11811
1.11595
1.11411
1.10832
1.10353
1.09653
1.08995
1.08177
1.0744
1.06594
1.05833
1.04987
1.04245
1.03611
1.02885
0.99847
0.999836
1.00141
1.00333
1.00556
1.00814
1.01103
1.01428
1.01915
1.02411
1.029
1.03346
1.04009
1.04732
1.05435
1.0606
1.0674
1.0743
1.08173
1.0904
1.09839
1.10783
1.11395
1.12126
1.12365
1.12614
1.12366
1.12203
1.11692
1.11253
1.10523
1.09921
1.09029
1.08305
1.07373
1.06568
1.05748
1.04993
1.04223
1.03421
0.995471
0.997332
0.998491
0.999963
1.00247
1.00545
1.00892
1.01234
1.01687
1.0226
1.02875
1.034
1.04082
1.04867
1.05724
1.0647
1.07182
1.0798
1.08595
1.09405
1.10061
1.10996
1.11599
1.12481
1.12854
1.13296
1.13291
1.13271
1.12807
1.12361
1.11592
1.10927
1.10027
1.092
1.08283
1.07388
1.0653
1.05539
1.04867
1.03919
0.996002
0.998395
0.999957
1.00115
1.00349
1.00668
1.01066
1.01438
1.01901
1.02451
1.03159
1.03742
1.04413
1.05191
1.06022
1.06902
1.07637
1.08595
1.09233
1.10097
1.10543
1.11413
1.11918
1.12759
1.1325
1.13884
1.14087
1.1423
1.139
1.13555
1.12827
1.12141
1.11248
1.1032
1.09381
1.08367
1.07477
1.06481
1.057
1.04666
0.991831
0.994239
0.996178
0.997779
0.999927
1.00279
1.00718
1.01167
1.01682
1.02259
1.03023
1.03749
1.04435
1.0534
1.0615
1.0723
1.07959
1.09131
1.0984
1.10885
1.11343
1.12193
1.1256
1.13301
1.13689
1.1438
1.14605
1.15039
1.14896
1.14822
1.14175
1.13583
1.12641
1.11741
1.10683
1.09601
1.08636
1.075
1.06691
1.05534
0.992593
0.995008
0.997072
0.999074
1.00179
1.00459
1.00884
1.01385
1.01964
1.02606
1.03348
1.04271
1.04882
1.05935
1.06689
1.07924
1.08553
1.09761
1.10483
1.11694
1.12256
1.13133
1.13572
1.14261
1.14552
1.15077
1.15283
1.15687
1.15772
1.1578
1.15518
1.14944
1.14295
1.13259
1.12403
1.11099
1.10189
1.08812
1.08047
1.06633
0.986828
0.989376
0.991452
0.993392
0.996678
1.00049
1.00493
1.01079
1.01607
1.02427
1.03045
1.04236
1.04853
1.06043
1.06781
1.0827
1.08991
1.10244
1.10889
1.12256
1.12961
1.14059
1.1449
1.15392
1.15653
1.16372
1.16396
1.16753
1.16658
1.16786
1.16576
1.16286
1.15792
1.14946
1.14201
1.12922
1.12023
1.10481
1.09693
1.08049
0.98768
0.990486
0.992944
0.995053
0.998157
1.0031
1.00738
1.01516
1.01996
1.02946
1.03572
1.04781
1.05523
1.06807
1.07568
1.09007
1.09943
1.11274
1.11942
1.13077
1.13889
1.15005
1.15674
1.16464
1.16995
1.1758
1.18078
1.18251
1.18397
1.18167
1.18103
1.17596
1.17378
1.16519
1.16073
1.14846
1.14166
1.12585
1.11826
1.10094
0.97959
0.982718
0.985077
0.988291
0.991169
0.997156
1.00129
1.0103
1.016
1.02701
1.03396
1.04669
1.055
1.06906
1.07765
1.09129
1.10163
1.1159
1.12508
1.13671
1.14464
1.15636
1.16456
1.17438
1.18018
1.1878
1.19317
1.19848
1.20215
1.20248
1.20221
1.19645
1.19429
1.18488
1.18087
1.16904
1.16306
1.14819
1.14094
1.12452
0.980317
0.985263
0.987258
0.991516
0.99464
1.00125
1.00638
1.01558
1.02235
1.0336
1.04205
1.05468
1.06567
1.07776
1.09106
1.10081
1.11497
1.12494
1.13945
1.14763
1.15981
1.16743
1.17977
1.18655
1.19655
1.20156
1.21019
1.21324
1.22065
1.22177
1.22679
1.22262
1.22315
1.21353
1.2085
1.19796
1.18906
1.17695
1.16785
1.1535
0.968077
0.974392
0.976877
0.982096
0.986396
0.99336
1.00046
1.00977
1.01871
1.02989
1.04077
1.05376
1.06564
1.0795
1.09243
1.1054
1.11767
1.1301
1.14272
1.15412
1.16516
1.17476
1.18539
1.19393
1.20476
1.21149
1.22306
1.22573
1.23778
1.23659
1.24769
1.24396
1.25064
1.2437
1.24374
1.23256
1.22729
1.21226
1.2048
1.18878
0.971681
0.977046
0.981833
0.985088
0.99287
0.997278
1.00963
1.01608
1.03085
1.03977
1.05568
1.0658
1.08325
1.09291
1.11162
1.11969
1.13795
1.1447
1.16225
1.16836
1.18537
1.19046
1.20517
1.20968
1.22442
1.22847
1.24386
1.2464
1.26189
1.26275
1.27701
1.27497
1.28536
1.27958
1.28499
1.27488
1.27531
1.2611
1.25781
1.24019
0.957616
0.964255
0.970613
0.97677
0.984169
0.993026
1.00284
1.01376
1.02675
1.04034
1.05469
1.06888
1.08482
1.09795
1.11503
1.12627
1.14393
1.15162
1.16926
1.175
1.19242
1.1972
1.21341
1.21737
1.23422
1.23831
1.25665
1.25953
1.2792
1.28016
1.30085
1.30022
1.31929
1.31579
1.33046
1.32262
1.33014
1.31685
1.31834
1.29716
0.960961
0.965676
0.975925
0.981016
0.994002
1.00229
1.01985
1.03046
1.05067
1.06241
1.08285
1.09494
1.11549
1.1264
1.14668
1.15615
1.17513
1.18253
1.19882
1.2057
1.21941
1.2257
1.23822
1.24343
1.25723
1.26248
1.27936
1.28543
1.30549
1.31109
1.3335
1.33848
1.36064
1.36359
1.38473
1.38404
1.40203
1.39608
1.40878
1.39307
0.941993
0.953028
0.964721
0.975359
0.987492
1.0006
1.01594
1.03177
1.0495
1.06798
1.0863
1.10568
1.12282
1.14131
1.15638
1.17289
1.18538
1.19918
1.20839
1.22013
1.22613
1.23672
1.2405
1.25026
1.25638
1.26591
1.27442
1.28737
1.30013
1.31584
1.33083
1.34929
1.36551
1.38468
1.40118
1.41981
1.43577
1.45235
1.46583
1.47934
0.940983
0.955826
0.969566
0.98897
1.00841
1.03081
1.0512
1.07322
1.09245
1.11419
1.13146
1.15241
1.16736
1.18624
1.19899
1.21415
1.22457
1.23528
1.24228
1.24967
1.25363
1.25857
1.26209
1.26617
1.26983
1.27608
1.2814
1.29016
1.29902
1.31275
1.32564
1.34618
1.36262
1.38645
1.40212
1.42529
1.4357
1.45862
1.46025
1.48728
0.945032
0.966659
0.986155
1.00514
1.02435
1.04532
1.06721
1.09155
1.11445
1.13941
1.16074
1.1832
1.20209
1.22014
1.23612
1.24865
1.26073
1.26777
1.27493
1.27727
1.27968
1.27804
1.27761
1.27455
1.2735
1.27238
1.27283
1.27369
1.27776
1.28456
1.29541
1.29913
1.30602
1.30749
1.30321
1.2912
1.27153
1.24303
1.17647
1.17045
0.975343
1.01156
1.05022
1.08704
1.12182
1.15611
1.18617
1.21791
1.24421
1.2713
1.29317
1.31351
1.32993
1.34299
1.35328
1.35839
1.36115
1.35741
1.35138
1.33991
1.32756
1.30859
1.28978
1.26668
1.24474
1.22248
1.20167
1.1839
1.16437
1.13945
1.10857
1.06395
0.993173
0.884616
0.765343
0.632362
0.525375
0.412826
0.338551
0.276325
1.12596
1.15927
1.19197
1.22533
1.25792
1.2878
1.31391
1.33531
1.35107
1.36363
1.37161
1.37838
1.38201
1.38385
1.37876
1.37046
1.35305
1.33293
1.30307
1.27185
1.23076
1.18809
1.13618
1.08073
1.01948
0.954033
0.889932
0.822275
0.763342
0.692649
0.628271
0.432534
0.0747062
0.0866265
0.191878
0.296038
0.341847
0.369242
0.388613
0.387883
0.998587
0.998209
0.997052
0.995154
0.993852
0.993532
0.991562
0.986846
0.984013
0.983568
0.984539
0.986337
0.988914
0.992075
0.994875
0.997212
0.999116
1.00075
1.00262
1.00413
1.00525
1.00584
1.00622
1.00624
1.00617
1.00624
1.0065
1.00673
1.00684
1.00677
1.00668
1.00648
1.0063
1.00615
1.00591
1.00572
1.0053
1.00524
1.00487
1.00867
0.998891
0.998686
0.997196
0.995191
0.993518
0.992705
0.990193
0.985458
0.982628
0.982362
0.983458
0.985423
0.988253
0.991636
0.994659
0.997216
0.99941
1.00122
1.00305
1.00443
1.00544
1.00587
1.00626
1.00643
1.00646
1.0066
1.00699
1.00716
1.00708
1.00694
1.00691
1.00675
1.00659
1.00649
1.00622
1.00605
1.0057
1.00532
1.00428
1.00345
1.00168
0.999554
0.997809
0.995093
0.99248
0.992143
0.989494
0.984688
0.981453
0.981087
0.982311
0.984454
0.987564
0.991269
0.99449
0.997149
0.999546
1.00151
1.00333
1.0048
1.00591
1.00618
1.00644
1.00658
1.00672
1.00684
1.00716
1.00741
1.00735
1.00725
1.00724
1.00706
1.00693
1.00683
1.00654
1.00643
1.00612
1.00599
1.00604
1.00824
1.00024
0.999706
0.998145
0.995378
0.99246
0.991173
0.987971
0.983325
0.980018
0.979542
0.980928
0.983261
0.986643
0.990612
0.99402
0.996816
0.999462
1.00159
1.00356
1.00507
1.00595
1.00614
1.00633
1.0066
1.00697
1.00716
1.00748
1.00762
1.00757
1.00759
1.00764
1.00742
1.00726
1.00706
1.00682
1.00665
1.00626
1.00595
1.00516
1.00379
1.00307
1.00057
0.998765
0.995355
0.991462
0.990122
0.98691
0.982283
0.978667
0.977866
0.979427
0.982033
0.985773
0.990127
0.993747
0.996613
0.999535
1.0019
1.00402
1.00527
1.00595
1.0062
1.00647
1.0068
1.0072
1.00748
1.00758
1.00767
1.00774
1.00787
1.00794
1.00773
1.00763
1.00734
1.00711
1.00699
1.00677
1.00665
1.00666
1.00771
1.00184
1.00048
0.999137
0.995932
0.991051
0.988516
0.985078
0.980853
0.976954
0.975801
0.977608
0.980582
0.984651
0.989292
0.993104
0.996058
0.999271
1.00196
1.00428
1.0052
1.00573
1.00598
1.00643
1.00701
1.0076
1.00809
1.00822
1.0081
1.00811
1.00831
1.0082
1.00801
1.0079
1.00757
1.0074
1.00712
1.0069
1.00666
1.00607
1.00486
1.00435
1.00162
0.999659
0.995711
0.989973
0.987049
0.983782
0.979435
0.975047
0.973499
0.975565
0.979108
0.983799
0.988878
0.992924
0.995984
0.999537
1.0024
1.00447
1.00505
1.00558
1.00598
1.00672
1.00747
1.008
1.0084
1.0086
1.00834
1.00843
1.00865
1.00856
1.00838
1.00823
1.0079
1.00775
1.00756
1.00737
1.00728
1.00726
1.00763
1.00335
1.00151
0.999505
0.995943
0.989669
0.985453
0.981808
0.977586
0.972729
0.970863
0.973121
0.977208
0.982556
0.988003
0.992247
0.995389
0.999369
1.00251
1.0043
1.00479
1.00523
1.00576
1.00668
1.00759
1.00823
1.00871
1.00897
1.00884
1.00902
1.00912
1.00898
1.0089
1.00869
1.00827
1.00801
1.00776
1.00751
1.00736
1.00695
1.00608
1.00553
1.00295
0.999606
0.995607
0.989048
0.983852
0.979944
0.9756
0.969975
0.967873
0.970455
0.975342
0.981634
0.987671
0.992138
0.995445
0.999703
1.00258
1.00401
1.00449
1.00517
1.00606
1.00719
1.00808
1.00866
1.00903
1.00907
1.00907
1.00944
1.00942
1.00924
1.00921
1.00899
1.00876
1.00852
1.00826
1.00794
1.00786
1.00783
1.00784
1.00489
1.00273
0.998961
0.995722
0.988983
0.982145
0.977158
0.972791
0.967005
0.964674
0.967362
0.972849
0.980216
0.98686
0.991496
0.995036
0.999733
1.00215
1.00353
1.00413
1.00518
1.00635
1.00752
1.00839
1.00915
1.00964
1.00961
1.00967
1.01004
1.00983
1.0097
1.00966
1.00933
1.00906
1.00874
1.00846
1.00813
1.00799
1.00773
1.00719
1.00682
1.00424
0.999431
0.995536
0.988743
0.980905
0.974541
0.969473
0.963486
0.960872
0.963703
0.970079
0.978958
0.986603
0.991505
0.995266
1.00008
1.00181
1.00305
1.00395
1.00557
1.00706
1.00818
1.00882
1.00955
1.00996
1.00999
1.01021
1.01049
1.01018
1.01001
1.00989
1.00957
1.00941
1.00922
1.00892
1.00861
1.0084
1.00835
1.00823
1.00636
1.00375
0.999137
0.994937
0.988456
0.979833
0.971565
0.96528
0.959424
0.956514
0.959228
0.966332
0.977035
0.986053
0.99121
0.995104
0.999917
1.00129
1.00263
1.00398
1.00601
1.00756
1.00841
1.00909
1.01004
1.01054
1.01069
1.01094
1.01093
1.01058
1.01032
1.01019
1.0099
1.00967
1.00951
1.00929
1.00898
1.00862
1.0084
1.00812
1.00802
1.00548
1.0002
0.994855
0.988168
0.978789
0.968496
0.960616
0.954535
0.951133
0.953636
0.961772
0.974892
0.985954
0.991631
0.995486
1.00016
1.00136
1.00272
1.00447
1.00679
1.00821
1.00882
1.00955
1.01051
1.01076
1.01083
1.01113
1.01121
1.01099
1.01089
1.01079
1.01054
1.01033
1.01009
1.00989
1.00956
1.00925
1.0089
1.00877
1.00784
1.00491
1.00013
0.994268
0.987408
0.97758
0.965656
0.955882
0.949022
0.944684
0.946462
0.955614
0.971743
0.985565
0.991832
0.995509
1.00023
1.0016
1.003
1.00513
1.00727
1.00857
1.00898
1.0099
1.0109
1.01121
1.01149
1.01193
1.01189
1.01174
1.01153
1.0114
1.01114
1.01089
1.01055
1.01034
1.00998
1.00967
1.00923
1.00886
1.0096
1.00691
1.00182
0.994562
0.986975
0.976383
0.963267
0.951415
0.942693
0.936879
0.937371
0.947326
0.967424
0.985525
0.99309
0.996605
1.00116
1.00279
1.0039
1.00623
1.00787
1.00925
1.00947
1.01049
1.01148
1.0118
1.01217
1.01269
1.01255
1.01248
1.01224
1.01203
1.01171
1.01155
1.01111
1.01077
1.0104
1.01004
1.00986
1.00964
1.01034
1.00612
1.00135
0.994056
0.985927
0.974959
0.961287
0.947068
0.935663
0.927829
0.925926
0.936211
0.961331
0.984959
0.994369
0.997926
1.00234
1.0043
1.00479
1.0071
1.00803
1.0097
1.00997
1.01114
1.01207
1.0125
1.01296
1.01334
1.01303
1.01292
1.01274
1.01249
1.01218
1.01211
1.01171
1.01145
1.01101
1.01051
1.01032
1.01009
1.01209
1.00793
1.00307
0.995441
0.986077
0.973703
0.959295
0.943091
0.928652
0.917499
0.911718
0.921476
0.953173
0.984569
0.996501
1.0003
1.00447
1.00652
1.00618
1.00829
1.00855
1.01042
1.01064
1.01171
1.01245
1.01302
1.01359
1.01368
1.0135
1.01343
1.01324
1.01315
1.01288
1.01283
1.01239
1.01203
1.01176
1.01116
1.01103
1.01073
1.01364
1.00841
1.00301
0.995335
0.985519
0.972353
0.957105
0.939168
0.921838
0.906533
0.89468
0.902524
0.942228
0.983832
0.997845
1.00294
1.00651
1.00822
1.00725
1.00929
1.00925
1.01122
1.01137
1.01247
1.01314
1.01375
1.01455
1.01435
1.01424
1.01409
1.01401
1.01389
1.01381
1.01369
1.01332
1.01271
1.01244
1.01176
1.01163
1.01137
1.01561
1.01054
1.00531
0.997028
0.986797
0.971918
0.954791
0.936125
0.916204
0.895416
0.875011
0.878897
0.928111
0.982218
0.999077
1.0055
1.00936
1.01035
1.00894
1.01076
1.01073
1.01237
1.01221
1.01325
1.01391
1.01441
1.01536
1.01514
1.01518
1.01496
1.01488
1.01452
1.01442
1.01408
1.01386
1.0133
1.01295
1.01242
1.01222
1.01203
1.01812
1.01243
1.0064
0.997006
0.986978
0.971345
0.952219
0.933949
0.912147
0.88489
0.853496
0.850291
0.908819
0.97804
0.999468
1.0066
1.01101
1.01226
1.01084
1.0124
1.01223
1.01349
1.01325
1.01414
1.01495
1.01532
1.01637
1.01609
1.01632
1.01577
1.01594
1.01536
1.01539
1.01484
1.01445
1.01403
1.01351
1.01318
1.01278
1.01272
1.0209
1.01505
1.00964
0.999611
0.988994
0.972109
0.95054
0.932656
0.910124
0.876125
0.831889
0.817496
0.883714
0.970603
0.997948
1.00685
1.01163
1.01387
1.01304
1.014
1.01355
1.01485
1.01456
1.01511
1.016
1.01647
1.01732
1.01693
1.01734
1.01661
1.01708
1.01622
1.01651
1.01603
1.01557
1.01509
1.01437
1.01412
1.01353
1.01358
1.02495
1.01894
1.01194
1.00144
0.990496
0.973333
0.950006
0.931879
0.909598
0.869828
0.811387
0.781565
0.850667
0.956842
0.993137
1.00589
1.01177
1.01434
1.01468
1.01528
1.01503
1.0164
1.01611
1.01647
1.01716
1.0177
1.01846
1.01804
1.01869
1.01785
1.01858
1.01782
1.01802
1.01746
1.01695
1.0164
1.01558
1.01522
1.01457
1.0146
1.02924
1.02293
1.016
1.00715
0.995264
0.976858
0.952275
0.933018
0.910654
0.866472
0.794064
0.744204
0.808783
0.935185
0.984618
1.00242
1.01095
1.01423
1.01545
1.0163
1.01693
1.01805
1.01777
1.01823
1.01855
1.01901
1.01952
1.01897
1.01963
1.01878
1.01952
1.01888
1.01919
1.01858
1.01812
1.01752
1.01681
1.01645
1.01573
1.01578
1.03464
1.02929
1.02069
1.01233
0.999703
0.98096
0.956902
0.937172
0.914063
0.864838
0.779828
0.706201
0.756773
0.902722
0.970765
0.995723
1.00777
1.01312
1.01524
1.01713
1.01886
1.01976
1.0198
1.02036
1.0205
1.02095
1.02113
1.0206
1.02088
1.02001
1.02053
1.01963
1.02009
1.01928
1.01927
1.01848
1.01791
1.0176
1.01684
1.01696
1.04166
1.03468
1.02651
1.01996
1.00737
0.987353
0.965255
0.945585
0.920703
0.86434
0.767727
0.668672
0.697107
0.856469
0.949941
0.984301
1.00093
1.01023
1.01393
1.01712
1.01969
1.0209
1.02171
1.02221
1.02258
1.0231
1.02335
1.02311
1.02278
1.02214
1.02229
1.02131
1.02187
1.02068
1.02077
1.01959
1.01906
1.01866
1.01788
1.01813
1.05108
1.04364
1.03779
1.03209
1.01797
0.996791
0.978519
0.95974
0.93064
0.86374
0.754893
0.631308
0.632145
0.794084
0.919691
0.966742
0.989324
1.00418
1.00998
1.01512
1.0191
1.0212
1.02339
1.02436
1.02555
1.02648
1.02653
1.02659
1.02608
1.02564
1.0254
1.02438
1.02441
1.02276
1.02248
1.02105
1.02055
1.01994
1.01919
1.01949
1.06371
1.05458
1.05127
1.04884
1.0336
1.01294
0.998947
0.981261
0.942773
0.861168
0.738265
0.592713
0.560146
0.717533
0.877094
0.942113
0.972695
0.994274
1.00293
1.01106
1.01693
1.01989
1.02393
1.02534
1.02692
1.02858
1.02844
1.02939
1.02892
1.02863
1.02803
1.02693
1.02626
1.02485
1.02434
1.02328
1.02266
1.022
1.02113
1.02137
1.07843
1.06862
1.06907
1.07094
1.05317
1.03638
1.02675
1.00788
0.954969
0.8529
0.713082
0.549199
0.482268
0.625605
0.819419
0.907744
0.949277
0.980178
0.993645
1.00569
1.01374
1.01816
1.02365
1.02563
1.02733
1.02981
1.02941
1.03098
1.03011
1.03036
1.02959
1.02932
1.02852
1.02818
1.02733
1.02677
1.0257
1.025
1.02387
1.02404
1.09749
1.08709
1.0913
1.09366
1.07429
1.06499
1.06013
1.03273
0.961389
0.834242
0.67375
0.49468
0.397573
0.523154
0.744287
0.861808
0.916899
0.960831
0.981729
0.997542
1.00966
1.01596
1.023
1.02672
1.02885
1.03182
1.0314
1.0332
1.03258
1.03407
1.03332
1.03427
1.03277
1.03304
1.03127
1.03104
1.0292
1.02864
1.02712
1.02733
1.12045
1.11077
1.12315
1.12231
1.10813
1.10821
1.0997
1.05117
0.952518
0.798682
0.61447
0.422401
0.302812
0.417413
0.650803
0.802294
0.874359
0.932507
0.963979
0.985378
1.00379
1.01369
1.02259
1.02903
1.03108
1.03495
1.03519
1.03747
1.03735
1.03948
1.03804
1.0393
1.03684
1.03742
1.03485
1.03497
1.0325
1.03227
1.03054
1.03106
1.14823
1.14651
1.16594
1.16097
1.16175
1.17089
1.13729
1.05704
0.92034
0.737073
0.529527
0.326405
0.193617
0.303844
0.552913
0.730018
0.822521
0.894471
0.937977
0.96849
0.992009
1.00812
1.01832
1.02807
1.03105
1.03612
1.03728
1.04032
1.03991
1.04238
1.0407
1.04234
1.03979
1.04081
1.03816
1.03881
1.03638
1.03659
1.03479
1.03508
1.18437
1.19976
1.21589
1.21452
1.23452
1.21696
1.15187
1.03395
0.856288
0.639866
0.412034
0.20163
0.0759597
0.206503
0.453522
0.646017
0.762484
0.849077
0.905076
0.946672
0.975062
0.997969
1.0103
1.02342
1.02932
1.03529
1.03801
1.04185
1.04168
1.04494
1.043
1.04547
1.04291
1.0445
1.04185
1.0431
1.04047
1.04133
1.03903
1.04011
1.24138
1.26454
1.26854
1.28529
1.28607
1.23219
1.13892
0.973701
0.74886
0.497585
0.254179
0.0360575
0.106803
0.160377
0.36528
0.563242
0.69603
0.799318
0.866823
0.920886
0.955739
0.985804
1.00247
1.01876
1.02908
1.036
1.04135
1.04578
1.04631
1.05013
1.04813
1.05122
1.04854
1.0507
1.04773
1.04896
1.04595
1.04658
1.0445
1.04551
1.31264
1.33265
1.33971
1.3547
1.3194
1.23365
1.0855
0.861349
0.583461
0.299473
0.0785385
0.15708
0.250563
0.240978
0.339102
0.491501
0.632704
0.745466
0.824385
0.893216
0.933651
0.972064
0.994429
1.01299
1.03002
1.03687
1.04703
1.05149
1.0542
1.0586
1.05726
1.06156
1.05889
1.06217
1.05884
1.06078
1.05684
1.0581
1.05544
1.05719
1.41832
1.42176
1.43034
1.4032
1.32015
1.17042
0.941225
0.638797
0.318246
0.0631629
0.230915
0.413204
0.468258
0.415574
0.338452
0.437613
0.573138
0.694382
0.775676
0.860969
0.908161
0.953459
0.985739
1.00454
1.03111
1.03703
1.05426
1.05803
1.06419
1.0696
1.06935
1.07469
1.07206
1.07605
1.07276
1.0755
1.07125
1.07242
1.06942
1.06936
1.48818
1.48289
1.45052
1.36636
1.19936
0.956126
0.629795
0.252383
0.126152
0.398541
0.592867
0.674976
0.673095
0.553154
0.437005
0.454012
0.537405
0.647054
0.720765
0.816958
0.879834
0.928266
0.976954
0.992555
1.02891
1.03654
1.05915
1.06389
1.07409
1.08114
1.08269
1.0914
1.08887
1.09534
1.09192
1.09695
1.09328
1.09426
1.08901
1.08846
1.46106
1.38789
1.24013
1.00278
0.74959
0.476276
0.320519
0.393006
0.618647
0.774959
0.846597
0.86179
0.782011
0.636387
0.546674
0.503624
0.484256
0.578935
0.650146
0.748929
0.838093
0.890313
0.952302
0.975871
1.0158
1.02824
1.05243
1.06885
1.07916
1.09302
1.0965
1.10865
1.10954
1.12129
1.12082
1.12756
1.1272
1.12821
1.12794
1.12603
1.00703
0.76568
0.570643
0.496402
0.51048
0.535786
0.618661
0.716895
0.791498
0.854667
0.87294
0.87177
0.795618
0.632892
0.494086
0.427047
0.475555
0.532601
0.534824
0.633611
0.700445
0.782206
0.862527
0.927756
0.980285
1.02099
1.04601
1.07577
1.08657
1.10562
1.11138
1.12387
1.1246
1.13204
1.13068
1.13499
1.13519
1.14055
1.14576
1.15651
0.187833
0.326205
0.442773
0.477098
0.463045
0.487285
0.550292
0.624438
0.682687
0.731528
0.73957
0.74082
0.688359
0.551923
0.405836
0.340207
0.309159
0.214287
0.276781
0.364058
0.457508
0.544346
0.658956
0.765382
0.875525
0.950741
0.975001
1.03376
1.05042
1.09107
1.10469
1.13262
1.14833
1.17428
1.18861
1.20814
1.21921
1.229
1.23601
1.23816
0.398127
0.427818
0.473695
0.517198
0.550764
0.574848
0.581826
0.569008
0.551924
0.52347
0.491721
0.459766
0.428436
0.383644
0.33285
0.304158
0.306127
0.305565
0.292743
0.282077
0.265866
0.242577
0.236458
0.239031
0.256301
0.166593
0.524642
0.626427
0.639346
0.688434
0.713561
0.766343
0.8052
0.858195
0.898913
0.947008
0.987561
1.03944
1.09366
1.15536
1.01436
1.01417
1.01614
1.01665
1.01761
1.01776
1.0184
1.01849
1.01858
1.01896
1.0186
1.01917
1.01856
1.01908
1.0185
1.01873
1.01822
1.01802
1.01736
1.01665
1.01544
1.01373
1.01119
1.00757
1.00244
0.995398
0.986381
0.976777
0.970475
0.970802
0.978283
0.991224
1.00349
1.00538
1.00421
1.00413
1.00405
1.00397
1.004
1.0041
0.998199
0.998628
0.997343
0.997826
0.997411
0.997646
0.997845
0.997732
0.998283
0.997812
0.99839
0.997917
0.998284
0.998155
0.998219
0.998279
0.998284
0.998431
0.998573
0.998893
0.999437
1.00042
1.00205
1.00461
1.00817
1.01231
1.01655
1.02123
1.02358
1.02424
1.02192
1.01313
1.00689
1.0053
1.00519
1.00517
1.00508
1.00489
1.00457
1.00446
1.01212
1.01283
1.01486
1.01563
1.01705
1.01721
1.01753
1.01818
1.01775
1.01843
1.01781
1.01843
1.01757
1.01815
1.01719
1.01744
1.01648
1.01612
1.01497
1.01387
1.01211
1.00999
1.00721
1.00394
1.00028
0.996482
0.993394
0.993455
0.99682
1.00086
1.00297
1.00399
1.00464
1.00468
1.00457
1.00448
1.00446
1.00485
1.00492
1.00482
1.00065
1.00116
1.00003
1.00022
0.99972
0.99993
1.00001
0.999869
1.00019
1.00007
1.00015
1.00047
1.00017
1.00078
1.00062
1.0012
1.00131
1.00207
1.00266
1.00378
1.00514
1.00701
1.00937
1.01233
1.01551
1.01828
1.02077
1.02234
1.02296
1.02212
1.01879
1.01464
1.01155
1.00942
1.00738
1.00652
1.00607
1.00557
1.00517
1.00508
1.01036
1.01192
1.01342
1.01429
1.0151
1.01588
1.01579
1.01649
1.01619
1.01667
1.01619
1.01665
1.01589
1.01613
1.0154
1.01529
1.01441
1.01371
1.01249
1.01115
1.00939
1.0074
1.00516
1.00297
1.00107
0.99969
0.999519
1.00107
1.00345
1.00495
1.0057
1.00646
1.00661
1.00663
1.0065
1.00608
1.00604
1.00613
1.00582
1.0055
1.00294
1.00299
1.0025
1.0023
1.00238
1.00225
1.00238
1.00242
1.00248
1.00272
1.00261
1.00305
1.003
1.00356
1.00352
1.00422
1.00455
1.0055
1.00635
1.00763
1.00893
1.01044
1.01204
1.01376
1.01529
1.01622
1.0172
1.01826
1.01839
1.01737
1.01477
1.01314
1.01219
1.01078
1.00883
1.00754
1.00697
1.00639
1.00608
1.00594
1.00919
1.01093
1.01198
1.01311
1.01341
1.0143
1.0143
1.01479
1.01468
1.01501
1.01473
1.0149
1.01444
1.01451
1.01391
1.0137
1.01282
1.0121
1.01089
1.00975
1.00827
1.00679
1.0053
1.00409
1.00307
1.00239
1.00252
1.00386
1.00549
1.00604
1.00658
1.00762
1.00798
1.00813
1.00811
1.00775
1.00736
1.00693
1.00656
1.00638
1.00504
1.00454
1.00459
1.00472
1.00468
1.00487
1.00493
1.00501
1.00516
1.00529
1.0054
1.0057
1.00578
1.00616
1.00642
1.00695
1.00751
1.00831
1.00905
1.01004
1.01095
1.01186
1.01277
1.01374
1.01444
1.01458
1.01475
1.0152
1.01503
1.01381
1.01219
1.01153
1.01122
1.0102
1.0089
1.00815
1.00755
1.00719
1.0069
1.00676
1.00868
1.01028
1.01089
1.0119
1.01213
1.01288
1.01297
1.0134
1.01342
1.01368
1.01353
1.01374
1.01346
1.01343
1.01299
1.01269
1.01198
1.01128
1.01034
1.00943
1.00845
1.0075
1.0066
1.00609
1.00584
1.00567
1.00596
1.00698
1.00777
1.00779
1.00813
1.00884
1.00908
1.00916
1.00906
1.00866
1.00806
1.00757
1.0073
1.00709
1.00672
1.00642
1.00644
1.00669
1.00691
1.00719
1.00738
1.00756
1.00771
1.00779
1.00789
1.00803
1.00823
1.00855
1.00883
1.00926
1.00976
1.01036
1.01084
1.01136
1.0119
1.01248
1.01317
1.01368
1.01378
1.01359
1.01351
1.0135
1.01285
1.0117
1.01101
1.01068
1.0104
1.0097
1.00909
1.00866
1.0083
1.00795
1.00758
1.00738
1.00862
1.00987
1.01035
1.01125
1.01137
1.01198
1.01207
1.01249
1.01262
1.01297
1.01296
1.01317
1.01294
1.01296
1.01265
1.01244
1.01194
1.01145
1.01084
1.01023
1.00958
1.00899
1.00854
1.00833
1.00817
1.00807
1.00841
1.00906
1.00936
1.00935
1.00966
1.00993
1.01002
1.0099
1.00941
1.00902
1.00865
1.00824
1.00799
1.00783
1.00791
1.00815
1.00844
1.00866
1.00899
1.00912
1.00947
1.00964
1.00976
1.00982
1.00991
1.01008
1.0103
1.01055
1.01083
1.01115
1.01148
1.01182
1.01217
1.01252
1.01293
1.01335
1.01369
1.01377
1.0135
1.01308
1.01277
1.01242
1.01167
1.0109
1.01054
1.01037
1.0102
1.00993
1.00957
1.00922
1.0089
1.00858
1.00825
1.00808
1.00894
1.00993
1.0103
1.01103
1.01121
1.01174
1.01189
1.0123
1.01256
1.01286
1.01297
1.01313
1.01305
1.01308
1.01291
1.01282
1.01252
1.01226
1.01186
1.01145
1.01102
1.01077
1.0107
1.01072
1.01065
1.01058
1.01076
1.01096
1.01088
1.01079
1.01083
1.01081
1.01056
1.01021
1.00988
1.00951
1.00918
1.00898
1.0087
1.00854
1.00896
1.00956
1.00992
1.01039
1.01066
1.01095
1.01114
1.01132
1.01141
1.01152
1.01167
1.01188
1.01207
1.01231
1.01248
1.01271
1.0129
1.01314
1.01328
1.01353
1.01378
1.01401
1.01406
1.01383
1.01337
1.01306
1.01284
1.01243
1.0119
1.01156
1.01137
1.01124
1.011
1.01061
1.01033
1.00996
1.00944
1.00918
1.009
1.00879
1.00997
1.01049
1.01092
1.01145
1.01176
1.01223
1.01246
1.01288
1.01309
1.01336
1.01347
1.01365
1.01364
1.01375
1.01368
1.01373
1.01357
1.01348
1.0132
1.013
1.01283
1.01277
1.01272
1.01265
1.01258
1.01259
1.01262
1.01265
1.01251
1.01232
1.01217
1.01185
1.01147
1.0111
1.01088
1.01049
1.00998
1.00966
1.00949
1.00946
1.01034
1.01092
1.01124
1.01176
1.01202
1.01241
1.01253
1.01283
1.01294
1.01321
1.01328
1.01354
1.01359
1.01381
1.01381
1.01397
1.01395
1.01409
1.01411
1.01431
1.01442
1.0145
1.01437
1.01411
1.01381
1.01365
1.0135
1.01331
1.01311
1.01296
1.01281
1.01254
1.01212
1.01173
1.0114
1.01094
1.01041
1.00989
1.00961
1.00958
1.01102
1.01161
1.01195
1.01254
1.01281
1.01331
1.01348
1.01387
1.014
1.0143
1.0144
1.01462
1.01466
1.01481
1.01475
1.01481
1.01467
1.01466
1.01453
1.0145
1.01447
1.0145
1.01448
1.01435
1.0143
1.01431
1.01425
1.01404
1.01379
1.01359
1.01341
1.01314
1.01276
1.01249
1.01214
1.01157
1.01111
1.01064
1.01025
1.01016
1.01167
1.01224
1.01257
1.01313
1.01339
1.01386
1.01403
1.01444
1.01455
1.01487
1.01497
1.01519
1.01525
1.01542
1.0154
1.01554
1.0155
1.01568
1.01568
1.01583
1.01583
1.0158
1.01556
1.01532
1.01514
1.01507
1.01497
1.01475
1.01446
1.0142
1.01395
1.01361
1.01327
1.01306
1.01265
1.01198
1.01146
1.01102
1.01055
1.01038
1.0124
1.01295
1.01333
1.01388
1.01418
1.01466
1.01484
1.01529
1.0154
1.01575
1.01587
1.01608
1.01619
1.01635
1.01635
1.01649
1.01647
1.01664
1.01662
1.01669
1.01664
1.01661
1.01639
1.01619
1.01605
1.01601
1.0159
1.01563
1.0153
1.01503
1.01476
1.01439
1.01409
1.01389
1.01349
1.01288
1.0124
1.012
1.01159
1.01133
1.01314
1.0137
1.01413
1.01466
1.015
1.01548
1.0157
1.01617
1.01628
1.01668
1.01678
1.01701
1.01715
1.01732
1.01742
1.01761
1.01766
1.01782
1.01778
1.01784
1.01768
1.01755
1.01721
1.017
1.0169
1.01694
1.01678
1.01645
1.01607
1.01581
1.01552
1.0151
1.01474
1.01442
1.01387
1.01321
1.01264
1.01215
1.01186
1.01174
1.01398
1.01458
1.01504
1.01558
1.01594
1.01641
1.01668
1.01715
1.01728
1.01773
1.01782
1.01813
1.01828
1.0185
1.01867
1.0189
1.01898
1.01911
1.01902
1.01901
1.01876
1.01854
1.0181
1.01792
1.01786
1.01793
1.01766
1.01728
1.01694
1.01676
1.0165
1.01617
1.01594
1.01564
1.01508
1.0145
1.01389
1.01323
1.01289
1.01287
1.015
1.01562
1.01603
1.01662
1.01698
1.01748
1.01777
1.01825
1.01841
1.01891
1.019
1.01943
1.0196
1.01991
1.02013
1.02035
1.02042
1.02048
1.02033
1.02026
1.01994
1.01965
1.01919
1.01912
1.01909
1.01904
1.01853
1.01807
1.01771
1.01747
1.01706
1.01673
1.01654
1.01611
1.01543
1.01483
1.01423
1.01361
1.01316
1.01309
1.01615
1.01674
1.01718
1.01778
1.01809
1.01866
1.01895
1.01945
1.01964
1.02017
1.02028
1.02082
1.02098
1.0214
1.0216
1.02182
1.02185
1.02182
1.02162
1.02148
1.02112
1.02083
1.02052
1.02059
1.02055
1.02036
1.01973
1.01936
1.01908
1.01885
1.01838
1.01813
1.01796
1.01754
1.0169
1.01628
1.0157
1.01516
1.01453
1.01424
1.01735
1.01787
1.0184
1.01898
1.01938
1.02003
1.02028
1.02089
1.02111
1.0217
1.02187
1.02249
1.02267
1.02318
1.02327
1.02344
1.02334
1.02318
1.0229
1.0227
1.02232
1.02206
1.02181
1.02188
1.02164
1.02122
1.02054
1.02035
1.02007
1.01977
1.01922
1.01895
1.01852
1.01801
1.01744
1.01667
1.01597
1.01555
1.01497
1.01461
1.01862
1.01917
1.01981
1.0204
1.02093
1.02163
1.022
1.0227
1.02301
1.02369
1.02396
1.02461
1.02478
1.02527
1.02517
1.02526
1.02492
1.02473
1.02447
1.02433
1.02401
1.02379
1.02363
1.02368
1.0233
1.02282
1.02236
1.0224
1.02208
1.02178
1.02136
1.02111
1.02043
1.01985
1.01931
1.01859
1.01788
1.01733
1.01679
1.01637
1.0201
1.02077
1.0215
1.0222
1.02287
1.02358
1.02413
1.0249
1.02532
1.02606
1.02635
1.02694
1.02697
1.02731
1.02701
1.02701
1.02654
1.02653
1.02639
1.02633
1.02592
1.02568
1.02556
1.02549
1.0249
1.02439
1.02405
1.02394
1.02338
1.02305
1.02265
1.02217
1.02111
1.02051
1.02004
1.01947
1.0186
1.01775
1.01713
1.01676
1.02208
1.02296
1.02373
1.0246
1.02534
1.02616
1.02686
1.02762
1.02817
1.02885
1.02908
1.0295
1.02942
1.02963
1.02929
1.02934
1.02911
1.02951
1.02951
1.02948
1.02896
1.02897
1.02899
1.02887
1.02822
1.02785
1.02747
1.02732
1.02681
1.0264
1.02583
1.02511
1.0241
1.02359
1.02285
1.02217
1.0213
1.02041
1.0196
1.01928
1.02472
1.02568
1.02653
1.02755
1.02829
1.02929
1.02989
1.03073
1.03115
1.03165
1.0317
1.03196
1.03188
1.03216
1.03192
1.03218
1.03225
1.03282
1.03254
1.03227
1.03177
1.03209
1.03195
1.03155
1.03061
1.0302
1.02976
1.02951
1.02867
1.02795
1.02708
1.02638
1.02567
1.02511
1.024
1.02312
1.02202
1.02113
1.02023
1.01991
1.0279
1.02911
1.02983
1.03107
1.03177
1.03278
1.0333
1.0341
1.03431
1.0349
1.03495
1.03561
1.03576
1.0364
1.03635
1.03709
1.03739
1.03798
1.03735
1.03733
1.03723
1.03783
1.03716
1.03658
1.03564
1.03551
1.03488
1.03424
1.03309
1.03239
1.03134
1.03066
1.02987
1.02901
1.02758
1.0264
1.02503
1.02419
1.02339
1.02314
1.03165
1.0328
1.03381
1.03485
1.0355
1.0364
1.0369
1.03765
1.03792
1.03862
1.03895
1.03986
1.03994
1.04046
1.04048
1.04143
1.04142
1.04152
1.04079
1.04122
1.04118
1.04126
1.04009
1.03983
1.03909
1.03892
1.03779
1.03734
1.03643
1.03579
1.03455
1.03392
1.03276
1.03169
1.0302
1.02908
1.02756
1.02672
1.02578
1.02543
1.03604
1.03726
1.03791
1.03931
1.03986
1.04108
1.04148
1.0425
1.04308
1.04428
1.04496
1.04571
1.04566
1.04638
1.04698
1.04786
1.04739
1.04725
1.04685
1.04742
1.04695
1.04675
1.04605
1.04609
1.04529
1.045
1.04387
1.0434
1.04176
1.0408
1.03935
1.03826
1.03652
1.03538
1.03363
1.03222
1.0304
1.02941
1.02818
1.0278
1.04116
1.04232
1.04294
1.04481
1.04536
1.04682
1.04745
1.04867
1.04975
1.05097
1.05132
1.05182
1.05218
1.05375
1.05428
1.05469
1.05407
1.05468
1.05514
1.05586
1.05515
1.05501
1.05413
1.05377
1.05271
1.05229
1.05097
1.04994
1.04809
1.04726
1.04565
1.0446
1.04293
1.04168
1.03982
1.03863
1.03698
1.03575
1.03415
1.03328
1.04694
1.04877
1.05072
1.05214
1.05379
1.05505
1.05632
1.05821
1.05883
1.06004
1.05967
1.06121
1.06195
1.06333
1.06276
1.06278
1.06236
1.06309
1.06249
1.06206
1.06068
1.06017
1.05909
1.05918
1.05841
1.05825
1.05678
1.05596
1.05426
1.05328
1.05146
1.05042
1.04822
1.04676
1.04442
1.04277
1.04031
1.03878
1.03688
1.03574
1.05611
1.05951
1.06137
1.0632
1.06482
1.06694
1.06882
1.07063
1.0714
1.07317
1.07432
1.07676
1.07724
1.07814
1.07821
1.07951
1.08042
1.08152
1.08194
1.08233
1.08187
1.0818
1.08112
1.08089
1.07963
1.07832
1.07583
1.07373
1.0706
1.06844
1.06566
1.06372
1.06089
1.05868
1.0556
1.0532
1.05026
1.04814
1.04584
1.04468
1.06948
1.0721
1.07376
1.07667
1.07882
1.08151
1.08288
1.08485
1.08636
1.08867
1.08963
1.09059
1.09073
1.09167
1.09202
1.09239
1.0918
1.091
1.08917
1.0878
1.0856
1.08459
1.08293
1.08237
1.08049
1.07947
1.07712
1.07593
1.07378
1.07271
1.07087
1.06955
1.06723
1.06532
1.06231
1.05998
1.05713
1.05518
1.0526
1.05099
1.09121
1.09538
1.09867
1.10203
1.10391
1.10719
1.10941
1.11262
1.11445
1.11702
1.11864
1.12103
1.12262
1.12493
1.12611
1.12793
1.12887
1.13074
1.13176
1.13357
1.13441
1.13541
1.13444
1.13371
1.13084
1.12881
1.12486
1.12219
1.11786
1.11473
1.10978
1.10555
1.09983
1.09496
1.0889
1.08394
1.07835
1.07433
1.06935
1.06585
1.12741
1.1265
1.12946
1.1307
1.13432
1.13604
1.13934
1.14075
1.14338
1.14441
1.14644
1.14707
1.14838
1.14855
1.14901
1.14852
1.14794
1.14648
1.14453
1.14187
1.13895
1.13571
1.13257
1.12919
1.12606
1.1227
1.11951
1.1163
1.11316
1.11024
1.10708
1.10394
1.10051
1.09683
1.09255
1.0878
1.08326
1.07894
1.07538
1.07304
1.16467
1.17691
1.1846
1.19548
1.20046
1.20966
1.21396
1.22217
1.22605
1.23348
1.2368
1.24339
1.24581
1.25164
1.25309
1.25836
1.25906
1.26401
1.26417
1.26846
1.26741
1.27007
1.26723
1.26768
1.26289
1.2612
1.25447
1.25061
1.24202
1.2361
1.22578
1.21809
1.20659
1.19789
1.18614
1.17704
1.16541
1.15585
1.14358
1.13179
1.24251
1.24044
1.24805
1.25204
1.26271
1.2674
1.27791
1.28201
1.29126
1.2944
1.30174
1.30374
1.30864
1.30957
1.31184
1.31221
1.31224
1.31253
1.31039
1.30981
1.30431
1.30172
1.29265
1.28833
1.27677
1.27197
1.25946
1.25434
1.24125
1.23593
1.22257
1.21758
1.20487
1.20039
1.18719
1.18017
1.16212
1.14872
1.12693
1.1163
1.20838
1.24477
1.29347
1.3333
1.37499
1.41108
1.44952
1.48158
1.51644
1.54444
1.57532
1.59923
1.62565
1.64483
1.66567
1.67919
1.69343
1.70069
1.70861
1.71112
1.71466
1.71408
1.71398
1.71018
1.70563
1.69738
1.68717
1.67508
1.65933
1.64345
1.62256
1.6039
1.57895
1.5583
1.52945
1.5055
1.4736
1.44564
1.41495
1.38719
1.0041
1.00456
1.00459
1.00479
1.00498
1.00513
1.00529
1.00541
1.00551
1.0056
1.00563
1.00562
1.00557
1.00547
1.00527
1.0051
1.00478
1.00423
1.00361
1.00276
1.00187
1.00076
0.999582
0.998214
0.996871
0.99551
0.994281
0.993179
0.992351
0.991821
0.991731
0.99191
0.992281
0.992988
0.993901
0.994916
0.995785
0.996464
0.996887
0.996472
1.00449
1.00489
1.00487
1.00514
1.00525
1.00545
1.00567
1.00578
1.0059
1.00599
1.00605
1.00604
1.00601
1.00588
1.00574
1.00542
1.00495
1.00449
1.00378
1.00307
1.00202
1.00077
0.99953
0.998253
0.996838
0.995413
0.994002
0.992852
0.991948
0.991356
0.99118
0.99135
0.991909
0.992611
0.993527
0.994767
0.99584
0.996691
0.996983
0.996636
1.00483
1.00516
1.00516
1.00546
1.00561
1.00586
1.00601
1.00616
1.00628
1.00634
1.00645
1.00653
1.00648
1.0063
1.00609
1.00584
1.00542
1.00483
1.00391
1.00294
1.00192
1.00085
0.999499
0.998033
0.996593
0.995071
0.993694
0.992413
0.991446
0.990839
0.990644
0.990835
0.991316
0.992295
0.993453
0.994651
0.995859
0.996685
0.997005
0.996704
1.00507
1.0054
1.00536
1.00578
1.00589
1.00616
1.00629
1.00652
1.00654
1.00666
1.00679
1.00687
1.00681
1.00663
1.00637
1.00597
1.00541
1.00465
1.00393
1.00298
1.00196
1.00058
0.99912
0.997788
0.996257
0.994718
0.993125
0.991868
0.990881
0.990203
0.989996
0.990231
0.990968
0.991837
0.993035
0.994483
0.995979
0.996855
0.997149
0.996767
1.00547
1.00582
1.00569
1.00618
1.00619
1.00643
1.00662
1.00676
1.00682
1.00694
1.00703
1.00713
1.00712
1.00699
1.00676
1.00637
1.00575
1.005
1.00395
1.00283
1.00156
1.00045
0.999104
0.997416
0.995819
0.994173
0.992733
0.991331
0.990258
0.989607
0.989402
0.989638
0.990318
0.991606
0.992893
0.994275
0.995819
0.996741
0.997121
0.996784
1.00582
1.00606
1.0059
1.0064
1.00642
1.00675
1.0069
1.00695
1.00708
1.00713
1.0072
1.00731
1.00719
1.00713
1.00689
1.00645
1.00575
1.0049
1.00388
1.00274
1.00166
1.00018
0.998508
0.997042
0.995424
0.993757
0.991952
0.990606
0.98958
0.98889
0.988624
0.988958
0.989812
0.990921
0.992522
0.994023
0.995783
0.996758
0.997098
0.996793
1.00622
1.00645
1.00628
1.0068
1.00683
1.00713
1.00711
1.00727
1.00742
1.00743
1.00739
1.00736
1.0073
1.0073
1.00718
1.00681
1.00617
1.00528
1.00412
1.00277
1.00131
0.999921
0.998528
0.996764
0.994877
0.993043
0.991496
0.990037
0.988903
0.988175
0.987873
0.98823
0.989123
0.990617
0.992227
0.993683
0.995475
0.996495
0.996972
0.996921
1.00663
1.00679
1.0066
1.00709
1.00706
1.00732
1.00728
1.00757
1.00763
1.00767
1.00752
1.0074
1.00728
1.00711
1.00712
1.00681
1.00619
1.00531
1.00408
1.00276
1.00143
0.999751
0.997897
0.996084
0.994322
0.992565
0.990629
0.989077
0.987966
0.987205
0.986982
0.987379
0.988326
0.989833
0.991798
0.993382
0.995076
0.996358
0.996926
0.996951
1.00706
1.00716
1.0071
1.00757
1.00748
1.00788
1.00785
1.00816
1.00814
1.00815
1.00789
1.00779
1.00766
1.00742
1.00736
1.00715
1.00674
1.00578
1.00454
1.00294
1.00119
0.999529
0.99786
0.995941
0.993808
0.991693
0.989956
0.9884
0.98713
0.986417
0.986181
0.986738
0.987861
0.989358
0.991332
0.9931
0.994737
0.996203
0.997103
0.99724
1.00727
1.00736
1.00731
1.00777
1.0077
1.0082
1.00803
1.00838
1.00832
1.00849
1.00847
1.00822
1.00777
1.00732
1.00709
1.00685
1.00652
1.00568
1.00454
1.00299
1.00137
0.999354
0.997315
0.994984
0.992878
0.990924
0.988918
0.987054
0.985866
0.985181
0.985001
0.985566
0.986735
0.988482
0.990685
0.99235
0.994052
0.995442
0.996912
0.997222
1.00775
1.00783
1.00779
1.00819
1.00833
1.00877
1.0085
1.00888
1.0089
1.00928
1.00918
1.00911
1.00867
1.00795
1.00747
1.0073
1.00693
1.00617
1.00497
1.00326
1.00125
0.99928
0.997028
0.994856
0.992484
0.990053
0.987965
0.986326
0.985041
0.984272
0.984154
0.984845
0.986154
0.987821
0.990042
0.992076
0.993881
0.995146
0.99708
0.997669
1.008
1.0081
1.00797
1.00836
1.00857
1.00888
1.00857
1.00896
1.00904
1.00934
1.00917
1.00927
1.00903
1.00821
1.00756
1.00714
1.00653
1.00577
1.0047
1.00314
1.0013
0.99892
0.996479
0.993756
0.991279
0.988898
0.986765
0.984811
0.983434
0.982789
0.982706
0.983553
0.984942
0.986758
0.988988
0.991042
0.992974
0.994484
0.996728
0.997412
1.00848
1.00857
1.00871
1.00905
1.00938
1.00951
1.00917
1.00956
1.00964
1.00975
1.00942
1.00964
1.00973
1.00931
1.00854
1.00762
1.00689
1.00609
1.00493
1.00322
1.00105
0.998614
0.996112
0.993466
0.990824
0.988103
0.985685
0.983752
0.982429
0.981684
0.981784
0.98248
0.984113
0.986026
0.988385
0.990752
0.992906
0.99478
0.997139
0.997892
1.00865
1.00894
1.00913
1.00942
1.00967
1.00968
1.00939
1.00972
1.00964
1.00971
1.00931
1.00926
1.00932
1.00918
1.0086
1.00761
1.00667
1.00572
1.00437
1.00264
1.00052
0.998158
0.995225
0.992306
0.989289
0.986568
0.984113
0.98221
0.980507
0.979913
0.979892
0.980788
0.982399
0.984451
0.986836
0.989333
0.991956
0.994042
0.996587
0.997567
1.00935
1.0096
1.00964
1.01017
1.01031
1.01019
1.00991
1.01014
1.01021
1.0105
1.01004
1.00973
1.0096
1.00961
1.00921
1.00837
1.00723
1.00586
1.00432
1.00257
1.00032
0.997525
0.994531
0.991509
0.988502
0.985381
0.982878
0.980392
0.979125
0.978436
0.978707
0.979482
0.981401
0.983625
0.986123
0.988871
0.991764
0.993834
0.996923
0.998263
1.00958
1.00962
1.00962
1.01015
1.01041
1.0104
1.01009
1.01013
1.01024
1.01071
1.01036
1.00985
1.00946
1.00915
1.00876
1.00809
1.00703
1.00567
1.00401
1.00201
0.999522
0.996764
0.99374
0.990586
0.987
0.984089
0.980966
0.979047
0.977243
0.976547
0.976527
0.977548
0.979301
0.981709
0.984299
0.987127
0.990171
0.99225
0.996194
0.997801
1.01021
1.01028
1.01033
1.01086
1.01122
1.01136
1.01109
1.01098
1.01099
1.01156
1.01124
1.01101
1.0103
1.00973
1.00905
1.00835
1.0072
1.00557
1.00364
1.00144
0.998829
0.996095
0.9928
0.989198
0.985745
0.982115
0.979559
0.976813
0.975289
0.974494
0.97499
0.975982
0.977961
0.98061
0.983435
0.9865
0.989957
0.99203
0.996512
0.998802
1.01046
1.01066
1.01083
1.01111
1.01164
1.01182
1.01156
1.0112
1.01119
1.01129
1.01102
1.01119
1.0106
1.00981
1.009
1.00816
1.00695
1.00547
1.00347
1.00103
0.99837
0.995135
0.991487
0.988104
0.984092
0.980999
0.977284
0.975041
0.973256
0.97226
0.97241
0.973597
0.975443
0.978105
0.981218
0.984491
0.987892
0.990264
0.994979
0.997673
1.01139
1.01165
1.01172
1.01192
1.01226
1.01262
1.01257
1.01254
1.01243
1.01212
1.01157
1.01157
1.01112
1.01036
1.00935
1.00808
1.00671
1.00498
1.00275
1.00011
0.99699
0.993628
0.990045
0.986018
0.982499
0.978188
0.975366
0.972309
0.970518
0.969782
0.970172
0.971572
0.973714
0.976639
0.980168
0.983624
0.987767
0.990126
0.994735
0.99846
1.01169
1.01187
1.01177
1.01203
1.01219
1.01247
1.01238
1.01251
1.01249
1.01212
1.01162
1.01149
1.01091
1.01032
1.00937
1.00821
1.00681
1.00476
1.00237
0.999627
0.996656
0.992979
0.988606
0.984955
0.979903
0.976665
0.972472
0.970009
0.967845
0.966975
0.967228
0.968513
0.970617
0.973645
0.977217
0.980894
0.985308
0.988115
0.992592
0.996773
1.0128
1.01286
1.01278
1.01313
1.01321
1.01355
1.01351
1.01379
1.01358
1.01332
1.01276
1.01215
1.01129
1.01069
1.00978
1.0084
1.00648
1.00426
1.00164
0.998858
0.995088
0.99094
0.98685
0.981955
0.978329
0.973184
0.970171
0.96642
0.964572
0.963886
0.964382
0.965964
0.968391
0.971805
0.975811
0.979591
0.984933
0.987937
0.992531
0.997347
1.01315
1.01315
1.01318
1.01342
1.01344
1.01377
1.01371
1.01391
1.01352
1.01323
1.01279
1.01235
1.01151
1.01083
1.00964
1.00796
1.00624
1.00374
1.00109
0.997733
0.994002
0.989786
0.984838
0.980826
0.97461
0.971092
0.965963
0.963433
0.961063
0.960183
0.960496
0.961972
0.964459
0.968015
0.971954
0.97609
0.981643
0.985232
0.989947
0.994963
1.0144
1.01446
1.01466
1.01485
1.01488
1.01524
1.01526
1.01555
1.01502
1.01486
1.01426
1.01375
1.01279
1.01183
1.01024
1.00851
1.00637
1.00373
1.00056
0.996927
0.992652
0.987744
0.983074
0.977036
0.972649
0.966553
0.963323
0.958912
0.957096
0.956649
0.956732
0.958676
0.961623
0.965776
0.970035
0.974611
0.980825
0.98477
0.990036
0.995451
1.01473
1.01472
1.01496
1.0151
1.01516
1.01531
1.01521
1.01535
1.01487
1.0147
1.01401
1.01349
1.01256
1.0113
1.00996
1.00772
1.00536
1.00222
0.998718
0.995044
0.990429
0.985414
0.979571
0.97475
0.967579
0.963516
0.957581
0.954791
0.952166
0.950629
0.951657
0.953408
0.956527
0.960734
0.965177
0.97015
0.976415
0.980923
0.986604
0.992229
1.0163
1.01636
1.01668
1.01694
1.01708
1.01704
1.01695
1.0171
1.01691
1.01697
1.01624
1.01561
1.01434
1.01288
1.01087
1.00842
1.00566
1.00248
0.998806
0.9943
0.988894
0.983029
0.977603
0.970324
0.965104
0.958235
0.954094
0.949363
0.947241
0.94669
0.946999
0.949253
0.952802
0.95782
0.962745
0.968444
0.975203
0.980123
0.986475
0.992859
1.01673
1.01669
1.01686
1.01702
1.01709
1.01701
1.01695
1.01687
1.01645
1.01623
1.01546
1.01472
1.01322
1.0114
1.00937
1.00677
1.00395
1.00025
0.995875
0.991056
0.985395
0.979636
0.972659
0.966264
0.958291
0.95281
0.946586
0.942945
0.940194
0.938614
0.939696
0.942062
0.945971
0.951004
0.956465
0.96262
0.969192
0.974718
0.981512
0.988436
1.01921
1.01925
1.01933
1.01953
1.01961
1.01981
1.02
1.01992
1.01926
1.01879
1.01789
1.01686
1.01506
1.01339
1.01082
1.00793
1.00451
1.00008
0.995653
0.989437
0.98341
0.976153
0.9694
0.960805
0.954528
0.946881
0.941537
0.936214
0.933807
0.932901
0.933823
0.936977
0.941063
0.94711
0.953361
0.960295
0.967699
0.973734
0.981053
0.988909
1.01995
1.01987
1.01994
1.01983
1.01989
1.01967
1.01968
1.01929
1.01864
1.0178
1.01669
1.01543
1.01362
1.01174
1.00895
1.00554
1.00156
0.996895
0.991378
0.985441
0.978304
0.971238
0.962218
0.954313
0.945183
0.938519
0.931224
0.927367
0.923925
0.922371
0.92398
0.926881
0.931648
0.937976
0.944635
0.952352
0.959746
0.966562
0.974244
0.982615
1.02283
1.02301
1.02293
1.0233
1.02316
1.02313
1.0228
1.02258
1.02172
1.02093
1.01963
1.01808
1.01595
1.01339
1.00983
1.00631
1.00183
0.996296
0.99025
0.982159
0.974572
0.965434
0.956884
0.94701
0.939151
0.930203
0.923858
0.917497
0.914621
0.914373
0.916262
0.920253
0.925283
0.932747
0.940544
0.949008
0.957847
0.965296
0.973646
0.982863
1.02512
1.02491
1.02494
1.0247
1.02437
1.02383
1.0232
1.0223
1.02126
1.02034
1.01879
1.01685
1.01426
1.01123
1.00754
1.00316
0.997293
0.991274
0.983655
0.976206
0.966561
0.957762
0.946452
0.936731
0.925935
0.917609
0.909198
0.904755
0.901127
0.899838
0.901605
0.90612
0.911492
0.920241
0.928154
0.937789
0.947177
0.955342
0.964396
0.973876
1.02707
1.02709
1.0269
1.02698
1.02672
1.02653
1.02608
1.02554
1.02438
1.02326
1.02134
1.01926
1.01618
1.01248
1.00815
1.00273
0.996563
0.989143
0.980746
0.970135
0.960789
0.948513
0.937887
0.925893
0.916026
0.905591
0.898195
0.891134
0.888009
0.888219
0.891456
0.896907
0.903382
0.913124
0.922863
0.93322
0.94454
0.953878
0.96391
0.974481
1.03239
1.03175
1.03112
1.03075
1.03015
1.02949
1.02847
1.02718
1.02564
1.02362
1.02072
1.01764
1.01352
1.0097
1.00359
0.99723
0.988832
0.980698
0.969616
0.960186
0.946458
0.935118
0.921084
0.908911
0.896174
0.885941
0.876181
0.870765
0.86779
0.866998
0.87011
0.876589
0.88337
0.895157
0.905131
0.91677
0.929385
0.939771
0.951327
0.96262
1.03426
1.03349
1.03281
1.03223
1.03147
1.03091
1.0301
1.02914
1.02741
1.02525
1.02241
1.01872
1.01416
1.00835
1.00186
0.993944
0.985633
0.974096
0.963328
0.948887
0.936431
0.9208
0.906998
0.892077
0.879477
0.867013
0.858131
0.852333
0.848469
0.849994
0.854939
0.863654
0.871629
0.885484
0.89851
0.91093
0.926014
0.93779
0.951307
0.963942
1.04318
1.04213
1.04095
1.03979
1.03828
1.03665
1.03463
1.03282
1.0299
1.02675
1.02193
1.0174
1.0106
1.0044
0.994316
0.985795
0.972202
0.961271
0.944809
0.931353
0.913034
0.896947
0.878983
0.863475
0.848043
0.835163
0.825976
0.817976
0.816465
0.818245
0.823704
0.833179
0.842697
0.858101
0.872336
0.887357
0.903716
0.918393
0.93392
0.946934
1.04895
1.04748
1.04517
1.04347
1.04105
1.03885
1.03583
1.03278
1.02929
1.02495
1.02013
1.01322
1.0065
0.996351
0.987134
0.973373
0.961002
0.943892
0.928339
0.9086
0.890622
0.870546
0.852796
0.834128
0.816817
0.804288
0.793645
0.789389
0.788178
0.791924
0.799257
0.813976
0.826237
0.844861
0.864465
0.879445
0.900449
0.914011
0.935139
0.948659
1.06226
1.06002
1.05684
1.05453
1.05048
1.04784
1.04264
1.03918
1.03233
1.02761
1.01847
1.0118
0.999167
0.989386
0.972712
0.959187
0.938347
0.920925
0.897125
0.876422
0.85134
0.829142
0.805531
0.783527
0.764683
0.748995
0.741712
0.733644
0.735959
0.741042
0.751994
0.769034
0.783227
0.801249
0.827205
0.846861
0.869096
0.888092
0.90832
0.927057
1.07182
1.06966
1.06759
1.06267
1.05848
1.05191
1.04669
1.03875
1.0322
1.0219
1.01268
0.998936
0.985906
0.967971
0.950314
0.928063
0.905722
0.880255
0.854585
0.827405
0.799498
0.772862
0.746108
0.724255
0.7043
0.694657
0.682204
0.683242
0.687027
0.698832
0.711538
0.739322
0.763803
0.78566
0.814353
0.838804
0.869875
0.890139
0.914361
0.930423
1.11753
1.10818
1.09415
1.08674
1.07453
1.06861
1.05667
1.04964
1.03508
1.02401
1.00487
0.988447
0.96428
0.942346
0.913542
0.88658
0.85385
0.822819
0.787443
0.754065
0.717782
0.686516
0.655446
0.629587
0.610968
0.589043
0.588378
0.586263
0.599944
0.6158
0.637507
0.662165
0.698485
0.725188
0.761001
0.786786
0.823852
0.850953
0.892572
0.918244
1.10795
1.10329
1.10195
1.09931
1.09431
1.08642
1.07223
1.05591
1.03272
1.00887
0.978349
0.948256
0.911733
0.876313
0.834817
0.794832
0.749659
0.706803
0.660952
0.619481
0.579156
0.546927
0.511807
0.49636
0.467992
0.474744
0.479298
0.498892
0.526378
0.56614
0.603406
0.648002
0.695484
0.735341
0.783268
0.820348
0.856786
0.887259
0.913936
0.944832
1.35561
1.32959
1.28603
1.25046
1.19826
1.15646
1.10003
1.0563
0.997457
0.952936
0.891981
0.84631
0.782844
0.735662
0.669991
0.621955
0.556022
0.508343
0.444219
0.398267
0.345455
0.306932
0.287964
0.257555
0.243121
0.309295
0.329027
0.389603
0.447225
0.500856
0.579243
0.620776
0.707578
0.748535
0.828296
0.872151
0.942135
0.985336
1.04589
1.08245
0.999994
1
1
1
1
1
1
0.999999
0.999998
0.999996
0.999995
0.999994
0.999993
0.999991
0.999991
0.999991
0.99999
0.99999
0.99999
0.99999
0.99999
0.99999
0.999991
0.999991
0.999992
0.999993
0.999994
0.999995
0.999997
0.999998
0.999999
1
1
1
1
1
1
1
1
0.99999
0.999999
1.00001
1.00001
1
1
1
1.00001
1.00001
1.00001
1.00001
1.00001
1.00001
1.00001
1.00001
1.00001
1.00001
1.00001
1.00001
1.00001
1.00001
1.00001
1.00001
1.00001
1
1
1
0.999998
0.999996
0.999993
0.999991
0.999989
0.999987
0.999986
0.999985
0.999985
0.999985
0.999985
0.999985
0.999988
0.99997
1.00001
1.00003
1.00003
1.00003
1.00003
1.00002
1.00002
1.00002
1.00002
1.00002
1.00002
1.00002
1.00002
1.00001
1.00001
1.00001
1.00001
1.00001
1.00001
1.00001
1
0.999999
0.999995
0.99999
0.999985
0.999981
0.999976
0.999973
0.999968
0.999965
0.999963
0.999961
0.99996
0.999959
0.999959
0.999959
0.999959
0.99996
0.999962
0.999932
1.00003
1.00005
1.00005
1.00004
1.00004
1.00004
1.00004
1.00004
1.00004
1.00004
1.00004
1.00004
1.00004
1.00004
1.00004
1.00003
1.00003
1.00002
1.00002
1.00001
1
0.999993
0.999984
0.999974
0.999964
0.999955
0.999946
0.999938
0.999931
0.999925
0.999921
0.999918
0.999916
0.999915
0.999916
0.999917
0.999918
0.999921
0.999928
0.99989
1.00005
1.00008
1.00007
1.00007
1.00007
1.00006
1.00006
1.00006
1.00006
1.00007
1.00007
1.00007
1.00007
1.00007
1.00007
1.00006
1.00006
1.00005
1.00004
1.00004
1.00002
1.00001
1
0.999986
0.999971
0.999956
0.999941
0.999927
0.999915
0.999904
0.999895
0.999888
0.999883
0.999878
0.999877
0.999876
0.999876
0.999878
0.999884
0.999838
1.00008
1.00013
1.00012
1.00012
1.00011
1.00011
1.00011
1.00011
1.00011
1.00011
1.00011
1.00011
1.00011
1.00011
1.0001
1.0001
1.00009
1.00008
1.00007
1.00005
1.00003
1.00001
0.999995
0.999972
0.999948
0.999925
0.999903
0.999882
0.999863
0.999847
0.999833
0.999823
0.999816
0.999811
0.999809
0.99981
0.999813
0.999818
0.999827
0.999765
1.00011
1.00018
1.00017
1.00017
1.00017
1.00017
1.00017
1.00017
1.00017
1.00017
1.00017
1.00018
1.00018
1.00017
1.00017
1.00016
1.00015
1.00014
1.00012
1.0001
1.00007
1.00004
1.00001
0.999982
0.999948
0.999915
0.999883
0.999854
0.999827
0.999805
0.999787
0.999773
0.999765
0.999759
0.999758
0.999758
0.999761
0.999766
0.999777
0.999703
1.00015
1.00024
1.00024
1.00024
1.00024
1.00024
1.00024
1.00025
1.00025
1.00025
1.00025
1.00024
1.00024
1.00023
1.00022
1.00021
1.0002
1.00018
1.00016
1.00013
1.0001
1.00007
1.00003
0.999996
0.999957
0.999917
0.999879
0.999843
0.999811
0.999781
0.999757
0.999737
0.999721
0.99971
0.999703
0.9997
0.999702
0.999705
0.999717
0.999629
1.0002
1.00032
1.00032
1.00032
1.00032
1.00033
1.00034
1.00034
1.00035
1.00035
1.00036
1.00036
1.00035
1.00035
1.00034
1.00032
1.00031
1.00028
1.00025
1.00021
1.00017
1.00013
1.00008
1.00001
0.999959
0.999903
0.999848
0.999798
0.999752
0.999713
0.99968
0.999654
0.999636
0.999623
0.999618
0.999617
0.999621
0.999626
0.999637
0.999527
1.00024
1.00036
1.00035
1.00035
1.00035
1.00035
1.00035
1.00035
1.00035
1.00035
1.00035
1.00034
1.00034
1.00032
1.00031
1.00029
1.00026
1.00023
1.00021
1.00016
1.00011
1.00006
0.999996
0.999935
0.999874
0.999814
0.999758
0.999705
0.99966
0.99962
0.999588
0.999561
0.999543
0.999531
0.999525
0.999527
0.999533
0.999541
0.999556
0.999434
1.00028
1.00042
1.0004
1.0004
1.00039
1.00039
1.00039
1.00038
1.00038
1.00037
1.00037
1.00035
1.00034
1.00032
1.0003
1.00027
1.00024
1.0002
1.00015
1.00009
1.00003
0.999967
0.9999
0.999831
0.999761
0.999696
0.999633
0.999579
0.999531
0.999492
0.999462
0.999441
0.99943
0.999425
0.999426
0.999432
0.999442
0.999453
0.999465
0.999316
1.00034
1.00049
1.00048
1.00048
1.00047
1.00047
1.00046
1.00046
1.00045
1.00044
1.00043
1.00041
1.00039
1.00036
1.00033
1.0003
1.00026
1.0002
1.00015
1.00008
1
0.999927
0.999847
0.999768
0.999691
0.999617
0.999548
0.999487
0.999434
0.999392
0.99936
0.999338
0.999325
0.999321
0.999323
0.999331
0.999342
0.999357
0.999374
0.999203
1.0004
1.00058
1.00057
1.00057
1.00056
1.00056
1.00056
1.00057
1.00057
1.00057
1.00056
1.00056
1.00054
1.00053
1.00051
1.00048
1.00044
1.00038
1.00033
1.00025
1.00017
1.00009
0.999992
0.999892
0.999791
0.999691
0.999598
0.999515
0.99944
0.999377
0.999327
0.99929
0.999267
0.999257
0.999255
0.999262
0.999273
0.999287
0.999301
0.999125
1.00049
1.00069
1.00069
1.00069
1.0007
1.0007
1.00071
1.00072
1.00073
1.00074
1.00074
1.00074
1.00073
1.00073
1.00071
1.00067
1.00063
1.00056
1.00049
1.00041
1.00031
1.0002
1.00009
0.999963
0.99984
0.999717
0.999601
0.99949
0.999395
0.999316
0.999253
0.999207
0.999176
0.999161
0.999155
0.999164
0.999176
0.999193
0.999216
0.999018
1.00055
1.00078
1.00077
1.00077
1.00077
1.00078
1.00079
1.0008
1.0008
1.00081
1.00081
1.00081
1.0008
1.00079
1.00077
1.00073
1.00068
1.00061
1.00053
1.00044
1.00033
1.00021
1.00008
0.999947
0.999805
0.999665
0.999532
0.999418
0.999314
0.999228
0.99916
0.999112
0.999081
0.999068
0.999068
0.999079
0.999097
0.999116
0.999133
0.99893
1.00061
1.00084
1.00083
1.00082
1.00081
1.00082
1.00082
1.00081
1.00081
1.0008
1.00079
1.00078
1.00076
1.00073
1.00069
1.00063
1.00057
1.00048
1.00039
1.00028
1.00015
1.00002
0.999879
0.999737
0.999596
0.99946
0.999333
0.999215
0.999115
0.999037
0.998978
0.99894
0.998918
0.998914
0.998917
0.998943
0.998966
0.998998
0.999028
0.9988
1.00066
1.0009
1.00088
1.00088
1.00087
1.00087
1.00087
1.00087
1.00086
1.00085
1.00084
1.00082
1.00081
1.00077
1.00071
1.00065
1.00057
1.00048
1.00037
1.00024
1.00011
0.999955
0.999793
0.999624
0.999458
0.999299
0.999152
0.999024
0.99892
0.998836
0.998775
0.99874
0.99873
0.998739
0.998763
0.998796
0.998831
0.998874
0.998911
0.998676
1.00072
1.001
1.00099
1.00097
1.00098
1.00099
1.00099
1.00099
1.00099
1.00099
1.00098
1.00097
1.00095
1.00091
1.00085
1.00079
1.00071
1.00061
1.0005
1.00036
1.0002
1.00003
0.999861
0.999688
0.999514
0.999342
0.999178
0.999025
0.998896
0.998796
0.998724
0.998682
0.998664
0.998668
0.998687
0.998724
0.998762
0.998811
0.998852
0.998598
1.00083
1.00113
1.00113
1.00115
1.00115
1.00115
1.00117
1.00118
1.00119
1.0012
1.0012
1.0012
1.00118
1.00116
1.00112
1.00106
1.00097
1.00086
1.00073
1.00059
1.00043
1.00024
1.00003
0.999813
0.999586
0.999373
0.99918
0.999025
0.998887
0.998777
0.998694
0.998641
0.99862
0.998621
0.998635
0.998678
0.998719
0.998767
0.998802
0.998526
1.0009
1.00122
1.00123
1.00124
1.00124
1.00126
1.00128
1.00129
1.0013
1.0013
1.00129
1.00129
1.00127
1.00122
1.00115
1.00109
1.00098
1.00087
1.00071
1.00054
1.00035
1.00014
0.999921
0.999716
0.999507
0.9993
0.999098
0.998908
0.998764
0.99864
0.998556
0.998515
0.998497
0.998509
0.998532
0.998587
0.998633
0.998698
0.998739
0.998444
1.00095
1.00126
1.00126
1.00125
1.00126
1.00126
1.00125
1.00125
1.00126
1.00126
1.00126
1.00124
1.00121
1.00118
1.00112
1.00104
1.00092
1.00081
1.00066
1.0005
1.0003
1.00007
0.999824
0.999547
0.999278
0.999026
0.998806
0.998633
0.998461
0.998357
0.998287
0.998242
0.998239
0.998264
0.998322
0.998397
0.998471
0.998542
0.998606
0.998308
1.00101
1.00135
1.00134
1.00136
1.00135
1.00137
1.0014
1.00141
1.00142
1.00144
1.00144
1.00142
1.00139
1.00133
1.00128
1.00121
1.00105
1.00091
1.00071
1.00049
1.00026
1
0.999733
0.999473
0.999207
0.998949
0.998703
0.998472
0.998326
0.998177
0.998088
0.99806
0.998064
0.998099
0.998161
0.998264
0.998328
0.998415
0.998467
0.998154
1.00115
1.00151
1.00153
1.00152
1.00158
1.0016
1.00161
1.00163
1.00165
1.00166
1.00166
1.00164
1.00161
1.00155
1.00148
1.00141
1.00124
1.00112
1.00093
1.00072
1.00046
1.00018
0.999869
0.999533
0.999211
0.998906
0.998636
0.998421
0.998196
0.998077
0.997997
0.997956
0.997962
0.998001
0.998051
0.998127
0.99824
0.998327
0.998394
0.998064
1.00128
1.00166
1.00166
1.00168
1.0017
1.00174
1.00178
1.00182
1.00185
1.00186
1.00186
1.00184
1.00181
1.00175
1.00167
1.0016
1.00142
1.00123
1.00097
1.00072
1.00043
1.00011
0.999782
0.999452
0.999107
0.998779
0.998481
0.998209
0.998041
0.997868
0.997772
0.99774
0.997753
0.997822
0.997884
0.998013
0.998098
0.998201
0.998268
0.997936
1.0014
1.00179
1.0018
1.00182
1.00186
1.00189
1.00193
1.00197
1.00199
1.002
1.00199
1.00198
1.00194
1.00184
1.00175
1.00168
1.0015
1.00133
1.0011
1.00083
1.00052
1.00017
0.999784
0.99938
0.998996
0.998626
0.998291
0.99802
0.997761
0.997616
0.99752
0.997499
0.99754
0.997626
0.997691
0.997756
0.997909
0.998026
0.998115
0.997777
1.00151
1.0019
1.00192
1.00195
1.00199
1.00203
1.00207
1.00212
1.00216
1.00217
1.00217
1.00216
1.00211
1.00203
1.00193
1.00186
1.00165
1.00143
1.00113
1.00081
1.00046
1.00007
0.999668
0.999251
0.998821
0.998415
0.998052
0.997743
0.997527
0.997347
0.997258
0.997224
0.997253
0.997362
0.99744
0.997591
0.997715
0.997842
0.997939
0.9976
1.00168
1.00211
1.00213
1.00216
1.0022
1.00226
1.00231
1.00235
1.00238
1.00239
1.00239
1.00236
1.00232
1.00221
1.00206
1.00199
1.00184
1.0016
1.00132
1.00099
1.00061
1.00019
0.999723
0.999245
0.998774
0.998327
0.99792
0.997576
0.997304
0.997112
0.996999
0.996991
0.997059
0.997189
0.997287
0.997373
0.997546
0.99769
0.997797
0.997456
1.00183
1.00224
1.00227
1.00232
1.00237
1.00243
1.00248
1.00254
1.00258
1.0026
1.00261
1.00258
1.0025
1.00242
1.00228
1.00219
1.00197
1.00172
1.00138
1.001
1.00056
1.0001
0.999607
0.999097
0.998592
0.998106
0.997668
0.997311
0.997034
0.996852
0.996758
0.996737
0.996793
0.996922
0.997027
0.997189
0.997368
0.997528
0.99765
0.997304
1.00202
1.00246
1.0025
1.00254
1.00259
1.00265
1.00272
1.00276
1.00279
1.0028
1.00279
1.00276
1.00271
1.00261
1.00243
1.00236
1.00219
1.00189
1.00156
1.00116
1.00072
1.00022
0.999677
0.999108
0.998529
0.997988
0.997507
0.997094
0.996787
0.99656
0.996456
0.996446
0.996521
0.996679
0.996815
0.996988
0.997175
0.997351
0.997497
0.997162
1.00216
1.0026
1.00263
1.00268
1.00274
1.0028
1.00287
1.00292
1.00297
1.00299
1.00301
1.00298
1.00289
1.0028
1.00264
1.00251
1.00228
1.00201
1.0016
1.00117
1.00067
1.00012
0.999524
0.998922
0.99833
0.997758
0.997232
0.996801
0.996481
0.996278
0.996166
0.996172
0.996272
0.996425
0.996589
0.996755
0.997
0.997205
0.997356
0.997016
1.00236
1.0028
1.00286
1.00292
1.00297
1.00305
1.00313
1.00318
1.00321
1.00322
1.00321
1.00317
1.00311
1.00301
1.00284
1.00273
1.00252
1.00218
1.00181
1.00135
1.00084
1.00025
0.999624
0.998945
0.99826
0.997614
0.997047
0.99657
0.996202
0.995968
0.995869
0.995864
0.995949
0.996127
0.9963
0.996586
0.996803
0.997026
0.997221
0.996888
1.00251
1.00296
1.003
1.00306
1.00314
1.0032
1.00328
1.00334
1.00338
1.0034
1.00342
1.00339
1.00332
1.00321
1.00305
1.00287
1.00264
1.00231
1.00186
1.00137
1.00079
1.00016
0.999463
0.998762
0.998052
0.997373
0.996751
0.996237
0.995877
0.995634
0.995539
0.995567
0.995701
0.995883
0.996129
0.996337
0.996643
0.996899
0.9971
0.996777
1.00271
1.00317
1.00323
1.0033
1.00337
1.00345
1.00354
1.0036
1.00364
1.00366
1.00364
1.00359
1.00352
1.00342
1.00327
1.00312
1.00288
1.00252
1.00209
1.00158
1.00098
1.0003
0.999576
0.998782
0.997999
0.997241
0.996569
0.996006
0.995567
0.995319
0.995212
0.995235
0.995352
0.995575
0.995806
0.996155
0.99644
0.996739
0.996993
0.99667
1.00285
1.0033
1.00336
1.00343
1.00352
1.00361
1.0037
1.00377
1.00381
1.00383
1.00385
1.00381
1.00375
1.00363
1.00347
1.00328
1.003
1.00262
1.00216
1.00158
1.00094
1.00022
0.999417
0.998593
0.997739
0.996935
0.996208
0.995605
0.995191
0.994938
0.994868
0.994921
0.995079
0.995303
0.995618
0.995953
0.996298
0.996616
0.996894
0.996579
1.00305
1.00352
1.00359
1.00367
1.00377
1.00386
1.00396
1.00403
1.00408
1.00409
1.00409
1.00403
1.00397
1.00387
1.00371
1.00353
1.00327
1.00288
1.00239
1.00184
1.00116
1.00038
0.999545
0.998632
0.997728
0.996837
0.996039
0.995367
0.994855
0.994572
0.994487
0.994538
0.994702
0.994964
0.995318
0.995705
0.996107
0.996473
0.996809
0.996506
1.00318
1.00365
1.00371
1.0038
1.00391
1.004
1.00411
1.00419
1.00425
1.00428
1.00429
1.00425
1.00418
1.00405
1.00392
1.0037
1.0034
1.00302
1.00248
1.00184
1.00111
1.0003
0.999378
0.998416
0.997418
0.99648
0.99563
0.994937
0.994426
0.994154
0.994134
0.994221
0.994411
0.994727
0.995094
0.995579
0.995975
0.996386
0.996754
0.996441
1.00339
1.00386
1.00393
1.00404
1.00415
1.00427
1.00438
1.00447
1.00453
1.00456
1.00456
1.00451
1.00444
1.00434
1.00416
1.00399
1.00369
1.00326
1.00275
1.00212
1.00136
1.0005
0.999531
0.998496
0.99744
0.996385
0.995453
0.994667
0.994069
0.993752
0.993689
0.993777
0.993975
0.994305
0.9948
0.995315
0.995826
0.996264
0.996709
0.996401
1.00348
1.00396
1.00404
1.00415
1.00428
1.00441
1.00453
1.00463
1.0047
1.00474
1.00476
1.00472
1.00464
1.00454
1.0044
1.00417
1.00384
1.00342
1.00283
1.00213
1.00132
1.00038
0.999359
0.998249
0.997103
0.996019
0.995017
0.994198
0.993589
0.993266
0.993294
0.993393
0.993679
0.994095
0.994611
0.995215
0.995769
0.996257
0.996721
0.996377
1.00373
1.00421
1.00429
1.00443
1.00458
1.00472
1.00486
1.00495
1.00503
1.00508
1.00508
1.00503
1.00495
1.00483
1.00467
1.00448
1.00416
1.00371
1.00314
1.00243
1.00157
1.00063
0.999525
0.998368
0.99715
0.995928
0.994842
0.993943
0.99322
0.992816
0.992795
0.992936
0.993153
0.993636
0.994259
0.995034
0.995647
0.996221
0.996727
0.996389
1.00365
1.00416
1.00432
1.00446
1.00462
1.00477
1.00492
1.00504
1.00513
1.00519
1.00521
1.00518
1.00513
1.00502
1.00486
1.00463
1.0043
1.00382
1.0032
1.00244
1.00153
1.00048
0.999327
0.998066
0.996755
0.995516
0.994354
0.99342
0.992696
0.992292
0.992295
0.992439
0.992872
0.993429
0.994178
0.99497
0.995762
0.996397
0.99684
0.996343
1.0104
1.00362
1.00589
1.0045
1.00554
1.00549
1.00574
1.00599
1.00606
1.00612
1.00618
1.0062
1.00624
1.00626
1.0062
1.00611
1.00597
1.00545
1.00461
1.00371
1.00277
1.00155
1.00002
0.998669
0.996963
0.994879
0.992504
0.989975
0.987983
0.986547
0.9858
0.986373
0.988203
0.992602
0.994717
0.995681
0.994565
0.995993
0.995903
0.998701
1.00944
1.00382
1.00563
1.00368
1.00512
1.00471
1.00509
1.00528
1.00535
1.00561
1.00575
1.00584
1.00582
1.00577
1.00579
1.00568
1.00496
1.00406
1.00332
1.00289
1.00217
1.00095
0.9996
0.99834
0.996849
0.995152
0.993306
0.991501
0.990055
0.989099
0.988536
0.989093
0.98959
0.993378
0.994683
0.997758
0.994925
0.996323
0.993256
0.99754
1.00786
1.00348
1.00473
1.00346
1.00476
1.00399
1.00489
1.00469
1.00508
1.00536
1.00564
1.00575
1.00556
1.00517
1.00485
1.00462
1.00418
1.00351
1.00294
1.00249
1.00177
1.00082
0.999731
0.998537
0.997253
0.995889
0.994327
0.992848
0.991741
0.991137
0.990524
0.991001
0.990716
0.993862
0.994439
0.998379
0.995236
0.998476
0.991407
0.993994
1.00388
1.00286
1.0044
1.00348
1.00458
1.00384
1.00495
1.00477
1.00539
1.00559
1.00584
1.00578
1.00548
1.00502
1.00462
1.00438
1.00405
1.00333
1.00261
1.00209
1.00151
1.00082
0.999933
0.998878
0.997754
0.99658
0.99535
0.994153
0.993201
0.992622
0.991891
0.992336
0.991861
0.994369
0.994281
0.998411
0.995537
0.999723
0.990639
0.991873
0.999547
1.00309
1.00439
1.00368
1.00455
1.00403
1.00532
1.00528
1.0058
1.00582
1.00584
1.00566
1.00529
1.00482
1.00445
1.00429
1.00392
1.00304
1.00229
1.00185
1.00134
1.0007
0.999896
0.998974
0.997997
0.996971
0.996208
0.995381
0.994526
0.993867
0.99321
0.993651
0.993229
0.995036
0.994312
0.998178
0.995831
1.0001
0.990946
0.989218
0.997339
1.00403
1.00474
1.00383
1.00427
1.0039
1.00512
1.00505
1.00556
1.00548
1.00555
1.00532
1.0049
1.00441
1.00398
1.0037
1.00326
1.00261
1.00211
1.00173
1.00119
1.00058
0.999847
0.999048
0.998211
0.997297
0.996876
0.996315
0.995571
0.994927
0.994456
0.994843
0.994587
0.99597
0.995024
0.998091
0.99612
0.999855
0.993229
0.983015
0.99558
1.00572
1.00498
1.00383
1.00365
1.00358
1.00434
1.00436
1.00465
1.00449
1.00463
1.00443
1.00406
1.00362
1.00327
1.00299
1.00266
1.00229
1.00197
1.00155
1.00101
1.00047
0.999829
0.99914
0.998415
0.997582
0.997315
0.996886
0.996275
0.995691
0.995375
0.995633
0.995651
0.996524
0.996351
0.997987
0.997294
0.999166
0.998444
0.978113
0.994505
1.00658
1.00438
1.00398
1.00321
1.00354
1.00392
1.00401
1.00414
1.00405
1.00405
1.00391
1.00366
1.00332
1.00302
1.00271
1.00239
1.00212
1.00178
1.00131
1.00079
1.00031
0.999755
0.999155
0.998529
0.997802
0.997597
0.997248
0.996772
0.996251
0.996046
0.996106
0.996411
0.996689
0.997461
0.997588
0.99885
0.997736
1.00273
0.975243
0.995232
1.00667
1.00351
1.00405
1.00293
1.00357
1.00366
1.00385
1.0039
1.00387
1.00382
1.00371
1.0035
1.00319
1.00287
1.00252
1.00219
1.00195
1.00158
1.0011
1.00062
1.00017
0.99968
0.999159
0.998632
0.998028
0.997841
0.997537
0.997171
0.996721
0.996611
0.996449
0.996955
0.996674
0.998074
0.996952
0.999683
0.995282
1.0042
0.975885
0.997176
1.00621
1.0028
1.00399
1.00268
1.00356
1.00326
1.00365
1.00348
1.00354
1.00341
1.00331
1.00313
1.00285
1.00253
1.00223
1.00194
1.00172
1.00138
1.00094
1.0005
1.00009
0.999661
0.99921
0.998769
0.998274
0.998071
0.99778
0.997491
0.9971
0.99707
0.996726
0.997329
0.996616
0.998217
0.996224
0.999678
0.993801
1.00368
0.980901
0.999
1.00501
1.00237
1.00376
1.0025
1.0034
1.00288
1.0033
1.00305
1.00313
1.00298
1.00288
1.00272
1.00248
1.0022
1.00195
1.00171
1.00151
1.00119
1.00081
1.00043
1.00006
0.999672
0.999279
0.998901
0.998489
0.998264
0.997982
0.997739
0.997392
0.997408
0.996946
0.997572
0.996565
0.998196
0.99574
0.999278
0.993402
1.00138
0.986464
1.0002
1.00407
1.00217
1.00348
1.00239
1.00318
1.00264
1.00303
1.00276
1.00284
1.00268
1.00258
1.00243
1.00222
1.00197
1.00174
1.00152
1.00132
1.00104
1.0007
1.00036
1.00003
0.999684
0.999337
0.999005
0.998656
0.99842
0.998153
0.99794
0.997624
0.997652
0.997146
0.997728
0.996611
0.998121
0.995697
0.998768
0.993856
0.999646
0.990442
1.00093
1.00335
1.00208
1.00317
1.00229
1.00295
1.00247
1.00279
1.00254
1.0026
1.00245
1.00235
1.00221
1.00202
1.0018
1.00159
1.00138
1.00116
1.00091
1.00061
1.00031
1
0.999696
0.999387
0.999091
0.998789
0.998555
0.998307
0.998109
0.997827
0.99784
0.997348
0.997837
0.996789
0.998065
0.995972
0.99841
0.994747
0.99849
0.99295
1.00133
1.00286
1.00204
1.00286
1.0022
1.00271
1.00232
1.00256
1.00235
1.00237
1.00224
1.00214
1.002
1.00183
1.00164
1.00144
1.00124
1.00103
1.00079
1.00053
1.00026
0.999987
0.999711
0.999434
0.999168
0.998901
0.998676
0.998447
0.998257
0.99801
0.997987
0.997552
0.997921
0.997023
0.99801
0.996337
0.998098
0.995475
0.997843
0.994522
1.0015
1.00252
1.00201
1.00258
1.00211
1.00248
1.00218
1.00234
1.00217
1.00216
1.00205
1.00195
1.00182
1.00166
1.00149
1.00131
1.00112
1.00092
1.0007
1.00046
1.00022
0.999976
0.999726
0.999477
0.999236
0.998997
0.998783
0.998573
0.99839
0.998171
0.998112
0.99775
0.997991
0.99727
0.997976
0.996702
0.99792
0.996124
0.997585
0.995516
1.00153
1.00228
1.00196
1.00234
1.00202
1.00227
1.00205
1.00214
1.00201
1.00198
1.00188
1.00178
1.00166
1.00152
1.00136
1.00119
1.00102
1.00083
1.00062
1.00041
1.00019
0.999967
0.999741
0.999514
0.999294
0.999078
0.998878
0.998684
0.998508
0.998316
0.998225
0.997935
0.998064
0.997514
0.997979
0.997056
0.99786
0.996657
0.997532
0.996188
1.00149
1.0021
1.0019
1.00214
1.00192
1.00208
1.00193
1.00197
1.00187
1.00182
1.00173
1.00163
1.00152
1.00138
1.00124
1.00109
1.00092
1.00075
1.00056
1.00036
1.00016
0.999961
0.999754
0.999548
0.999347
0.99915
0.998963
0.998783
0.998618
0.998447
0.998334
0.998106
0.998144
0.997742
0.998019
0.99737
0.997875
0.997079
0.997563
0.996667
1.00142
1.00194
1.00183
1.00196
1.00183
1.00191
1.00181
1.00181
1.00173
1.00167
1.00159
1.0015
1.00139
1.00127
1.00113
1.00099
1.00084
1.00067
1.0005
1.00032
1.00014
0.999954
0.999766
0.999578
0.999393
0.999213
0.99904
0.998874
0.998718
0.998564
0.998441
0.998261
0.998235
0.997948
0.998085
0.997644
0.997935
0.997422
0.997698
0.997008
1.00134
1.00181
1.00174
1.00181
1.00173
1.00176
1.00169
1.00167
1.0016
1.00154
1.00146
1.00137
1.00127
1.00116
1.00104
1.0009
1.00076
1.00061
1.00045
1.00029
1.00012
0.99995
0.999777
0.999606
0.999436
0.99927
0.999111
0.998956
0.998809
0.998668
0.998545
0.998399
0.998333
0.99813
0.998172
0.997879
0.998025
0.997703
0.997848
0.997273
1.00124
1.00169
1.00165
1.00168
1.00163
1.00163
1.00158
1.00155
1.00149
1.00143
1.00135
1.00127
1.00117
1.00106
1.00095
1.00082
1.00069
1.00055
1.00041
1.00026
1.0001
0.999947
0.999789
0.999631
0.999475
0.999322
0.999175
0.999031
0.998895
0.998765
0.998646
0.998521
0.998437
0.998289
0.998271
0.998079
0.998132
0.997929
0.997994
0.997492
1.00115
1.00158
1.00156
1.00156
1.00153
1.00151
1.00147
1.00143
1.00138
1.00132
1.00125
1.00117
1.00108
1.00098
1.00087
1.00075
1.00063
1.0005
1.00037
1.00023
1.00009
0.999945
0.999799
0.999653
0.99951
0.999369
0.999233
0.999101
0.998975
0.998854
0.998743
0.998631
0.998542
0.998427
0.998379
0.99825
0.99825
0.998122
0.998145
0.99768
1.00105
1.00148
1.00146
1.00146
1.00143
1.00141
1.00137
1.00133
1.00128
1.00122
1.00115
1.00108
1.00099
1.0009
1.0008
1.00069
1.00058
1.00046
1.00033
1.00021
1.00007
0.999942
0.999808
0.999675
0.999543
0.999413
0.999287
0.999166
0.999049
0.998937
0.998833
0.998732
0.998644
0.998551
0.998491
0.998399
0.998373
0.998295
0.998293
0.99784
1.00096
1.00139
1.00137
1.00136
1.00134
1.00131
1.00128
1.00124
1.00119
1.00113
1.00107
1.00099
1.00091
1.00083
1.00073
1.00063
1.00053
1.00042
1.0003
1.00018
1.00006
0.999942
0.999818
0.999695
0.999573
0.999454
0.999338
0.999225
0.999117
0.999014
0.998917
0.998826
0.998742
0.998662
0.9986
0.998529
0.998492
0.99844
0.998423
0.997974
1.00087
1.0013
1.00129
1.00127
1.00125
1.00122
1.00119
1.00115
1.0011
1.00105
1.00099
1.00092
1.00084
1.00076
1.00068
1.00058
1.00048
1.00038
1.00028
1.00017
1.00005
0.999942
0.999828
0.999714
0.999602
0.999492
0.999384
0.99928
0.999181
0.999085
0.998995
0.998911
0.998834
0.998762
0.998702
0.998643
0.998603
0.998561
0.998541
0.998109
1.00079
1.00122
1.0012
1.00119
1.00117
1.00114
1.00111
1.00107
1.00102
1.00097
1.00092
1.00085
1.00078
1.0007
1.00062
1.00054
1.00044
1.00035
1.00025
1.00015
1.00005
0.999942
0.999837
0.999732
0.999628
0.999526
0.999427
0.999331
0.999239
0.99915
0.999068
0.99899
0.99892
0.998855
0.998799
0.998747
0.998709
0.998672
0.998657
0.998243
1.00071
1.00114
1.00113
1.00111
1.00109
1.00107
1.00103
1.001
1.00095
1.0009
1.00085
1.00079
1.00072
1.00065
1.00058
1.00049
1.00041
1.00032
1.00023
1.00014
1.00004
0.999943
0.999846
0.999749
0.999653
0.999559
0.999468
0.999379
0.999293
0.999212
0.999136
0.999064
0.999
0.99894
0.998889
0.998843
0.99881
0.998779
0.998764
0.998346
1.00064
1.00107
1.00106
1.00104
1.00102
1.00099
1.00096
1.00093
1.00089
1.00084
1.00079
1.00073
1.00067
1.0006
1.00053
1.00046
1.00038
1.00029
1.00021
1.00012
1.00003
0.999944
0.999854
0.999764
0.999675
0.999587
0.999502
0.99942
0.999342
0.999267
0.999197
0.999131
0.999072
0.999018
0.998972
0.998931
0.9989
0.998877
0.998859
0.99843
1.00057
1.001
1.00099
1.00097
1.00096
1.00093
1.0009
1.00087
1.00083
1.00078
1.00074
1.00068
1.00062
1.00056
1.00049
1.00042
1.00035
1.00027
1.00019
1.00011
1.00003
0.999946
0.999863
0.99978
0.999698
0.999617
0.999539
0.999463
0.99939
0.999321
0.999256
0.999196
0.999141
0.999091
0.999046
0.999009
0.998978
0.998959
0.998941
0.998517
1.00051
1.00093
1.00093
1.00091
1.00089
1.00087
1.00084
1.00081
1.00077
1.00073
1.00068
1.00063
1.00058
1.00052
1.00045
1.00039
1.00032
1.00025
1.00017
1.0001
1.00002
0.999945
0.999867
0.99979
0.999714
0.999639
0.999567
0.999496
0.999429
0.999365
0.999305
0.99925
0.999199
0.999154
0.999114
0.999081
0.999051
0.999031
0.999015
0.998617
1.00045
1.00088
1.00087
1.00086
1.00084
1.00082
1.00079
1.00076
1.00072
1.00068
1.00064
1.00059
1.00054
1.00049
1.00043
1.00036
1.0003
1.00023
1.00017
1.00009
1.00002
0.999952
0.99988
0.999808
0.999738
0.999669
0.999601
0.999536
0.999474
0.999415
0.99936
0.999308
0.999261
0.999217
0.999178
0.999145
0.999118
0.999095
0.999083
0.998712
1.0004
1.00082
1.00081
1.0008
1.00078
1.00076
1.00073
1.0007
1.00067
1.00063
1.00059
1.00055
1.0005
1.00044
1.00039
1.00033
1.00027
1.00021
1.00014
1.00008
1.00001
0.999946
0.999879
0.999813
0.999747
0.999683
0.99962
0.99956
0.999502
0.999448
0.999396
0.999349
0.999306
0.999268
0.999235
0.999206
0.999181
0.999159
0.999148
0.998789
1.00035
1.00077
1.00077
1.00075
1.00074
1.00072
1.0007
1.00067
1.00064
1.0006
1.00056
1.00052
1.00047
1.00042
1.00037
1.00032
1.00026
1.0002
1.00014
1.00008
1.00002
0.999959
0.999897
0.999835
0.999774
0.999714
0.999656
0.9996
0.999546
0.999495
0.999448
0.999403
0.999362
0.999325
0.999292
0.999264
0.999242
0.999221
0.99921
0.998844
1.0003
1.00072
1.00072
1.0007
1.00069
1.00067
1.00064
1.00062
1.00059
1.00055
1.00052
1.00047
1.00043
1.00038
1.00034
1.00028
1.00023
1.00018
1.00012
1.00006
1.00001
0.999947
0.999889
0.999832
0.999775
0.99972
0.999666
0.999614
0.999565
0.999518
0.999474
0.999434
0.999398
0.999366
0.999337
0.999312
0.999291
0.999274
0.999264
0.998884
1.00026
1.00068
1.00068
1.00067
1.00065
1.00063
1.00061
1.00059
1.00056
1.00053
1.00049
1.00046
1.00042
1.00037
1.00033
1.00028
1.00023
1.00018
1.00013
1.00007
1.00002
0.999965
0.99991
0.999856
0.999803
0.999751
0.9997
0.999651
0.999605
0.999561
0.999519
0.999481
0.999446
0.999414
0.999388
0.999365
0.999348
0.999333
0.999324
0.998926
1.00022
1.00065
1.00064
1.00063
1.00061
1.00059
1.00057
1.00055
1.00052
1.00049
1.00046
1.00042
1.00038
1.00034
1.00029
1.00025
1.0002
1.00015
1.0001
1.00005
1
0.999952
0.999902
0.999852
0.999802
0.999754
0.999708
0.999663
0.999621
0.999581
0.999543
0.999509
0.999477
0.999449
0.999425
0.999404
0.999385
0.999373
0.999366
0.998956
1.00019
1.00061
1.0006
1.00059
1.00058
1.00056
1.00054
1.00052
1.00049
1.00046
1.00043
1.0004
1.00036
1.00033
1.00028
1.00024
1.0002
1.00015
1.00011
1.00006
1.00001
0.999964
0.999917
0.999869
0.999823
0.999777
0.999733
0.99969
0.999649
0.999611
0.999575
0.999541
0.999512
0.999487
0.999463
0.999445
0.999432
0.999422
0.999413
0.998994
1.00015
1.00058
1.00058
1.00057
1.00055
1.00054
1.00052
1.00049
1.00047
1.00044
1.00041
1.00038
1.00034
1.0003
1.00027
1.00023
1.00018
1.00014
1.0001
1.00005
1.00001
0.999962
0.999917
0.999872
0.999828
0.999786
0.999745
0.999705
0.999668
0.999633
0.9996
0.999571
0.999543
0.999519
0.999497
0.999478
0.999462
0.999452
0.999446
0.999022
1.00012
1.00054
1.00054
1.00053
1.00051
1.0005
1.00048
1.00046
1.00044
1.00041
1.00038
1.00035
1.00032
1.00028
1.00025
1.00021
1.00017
1.00013
1.00009
1.00005
1
0.999962
0.99992
0.999878
0.999837
0.999797
0.999759
0.999722
0.999687
0.999654
0.999623
0.999594
0.999568
0.999546
0.999527
0.999513
0.9995
0.99949
0.999484
0.999058
1.00011
1.00053
1.00052
1.00051
1.0005
1.00048
1.00046
1.00044
1.00042
1.0004
1.00037
1.00034
1.00031
1.00027
1.00024
1.0002
1.00016
1.00013
1.00009
1.00005
1.00001
0.999965
0.999924
0.999884
0.999845
0.999807
0.99977
0.999734
0.9997
0.999668
0.999639
0.999612
0.999588
0.999566
0.999547
0.999532
0.999521
0.999512
0.999505
0.999078
1.00007
1.0005
1.00049
1.00048
1.00047
1.00045
1.00043
1.00041
1.00039
1.00037
1.00034
1.00031
1.00028
1.00025
1.00022
1.00019
1.00015
1.00012
1.00008
1.00004
1
0.999966
0.999929
0.999892
0.999856
0.999821
0.999787
0.999755
0.999724
0.999696
0.999669
0.999645
0.999624
0.999606
0.99959
0.999577
0.999567
0.999559
0.999554
0.999125
)
;

boundaryField
{
    FrontBack
    {
        type            empty;
    }
    Cylinder
    {
        type            calculated;
        value           uniform 0;
    }
    Bottom
    {
        type            calculated;
        value           uniform 0;
    }
    Top
    {
        type            calculated;
        value           uniform 0;
    }
    Inlet
    {
        type            calculated;
        value           uniform 1;
    }
    Outlet
    {
        type            calculated;
        value           nonuniform List<scalar> 
40
(
1.00007
1.0005
1.00049
1.00048
1.00047
1.00045
1.00043
1.00041
1.00039
1.00037
1.00034
1.00031
1.00028
1.00025
1.00022
1.00019
1.00015
1.00012
1.00008
1.00004
1
0.999966
0.999929
0.999892
0.999856
0.999821
0.999787
0.999755
0.999724
0.999696
0.999669
0.999645
0.999624
0.999606
0.99959
0.999577
0.999567
0.999559
0.999554
0.999125
)
;
    }
}


// ************************************************************************* //
