/*--------------------------------*- C++ -*----------------------------------*\
  =========                 |
  \\      /  F ield         | OpenFOAM: The Open Source CFD Toolbox
   \\    /   O peration     | Website:  https://openfoam.org
    \\  /    A nd           | Version:  11
     \\/     M anipulation  |
\*---------------------------------------------------------------------------*/
FoamFile
{
    format      ascii;
    class       volScalarField;
    location    "8.5";
    object      mag(U);
}
// * * * * * * * * * * * * * * * * * * * * * * * * * * * * * * * * * * * * * //

dimensions      [0 1 -1 0 0 0 0];

internalField   nonuniform List<scalar> 
9600
(
0.990067
0.989643
0.98901
0.987944
0.987239
0.986379
0.985872
0.985966
0.986344
0.987022
0.988061
0.989578
0.99132
0.993216
0.995421
0.998143
1.001
1.00448
1.00857
1.0119
1.01382
1.0161
1.01957
1.02149
1.02131
1.02036
1.01839
1.01346
0.999426
0.980593
0.96903
0.96452
0.965126
0.975468
0.992052
1.00962
1.03014
1.04673
1.07389
1.07188
0.991282
0.991123
0.990955
0.990547
0.990103
0.99011
0.990514
0.991105
0.992165
0.993747
0.995151
0.996905
0.99939
1.00257
1.00574
1.00894
1.01245
1.01628
1.01993
1.02376
1.02809
1.03148
1.03263
1.03313
1.03451
1.03593
1.03602
1.03442
1.03177
1.03134
1.03041
1.02732
1.02563
1.0266
1.03022
1.03801
1.05338
1.0636
1.08617
1.08719
0.991143
0.990974
0.990762
0.990377
0.990365
0.990502
0.990928
0.991569
0.99244
0.993917
0.995448
0.9972
0.999444
1.00231
1.00598
1.00941
1.01255
1.01588
1.02001
1.02476
1.02895
1.03103
1.03163
1.03249
1.0347
1.03768
1.03959
1.03966
1.03836
1.03536
1.03044
1.02423
1.02035
1.0206
1.02717
1.03623
1.05137
1.06342
1.07978
1.08932
0.991077
0.990906
0.990686
0.990305
0.990229
0.990336
0.990907
0.991742
0.99301
0.993917
0.99587
0.998111
1.0006
1.00273
1.00632
1.01
1.01386
1.0165
1.01984
1.02424
1.02851
1.03116
1.03295
1.03406
1.03509
1.03614
1.03767
1.03788
1.03683
1.03484
1.03445
1.03397
1.03573
1.03616
1.04172
1.04609
1.05811
1.06641
1.08223
1.09141
0.990889
0.990705
0.990456
0.99015
0.990092
0.990432
0.990948
0.991949
0.993142
0.994463
0.996303
0.9982
1.0008
1.00339
1.00648
1.00951
1.0135
1.01752
1.02114
1.02383
1.02687
1.03038
1.03426
1.03661
1.03689
1.03618
1.03529
1.03544
1.03644
1.03735
1.03888
1.03985
1.04052
1.03788
1.04021
1.04242
1.05274
1.06228
1.07716
1.08698
0.99071
0.990554
0.990275
0.989996
0.990166
0.990341
0.99122
0.991982
0.993408
0.994342
0.996476
0.998647
1.00128
1.00337
1.0068
1.01008
1.01466
1.0175
1.02072
1.02357
1.02809
1.03154
1.03444
1.03569
1.03653
1.03648
1.03663
1.0365
1.0366
1.03665
1.03704
1.03694
1.03839
1.03786
1.04304
1.04519
1.05493
1.06285
1.07599
1.08864
0.990455
0.990347
0.990083
0.989857
0.990108
0.990289
0.991243
0.992166
0.993656
0.994483
0.996696
0.998917
1.00197
1.00358
1.0068
1.01044
1.01494
1.01782
1.02118
1.02399
1.02825
1.03148
1.0346
1.03644
1.03786
1.03774
1.03756
1.03677
1.03613
1.03573
1.03604
1.03594
1.03801
1.03763
1.04101
1.04144
1.04856
1.05579
1.0675
1.08361
0.99018
0.990156
0.989906
0.989671
0.989957
0.990183
0.991361
0.992171
0.993626
0.994627
0.996838
0.99887
1.00181
1.00415
1.00749
1.0102
1.0146
1.01844
1.02219
1.02471
1.02806
1.03099
1.03452
1.03754
1.03915
1.03887
1.03798
1.03712
1.03673
1.03619
1.03576
1.03517
1.03559
1.0344
1.03657
1.03715
1.04346
1.0524
1.06101
1.08091
0.989947
0.989897
0.989768
0.989539
0.989814
0.990181
0.991227
0.992233
0.99396
0.994782
0.99694
0.998988
1.00251
1.00473
1.00756
1.01025
1.01509
1.01892
1.02295
1.02504
1.02843
1.03163
1.03495
1.03782
1.0399
1.0403
1.03983
1.03871
1.03787
1.03643
1.03535
1.0338
1.03383
1.03276
1.03399
1.03443
1.03611
1.04426
1.0492
1.06986
0.989605
0.989579
0.989477
0.989288
0.989605
0.990007
0.991067
0.992191
0.99398
0.994712
0.996935
0.998951
1.00259
1.00475
1.00819
1.01061
1.01501
1.01886
1.02333
1.026
1.02934
1.03202
1.03484
1.03775
1.04056
1.04183
1.04173
1.03997
1.03844
1.0365
1.03547
1.0333
1.0328
1.031
1.03094
1.03122
1.02985
1.03718
1.03948
1.06102
0.989349
0.989302
0.989355
0.989098
0.989479
0.989949
0.991009
0.992018
0.994011
0.994993
0.997311
0.999036
1.00265
1.00546
1.00895
1.01118
1.01499
1.01901
1.024
1.02724
1.03005
1.03274
1.03542
1.0381
1.04146
1.04302
1.04342
1.04169
1.04034
1.03793
1.03667
1.03347
1.03205
1.02965
1.02805
1.02948
1.02637
1.03155
1.02921
1.04826
0.988829
0.98891
0.988901
0.988765
0.989124
0.98957
0.990839
0.991608
0.993786
0.995009
0.997245
0.998979
1.00267
1.0053
1.00906
1.01166
1.01541
1.01901
1.02395
1.02772
1.03075
1.03356
1.03645
1.03843
1.04144
1.04327
1.04493
1.0437
1.04253
1.03927
1.03769
1.03401
1.03179
1.02911
1.02576
1.02654
1.02233
1.02711
1.02144
1.0369
0.988529
0.988609
0.988738
0.988524
0.989024
0.989248
0.990805
0.99147
0.993582
0.994844
0.997677
0.999426
1.00284
1.00562
1.00954
1.01264
1.01622
1.01972
1.02435
1.02817
1.03192
1.03461
1.03797
1.03946
1.0425
1.04399
1.04639
1.04546
1.04503
1.04193
1.04008
1.03654
1.03269
1.02971
1.02391
1.02364
1.01853
1.02251
1.01556
1.02717
0.98792
0.987861
0.988204
0.987813
0.988557
0.988587
0.990159
0.991216
0.993036
0.994494
0.997184
0.999483
1.00261
1.00559
1.00931
1.01277
1.01693
1.02007
1.02449
1.02825
1.03284
1.03535
1.03907
1.04023
1.04345
1.04443
1.04715
1.04665
1.04698
1.04447
1.04236
1.0392
1.03419
1.03099
1.02375
1.02197
1.01486
1.01703
1.01038
1.01906
0.987551
0.987517
0.987981
0.987546
0.988317
0.988447
0.989969
0.990773
0.992983
0.994475
0.997075
0.999905
1.00292
1.00612
1.01
1.01341
1.0181
1.02076
1.02548
1.02896
1.03382
1.03638
1.04058
1.04181
1.04516
1.04597
1.04858
1.04856
1.04925
1.04781
1.04533
1.04337
1.03757
1.03404
1.02591
1.02256
1.01327
1.01314
1.00475
1.01155
0.986785
0.986644
0.987184
0.986685
0.987329
0.98765
0.989086
0.990028
0.992014
0.993714
0.996513
0.999388
1.0028
1.00569
1.01001
1.01309
1.01828
1.0213
1.02621
1.02925
1.03404
1.03656
1.04146
1.04309
1.04633
1.04726
1.04946
1.05028
1.05037
1.05042
1.04734
1.04624
1.04056
1.03703
1.0288
1.02449
1.0137
1.01121
1.00005
1.00433
0.986331
0.986271
0.986798
0.986351
0.987061
0.987268
0.988886
0.990326
0.9919
0.993725
0.996445
0.999171
1.00342
1.00612
1.01075
1.01359
1.01933
1.02276
1.0279
1.03071
1.03558
1.03762
1.04254
1.04472
1.04822
1.04972
1.05142
1.05272
1.05268
1.05384
1.05099
1.05042
1.0453
1.04175
1.03355
1.02861
1.01734
1.01284
0.999452
0.999919
0.985041
0.984991
0.985602
0.985246
0.98581
0.986221
0.98743
0.989031
0.991105
0.992666
0.995688
0.998051
1.00275
1.00562
1.01064
1.01346
1.01917
1.02276
1.02828
1.03123
1.03641
1.03877
1.04298
1.04533
1.04862
1.05107
1.05258
1.0548
1.05433
1.05632
1.05386
1.05331
1.04894
1.04572
1.03762
1.03249
1.02135
1.01571
1.00142
0.997563
0.984535
0.984581
0.985202
0.984916
0.985428
0.986029
0.987272
0.988615
0.991462
0.992791
0.996403
0.998528
1.00337
1.00606
1.01168
1.01465
1.02044
1.02376
1.02974
1.03262
1.03813
1.04109
1.04514
1.0476
1.05023
1.0532
1.05472
1.05782
1.05737
1.06
1.05816
1.05835
1.05437
1.05199
1.04447
1.03925
1.02832
1.02164
1.00699
1.00023
0.982785
0.982888
0.983461
0.983295
0.983835
0.984362
0.986257
0.987151
0.990196
0.991604
0.995387
0.997625
1.00278
1.00554
1.01117
1.01445
1.02048
1.02402
1.03003
1.03343
1.03807
1.04164
1.04541
1.0489
1.0511
1.05482
1.05554
1.05934
1.05913
1.06211
1.06131
1.06254
1.05903
1.05707
1.05052
1.04537
1.03528
1.02762
1.01448
1.00321
0.982071
0.982439
0.982883
0.982891
0.983619
0.983961
0.986146
0.987171
0.990493
0.992021
0.996197
0.998504
1.00378
1.00688
1.01267
1.01608
1.02212
1.02588
1.03161
1.03597
1.03993
1.04408
1.04691
1.05111
1.05264
1.05732
1.05788
1.06249
1.06237
1.06591
1.06538
1.06773
1.06568
1.06468
1.05938
1.05431
1.04569
1.03728
1.02576
1.0126
0.979757
0.980395
0.980837
0.980638
0.981691
0.981882
0.984223
0.985229
0.988941
0.990688
0.995155
0.997886
1.00318
1.0067
1.01264
1.01645
1.02219
1.02702
1.03148
1.03697
1.04033
1.0453
1.04719
1.05216
1.05303
1.05767
1.05829
1.06324
1.06395
1.06815
1.06856
1.07121
1.07065
1.07017
1.0672
1.06232
1.05617
1.04629
1.03753
1.02257
0.978994
0.97958
0.98036
0.980022
0.981297
0.981552
0.98423
0.985354
0.989186
0.991405
0.995904
0.999168
1.00462
1.00872
1.01432
1.01983
1.02409
1.0305
1.03427
1.0404
1.04282
1.04849
1.04976
1.05477
1.05534
1.05993
1.06064
1.06512
1.06637
1.0709
1.07275
1.07596
1.07753
1.07779
1.07728
1.07281
1.06961
1.06006
1.05323
1.0368
0.976246
0.976626
0.977696
0.977168
0.978675
0.978871
0.981747
0.98322
0.986999
0.989783
0.994146
0.998241
1.00287
1.00915
1.01331
1.02045
1.02448
1.03176
1.03494
1.04205
1.0441
1.05011
1.05087
1.05574
1.05637
1.06023
1.06105
1.06517
1.06732
1.07134
1.07465
1.07794
1.08189
1.08249
1.08567
1.08143
1.08179
1.07216
1.06957
1.05155
0.975525
0.975578
0.977144
0.976585
0.978262
0.978938
0.981307
0.984065
0.987042
0.991584
0.994713
1.00096
1.00445
1.0118
1.01589
1.02383
1.0276
1.03539
1.03861
1.04601
1.04766
1.05393
1.05477
1.05916
1.05953
1.06301
1.06408
1.0671
1.06973
1.07329
1.07795
1.08134
1.08752
1.08886
1.0949
1.09228
1.0963
1.08786
1.089
1.07144
0.972005
0.971888
0.973255
0.973455
0.973886
0.976396
0.977179
0.981974
0.983747
0.989814
0.992573
0.999697
1.00347
1.01138
1.01596
1.02398
1.02838
1.03654
1.0395
1.04702
1.04915
1.05471
1.05607
1.05944
1.06072
1.06279
1.06443
1.06637
1.06959
1.07231
1.07807
1.08133
1.0895
1.09188
1.10108
1.09999
1.1082
1.10114
1.10652
1.08996
0.969993
0.972047
0.971569
0.973822
0.973393
0.976801
0.977507
0.982861
0.984991
0.991233
0.995207
1.00178
1.00708
1.01468
1.02
1.02879
1.03313
1.04142
1.04545
1.05154
1.05528
1.05883
1.06157
1.06299
1.06503
1.06521
1.06662
1.06743
1.07006
1.07258
1.0785
1.08224
1.09148
1.09535
1.10744
1.10851
1.12097
1.11689
1.12677
1.11285
0.963343
0.966843
0.966036
0.968747
0.96828
0.97201
0.973932
0.978335
0.982515
0.988066
0.993218
1.0003
1.00582
1.0142
1.02002
1.02862
1.03499
1.0417
1.04792
1.05263
1.05762
1.0598
1.06355
1.06379
1.06589
1.06511
1.0656
1.06625
1.06688
1.06882
1.07373
1.07773
1.08698
1.09232
1.10628
1.11067
1.12716
1.12705
1.14238
1.13352
0.962371
0.965665
0.966063
0.96776
0.9696
0.971803
0.975285
0.979966
0.984637
0.990973
0.99709
1.00422
1.01146
1.01917
1.02769
1.03439
1.04322
1.04844
1.05654
1.05943
1.0656
1.06667
1.07044
1.06996
1.07071
1.06983
1.0682
1.06734
1.06695
1.06753
1.06989
1.07397
1.08219
1.08858
1.10281
1.11008
1.12952
1.13421
1.15576
1.15441
0.956495
0.958598
0.959648
0.961228
0.963396
0.966196
0.970601
0.975031
0.981474
0.987494
0.99538
1.00201
1.01195
1.01854
1.02947
1.03539
1.04649
1.0509
1.06042
1.06284
1.06979
1.07056
1.07385
1.07351
1.07296
1.07141
1.06885
1.06621
1.06419
1.06347
1.063
1.06515
1.06994
1.07594
1.08873
1.09837
1.11936
1.12966
1.15708
1.16363
0.956338
0.958457
0.961217
0.961809
0.966461
0.968175
0.974733
0.978631
0.987152
0.992245
1.00319
1.00913
1.02116
1.02741
1.04024
1.0458
1.05793
1.06243
1.072
1.07517
1.08104
1.0828
1.08469
1.08438
1.08275
1.08002
1.07591
1.07169
1.06649
1.06313
1.05967
1.05907
1.05988
1.06333
1.07227
1.08189
1.10056
1.11548
1.14462
1.16189
0.946281
0.947384
0.952221
0.952359
0.958733
0.960709
0.969359
0.973913
0.984045
0.990646
1.00209
1.00924
1.0225
1.02963
1.04373
1.04997
1.06257
1.06843
1.07735
1.08171
1.08693
1.08925
1.09033
1.08982
1.08748
1.08417
1.07841
1.07325
1.06585
1.06026
1.0533
1.04964
1.04585
1.04549
1.04621
1.05378
1.06283
1.08108
1.0999
1.13258
0.945371
0.947778
0.95301
0.955352
0.960467
0.966068
0.973428
0.98058
0.992035
0.999925
1.01427
1.02221
1.03739
1.04562
1.05957
1.06865
1.07977
1.08807
1.09568
1.1019
1.10598
1.10899
1.10925
1.1091
1.10528
1.10168
1.09432
1.08804
1.07754
1.07005
1.05798
1.05082
1.0391
1.0354
1.02502
1.02857
1.02325
1.03919
1.04135
1.07555
0.930206
0.934899
0.941306
0.945645
0.953821
0.95939
0.970617
0.977898
0.991891
1.00032
1.01588
1.02614
1.04124
1.05293
1.06646
1.0775
1.08835
1.098
1.10541
1.11248
1.11612
1.11999
1.11954
1.11985
1.11545
1.11228
1.10364
1.09818
1.08517
1.07776
1.06204
1.05335
1.03537
1.02813
1.00854
1.00706
0.9883
0.991889
0.979678
1.00135
0.928109
0.932272
0.940497
0.945259
0.955003
0.963246
0.975408
0.987998
1.00306
1.01864
1.03476
1.05081
1.0659
1.08161
1.09476
1.10902
1.11978
1.13162
1.13885
1.14743
1.15052
1.15558
1.15357
1.15528
1.14903
1.14764
1.13748
1.13331
1.11916
1.11148
1.09424
1.08349
1.06258
1.05022
1.02474
1.01238
0.98188
0.97245
0.937152
0.93782
0.913643
0.924566
0.935262
0.946066
0.956492
0.969554
0.982076
0.997453
1.01154
1.02927
1.045
1.064
1.07974
1.09832
1.11172
1.1281
1.13825
1.15204
1.15761
1.16862
1.16888
1.17721
1.17327
1.17871
1.1713
1.17419
1.16329
1.16381
1.14945
1.14635
1.12727
1.11755
1.09462
1.07945
1.05312
1.03302
1.00169
0.978048
0.937947
0.914421
0.903991
0.916607
0.928579
0.945232
0.961202
0.982285
1.00166
1.02601
1.04611
1.07015
1.08887
1.11101
1.12738
1.14704
1.16083
1.17742
1.18728
1.20064
1.20561
1.21554
1.21549
1.22205
1.21814
1.22199
1.21522
1.21732
1.20824
1.20923
1.19769
1.1971
1.18038
1.17735
1.15254
1.14311
1.10756
1.09008
1.05229
1.03096
0.990775
0.971146
0.907076
0.930839
0.949237
0.973046
0.991145
1.01529
1.03309
1.05805
1.07788
1.10397
1.1246
1.14973
1.16835
1.19059
1.20499
1.22359
1.23247
1.24693
1.25
1.26009
1.25783
1.26413
1.25771
1.26213
1.25327
1.2578
1.24869
1.25539
1.2471
1.25612
1.24428
1.2524
1.23103
1.23028
1.19084
1.17286
1.10629
1.0763
0.991849
0.977423
0.91951
0.955552
0.990287
1.02763
1.06085
1.09736
1.13118
1.1663
1.1972
1.22827
1.25483
1.28082
1.30217
1.32221
1.33789
1.35122
1.36092
1.36698
1.36966
1.3684
1.36297
1.35467
1.34246
1.33004
1.31248
1.29791
1.27982
1.26808
1.25602
1.25149
1.25221
1.25685
1.27003
1.27298
1.28334
1.27232
1.2239
1.17683
1.08643
1.07524
1.066
1.10308
1.1396
1.17631
1.21192
1.24534
1.27622
1.30385
1.32731
1.34955
1.36141
1.37799
1.38273
1.39465
1.39387
1.40002
1.38982
1.38712
1.36556
1.35366
1.32041
1.29922
1.25292
1.22205
1.16225
1.12446
1.05583
1.01113
0.942559
0.888305
0.835228
0.768722
0.762033
0.6605
0.257676
0.00580834
0.128038
0.219022
0.305581
0.339607
1.1084
1.12688
1.15329
1.21636
1.37903
1.37855
1.07453
0.666122
0.566137
0.63679
0.746113
0.869296
0.976369
1.00742
1.02242
1.02547
1.02456
1.02601
1.02222
1.02315
1.02
1.02042
1.01877
1.01904
1.01857
1.01871
1.01782
1.0178
1.01675
1.01654
1.01599
1.01563
1.01529
1.01445
1.01413
1.01339
1.01317
1.01264
1.01281
1.01179
1.11401
1.12929
1.16011
1.22731
1.35788
1.35659
1.03815
0.698858
0.622761
0.680713
0.775487
0.88857
0.997007
1.0242
1.03215
1.03282
1.02896
1.03008
1.02474
1.02592
1.02211
1.02226
1.0204
1.02007
1.01967
1.01965
1.01882
1.01876
1.01774
1.01727
1.01686
1.01625
1.01627
1.01531
1.01514
1.01415
1.01402
1.01342
1.01315
1.01055
1.11253
1.12405
1.15493
1.21707
1.32705
1.36373
1.1054
0.76849
0.66967
0.716478
0.801559
0.924899
1.02634
1.0506
1.04798
1.04317
1.03483
1.03452
1.02714
1.0279
1.02352
1.02364
1.02154
1.02102
1.02051
1.02044
1.01951
1.0196
1.01855
1.01825
1.01765
1.01695
1.01681
1.01591
1.01572
1.01469
1.01456
1.01413
1.01416
1.01382
1.11099
1.12209
1.15061
1.1993
1.28402
1.33069
1.10823
0.842901
0.750909
0.754886
0.829212
0.956224
1.05377
1.07839
1.06293
1.05362
1.04059
1.03915
1.03002
1.03033
1.02543
1.02497
1.02289
1.02161
1.02105
1.02101
1.01992
1.02018
1.01912
1.01891
1.01824
1.01765
1.0173
1.01653
1.01626
1.01526
1.01489
1.0144
1.01434
1.01397
1.10668
1.11458
1.13735
1.15463
1.23371
1.28926
1.12819
0.889393
0.800353
0.778846
0.849739
1.00353
1.09651
1.11598
1.08633
1.06676
1.04911
1.04451
1.03324
1.03243
1.02702
1.02619
1.02405
1.02244
1.02166
1.02156
1.02036
1.02068
1.01954
1.01935
1.01853
1.01802
1.01747
1.01688
1.0165
1.01578
1.01562
1.01506
1.01459
1.01343
1.10134
1.10573
1.11946
1.10682
1.1709
1.22193
1.08728
0.895639
0.81543
0.790836
0.872562
1.02497
1.13811
1.15371
1.11159
1.08007
1.05809
1.05049
1.03747
1.0354
1.02943
1.02783
1.02583
1.02365
1.0227
1.02231
1.021
1.02132
1.02009
1.02003
1.01907
1.01869
1.01794
1.01762
1.01693
1.01633
1.01589
1.01571
1.01561
1.01588
1.09133
1.09236
1.09131
1.05594
1.09681
1.15759
1.05071
0.89699
0.812665
0.7908
0.877822
1.03859
1.19226
1.20007
1.14631
1.09611
1.06913
1.0573
1.04229
1.03839
1.03213
1.02968
1.02799
1.02542
1.02438
1.02364
1.02224
1.0224
1.02104
1.02114
1.01986
1.01965
1.01866
1.01856
1.01776
1.01748
1.01672
1.01625
1.01558
1.01416
1.08014
1.07715
1.06066
1.01003
1.02078
1.07108
0.98402
0.865083
0.787982
0.777383
0.867968
1.04063
1.22198
1.25058
1.18339
1.11266
1.07929
1.06405
1.04695
1.0415
1.03487
1.03111
1.02977
1.02667
1.02593
1.02478
1.02333
1.02332
1.022
1.02206
1.02078
1.02062
1.01943
1.01919
1.01823
1.01805
1.01726
1.01715
1.01694
1.01708
1.06427
1.06025
1.02929
0.963977
0.947645
0.983222
0.920386
0.820539
0.760712
0.748863
0.837714
1.02687
1.23723
1.30239
1.22846
1.13366
1.08992
1.07121
1.05167
1.0443
1.03728
1.03252
1.03111
1.0278
1.02692
1.02564
1.02422
1.02403
1.02264
1.02259
1.02135
1.02124
1.02004
1.01979
1.01894
1.01869
1.01777
1.01737
1.01686
1.01587
1.05054
1.04139
1.00427
0.922331
0.876325
0.88234
0.846885
0.77067
0.722972
0.704707
0.783552
0.994287
1.23654
1.32718
1.27389
1.1569
1.1009
1.07776
1.05658
1.04715
1.03944
1.03426
1.03223
1.02892
1.02778
1.02632
1.02487
1.02456
1.0232
1.02311
1.02188
1.02171
1.02035
1.0199
1.01919
1.01885
1.01839
1.01804
1.01787
1.01778
1.03614
1.01927
0.981113
0.889193
0.819661
0.806694
0.788307
0.731192
0.683854
0.660679
0.72657
0.963187
1.23211
1.32511
1.30983
1.18335
1.1142
1.08421
1.06237
1.05036
1.04215
1.03673
1.03389
1.03067
1.02915
1.02754
1.02607
1.02553
1.02408
1.02392
1.02277
1.02252
1.02152
1.02073
1.02012
1.01933
1.01889
1.01819
1.01786
1.01718
1.0253
0.999494
0.960742
0.873668
0.782802
0.751394
0.743011
0.701991
0.654175
0.633708
0.710114
0.967078
1.2436
1.31761
1.30835
1.20571
1.12674
1.08806
1.06773
1.05323
1.04464
1.03937
1.03565
1.03266
1.03093
1.02915
1.02783
1.02708
1.02563
1.02528
1.02418
1.0236
1.02298
1.0219
1.02136
1.02034
1.02014
1.01918
1.01881
1.01851
1.01265
0.983931
0.942072
0.87133
0.780561
0.740743
0.729057
0.701819
0.666327
0.668787
0.774845
1.04404
1.27858
1.29994
1.26821
1.21704
1.13592
1.08972
1.07204
1.05523
1.04632
1.04151
1.03688
1.03449
1.03223
1.03054
1.02923
1.02816
1.02703
1.02625
1.02534
1.02456
1.02389
1.02318
1.02246
1.02143
1.02088
1.01988
1.01933
1.01855
1.00253
0.973536
0.930772
0.877434
0.797792
0.759886
0.74984
0.736961
0.725284
0.763613
0.903601
1.13219
1.29332
1.2677
1.21089
1.20153
1.13828
1.09
1.07331
1.05611
1.04612
1.04207
1.03717
1.03522
1.03286
1.03108
1.02975
1.02866
1.0276
1.0267
1.0258
1.02506
1.02433
1.02379
1.02299
1.0225
1.02156
1.02086
1.02012
1.01982
0.991755
0.964375
0.924285
0.885957
0.830995
0.797848
0.792088
0.805093
0.819467
0.887016
1.01418
1.15396
1.27133
1.23083
1.16263
1.15361
1.13615
1.08771
1.0703
1.05726
1.04599
1.04319
1.0377
1.03558
1.03358
1.03175
1.03042
1.02915
1.02831
1.02725
1.02631
1.0257
1.02469
1.02447
1.02338
1.02308
1.02209
1.02159
1.02072
1.02012
0.984353
0.961563
0.92725
0.8951
0.858152
0.836562
0.834684
0.857503
0.887594
0.954393
1.04616
1.14909
1.23113
1.19321
1.11224
1.08709
1.11953
1.07916
1.06476
1.0575
1.04648
1.04461
1.03924
1.03683
1.03536
1.03345
1.03229
1.03073
1.02999
1.02877
1.02747
1.02678
1.02562
1.02513
1.02414
1.02365
1.0227
1.02231
1.02156
1.02117
0.981007
0.959201
0.934102
0.909033
0.886944
0.877711
0.877879
0.902607
0.933378
0.987168
1.05309
1.13073
1.1797
1.15391
1.05603
1.02237
1.08332
1.06754
1.05546
1.0542
1.04471
1.04399
1.04075
1.0375
1.03675
1.03459
1.03379
1.03241
1.03155
1.03071
1.02961
1.02873
1.02762
1.02664
1.02579
1.02491
1.02411
1.02328
1.02251
1.02193
0.982729
0.963934
0.948659
0.928058
0.912228
0.910894
0.917689
0.940088
0.96443
1.00337
1.04802
1.10086
1.12736
1.10822
0.997351
0.961844
1.03363
1.05118
1.03945
1.04496
1.03979
1.03918
1.03937
1.03647
1.03657
1.03486
1.03428
1.03317
1.03219
1.03154
1.03057
1.02996
1.02907
1.0283
1.02747
1.02644
1.02558
1.02446
1.02392
1.02303
0.987611
0.969618
0.961811
0.953244
0.948622
0.948792
0.958502
0.979142
0.996439
1.01528
1.04167
1.0679
1.07593
1.05244
0.942126
0.902438
0.984383
1.02854
1.02267
1.0328
1.0335
1.03258
1.03615
1.03426
1.03518
1.0342
1.03404
1.03366
1.0325
1.03202
1.03105
1.03056
1.02976
1.0291
1.02832
1.02739
1.02657
1.0255
1.02493
1.02442
0.994237
0.985553
0.981173
0.978186
0.983466
0.985884
0.998148
1.01848
1.03371
1.03937
1.04217
1.0386
1.03113
0.991566
0.884356
0.839407
0.942305
0.996693
1.0053
1.01845
1.02711
1.02741
1.03304
1.03204
1.03368
1.03365
1.03382
1.03396
1.03322
1.03262
1.03162
1.03122
1.03033
1.02989
1.02895
1.02814
1.02736
1.02649
1.02565
1.0251
1.00522
1.00206
0.999507
1.00652
1.02229
1.03038
1.04348
1.06018
1.07341
1.06771
1.03822
1.01415
0.981941
0.919571
0.818298
0.781525
0.901432
0.964152
0.986076
1.00315
1.0191
1.02212
1.02956
1.03014
1.03241
1.03347
1.03369
1.03399
1.03398
1.03377
1.03274
1.03203
1.03105
1.03051
1.0296
1.02878
1.02802
1.02741
1.02689
1.02653
1.01712
1.02247
1.02659
1.04058
1.05541
1.06974
1.0898
1.10506
1.11953
1.07332
1.02662
0.974457
0.917789
0.830278
0.745257
0.735217
0.859516
0.931987
0.963976
0.98645
1.00484
1.01335
1.02351
1.02766
1.03018
1.03258
1.03319
1.03395
1.03423
1.03442
1.03421
1.0337
1.03287
1.03181
1.03134
1.03022
1.02938
1.02839
1.02773
1.02728
1.03615
1.04546
1.04834
1.07557
1.09718
1.11983
1.14222
1.16058
1.14702
1.07159
0.994646
0.910658
0.825218
0.723319
0.674899
0.706591
0.830258
0.902705
0.938147
0.969777
0.987822
1.00348
1.01486
1.02328
1.02694
1.03075
1.03218
1.03353
1.03414
1.03464
1.03474
1.03464
1.03448
1.03376
1.0332
1.03227
1.03135
1.03046
1.02982
1.02927
1.05408
1.06994
1.08195
1.11305
1.13883
1.17745
1.20054
1.22079
1.1535
1.0481
0.929045
0.813423
0.70606
0.617427
0.61794
0.693054
0.813172
0.87476
0.913696
0.954003
0.972938
0.99408
1.00535
1.01547
1.02227
1.02726
1.03024
1.0324
1.03371
1.03468
1.03513
1.0352
1.03537
1.0348
1.03416
1.03331
1.03239
1.03159
1.03086
1.03036
1.07965
1.097
1.11657
1.15031
1.1878
1.24775
1.27627
1.25277
1.14161
0.979944
0.816075
0.68011
0.575944
0.544058
0.592709
0.695284
0.797325
0.854002
0.898586
0.938004
0.962344
0.981123
0.99598
1.00707
1.01612
1.02204
1.02705
1.03005
1.03242
1.03378
1.03502
1.03518
1.03576
1.03555
1.03557
1.03473
1.03438
1.03339
1.033
1.03253
1.10512
1.12232
1.15829
1.19685
1.25523
1.3216
1.33953
1.25754
1.07291
0.84435
0.649855
0.527759
0.493913
0.529396
0.60769
0.708843
0.785646
0.843372
0.890507
0.923671
0.952752
0.97183
0.989586
1.00021
1.01161
1.01751
1.02432
1.02757
1.03123
1.03288
1.03493
1.0352
1.03627
1.03599
1.03627
1.03558
1.03542
1.03442
1.03423
1.03385
1.13013
1.15882
1.19991
1.24073
1.33956
1.40406
1.36342
1.20274
0.91175
0.643728
0.478769
0.463738
0.522965
0.577942
0.654987
0.734621
0.78826
0.841741
0.88774
0.917235
0.946852
0.967791
0.98536
0.996376
1.00954
1.01453
1.02302
1.02608
1.03106
1.03257
1.03544
1.03596
1.03764
1.03737
1.03821
1.0374
1.03764
1.03651
1.03644
1.03589
1.15262
1.18896
1.2351
1.30725
1.43672
1.43606
1.33478
1.05435
0.694301
0.508537
0.521871
0.592046
0.625733
0.65334
0.713511
0.764976
0.811093
0.852317
0.89208
0.921872
0.945129
0.966643
0.98369
0.994767
1.00788
1.01376
1.02276
1.02556
1.03115
1.03225
1.03589
1.03594
1.03807
1.03735
1.0385
1.03754
1.03816
1.03731
1.03782
1.03763
1.17883
1.22588
1.27685
1.39436
1.47684
1.4098
1.16864
0.838561
0.692956
0.728137
0.752371
0.741127
0.72165
0.734365
0.772753
0.807049
0.848377
0.878078
0.9042
0.93366
0.950977
0.969596
0.985405
0.995254
1.00662
1.01353
1.0202
1.02446
1.0298
1.03165
1.03584
1.03611
1.03871
1.03785
1.0395
1.03841
1.03936
1.03832
1.03897
1.03849
1.19634
1.24177
1.31334
1.43215
1.39205
1.17067
0.917277
0.877011
0.883485
0.885574
0.853518
0.819232
0.809574
0.827681
0.847184
0.867784
0.897842
0.913532
0.931223
0.952564
0.965893
0.978672
0.992055
1.00016
1.00788
1.01515
1.02021
1.02477
1.02908
1.03217
1.03526
1.03674
1.03922
1.03975
1.04169
1.04132
1.0425
1.04175
1.04263
1.0423
1.19567
1.23218
1.31438
1.31475
1.11813
0.8994
0.886558
0.900117
0.898729
0.892122
0.856554
0.853351
0.869679
0.900151
0.925205
0.952811
0.960872
0.969846
0.977298
0.982801
0.992277
0.999428
1.00737
1.01417
1.01989
1.02435
1.02975
1.03248
1.03673
1.03966
1.04142
1.04446
1.0446
1.04708
1.046
1.04642
1.0451
1.04452
1.04403
1.04382
1.15202
1.18255
1.2007
1.06245
0.791883
0.768691
0.78919
0.797319
0.80637
0.811936
0.816028
0.852053
0.881971
0.926517
0.961643
1.0011
1.02411
1.04358
1.03621
1.03746
1.03338
1.03641
1.03782
1.04086
1.04476
1.04439
1.04954
1.04662
1.0504
1.04932
1.05082
1.05268
1.05145
1.05464
1.05132
1.05362
1.05049
1.05168
1.05027
1.05086
1.07359
1.07358
1.00616
0.744435
0.571464
0.566416
0.589755
0.608975
0.646595
0.689773
0.746849
0.81098
0.866641
0.92375
0.972198
1.01506
1.05189
1.07893
1.09416
1.10044
1.08607
1.08541
1.07565
1.07777
1.07352
1.07134
1.07169
1.06685
1.06743
1.06267
1.06304
1.06056
1.05931
1.05827
1.05616
1.0558
1.05435
1.05481
1.05501
1.05549
0.971375
0.920949
0.813688
0.51451
0.34873
0.336291
0.346734
0.378936
0.44525
0.518941
0.618165
0.712592
0.808904
0.889277
0.964383
1.01577
1.06166
1.08951
1.1167
1.13104
1.14061
1.13182
1.12168
1.11799
1.10605
1.10478
1.0958
1.09617
1.091
1.08951
1.08603
1.08378
1.0801
1.07724
1.07466
1.07063
1.06958
1.06635
1.06887
1.06762
0.894386
0.806253
0.705766
0.478032
0.308897
0.239416
0.152558
0.134145
0.184814
0.275266
0.401724
0.531231
0.670667
0.799238
0.906166
0.987484
1.05068
1.09363
1.125
1.14565
1.1666
1.17185
1.176
1.16835
1.16558
1.15449
1.14364
1.13795
1.13211
1.12776
1.12282
1.11931
1.11357
1.11102
1.10673
1.10359
1.09968
1.09428
1.09044
1.08838
0.871
0.770284
0.693578
0.563903
0.432718
0.430669
0.387101
0.313465
0.205147
0.103168
0.0692112
0.226484
0.406608
0.590643
0.748395
0.888954
0.98672
1.06328
1.11341
1.15026
1.175
1.19234
1.203
1.20803
1.21291
1.21327
1.21042
1.20205
1.19704
1.18719
1.18432
1.17677
1.17291
1.16842
1.1629
1.15747
1.15064
1.14319
1.13305
1.12674
0.917382
0.840514
0.749205
0.685191
0.616195
0.596686
0.664265
0.672488
0.597221
0.489707
0.371361
0.238427
0.170954
0.295455
0.494917
0.681528
0.827669
0.944042
1.02543
1.09509
1.14284
1.18045
1.20311
1.22014
1.22827
1.23555
1.23841
1.24064
1.24051
1.23743
1.23381
1.22986
1.22629
1.22288
1.21917
1.21428
1.20995
1.2042
1.19951
1.19101
0.912062
0.842529
0.770541
0.711524
0.666586
0.651393
0.666479
0.742596
0.796833
0.776848
0.749426
0.675639
0.590379
0.496988
0.385909
0.368498
0.445287
0.556066
0.666563
0.773212
0.883859
0.987668
1.07362
1.12989
1.17489
1.20995
1.22766
1.2423
1.24731
1.25104
1.24936
1.24757
1.24314
1.23864
1.23952
1.23836
1.23658
1.23699
1.23959
1.24228
0.946199
0.809573
0.681428
0.606775
0.482682
0.349461
0.388945
0.515525
0.608187
0.634714
0.644648
0.634737
0.629977
0.620461
0.622445
0.642934
0.631711
0.588316
0.577282
0.514924
0.361576
0.355944
0.419851
0.517704
0.61552
0.72752
0.824666
0.904463
0.968962
1.02938
1.07633
1.12395
1.1569
1.18869
1.20839
1.23257
1.2511
1.26771
1.2827
1.29047
0.347292
0.332069
0.319521
0.327089
0.32943
0.338356
0.352192
0.358466
0.356959
0.367023
0.377461
0.396369
0.423735
0.458352
0.500997
0.545631
0.576832
0.598133
0.607767
0.61926
0.609607
0.598437
0.574123
0.519299
0.455718
0.279084
0.323245
0.571368
0.627373
0.680898
0.721749
0.762227
0.797779
0.840769
0.878572
0.923838
0.962182
1.01557
1.06278
1.12438
1.01502
1.01157
1.00811
1.00333
0.99752
0.991081
0.985493
0.98214
0.982592
0.986671
0.995432
1.00531
1.01426
1.01643
1.01625
1.01468
1.01335
1.0128
1.0128
1.01267
1.01251
1.01217
1.01187
1.01158
1.01127
1.01094
1.01058
1.01021
1.00983
1.00945
1.00905
1.00862
1.00816
1.00768
1.00721
1.00674
1.00628
1.00582
1.0054
1.00515
1.00762
1.01188
1.01454
1.01871
1.0224
1.02598
1.02716
1.02787
1.0276
1.02533
1.02071
1.01563
1.01334
1.01291
1.01342
1.01429
1.015
1.01507
1.01489
1.01459
1.01427
1.01389
1.01342
1.01296
1.01256
1.01214
1.01164
1.01112
1.01067
1.01028
1.00988
1.00939
1.00886
1.00832
1.00776
1.00718
1.00662
1.00617
1.00577
1.00542
1.01359
1.0104
1.00783
1.00486
1.00336
1.00409
1.00604
1.00837
1.01056
1.01209
1.01311
1.01344
1.01352
1.01392
1.01446
1.01492
1.01513
1.01514
1.015
1.01476
1.0145
1.01418
1.01379
1.01333
1.0129
1.01251
1.01205
1.01155
1.01112
1.01079
1.01038
1.00993
1.00935
1.00882
1.00831
1.00783
1.00724
1.00682
1.00643
1.00617
1.01552
1.02081
1.02304
1.02664
1.02746
1.02814
1.02816
1.02745
1.02534
1.02236
1.01934
1.01681
1.01572
1.01557
1.01578
1.01581
1.0157
1.01543
1.01512
1.01492
1.01475
1.01448
1.01408
1.0136
1.01312
1.01266
1.0122
1.01175
1.01137
1.01102
1.01058
1.01005
1.0095
1.00895
1.00845
1.00796
1.00738
1.00693
1.00658
1.00624
1.01131
1.00971
1.00931
1.00933
1.01069
1.01169
1.01266
1.01329
1.01361
1.01416
1.01445
1.0147
1.01483
1.01516
1.01548
1.01562
1.01562
1.01558
1.01542
1.0151
1.01483
1.01457
1.01439
1.014
1.01353
1.01303
1.01255
1.01215
1.0118
1.01153
1.0111
1.01056
1.01003
1.00958
1.00903
1.00855
1.00801
1.00756
1.00714
1.00682
1.01821
1.02137
1.02278
1.024
1.02442
1.0245
1.02422
1.02335
1.02218
1.02089
1.01964
1.01858
1.0177
1.01705
1.01673
1.01666
1.01656
1.01626
1.01583
1.01543
1.01514
1.0149
1.0146
1.01413
1.01365
1.01314
1.01271
1.01232
1.01185
1.01151
1.01107
1.01057
1.01012
1.00958
1.00907
1.00859
1.00808
1.00762
1.00721
1.00696
1.01204
1.01213
1.01254
1.01324
1.01411
1.01451
1.01482
1.01515
1.01547
1.01594
1.01614
1.0163
1.01626
1.01626
1.0163
1.01646
1.01655
1.01642
1.01603
1.01565
1.0154
1.01531
1.01501
1.01459
1.01404
1.01367
1.01319
1.01291
1.01253
1.01215
1.01164
1.01119
1.01066
1.01025
1.00975
1.00923
1.00863
1.00821
1.00786
1.00746
1.01847
1.02032
1.02103
1.02167
1.0219
1.0219
1.02153
1.02106
1.02044
1.01994
1.01946
1.01898
1.01843
1.01794
1.01766
1.01751
1.01741
1.01702
1.01651
1.01615
1.01585
1.01552
1.01518
1.01471
1.01424
1.01372
1.01331
1.01296
1.01263
1.01224
1.01171
1.01124
1.0107
1.01031
1.00984
1.00929
1.00877
1.00838
1.00804
1.0077
1.01477
1.01531
1.01548
1.01584
1.01607
1.01633
1.01655
1.01691
1.01713
1.01739
1.01747
1.01753
1.01746
1.01744
1.0175
1.01767
1.01757
1.01723
1.01681
1.01663
1.01645
1.01626
1.01584
1.01546
1.01497
1.01449
1.01405
1.01378
1.01339
1.01295
1.01253
1.01201
1.01147
1.01107
1.01052
1.01
1.00949
1.00907
1.00859
1.00817
1.01859
1.01962
1.02
1.02039
1.02043
1.02056
1.02036
1.02032
1.02005
1.01999
1.01962
1.01937
1.01888
1.01873
1.01859
1.01858
1.01821
1.01769
1.01736
1.01712
1.01674
1.01637
1.01609
1.01562
1.01513
1.0147
1.0143
1.01393
1.01357
1.01308
1.01262
1.01209
1.01163
1.01125
1.01068
1.01021
1.00971
1.00933
1.00897
1.00867
1.01652
1.01687
1.01703
1.01747
1.01772
1.01811
1.01818
1.01843
1.01852
1.01877
1.01882
1.01889
1.01879
1.01883
1.01894
1.01894
1.01859
1.0183
1.01813
1.01802
1.01764
1.01727
1.01694
1.01655
1.01603
1.0156
1.01529
1.01488
1.01446
1.01413
1.01357
1.01299
1.01257
1.01205
1.01157
1.01105
1.01044
1.00997
1.00962
1.00926
1.01866
1.01946
1.01973
1.02011
1.02026
1.02047
1.02036
1.0204
1.02034
1.02043
1.02019
1.01998
1.01975
1.01977
1.01971
1.01955
1.0191
1.0188
1.01859
1.01832
1.01786
1.01754
1.01715
1.01675
1.0163
1.01593
1.01547
1.01515
1.01466
1.01427
1.01378
1.01317
1.01267
1.01229
1.01184
1.01128
1.01076
1.01038
1.01008
1.00974
1.01801
1.01852
1.01872
1.01917
1.01935
1.01964
1.01969
1.01994
1.02007
1.02028
1.02031
1.02031
1.02028
1.02043
1.02037
1.02019
1.01994
1.01983
1.01964
1.01931
1.01895
1.01862
1.0182
1.0178
1.01738
1.01695
1.01654
1.01618
1.0158
1.01541
1.01486
1.01426
1.0137
1.01329
1.01285
1.01215
1.01156
1.01112
1.01073
1.01052
1.01964
1.02032
1.02046
1.02079
1.02085
1.02104
1.02103
1.02125
1.02129
1.02134
1.02113
1.02112
1.02103
1.02106
1.02084
1.02066
1.02037
1.02028
1.01995
1.01968
1.01925
1.01903
1.0185
1.01819
1.01771
1.01737
1.01687
1.01657
1.01607
1.01575
1.01513
1.01452
1.01391
1.01358
1.01312
1.01258
1.01202
1.01164
1.01122
1.01087
1.01985
1.02039
1.02051
1.02082
1.02092
1.02121
1.02139
1.02172
1.02186
1.02199
1.02194
1.02201
1.02205
1.02207
1.02192
1.02177
1.02158
1.02141
1.02112
1.02091
1.0206
1.02025
1.01975
1.01941
1.01901
1.01859
1.01812
1.01776
1.01741
1.01705
1.01644
1.01574
1.01511
1.01471
1.01413
1.01348
1.01286
1.01238
1.01211
1.01194
1.02096
1.02169
1.02157
1.02198
1.02198
1.02227
1.02235
1.02266
1.0226
1.02272
1.02259
1.02275
1.02261
1.02265
1.0224
1.02239
1.0221
1.02197
1.02154
1.02144
1.02102
1.02073
1.02016
1.01996
1.01951
1.01913
1.01855
1.01824
1.01789
1.01756
1.01683
1.01619
1.01561
1.01529
1.0147
1.01415
1.01355
1.01311
1.01253
1.01221
1.02166
1.02244
1.02236
1.02281
1.02283
1.02325
1.02336
1.02373
1.02373
1.02394
1.02391
1.02408
1.02397
1.02393
1.02374
1.02374
1.02352
1.02334
1.02294
1.02283
1.02247
1.02218
1.02162
1.02138
1.02094
1.02057
1.01996
1.0197
1.01936
1.01898
1.01818
1.01752
1.01684
1.01637
1.01565
1.01512
1.01446
1.01415
1.01377
1.01357
1.02265
1.02343
1.02324
1.02372
1.02363
1.02408
1.02419
1.02445
1.02445
1.02459
1.02461
1.02471
1.02457
1.02459
1.02444
1.02445
1.02417
1.02399
1.02362
1.02349
1.02312
1.02289
1.02227
1.02201
1.02156
1.02126
1.02065
1.02035
1.02001
1.01961
1.01891
1.01832
1.01775
1.01722
1.01657
1.016
1.01528
1.01474
1.01412
1.01393
1.02405
1.02478
1.02464
1.02515
1.02513
1.02564
1.02563
1.02599
1.02587
1.02621
1.02613
1.02628
1.02611
1.02622
1.02602
1.02599
1.02568
1.0256
1.02529
1.02517
1.02477
1.02452
1.02391
1.02363
1.02321
1.02293
1.0223
1.02203
1.0215
1.02099
1.02014
1.01956
1.01887
1.0183
1.0177
1.01714
1.01657
1.01625
1.01582
1.01546
1.0247
1.02538
1.02531
1.02593
1.02595
1.02644
1.02634
1.02672
1.02667
1.02703
1.02689
1.02705
1.02701
1.02719
1.02693
1.02688
1.02649
1.02655
1.02617
1.0261
1.02573
1.02546
1.0248
1.02445
1.02405
1.02379
1.02337
1.02314
1.02265
1.02211
1.02144
1.02096
1.0202
1.01952
1.01873
1.01798
1.01719
1.01664
1.01619
1.01591
1.02628
1.02691
1.02702
1.02764
1.0277
1.02817
1.02808
1.02855
1.02847
1.02887
1.02869
1.02904
1.02887
1.02909
1.02878
1.02882
1.02841
1.0285
1.02804
1.0281
1.02758
1.02733
1.02665
1.02639
1.02583
1.02556
1.02507
1.02469
1.0239
1.02322
1.02258
1.0221
1.02143
1.02094
1.02024
1.01969
1.01908
1.01866
1.01821
1.01784
1.02709
1.02787
1.02799
1.02859
1.02856
1.02908
1.02902
1.02949
1.02934
1.0298
1.02973
1.03011
1.02986
1.03012
1.02986
1.02996
1.02959
1.02974
1.02941
1.02948
1.02881
1.02864
1.02798
1.02776
1.02728
1.02729
1.02701
1.02668
1.02586
1.02521
1.02445
1.02379
1.02303
1.02223
1.02124
1.02034
1.01953
1.01903
1.0186
1.01829
1.02922
1.02993
1.03004
1.03062
1.03063
1.03124
1.03119
1.03169
1.03157
1.03214
1.03195
1.03232
1.03208
1.03244
1.0321
1.0322
1.03181
1.03201
1.03165
1.03157
1.03085
1.03067
1.02978
1.02948
1.02878
1.02876
1.0283
1.02797
1.02709
1.02649
1.02578
1.02532
1.02475
1.02417
1.02345
1.02266
1.02197
1.0215
1.02107
1.02069
1.0303
1.03096
1.03103
1.03159
1.03162
1.03229
1.03227
1.03293
1.03286
1.03347
1.03324
1.03383
1.03357
1.03414
1.03382
1.03404
1.03372
1.03402
1.0337
1.03377
1.03322
1.03311
1.0324
1.03218
1.0316
1.03161
1.03103
1.03065
1.02965
1.02893
1.02792
1.0273
1.02637
1.02558
1.02441
1.02351
1.02264
1.02201
1.02148
1.02104
1.03261
1.03336
1.03333
1.03398
1.03405
1.03473
1.03469
1.03528
1.03508
1.03569
1.03548
1.03608
1.03584
1.03653
1.036
1.0363
1.03572
1.03603
1.03552
1.03554
1.03484
1.03475
1.03388
1.03379
1.03317
1.03318
1.03251
1.03227
1.03139
1.03082
1.02998
1.0295
1.02878
1.02815
1.0272
1.02636
1.02554
1.02498
1.02454
1.02408
1.03406
1.03474
1.03495
1.03568
1.036
1.03678
1.03692
1.0375
1.03748
1.03819
1.0381
1.03887
1.03879
1.03947
1.03906
1.03957
1.03914
1.03972
1.0391
1.03934
1.03847
1.03847
1.03759
1.03763
1.03689
1.03684
1.036
1.03556
1.03431
1.03369
1.03256
1.03187
1.03074
1.02993
1.02866
1.0277
1.0266
1.02587
1.02525
1.02485
1.03621
1.0366
1.03694
1.03757
1.03788
1.03859
1.03878
1.03944
1.03959
1.04031
1.04033
1.04098
1.04074
1.04132
1.04092
1.04151
1.04106
1.0417
1.04107
1.04141
1.04042
1.04053
1.03958
1.03988
1.03907
1.03927
1.03826
1.038
1.03678
1.03631
1.03526
1.03476
1.03361
1.03279
1.03153
1.03074
1.02981
1.02918
1.02856
1.028
1.03858
1.03916
1.03988
1.04057
1.04129
1.04192
1.0425
1.0432
1.0438
1.04451
1.0449
1.04548
1.04549
1.04607
1.04592
1.04655
1.04622
1.04681
1.04615
1.04646
1.0454
1.04557
1.0446
1.04491
1.04393
1.0439
1.04254
1.04222
1.04059
1.04018
1.03873
1.03826
1.03665
1.03576
1.03414
1.03321
1.03193
1.03126
1.03062
1.03017
1.03953
1.04026
1.04118
1.04193
1.04277
1.0435
1.04425
1.04507
1.04575
1.04658
1.04696
1.04764
1.04781
1.04853
1.04855
1.0493
1.0491
1.04973
1.04912
1.04944
1.04841
1.04872
1.04775
1.0483
1.04731
1.04746
1.04588
1.04563
1.04404
1.04374
1.04217
1.04173
1.03993
1.03925
1.03741
1.03663
1.03516
1.03457
1.03357
1.03307
1.04389
1.0447
1.04601
1.04698
1.04817
1.04916
1.05028
1.05127
1.05226
1.05302
1.05373
1.05431
1.0549
1.05547
1.05586
1.0564
1.05644
1.05679
1.05623
1.05636
1.05556
1.05587
1.05497
1.05531
1.05407
1.05403
1.05218
1.05181
1.04993
1.04953
1.04768
1.04715
1.04502
1.04415
1.04195
1.04105
1.03937
1.03875
1.03769
1.03732
1.04509
1.04641
1.0479
1.04931
1.05081
1.05222
1.05359
1.05493
1.05613
1.05713
1.05804
1.05879
1.05953
1.06026
1.0608
1.06138
1.06145
1.06166
1.06105
1.06102
1.0602
1.06042
1.05952
1.05976
1.05848
1.05845
1.05669
1.05647
1.05452
1.0543
1.05223
1.05176
1.04931
1.04843
1.04588
1.04488
1.04283
1.04216
1.04066
1.04014
1.05278
1.05398
1.05623
1.05771
1.05968
1.06116
1.06292
1.0642
1.06579
1.06672
1.06816
1.06886
1.07015
1.07079
1.0718
1.07213
1.07264
1.0727
1.07296
1.07299
1.07304
1.07303
1.07262
1.0723
1.07104
1.07018
1.06817
1.06715
1.06485
1.06398
1.06147
1.06046
1.05758
1.05637
1.05351
1.05237
1.05007
1.04934
1.04768
1.04721
1.05807
1.06058
1.0631
1.06514
1.06762
1.06942
1.07163
1.07312
1.07498
1.07602
1.07752
1.07809
1.07937
1.07975
1.08069
1.08077
1.08093
1.08037
1.07986
1.07891
1.07851
1.0774
1.07697
1.07563
1.0748
1.0734
1.07233
1.07118
1.06988
1.06892
1.06711
1.06603
1.06346
1.06215
1.0592
1.05803
1.05517
1.0542
1.05175
1.05101
1.06749
1.07243
1.0758
1.07874
1.08137
1.08402
1.08638
1.08867
1.09085
1.09285
1.09489
1.09658
1.09831
1.09939
1.10055
1.10114
1.10211
1.10283
1.10372
1.10418
1.10462
1.10429
1.10405
1.10258
1.10163
1.09927
1.09787
1.095
1.0931
1.08997
1.08742
1.08403
1.08076
1.07743
1.07378
1.0709
1.06744
1.06563
1.06267
1.06159
1.08791
1.09259
1.09452
1.09878
1.10044
1.10438
1.10553
1.10896
1.10951
1.11221
1.11209
1.11431
1.11399
1.11584
1.11513
1.11606
1.11452
1.1143
1.11216
1.1113
1.10908
1.10789
1.1056
1.10381
1.10162
1.09959
1.09777
1.09575
1.09437
1.09216
1.09074
1.0879
1.08598
1.08259
1.0803
1.07701
1.07482
1.07218
1.07025
1.06824
1.1271
1.13393
1.13536
1.14063
1.14131
1.1457
1.14637
1.15031
1.15127
1.15463
1.15545
1.15785
1.15835
1.16008
1.16065
1.16225
1.1631
1.16441
1.16516
1.16576
1.16598
1.16554
1.16493
1.1635
1.16189
1.15925
1.15659
1.15286
1.14928
1.14451
1.14004
1.13431
1.12904
1.1225
1.11697
1.11024
1.1052
1.09894
1.09463
1.08908
1.19035
1.18569
1.18652
1.18498
1.18676
1.18613
1.1877
1.18721
1.18818
1.18765
1.18815
1.18757
1.1877
1.18681
1.18629
1.18472
1.18339
1.1811
1.17901
1.17593
1.17305
1.16921
1.1655
1.16077
1.1565
1.15191
1.14771
1.14355
1.1396
1.13589
1.1321
1.12853
1.1245
1.12026
1.11534
1.11002
1.10487
1.10014
1.0972
1.0956
1.2486
1.25842
1.26126
1.26954
1.27049
1.27753
1.27782
1.2843
1.28421
1.29036
1.28995
1.29564
1.29495
1.29991
1.29899
1.30317
1.30199
1.30528
1.30354
1.30597
1.30372
1.30544
1.30266
1.30358
1.29944
1.29825
1.29229
1.28892
1.28086
1.27529
1.26524
1.25763
1.24604
1.23719
1.22529
1.21653
1.20521
1.19639
1.18403
1.17198
1.29822
1.29733
1.30245
1.30516
1.31044
1.31718
1.32383
1.33074
1.33699
1.34291
1.34776
1.35229
1.35526
1.358
1.35932
1.36043
1.3612
1.36131
1.36164
1.35959
1.35735
1.35184
1.34617
1.33817
1.32958
1.32036
1.30943
1.30022
1.28814
1.27935
1.26676
1.25911
1.24727
1.24091
1.22876
1.2199
1.20215
1.18575
1.16342
1.15044
1.17106
1.21318
1.2618
1.30474
1.34988
1.38988
1.43167
1.46803
1.50604
1.53847
1.57232
1.60069
1.62996
1.65348
1.67702
1.6944
1.71094
1.72155
1.7316
1.73694
1.7424
1.74385
1.74535
1.74303
1.74065
1.73458
1.72782
1.71711
1.7046
1.69004
1.67184
1.65422
1.63133
1.61228
1.58522
1.56319
1.53243
1.50598
1.47671
1.45106
1.00496
1.00564
1.00551
1.00558
1.00569
1.0058
1.00594
1.00611
1.00627
1.00647
1.00663
1.00677
1.00687
1.00695
1.00695
1.00691
1.00672
1.00639
1.0058
1.00507
1.00413
1.0031
1.00192
1.00059
0.998815
0.996876
0.995574
0.99352
0.992452
0.991199
0.990137
0.989896
0.989715
0.989835
0.990224
0.990734
0.991254
0.991684
0.991993
0.991482
1.00521
1.00574
1.00546
1.00565
1.00577
1.0059
1.00608
1.00627
1.00649
1.00669
1.0069
1.00707
1.00723
1.00732
1.00738
1.00729
1.00713
1.00677
1.00635
1.00563
1.00472
1.00354
1.00204
1.00028
0.998646
0.997112
0.99479
0.993484
0.99152
0.990343
0.989643
0.988905
0.988956
0.989242
0.989698
0.990263
0.990819
0.9913
0.991735
0.99133
1.00586
1.00631
1.00598
1.00635
1.00641
1.00659
1.00677
1.00698
1.00718
1.00739
1.00758
1.00775
1.00783
1.00794
1.0079
1.00783
1.00756
1.00721
1.00658
1.00584
1.00476
1.00353
1.00212
1.0006
0.998609
0.996366
0.994862
0.992502
0.991295
0.989848
0.988639
0.988377
0.988177
0.988438
0.98896
0.989605
0.990253
0.9908
0.991412
0.991121
1.00602
1.00629
1.00602
1.00648
1.00651
1.00674
1.00694
1.00716
1.00741
1.00766
1.00792
1.00808
1.00825
1.0083
1.00835
1.00817
1.00793
1.00745
1.00691
1.00606
1.00508
1.00374
1.00212
1.00013
0.998237
0.996514
0.99389
0.992374
0.990238
0.988962
0.988189
0.987426
0.987544
0.987827
0.988376
0.989051
0.989741
0.990333
0.991119
0.990977
1.0065
1.00677
1.0066
1.00721
1.00713
1.00747
1.00763
1.00788
1.00809
1.00836
1.00856
1.0088
1.00888
1.00898
1.00888
1.00875
1.00839
1.00794
1.00717
1.00623
1.00495
1.00349
1.00185
1.00019
0.998107
0.995516
0.993822
0.991263
0.989921
0.988394
0.987205
0.986962
0.986695
0.987028
0.98765
0.988401
0.989191
0.989852
0.990805
0.990767
1.00671
1.00686
1.00689
1.00742
1.00728
1.00769
1.00786
1.00809
1.00839
1.00864
1.00896
1.00911
1.00928
1.00926
1.00927
1.009
1.00863
1.00796
1.00723
1.00627
1.00512
1.0036
1.00179
0.999536
0.99734
0.995492
0.992634
0.990993
0.988726
0.987525
0.986629
0.985873
0.985995
0.986337
0.986968
0.987742
0.988614
0.989313
0.990407
0.990541
1.00706
1.00736
1.0075
1.00803
1.0079
1.00851
1.00856
1.00888
1.00906
1.00935
1.00952
1.00978
1.00986
1.00994
1.00981
1.00955
1.00908
1.00851
1.00756
1.00633
1.00486
1.00315
1.00126
0.999377
0.99715
0.99426
0.992453
0.989705
0.988265
0.986442
0.985444
0.985243
0.985036
0.985424
0.986141
0.987018
0.988014
0.988779
0.990033
0.990286
1.0074
1.00773
1.00791
1.00824
1.00817
1.00874
1.00872
1.00903
1.00924
1.00948
1.00981
1.00999
1.01012
1.01008
1.00998
1.0097
1.0092
1.00841
1.00747
1.00631
1.00488
1.00321
1.00121
0.998719
0.996173
0.994207
0.991116
0.98933
0.98692
0.985759
0.984681
0.983907
0.98409
0.984553
0.985285
0.986201
0.987289
0.988102
0.989462
0.989933
1.0079
1.00833
1.00851
1.00884
1.00895
1.00962
1.00954
1.00999
1.01012
1.01039
1.01059
1.01078
1.01086
1.01086
1.01071
1.01034
1.00981
1.00905
1.00799
1.00651
1.00483
1.00279
1.00062
0.998498
0.996122
0.992909
0.990856
0.987906
0.98633
0.9843
0.983327
0.983078
0.982947
0.983498
0.984353
0.985396
0.986623
0.987504
0.98903
0.98965
1.00831
1.00873
1.00878
1.00911
1.00933
1.00985
1.00968
1.01019
1.01026
1.01053
1.01072
1.01092
1.01103
1.01103
1.01084
1.01055
1.00997
1.00908
1.00791
1.00659
1.00486
1.00292
1.00069
0.997924
0.994975
0.992778
0.989381
0.987414
0.984808
0.983512
0.982431
0.981689
0.981942
0.982465
0.983345
0.984432
0.98574
0.986696
0.988288
0.989176
1.00903
1.00945
1.00958
1.01001
1.0104
1.01075
1.01073
1.01134
1.0113
1.01158
1.01175
1.01191
1.01195
1.01183
1.01163
1.01119
1.0105
1.00959
1.00835
1.00667
1.00478
1.00247
0.999877
0.997423
0.994922
0.991255
0.988996
0.985792
0.984051
0.981979
0.980929
0.980683
0.980652
0.981294
0.982317
0.983538
0.985018
0.986055
0.987819
0.988868
1.00928
1.00975
1.00974
1.01028
1.01054
1.01086
1.01097
1.01157
1.01141
1.01179
1.01188
1.01199
1.01202
1.012
1.01178
1.01135
1.0107
1.00969
1.00838
1.00671
1.00468
1.00238
0.999934
0.996844
0.993409
0.991002
0.987256
0.985132
0.982289
0.980884
0.979804
0.979114
0.979404
0.980045
0.981095
0.982371
0.983933
0.985094
0.986883
0.988248
1.01031
1.01076
1.01089
1.01143
1.01167
1.01199
1.01227
1.01273
1.01257
1.01306
1.01301
1.01311
1.01308
1.01288
1.01252
1.01203
1.0112
1.01018
1.00871
1.00684
1.00456
1.00198
0.998856
0.996041
0.993316
0.9892
0.986796
0.983239
0.98132
0.979224
0.978048
0.977924
0.977963
0.978717
0.979934
0.98136
0.983139
0.984393
0.986359
0.987917
1.01049
1.01102
1.01113
1.01167
1.0118
1.01223
1.01251
1.01294
1.01285
1.01344
1.01323
1.01343
1.01332
1.01312
1.01284
1.01225
1.01152
1.01031
1.00879
1.00686
1.00449
1.00171
0.998989
0.995578
0.991581
0.988856
0.984704
0.982389
0.979272
0.977685
0.976627
0.975864
0.976312
0.977181
0.978413
0.979921
0.981788
0.983217
0.985163
0.987091
1.01165
1.01225
1.01236
1.01287
1.01294
1.01349
1.01383
1.01414
1.01415
1.01465
1.01435
1.01463
1.01434
1.01405
1.01352
1.01293
1.01197
1.01079
1.00919
1.00704
1.00446
1.00157
0.997909
0.994461
0.991424
0.986776
0.984084
0.980182
0.978048
0.976014
0.974588
0.974616
0.974815
0.975661
0.977127
0.978777
0.980905
0.982445
0.984565
0.986719
1.01196
1.01258
1.01269
1.01315
1.01326
1.01384
1.014
1.01428
1.01449
1.015
1.01472
1.01498
1.01455
1.01434
1.0139
1.01318
1.01219
1.01085
1.00904
1.00683
1.00413
1.00088
0.997741
0.994022
0.989298
0.986259
0.981722
0.979057
0.975666
0.973812
0.972837
0.97211
0.972587
0.973794
0.975206
0.977026
0.979239
0.981011
0.983071
0.985609
1.01324
1.0139
1.01402
1.01455
1.01473
1.01524
1.01533
1.01579
1.01603
1.01635
1.01598
1.01624
1.01579
1.01547
1.01471
1.01382
1.01269
1.01117
1.00931
1.00681
1.00382
1.00056
0.996501
0.992276
0.988947
0.983753
0.980686
0.976419
0.974114
0.972073
0.970479
0.970448
0.971001
0.971968
0.973849
0.975694
0.978216
0.980159
0.982368
0.985166
1.01364
1.01432
1.01437
1.01494
1.01502
1.01552
1.01553
1.01601
1.01607
1.01636
1.01613
1.01651
1.01583
1.01569
1.01491
1.01403
1.01277
1.01109
1.00894
1.00625
1.00313
0.99932
0.995614
0.991672
0.986311
0.982987
0.977969
0.974946
0.971205
0.969074
0.968264
0.967655
0.968145
0.969634
0.971375
0.973547
0.976143
0.978441
0.980514
0.983686
1.01512
1.01585
1.01589
1.01654
1.0166
1.0171
1.01712
1.01764
1.01762
1.0179
1.01789
1.0181
1.01739
1.01714
1.01601
1.01496
1.01332
1.01145
1.00901
1.00625
1.00272
0.998975
0.994522
0.989448
0.985784
0.979882
0.976361
0.971712
0.969301
0.967187
0.965347
0.965559
0.96627
0.967492
0.969775
0.971939
0.974888
0.977461
0.97976
0.983131
1.0156
1.0163
1.01629
1.01692
1.01694
1.01743
1.0174
1.01783
1.01771
1.01796
1.0178
1.01779
1.01709
1.01695
1.01588
1.01479
1.01323
1.01114
1.00864
1.00529
1.00162
0.997336
0.992748
0.988579
0.982505
0.978824
0.973173
0.969804
0.965552
0.963281
0.962652
0.961973
0.962797
0.964621
0.966655
0.969301
0.972284
0.975311
0.977659
0.981174
1.01738
1.0181
1.0181
1.0188
1.01884
1.0194
1.01941
1.01977
1.01964
1.01992
1.01973
1.01958
1.01892
1.01865
1.01709
1.01595
1.0139
1.01153
1.00854
1.00522
1.0012
0.996797
0.992008
0.985945
0.981677
0.974907
0.970983
0.965748
0.963467
0.960862
0.959025
0.959516
0.960354
0.962028
0.964769
0.967353
0.970705
0.974067
0.97673
0.980548
1.01794
1.01856
1.01855
1.01917
1.01916
1.01969
1.01964
1.01995
1.01974
1.01989
1.0195
1.01924
1.01854
1.01801
1.01654
1.01546
1.01329
1.01095
1.00787
1.00405
0.999605
0.994701
0.988997
0.984403
0.977554
0.973427
0.966934
0.963257
0.958428
0.956128
0.955539
0.954929
0.95618
0.958205
0.960844
0.964037
0.967389
0.971254
0.974065
0.978174
1.02024
1.0209
1.02093
1.02154
1.02157
1.02215
1.02214
1.02251
1.02236
1.02246
1.02196
1.02165
1.02094
1.02006
1.01832
1.01699
1.01432
1.01161
1.00784
1.00365
0.998928
0.993588
0.988375
0.981269
0.976213
0.968373
0.964172
0.95816
0.955633
0.952948
0.951021
0.951859
0.952972
0.955255
0.95843
0.961618
0.965413
0.969663
0.972876
0.977448
1.02074
1.02132
1.02133
1.02189
1.02186
1.02236
1.02226
1.02254
1.02223
1.02221
1.02158
1.02119
1.02035
1.0192
1.01768
1.01615
1.01322
1.01033
1.00649
1.00205
0.996752
0.991151
0.984009
0.97869
0.970823
0.966219
0.958833
0.954761
0.949317
0.946869
0.946321
0.945869
0.947545
0.95003
0.953445
0.957369
0.961134
0.965947
0.96938
0.974417
1.02371
1.02438
1.02441
1.025
1.02502
1.0255
1.02544
1.02577
1.02548
1.02548
1.02489
1.02445
1.0231
1.02183
1.01994
1.01779
1.01433
1.01122
1.00642
1.00117
0.995501
0.988749
0.983162
0.974678
0.968818
0.96027
0.954972
0.948219
0.945457
0.942516
0.940854
0.941919
0.943537
0.946511
0.950288
0.95437
0.958709
0.963917
0.967854
0.973447
1.02449
1.02491
1.02497
1.02528
1.02529
1.0256
1.02541
1.02555
1.02505
1.02491
1.02407
1.02349
1.02223
1.02093
1.01895
1.01637
1.01283
1.00923
1.00388
0.998758
0.992049
0.985883
0.977092
0.970888
0.961567
0.955661
0.947817
0.94319
0.937287
0.934672
0.934403
0.934125
0.936492
0.939373
0.943653
0.94873
0.953074
0.958875
0.963132
0.969159
1.02755
1.02841
1.02846
1.02908
1.02913
1.02955
1.02935
1.02947
1.02893
1.02882
1.02789
1.02734
1.02562
1.02416
1.02122
1.01812
1.01402
1.00969
1.00357
0.997227
0.990557
0.98195
0.975471
0.965392
0.95857
0.949091
0.942497
0.934979
0.931768
0.92886
0.926708
0.928737
0.931053
0.934868
0.939606
0.944897
0.950093
0.956442
0.961275
0.968111
1.0297
1.03002
1.02997
1.03023
1.03018
1.03014
1.02976
1.02954
1.02893
1.02845
1.02744
1.02638
1.02456
1.0225
1.0194
1.01618
1.01177
1.00675
0.999823
0.994025
0.984862
0.977961
0.967177
0.959666
0.948762
0.941367
0.932496
0.927178
0.920875
0.918106
0.918751
0.91866
0.921471
0.925402
0.930603
0.937067
0.94241
0.949355
0.954734
0.962633
1.03228
1.03313
1.03301
1.03359
1.03343
1.03378
1.03354
1.03347
1.0328
1.03229
1.03103
1.02991
1.02766
1.02543
1.02176
1.01795
1.01234
1.00609
0.999118
0.990688
0.982767
0.971979
0.963973
0.951993
0.943879
0.932872
0.925017
0.916711
0.912972
0.909997
0.907491
0.910462
0.914287
0.919321
0.92518
0.932502
0.938682
0.94648
0.952327
0.961653
1.03651
1.03695
1.03664
1.03694
1.03663
1.03661
1.03607
1.03558
1.03468
1.03362
1.03196
1.03004
1.02724
1.02414
1.01974
1.01502
1.00848
1.00241
0.993305
0.986267
0.974117
0.966247
0.952684
0.943147
0.930184
0.921199
0.910415
0.904584
0.897964
0.894971
0.89725
0.897161
0.900979
0.906382
0.91277
0.92097
0.928051
0.936696
0.943272
0.953775
1.03894
1.03969
1.03915
1.03964
1.03912
1.03931
1.03868
1.03836
1.03732
1.03624
1.0344
1.03227
1.02907
1.02553
1.02054
1.01495
1.00803
0.999593
0.991265
0.979639
0.96992
0.956569
0.945789
0.932076
0.921349
0.908656
0.899838
0.89025
0.88588
0.883375
0.880108
0.885763
0.890921
0.898001
0.905721
0.915099
0.92326
0.933114
0.940797
0.95166
1.04583
1.04641
1.04567
1.046
1.04517
1.0451
1.04408
1.04336
1.04181
1.04007
1.0375
1.03443
1.03021
1.02546
1.01882
1.01238
1.00255
0.994842
0.981819
0.972923
0.957575
0.947109
0.930661
0.918029
0.902491
0.890653
0.878324
0.871102
0.865858
0.86157
0.866494
0.86657
0.871907
0.879885
0.888041
0.899044
0.907993
0.919655
0.928557
0.939482
1.04914
1.04977
1.04868
1.04903
1.04787
1.04773
1.04624
1.04527
1.04318
1.04095
1.03784
1.03383
1.02929
1.02292
1.01658
1.00731
0.999098
0.986611
0.976352
0.96107
0.948296
0.931606
0.915742
0.899877
0.885809
0.871202
0.860659
0.851059
0.844406
0.84422
0.840946
0.850056
0.857916
0.86775
0.87836
0.890588
0.901844
0.913762
0.925986
0.9371
1.05944
1.06011
1.05869
1.05912
1.05739
1.05719
1.05491
1.05359
1.05024
1.04744
1.04248
1.03795
1.03071
1.02423
1.01361
1.00511
0.990506
0.980029
0.961909
0.949037
0.928992
0.913379
0.893226
0.877367
0.857307
0.842781
0.828271
0.818888
0.816103
0.811218
0.819543
0.821346
0.829487
0.84152
0.853341
0.868382
0.880117
0.895503
0.908192
0.922894
1.06666
1.06672
1.06512
1.06502
1.06268
1.06167
1.05834
1.05564
1.05129
1.04637
1.041
1.03323
1.02651
1.01523
1.00642
0.991272
0.979772
0.961565
0.946684
0.92649
0.907501
0.886333
0.864983
0.84396
0.824798
0.808629
0.796146
0.788738
0.780788
0.783513
0.78282
0.796056
0.808484
0.82354
0.838344
0.855954
0.873003
0.886472
0.904386
0.919418
1.08577
1.08384
1.08146
1.08044
1.07666
1.07497
1.06883
1.06615
1.05765
1.05387
1.04313
1.0374
1.02384
1.0147
0.997856
0.984219
0.964143
0.946117
0.922497
0.900479
0.873833
0.850626
0.82309
0.802295
0.777423
0.761046
0.745325
0.732414
0.733967
0.731443
0.744439
0.751929
0.765352
0.784105
0.802642
0.822455
0.84326
0.862334
0.880569
0.90016
1.09657
1.09503
1.09502
1.09049
1.08749
1.08044
1.07593
1.0674
1.06129
1.05108
1.04215
1.02893
1.01554
0.998166
0.979718
0.957682
0.934725
0.907879
0.88167
0.85143
0.82388
0.792799
0.765377
0.737566
0.713516
0.69707
0.679841
0.68179
0.675193
0.68383
0.690378
0.712808
0.734271
0.757291
0.782074
0.806596
0.832581
0.855586
0.876558
0.894791
1.15604
1.14736
1.13102
1.12313
1.10937
1.10379
1.0916
1.08576
1.07177
1.06185
1.04296
1.02725
1.00271
0.981315
0.951264
0.924786
0.88974
0.859174
0.820942
0.787716
0.748943
0.7155
0.678967
0.650637
0.623518
0.603859
0.594386
0.582186
0.587935
0.596829
0.621211
0.63847
0.66622
0.69577
0.726468
0.756114
0.788165
0.816624
0.855502
0.881961
1.14313
1.13715
1.13777
1.13542
1.13339
1.12734
1.11738
1.10237
1.08229
1.05845
1.02978
0.998649
0.963301
0.926181
0.885558
0.843459
0.799006
0.753371
0.707128
0.660556
0.615706
0.572798
0.535891
0.50657
0.477647
0.476715
0.454251
0.476459
0.489846
0.521495
0.553895
0.601436
0.640093
0.683273
0.724635
0.766012
0.799669
0.834461
0.858062
0.894551
1.42119
1.39789
1.35524
1.32245
1.27121
1.23147
1.17353
1.13119
1.06978
1.02604
0.961957
0.917249
0.85054
0.804816
0.735663
0.689275
0.618505
0.572589
0.502073
0.456444
0.391133
0.346328
0.301347
0.264599
0.279535
0.275171
0.274121
0.332889
0.373885
0.431226
0.505599
0.550153
0.629764
0.681027
0.752335
0.805723
0.869126
0.920675
0.978094
1.02043
0.999993
1
1.00001
1.00001
1.00001
1.00001
1.00001
1.00001
1.00001
1.00001
1.00001
1
1
1
1
1.00002
1.00003
1.00004
1.00005
1.00005
1.00006
1.00007
1.00007
1.00007
1.00006
1.00006
1.00006
1.00004
1.00002
1.00002
1
0.99998
1
0.999986
0.99999
0.999985
0.999987
0.999987
0.99999
0.999996
0.999997
1
1
0.999997
0.999994
0.999992
0.99999
0.99999
0.999989
0.99999
0.999993
0.999996
1
1
0.99999
0.999977
0.99997
0.999965
0.999956
0.999953
0.999941
0.999935
0.999935
0.999933
0.999934
0.999937
0.999933
0.999948
0.999969
0.999978
0.999983
1.00002
0.999988
1
1
1.00001
1
1.00001
1
0.999971
1.00001
1.00003
1.00003
1.00003
1.00003
1.00004
1.00004
1.00004
1.00004
1.00004
1.00004
1.00004
1.00003
1.00003
1.00004
1.00004
1.00005
1.00005
1.00005
1.00005
1.00007
1.00007
1.00007
1.00007
1.00006
1.00005
1.00004
1.00002
1.00001
0.999998
0.999988
0.999952
0.999984
0.999968
0.999954
0.999955
0.99996
0.99996
0.999969
0.999951
1.00002
1.00004
1.00004
1.00003
1.00002
1.00002
1.00002
1.00002
1.00002
1.00002
1.00003
1.00003
1.00003
1.00003
1.00001
1.00001
1
1
0.999998
0.999983
0.999963
0.999949
0.999937
0.999924
0.999923
0.999926
0.99991
0.999915
0.999925
0.999936
0.999924
0.999964
0.999929
0.999938
0.999956
0.999948
0.999947
0.999954
0.999958
0.999908
1.00004
1.00008
1.00008
1.00008
1.00008
1.00008
1.00008
1.00008
1.00008
1.00008
1.00007
1.00007
1.00006
1.00007
1.00008
1.00008
1.00008
1.00008
1.00007
1.00008
1.00008
1.00008
1.00008
1.00007
1.00004
1.00001
1.00001
0.999995
0.999976
0.99996
0.999955
0.999895
0.999926
0.999908
0.999888
0.99989
0.999894
0.999892
0.999907
0.999864
1.00005
1.0001
1.0001
1.00009
1.00009
1.00009
1.00009
1.00009
1.00009
1.00009
1.0001
1.0001
1.0001
1.00009
1.00008
1.00007
1.00006
1.00005
1.00004
1
0.999982
0.999957
0.999932
0.999914
0.999908
0.999905
0.999863
0.999853
0.999853
0.999849
0.999827
0.999874
0.999825
0.99983
0.999845
0.999844
0.999844
0.999853
0.999858
0.999788
1.00009
1.00017
1.00016
1.00016
1.00016
1.00016
1.00017
1.00017
1.00017
1.00017
1.00016
1.00016
1.00016
1.00017
1.00017
1.00016
1.00016
1.00015
1.00014
1.00014
1.00013
1.00011
1.00009
1.00006
1.00001
0.999954
0.99996
0.999922
0.99988
0.999853
0.999851
0.999777
0.999809
0.999792
0.999775
0.999776
0.999768
0.999771
0.999785
0.999719
1.00012
1.0002
1.00019
1.00018
1.00017
1.00017
1.00017
1.00017
1.00017
1.00018
1.00018
1.00019
1.00018
1.00017
1.00016
1.00014
1.00013
1.00011
1.00009
1.00005
1.00002
0.999982
0.999943
0.99991
0.9999
0.999897
0.999814
0.999793
0.999782
0.999765
0.999717
0.999751
0.999693
0.999685
0.999689
0.999685
0.999694
0.999698
0.999709
0.999601
1.00017
1.00028
1.00028
1.00028
1.00028
1.00028
1.00029
1.00029
1.00029
1.00029
1.00029
1.00029
1.00029
1.00029
1.00029
1.00028
1.00027
1.00027
1.00024
1.00022
1.00019
1.00016
1.00011
1.00006
0.999971
0.999874
0.999888
0.999817
0.999757
0.999705
0.999704
0.999625
0.999642
0.99963
0.999611
0.999605
0.999587
0.999593
0.999606
0.999513
1.00021
1.00033
1.00032
1.00031
1.00031
1.00031
1.00031
1.00031
1.00032
1.00033
1.00033
1.00033
1.00032
1.00031
1.0003
1.00028
1.00026
1.00022
1.00018
1.00014
1.00009
1.00003
0.999967
0.999904
0.999888
0.999875
0.999732
0.999711
0.999667
0.999646
0.999557
0.999569
0.999516
0.999476
0.999469
0.999468
0.999481
0.99948
0.999489
0.999351
1.00028
1.00043
1.00043
1.00043
1.00043
1.00044
1.00044
1.00045
1.00045
1.00045
1.00046
1.00046
1.00046
1.00046
1.00045
1.00044
1.00042
1.0004
1.00036
1.00031
1.00026
1.0002
1.00013
1.00006
0.999922
0.999784
0.999795
0.999665
0.999605
0.999511
0.999514
0.999422
0.999404
0.999403
0.999385
0.999363
0.999344
0.999351
0.999368
0.999232
1.00033
1.00049
1.00048
1.00048
1.00048
1.00048
1.00048
1.00049
1.0005
1.00051
1.00051
1.0005
1.0005
1.00049
1.00047
1.00044
1.0004
1.00035
1.0003
1.00024
1.00017
1.00009
1.00001
0.99991
0.999894
0.999856
0.999663
0.999645
0.999543
0.999502
0.999368
0.999361
0.999307
0.999245
0.999216
0.999217
0.999219
0.999219
0.999211
0.999034
1.00043
1.00061
1.00061
1.00061
1.00062
1.00062
1.00063
1.00064
1.00064
1.00065
1.00065
1.00066
1.00066
1.00065
1.00063
1.00062
1.00058
1.00055
1.00049
1.00042
1.00035
1.00025
1.00016
1.00006
0.999848
0.999682
0.999672
0.999478
0.999407
0.99929
0.999284
0.999168
0.999127
0.999108
0.999087
0.999051
0.999038
0.999039
0.999072
0.998892
1.00049
1.00068
1.00068
1.00068
1.00068
1.00069
1.00069
1.0007
1.00072
1.00073
1.00073
1.00073
1.00072
1.00071
1.00068
1.00063
1.00059
1.00052
1.00046
1.00038
1.00028
1.00018
1.00005
0.999914
0.999881
0.999788
0.999554
0.999523
0.999376
0.99929
0.999134
0.999102
0.999019
0.998963
0.998919
0.998907
0.998899
0.998896
0.998873
0.998666
1.0006
1.00082
1.00081
1.00081
1.00082
1.00083
1.00084
1.00085
1.00085
1.00085
1.00087
1.00088
1.00086
1.00085
1.00083
1.0008
1.00076
1.00072
1.00064
1.00053
1.00042
1.00029
1.00016
1.00003
0.99977
0.999584
0.999534
0.999282
0.999174
0.999047
0.998987
0.998861
0.998817
0.998757
0.998727
0.998696
0.998682
0.998678
0.998716
0.998499
1.00066
1.00089
1.00089
1.00089
1.0009
1.00091
1.00092
1.00093
1.00095
1.00097
1.00097
1.00097
1.00097
1.00095
1.00091
1.00086
1.0008
1.00072
1.00063
1.00053
1.0004
1.00027
1.00011
0.999929
0.999861
0.999699
0.999408
0.999349
0.999174
0.999025
0.998879
0.998789
0.998676
0.998622
0.99857
0.998539
0.998526
0.998517
0.998493
0.998243
1.00079
1.00105
1.00104
1.00104
1.00104
1.00105
1.00107
1.00108
1.00109
1.00111
1.00112
1.00112
1.0011
1.00109
1.00106
1.00103
1.00098
1.00091
1.00081
1.00067
1.00053
1.00036
1.00018
0.999993
0.999685
0.999475
0.999405
0.999088
0.998916
0.998771
0.998635
0.998524
0.998452
0.998373
0.998329
0.998304
0.998286
0.998286
0.998316
0.998071
1.00086
1.00113
1.00113
1.00113
1.00114
1.00115
1.00117
1.00118
1.0012
1.00123
1.00124
1.00124
1.00124
1.00121
1.00118
1.00112
1.00104
1.00093
1.00082
1.0007
1.00055
1.00038
1.00018
0.999949
0.999822
0.999587
0.999208
0.999128
0.998915
0.998719
0.998566
0.998421
0.998303
0.998227
0.998165
0.998118
0.998097
0.998087
0.998072
0.997782
1.00101
1.0013
1.00129
1.00129
1.0013
1.00131
1.00133
1.00134
1.00137
1.00138
1.00139
1.0014
1.00138
1.00137
1.00135
1.0013
1.00124
1.00115
1.00103
1.00087
1.00068
1.00045
1.00021
0.999984
0.999622
0.999369
0.999273
0.998871
0.998664
0.998461
0.998279
0.998144
0.998034
0.997954
0.997894
0.997876
0.99787
0.997862
0.997893
0.997613
1.00109
1.00139
1.00139
1.0014
1.00141
1.00143
1.00145
1.00147
1.0015
1.00153
1.00154
1.00154
1.00154
1.00153
1.00148
1.00142
1.00131
1.00119
1.00106
1.0009
1.0007
1.0005
1.00026
0.999955
0.99978
0.999478
0.999019
0.998905
0.998607
0.998391
0.9982
0.998033
0.997897
0.997791
0.997729
0.997675
0.997642
0.99764
0.997629
0.997313
1.00125
1.00157
1.00157
1.00157
1.00158
1.0016
1.00162
1.00165
1.00168
1.0017
1.00171
1.00172
1.00172
1.0017
1.00167
1.00162
1.00156
1.00145
1.00129
1.00109
1.00087
1.0006
1.0003
1.00003
0.999573
0.999244
0.999095
0.998625
0.998411
0.998141
0.997903
0.997732
0.997601
0.997511
0.997448
0.997419
0.997412
0.997411
0.99745
0.997135
1.00133
1.00167
1.00167
1.00169
1.00171
1.00173
1.00176
1.0018
1.00183
1.00185
1.00187
1.00187
1.00187
1.00185
1.00179
1.00171
1.0016
1.00145
1.00128
1.00109
1.00085
1.00058
1.00028
0.999907
0.999698
0.999341
0.998818
0.998642
0.998234
0.997998
0.997798
0.997598
0.99744
0.997325
0.997246
0.997204
0.997191
0.997189
0.997186
0.996834
1.0015
1.00187
1.00187
1.00187
1.00189
1.00192
1.00195
1.00199
1.00202
1.00204
1.00207
1.00208
1.00209
1.00206
1.00203
1.00197
1.00188
1.00174
1.00157
1.00134
1.00107
1.00076
1.0004
1.00005
0.99951
0.9991
0.998869
0.998327
0.998134
0.99779
0.997463
0.997274
0.997126
0.997028
0.996972
0.996942
0.996919
0.996934
0.996968
0.996634
1.00159
1.00197
1.00197
1.00199
1.002
1.00203
1.00206
1.0021
1.00213
1.00215
1.00217
1.00217
1.00217
1.00214
1.00208
1.002
1.00187
1.00171
1.0015
1.00125
1.00096
1.00062
1.00026
0.999837
0.999548
0.999139
0.998554
0.998332
0.997802
0.997518
0.997339
0.997118
0.996939
0.996811
0.996743
0.996706
0.99671
0.996713
0.996722
0.996319
1.00177
1.00217
1.00217
1.00218
1.0022
1.00223
1.00226
1.0023
1.00234
1.00238
1.00241
1.00243
1.00243
1.0024
1.00236
1.00228
1.00215
1.002
1.00179
1.00154
1.00122
1.00087
1.00044
0.999994
0.999424
0.998924
0.998606
0.997979
0.997751
0.997388
0.996989
0.996745
0.996601
0.996507
0.996435
0.996415
0.996415
0.996437
0.99648
0.996117
1.00186
1.00228
1.00228
1.00229
1.00231
1.00235
1.00238
1.00243
1.00246
1.00249
1.00251
1.00253
1.00251
1.00248
1.00243
1.00233
1.0022
1.002
1.00177
1.00147
1.00112
1.00073
1.00027
0.99981
0.999384
0.998909
0.998261
0.997992
0.997358
0.996986
0.996827
0.996584
0.996391
0.996258
0.996197
0.99618
0.996186
0.996209
0.996222
0.995802
1.00206
1.0025
1.0025
1.00251
1.00254
1.00257
1.00262
1.00266
1.00271
1.00275
1.00279
1.00282
1.00283
1.00282
1.00276
1.00267
1.00254
1.00235
1.00213
1.00182
1.00147
1.00104
1.00055
0.999989
0.999375
0.998768
0.998352
0.997609
0.997343
0.996928
0.996433
0.996183
0.996013
0.995926
0.995873
0.995863
0.995895
0.99593
0.995996
0.995589
1.00216
1.00261
1.00262
1.00264
1.00266
1.0027
1.00275
1.0028
1.00285
1.00289
1.00293
1.00295
1.00294
1.00292
1.00286
1.00276
1.0026
1.00239
1.00212
1.00178
1.00137
1.0009
1.0004
0.999856
0.99929
0.998722
0.997981
0.997623
0.996908
0.996482
0.99629
0.996014
0.995819
0.995672
0.995614
0.995616
0.995646
0.995693
0.995718
0.995276
1.00237
1.00285
1.00286
1.00288
1.00292
1.00296
1.00302
1.00307
1.00313
1.00318
1.00324
1.00327
1.00329
1.00329
1.00324
1.00316
1.00301
1.00282
1.00255
1.00221
1.00179
1.00128
1.0007
1.00006
0.999358
0.998625
0.998108
0.997269
0.996904
0.99641
0.99588
0.99558
0.995394
0.995315
0.995274
0.995285
0.995332
0.995398
0.995485
0.995054
1.00248
1.00297
1.00299
1.00302
1.00305
1.0031
1.00316
1.00322
1.00328
1.00334
1.00339
1.00341
1.00343
1.00339
1.00334
1.00322
1.00305
1.0028
1.0025
1.00211
1.00165
1.00111
1.00051
0.999837
0.999174
0.998528
0.997638
0.997188
0.9964
0.995929
0.995654
0.995383
0.995167
0.995045
0.995005
0.995026
0.995091
0.995162
0.995207
0.994726
1.00269
1.00321
1.00322
1.00324
1.00328
1.00333
1.0034
1.00346
1.00352
1.00359
1.00365
1.0037
1.00372
1.00372
1.00368
1.00358
1.00343
1.00322
1.00292
1.00252
1.00203
1.00144
1.0008
1.0001
0.999257
0.99836
0.997773
0.996815
0.996375
0.995765
0.995232
0.994884
0.99469
0.994587
0.994569
0.994625
0.994714
0.994824
0.994943
0.994499
1.0028
1.00333
1.00334
1.00336
1.00339
1.00344
1.00351
1.00357
1.00364
1.00371
1.00376
1.00379
1.00381
1.00379
1.00372
1.0036
1.00342
1.00315
1.0028
1.00237
1.00185
1.00122
1.00048
0.999688
0.998923
0.998208
0.997177
0.996653
0.995726
0.995223
0.994864
0.994581
0.9944
0.994311
0.994318
0.994376
0.994483
0.994591
0.994658
0.994136
1.00303
1.00358
1.00359
1.00361
1.00366
1.00371
1.00378
1.00386
1.00393
1.00402
1.00408
1.00415
1.00417
1.00417
1.00412
1.00402
1.00386
1.00362
1.00328
1.00284
1.00228
1.00164
1.00091
1.0001
0.999131
0.998042
0.997381
0.996233
0.995744
0.995062
0.9945
0.994142
0.993881
0.993805
0.993825
0.993926
0.994072
0.994229
0.99438
0.993923
1.00315
1.00372
1.00373
1.00377
1.00381
1.00388
1.00395
1.00403
1.00412
1.0042
1.00427
1.00432
1.00434
1.00433
1.00428
1.00416
1.00398
1.0037
1.00332
1.00282
1.00223
1.00151
1.00067
0.999749
0.998832
0.998027
0.996802
0.996203
0.995086
0.994488
0.994072
0.99372
0.993617
0.993545
0.993587
0.993705
0.993863
0.994022
0.994114
0.993549
1.00341
1.00401
1.00403
1.00407
1.00413
1.00421
1.00429
1.00439
1.0045
1.00461
1.0047
1.00479
1.00485
1.00487
1.00484
1.00476
1.00459
1.00433
1.00396
1.00347
1.00285
1.00211
1.00125
1.00028
0.999169
0.997872
0.997087
0.995733
0.995139
0.99434
0.993682
0.993369
0.993052
0.992971
0.993047
0.993212
0.993424
0.993635
0.993835
0.993345
1.00355
1.00416
1.00418
1.00422
1.00427
1.00436
1.00446
1.00456
1.00467
1.00478
1.00488
1.00495
1.00501
1.00502
1.00498
1.00488
1.00468
1.00439
1.00397
1.00343
1.00277
1.00197
1.00104
0.999927
0.998851
0.997899
0.99642
0.995709
0.99437
0.99365
0.993249
0.992742
0.992662
0.992652
0.992752
0.992941
0.99317
0.993394
0.993511
0.992923
1.0038
1.00443
1.00444
1.00447
1.00454
1.00462
1.00471
1.00483
1.00496
1.00508
1.00519
1.00528
1.00535
1.00538
1.00536
1.00528
1.00511
1.00484
1.00443
1.00388
1.00315
1.00228
1.00128
1.00025
0.998974
0.99746
0.996592
0.995005
0.994313
0.993373
0.992551
0.99238
0.992055
0.991994
0.992155
0.992416
0.992718
0.992991
0.993227
0.992696
1.00393
1.00457
1.00458
1.00462
1.00468
1.00477
1.00487
1.00498
1.00511
1.00523
1.00534
1.00543
1.00549
1.00551
1.00549
1.00537
1.00516
1.00484
1.00439
1.00381
1.00311
1.00221
1.00115
0.999823
0.998559
0.997466
0.995753
0.994935
0.993383
0.99254
0.99219
0.991536
0.991471
0.991573
0.991775
0.992086
0.992418
0.99272
0.992882
0.992233
1.00432
1.00498
1.00497
1.00501
1.00508
1.00519
1.0053
1.00543
1.00557
1.00572
1.00585
1.00597
1.00605
1.00611
1.0061
1.00604
1.00586
1.00558
1.00509
1.00445
1.00357
1.00261
1.00151
1.00037
0.998864
0.997101
0.996096
0.99423
0.993399
0.992282
0.991323
0.991188
0.990904
0.990908
0.99117
0.991549
0.991955
0.992305
0.992569
0.99201
1.00415
1.00491
1.00499
1.00504
1.00511
1.00521
1.00532
1.00546
1.00562
1.00578
1.00593
1.00606
1.00617
1.00622
1.00622
1.00613
1.00596
1.00564
1.00525
1.00467
1.00393
1.00289
1.0016
1.00007
0.998679
0.997394
0.995337
0.994336
0.99254
0.991535
0.991014
0.990334
0.990275
0.990483
0.990836
0.991283
0.991727
0.992107
0.992296
0.991448
1.00892
1.01227
1.01115
1.01286
1.01304
1.01376
1.01418
1.0149
1.01532
1.01559
1.01613
1.01612
1.01713
1.01696
1.01801
1.01744
1.01801
1.01721
1.01846
1.01742
1.01956
1.0174
1.01889
1.01453
1.01061
0.998774
0.97465
0.931566
0.804958
0.705145
0.634134
0.611574
0.733857
1.07999
1.36186
1.37127
1.20885
1.15573
1.13086
1.10923
1.01014
1.01107
1.01063
1.01221
1.01234
1.01296
1.01334
1.01375
1.01422
1.01435
1.01478
1.01483
1.01563
1.01558
1.01642
1.01589
1.01636
1.01557
1.01618
1.01491
1.01516
1.01224
1.01026
1.00382
0.995908
0.976558
0.954306
0.893272
0.779787
0.751384
0.732255
0.731192
0.84011
1.08574
1.26504
1.26163
1.16652
1.14008
1.12419
1.10523
1.01282
1.01011
1.01079
1.01145
1.01169
1.0121
1.01245
1.01282
1.01316
1.01325
1.01351
1.01355
1.01413
1.01408
1.01466
1.01413
1.01438
1.01362
1.01383
1.01242
1.01163
1.00895
1.00536
0.999527
0.991161
0.975788
0.959195
0.892279
0.803304
0.81437
0.812975
0.818944
0.902476
1.0718
1.16186
1.16615
1.12571
1.11514
1.10639
1.09528
1.01316
1.01005
1.01086
1.01075
1.01115
1.01144
1.01184
1.01206
1.01239
1.01236
1.01253
1.0125
1.01289
1.01268
1.01299
1.01234
1.0125
1.0117
1.01172
1.0102
1.00913
1.00702
1.00381
1.00035
0.994159
0.988926
0.97949
0.916679
0.834697
0.851548
0.859618
0.871422
0.938091
1.03364
1.08791
1.10486
1.092
1.0902
1.0886
1.08324
1.01295
1.00997
1.01054
1.01019
1.01068
1.01084
1.01116
1.01127
1.01157
1.01142
1.01164
1.01148
1.01172
1.01143
1.01164
1.01094
1.01117
1.01027
1.01013
1.00871
1.00773
1.00618
1.00398
1.00304
0.99995
1.00332
1.00288
0.950175
0.861001
0.867842
0.883484
0.898828
0.951595
1.0084
1.04436
1.06572
1.06611
1.06882
1.07174
1.07025
1.01244
1.00973
1.0101
1.00982
1.01025
1.01019
1.01042
1.01051
1.01075
1.01056
1.01074
1.01046
1.01067
1.01038
1.01061
1.00994
1.01013
1.00918
1.00894
1.00784
1.00691
1.00576
1.00439
1.0051
1.00461
1.01271
1.01849
0.980806
0.889575
0.877801
0.896087
0.913304
0.954562
0.994299
1.01948
1.03958
1.04601
1.0509
1.05608
1.05601
1.01191
1.00921
1.00962
1.0094
1.00977
1.00958
1.00982
1.00981
1.01001
1.00987
1.01002
1.00973
1.00996
1.00957
1.00974
1.00903
1.00907
1.00818
1.00789
1.00704
1.00612
1.0053
1.00458
1.00595
1.00674
1.01616
1.02361
0.99869
0.921468
0.896167
0.907351
0.923462
0.955005
0.984879
1.0047
1.02211
1.03044
1.03582
1.04193
1.04168
1.0115
1.00853
1.00905
1.00871
1.00918
1.00903
1.00927
1.00916
1.00932
1.00921
1.00935
1.0091
1.00927
1.00883
1.00894
1.00824
1.00808
1.00725
1.00684
1.00605
1.00525
1.00476
1.0045
1.00591
1.00689
1.01557
1.02139
1.0048
0.946397
0.918245
0.922015
0.93411
0.956836
0.979209
0.995644
1.0106
1.01903
1.02414
1.02995
1.02955
1.01121
1.00805
1.00854
1.00805
1.00853
1.00845
1.0087
1.00857
1.00874
1.00862
1.00873
1.00851
1.00858
1.00812
1.00812
1.00748
1.00718
1.00643
1.00589
1.00511
1.00443
1.00411
1.00397
1.00543
1.00651
1.01238
1.01586
1.00467
0.964108
0.940111
0.938343
0.945983
0.961232
0.977097
0.990138
1.00279
1.01087
1.01599
1.02052
1.02055
1.01087
1.00773
1.00817
1.00758
1.00795
1.00782
1.00806
1.00794
1.00806
1.00796
1.00804
1.00779
1.00773
1.00724
1.00707
1.00647
1.00619
1.00564
1.00514
1.00441
1.00378
1.00349
1.0032
1.00428
1.00548
1.00801
1.00963
1.00321
0.975767
0.957798
0.953448
0.95759
0.967376
0.978037
0.987408
0.997301
1.00465
1.01016
1.01329
1.01365
1.0102
1.00733
1.00786
1.00711
1.00745
1.00715
1.00736
1.00716
1.0072
1.00709
1.00706
1.00682
1.00668
1.00622
1.00596
1.00548
1.00527
1.00493
1.00453
1.00391
1.00334
1.00306
1.00265
1.00318
1.00364
1.00455
1.00422
1.00051
0.98311
0.970469
0.965593
0.967419
0.973681
0.980953
0.986978
0.993954
0.999873
1.00525
1.00783
1.00814
1.00934
1.00694
1.00744
1.00647
1.00694
1.00652
1.00675
1.00647
1.00649
1.00631
1.00621
1.006
1.00587
1.00556
1.00537
1.00501
1.00478
1.00447
1.00407
1.00354
1.00304
1.00274
1.00225
1.00237
1.0022
1.00201
1.00063
0.997706
0.987509
0.978922
0.974479
0.975045
0.979044
0.98459
0.988088
0.992713
0.996719
1.00083
1.00377
1.00398
1.00885
1.00644
1.00674
1.00573
1.00639
1.00596
1.00626
1.00599
1.00603
1.00584
1.00576
1.00566
1.00559
1.00541
1.00526
1.00492
1.00458
1.00419
1.00373
1.00324
1.00277
1.00238
1.00177
1.00159
1.00105
1.00032
0.998651
0.99623
0.989967
0.984451
0.980766
0.980796
0.983199
0.987945
0.989888
0.992938
0.995054
0.997456
1.00056
1.00077
1.00869
1.00583
1.00604
1.00507
1.00588
1.00539
1.00577
1.00554
1.00562
1.00548
1.00546
1.00546
1.0054
1.00524
1.00504
1.00472
1.00431
1.00387
1.00338
1.00294
1.0025
1.002
1.0013
1.00092
1.00024
0.999306
0.997613
0.995495
0.991521
0.988164
0.98522
0.985104
0.98629
0.99052
0.991686
0.993856
0.994366
0.995798
0.997688
0.99814
1.00852
1.00498
1.00537
1.00449
1.00537
1.00477
1.00523
1.00498
1.00512
1.00502
1.00506
1.00506
1.00495
1.00475
1.0045
1.00425
1.00389
1.00341
1.00289
1.00255
1.00218
1.00165
1.00095
1.00045
0.999729
0.998769
0.997171
0.995359
0.992681
0.990693
0.988337
0.988271
0.988533
0.992263
0.993045
0.994987
0.994187
0.995756
0.995095
0.996202
1.00809
1.00388
1.00471
1.00392
1.00485
1.00421
1.00478
1.0045
1.00476
1.00467
1.00479
1.0047
1.00454
1.00428
1.004
1.00385
1.00354
1.00296
1.00243
1.00217
1.00186
1.00136
1.00071
1.00016
0.999435
0.998527
0.997112
0.995639
0.993677
0.992475
0.990551
0.990618
0.990241
0.993401
0.993864
0.996068
0.994214
0.996426
0.992802
0.995033
1.00653
1.00311
1.00423
1.0034
1.00435
1.0038
1.00449
1.00423
1.00466
1.00459
1.00481
1.00464
1.00442
1.00405
1.00374
1.00362
1.0033
1.00263
1.00207
1.00186
1.00159
1.00113
1.00053
0.999942
0.999247
0.998418
0.997256
0.99613
0.994585
0.993796
0.992203
0.992422
0.991673
0.994315
0.99431
0.996988
0.994349
0.99686
0.991035
0.994473
1.00369
1.00303
1.00405
1.00306
1.00392
1.00354
1.00436
1.00415
1.0047
1.00463
1.00489
1.00466
1.00438
1.00392
1.00356
1.00341
1.00309
1.00242
1.00189
1.00169
1.0014
1.00098
1.00042
0.999842
0.999175
0.998417
0.997531
0.996726
0.995453
0.99486
0.993541
0.993888
0.992999
0.995256
0.994648
0.997729
0.994773
0.997287
0.990518
0.992705
1.00039
1.00332
1.00406
1.003
1.0036
1.0033
1.00421
1.00407
1.00462
1.0045
1.00475
1.00447
1.00416
1.00365
1.0033
1.00312
1.0028
1.0022
1.00177
1.00155
1.00124
1.00086
1.00034
0.999791
0.999156
0.998454
0.997819
0.99727
0.996209
0.995697
0.994622
0.995026
0.994193
0.996133
0.995147
0.998271
0.995693
0.998404
0.991219
0.987783
0.997193
1.00403
1.00418
1.00325
1.00336
1.00319
1.00398
1.00397
1.00438
1.00424
1.00444
1.00417
1.00387
1.00338
1.00304
1.00283
1.00252
1.00205
1.00168
1.00143
1.0011
1.00075
1.00028
0.999781
0.999188
0.998538
0.998103
0.997729
0.996858
0.99637
0.995529
0.995874
0.995253
0.996727
0.995846
0.998507
0.996851
0.999199
0.994612
0.982042
0.99506
1.00468
1.00403
1.00353
1.00309
1.00315
1.00374
1.00382
1.00408
1.00395
1.00407
1.00383
1.00356
1.00311
1.00279
1.00255
1.00226
1.0019
1.00158
1.00129
1.00095
1.00063
1.0002
0.999741
0.999205
0.998612
0.998319
0.998047
0.997356
0.996874
0.996267
0.996457
0.996151
0.997027
0.996663
0.998469
0.997904
0.999214
0.998218
0.977914
0.994323
1.00508
1.00359
1.00363
1.0028
1.00312
1.00347
1.00364
1.00376
1.00368
1.00371
1.00352
1.00328
1.00288
1.00258
1.00232
1.00205
1.00178
1.00149
1.00118
1.00084
1.00053
1.00014
0.999723
0.99925
0.998719
0.998517
0.998285
0.99776
0.997282
0.996897
0.996886
0.996912
0.997173
0.997532
0.998206
0.998725
0.998371
1.00008
0.976739
0.994629
1.0052
1.00308
1.00358
1.00253
1.00308
1.00318
1.00342
1.0034
1.00338
1.00333
1.00318
1.00297
1.00263
1.00234
1.00207
1.00184
1.00164
1.00137
1.00105
1.00072
1.00042
1.00007
0.999696
0.999289
0.998818
0.998666
0.998436
0.998061
0.997584
0.997397
0.997186
0.997489
0.99727
0.998194
0.997717
0.999206
0.99685
1.00096
0.978072
0.995557
1.00513
1.00254
1.00345
1.00226
1.00299
1.00287
1.00317
1.00303
1.00307
1.00296
1.00286
1.00267
1.00238
1.00211
1.00187
1.00165
1.0015
1.00125
1.00094
1.00063
1.00035
1.00003
0.999692
0.999343
0.998929
0.998801
0.998551
0.9983
0.99782
0.997792
0.997401
0.997897
0.997322
0.99852
0.997243
0.999357
0.995649
1.00116
0.98106
0.996814
1.00478
1.00207
1.0033
1.00204
1.00293
1.00255
1.00294
1.0027
1.00281
1.00264
1.00258
1.0024
1.00216
1.00191
1.00169
1.00149
1.00134
1.00111
1.00083
1.00055
1.00028
0.99999
0.99969
0.99939
0.999024
0.998906
0.998633
0.99848
0.997994
0.998087
0.997541
0.998157
0.997322
0.998623
0.996758
0.999328
0.994784
1.00094
0.984778
0.998009
1.00405
1.00177
1.00305
1.00187
1.00278
1.00225
1.0027
1.0024
1.00255
1.00236
1.00232
1.00215
1.00195
1.00173
1.00153
1.00135
1.0012
1.00099
1.00072
1.00047
1.00022
0.999963
0.999692
0.999432
0.99911
0.998996
0.998706
0.998623
0.998132
0.998307
0.997645
0.998326
0.99727
0.998639
0.996437
0.999189
0.994593
1.00021
0.988266
0.998933
1.00345
1.00165
1.00285
1.00178
1.00262
1.00204
1.00251
1.00218
1.00234
1.00213
1.00211
1.00194
1.00178
1.00159
1.0014
1.00124
1.00109
1.00089
1.00065
1.00041
1.00018
0.999951
0.999704
0.999473
0.999187
0.999071
0.998775
0.998734
0.998248
0.998467
0.997743
0.998435
0.997243
0.998628
0.996392
0.998988
0.994835
0.999522
0.990918
0.999532
1.00291
1.00157
1.0026
1.00169
1.00243
1.00187
1.0023
1.00197
1.00213
1.00192
1.00191
1.00175
1.00161
1.00144
1.00128
1.00112
1.00097
1.00079
1.00057
1.00036
1.00015
0.999936
0.999713
0.999507
0.999252
0.999138
0.998848
0.998832
0.998366
0.998598
0.997871
0.998536
0.997273
0.998644
0.996519
0.99882
0.995492
0.998936
0.992833
0.999929
1.0025
1.00155
1.00238
1.00164
1.00225
1.00176
1.00213
1.00182
1.00196
1.00176
1.00175
1.0016
1.00148
1.00133
1.00118
1.00103
1.00088
1.00071
1.00052
1.00032
1.00013
0.999931
0.999726
0.999537
0.999307
0.99919
0.998912
0.998902
0.998464
0.998683
0.997991
0.998593
0.997418
0.998613
0.996812
0.998626
0.996053
0.998534
0.994171
1.00013
1.00217
1.00152
1.00215
1.00157
1.00206
1.00164
1.00194
1.00167
1.00179
1.00161
1.00159
1.00145
1.00135
1.00121
1.00107
1.00094
1.0008
1.00064
1.00046
1.00029
1.00011
0.999928
0.999742
0.999569
0.999364
0.999248
0.998993
0.998979
0.998582
0.998773
0.998145
0.998661
0.997643
0.99861
0.997121
0.998526
0.996599
0.998309
0.995131
1.00023
1.00195
1.0015
1.00197
1.00153
1.0019
1.00156
1.00179
1.00156
1.00165
1.00149
1.00146
1.00134
1.00124
1.00112
1.00099
1.00086
1.00072
1.00057
1.00041
1.00025
1.00009
0.99992
0.999748
0.999587
0.999401
0.999282
0.999051
0.999023
0.998671
0.99882
0.998269
0.998684
0.997829
0.998592
0.997404
0.998458
0.997041
0.998213
0.995781
1.00024
1.00175
1.00145
1.00178
1.00145
1.00173
1.00147
1.00163
1.00145
1.0015
1.00137
1.00133
1.00123
1.00113
1.00102
1.00091
1.00078
1.00066
1.00052
1.00038
1.00023
1.00008
0.999925
0.999769
0.999619
0.999454
0.999335
0.999131
0.999091
0.998788
0.998893
0.998428
0.998747
0.998051
0.998629
0.997705
0.998476
0.997447
0.998203
0.996275
1.00023
1.00162
1.00142
1.00165
1.00141
1.00161
1.0014
1.00152
1.00137
1.00139
1.00128
1.00124
1.00114
1.00105
1.00095
1.00084
1.00072
1.0006
1.00047
1.00034
1.0002
1.00006
0.999919
0.999774
0.999632
0.999481
0.999363
0.999184
0.999126
0.998872
0.998932
0.998548
0.998778
0.998223
0.998644
0.997937
0.99849
0.997752
0.998225
0.996599
1.00017
1.00148
1.00135
1.0015
1.00133
1.00146
1.00131
1.00138
1.00126
1.00127
1.00117
1.00112
1.00104
1.00096
1.00086
1.00076
1.00066
1.00055
1.00043
1.00031
1.00018
1.00005
0.999922
0.99979
0.999661
0.999525
0.999411
0.999257
0.999188
0.998977
0.998999
0.998691
0.998845
0.998414
0.998709
0.998181
0.998565
0.998046
0.99833
0.996889
1.00013
1.0014
1.00131
1.0014
1.00128
1.00137
1.00125
1.00129
1.0012
1.00119
1.00111
1.00105
1.00098
1.0009
1.00081
1.00071
1.00061
1.00051
1.0004
1.00028
1.00016
1.00004
0.999921
0.999798
0.999675
0.99955
0.999438
0.999301
0.999222
0.999046
0.999036
0.998792
0.998881
0.998549
0.998744
0.998353
0.998609
0.998243
0.998428
0.99707
1.00004
1.00128
1.00122
1.00128
1.0012
1.00124
1.00116
1.00118
1.0011
1.00108
1.00101
1.00096
1.00089
1.00081
1.00073
1.00065
1.00055
1.00046
1.00036
1.00025
1.00015
1.00004
0.999925
0.999813
0.999702
0.999589
0.999485
0.999366
0.999284
0.999141
0.999109
0.998918
0.998959
0.998712
0.998829
0.998546
0.998705
0.998448
0.998559
0.997273
0.99999
1.00122
1.00118
1.00121
1.00115
1.00118
1.00111
1.00111
1.00105
1.00102
1.00096
1.00091
1.00084
1.00077
1.00069
1.00061
1.00052
1.00043
1.00034
1.00024
1.00013
1.00003
0.999926
0.99982
0.999714
0.999608
0.999507
0.999398
0.999313
0.999192
0.999141
0.99899
0.998994
0.998807
0.998869
0.998658
0.998754
0.998569
0.998639
0.997383
0.999901
1.00112
1.00109
1.00111
1.00107
1.00107
1.00102
1.00101
1.00096
1.00093
1.00087
1.00082
1.00076
1.0007
1.00063
1.00055
1.00047
1.00039
1.0003
1.00021
1.00012
1.00003
0.999933
0.999837
0.999742
0.999646
0.999554
0.999458
0.999376
0.999275
0.999217
0.9991
0.99908
0.998943
0.998963
0.998818
0.998862
0.998744
0.998777
0.997537
0.99986
1.00107
1.00105
1.00106
1.00103
1.00102
1.00098
1.00097
1.00092
1.00089
1.00084
1.00079
1.00073
1.00067
1.0006
1.00053
1.00045
1.00037
1.00029
1.0002
1.00011
1.00002
0.999933
0.999842
0.99975
0.999659
0.999571
0.999481
0.9994
0.99931
0.999245
0.999148
0.999112
0.999003
0.999002
0.998889
0.998913
0.998821
0.998842
0.997605
0.999756
1.00097
1.00095
1.00095
1.00093
1.00091
1.00088
1.00086
1.00082
1.00079
1.00074
1.0007
1.00065
1.00059
1.00053
1.00047
1.0004
1.00033
1.00025
1.00018
1.0001
1.00002
0.999941
0.999861
0.99978
0.9997
0.999622
0.999544
0.999472
0.999396
0.999335
0.999259
0.999216
0.999139
0.999118
0.999045
0.999041
0.998989
0.998991
0.997769
)
;

boundaryField
{
    FrontBack
    {
        type            empty;
    }
    Cylinder
    {
        type            calculated;
        value           uniform 0;
    }
    Bottom
    {
        type            calculated;
        value           uniform 0;
    }
    Top
    {
        type            calculated;
        value           uniform 0;
    }
    Inlet
    {
        type            calculated;
        value           uniform 1;
    }
    Outlet
    {
        type            calculated;
        value           nonuniform List<scalar> 
40
(
0.999756
1.00097
1.00095
1.00095
1.00093
1.00091
1.00088
1.00086
1.00082
1.00079
1.00074
1.0007
1.00065
1.00059
1.00053
1.00047
1.0004
1.00033
1.00025
1.00018
1.0001
1.00002
0.999941
0.999861
0.99978
0.9997
0.999622
0.999544
0.999472
0.999396
0.999335
0.999259
0.999216
0.999139
0.999118
0.999045
0.999041
0.998989
0.998991
0.997769
)
;
    }
}


// ************************************************************************* //
