/*--------------------------------*- C++ -*----------------------------------*\
  =========                 |
  \\      /  F ield         | OpenFOAM: The Open Source CFD Toolbox
   \\    /   O peration     | Website:  https://openfoam.org
    \\  /    A nd           | Version:  11
     \\/     M anipulation  |
\*---------------------------------------------------------------------------*/
FoamFile
{
    format      ascii;
    class       volScalarField;
    location    "8";
    object      mag(U);
}
// * * * * * * * * * * * * * * * * * * * * * * * * * * * * * * * * * * * * * //

dimensions      [0 1 -1 0 0 0 0];

internalField   nonuniform List<scalar> 
9600
(
0.990479
0.990052
0.989046
0.988173
0.987351
0.986467
0.986314
0.986531
0.987008
0.987818
0.989061
0.990796
0.992678
0.994827
0.997383
1.0003
1.00394
1.00817
1.01122
1.01363
1.01697
1.02088
1.02268
1.0224
1.02113
1.017
1.00375
0.984449
0.972049
0.966682
0.966495
0.974782
0.990578
1.00771
1.02544
1.04369
1.0615
1.07555
1.08398
1.07663
0.99136
0.991259
0.990936
0.990384
0.990226
0.990474
0.990959
0.991861
0.993211
0.994341
0.995829
0.998417
1.00133
1.00421
1.00723
1.01096
1.01506
1.01921
1.02341
1.02762
1.0305
1.0317
1.03309
1.0357
1.03709
1.03639
1.03437
1.03383
1.03287
1.02957
1.02733
1.02794
1.03083
1.03799
1.05001
1.0621
1.07531
1.08604
1.09638
1.09284
0.991211
0.991094
0.990804
0.990561
0.990602
0.990828
0.991265
0.99211
0.993375
0.994668
0.996084
0.998336
1.00127
1.00462
1.00777
1.01086
1.01501
1.01992
1.02459
1.02777
1.02936
1.03071
1.03355
1.03746
1.04043
1.04117
1.04011
1.03752
1.03252
1.02612
1.02167
1.02165
1.0269
1.03622
1.04824
1.06066
1.07411
1.08492
1.09743
1.10378
0.991178
0.991023
0.990702
0.99041
0.990496
0.990753
0.991626
0.992408
0.993574
0.995048
0.997332
0.998936
1.00176
1.00505
1.00894
1.01175
1.01522
1.01922
1.02449
1.0281
1.03038
1.03218
1.03418
1.03609
1.03826
1.03946
1.03911
1.03741
1.03689
1.0363
1.03807
1.039
1.04331
1.04833
1.05729
1.06618
1.07876
1.08661
1.10039
1.10358
0.990985
0.990845
0.990529
0.990303
0.990436
0.990912
0.991602
0.992858
0.993947
0.995434
0.997233
0.999408
1.00217
1.00498
1.00854
1.01235
1.0165
1.01972
1.02312
1.02701
1.03154
1.03487
1.03629
1.03605
1.03569
1.03667
1.03907
1.04046
1.04202
1.04288
1.04293
1.0406
1.04119
1.04429
1.05245
1.06109
1.07438
1.08344
1.09591
1.10331
0.99083
0.990717
0.990371
0.990218
0.990523
0.990815
0.99199
0.992685
0.994182
0.995512
0.997808
0.999522
1.0024
1.00554
1.00954
1.01271
1.01626
1.01923
1.02423
1.02834
1.03222
1.03384
1.03552
1.03612
1.03736
1.03808
1.03908
1.0393
1.03997
1.03994
1.04144
1.04156
1.04614
1.0487
1.05731
1.06349
1.07684
1.08428
1.10021
1.10519
0.990614
0.990507
0.990237
0.990125
0.990542
0.990849
0.992159
0.992866
0.994215
0.995716
0.998394
0.99981
1.00259
1.00551
1.01021
1.01308
1.01652
1.01977
1.02459
1.02855
1.03255
1.03458
1.0368
1.03745
1.0382
1.038
1.03839
1.03821
1.03908
1.0393
1.04196
1.04217
1.04461
1.04466
1.05245
1.05739
1.07093
1.07964
1.09502
1.10261
0.990357
0.990302
0.990115
0.990004
0.990449
0.990918
0.99207
0.992827
0.994356
0.995706
0.998131
1.00015
1.00311
1.00585
1.00975
1.01335
1.0177
1.02054
1.02449
1.02819
1.03259
1.03572
1.03833
1.03858
1.03838
1.03821
1.03889
1.03902
1.03901
1.03867
1.03939
1.03809
1.04084
1.04104
1.04989
1.05479
1.06892
1.07721
1.09431
1.10374
0.990126
0.990088
0.990014
0.989893
0.990295
0.991028
0.992097
0.993152
0.994315
0.995756
0.998674
1.00063
1.00344
1.00568
1.01013
1.01413
1.01831
1.02096
1.02496
1.02859
1.03349
1.03629
1.0391
1.04007
1.0402
1.03977
1.03954
1.03886
1.03812
1.0374
1.03777
1.03671
1.03952
1.03736
1.04373
1.04683
1.059
1.06801
1.08445
1.09852
0.989767
0.989769
0.989796
0.989737
0.990119
0.99082
0.992081
0.993056
0.994137
0.995638
0.998645
1.00076
1.00371
1.006
1.01029
1.01393
1.01885
1.02182
1.02587
1.02906
1.03347
1.03649
1.04005
1.04175
1.04197
1.04086
1.03978
1.0387
1.03796
1.03676
1.03667
1.03519
1.03679
1.03352
1.03805
1.03999
1.05075
1.06064
1.07504
1.0943
0.989533
0.989549
0.989658
0.989549
0.990064
0.990752
0.991976
0.993234
0.994409
0.99571
0.998654
1.00119
1.00449
1.00644
1.01021
1.01416
1.01959
1.0231
1.02677
1.0296
1.03395
1.03747
1.04104
1.04337
1.04374
1.04247
1.04138
1.03975
1.03869
1.03637
1.03552
1.03347
1.03472
1.0322
1.0343
1.03434
1.03994
1.0496
1.0605
1.08185
0.989056
0.989148
0.989281
0.989294
0.989705
0.99038
0.991694
0.99297
0.9944
0.99537
0.998446
1.00116
1.00447
1.00666
1.01058
1.01419
1.01965
1.02356
1.02766
1.0305
1.0347
1.03809
1.04126
1.04402
1.04554
1.04466
1.04325
1.04065
1.03924
1.03629
1.03501
1.03205
1.03238
1.03005
1.03035
1.02965
1.0314
1.0398
1.04719
1.06972
0.988793
0.988891
0.989095
0.989042
0.989509
0.990181
0.991528
0.992705
0.994621
0.995707
0.998641
1.00115
1.00504
1.00745
1.0113
1.01467
1.01999
1.02433
1.02867
1.03209
1.03605
1.03922
1.04248
1.04509
1.04744
1.04674
1.04584
1.04293
1.04144
1.03761
1.03553
1.03097
1.02988
1.02715
1.02637
1.02641
1.02465
1.03113
1.03299
1.05622
0.988074
0.988275
0.988564
0.988365
0.989009
0.989447
0.991179
0.992041
0.994075
0.995516
0.998252
1.00095
1.00468
1.00771
1.01152
1.01515
1.01995
1.02466
1.02961
1.03317
1.03709
1.04007
1.04361
1.04576
1.04872
1.04823
1.04819
1.04521
1.0437
1.03909
1.03651
1.03101
1.02832
1.02442
1.02152
1.0222
1.01817
1.02453
1.0212
1.0425
0.987769
0.988015
0.988321
0.988067
0.988723
0.989029
0.990757
0.991975
0.994086
0.995465
0.998674
1.00128
1.00509
1.0085
1.01214
1.01603
1.0206
1.02548
1.03097
1.03441
1.03898
1.04183
1.04561
1.04744
1.05067
1.05045
1.05116
1.04845
1.04706
1.04228
1.03925
1.03305
1.02827
1.02354
1.01751
1.0177
1.01138
1.01767
1.01104
1.03027
0.98695
0.986991
0.987463
0.987004
0.987897
0.988001
0.989641
0.991088
0.99331
0.994995
0.99802
1.00079
1.00464
1.00826
1.0123
1.01625
1.02121
1.02547
1.03133
1.03516
1.0404
1.04336
1.04718
1.04864
1.05221
1.05221
1.05319
1.05068
1.04929
1.04489
1.04135
1.03599
1.02914
1.02413
1.01482
1.01371
1.00439
1.00922
1.00117
1.01658
0.986511
0.986603
0.987103
0.98675
0.987597
0.987977
0.989454
0.990516
0.992993
0.995039
0.99801
1.00133
1.00496
1.00873
1.01357
1.01756
1.02291
1.02662
1.03259
1.03649
1.04227
1.04558
1.05001
1.05118
1.05479
1.05492
1.05638
1.05445
1.05302
1.04921
1.04514
1.04037
1.03201
1.02682
1.01566
1.01266
1.0006
1.00219
0.991298
1.00339
0.985272
0.985389
0.985857
0.985327
0.986161
0.986586
0.988154
0.98944
0.991531
0.993872
0.997102
1.00052
1.0046
1.0081
1.01338
1.0175
1.0234
1.02729
1.03351
1.0373
1.04314
1.04649
1.05155
1.05325
1.05677
1.05726
1.05875
1.05739
1.0556
1.05257
1.04756
1.04381
1.03479
1.02949
1.0175
1.01298
0.999204
0.997713
0.983792
0.991485
0.984883
0.984898
0.985472
0.98498
0.985805
0.986273
0.988045
0.98959
0.991682
0.993949
0.99741
1.00047
1.00551
1.00883
1.0144
1.01831
1.02493
1.02901
1.03597
1.03977
1.04585
1.04868
1.05411
1.05625
1.06028
1.06121
1.06261
1.06192
1.06017
1.05815
1.05252
1.0495
1.04034
1.03462
1.02209
1.01603
1.00137
0.997279
0.980859
0.983574
0.983078
0.983218
0.983838
0.983441
0.984257
0.984731
0.986304
0.987874
0.990448
0.992401
0.996494
0.999247
1.00462
1.00832
1.01434
1.01811
1.02519
1.02929
1.03646
1.04062
1.04737
1.05077
1.05593
1.05839
1.06209
1.06384
1.06525
1.06589
1.06353
1.06307
1.05696
1.05381
1.04522
1.03933
1.02675
1.01975
1.00423
0.998183
0.980531
0.978271
0.982462
0.982796
0.983326
0.983147
0.983838
0.984633
0.986317
0.987764
0.990988
0.99271
0.997101
1.00001
1.00556
1.00916
1.01585
1.01956
1.02706
1.03144
1.03871
1.04287
1.0498
1.0539
1.05931
1.06261
1.06588
1.06872
1.06914
1.07144
1.0689
1.06966
1.06418
1.06134
1.05292
1.04733
1.03508
1.02748
1.01196
1.00399
0.985226
0.978497
0.980232
0.980581
0.98098
0.980967
0.98157
0.982427
0.984682
0.985897
0.989586
0.991402
0.996004
0.998998
1.00507
1.0085
1.01562
1.01965
1.02712
1.03186
1.03963
1.04422
1.05069
1.05561
1.06042
1.06531
1.06773
1.07253
1.07239
1.07573
1.07334
1.07429
1.07
1.06803
1.05999
1.05458
1.04287
1.03474
1.01989
1.01036
0.992211
0.981315
0.979408
0.979999
0.980408
0.98045
0.981377
0.981994
0.984665
0.985989
0.989974
0.992002
0.997223
1.00021
1.0067
1.01058
1.01768
1.02208
1.02971
1.03484
1.04186
1.0481
1.05326
1.05984
1.06344
1.06994
1.07141
1.07723
1.07733
1.08181
1.08012
1.08212
1.07813
1.07723
1.07031
1.06545
1.05517
1.04659
1.03274
1.0219
1.00538
0.990365
0.976341
0.976982
0.97751
0.977386
0.97869
0.979128
0.981915
0.983224
0.987754
0.98998
0.995554
0.999025
1.00577
1.01028
1.01757
1.02316
1.02971
1.03692
1.04235
1.0502
1.05445
1.06219
1.06482
1.07256
1.07386
1.08043
1.08072
1.08569
1.08473
1.08757
1.08509
1.08469
1.07958
1.07475
1.06631
1.05746
1.04601
1.03307
1.02066
1.00067
0.975321
0.976255
0.976972
0.976666
0.978273
0.978764
0.982233
0.983637
0.98825
0.99107
0.996463
1.00091
1.00704
1.01345
1.01912
1.02734
1.03255
1.04133
1.04612
1.05518
1.05865
1.06751
1.06955
1.07759
1.07873
1.0858
1.08655
1.09204
1.09214
1.09533
1.09453
1.09449
1.09188
1.08779
1.08213
1.07292
1.06446
1.05048
1.04005
1.02034
0.971261
0.971833
0.973096
0.972568
0.974498
0.974987
0.978458
0.980882
0.984775
0.98931
0.993492
1.00011
1.00469
1.01328
1.01821
1.02758
1.03255
1.04261
1.04702
1.05698
1.0604
1.0697
1.07197
1.08032
1.08222
1.08872
1.09061
1.0956
1.09759
1.10048
1.1021
1.10216
1.1025
1.09809
1.0963
1.08648
1.08199
1.06746
1.06026
1.03905
0.970277
0.970909
0.972204
0.97244
0.973392
0.976045
0.977422
0.982618
0.984815
0.991615
0.994874
1.00307
1.00735
1.0169
1.022
1.03208
1.03739
1.04748
1.05207
1.06238
1.0656
1.07487
1.07801
1.08514
1.08828
1.09403
1.09763
1.10178
1.10588
1.10857
1.11275
1.11276
1.11648
1.11238
1.11443
1.10526
1.10419
1.08984
1.08674
1.06456
0.963651
0.966031
0.965517
0.967968
0.967419
0.971588
0.972414
0.978514
0.980646
0.98811
0.991983
1.00044
1.00603
1.01554
1.02165
1.03219
1.03775
1.04871
1.05354
1.06332
1.06835
1.07589
1.08063
1.08646
1.09125
1.09533
1.1005
1.10375
1.10994
1.11202
1.11932
1.11955
1.12706
1.12377
1.12973
1.12175
1.125
1.11141
1.11158
1.09024
0.961623
0.965317
0.964465
0.967596
0.967258
0.971898
0.973687
0.979561
0.983718
0.990333
0.995844
1.0043
1.01037
1.02047
1.02691
1.03769
1.04424
1.05398
1.06117
1.06891
1.07582
1.08156
1.08822
1.09198
1.09816
1.10066
1.10705
1.1091
1.11658
1.1183
1.12765
1.12834
1.13889
1.13727
1.14737
1.14131
1.14951
1.13874
1.14181
1.12252
0.953544
0.957499
0.95732
0.959915
0.961174
0.964708
0.968205
0.974089
0.978957
0.986658
0.992904
1.00211
1.00953
1.01989
1.02826
1.03785
1.04723
1.05535
1.06457
1.07065
1.07934
1.08335
1.09145
1.09338
1.10067
1.10156
1.10839
1.10956
1.11697
1.11908
1.1289
1.13115
1.14349
1.14431
1.15866
1.1556
1.16867
1.16119
1.16929
1.1529
0.95401
0.956824
0.958267
0.960283
0.962848
0.966647
0.971125
0.976919
0.983684
0.990888
0.999489
1.00763
1.01836
1.02649
1.03847
1.04646
1.05826
1.0648
1.07588
1.08046
1.09064
1.09309
1.10181
1.10256
1.10954
1.10983
1.11539
1.11659
1.12214
1.12479
1.13318
1.13687
1.14951
1.15306
1.16961
1.17074
1.18888
1.18811
1.20179
1.19213
0.942818
0.946265
0.948459
0.950627
0.954752
0.958488
0.965001
0.970687
0.979745
0.986093
0.998247
1.00497
1.01879
1.02598
1.04092
1.04749
1.06199
1.06695
1.08033
1.08344
1.09468
1.09634
1.105
1.10538
1.11149
1.11147
1.11575
1.11687
1.12084
1.12373
1.12955
1.13468
1.14562
1.15247
1.17002
1.17655
1.1992
1.20264
1.22804
1.22353
0.943515
0.945889
0.950353
0.951875
0.957242
0.961215
0.96985
0.975225
0.988229
0.995025
1.00906
1.01736
1.03227
1.04053
1.05613
1.06281
1.07833
1.08298
1.0965
1.09962
1.10997
1.11164
1.11867
1.11923
1.12303
1.12285
1.1245
1.12475
1.12595
1.12825
1.13056
1.13502
1.14116
1.14908
1.16312
1.17404
1.19773
1.20949
1.24169
1.24991
0.928414
0.930822
0.938617
0.940808
0.949151
0.953971
0.964456
0.971632
0.984588
0.993324
1.00877
1.01765
1.03516
1.04318
1.06082
1.06776
1.08371
1.08949
1.10242
1.10633
1.1162
1.11845
1.12416
1.12521
1.12761
1.12707
1.12706
1.12641
1.12519
1.12627
1.12656
1.12899
1.13094
1.13767
1.14342
1.15528
1.17044
1.18823
1.21415
1.23884
0.923807
0.927632
0.935996
0.939798
0.950224
0.956616
0.971205
0.980728
0.998257
1.01027
1.02805
1.04058
1.05759
1.07006
1.08559
1.09664
1.11045
1.11924
1.13008
1.13621
1.14332
1.14686
1.15023
1.15167
1.15185
1.15135
1.149
1.14663
1.14238
1.13911
1.13406
1.13114
1.12627
1.1266
1.12206
1.1287
1.12803
1.14503
1.14986
1.17873
0.906884
0.915831
0.927167
0.9361
0.947272
0.957893
0.971838
0.984399
1.00018
1.01613
1.03348
1.05013
1.06714
1.08296
1.09802
1.112
1.12402
1.13518
1.14365
1.15148
1.15623
1.16102
1.16277
1.16514
1.16429
1.1648
1.16158
1.16023
1.15271
1.14823
1.13676
1.12973
1.11724
1.11034
1.09429
1.09134
1.07435
1.07818
1.05841
1.07492
0.896021
0.907452
0.919627
0.934585
0.950967
0.970299
0.990193
1.0128
1.03268
1.05459
1.07309
1.09273
1.10909
1.12645
1.14039
1.15492
1.16508
1.17581
1.18185
1.18905
1.19068
1.19504
1.19298
1.19552
1.19139
1.1925
1.18786
1.18711
1.18123
1.1787
1.1673
1.15897
1.13955
1.12349
1.09415
1.07483
1.03896
1.01924
0.968535
0.964329
0.89727
0.917853
0.937313
0.957325
0.976246
0.997089
1.01588
1.03807
1.05897
1.08239
1.10363
1.12567
1.1447
1.16342
1.1788
1.1932
1.20409
1.21364
1.21923
1.22448
1.225
1.2269
1.22343
1.22322
1.21798
1.21751
1.2132
1.21435
1.20982
1.2125
1.20176
1.20079
1.17658
1.15676
1.11178
1.07227
1.00652
0.958981
0.868766
0.844618
0.904893
0.939294
0.974112
1.00858
1.04241
1.07646
1.11004
1.14184
1.17227
1.19967
1.22562
1.24753
1.26812
1.28367
1.29856
1.30704
1.31545
1.31596
1.31685
1.30906
1.30201
1.28866
1.27627
1.25722
1.24147
1.22144
1.20743
1.19227
1.1837
1.17753
1.17556
1.1802
1.17156
1.15541
1.10118
1.04748
0.958733
0.896515
0.777225
0.748559
1.04413
1.0804
1.11589
1.1511
1.18522
1.21729
1.24644
1.27196
1.29352
1.30914
1.32386
1.3317
1.3405
1.34422
1.34738
1.34345
1.33685
1.3218
1.30427
1.27768
1.25018
1.21189
1.17368
1.12331
1.07531
1.01507
0.960417
0.896805
0.839357
0.784019
0.725412
0.697442
0.540983
0.0906073
0.0500542
0.159262
0.262014
0.294497
0.333902
0.356882
1.10158
1.12068
1.13889
1.17048
1.29088
1.3324
1.16024
0.863035
0.694452
0.667349
0.694257
0.767532
0.903109
0.955878
0.984333
0.999859
1.00698
1.01296
1.01372
1.01657
1.01566
1.01713
1.01634
1.01732
1.01678
1.01743
1.01642
1.01652
1.01557
1.01558
1.01507
1.01496
1.01447
1.01392
1.01331
1.01282
1.01238
1.01189
1.01212
1.01244
1.10928
1.12924
1.14686
1.19526
1.34291
1.34054
1.11625
0.776098
0.631424
0.629619
0.689053
0.777127
0.903393
0.957195
0.986771
1.00255
1.00882
1.0153
1.01527
1.01833
1.01697
1.01829
1.01723
1.01791
1.01733
1.01801
1.01713
1.01716
1.01621
1.01597
1.01548
1.01537
1.01503
1.01449
1.01393
1.01342
1.01303
1.01265
1.01203
1.00938
1.11204
1.1325
1.15382
1.2199
1.3767
1.34985
1.07649
0.722638
0.59141
0.611711
0.690206
0.798503
0.920117
0.966594
0.994896
1.00823
1.01296
1.01854
1.01754
1.02022
1.01844
1.0194
1.01827
1.01876
1.01814
1.01882
1.01794
1.018
1.01706
1.0166
1.0161
1.01568
1.01547
1.01487
1.01442
1.01391
1.01349
1.01333
1.01329
1.01406
1.11521
1.13636
1.1634
1.24619
1.40587
1.34164
1.01309
0.654721
0.559404
0.615703
0.710057
0.816961
0.928653
0.975632
1.00142
1.01307
1.01647
1.02156
1.01962
1.02226
1.0201
1.02078
1.0195
1.01959
1.01899
1.01953
1.01886
1.01883
1.01815
1.01751
1.0172
1.01652
1.01648
1.01574
1.01534
1.01457
1.01394
1.0136
1.01307
1.01182
1.11912
1.13743
1.1714
1.26115
1.41069
1.34153
0.980714
0.65185
0.581684
0.644532
0.739378
0.847921
0.954079
0.991847
1.01328
1.02144
1.02195
1.02564
1.02238
1.02454
1.02187
1.02216
1.02072
1.0205
1.01969
1.02015
1.01943
1.01951
1.01903
1.01832
1.01813
1.01717
1.0171
1.01621
1.01596
1.01517
1.01469
1.01425
1.01392
1.01361
1.12228
1.1369
1.17912
1.27079
1.39315
1.33972
0.98396
0.689926
0.631932
0.691454
0.771123
0.873714
0.971722
1.01154
1.02535
1.03036
1.02742
1.0299
1.02496
1.02684
1.02366
1.02347
1.02188
1.02117
1.0202
1.02056
1.0198
1.01982
1.01947
1.01865
1.01866
1.0175
1.01752
1.01645
1.01636
1.01539
1.01502
1.01455
1.01441
1.01382
1.12188
1.13351
1.17679
1.26514
1.3556
1.33816
1.03853
0.784431
0.714438
0.740758
0.806116
0.911728
1.00424
1.03805
1.04226
1.0436
1.03511
1.03622
1.02875
1.02997
1.02606
1.02538
1.0237
1.02264
1.02119
1.02145
1.02043
1.0205
1.02006
1.01922
1.01915
1.01804
1.018
1.01707
1.0171
1.01617
1.01595
1.01522
1.01483
1.01376
1.11939
1.12906
1.16942
1.22962
1.30363
1.31193
1.0723
0.864689
0.788311
0.780978
0.833306
0.946496
1.03032
1.07079
1.06101
1.05793
1.04336
1.04314
1.03284
1.03332
1.02883
1.02754
1.02587
1.02469
1.02267
1.0229
1.02148
1.0215
1.02089
1.02024
1.02005
1.01905
1.01881
1.01795
1.01779
1.01683
1.01663
1.01596
1.01585
1.0155
1.10977
1.12028
1.15078
1.17104
1.24823
1.2651
1.07085
0.900911
0.823046
0.808547
0.866794
0.992572
1.07183
1.1078
1.08601
1.07569
1.05414
1.0514
1.03807
1.03715
1.03192
1.02984
1.02811
1.02683
1.02434
1.02463
1.02287
1.02284
1.02191
1.02147
1.02091
1.02019
1.01972
1.019
1.01862
1.0179
1.01753
1.01661
1.01608
1.01509
1.09978
1.10533
1.11759
1.10426
1.16867
1.19514
1.04093
0.908235
0.82827
0.818297
0.893152
1.01825
1.11562
1.15004
1.11635
1.09364
1.06608
1.05937
1.04371
1.04061
1.03493
1.03153
1.02976
1.02821
1.02557
1.02581
1.02362
1.02375
1.0225
1.02232
1.02143
1.02096
1.02012
1.01958
1.01882
1.01841
1.01791
1.01752
1.01706
1.0169
1.08384
1.08846
1.07508
1.04257
1.0844
1.11393
0.995969
0.891113
0.814924
0.819337
0.898039
1.03446
1.17002
1.19635
1.15477
1.11546
1.0804
1.0692
1.05069
1.04467
1.03872
1.03341
1.0317
1.02955
1.02694
1.02698
1.02459
1.02469
1.02306
1.02308
1.02192
1.02177
1.02072
1.02036
1.01929
1.01911
1.01829
1.01798
1.01731
1.01658
1.06812
1.06811
1.02731
0.975058
0.992082
1.01335
0.933756
0.843564
0.790955
0.803397
0.885746
1.03646
1.19874
1.25238
1.19839
1.14047
1.09512
1.08001
1.05812
1.04932
1.04314
1.03606
1.03412
1.03141
1.02856
1.02825
1.02581
1.02575
1.02399
1.024
1.02262
1.02251
1.02124
1.02089
1.0198
1.01965
1.01885
1.01875
1.01813
1.01798
1.04713
1.04215
0.989327
0.913208
0.908535
0.911728
0.861798
0.789538
0.758157
0.770074
0.848497
1.02028
1.21166
1.3022
1.25163
1.17132
1.11181
1.09206
1.06661
1.05511
1.04807
1.03986
1.03722
1.03401
1.03093
1.03022
1.0277
1.02742
1.02556
1.02547
1.02417
1.02391
1.02296
1.02245
1.02135
1.0208
1.01972
1.01943
1.01859
1.01801
1.03139
1.01221
0.95365
0.854565
0.822178
0.813897
0.788947
0.737049
0.707602
0.715269
0.786202
0.974998
1.20727
1.32454
1.30809
1.20505
1.12954
1.10268
1.07536
1.06029
1.05253
1.04352
1.04004
1.03656
1.03337
1.0323
1.02971
1.02928
1.02729
1.02683
1.02566
1.02475
1.02425
1.02334
1.02284
1.02182
1.02107
1.02023
1.01966
1.01922
1.01222
0.983153
0.92937
0.822724
0.760516
0.742455
0.73082
0.691935
0.656165
0.654983
0.72222
0.916331
1.18567
1.31992
1.34657
1.24289
1.14979
1.11224
1.08463
1.06533
1.05623
1.04684
1.04242
1.0385
1.03534
1.0339
1.03123
1.03041
1.02865
1.02764
1.02695
1.02559
1.02527
1.02411
1.02396
1.02263
1.02217
1.02104
1.02049
1.01965
0.996759
0.960992
0.906166
0.810589
0.730156
0.70446
0.697905
0.667507
0.631982
0.632954
0.706204
0.895645
1.17929
1.30951
1.33938
1.27918
1.17034
1.11985
1.09216
1.07063
1.05906
1.0498
1.04431
1.04013
1.03679
1.03474
1.03236
1.03093
1.02944
1.02804
1.02734
1.02598
1.02561
1.02459
1.02443
1.02333
1.023
1.02179
1.02137
1.02086
0.979053
0.94388
0.894363
0.824472
0.744046
0.715995
0.705099
0.689486
0.668129
0.691258
0.783118
0.977546
1.20792
1.27739
1.29879
1.29123
1.18754
1.12786
1.09876
1.07745
1.06296
1.05433
1.04719
1.04301
1.0394
1.03665
1.03467
1.03279
1.03133
1.03001
1.02873
1.02772
1.02672
1.02582
1.02514
1.02424
1.02367
1.02277
1.0222
1.02156
0.967907
0.934981
0.888725
0.837912
0.774387
0.751778
0.751907
0.759916
0.761232
0.815357
0.92805
1.07961
1.23009
1.24537
1.23685
1.24875
1.19804
1.13036
1.10097
1.08285
1.06591
1.05888
1.05078
1.04644
1.04286
1.03985
1.0376
1.03578
1.03379
1.03291
1.03079
1.03025
1.02842
1.02784
1.02642
1.02588
1.02466
1.02404
1.02312
1.02288
0.959235
0.929687
0.889528
0.859654
0.817093
0.799194
0.803197
0.828014
0.854111
0.917374
1.0111
1.10747
1.21497
1.21294
1.17049
1.16621
1.1902
1.12654
1.09688
1.08374
1.06615
1.05981
1.05267
1.04751
1.04492
1.04122
1.03943
1.03746
1.03568
1.03469
1.03307
1.03223
1.03078
1.03007
1.02851
1.02797
1.02634
1.02568
1.02448
1.02403
0.956556
0.932884
0.901471
0.873702
0.850919
0.843589
0.851695
0.879248
0.910152
0.962607
1.03192
1.10779
1.18003
1.17416
1.10818
1.08167
1.14394
1.1174
1.08562
1.07928
1.06285
1.05649
1.05199
1.0468
1.04503
1.04167
1.03989
1.03825
1.03649
1.03535
1.03409
1.03304
1.03214
1.03109
1.03013
1.0289
1.02802
1.02693
1.02599
1.0253
0.958811
0.93638
0.918383
0.899379
0.888304
0.887718
0.89772
0.921867
0.94824
0.987823
1.03925
1.09491
1.13415
1.12761
1.0414
1.00536
1.07165
1.101
1.07249
1.07039
1.06153
1.05296
1.05193
1.04634
1.04493
1.04213
1.04005
1.03893
1.03707
1.03588
1.0349
1.0337
1.03299
1.03187
1.03112
1.02984
1.02902
1.02783
1.0274
1.02672
0.966889
0.949291
0.94294
0.929384
0.923796
0.926156
0.940743
0.963604
0.981336
1.00268
1.04022
1.06901
1.08535
1.07141
0.981804
0.920647
0.993227
1.06331
1.05418
1.05578
1.0583
1.0497
1.05218
1.04708
1.04594
1.0442
1.0417
1.04063
1.03845
1.03754
1.03578
1.03486
1.03374
1.0326
1.03197
1.03049
1.02997
1.02858
1.02815
1.02742
0.980826
0.965912
0.960737
0.965703
0.969281
0.970643
0.985917
1.00862
1.02132
1.02886
1.04648
1.05044
1.04104
1.00667
0.923838
0.831237
0.914513
1.00928
1.02744
1.03385
1.04782
1.0438
1.04782
1.04673
1.04559
1.04573
1.04352
1.04294
1.04129
1.04045
1.03877
1.03745
1.03614
1.03476
1.03364
1.0326
1.03173
1.03068
1.02994
1.0294
0.99357
0.990051
0.990882
0.999335
1.00886
1.01418
1.03354
1.05398
1.0632
1.07208
1.05175
1.03166
0.998896
0.932943
0.848171
0.749544
0.83461
0.953422
0.996072
1.00665
1.02842
1.03092
1.0375
1.04264
1.04227
1.04476
1.04359
1.04334
1.04216
1.04164
1.04091
1.03986
1.03913
1.03771
1.03656
1.03506
1.03378
1.03239
1.03139
1.03086
1.01456
1.01823
1.01858
1.03511
1.05099
1.06244
1.08779
1.10103
1.11536
1.09167
1.05044
0.996505
0.934917
0.843232
0.750627
0.68332
0.772051
0.906444
0.95486
0.9782
1.0041
1.01604
1.02516
1.0345
1.03694
1.04097
1.04154
1.04251
1.04219
1.04187
1.04156
1.04094
1.04045
1.03965
1.03864
1.03742
1.03643
1.03496
1.03429
1.03353
1.03809
1.04542
1.05538
1.08084
1.09449
1.115
1.14247
1.15254
1.15884
1.09796
1.02844
0.937135
0.836638
0.72865
0.642232
0.623982
0.727954
0.860038
0.908215
0.952432
0.980795
1.00015
1.01088
1.02275
1.02836
1.03437
1.03732
1.04014
1.04144
1.0419
1.04209
1.04167
1.04124
1.04052
1.03964
1.03871
1.03758
1.03636
1.03563
1.03512
1.06849
1.08277
1.0937
1.1221
1.14226
1.18381
1.20401
1.22002
1.172
1.08689
0.970549
0.838637
0.704481
0.590917
0.545651
0.580922
0.693105
0.81876
0.874387
0.926187
0.957398
0.980605
0.997732
1.00978
1.02084
1.02753
1.03334
1.03697
1.03952
1.04089
1.04196
1.04241
1.04216
1.04199
1.04154
1.04083
1.03988
1.03921
1.03809
1.03782
1.10022
1.1134
1.14097
1.17373
1.20184
1.2539
1.27096
1.26067
1.17104
1.03005
0.858865
0.683041
0.542316
0.462977
0.485228
0.567002
0.681588
0.787562
0.846172
0.897487
0.933705
0.961652
0.985046
0.998763
1.01412
1.02124
1.02891
1.03331
1.03726
1.03979
1.04148
1.04257
1.04292
1.04259
1.04246
1.04171
1.04097
1.04056
1.03988
1.03969
1.13609
1.15624
1.1905
1.22102
1.2749
1.32178
1.33335
1.27024
1.11937
0.89802
0.66917
0.482615
0.397459
0.420981
0.489517
0.586291
0.695136
0.764123
0.824034
0.878704
0.915972
0.945197
0.972009
0.987325
1.004
1.01323
1.0237
1.02902
1.03477
1.03751
1.04068
1.04226
1.04374
1.04424
1.04396
1.04374
1.04272
1.04239
1.04167
1.04154
1.16852
1.19835
1.23462
1.28207
1.36158
1.39393
1.35692
1.22312
0.958422
0.667367
0.433051
0.361792
0.430199
0.492296
0.548119
0.627368
0.707193
0.764625
0.821961
0.86742
0.903313
0.931974
0.958439
0.976298
0.994042
1.00462
1.01704
1.02206
1.03032
1.03299
1.03816
1.03956
1.04223
1.04256
1.04351
1.04374
1.04383
1.04419
1.04374
1.04454
1.21103
1.25405
1.29588
1.37858
1.4421
1.42289
1.31978
1.0647
0.688921
0.439824
0.446299
0.551254
0.599564
0.607296
0.62418
0.675082
0.731572
0.788142
0.833592
0.865584
0.905602
0.927058
0.95102
0.969144
0.985975
0.99468
1.01001
1.01431
1.02542
1.02807
1.0357
1.03708
1.04178
1.04198
1.04481
1.04504
1.04533
1.04564
1.04463
1.04522
1.2584
1.30907
1.36411
1.46232
1.46803
1.38449
1.12813
0.744079
0.578546
0.673026
0.741008
0.758596
0.727797
0.700651
0.718462
0.750099
0.786545
0.828643
0.861717
0.888024
0.916519
0.935995
0.953468
0.970712
0.985751
0.995174
1.00981
1.01364
1.02581
1.02771
1.03652
1.03762
1.0441
1.04422
1.0493
1.04885
1.05007
1.0502
1.04957
1.05147
1.29167
1.3367
1.4201
1.4347
1.34216
1.03688
0.74939
0.758621
0.834547
0.865847
0.864896
0.822981
0.7879
0.794165
0.817065
0.841311
0.871615
0.893624
0.91709
0.931289
0.949625
0.963111
0.976895
0.989986
1.00081
1.01036
1.0209
1.02627
1.03352
1.03699
1.0422
1.04253
1.04793
1.04577
1.05001
1.04793
1.04921
1.04943
1.05042
1.05246
1.27301
1.31175
1.3192
1.21203
0.868758
0.691331
0.751547
0.817399
0.841067
0.846879
0.824872
0.795796
0.805418
0.826648
0.85227
0.888566
0.923403
0.955159
0.986601
0.996701
1.01261
1.01225
1.01988
1.0252
1.02764
1.03502
1.03835
1.04367
1.04608
1.05038
1.05242
1.05386
1.05643
1.05518
1.05666
1.05551
1.05528
1.05595
1.05734
1.05889
1.18706
1.17236
1.06861
0.723234
0.530141
0.561172
0.615037
0.645338
0.674125
0.699678
0.708753
0.743368
0.781647
0.811188
0.853191
0.893749
0.93642
0.975304
1.00958
1.03462
1.06126
1.06751
1.07385
1.0745
1.06544
1.06852
1.06464
1.06587
1.06665
1.06732
1.06945
1.06962
1.07203
1.07194
1.0741
1.07472
1.07424
1.07395
1.07306
1.07316
1.03185
0.934631
0.691368
0.273455
0.234761
0.283391
0.336809
0.388311
0.457006
0.488898
0.544767
0.615326
0.673977
0.739239
0.811133
0.872246
0.926643
0.975434
1.01342
1.04292
1.07525
1.09245
1.11119
1.12324
1.12681
1.12461
1.12295
1.11779
1.11606
1.11409
1.11308
1.11413
1.11278
1.11236
1.11222
1.11107
1.11027
1.10485
1.09864
1.09579
0.877355
0.749034
0.455752
0.151727
0.129673
0.0860056
0.124103
0.165708
0.204948
0.239692
0.303023
0.380247
0.453369
0.552744
0.665918
0.751979
0.833815
0.914104
0.972074
1.02336
1.06689
1.09615
1.12136
1.14193
1.15628
1.17067
1.17926
1.18198
1.18503
1.18244
1.18221
1.17643
1.18073
1.17325
1.17547
1.16915
1.17081
1.16626
1.16372
1.15763
0.711896
0.570815
0.356366
0.366138
0.424587
0.439821
0.396824
0.342648
0.265364
0.174866
0.127771
0.0508608
0.0958691
0.218323
0.337536
0.461742
0.572868
0.679169
0.79105
0.883679
0.962647
1.03377
1.08358
1.12819
1.15743
1.17689
1.19466
1.2004
1.20847
1.20793
1.21112
1.20621
1.20916
1.20321
1.20543
1.19869
1.20122
1.19878
1.20672
1.20727
0.570015
0.41933
0.281288
0.403652
0.519229
0.551805
0.554292
0.550577
0.544171
0.539779
0.533006
0.526293
0.501442
0.453624
0.451835
0.51122
0.4753
0.346229
0.337271
0.378189
0.456465
0.541695
0.639456
0.732791
0.826261
0.906814
0.970096
1.02442
1.07594
1.11477
1.15524
1.17991
1.20451
1.22496
1.24851
1.263
1.2828
1.28995
1.30225
1.30438
0.371419
0.358863
0.34563
0.374569
0.372548
0.366944
0.369837
0.39288
0.423821
0.465623
0.503783
0.548635
0.583688
0.608482
0.633016
0.645715
0.64009
0.605866
0.58051
0.556696
0.524869
0.479145
0.422544
0.359486
0.14893
0.258251
0.589235
0.624765
0.680045
0.709694
0.759586
0.793866
0.845946
0.885991
0.934935
0.977064
1.0234
1.07442
1.13054
1.19129
1.01782
1.01638
1.01437
1.01168
1.00805
1.00321
0.99752
0.990496
0.985092
0.981507
0.982313
0.986785
0.99598
1.0061
1.01442
1.0159
1.01547
1.01398
1.01281
1.01249
1.01241
1.01219
1.01191
1.01162
1.01131
1.01098
1.01064
1.01027
1.00988
1.00949
1.00909
1.00867
1.00823
1.00777
1.00731
1.00686
1.00639
1.00592
1.00549
1.00523
1.00455
1.0067
1.00867
1.01163
1.0146
1.01865
1.0221
1.02592
1.02715
1.02787
1.02759
1.0252
1.02029
1.01516
1.01301
1.0127
1.0132
1.01398
1.01446
1.01445
1.01426
1.01399
1.01362
1.01312
1.01264
1.01226
1.01184
1.01132
1.01079
1.01029
1.00985
1.0094
1.00892
1.0084
1.00788
1.00735
1.00676
1.00624
1.00588
1.00554
1.01645
1.01473
1.01272
1.01035
1.00752
1.00475
1.00317
1.0037
1.00587
1.00795
1.01038
1.01173
1.01279
1.013
1.01311
1.01352
1.01401
1.01439
1.01455
1.01452
1.01436
1.01414
1.01387
1.01345
1.01295
1.01252
1.01215
1.01172
1.01122
1.0108
1.01036
1.00994
1.00941
1.0089
1.00836
1.00795
1.00742
1.00696
1.00652
1.00624
1.01072
1.01476
1.01678
1.02078
1.02334
1.0265
1.02748
1.02812
1.02818
1.02748
1.02536
1.02235
1.01931
1.01666
1.01547
1.01526
1.01543
1.01541
1.01515
1.01479
1.01455
1.0144
1.01416
1.01378
1.01332
1.01284
1.01237
1.0119
1.01143
1.01103
1.01064
1.01013
1.00956
1.00901
1.00848
1.00806
1.00756
1.00704
1.00668
1.00634
1.0136
1.01177
1.01062
1.00927
1.00864
1.00909
1.01017
1.01146
1.01241
1.01302
1.01343
1.01393
1.01422
1.0143
1.01443
1.01472
1.01501
1.01509
1.01508
1.01491
1.01477
1.0145
1.01426
1.01395
1.01356
1.01317
1.01275
1.0123
1.01181
1.01147
1.01114
1.0107
1.01006
1.00958
1.00912
1.00869
1.00814
1.00767
1.00727
1.00694
1.01465
1.01787
1.01923
1.02189
1.02295
1.02408
1.02441
1.02454
1.02427
1.02339
1.0222
1.0209
1.01964
1.01846
1.01743
1.0168
1.01653
1.01633
1.01599
1.01555
1.01519
1.01493
1.0147
1.01428
1.01381
1.01336
1.01287
1.01246
1.01198
1.01156
1.01117
1.01058
1.01007
1.00964
1.00918
1.00871
1.00818
1.00776
1.00731
1.00697
1.01257
1.01167
1.01146
1.01136
1.01202
1.01287
1.01365
1.01431
1.01452
1.0149
1.01522
1.01572
1.01592
1.01596
1.01587
1.01584
1.0159
1.01603
1.01594
1.01571
1.01532
1.01514
1.01492
1.01467
1.01414
1.01379
1.01333
1.01296
1.01258
1.01228
1.01177
1.01126
1.01067
1.01022
1.0098
1.00938
1.00886
1.00835
1.00791
1.00766
1.01643
1.01851
1.01941
1.02066
1.02124
1.02179
1.02195
1.02193
1.0216
1.02109
1.02052
1.01997
1.0194
1.01874
1.01815
1.01775
1.01753
1.01725
1.01671
1.01625
1.016
1.01568
1.01528
1.01484
1.01445
1.01398
1.01348
1.01308
1.01268
1.01234
1.01183
1.01133
1.01076
1.01025
1.00986
1.00943
1.0089
1.00842
1.00806
1.00776
1.014
1.01425
1.0144
1.01489
1.01525
1.0157
1.01588
1.01612
1.01631
1.01667
1.01698
1.0172
1.0172
1.01714
1.01704
1.01715
1.01726
1.01722
1.01685
1.01654
1.01626
1.01614
1.01584
1.01552
1.01514
1.01473
1.01417
1.0138
1.01355
1.01311
1.01256
1.0121
1.01153
1.01108
1.01064
1.01015
1.00958
1.00916
1.00884
1.00842
1.01742
1.0188
1.01932
1.01997
1.02023
1.02056
1.02051
1.02056
1.02034
1.02038
1.02019
1.02002
1.01942
1.01899
1.01871
1.01864
1.01852
1.01806
1.01751
1.01721
1.01692
1.01642
1.01607
1.0158
1.01537
1.01487
1.01444
1.01403
1.01373
1.01332
1.01277
1.01221
1.01157
1.0112
1.01078
1.01028
1.00973
1.00932
1.00901
1.00867
1.01591
1.01628
1.01635
1.01674
1.01691
1.01734
1.01755
1.01788
1.01804
1.01836
1.0185
1.01861
1.0185
1.01846
1.01848
1.01869
1.01863
1.01834
1.01799
1.01783
1.01762
1.01729
1.01696
1.01669
1.01627
1.01568
1.01529
1.01506
1.01464
1.01418
1.0138
1.01314
1.01257
1.01214
1.01166
1.01114
1.01064
1.01013
1.00975
1.0094
1.01813
1.01895
1.01926
1.01968
1.01985
1.02016
1.02025
1.02043
1.02045
1.0206
1.02046
1.02021
1.01984
1.01974
1.01972
1.01973
1.01944
1.01902
1.0186
1.01837
1.01795
1.01759
1.01725
1.01695
1.01643
1.01603
1.01559
1.01531
1.01493
1.01441
1.01393
1.01337
1.01272
1.0122
1.01179
1.01131
1.01078
1.01035
1.01004
1.00981
1.01751
1.0179
1.01805
1.01844
1.01868
1.01907
1.01928
1.01957
1.01972
1.01995
1.01998
1.02
1.01995
1.02006
1.02019
1.02021
1.01995
1.01968
1.01951
1.01932
1.01899
1.01871
1.01835
1.0179
1.01745
1.01705
1.01667
1.01633
1.01591
1.01552
1.01505
1.01445
1.01383
1.01326
1.01287
1.01238
1.01171
1.01123
1.01085
1.01049
1.01918
1.01988
1.02012
1.0205
1.02064
1.02089
1.02093
1.02112
1.0212
1.02136
1.0212
1.02112
1.021
1.02111
1.02099
1.02086
1.02044
1.02023
1.0199
1.01973
1.01929
1.01908
1.01866
1.0183
1.01778
1.0175
1.01702
1.01672
1.01625
1.01587
1.01534
1.01475
1.01402
1.01349
1.01304
1.01256
1.01194
1.01158
1.01127
1.01108
1.01946
1.01998
1.02021
1.02055
1.02072
1.02095
1.02107
1.02127
1.02147
1.02167
1.02173
1.02179
1.02183
1.02193
1.0219
1.02179
1.02154
1.02136
1.02109
1.02086
1.02057
1.02034
1.0199
1.01945
1.01901
1.01867
1.01827
1.0179
1.01748
1.01712
1.01661
1.01603
1.01529
1.01472
1.01427
1.01369
1.01304
1.01244
1.01201
1.0117
1.02083
1.02138
1.02159
1.02189
1.02193
1.0222
1.02223
1.02251
1.0225
1.02265
1.02253
1.02268
1.02262
1.02271
1.02245
1.0224
1.02208
1.02199
1.02154
1.02139
1.02103
1.0209
1.02033
1.01992
1.01948
1.01928
1.01876
1.01833
1.01786
1.01762
1.01707
1.01645
1.0156
1.01513
1.01464
1.01419
1.01352
1.01311
1.01271
1.01245
1.02138
1.02206
1.02227
1.02265
1.02272
1.02306
1.02314
1.02345
1.02349
1.02367
1.02367
1.0239
1.02396
1.02405
1.0238
1.02369
1.02339
1.02331
1.02294
1.0228
1.02247
1.02227
1.02168
1.02131
1.0209
1.02071
1.02019
1.01973
1.01928
1.01909
1.01851
1.01783
1.01694
1.01647
1.01584
1.0153
1.01452
1.01396
1.01354
1.01333
1.02237
1.02321
1.02335
1.02366
1.0238
1.024
1.0241
1.02428
1.02429
1.02444
1.02448
1.02474
1.0247
1.02471
1.02442
1.02434
1.02408
1.02402
1.02366
1.02355
1.0231
1.02288
1.02236
1.02199
1.02154
1.0213
1.02083
1.02033
1.0199
1.01962
1.01907
1.01835
1.01761
1.01717
1.01655
1.01609
1.01541
1.01497
1.01436
1.01399
1.0237
1.02463
1.0246
1.02516
1.02513
1.02558
1.02556
1.02586
1.02582
1.02608
1.02614
1.0264
1.02626
1.02625
1.026
1.02596
1.02566
1.02559
1.02526
1.02517
1.02473
1.02452
1.024
1.02364
1.02312
1.02296
1.02245
1.02204
1.02153
1.02119
1.0205
1.01975
1.01902
1.01838
1.01763
1.01706
1.01635
1.0159
1.01552
1.01538
1.0246
1.02562
1.02542
1.02593
1.02591
1.02638
1.02639
1.02669
1.02669
1.027
1.02703
1.0272
1.02695
1.02712
1.02692
1.02698
1.02657
1.02646
1.02617
1.02604
1.02563
1.02538
1.02488
1.02443
1.02394
1.02372
1.02329
1.02295
1.02246
1.02204
1.02132
1.02077
1.02023
1.01965
1.01895
1.01831
1.01754
1.01691
1.01628
1.01589
1.02653
1.02725
1.02702
1.0277
1.02771
1.02827
1.02818
1.02861
1.02855
1.02897
1.02885
1.02908
1.02888
1.02914
1.02883
1.02894
1.02848
1.0285
1.02813
1.02804
1.02759
1.02735
1.02674
1.02636
1.02583
1.02556
1.02513
1.02482
1.02422
1.02355
1.02258
1.02195
1.02125
1.02064
1.01992
1.01929
1.01865
1.01827
1.01793
1.01775
1.02731
1.02797
1.02791
1.02875
1.02876
1.02928
1.02921
1.02969
1.02961
1.02997
1.0298
1.03017
1.02999
1.03016
1.02982
1.02999
1.02956
1.02963
1.02918
1.02926
1.02882
1.0285
1.02785
1.02751
1.02695
1.0267
1.02645
1.02633
1.02586
1.02514
1.02439
1.02384
1.02321
1.02258
1.02174
1.02085
1.01988
1.01915
1.01859
1.01828
1.02926
1.03016
1.03027
1.03094
1.03089
1.03148
1.03143
1.03203
1.03189
1.03231
1.03218
1.03256
1.03227
1.03249
1.03225
1.03244
1.03193
1.03194
1.03148
1.03163
1.03097
1.03074
1.03005
1.02971
1.02897
1.02864
1.02817
1.02788
1.02709
1.02631
1.02544
1.02477
1.0242
1.02362
1.02293
1.02223
1.02156
1.02104
1.02069
1.02047
1.03059
1.0316
1.03156
1.03222
1.03211
1.03279
1.03268
1.03333
1.03306
1.03363
1.0334
1.0338
1.0336
1.03394
1.03377
1.03403
1.03358
1.03366
1.03331
1.03337
1.03276
1.03258
1.0319
1.03174
1.03116
1.03111
1.03076
1.03055
1.02979
1.02906
1.02805
1.02734
1.02656
1.02586
1.02494
1.0239
1.02289
1.02215
1.02166
1.02117
1.0333
1.03416
1.03413
1.03483
1.0347
1.03546
1.03533
1.03605
1.03572
1.03625
1.03582
1.0364
1.03604
1.03646
1.03618
1.03642
1.03589
1.03599
1.03551
1.03566
1.03491
1.03462
1.03378
1.03346
1.03274
1.03259
1.03207
1.03174
1.03091
1.0303
1.02934
1.02868
1.02796
1.02739
1.02663
1.02587
1.02499
1.02435
1.02399
1.02374
1.03506
1.03576
1.03584
1.03652
1.03649
1.0373
1.03727
1.03803
1.03777
1.03843
1.03821
1.03897
1.03864
1.03929
1.03885
1.03927
1.03862
1.03899
1.0386
1.03888
1.03821
1.03811
1.0373
1.03713
1.03647
1.03639
1.03571
1.03536
1.03444
1.03364
1.03251
1.03179
1.03081
1.02991
1.02886
1.02786
1.02687
1.02603
1.02535
1.02483
1.03787
1.03845
1.03845
1.03909
1.03905
1.03974
1.03959
1.04027
1.03999
1.04073
1.0405
1.04131
1.04093
1.04157
1.04092
1.04141
1.04073
1.04121
1.04054
1.04092
1.03999
1.04003
1.03901
1.03897
1.03827
1.03823
1.0375
1.03713
1.03607
1.03541
1.03436
1.03375
1.03285
1.0321
1.03094
1.03002
1.029
1.02835
1.028
1.02772
1.04016
1.04066
1.04113
1.04175
1.04215
1.04279
1.04304
1.04371
1.04373
1.04463
1.04456
1.04542
1.04508
1.0458
1.04532
1.04608
1.04557
1.04622
1.04552
1.04589
1.04492
1.04504
1.04394
1.04416
1.04322
1.04343
1.04224
1.04177
1.04038
1.03972
1.03841
1.03767
1.03647
1.03556
1.03411
1.03298
1.03179
1.03093
1.03015
1.02973
1.04197
1.04239
1.04273
1.04343
1.04377
1.04456
1.04482
1.04564
1.04575
1.04663
1.0466
1.04746
1.0471
1.04792
1.04749
1.04841
1.04789
1.04867
1.04787
1.04839
1.0473
1.04758
1.04646
1.04688
1.04592
1.04622
1.04493
1.04463
1.04291
1.04248
1.04102
1.04059
1.03907
1.03826
1.03667
1.03571
1.03443
1.03377
1.03313
1.03278
1.04541
1.04614
1.0469
1.04765
1.04848
1.0493
1.05008
1.05094
1.05158
1.05248
1.05282
1.05363
1.05359
1.05448
1.05433
1.05528
1.05483
1.05561
1.05477
1.0553
1.05412
1.05456
1.05341
1.05392
1.05269
1.05285
1.05128
1.05093
1.04902
1.04852
1.04677
1.04625
1.04445
1.04355
1.04156
1.04045
1.03864
1.03786
1.03688
1.03657
1.04604
1.04697
1.04793
1.04896
1.05006
1.05115
1.05221
1.05336
1.05421
1.05534
1.05593
1.05693
1.05719
1.05822
1.05826
1.05935
1.05906
1.05988
1.05901
1.05949
1.05817
1.05864
1.05743
1.05814
1.05683
1.05724
1.05538
1.05531
1.05321
1.05289
1.05084
1.05037
1.04816
1.0474
1.04496
1.04397
1.04196
1.04121
1.04005
1.03977
1.05249
1.05345
1.05518
1.05621
1.05792
1.05906
1.06066
1.06172
1.06308
1.06404
1.06512
1.066
1.06686
1.06774
1.06833
1.06924
1.06936
1.07006
1.06964
1.07035
1.06978
1.07052
1.06957
1.07002
1.06838
1.06826
1.06592
1.06535
1.06279
1.06208
1.05964
1.05895
1.05637
1.05535
1.05253
1.05139
1.04898
1.04816
1.04656
1.04623
1.05493
1.05678
1.0591
1.06082
1.06326
1.06487
1.06714
1.06863
1.07047
1.07177
1.07317
1.07411
1.07528
1.07574
1.07683
1.07699
1.07768
1.07738
1.07705
1.07639
1.07535
1.07492
1.07386
1.07378
1.07228
1.07211
1.0701
1.0699
1.06776
1.06768
1.06532
1.06504
1.06213
1.06147
1.05816
1.05716
1.05414
1.05323
1.05104
1.05056
1.06045
1.06374
1.06748
1.0697
1.07279
1.07494
1.07778
1.07977
1.08234
1.08423
1.08655
1.08836
1.0905
1.09191
1.09375
1.09439
1.09598
1.09631
1.09795
1.09846
1.09987
1.1
1.10007
1.09937
1.09814
1.09675
1.09446
1.09273
1.08985
1.0881
1.0846
1.08268
1.07857
1.07644
1.07196
1.06996
1.06604
1.06447
1.06162
1.06079
1.07432
1.07917
1.08139
1.08615
1.08836
1.09273
1.09461
1.09826
1.09982
1.10267
1.10376
1.10581
1.10652
1.10785
1.10854
1.10921
1.10944
1.10865
1.10792
1.10596
1.10483
1.10257
1.10165
1.09944
1.09843
1.09624
1.09515
1.09322
1.09208
1.09034
1.08889
1.08694
1.08465
1.08221
1.07917
1.07676
1.07362
1.07188
1.06925
1.06841
1.09948
1.10636
1.11108
1.1165
1.12007
1.12455
1.12794
1.13177
1.13516
1.13857
1.14197
1.14484
1.14764
1.14956
1.15157
1.15318
1.15537
1.1572
1.15948
1.16095
1.16249
1.16265
1.16277
1.16127
1.16022
1.15736
1.15523
1.15116
1.14799
1.1431
1.13901
1.13344
1.12831
1.122
1.11624
1.10993
1.10441
1.09888
1.09408
1.08962
1.15887
1.15682
1.15943
1.15991
1.16338
1.16459
1.16784
1.16906
1.17164
1.1724
1.174
1.17443
1.17547
1.17595
1.17638
1.17639
1.17547
1.17434
1.17189
1.16968
1.16632
1.16329
1.15948
1.15595
1.1523
1.1485
1.14515
1.14135
1.13836
1.13454
1.13189
1.12794
1.1251
1.12042
1.1165
1.11065
1.10606
1.10096
1.09832
1.09691
1.21831
1.23016
1.23582
1.2471
1.25043
1.26004
1.26273
1.2714
1.27383
1.28163
1.28361
1.2904
1.29175
1.29756
1.29831
1.30336
1.30361
1.308
1.30766
1.31131
1.31017
1.31277
1.31029
1.31106
1.30647
1.30517
1.29873
1.295
1.28675
1.28064
1.27075
1.26241
1.25122
1.24144
1.23015
1.22022
1.20962
1.19951
1.18813
1.17504
1.30783
1.30492
1.31219
1.31544
1.32576
1.33002
1.34028
1.34379
1.35306
1.3553
1.36306
1.36368
1.36945
1.36831
1.37203
1.36972
1.37208
1.3694
1.37035
1.36635
1.36392
1.35748
1.35138
1.34334
1.33405
1.32537
1.31409
1.30597
1.29353
1.28577
1.27286
1.26587
1.25372
1.24783
1.23537
1.22687
1.20898
1.1926
1.17044
1.15705
1.24443
1.28367
1.33344
1.3745
1.41848
1.4559
1.49601
1.52983
1.56597
1.59592
1.62783
1.65378
1.68116
1.70228
1.72398
1.73899
1.75395
1.76249
1.77126
1.77472
1.77889
1.77865
1.779
1.77546
1.77207
1.76471
1.75633
1.7443
1.73054
1.71463
1.69542
1.67656
1.65292
1.63275
1.60489
1.58196
1.55026
1.52344
1.49339
1.46749
1.00508
1.00572
1.0056
1.00567
1.00578
1.0059
1.00603
1.00621
1.00637
1.00657
1.00674
1.00688
1.00699
1.00705
1.00706
1.00697
1.00677
1.00642
1.00589
1.00517
1.00422
1.00312
1.0018
1.00043
0.998734
0.996799
0.995438
0.993402
0.992288
0.991012
0.989934
0.989717
0.989517
0.989688
0.990131
0.99068
0.991228
0.991676
0.991996
0.99139
1.0053
1.00584
1.00556
1.00574
1.00584
1.00599
1.00615
1.00632
1.00652
1.0067
1.00689
1.00704
1.00715
1.00723
1.00727
1.0072
1.007
1.00667
1.00621
1.00555
1.00469
1.00351
1.0021
1.00034
0.998578
0.997023
0.994766
0.993338
0.991424
0.99017
0.989458
0.988729
0.988748
0.989033
0.98952
0.990132
0.990726
0.991233
0.991708
0.991205
1.00602
1.00639
1.00607
1.00645
1.00653
1.0067
1.00689
1.00711
1.00729
1.00754
1.00775
1.00791
1.00803
1.00809
1.00807
1.00796
1.00771
1.00732
1.00671
1.00585
1.00477
1.00348
1.00205
1.00056
0.998679
0.996368
0.994779
0.992463
0.991173
0.989756
0.988548
0.988288
0.988125
0.988328
0.988872
0.989547
0.990225
0.990791
0.991424
0.991055
1.00612
1.00638
1.00611
1.00657
1.00658
1.00682
1.00703
1.00723
1.00749
1.00771
1.00795
1.00813
1.00826
1.00833
1.00835
1.00822
1.00796
1.00749
1.00692
1.00613
1.0051
1.00375
1.00211
1.0001
0.998163
0.996416
0.993847
0.992252
0.99017
0.988853
0.988056
0.98733
0.987343
0.987707
0.988273
0.988966
0.989701
0.99033
0.991123
0.990887
1.00672
1.0069
1.00676
1.00736
1.00729
1.00762
1.00782
1.00806
1.00828
1.00853
1.00876
1.00895
1.00905
1.00908
1.00901
1.00882
1.00843
1.00792
1.00713
1.00617
1.00494
1.00345
1.00178
1.00009
0.998024
0.99543
0.993678
0.99117
0.989773
0.988284
0.987084
0.986823
0.98665
0.986949
0.987572
0.98834
0.989179
0.989871
0.990825
0.99069
1.00675
1.00688
1.0069
1.00748
1.00734
1.00777
1.00792
1.00816
1.0084
1.00864
1.0089
1.00911
1.00927
1.00927
1.00925
1.00901
1.00864
1.00801
1.00727
1.00621
1.00499
1.00348
1.00169
0.999443
0.997209
0.995337
0.992511
0.990834
0.988592
0.987169
0.98644
0.98567
0.985781
0.986192
0.986833
0.987642
0.988552
0.989314
0.990391
0.990448
1.00735
1.00753
1.00768
1.00818
1.00804
1.00859
1.00868
1.00894
1.00914
1.00939
1.00961
1.00984
1.00991
1.00993
1.00977
1.00952
1.00901
1.00837
1.00743
1.00627
1.00479
1.0031
1.00119
0.999276
0.997065
0.994216
0.992301
0.989589
0.988094
0.986545
0.985246
0.985001
0.984824
0.985267
0.986015
0.986934
0.987964
0.988802
0.990043
0.990212
1.00748
1.00774
1.00796
1.00829
1.00825
1.00886
1.00885
1.00916
1.00938
1.00958
1.00988
1.01005
1.01022
1.01018
1.01011
1.0098
1.00936
1.00854
1.0076
1.00634
1.00491
1.00317
1.00121
0.998742
0.996158
0.994136
0.991049
0.989196
0.986777
0.985244
0.984477
0.983672
0.983902
0.984357
0.98513
0.986104
0.987201
0.988112
0.989444
0.989852
1.0081
1.00844
1.00861
1.00891
1.00902
1.00969
1.00955
1.01003
1.01013
1.0104
1.01054
1.01076
1.0108
1.01085
1.01062
1.01034
1.00973
1.00898
1.00789
1.00657
1.00485
1.00287
1.00061
0.998418
0.996107
0.992865
0.990753
0.987833
0.986146
0.984472
0.983149
0.982944
0.982808
0.983354
0.984252
0.985342
0.986576
0.987558
0.989066
0.989606
1.00848
1.00882
1.00899
1.00925
1.00957
1.01003
1.0099
1.01037
1.01044
1.01058
1.01086
1.011
1.01117
1.01108
1.01092
1.01052
1.00997
1.00902
1.00785
1.00639
1.00477
1.00282
1.00061
0.997891
0.994917
0.992661
0.989303
0.987277
0.984657
0.983165
0.982279
0.981454
0.98171
0.982261
0.983181
0.984332
0.985636
0.986722
0.988298
0.989129
1.00907
1.00947
1.00949
1.0099
1.01023
1.01071
1.01064
1.01136
1.01122
1.01162
1.01167
1.0118
1.01178
1.01174
1.01154
1.01113
1.01043
1.00955
1.00836
1.00675
1.00474
1.00244
0.999811
0.997287
0.994765
0.991132
0.988858
0.985679
0.983829
0.981896
0.980683
0.980562
0.980479
0.981141
0.982202
0.983485
0.984965
0.986126
0.987883
0.98887
1.00965
1.01003
1.0101
1.01052
1.01083
1.01114
1.01124
1.01171
1.01155
1.01188
1.01192
1.01204
1.01211
1.01202
1.01173
1.01125
1.01062
1.00961
1.00818
1.00653
1.00452
1.00224
0.999746
0.996789
0.993304
0.990836
0.987178
0.984952
0.982118
0.980732
0.979586
0.978803
0.979163
0.979823
0.980909
0.982256
0.98382
0.985109
0.986903
0.988227
1.01023
1.01065
1.01071
1.01125
1.0115
1.01193
1.01212
1.01273
1.01261
1.01315
1.01303
1.01318
1.0131
1.01287
1.01254
1.01205
1.01126
1.01016
1.00882
1.00693
1.00466
1.00197
0.99894
0.995894
0.993176
0.989097
0.986588
0.983095
0.981106
0.978951
0.977822
0.977656
0.977707
0.978577
0.979783
0.981286
0.983073
0.984456
0.986431
0.987949
1.01084
1.01129
1.01138
1.01187
1.01196
1.01235
1.01261
1.01307
1.01289
1.01336
1.01318
1.01337
1.01317
1.01299
1.01262
1.01208
1.0113
1.01025
1.00868
1.0068
1.00447
1.00177
0.9989
0.995589
0.991465
0.98871
0.98462
0.982189
0.979093
0.977588
0.976356
0.975689
0.976123
0.976896
0.978234
0.979814
0.981702
0.983249
0.985207
0.987104
1.01166
1.01219
1.01239
1.01286
1.01293
1.01351
1.01379
1.01414
1.01414
1.0147
1.01446
1.01459
1.01433
1.01404
1.01355
1.01291
1.01199
1.0107
1.0091
1.00697
1.00441
1.00144
0.997922
0.994245
0.99126
0.986692
0.983919
0.979972
0.977863
0.975616
0.974326
0.974214
0.974383
0.975471
0.976919
0.978667
0.980818
0.982517
0.984635
0.986783
1.01211
1.01267
1.01271
1.0132
1.0133
1.01388
1.01399
1.01437
1.01445
1.01496
1.01458
1.01479
1.01442
1.01415
1.01364
1.01288
1.01197
1.01068
1.00891
1.00667
1.004
1.00077
0.997542
0.993952
0.989159
0.986152
0.981463
0.978871
0.975445
0.973699
0.972633
0.971911
0.972494
0.973523
0.975053
0.976905
0.979164
0.981099
0.98314
0.985679
1.01331
1.01393
1.0141
1.01459
1.01476
1.01523
1.01523
1.0156
1.01583
1.01613
1.01582
1.01616
1.01562
1.01542
1.01465
1.01381
1.01256
1.01102
1.00907
1.0067
1.00366
1.00041
0.996382
0.992041
0.988842
0.98364
0.980625
0.976172
0.973947
0.971603
0.970167
0.970217
0.970439
0.971621
0.973515
0.97553
0.978075
0.980251
0.982414
0.985253
1.01359
1.01422
1.01437
1.01487
1.015
1.01538
1.01544
1.01589
1.01606
1.01619
1.01614
1.01654
1.01597
1.01563
1.01487
1.01391
1.01264
1.01099
1.00883
1.00616
1.00314
0.999397
0.99557
0.991804
0.986214
0.982934
0.977623
0.97479
0.970965
0.968942
0.967905
0.967181
0.968082
0.969513
0.971175
0.973381
0.976022
0.978547
0.980694
0.983775
1.01522
1.01581
1.016
1.0165
1.0166
1.01695
1.01704
1.01746
1.0174
1.0176
1.01759
1.0177
1.01691
1.01683
1.01582
1.0147
1.01318
1.01121
1.00892
1.00609
1.00251
0.998881
0.994487
0.989291
0.985791
0.979755
0.976434
0.971479
0.969083
0.966658
0.965211
0.965325
0.965697
0.966997
0.969441
0.971682
0.974659
0.977491
0.979888
0.98319
1.01556
1.01612
1.01618
1.01666
1.01676
1.01717
1.01732
1.01762
1.01754
1.01773
1.01777
1.01777
1.01716
1.01698
1.01573
1.01478
1.01311
1.01115
1.00852
1.00534
1.00187
0.997541
0.992952
0.988942
0.982471
0.97884
0.972914
0.96971
0.965371
0.963085
0.962026
0.961572
0.962673
0.964416
0.966383
0.969038
0.972046
0.975304
0.977772
0.981267
1.01751
1.01802
1.01814
1.0187
1.01892
1.01943
1.01947
1.01969
1.01958
1.01983
1.01957
1.01918
1.01855
1.01828
1.01682
1.01573
1.01373
1.01144
1.00851
1.00517
1.00101
0.996681
0.99196
0.985755
0.981888
0.974839
0.971059
0.965617
0.962978
0.960543
0.958923
0.959088
0.959863
0.961392
0.96436
0.967039
0.970372
0.973951
0.976774
0.980587
1.01796
1.01841
1.01851
1.01896
1.01905
1.01948
1.01945
1.01971
1.01961
1.0197
1.01927
1.01914
1.01863
1.01802
1.01654
1.0155
1.01344
1.01103
1.00807
1.00419
0.999984
0.995
0.989335
0.984963
0.977605
0.973493
0.966955
0.963214
0.958176
0.955706
0.954812
0.95446
0.955564
0.958006
0.960398
0.963654
0.966979
0.971038
0.974022
0.978149
1.02028
1.02075
1.02092
1.02141
1.02159
1.02202
1.02208
1.02248
1.02241
1.02241
1.02195
1.02155
1.02067
1.01984
1.01813
1.01693
1.0142
1.01158
1.00778
1.00371
0.998927
0.993596
0.988459
0.981076
0.976467
0.968407
0.964053
0.958046
0.955476
0.95264
0.950837
0.951289
0.952481
0.954362
0.957918
0.961211
0.964959
0.969315
0.972765
0.977333
1.02087
1.02125
1.02134
1.02174
1.02177
1.02212
1.02208
1.02239
1.02211
1.02207
1.02147
1.02115
1.02029
1.01923
1.01758
1.01617
1.0133
1.01054
1.00675
1.00231
0.997021
0.991406
0.984346
0.979157
0.97094
0.966345
0.958893
0.954565
0.948901
0.94635
0.945501
0.945312
0.946941
0.949448
0.952703
0.956797
0.960538
0.965411
0.9691
0.974134
1.02367
1.02411
1.02432
1.02472
1.02477
1.02523
1.02519
1.0255
1.02526
1.02532
1.02477
1.02438
1.02294
1.02176
1.01988
1.0179
1.0144
1.01133
1.00649
1.00135
0.995663
0.988905
0.983206
0.974805
0.969008
0.960242
0.95484
0.948155
0.945107
0.942257
0.94039
0.941201
0.94264
0.945626
0.949521
0.953711
0.958165
0.963278
0.967503
0.973131
1.02451
1.02477
1.02486
1.02513
1.02515
1.02534
1.02524
1.02534
1.02492
1.02479
1.02394
1.02339
1.02204
1.02098
1.01886
1.01641
1.01291
1.00939
1.00417
0.99908
0.992521
0.986359
0.977623
0.971064
0.961754
0.955926
0.947855
0.942879
0.936938
0.934008
0.933326
0.933297
0.935708
0.938413
0.942607
0.947821
0.952248
0.957996
0.96254
0.968781
1.02751
1.02792
1.0281
1.02867
1.02876
1.02913
1.02911
1.02924
1.02881
1.02868
1.02774
1.02715
1.02555
1.02413
1.02127
1.01847
1.01421
1.01001
1.00405
0.997812
0.990856
0.982067
0.975349
0.965687
0.958597
0.949146
0.942272
0.934792
0.93132
0.928239
0.926534
0.927884
0.929756
0.933729
0.938413
0.943829
0.949279
0.955432
0.960576
0.967478
1.02944
1.02948
1.02968
1.02966
1.02972
1.02963
1.02941
1.02913
1.02848
1.02785
1.02679
1.0259
1.02409
1.02237
1.01929
1.01624
1.01172
1.00707
1.00011
0.994189
0.985316
0.978526
0.967984
0.959976
0.949265
0.941427
0.932356
0.926778
0.920586
0.917206
0.917181
0.917231
0.920458
0.924084
0.929206
0.935675
0.941319
0.948081
0.953772
0.961423
1.03237
1.03267
1.03276
1.03318
1.03345
1.03371
1.03357
1.03354
1.03298
1.03265
1.0314
1.0303
1.02803
1.02587
1.02215
1.01851
1.01293
1.00687
0.999771
0.99168
0.983309
0.972485
0.963817
0.952244
0.943433
0.933065
0.924803
0.916221
0.912252
0.909193
0.90717
0.909686
0.912394
0.917821
0.923652
0.930645
0.937474
0.944965
0.951281
0.960308
1.036
1.03598
1.036
1.03591
1.0358
1.03535
1.03514
1.03448
1.03374
1.03255
1.03095
1.02919
1.02645
1.02365
1.01928
1.01496
1.00825
1.0025
0.993436
0.986364
0.974593
0.96633
0.953566
0.943686
0.931033
0.921085
0.91064
0.903789
0.897618
0.893892
0.894667
0.895646
0.899507
0.904472
0.910999
0.918893
0.926546
0.934838
0.941728
0.952371
1.03909
1.03929
1.03913
1.03929
1.03928
1.03925
1.03901
1.03859
1.0379
1.03695
1.03535
1.0334
1.03033
1.02696
1.02198
1.0163
1.00956
1.00124
0.992484
0.981439
0.970966
0.957937
0.94635
0.932463
0.921292
0.908713
0.899237
0.890108
0.885165
0.882278
0.880459
0.883981
0.888682
0.895923
0.903633
0.912703
0.92117
0.930999
0.938749
0.950233
1.04524
1.04522
1.04488
1.04464
1.04432
1.04372
1.0432
1.04202
1.04088
1.03887
1.03653
1.03344
1.02929
1.02485
1.01802
1.01216
1.00224
0.994694
0.981907
0.9729
0.957763
0.947295
0.930953
0.918628
0.903113
0.891028
0.878516
0.869914
0.863938
0.86029
0.862971
0.864804
0.870087
0.877272
0.885403
0.895954
0.905683
0.916896
0.92581
0.937681
1.04908
1.04926
1.04866
1.04872
1.04816
1.04777
1.04694
1.04584
1.04434
1.04215
1.03946
1.03563
1.0314
1.02519
1.019
1.00995
1.0014
0.989437
0.978582
0.963911
0.950225
0.933721
0.917708
0.900818
0.886233
0.871198
0.859957
0.850763
0.844832
0.842801
0.840902
0.847295
0.854635
0.864977
0.875557
0.887124
0.898685
0.911033
0.922935
0.935147
1.05903
1.05918
1.05832
1.05817
1.05719
1.05627
1.05482
1.05269
1.05019
1.04674
1.04249
1.03764
1.03067
1.02418
1.01366
1.00524
0.991029
0.980196
0.962846
0.94921
0.929641
0.913812
0.893157
0.877656
0.857826
0.842903
0.828673
0.817681
0.813678
0.809571
0.816163
0.81883
0.827053
0.837785
0.849674
0.863694
0.875535
0.891231
0.903919
0.917302
1.06646
1.06674
1.06517
1.06515
1.06318
1.06217
1.05949
1.05664
1.05311
1.04782
1.04342
1.03531
1.0294
1.01802
1.00944
0.994901
0.982649
0.965594
0.949153
0.92994
0.91009
0.889022
0.867757
0.846055
0.825772
0.808798
0.79533
0.788406
0.780456
0.781611
0.78046
0.793346
0.804447
0.81911
0.834825
0.851644
0.868167
0.881621
0.89978
0.914109
1.08599
1.08444
1.08194
1.08126
1.07756
1.07608
1.07029
1.06765
1.05974
1.05574
1.04575
1.03949
1.02677
1.0167
1.0008
0.986076
0.966736
0.947745
0.924548
0.902496
0.875394
0.852259
0.823679
0.802224
0.777857
0.761172
0.745854
0.73188
0.731436
0.728952
0.742215
0.747112
0.761892
0.778904
0.797011
0.816696
0.836466
0.855915
0.873592
0.892998
1.09819
1.0967
1.09685
1.09269
1.08974
1.08307
1.07862
1.07028
1.0644
1.0541
1.04556
1.03206
1.01915
1.00135
0.983374
0.961007
0.938401
0.911709
0.885471
0.855317
0.826756
0.796272
0.767185
0.741204
0.715486
0.697449
0.679617
0.680374
0.673666
0.680608
0.68588
0.708903
0.727785
0.750278
0.775388
0.799122
0.825617
0.846751
0.869303
0.885532
1.16004
1.1509
1.13536
1.1275
1.11411
1.10892
1.09662
1.09137
1.07709
1.06781
1.04874
1.03335
1.00881
0.987081
0.957437
0.930103
0.896248
0.864302
0.827254
0.791933
0.753443
0.71803
0.682447
0.652557
0.623425
0.604739
0.594387
0.582078
0.584603
0.593255
0.616013
0.63125
0.660899
0.688833
0.717742
0.746643
0.778867
0.806451
0.844508
0.870566
1.15078
1.14415
1.14634
1.14303
1.14241
1.13519
1.12627
1.11029
1.09079
1.06641
1.03776
1.00645
0.970403
0.933422
0.891686
0.850165
0.804552
0.759548
0.71227
0.665534
0.620535
0.576512
0.538888
0.505344
0.47895
0.47715
0.452937
0.470553
0.4837
0.512148
0.54562
0.590999
0.627299
0.671704
0.712588
0.751693
0.787213
0.818272
0.846061
0.876622
1.43699
1.4134
1.3702
1.3368
1.28527
1.24469
1.18663
1.14333
1.08194
1.03748
0.973828
0.928952
0.862651
0.816863
0.747453
0.70078
0.628931
0.582575
0.510921
0.466262
0.399328
0.354962
0.304436
0.270352
0.282924
0.282474
0.272042
0.328794
0.366824
0.422075
0.492434
0.538325
0.615513
0.665093
0.738268
0.786538
0.854249
0.899805
0.959868
0.998869
0.999994
1
1.00001
1.00001
1
1.00001
1.00001
1
1
1
0.999992
0.999987
0.999987
0.999995
0.999988
1.00001
1.00003
1.00002
1.00004
1.00005
1.00006
1.00006
1.00007
1.00006
1.00006
1.00005
1.00005
1.00003
1.00003
1.00002
0.999995
0.999989
1
0.999984
0.999992
0.999989
0.999991
0.999992
0.999993
0.999997
0.999998
1
1
1
1
1
1
1
1
1.00001
1.00002
1.00002
1.00002
1.00002
1.00002
0.999995
0.999977
0.999976
0.999959
0.999951
0.999944
0.999939
0.999935
0.999937
0.999934
0.999939
0.99994
0.999952
0.999963
0.999967
0.999993
1
0.999986
1.00001
0.999993
1
0.999996
0.999997
0.999998
0.999963
1.00001
1.00003
1.00003
1.00003
1.00003
1.00003
1.00003
1.00003
1.00003
1.00003
1.00002
1.00002
1.00002
1.00002
1.00001
1.00003
1.00005
1.00005
1.00007
1.00007
1.00008
1.00008
1.00007
1.00006
1.00006
1.00005
1.00004
1.00002
1
0.999999
0.99997
0.99995
0.999967
0.999944
0.999955
0.999942
0.999946
0.999948
0.999957
0.99994
1.00002
1.00004
1.00004
1.00004
1.00004
1.00003
1.00003
1.00003
1.00003
1.00003
1.00004
1.00004
1.00004
1.00004
1.00004
1.00002
1.00001
1
0.999981
0.999976
0.999961
0.999952
0.999946
0.999938
0.999928
0.999919
0.999912
0.999922
0.999935
0.999935
0.999947
0.999958
0.999928
0.999937
0.999931
0.999937
0.999933
0.999933
0.999936
0.999879
1.00005
1.00009
1.00009
1.00009
1.00009
1.0001
1.0001
1.0001
1.0001
1.00011
1.0001
1.0001
1.00009
1.00009
1.0001
1.00011
1.00011
1.00011
1.0001
1.0001
1.0001
1.00009
1.00008
1.00006
1.00004
1.00002
1
0.99997
0.99994
0.999921
0.999895
0.999858
0.999877
0.999854
0.999849
0.999847
0.999844
0.999846
0.999856
0.999828
1.00007
1.00012
1.00012
1.00011
1.00011
1.00011
1.00011
1.00011
1.00011
1.00011
1.00012
1.00012
1.00012
1.00012
1.00011
1.00009
1.00008
1.00007
1.00005
1.00003
1
0.99998
0.999957
0.999929
0.999908
0.999889
0.999865
0.999856
0.99985
0.999841
0.999831
0.999845
0.999804
0.99981
0.999814
0.999808
0.999799
0.999804
0.999812
0.99973
1.00012
1.00019
1.00018
1.00018
1.00018
1.00018
1.00018
1.00018
1.00018
1.00019
1.00018
1.00018
1.00018
1.00018
1.00018
1.00018
1.00018
1.00017
1.00015
1.00015
1.00014
1.00012
1.00009
1.00008
1.00003
0.999991
0.999961
0.999916
0.999874
0.999834
0.999805
0.999745
0.999758
0.999728
0.999701
0.999699
0.999699
0.999694
0.999706
0.999649
1.00015
1.00023
1.00022
1.00022
1.00022
1.00022
1.00022
1.00022
1.00023
1.00023
1.00024
1.00024
1.00024
1.00024
1.00022
1.0002
1.00019
1.00017
1.00015
1.00011
1.00007
1.00002
0.999972
0.999926
0.999886
0.999849
0.999796
0.999762
0.999734
0.999708
0.999672
0.99969
0.999634
0.999629
0.999633
0.99962
0.999611
0.999616
0.999623
0.999511
1.00021
1.00032
1.00031
1.00031
1.00032
1.00032
1.00032
1.00033
1.00033
1.00033
1.00033
1.00033
1.00032
1.00033
1.00033
1.00033
1.00031
1.00029
1.00026
1.00025
1.00022
1.00018
1.00013
1.00007
1
0.999927
0.999879
0.999814
0.999748
0.999695
0.999655
0.999562
0.99957
0.999533
0.9995
0.99949
0.999486
0.99948
0.999492
0.999406
1.00025
1.00037
1.00037
1.00036
1.00036
1.00036
1.00036
1.00037
1.00037
1.00038
1.00039
1.00039
1.00039
1.00038
1.00037
1.00035
1.00032
1.00029
1.00025
1.00019
1.00013
1.00006
0.999994
0.999929
0.999873
0.999818
0.99972
0.999658
0.999611
0.999554
0.999491
0.999502
0.999422
0.999403
0.999393
0.999376
0.999372
0.999375
0.999379
0.999225
1.00033
1.00048
1.00047
1.00047
1.00048
1.00049
1.00049
1.0005
1.00051
1.00051
1.0005
1.0005
1.0005
1.00051
1.0005
1.00049
1.00046
1.00044
1.00039
1.00036
1.0003
1.00024
1.00016
1.00008
0.99997
0.999854
0.9998
0.999703
0.999596
0.999518
0.99947
0.999355
0.999351
0.999306
0.999263
0.999248
0.999227
0.999224
0.99923
0.999098
1.00038
1.00054
1.00054
1.00054
1.00054
1.00054
1.00055
1.00055
1.00056
1.00057
1.00058
1.00058
1.00058
1.00056
1.00054
1.00051
1.00047
1.00042
1.00037
1.00029
1.00021
1.00012
1.00002
0.999923
0.999846
0.999777
0.999618
0.999533
0.999461
0.999387
0.999284
0.999269
0.999173
0.999126
0.999106
0.999082
0.999084
0.999079
0.999085
0.9989
1.00048
1.00067
1.00067
1.00067
1.00067
1.00068
1.00069
1.00071
1.00071
1.00072
1.00072
1.00073
1.00072
1.00072
1.0007
1.00068
1.00064
1.0006
1.00054
1.00047
1.0004
1.00031
1.0002
1.00008
0.999911
0.999737
0.999681
0.999533
0.999406
0.999281
0.999227
0.999099
0.999065
0.999029
0.998981
0.998951
0.99892
0.998916
0.99892
0.99875
1.00054
1.00074
1.00073
1.00073
1.00073
1.00074
1.00074
1.00075
1.00076
1.00077
1.00079
1.00078
1.00077
1.00076
1.00073
1.00069
1.00063
1.00057
1.0005
1.00041
1.0003
1.00018
1.00005
0.999914
0.999826
0.999737
0.999509
0.999414
0.999282
0.999198
0.999044
0.999
0.998904
0.99882
0.998782
0.998764
0.998762
0.99875
0.99875
0.998528
1.00066
1.00087
1.00087
1.00087
1.00088
1.00089
1.0009
1.00092
1.00092
1.00093
1.00094
1.00095
1.00094
1.00092
1.0009
1.00087
1.00083
1.00078
1.0007
1.0006
1.00049
1.00036
1.00022
1.00006
0.99983
0.999605
0.999533
0.999314
0.999179
0.999008
0.998955
0.9988
0.998731
0.998697
0.998649
0.9986
0.998571
0.998563
0.998579
0.998368
1.00072
1.00095
1.00094
1.00094
1.00095
1.00095
1.00096
1.00098
1.00099
1.00101
1.00102
1.00101
1.001
1.00098
1.00095
1.00089
1.00084
1.00075
1.00066
1.00054
1.0004
1.00025
1.00008
0.999896
0.999791
0.999661
0.99938
0.999276
0.999081
0.998962
0.998752
0.998699
0.998591
0.998496
0.99844
0.998422
0.998407
0.998398
0.998377
0.998132
1.00084
1.0011
1.00109
1.00109
1.0011
1.00111
1.00112
1.00114
1.00115
1.00116
1.00117
1.00118
1.00117
1.00115
1.00112
1.0011
1.00103
1.00096
1.00085
1.00071
1.00057
1.0004
1.00023
1.00003
0.999734
0.999471
0.999353
0.999064
0.998908
0.998711
0.998634
0.998454
0.998374
0.99831
0.99826
0.998212
0.99819
0.998179
0.998213
0.997957
1.00091
1.00118
1.00117
1.00117
1.00118
1.00119
1.0012
1.00122
1.00124
1.00127
1.00127
1.00127
1.00126
1.00124
1.0012
1.00114
1.00107
1.00096
1.00084
1.00071
1.00055
1.00036
1.00014
0.999904
0.999771
0.999568
0.999235
0.9991
0.99886
0.998678
0.99846
0.998364
0.998223
0.99814
0.998074
0.998046
0.998029
0.998017
0.997992
0.997716
1.00105
1.00134
1.00133
1.00133
1.00134
1.00136
1.00137
1.00139
1.00141
1.00142
1.00144
1.00144
1.00143
1.00141
1.00139
1.00134
1.00127
1.00118
1.00105
1.00089
1.0007
1.00048
1.00026
1.00002
0.99965
0.999349
0.999195
0.998839
0.998619
0.998417
0.998265
0.998092
0.998007
0.997906
0.997856
0.997815
0.997788
0.99779
0.997826
0.997543
1.00113
1.00143
1.00143
1.00143
1.00144
1.00146
1.00148
1.0015
1.00154
1.00156
1.00157
1.00157
1.00157
1.00154
1.0015
1.00144
1.00134
1.00121
1.00107
1.00091
1.00071
1.00048
1.00022
0.999934
0.999742
0.999457
0.999037
0.998869
0.998611
0.998368
0.998157
0.997991
0.997839
0.997759
0.997683
0.997638
0.997624
0.997617
0.997607
0.997291
1.00128
1.0016
1.0016
1.0016
1.00162
1.00164
1.00166
1.00168
1.00171
1.00173
1.00174
1.00175
1.00173
1.00172
1.00169
1.00162
1.00154
1.00144
1.00128
1.00108
1.00085
1.00057
1.00028
0.999982
0.999555
0.999227
0.999046
0.998597
0.99832
0.99809
0.997867
0.997705
0.997587
0.997478
0.997426
0.997407
0.997396
0.997398
0.997435
0.997129
1.00136
1.0017
1.0017
1.00172
1.00173
1.00175
1.00178
1.00181
1.00185
1.00187
1.00189
1.00189
1.00189
1.00187
1.00181
1.00174
1.00162
1.00148
1.00131
1.00111
1.00087
1.00062
1.00031
0.999943
0.999692
0.999325
0.998805
0.99862
0.9983
0.998015
0.997793
0.997593
0.997444
0.997333
0.997262
0.997216
0.997193
0.9972
0.997193
0.996842
1.00152
1.00188
1.00188
1.00188
1.0019
1.00192
1.00195
1.00198
1.002
1.00202
1.00204
1.00204
1.00203
1.002
1.00196
1.00189
1.00181
1.00167
1.00148
1.00125
1.00097
1.00064
1.00029
0.999938
0.999426
0.999037
0.998844
0.99829
0.997994
0.997707
0.997445
0.997266
0.997108
0.997029
0.996978
0.996961
0.996974
0.996981
0.997029
0.996679
1.0016
1.00198
1.00198
1.002
1.00202
1.00204
1.00207
1.00211
1.00214
1.00217
1.00219
1.00219
1.00219
1.00216
1.00208
1.00199
1.00184
1.00166
1.00147
1.00125
1.00096
1.00064
1.00028
0.999844
0.999564
0.999135
0.998496
0.998321
0.997883
0.997578
0.997352
0.997118
0.996976
0.996853
0.99678
0.996752
0.996747
0.996763
0.996765
0.996385
1.00178
1.00217
1.00217
1.00218
1.00219
1.00222
1.00225
1.00229
1.00231
1.00234
1.00235
1.00236
1.00236
1.00232
1.00228
1.00221
1.0021
1.00195
1.00173
1.00143
1.00111
1.00074
1.00032
0.999922
0.999306
0.998838
0.998602
0.997955
0.997661
0.997288
0.996979
0.996779
0.996619
0.996536
0.99649
0.996486
0.996497
0.996526
0.996578
0.996205
1.00187
1.00228
1.00228
1.0023
1.00232
1.00234
1.00237
1.00242
1.00245
1.00248
1.0025
1.00251
1.0025
1.00247
1.0024
1.00229
1.00213
1.00194
1.0017
1.00144
1.00109
1.0007
1.00028
0.999763
0.999429
0.998926
0.998206
0.997957
0.997402
0.997091
0.996835
0.9966
0.996425
0.996314
0.996262
0.996247
0.996279
0.996307
0.996332
0.995904
1.00206
1.0025
1.0025
1.00251
1.00253
1.00256
1.0026
1.00265
1.00269
1.00273
1.00277
1.0028
1.0028
1.00276
1.00272
1.00264
1.00252
1.00233
1.0021
1.00178
1.00141
1.00099
1.00048
0.999984
0.999269
0.998691
0.998354
0.997615
0.997322
0.996865
0.99648
0.996238
0.99609
0.995998
0.995954
0.995965
0.995989
0.996043
0.996103
0.995715
1.00216
1.00262
1.00263
1.00265
1.00268
1.00272
1.00277
1.00281
1.00286
1.00289
1.00291
1.00293
1.00292
1.0029
1.00284
1.00273
1.00257
1.00236
1.00208
1.00175
1.00133
1.00086
1.00039
0.999809
0.999347
0.998764
0.997974
0.997642
0.996949
0.996564
0.996311
0.996051
0.995853
0.995747
0.995714
0.995718
0.995762
0.995816
0.995856
0.995402
1.00238
1.00286
1.00287
1.00289
1.00292
1.00296
1.00302
1.00307
1.00313
1.00319
1.00325
1.00328
1.00329
1.00328
1.00322
1.00314
1.00298
1.00278
1.00252
1.00218
1.00177
1.00128
1.00066
1.00002
0.999266
0.998566
0.998076
0.997232
0.996899
0.996418
0.99592
0.995653
0.995484
0.995402
0.995367
0.99539
0.995456
0.995529
0.995619
0.995191
1.00248
1.00297
1.00298
1.003
1.00303
1.00308
1.00314
1.00319
1.00324
1.00329
1.00333
1.00334
1.00335
1.00332
1.00326
1.00314
1.00298
1.00275
1.00243
1.00203
1.00155
1.00101
1.00045
0.999811
0.99917
0.998487
0.997639
0.997209
0.9964
0.995909
0.995672
0.995375
0.995187
0.995069
0.995058
0.995105
0.995176
0.995264
0.995324
0.994859
1.00269
1.0032
1.00321
1.00323
1.00326
1.0033
1.00336
1.00342
1.00348
1.00354
1.0036
1.00363
1.00366
1.00364
1.00359
1.00349
1.00332
1.00309
1.00279
1.00241
1.00193
1.00137
1.00066
0.999901
0.999093
0.998271
0.997657
0.996715
0.996295
0.995765
0.995192
0.994901
0.99473
0.994669
0.994677
0.994737
0.99484
0.99495
0.995064
0.994609
1.00281
1.00333
1.00334
1.00336
1.0034
1.00344
1.0035
1.00356
1.00362
1.00369
1.00373
1.00376
1.00376
1.00373
1.00365
1.00353
1.00334
1.00308
1.00273
1.00228
1.00175
1.00114
1.00047
0.999722
0.998935
0.998146
0.997161
0.996615
0.995742
0.995213
0.994925
0.994626
0.994423
0.994337
0.994345
0.994428
0.994553
0.994683
0.994763
0.994263
1.00304
1.0036
1.00361
1.00364
1.00368
1.00374
1.00381
1.00388
1.00395
1.00403
1.00409
1.00415
1.00417
1.00417
1.00413
1.00403
1.00385
1.00361
1.00327
1.00283
1.00228
1.00161
1.00083
0.999989
0.999046
0.998066
0.997353
0.996278
0.99571
0.995047
0.994462
0.994116
0.993961
0.993892
0.993929
0.994045
0.994194
0.994354
0.994506
0.994026
1.00319
1.00376
1.00379
1.00382
1.00387
1.00394
1.00401
1.0041
1.00418
1.00428
1.00434
1.0044
1.00443
1.00442
1.00437
1.00425
1.00406
1.00378
1.0034
1.00292
1.00232
1.00163
1.0008
0.999864
0.998958
0.998039
0.996848
0.996174
0.995154
0.994541
0.994133
0.993821
0.993616
0.993556
0.993613
0.993741
0.993918
0.994089
0.994202
0.993658
1.00345
1.00405
1.00407
1.00411
1.00416
1.00424
1.00432
1.00442
1.00453
1.00462
1.00472
1.0048
1.00485
1.00487
1.00484
1.00475
1.00459
1.00434
1.00397
1.00347
1.00283
1.00207
1.00123
1.00029
0.999134
0.997918
0.997064
0.995778
0.995087
0.99429
0.993677
0.993274
0.993064
0.993013
0.993093
0.993269
0.993489
0.993712
0.993901
0.993401
1.00358
1.00419
1.00421
1.00424
1.00429
1.00436
1.00445
1.00454
1.00465
1.00474
1.00483
1.00489
1.00492
1.00492
1.00487
1.00475
1.00455
1.00425
1.00382
1.00328
1.0026
1.00179
1.00081
0.999731
0.998699
0.997683
0.996306
0.99552
0.9943
0.993591
0.993098
0.992798
0.992642
0.992614
0.992739
0.992951
0.993204
0.993437
0.993581
0.992982
1.00384
1.00448
1.00448
1.00451
1.00458
1.00466
1.00475
1.00485
1.00497
1.00508
1.00519
1.00528
1.00534
1.00537
1.00534
1.00524
1.00506
1.00477
1.00435
1.0038
1.00311
1.00227
1.00131
1.00018
0.998858
0.997416
0.996436
0.994948
0.994157
0.993237
0.99259
0.992172
0.991921
0.991932
0.992097
0.992377
0.992694
0.992989
0.993232
0.992696
1.00399
1.00463
1.00464
1.00468
1.00474
1.00483
1.00493
1.00504
1.00517
1.00528
1.0054
1.00548
1.00554
1.00556
1.00552
1.00542
1.00522
1.0049
1.00445
1.00385
1.00308
1.00216
1.00107
0.999855
0.99861
0.997422
0.995793
0.994847
0.993376
0.992522
0.991972
0.99157
0.991487
0.991541
0.991753
0.992073
0.99242
0.99273
0.992899
0.992247
1.00441
1.00507
1.00506
1.0051
1.00519
1.00528
1.00539
1.00552
1.00567
1.00583
1.00596
1.00608
1.00616
1.00621
1.00622
1.00614
1.00597
1.00566
1.00522
1.00461
1.0038
1.00283
1.00168
1.00043
0.998946
0.99725
0.996087
0.994326
0.993371
0.99228
0.991451
0.99112
0.990827
0.99088
0.991169
0.991568
0.991994
0.992361
0.992639
0.992025
1.00423
1.005
1.00508
1.00513
1.00521
1.0053
1.00542
1.00555
1.00569
1.00585
1.00599
1.00611
1.00619
1.00626
1.00625
1.00617
1.00598
1.00565
1.00518
1.00453
1.00372
1.00271
1.00152
1.00005
0.998583
0.99723
0.995274
0.99419
0.992468
0.991446
0.990907
0.990282
0.990268
0.990453
0.990799
0.991249
0.99171
0.992104
0.992312
0.991436
1.00975
1.01167
1.01071
1.01213
1.01239
1.01295
1.01339
1.01377
1.01421
1.01431
1.01474
1.01474
1.01551
1.0154
1.01625
1.01561
1.01614
1.01516
1.01556
1.01403
1.0136
1.01033
1.00718
1.0005
0.99092
0.971473
0.947593
0.883263
0.759097
0.750198
0.760556
0.787301
0.918949
1.13634
1.24982
1.21586
1.14814
1.12861
1.1124
1.09882
1.01085
1.01049
1.01027
1.01136
1.01165
1.01202
1.01237
1.01271
1.01306
1.01314
1.0134
1.01345
1.01397
1.01391
1.01441
1.01386
1.01407
1.01324
1.01321
1.01165
1.0103
1.00748
1.00296
0.997248
0.987742
0.972572
0.95782
0.886969
0.795744
0.823817
0.83753
0.856343
0.947002
1.07866
1.13919
1.13707
1.1137
1.10474
1.09667
1.0881
1.01283
1.00976
1.01036
1.01074
1.01103
1.01128
1.01169
1.01191
1.01221
1.01219
1.01236
1.01232
1.01266
1.01245
1.01269
1.012
1.01207
1.01116
1.01097
1.00933
1.0079
1.00574
1.002
0.99869
0.992279
0.987653
0.980978
0.91892
0.833634
0.859089
0.875297
0.892721
0.960129
1.03338
1.07525
1.08827
1.08302
1.08148
1.08018
1.07555
1.01284
1.00972
1.01028
1.01008
1.01046
1.01067
1.01102
1.01109
1.0114
1.01127
1.01145
1.01128
1.01148
1.01111
1.01119
1.01041
1.01052
1.00955
1.00927
1.00775
1.0065
1.0049
1.00256
1.00174
0.998928
1.00327
1.00454
0.957037
0.862955
0.871511
0.892822
0.910979
0.962022
1.00968
1.03817
1.05627
1.05925
1.06153
1.06467
1.06348
1.0125
1.00959
1.00999
1.00955
1.00996
1.01002
1.01023
1.01027
1.01053
1.01033
1.01051
1.01021
1.01036
1.00999
1.01014
1.00941
1.00952
1.00848
1.00808
1.0069
1.00581
1.00458
1.00321
1.00393
1.00374
1.01255
1.01893
0.987161
0.895705
0.881502
0.901859
0.920746
0.960177
0.995395
1.01634
1.03407
1.04119
1.04539
1.0507
1.05125
1.01193
1.00923
1.00957
1.00913
1.00951
1.00933
1.00954
1.00953
1.00973
1.00954
1.00967
1.00934
1.00953
1.00915
1.00933
1.00862
1.00855
1.00757
1.00713
1.00621
1.00517
1.00423
1.00346
1.00477
1.00581
1.01536
1.02275
1.00212
0.927643
0.901
0.912228
0.928797
0.958535
0.986088
1.00351
1.01896
1.02735
1.03228
1.03819
1.03848
1.0114
1.00856
1.00897
1.00859
1.00901
1.00876
1.009
1.00888
1.00902
1.00891
1.00906
1.0088
1.00895
1.00847
1.0085
1.00776
1.00751
1.00668
1.00618
1.00533
1.0044
1.0038
1.00348
1.00483
1.00598
1.0143
1.0196
1.00587
0.951726
0.924041
0.926985
0.938608
0.959608
0.980316
0.995375
1.00883
1.01706
1.02193
1.02716
1.02669
1.01094
1.00783
1.00832
1.00794
1.00841
1.00826
1.00849
1.00833
1.00845
1.00835
1.00846
1.00823
1.00824
1.00775
1.00768
1.00701
1.00665
1.00592
1.0053
1.00444
1.00369
1.00337
1.0032
1.00451
1.00567
1.01057
1.01368
1.00449
0.968071
0.945616
0.943117
0.949986
0.963783
0.978231
0.990283
1.00181
1.00949
1.01438
1.01823
1.01796
1.01058
1.00742
1.00788
1.00737
1.00778
1.00769
1.00793
1.0078
1.00792
1.0078
1.00783
1.00758
1.0075
1.00702
1.00681
1.00622
1.00586
1.00525
1.00463
1.00384
1.0032
1.00292
1.00261
1.00348
1.00457
1.00646
1.00742
1.00257
0.978464
0.962285
0.957704
0.961202
0.969861
0.979416
0.987857
0.996872
1.0037
1.00886
1.0116
1.01198
1.01009
1.00715
1.00761
1.00686
1.00723
1.00701
1.00725
1.00709
1.00713
1.00701
1.00697
1.00671
1.00654
1.0061
1.00579
1.00529
1.005
1.0046
1.00413
1.00349
1.0029
1.00254
1.00207
1.00242
1.00269
1.00321
1.00245
0.999115
0.984835
0.973841
0.969174
0.970609
0.976074
0.982561
0.987732
0.993889
0.999265
1.00422
1.00674
1.00726
1.00937
1.00681
1.00726
1.00625
1.00671
1.0063
1.00652
1.00625
1.00623
1.00607
1.00595
1.00576
1.0056
1.00525
1.005
1.00463
1.00437
1.00408
1.0037
1.00318
1.00265
1.00227
1.0017
1.00169
1.00138
1.00095
0.999466
0.996798
0.988469
0.981268
0.977223
0.977617
0.981135
0.98622
0.989095
0.992976
0.996428
1.00018
1.00303
1.00338
1.00878
1.00632
1.00661
1.00553
1.00617
1.00567
1.00595
1.00564
1.00565
1.00544
1.00535
1.00524
1.00514
1.00496
1.00479
1.00448
1.00415
1.00378
1.00332
1.00286
1.00239
1.00196
1.00132
1.00106
1.00044
0.999578
0.99792
0.995626
0.990507
0.985968
0.982671
0.982679
0.984799
0.989367
0.990958
0.993553
0.995129
0.997243
1.00002
1.00033
1.00854
1.00555
1.00574
1.00483
1.00565
1.00512
1.00551
1.00526
1.00534
1.0052
1.00517
1.00517
1.0051
1.00496
1.00477
1.00446
1.00403
1.00353
1.00298
1.00256
1.00212
1.00161
1.00093
1.0005
0.999776
0.998806
0.997179
0.995172
0.991878
0.989137
0.986509
0.986451
0.987427
0.991598
0.99261
0.994653
0.994702
0.995925
0.997268
0.997912
1.00836
1.00459
1.00505
1.00423
1.00516
1.00458
1.00508
1.00487
1.00504
1.00497
1.00503
1.00503
1.00491
1.0047
1.00441
1.00414
1.00373
1.00316
1.00259
1.00224
1.00186
1.00133
1.00063
1.00011
0.999395
0.998453
0.996955
0.995265
0.992993
0.991399
0.989293
0.989311
0.9894
0.993035
0.993744
0.995732
0.994588
0.996071
0.994727
0.996111
1.00782
1.00355
1.00451
1.00371
1.00465
1.00405
1.00467
1.00441
1.0047
1.00465
1.00479
1.00468
1.00448
1.00416
1.00385
1.00368
1.00335
1.00273
1.00217
1.00192
1.00161
1.00111
1.00047
0.9999
0.999204
0.998332
0.99703
0.995679
0.993976
0.993023
0.991299
0.991453
0.990966
0.994004
0.994372
0.996691
0.994595
0.99685
0.992505
0.995033
1.00584
1.00297
1.00412
1.00325
1.00416
1.00365
1.00437
1.0041
1.00455
1.00447
1.00469
1.00448
1.00422
1.00382
1.00348
1.00337
1.00307
1.0024
1.00186
1.00166
1.00138
1.00094
1.00037
0.999781
0.999108
0.998311
0.997264
0.996256
0.994883
0.994237
0.992806
0.993102
0.992321
0.994835
0.994709
0.997521
0.994727
0.997337
0.99097
0.99445
1.00273
1.003
1.00398
1.00297
1.00375
1.00338
1.00423
1.00401
1.00457
1.00447
1.00472
1.00446
1.00415
1.00368
1.00332
1.00317
1.00286
1.00219
1.00169
1.00149
1.0012
1.0008
1.00027
0.999703
0.99906
0.998331
0.997558
0.996856
0.99571
0.995191
0.994009
0.994412
0.993558
0.995714
0.995008
0.998191
0.995211
0.997995
0.990727
0.991983
0.999327
1.00339
1.00403
1.00299
1.00348
1.00319
1.00411
1.004
1.00453
1.00439
1.00463
1.00435
1.00402
1.00351
1.00315
1.00296
1.00263
1.00205
1.00162
1.00138
1.00108
1.00071
1.00022
0.999687
0.999081
0.998408
0.997876
0.997409
0.996452
0.995979
0.995024
0.995452
0.994696
0.996518
0.99551
0.998623
0.996215
0.999027
0.991918
0.986515
0.996357
1.0042
1.00413
1.00328
1.00323
1.00312
1.00388
1.00389
1.00427
1.00412
1.00429
1.00402
1.00372
1.00323
1.00289
1.00266
1.00235
1.0019
1.00155
1.00128
1.00095
1.00061
1.00016
0.999678
0.999118
0.998498
0.998147
0.997833
0.997053
0.996589
0.995859
0.996197
0.995686
0.997017
0.99624
0.998723
0.99734
0.999523
0.996038
0.980846
0.99464
1.00482
1.00388
1.00353
1.00295
1.00309
1.00361
1.00372
1.00394
1.00381
1.0039
1.00367
1.0034
1.00297
1.00265
1.0024
1.00211
1.00178
1.00148
1.00118
1.00085
1.00053
1.00012
0.999682
0.999179
0.998615
0.998386
0.998149
0.997537
0.997074
0.996568
0.996723
0.996541
0.997234
0.997082
0.998593
0.998346
0.999297
0.999211
0.977381
0.994261
1.00516
1.00341
1.00357
1.00266
1.00306
1.00332
1.00351
1.00358
1.0035
1.00351
1.00333
1.00309
1.00271
1.00241
1.00215
1.00189
1.00165
1.00137
1.00105
1.00072
1.00042
1.00005
0.999656
0.999217
0.998715
0.998557
0.998344
0.997891
0.997428
0.997136
0.99708
0.997225
0.99734
0.997917
0.99821
0.999097
0.998065
1.0008
0.976937
0.994822
1.0052
1.00287
1.00349
1.00239
1.003
1.00304
1.00329
1.00323
1.00322
1.00315
1.00302
1.00281
1.00249
1.0022
1.00194
1.00171
1.00153
1.00128
1.00095
1.00063
1.00035
1.00001
0.999659
0.999283
0.998841
0.998717
0.998496
0.998181
0.997718
0.997607
0.99735
0.997747
0.997404
0.998473
0.997687
0.999469
0.996561
1.00142
0.978877
0.995933
1.00507
1.00233
1.00337
1.00214
1.00292
1.00272
1.00304
1.00287
1.00293
1.0028
1.00271
1.00252
1.00225
1.00198
1.00174
1.00153
1.00137
1.00114
1.00084
1.00054
1.00027
0.999963
0.999649
0.999327
0.998941
0.998831
0.998588
0.998388
0.997921
0.997956
0.997524
0.998086
0.997425
0.998697
0.997187
0.999531
0.995385
1.00147
0.982256
0.997244
1.00452
1.0019
1.00317
1.00192
1.00284
1.00239
1.00281
1.00255
1.00267
1.00249
1.00244
1.00226
1.00204
1.0018
1.00158
1.00139
1.00125
1.00102
1.00074
1.00047
1.00022
0.999949
0.999666
0.999389
0.999049
0.998943
0.998678
0.99856
0.998087
0.998225
0.997647
0.99831
0.997387
0.998749
0.996701
0.999459
0.994704
1.00097
0.986088
0.998393
1.00381
1.00167
1.00295
1.0018
1.00269
1.00212
1.00259
1.00228
1.00243
1.00223
1.0022
1.00202
1.00184
1.00163
1.00143
1.00126
1.00112
1.00091
1.00065
1.00041
1.00017
0.999928
0.999672
0.99943
0.999132
0.999024
0.998745
0.998686
0.998212
0.998415
0.997737
0.99844
0.997321
0.998737
0.996468
0.999239
0.994683
1.00013
0.989375
0.999203
1.0032
1.00156
1.00272
1.0017
1.00251
1.00192
1.00238
1.00205
1.00221
1.002
1.00199
1.00182
1.00167
1.00148
1.00131
1.00115
1.001
1.00081
1.00058
1.00036
1.00014
0.999921
0.999689
0.999474
0.99921
0.9991
0.998818
0.998793
0.998327
0.99856
0.99784
0.998537
0.997309
0.998725
0.996483
0.999043
0.995116
0.999426
0.991809
0.999743
1.00271
1.00153
1.00249
1.00164
1.00233
1.00179
1.0022
1.00188
1.00203
1.00183
1.00181
1.00166
1.00153
1.00136
1.0012
1.00105
1.00091
1.00073
1.00052
1.00032
1.00012
0.999917
0.999706
0.999511
0.999275
0.999162
0.998888
0.998878
0.998435
0.998669
0.997961
0.998615
0.997372
0.998706
0.996682
0.998832
0.99576
0.998861
0.993505
1.00005
1.00232
1.00149
1.00224
1.00157
1.00213
1.00167
1.00201
1.00172
1.00185
1.00166
1.00164
1.0015
1.00139
1.00124
1.0011
1.00095
1.00081
1.00065
1.00046
1.00028
1.00009
0.999911
0.99972
0.999542
0.999331
0.999218
0.998961
0.998951
0.998542
0.998756
0.998097
0.998675
0.997568
0.998684
0.996994
0.998664
0.996325
0.998505
0.994704
1.00023
1.00205
1.00148
1.00205
1.00153
1.00197
1.00158
1.00185
1.0016
1.0017
1.00153
1.00151
1.00138
1.00128
1.00115
1.00101
1.00088
1.00074
1.00059
1.00042
1.00025
1.00008
0.999913
0.999737
0.999571
0.999382
0.999265
0.99903
0.99901
0.998642
0.998817
0.998227
0.998707
0.997758
0.998648
0.997275
0.99855
0.996823
0.998322
0.995531
1.00027
1.00182
1.00144
1.00185
1.00146
1.00179
1.00149
1.00169
1.00148
1.00155
1.00141
1.00137
1.00126
1.00116
1.00104
1.00092
1.0008
1.00067
1.00053
1.00038
1.00022
1.00007
0.999911
0.999751
0.999599
0.99943
0.999313
0.999104
0.999073
0.998754
0.998886
0.99838
0.998758
0.997975
0.998663
0.997584
0.998526
0.997268
0.998256
0.996126
1.00029
1.00167
1.00141
1.0017
1.00141
1.00165
1.00141
1.00156
1.00139
1.00143
1.00131
1.00127
1.00117
1.00107
1.00097
1.00085
1.00074
1.00061
1.00048
1.00034
1.0002
1.00005
0.99991
0.999762
0.999619
0.999465
0.999347
0.999162
0.999112
0.99884
0.998924
0.998502
0.998783
0.998155
0.998668
0.997838
0.99852
0.997613
0.998256
0.996531
1.00024
1.00152
1.00135
1.00155
1.00134
1.00151
1.00133
1.00142
1.00129
1.0013
1.0012
1.00116
1.00107
1.00098
1.00088
1.00078
1.00067
1.00056
1.00044
1.00031
1.00018
1.00005
0.999916
0.99978
0.999649
0.999511
0.999396
0.999237
0.999174
0.998949
0.998992
0.998652
0.998848
0.998354
0.998719
0.998093
0.998574
0.997931
0.998304
0.996849
1.0002
1.00142
1.00131
1.00144
1.00129
1.0014
1.00126
1.00132
1.00121
1.00121
1.00113
1.00107
1.00099
1.00091
1.00082
1.00072
1.00062
1.00051
1.0004
1.00028
1.00016
1.00004
0.999912
0.999786
0.999662
0.999535
0.999423
0.999283
0.999208
0.999022
0.999028
0.998757
0.99888
0.998499
0.998747
0.998283
0.998609
0.99816
0.998404
0.997065
1.00012
1.00131
1.00123
1.00131
1.00121
1.00127
1.00118
1.0012
1.00112
1.0011
1.00103
1.00098
1.00091
1.00083
1.00075
1.00066
1.00056
1.00047
1.00036
1.00025
1.00014
1.00003
0.99992
0.999805
0.999692
0.999577
0.999471
0.999349
0.999269
0.999117
0.999095
0.998883
0.998949
0.998663
0.998822
0.998485
0.998696
0.998383
0.998536
0.997282
1.00007
1.00123
1.00118
1.00123
1.00116
1.00119
1.00112
1.00113
1.00106
1.00103
1.00097
1.00092
1.00085
1.00078
1.0007
1.00062
1.00053
1.00043
1.00034
1.00023
1.00013
1.00003
0.99992
0.999812
0.999705
0.999598
0.999497
0.999387
0.999303
0.999177
0.999134
0.998969
0.99899
0.998776
0.998866
0.998622
0.998751
0.998532
0.998623
0.99742
0.999981
1.00113
1.0011
1.00113
1.00107
1.00109
1.00104
1.00103
1.00097
1.00094
1.00089
1.00083
1.00077
1.00071
1.00063
1.00056
1.00048
1.00039
1.0003
1.00021
1.00012
1.00002
0.999926
0.999828
0.999732
0.999635
0.999542
0.999445
0.999363
0.999257
0.999204
0.999076
0.999068
0.998911
0.998953
0.998778
0.998849
0.998697
0.998748
0.997579
0.999934
1.00108
1.00106
1.00107
1.00103
1.00103
1.00099
1.00097
1.00093
1.00089
1.00084
1.00079
1.00073
1.00067
1.0006
1.00053
1.00045
1.00037
1.00029
1.0002
1.00011
1.00002
0.999928
0.999836
0.999744
0.999652
0.999563
0.999473
0.999392
0.9993
0.999239
0.999136
0.999107
0.998988
0.998997
0.99887
0.998903
0.998798
0.998826
0.997658
0.99985
1.00099
1.00097
1.00097
1.00095
1.00094
1.00091
1.00088
1.00085
1.00081
1.00076
1.00072
1.00066
1.00061
1.00054
1.00048
1.00041
1.00033
1.00026
1.00018
1.0001
1.00002
0.999935
0.999852
0.999769
0.999687
0.999606
0.999526
0.999452
0.999373
0.999312
0.99923
0.99919
0.999102
0.999088
0.999002
0.999007
0.998942
0.998949
0.99779
0.999811
1.00095
1.00094
1.00093
1.00091
1.0009
1.00087
1.00085
1.00081
1.00077
1.00073
1.00068
1.00063
1.00058
1.00052
1.00045
1.00039
1.00032
1.00024
1.00017
1.00009
1.00001
0.999936
0.999856
0.999777
0.999699
0.999622
0.999547
0.999475
0.999402
0.999341
0.999269
0.999224
0.999152
0.999128
0.99906
0.999056
0.999004
0.999006
0.997852
0.999714
1.00085
1.00084
1.00083
1.00082
1.0008
1.00078
1.00075
1.00072
1.00069
1.00065
1.00061
1.00056
1.00051
1.00046
1.0004
1.00034
1.00028
1.00022
1.00015
1.00008
1.00001
0.999946
0.999876
0.999807
0.999738
0.999671
0.999605
0.999542
0.999479
0.999424
0.999365
0.999321
0.999267
0.999236
0.99919
0.999173
0.999141
0.999134
0.998005
)
;

boundaryField
{
    FrontBack
    {
        type            empty;
    }
    Cylinder
    {
        type            calculated;
        value           uniform 0;
    }
    Bottom
    {
        type            calculated;
        value           uniform 0;
    }
    Top
    {
        type            calculated;
        value           uniform 0;
    }
    Inlet
    {
        type            calculated;
        value           uniform 1;
    }
    Outlet
    {
        type            calculated;
        value           nonuniform List<scalar> 
40
(
0.999714
1.00085
1.00084
1.00083
1.00082
1.0008
1.00078
1.00075
1.00072
1.00069
1.00065
1.00061
1.00056
1.00051
1.00046
1.0004
1.00034
1.00028
1.00022
1.00015
1.00008
1.00001
0.999946
0.999876
0.999807
0.999738
0.999671
0.999605
0.999542
0.999479
0.999424
0.999365
0.999321
0.999267
0.999236
0.99919
0.999173
0.999141
0.999134
0.998005
)
;
    }
}


// ************************************************************************* //
