/*--------------------------------*- C++ -*----------------------------------*\
  =========                 |
  \\      /  F ield         | OpenFOAM: The Open Source CFD Toolbox
   \\    /   O peration     | Website:  https://openfoam.org
    \\  /    A nd           | Version:  11
     \\/     M anipulation  |
\*---------------------------------------------------------------------------*/
FoamFile
{
    format      ascii;
    class       volScalarField;
    location    "9";
    object      mag(U);
}
// * * * * * * * * * * * * * * * * * * * * * * * * * * * * * * * * * * * * * //

dimensions      [0 1 -1 0 0 0 0];

internalField   nonuniform List<scalar> 
9600
(
0.967094
0.963216
0.95939
0.957059
0.951947
0.946506
0.943046
0.941247
0.936148
0.930959
0.93008
0.92958
0.931018
0.933892
0.938055
0.944093
0.952368
0.961986
0.975164
0.983625
0.983204
0.982035
0.979073
0.974127
0.967064
0.958161
0.952434
0.947672
0.941098
0.925436
0.894042
0.861676
0.829965
0.803356
0.78569
0.773708
0.775097
0.789032
0.807882
0.870767
0.969279
0.968277
0.96614
0.964208
0.962851
0.960428
0.95834
0.956185
0.955824
0.955075
0.955421
0.956716
0.959468
0.964544
0.972744
0.980813
0.990578
1.00257
1.01239
1.02292
1.02967
1.02833
1.02247
1.01587
1.01311
1.01155
1.01179
1.01456
1.0198
1.02227
1.02097
1.01073
0.980732
0.945607
0.914728
0.887948
0.864097
0.851345
0.845423
0.870361
0.968417
0.967216
0.964949
0.962736
0.961613
0.959959
0.957863
0.95616
0.955864
0.955683
0.956142
0.957622
0.960571
0.96541
0.972914
0.982008
0.991974
1.00272
1.01307
1.0212
1.03095
1.03058
1.02679
1.01735
1.00909
1.007
1.00924
1.01756
1.02887
1.03957
1.04418
1.04081
1.02201
0.97737
0.93491
0.901079
0.874788
0.86311
0.857913
0.875754
0.968327
0.967165
0.964965
0.962474
0.961268
0.959467
0.957184
0.955534
0.955585
0.955342
0.956009
0.957917
0.961498
0.966583
0.974439
0.983765
0.99318
1.00366
1.01498
1.02226
1.02897
1.03063
1.0282
1.02165
1.01116
1.00543
1.00534
1.01076
1.02524
1.04054
1.05258
1.05493
1.0473
1.01792
0.977807
0.942862
0.904919
0.877815
0.859056
0.867405
0.967842
0.966544
0.964192
0.961912
0.960405
0.958615
0.956539
0.955682
0.95548
0.955734
0.956794
0.958761
0.962963
0.968243
0.974935
0.984084
0.994815
1.00487
1.01548
1.02372
1.0273
1.03022
1.02848
1.02354
1.01384
1.00528
1.00312
1.00606
1.01679
1.0366
1.05663
1.0679
1.06608
1.04897
1.01037
0.969793
0.927351
0.898024
0.871198
0.871606
0.967524
0.966098
0.964013
0.961514
0.959598
0.958101
0.956292
0.955376
0.95522
0.95535
0.956754
0.958596
0.963265
0.969422
0.976369
0.98471
0.996289
1.00612
1.01609
1.02425
1.02948
1.03114
1.0286
1.02335
1.01503
1.006
1.00177
1.00309
1.01179
1.02985
1.05258
1.07028
1.07665
1.06991
1.04412
1.0033
0.954043
0.9196
0.88022
0.87033
0.966645
0.965237
0.963098
0.960641
0.958501
0.957146
0.955734
0.954766
0.95481
0.955264
0.957184
0.959328
0.964442
0.969834
0.977854
0.985417
0.997972
1.00668
1.01716
1.02487
1.03131
1.03199
1.02912
1.02329
1.01541
1.00677
1.00188
1.00128
1.00797
1.02212
1.04564
1.06936
1.08281
1.08274
1.06451
1.03301
0.982427
0.947076
0.901772
0.879749
0.966277
0.964811
0.962548
0.960163
0.95783
0.956525
0.955359
0.954559
0.954954
0.955214
0.957583
0.959439
0.965177
0.96998
0.979549
0.986419
0.998857
1.00777
1.01882
1.02597
1.03273
1.03332
1.03062
1.02395
1.01559
1.00652
1.00109
0.9989
1.00448
1.01801
1.03741
1.06491
1.0817
1.0921
1.07908
1.05984
1.01189
0.980784
0.92949
0.890014
0.965335
0.963806
0.961472
0.959079
0.956747
0.955552
0.95466
0.954048
0.954744
0.955009
0.957615
0.959846
0.966025
0.970616
0.980708
0.987521
1.00032
1.00894
1.02064
1.02731
1.03393
1.03526
1.03272
1.02522
1.01627
1.00603
1.00009
0.997012
1.00055
1.01407
1.03128
1.05728
1.07874
1.09902
1.08972
1.07696
1.03924
1.0059
0.959005
0.910073
0.964726
0.963157
0.960833
0.958534
0.956095
0.954976
0.95445
0.953623
0.954704
0.955008
0.958036
0.960135
0.966601
0.971247
0.981525
0.988665
1.00204
1.01018
1.02228
1.02952
1.03587
1.03681
1.03439
1.02684
1.01764
1.00624
0.997865
0.995369
0.995544
1.00814
1.02436
1.05118
1.07179
1.10014
1.09864
1.09372
1.06298
1.02854
0.991465
0.931488
0.963664
0.962071
0.959661
0.957496
0.95524
0.953835
0.953899
0.95308
0.954434
0.954827
0.958293
0.960404
0.967221
0.971945
0.982512
0.989711
1.00327
1.01188
1.02419
1.03171
1.03825
1.03902
1.03631
1.02884
1.01942
1.00764
0.996073
0.992793
0.990862
1.0025
1.01601
1.04523
1.06414
1.0982
1.10479
1.10881
1.08536
1.05307
1.02014
0.957535
0.962888
0.96132
0.958821
0.956782
0.95493
0.952975
0.953511
0.952648
0.954276
0.954602
0.958424
0.960656
0.967775
0.972544
0.983532
0.990798
1.00477
1.01373
1.0266
1.03358
1.04008
1.04194
1.03946
1.03145
1.02039
1.00895
0.994773
0.990086
0.986131
0.996716
1.00753
1.03694
1.05612
1.0927
1.10706
1.11769
1.10732
1.07553
1.04801
0.984852
0.961691
0.960106
0.957814
0.955395
0.954154
0.952233
0.952918
0.952075
0.954062
0.954366
0.95848
0.960666
0.968296
0.973277
0.984679
0.992139
1.00646
1.01562
1.0287
1.0366
1.04262
1.04472
1.04184
1.03542
1.02211
1.01122
0.994621
0.988074
0.980323
0.989093
0.998181
1.02754
1.04755
1.08523
1.10741
1.124
1.12555
1.09996
1.07607
1.01581
0.960779
0.95904
0.957095
0.954481
0.953379
0.951486
0.952417
0.951405
0.953697
0.953986
0.958534
0.960794
0.968868
0.973822
0.985715
0.993318
1.00811
1.01791
1.03027
1.03965
1.04589
1.04801
1.04438
1.03874
1.02509
1.01357
0.995393
0.985889
0.976595
0.980051
0.988144
1.01425
1.03715
1.07698
1.10455
1.12591
1.14194
1.12255
1.10554
1.04497
0.959536
0.957568
0.956049
0.953493
0.952473
0.9506
0.951795
0.950822
0.953416
0.953639
0.958573
0.960889
0.969382
0.974801
0.986388
0.995946
1.00856
1.0215
1.03247
1.04259
1.04929
1.05145
1.04804
1.04239
1.02941
1.01498
1.0004
0.980865
0.975891
0.97157
0.976157
1.00049
1.02358
1.06331
1.10114
1.12322
1.15035
1.14227
1.13541
1.07853
0.958418
0.956428
0.954939
0.952256
0.951521
0.949606
0.951017
0.949951
0.952911
0.953084
0.958314
0.961157
0.968605
0.977293
0.98512
0.999611
1.00891
1.02423
1.03537
1.04531
1.05284
1.05552
1.05178
1.04589
1.03467
1.01749
1.00292
0.98328
0.969848
0.967278
0.966263
0.982537
1.00809
1.04319
1.09037
1.11889
1.15701
1.15678
1.16442
1.10931
0.957044
0.955024
0.953748
0.951202
0.950689
0.948732
0.950319
0.949077
0.952403
0.952907
0.956912
0.963505
0.967546
0.978999
0.986962
1.00062
1.01248
1.02615
1.0393
1.04912
1.05636
1.05992
1.05743
1.04936
1.03957
1.02191
1.00469
0.987329
0.967879
0.960137
0.959058
0.964669
0.990192
1.02055
1.07294
1.1062
1.15904
1.16661
1.19157
1.14156
0.955566
0.953475
0.952269
0.949657
0.949486
0.947374
0.94916
0.94841
0.950072
0.953931
0.955589
0.963294
0.967956
0.979285
0.988439
1.00184
1.01506
1.02899
1.04202
1.0531
1.06064
1.0637
1.06312
1.05418
1.04437
1.02817
1.00715
0.98974
0.969794
0.953064
0.95244
0.948667
0.970362
0.993955
1.04899
1.08554
1.15119
1.1688
1.21524
1.17321
0.954152
0.952084
0.950931
0.948293
0.948397
0.946817
0.947203
0.949542
0.948873
0.953754
0.955301
0.963841
0.96919
0.979849
0.991138
1.00315
1.01875
1.03252
1.04601
1.05773
1.06541
1.06852
1.06844
1.06131
1.04882
1.03482
1.01384
0.991589
0.972663
0.949745
0.945864
0.934607
0.952196
0.966967
1.0192
1.05651
1.13229
1.15884
1.23021
1.20111
0.952344
0.950178
0.949074
0.946692
0.945624
0.946754
0.944663
0.948176
0.947667
0.953257
0.955184
0.962707
0.971155
0.978813
0.994726
1.00414
1.02131
1.03618
1.04935
1.06274
1.07073
1.07378
1.07357
1.06806
1.0554
1.03952
1.02111
0.996119
0.976809
0.948093
0.941673
0.921768
0.933445
0.939178
0.986307
1.02058
1.10021
1.13696
1.23037
1.22375
0.950853
0.948725
0.947008
0.946141
0.943527
0.945376
0.94353
0.947567
0.946871
0.952567
0.956162
0.962105
0.973446
0.98038
0.995744
1.00875
1.02402
1.04079
1.05471
1.06694
1.07726
1.07998
1.08036
1.07452
1.06446
1.04636
1.02875
1.00182
0.982776
0.950158
0.939639
0.913317
0.91654
0.912662
0.949684
0.978834
1.05451
1.09962
1.20773
1.23586
0.948061
0.947106
0.943987
0.943668
0.941108
0.943207
0.941133
0.945585
0.945572
0.950844
0.956036
0.962063
0.9728
0.983415
0.996613
1.01182
1.02788
1.04401
1.06044
1.07218
1.0827
1.08629
1.08759
1.08089
1.07298
1.05404
1.03823
1.00836
0.989979
0.954861
0.938907
0.909129
0.903456
0.891529
0.913025
0.932531
0.997222
1.04723
1.15542
1.22287
0.945609
0.945148
0.942381
0.942445
0.939509
0.941887
0.939804
0.943986
0.945685
0.950404
0.955803
0.964293
0.973529
0.986371
1.00032
1.01545
1.03356
1.04958
1.0668
1.07905
1.09058
1.09351
1.09718
1.08863
1.0837
1.06299
1.04983
1.01795
0.998967
0.962762
0.942424
0.910558
0.894806
0.876157
0.881393
0.892526
0.931054
0.986253
1.07413
1.17696
0.941862
0.941458
0.9383
0.93875
0.935994
0.938714
0.938029
0.9406
0.943964
0.948795
0.955158
0.963841
0.975095
0.986455
1.0038
1.0189
1.03758
1.05518
1.07347
1.08513
1.09874
1.10058
1.1068
1.09683
1.09444
1.07341
1.06152
1.02987
1.00978
0.973677
0.948172
0.915358
0.892341
0.869112
0.853834
0.863085
0.866622
0.919863
0.975959
1.09537
0.939599
0.939291
0.935569
0.936165
0.933819
0.935042
0.937726
0.93896
0.943794
0.94886
0.956375
0.964915
0.978126
0.990939
1.00791
1.024
1.04483
1.06143
1.08258
1.09279
1.10881
1.10992
1.11783
1.1079
1.10601
1.08677
1.0752
1.04665
1.0231
0.989012
0.959766
0.926807
0.893474
0.872782
0.838739
0.841488
0.820842
0.850789
0.885777
0.956816
0.935277
0.935488
0.932065
0.931691
0.931428
0.930825
0.932726
0.936425
0.940088
0.947092
0.95503
0.965393
0.977873
0.992583
1.01182
1.0281
1.05098
1.06701
1.09028
1.10051
1.11667
1.11883
1.12677
1.11933
1.11688
1.10091
1.0878
1.06347
1.03934
1.00751
0.971658
0.943956
0.900306
0.879884
0.836344
0.828349
0.800603
0.789001
0.829232
0.793824
0.932666
0.932987
0.930706
0.929634
0.929862
0.930967
0.932231
0.936603
0.939997
0.948779
0.956725
0.968211
0.983307
0.997571
1.01768
1.03614
1.06014
1.07689
1.09883
1.11289
1.1273
1.13122
1.1377
1.13325
1.12953
1.117
1.103
1.08317
1.05682
1.03243
0.990434
0.964444
0.91645
0.89419
0.847893
0.823138
0.802262
0.756377
0.782008
0.7253
0.9263
0.92477
0.924066
0.921869
0.924796
0.923781
0.929101
0.932411
0.938456
0.947706
0.956508
0.970058
0.985549
1.00286
1.02298
1.04346
1.06647
1.08756
1.1079
1.12276
1.1379
1.14305
1.14879
1.14704
1.14241
1.13369
1.11825
1.10507
1.075
1.0566
1.01333
0.988069
0.937674
0.907922
0.8691
0.826276
0.810293
0.757511
0.757444
0.716044
0.925833
0.922311
0.922476
0.918548
0.92222
0.922951
0.926345
0.933774
0.939202
0.949979
0.961437
0.976671
0.99181
1.01255
1.03265
1.05572
1.07918
1.10058
1.12166
1.13777
1.15154
1.16037
1.16299
1.16539
1.15725
1.15583
1.13685
1.13085
1.10022
1.0865
1.04616
1.01687
0.976663
0.929774
0.899718
0.845574
0.826447
0.775632
0.755807
0.728119
0.917513
0.913913
0.913926
0.913809
0.912463
0.917472
0.920119
0.927859
0.934994
0.948407
0.958648
0.9781
0.993867
1.01764
1.03862
1.06464
1.08782
1.11307
1.13108
1.15188
1.16135
1.17579
1.1744
1.1822
1.1714
1.17459
1.15583
1.15145
1.12979
1.10988
1.08773
1.0458
1.01813
0.966561
0.933419
0.877041
0.851572
0.804712
0.766396
0.739481
0.912328
0.913068
0.911848
0.912834
0.913306
0.919253
0.921687
0.933921
0.939188
0.956428
0.967368
0.989265
1.00639
1.033
1.05248
1.08262
1.10394
1.1321
1.14781
1.17092
1.17858
1.19391
1.19242
1.19979
1.19412
1.19022
1.18635
1.16949
1.16611
1.14119
1.12516
1.0927
1.06528
1.01271
0.984329
0.927354
0.884772
0.848825
0.804979
0.762734
0.896446
0.900371
0.896565
0.902975
0.902531
0.911262
0.916225
0.929578
0.938898
0.957128
0.971628
0.99421
1.01545
1.04175
1.06683
1.09529
1.12022
1.14586
1.16625
1.18471
1.19934
1.20532
1.21631
1.2105
1.21694
1.2086
1.20553
1.1985
1.19187
1.1724
1.16833
1.13447
1.11458
1.07504
1.03328
0.990948
0.944121
0.890912
0.853069
0.807354
0.89361
0.897631
0.895118
0.898616
0.902782
0.909481
0.919924
0.93301
0.94763
0.966463
0.986636
1.00915
1.03507
1.06085
1.09092
1.1166
1.14708
1.16694
1.19343
1.20648
1.22151
1.23138
1.23446
1.23722
1.2407
1.22956
1.23729
1.22461
1.22354
1.21666
1.20642
1.19076
1.17355
1.14322
1.11125
1.07123
1.02422
0.974224
0.931626
0.876886
0.878285
0.879109
0.884882
0.886766
0.893497
0.906349
0.913767
0.934366
0.947454
0.973612
0.992912
1.02222
1.04755
1.07929
1.10608
1.13917
1.16236
1.19161
1.21125
1.22545
1.24562
1.24539
1.25715
1.25684
1.25471
1.2557
1.2548
1.25005
1.25087
1.24969
1.24117
1.2403
1.22492
1.20942
1.19218
1.15207
1.12661
1.06811
1.03845
0.974848
0.873682
0.878841
0.880348
0.893715
0.896843
0.918194
0.927596
0.954887
0.969682
1.00269
1.02167
1.05726
1.08213
1.11573
1.14623
1.17457
1.20379
1.22774
1.24662
1.26536
1.27718
1.28094
1.29362
1.28527
1.29189
1.28796
1.29107
1.28246
1.29742
1.2836
1.30302
1.28688
1.30061
1.28131
1.28536
1.25582
1.24525
1.20147
1.17736
1.12815
0.848585
0.864887
0.867015
0.883937
0.893775
0.914061
0.935261
0.958403
0.987487
1.0175
1.04393
1.08543
1.10682
1.15247
1.17415
1.21319
1.23561
1.26377
1.2805
1.29983
1.30772
1.31548
1.32342
1.31715
1.32797
1.31802
1.32769
1.31707
1.32943
1.32038
1.33831
1.33239
1.35578
1.35298
1.36856
1.35925
1.35935
1.33857
1.32675
1.29929
0.849389
0.864956
0.882825
0.907077
0.928283
0.959024
0.986165
1.01561
1.05061
1.07999
1.11965
1.15052
1.19018
1.22153
1.25659
1.2857
1.31104
1.33449
1.34638
1.36194
1.36083
1.36857
1.35963
1.36432
1.35398
1.358
1.34769
1.35126
1.33865
1.34082
1.32743
1.33303
1.33523
1.35913
1.36563
1.40496
1.39569
1.42403
1.39502
1.41729
0.82926
0.847418
0.873589
0.894803
0.925794
0.957436
0.995331
1.03523
1.0761
1.11839
1.15991
1.19881
1.23811
1.27168
1.30479
1.33155
1.35391
1.37203
1.37903
1.38762
1.38107
1.38105
1.36735
1.36453
1.35266
1.35078
1.34308
1.34131
1.3342
1.31833
1.29373
1.25356
1.21998
1.19931
1.19558
1.20188
1.19457
1.16841
1.11626
1.13191
0.907268
0.949434
0.99957
1.04141
1.08851
1.12603
1.16945
1.20811
1.24678
1.28145
1.31553
1.34179
1.36822
1.38538
1.40581
1.41582
1.43017
1.4335
1.43263
1.42816
1.41149
1.39907
1.37116
1.35302
1.32181
1.304
1.27784
1.26672
1.24059
1.20441
1.15363
1.09885
1.02377
0.871513
0.696623
0.516923
0.391416
0.323647
0.304356
0.314618
1.02957
1.06827
1.10509
1.14336
1.18071
1.21487
1.2456
1.27204
1.29447
1.31207
1.32251
1.3339
1.33487
1.34231
1.33664
1.33684
1.31803
1.30688
1.27212
1.2474
1.19438
1.15772
1.08325
1.03354
0.938166
0.879785
0.776063
0.710041
0.570562
0.201459
0.150325
0.311914
0.328476
0.203702
0.0640606
0.140298
0.211379
0.247337
0.269118
0.277046
0.881651
0.938858
1.00954
0.91641
0.824386
0.821062
0.921069
1.08579
1.18896
1.16098
1.10879
1.07041
1.0583
1.04645
1.03932
1.0364
1.03246
1.03127
1.02851
1.0277
1.02632
1.02536
1.02457
1.02379
1.02293
1.02244
1.02154
1.02128
1.02049
1.02032
1.01965
1.01921
1.01855
1.01799
1.01739
1.01691
1.01667
1.01657
1.01669
1.0142
0.845282
0.878156
0.931817
0.861342
0.803776
0.799985
0.901626
1.08263
1.20994
1.19674
1.12874
1.08031
1.06507
1.05101
1.04195
1.03857
1.03418
1.03255
1.02997
1.02861
1.02755
1.02621
1.0256
1.02461
1.02387
1.0232
1.02232
1.0219
1.02114
1.02087
1.02041
1.01992
1.01941
1.01864
1.01812
1.01748
1.01722
1.01709
1.01715
1.01595
0.818342
0.814817
0.884716
0.834223
0.782591
0.773848
0.871399
1.08007
1.22872
1.23114
1.14854
1.08801
1.06963
1.05347
1.04365
1.03965
1.03535
1.03341
1.03087
1.02936
1.02832
1.0267
1.0262
1.02495
1.02439
1.0235
1.02282
1.02221
1.02149
1.02106
1.02073
1.02017
1.01984
1.01896
1.01854
1.01779
1.01769
1.01754
1.01733
1.01568
0.805321
0.781558
0.823994
0.796371
0.753869
0.735511
0.830224
1.05927
1.22506
1.25912
1.17361
1.09873
1.07563
1.05812
1.04655
1.04162
1.03678
1.03442
1.03203
1.02995
1.02917
1.02717
1.02677
1.0253
1.02483
1.02373
1.02319
1.02241
1.02177
1.02122
1.02105
1.02048
1.02031
1.01957
1.01923
1.01833
1.01822
1.01804
1.01829
1.01944
0.805728
0.791062
0.816347
0.772099
0.731882
0.71292
0.800836
1.04585
1.22033
1.26569
1.19628
1.10982
1.07924
1.0616
1.04926
1.04322
1.03847
1.0357
1.03336
1.03119
1.03029
1.0283
1.02784
1.02623
1.02596
1.02463
1.02428
1.02334
1.02266
1.02195
1.02162
1.02108
1.02089
1.02021
1.01995
1.01915
1.01881
1.01818
1.01768
1.01603
0.81588
0.798686
0.804389
0.777437
0.736388
0.71198
0.805573
1.04286
1.20748
1.25282
1.21044
1.12159
1.08279
1.06521
1.05224
1.04473
1.04023
1.03714
1.03479
1.03264
1.03146
1.02973
1.02906
1.02757
1.02712
1.02598
1.02533
1.02465
1.02378
1.02309
1.02241
1.02194
1.02152
1.02102
1.02056
1.01994
1.01959
1.01937
1.01928
1.02011
0.83947
0.835962
0.840748
0.80967
0.763974
0.760481
0.863446
1.07878
1.1915
1.2231
1.20959
1.12936
1.08447
1.06659
1.0539
1.04501
1.04149
1.03772
1.03549
1.03364
1.03209
1.03058
1.02971
1.02835
1.02771
1.02674
1.02587
1.02536
1.02433
1.02367
1.02284
1.02235
1.02193
1.02148
1.02104
1.02056
1.01996
1.01953
1.01884
1.01753
0.861234
0.859045
0.858387
0.84749
0.822409
0.848735
0.938454
1.09642
1.16176
1.17402
1.19092
1.13207
1.08585
1.06701
1.05527
1.04537
1.04248
1.0382
1.03583
1.03417
1.03262
1.03114
1.03011
1.02882
1.02797
1.02713
1.02605
1.02563
1.02455
1.02399
1.02315
1.02253
1.02204
1.02165
1.02116
1.02088
1.02047
1.02037
1.02024
1.0205
0.889614
0.897805
0.903921
0.887639
0.86768
0.901513
0.966844
1.09053
1.12876
1.12791
1.15224
1.13056
1.08434
1.06568
1.056
1.04618
1.04316
1.03888
1.03647
1.03519
1.03352
1.03235
1.03089
1.02991
1.02863
1.02799
1.02672
1.02633
1.02527
1.02457
1.02375
1.02291
1.02236
1.02188
1.02143
1.02107
1.02055
1.02035
1.01994
1.01908
0.914126
0.919806
0.926024
0.919708
0.902673
0.924185
0.968234
1.06198
1.08268
1.07913
1.099
1.11878
1.07988
1.06352
1.05655
1.04674
1.04386
1.04062
1.03779
1.03656
1.03479
1.03383
1.03243
1.03147
1.03022
1.02938
1.02835
1.02761
1.02686
1.02587
1.02524
1.02407
1.02319
1.02248
1.02212
1.02174
1.02142
1.02109
1.02093
1.02081
0.944529
0.960828
0.972665
0.961784
0.93421
0.937253
0.961243
1.02469
1.0435
1.03057
1.04486
1.09527
1.07125
1.05772
1.05476
1.04591
1.04331
1.0413
1.0382
1.03707
1.0353
1.03452
1.03332
1.0323
1.03131
1.03032
1.02949
1.02854
1.028
1.02699
1.02649
1.02558
1.02485
1.02383
1.02315
1.02245
1.02189
1.02141
1.02097
1.02038
0.977697
0.991424
0.999314
0.997199
0.962393
0.940581
0.9471
0.97626
0.998591
0.974961
0.99447
1.06155
1.05862
1.04864
1.05078
1.04398
1.04131
1.04073
1.038
1.03732
1.0356
1.03488
1.03383
1.03279
1.03187
1.03082
1.03006
1.029
1.02855
1.02754
1.02707
1.02623
1.02566
1.02491
1.02412
1.02352
1.0228
1.02229
1.0218
1.02162
1.00854
1.03346
1.05263
1.05128
1.00098
0.942125
0.927196
0.931406
0.954668
0.928054
0.948644
1.02387
1.04506
1.03834
1.04502
1.04125
1.03935
1.03997
1.0379
1.03774
1.03631
1.03559
1.03473
1.03346
1.03271
1.03126
1.03063
1.02938
1.02889
1.02795
1.0274
1.02673
1.02612
1.02552
1.02461
1.02401
1.02324
1.02283
1.0221
1.02173
1.04577
1.07651
1.09303
1.09714
1.03814
0.943374
0.90312
0.887013
0.904866
0.882151
0.901029
0.986702
1.02763
1.02607
1.03784
1.03826
1.0377
1.0397
1.03811
1.03824
1.0373
1.03665
1.03597
1.03482
1.03407
1.03253
1.03171
1.03041
1.02949
1.02863
1.02777
1.02721
1.02646
1.02605
1.02527
1.02472
1.02388
1.02344
1.02281
1.02261
1.07905
1.12133
1.15924
1.16754
1.06654
0.94026
0.869762
0.843333
0.852858
0.841547
0.856035
0.954659
1.00386
1.0119
1.02786
1.03455
1.03513
1.0384
1.03757
1.038
1.03763
1.03714
1.03667
1.03584
1.0354
1.03434
1.03347
1.03242
1.03118
1.03024
1.02912
1.02834
1.02744
1.02685
1.02598
1.02544
1.02469
1.02409
1.02326
1.02284
1.12212
1.18312
1.22435
1.23317
1.07207
0.915789
0.820615
0.787424
0.791946
0.796143
0.811268
0.924831
0.979188
0.998794
1.01592
1.02806
1.03073
1.0354
1.03585
1.03698
1.03743
1.0373
1.03708
1.03641
1.03607
1.03524
1.03454
1.03379
1.0328
1.03192
1.03097
1.02996
1.02912
1.02824
1.02747
1.02658
1.02589
1.0252
1.02452
1.02398
1.16149
1.24482
1.31148
1.26369
1.05904
0.860968
0.750599
0.717031
0.722776
0.747131
0.77652
0.89835
0.957829
0.9868
1.00463
1.01958
1.02567
1.03167
1.03391
1.03573
1.03695
1.03727
1.03732
1.03697
1.03645
1.03589
1.03511
1.03448
1.03354
1.0327
1.03205
1.03115
1.03035
1.02944
1.02862
1.02778
1.02685
1.02598
1.02529
1.02481
1.21169
1.33044
1.3912
1.27397
0.999463
0.765788
0.652425
0.630689
0.648308
0.695408
0.753192
0.874486
0.93747
0.971616
0.996387
1.0105
1.02109
1.02816
1.03253
1.03442
1.03633
1.03706
1.0374
1.03725
1.03679
1.03626
1.03555
1.03497
1.03412
1.0333
1.03268
1.03189
1.03128
1.03033
1.02951
1.02872
1.02782
1.02716
1.02621
1.0257
1.2729
1.41187
1.42441
1.2446
0.877358
0.630753
0.539086
0.547263
0.584054
0.65582
0.744998
0.856966
0.918854
0.957348
0.989062
1.00205
1.01749
1.02454
1.03026
1.03333
1.03564
1.03686
1.03739
1.03757
1.03741
1.03674
1.03622
1.03551
1.03498
1.03412
1.03362
1.03263
1.03209
1.03121
1.03043
1.02956
1.02857
1.02802
1.02735
1.027
1.33695
1.46876
1.42074
1.18561
0.728829
0.500992
0.46204
0.504643
0.55892
0.645084
0.748618
0.846061
0.905217
0.945829
0.979482
0.996263
1.01255
1.02081
1.02787
1.03222
1.03481
1.0368
1.03751
1.03814
1.03845
1.0381
1.0378
1.03701
1.03655
1.03561
1.03505
1.03396
1.03333
1.0324
1.03168
1.03089
1.02977
1.02912
1.02828
1.02786
1.37283
1.45897
1.39986
1.1849
0.720477
0.539411
0.515187
0.554654
0.597053
0.671328
0.766709
0.842994
0.90036
0.937774
0.972528
0.991333
1.00788
1.01781
1.02561
1.03095
1.03389
1.03682
1.03797
1.03854
1.03929
1.03913
1.03912
1.03848
1.03804
1.03711
1.03659
1.03534
1.03473
1.03361
1.03296
1.03206
1.03113
1.03051
1.02959
1.02916
1.34299
1.39401
1.37096
1.27398
0.923979
0.768492
0.6929
0.685148
0.681836
0.72746
0.796083
0.848085
0.90103
0.937434
0.969492
0.986947
1.00536
1.01414
1.0228
1.02954
1.03295
1.03619
1.03837
1.03859
1.03965
1.03938
1.0396
1.03915
1.03889
1.03808
1.03774
1.03654
1.03617
1.03471
1.03403
1.03289
1.03195
1.03128
1.03036
1.02994
1.23273
1.30794
1.34354
1.30485
1.08605
0.974655
0.852145
0.807511
0.76901
0.795882
0.833022
0.866626
0.910587
0.943057
0.971169
0.985334
1.00482
1.01165
1.02168
1.02769
1.03206
1.03406
1.03786
1.03795
1.03955
1.03937
1.03971
1.03955
1.03961
1.03886
1.03883
1.03775
1.03748
1.03642
1.0357
1.03486
1.03382
1.03311
1.03225
1.03182
1.0911
1.20305
1.2765
1.27223
1.11562
1.03808
0.927242
0.88372
0.843943
0.863193
0.874645
0.902512
0.928317
0.953439
0.979857
0.990143
1.00775
1.01473
1.02254
1.02744
1.03307
1.03364
1.03853
1.03857
1.04032
1.04082
1.04104
1.04122
1.04156
1.04078
1.04125
1.04002
1.03993
1.03875
1.03799
1.03698
1.03575
1.03475
1.03384
1.03328
0.953669
1.07109
1.17524
1.17968
1.09621
1.03716
0.954189
0.937637
0.908556
0.926783
0.922409
0.948797
0.953952
0.972853
0.993419
1.00203
1.01379
1.022
1.02706
1.03133
1.03764
1.03742
1.04205
1.04216
1.04329
1.04391
1.04408
1.04355
1.04426
1.04312
1.04366
1.04234
1.04225
1.04085
1.04023
1.03903
1.03817
1.03698
1.03638
1.03572
0.820875
0.920451
1.02521
1.04462
1.02369
0.987725
0.961949
0.968065
0.960436
0.982164
0.975004
0.9931
0.987464
0.999931
1.00893
1.01787
1.02339
1.03186
1.03476
1.03818
1.04193
1.0425
1.04466
1.04568
1.04584
1.0458
1.04631
1.04464
1.04569
1.04398
1.04472
1.04308
1.04328
1.04177
1.0413
1.04003
1.0394
1.0382
1.03775
1.03694
0.696177
0.760542
0.857615
0.906055
0.918619
0.921618
0.945373
0.970792
0.993013
1.02139
1.02216
1.03276
1.0294
1.02882
1.03065
1.03681
1.03702
1.04317
1.04181
1.04518
1.04465
1.04698
1.04592
1.04771
1.04745
1.04676
1.04785
1.04559
1.04669
1.04488
1.04572
1.044
1.04429
1.04292
1.04283
1.04161
1.0416
1.04041
1.04026
1.03958
0.624481
0.625822
0.708718
0.773728
0.790264
0.825014
0.889821
0.946416
1.00219
1.03493
1.06061
1.07292
1.074
1.06378
1.06271
1.05863
1.05835
1.0586
1.05537
1.05749
1.05317
1.05467
1.05237
1.05283
1.05262
1.05135
1.05217
1.04981
1.05063
1.04849
1.0489
1.047
1.04701
1.04568
1.04529
1.044
1.04357
1.04218
1.0418
1.04088
0.637009
0.595415
0.606173
0.634922
0.644213
0.698156
0.799346
0.889424
0.97233
1.03297
1.07914
1.09862
1.11026
1.10807
1.09846
1.09005
1.08869
1.08228
1.07873
1.07474
1.07154
1.06813
1.06554
1.06352
1.06258
1.06093
1.06087
1.05925
1.05812
1.05668
1.05529
1.05364
1.05264
1.0512
1.05039
1.04912
1.04823
1.047
1.04611
1.04541
0.686271
0.625586
0.589557
0.552416
0.518884
0.563737
0.667048
0.776698
0.904588
1.00988
1.06877
1.10902
1.12989
1.13797
1.13207
1.12586
1.11588
1.11212
1.10371
1.09706
1.09318
1.08603
1.0823
1.07713
1.07381
1.07111
1.06855
1.0676
1.06475
1.06411
1.06159
1.06028
1.05824
1.05648
1.05475
1.05289
1.05141
1.04975
1.0482
1.04771
0.71852
0.680359
0.632883
0.573344
0.508735
0.476505
0.506678
0.611409
0.785908
0.932637
1.03578
1.10355
1.13242
1.15074
1.15512
1.15067
1.14031
1.1373
1.12693
1.1201
1.11301
1.10623
1.09911
1.09363
1.08694
1.08379
1.07804
1.07684
1.07229
1.072
1.0687
1.06819
1.06543
1.06435
1.06182
1.0606
1.05825
1.05673
1.05488
1.05439
0.755108
0.72456
0.707016
0.663449
0.599391
0.538244
0.46238
0.433398
0.581924
0.776523
0.949258
1.05413
1.11577
1.14778
1.16076
1.16522
1.16356
1.15513
1.15235
1.14143
1.13528
1.12785
1.12
1.11313
1.10599
1.09988
1.09398
1.0892
1.08452
1.08065
1.07742
1.07434
1.07171
1.06962
1.06678
1.06567
1.06217
1.06158
1.05934
1.05924
0.840761
0.795292
0.796656
0.789066
0.748054
0.686842
0.610014
0.50395
0.393002
0.536304
0.767021
0.949326
1.06279
1.12042
1.15286
1.16722
1.17416
1.17495
1.17117
1.16616
1.16025
1.152
1.14671
1.1373
1.1315
1.1229
1.1173
1.11025
1.10508
1.09814
1.09489
1.08814
1.08618
1.08081
1.07899
1.07518
1.07246
1.07045
1.06851
1.06769
0.942524
0.93237
0.968797
0.964346
0.923404
0.844675
0.764848
0.69441
0.592524
0.406986
0.491338
0.754084
0.939184
1.05708
1.12303
1.15741
1.1759
1.18484
1.1887
1.18829
1.18463
1.18053
1.17524
1.16905
1.16086
1.15482
1.14606
1.14025
1.1311
1.12492
1.11759
1.11079
1.10557
1.0994
1.09679
1.09163
1.08944
1.08581
1.08502
1.08205
1.10161
1.13886
1.13408
1.0812
0.994134
0.899515
0.818072
0.7796
0.754881
0.660607
0.524595
0.404886
0.669388
0.894622
1.01766
1.10486
1.15052
1.17975
1.19124
1.19899
1.20066
1.2006
1.19763
1.19533
1.19153
1.18784
1.18391
1.17999
1.1725
1.16781
1.15987
1.15394
1.1443
1.13798
1.12895
1.1231
1.11412
1.10936
1.1033
1.1009
1.30039
1.26483
1.19318
1.09275
0.993902
0.887861
0.801921
0.724615
0.683412
0.705683
0.704707
0.616618
0.44435
0.459795
0.696758
0.916524
1.01619
1.0965
1.13455
1.16919
1.18482
1.19526
1.19919
1.20079
1.20114
1.19929
1.19778
1.19722
1.19573
1.19416
1.19258
1.19091
1.18879
1.18583
1.18115
1.17503
1.16843
1.1589
1.15123
1.14297
1.36604
1.25438
1.14103
0.991112
0.821366
0.676503
0.558562
0.506902
0.517927
0.572514
0.597249
0.58222
0.561537
0.516995
0.341629
0.308212
0.581819
0.797843
0.916701
1.01969
1.08356
1.12743
1.15563
1.17646
1.18728
1.19597
1.19931
1.20179
1.2034
1.20362
1.20371
1.20411
1.20457
1.20516
1.20433
1.2023
1.20095
1.19635
1.19313
1.18685
1.0144
0.811894
0.640024
0.491681
0.344242
0.218592
0.102309
0.0288255
0.133729
0.25995
0.368162
0.411924
0.406992
0.403875
0.384372
0.372978
0.296225
0.0619614
0.336775
0.524286
0.724569
0.870967
0.963133
1.03758
1.08619
1.1259
1.15207
1.1735
1.18496
1.19374
1.1962
1.19612
1.19405
1.1931
1.20158
1.19983
1.20457
1.20555
1.21141
1.2178
0.222385
0.267097
0.328756
0.365112
0.36818
0.404107
0.434773
0.476581
0.515656
0.542254
0.561116
0.552239
0.520262
0.468923
0.421234
0.43727
0.436975
0.425969
0.439649
0.36321
0.182945
0.119985
0.325273
0.476306
0.618382
0.710342
0.783955
0.850369
0.907904
0.961254
1.00896
1.04907
1.08135
1.11337
1.13026
1.15849
1.17237
1.19156
1.19649
1.20595
0.290763
0.32028
0.361048
0.411732
0.460562
0.504931
0.540852
0.566255
0.582546
0.589739
0.589464
0.569855
0.541878
0.528156
0.488976
0.464012
0.416191
0.389117
0.35365
0.29524
0.25153
0.234809
0.178615
0.0910602
0.0311927
0.397848
0.532881
0.58674
0.642761
0.68029
0.714718
0.74665
0.78546
0.821189
0.862088
0.89709
0.940651
0.982435
1.03628
1.08423
1.01385
1.00878
1.00389
0.997806
0.992918
0.990208
0.990283
0.993751
1.00081
1.00878
1.0162
1.01802
1.01835
1.01762
1.01708
1.01664
1.01674
1.01665
1.01666
1.01654
1.01646
1.01629
1.01615
1.01598
1.01578
1.01557
1.01532
1.01507
1.0148
1.01452
1.01422
1.0139
1.01357
1.01321
1.01282
1.01241
1.01199
1.01156
1.01106
1.01064
1.01746
1.02366
1.02662
1.03035
1.03103
1.0313
1.03053
1.02807
1.02359
1.01894
1.01734
1.01709
1.01737
1.01781
1.01826
1.01846
1.01848
1.01843
1.01828
1.01811
1.01792
1.01772
1.01752
1.01729
1.01703
1.01673
1.0164
1.01608
1.01577
1.01546
1.01509
1.01471
1.01436
1.01394
1.01346
1.01295
1.01241
1.01194
1.01156
1.01128
1.01225
1.00947
1.00863
1.00852
1.01037
1.01166
1.01327
1.01449
1.01533
1.01586
1.01625
1.01704
1.01764
1.01804
1.01832
1.01843
1.01846
1.01843
1.01835
1.01825
1.01809
1.01789
1.01771
1.0175
1.01723
1.01689
1.01659
1.01631
1.01606
1.01577
1.01542
1.01507
1.0147
1.01435
1.01388
1.01339
1.0129
1.01256
1.01228
1.0121
1.02298
1.02626
1.02792
1.02868
1.02882
1.02853
1.02729
1.02528
1.02305
1.02077
1.0195
1.01913
1.01915
1.01922
1.01922
1.01919
1.01909
1.01888
1.01869
1.01854
1.01841
1.01827
1.01805
1.01778
1.01751
1.0172
1.0169
1.01662
1.01632
1.016
1.01564
1.01528
1.01493
1.01453
1.01409
1.01352
1.01301
1.01274
1.0125
1.01226
1.01329
1.01365
1.01398
1.01452
1.01526
1.01552
1.01612
1.01661
1.01717
1.01759
1.01793
1.0183
1.0185
1.01859
1.01872
1.01881
1.01896
1.01879
1.01862
1.01844
1.01841
1.01831
1.01819
1.01783
1.01761
1.01731
1.01706
1.01679
1.01657
1.01634
1.01597
1.01565
1.01527
1.01492
1.01446
1.01398
1.01353
1.01331
1.01305
1.0128
1.02242
1.02424
1.02519
1.02558
1.0256
1.02525
1.02443
1.02341
1.02241
1.02149
1.02088
1.02048
1.02027
1.02003
1.01993
1.01978
1.01964
1.01935
1.01908
1.0189
1.01878
1.01864
1.01838
1.01809
1.01786
1.0175
1.01724
1.0169
1.01665
1.01642
1.01602
1.01562
1.01522
1.01486
1.01445
1.01394
1.01361
1.01337
1.01308
1.01277
1.01585
1.01673
1.01694
1.01731
1.01753
1.01759
1.01804
1.01833
1.01866
1.01895
1.01912
1.0193
1.01933
1.01938
1.01946
1.01957
1.01946
1.01921
1.01905
1.01901
1.01893
1.01879
1.01859
1.01833
1.01801
1.01776
1.01747
1.01732
1.0171
1.01686
1.01654
1.01606
1.01561
1.01528
1.01482
1.01442
1.01413
1.01393
1.01355
1.01321
1.02169
1.02272
1.0231
1.02344
1.02327
1.0231
1.02268
1.02242
1.02199
1.02185
1.02148
1.02122
1.02075
1.02061
1.02052
1.02052
1.0202
1.0198
1.01959
1.01948
1.01934
1.01906
1.01882
1.01856
1.01822
1.01786
1.0176
1.01733
1.01714
1.01686
1.01652
1.01606
1.01561
1.01532
1.01485
1.01447
1.01417
1.01387
1.01352
1.01314
1.01829
1.01854
1.01859
1.01889
1.0191
1.01939
1.01956
1.0198
1.01993
1.02016
1.02025
1.02031
1.02023
1.02028
1.02037
1.02032
1.02015
1.02
1.01986
1.01979
1.01961
1.01943
1.01914
1.01894
1.01865
1.01835
1.01808
1.01793
1.01774
1.01745
1.01702
1.01654
1.01616
1.01577
1.01535
1.01503
1.01469
1.01436
1.01396
1.0136
1.02128
1.02195
1.0221
1.02235
1.02239
1.02246
1.02229
1.02222
1.02205
1.02203
1.02179
1.02159
1.02136
1.0214
1.0213
1.02112
1.02072
1.02051
1.0204
1.02016
1.01987
1.01965
1.01938
1.01904
1.01883
1.01848
1.01815
1.01796
1.01781
1.01749
1.01708
1.01663
1.01624
1.0158
1.01541
1.01502
1.01462
1.01429
1.0139
1.01357
1.01972
1.02007
1.02012
1.02048
1.02058
1.0208
1.02084
1.02106
1.02116
1.02134
1.02137
1.02134
1.0213
1.02142
1.02144
1.02131
1.02113
1.02099
1.02082
1.02064
1.02041
1.02023
1.01999
1.01976
1.01944
1.01913
1.01884
1.01861
1.01846
1.01812
1.01766
1.0173
1.01688
1.01647
1.01605
1.01561
1.01524
1.01488
1.01454
1.01427
1.02156
1.02223
1.02227
1.0226
1.02258
1.02266
1.02257
1.02266
1.02261
1.02256
1.02231
1.02223
1.02215
1.02218
1.02204
1.02187
1.02168
1.02157
1.02124
1.02096
1.02072
1.02044
1.02011
1.01993
1.01959
1.01926
1.01896
1.01881
1.01854
1.0182
1.01779
1.01746
1.01705
1.01657
1.01608
1.01569
1.01529
1.01496
1.0146
1.01437
1.02123
1.02172
1.0217
1.02202
1.02202
1.02226
1.02232
1.02255
1.02261
1.02267
1.02257
1.02259
1.0226
1.02261
1.02248
1.02243
1.02229
1.0221
1.02184
1.02168
1.02158
1.02133
1.02098
1.02068
1.02042
1.02007
1.01977
1.01959
1.01935
1.01897
1.01857
1.01826
1.01783
1.01737
1.01686
1.01642
1.01606
1.01576
1.01543
1.01519
1.02249
1.02304
1.02301
1.02336
1.02327
1.02348
1.02346
1.02361
1.02349
1.02347
1.02334
1.0234
1.02331
1.02327
1.02309
1.02306
1.02282
1.02256
1.02214
1.022
1.02176
1.02154
1.0211
1.02093
1.02056
1.02034
1.01996
1.01982
1.01952
1.01921
1.01875
1.01844
1.01793
1.01751
1.01698
1.01656
1.01615
1.01591
1.01557
1.0153
1.02265
1.02321
1.02312
1.02353
1.02353
1.02388
1.02393
1.02413
1.02405
1.02408
1.02404
1.02412
1.02406
1.02401
1.02388
1.02388
1.0237
1.02346
1.02318
1.02307
1.02282
1.0225
1.02208
1.02185
1.02153
1.02125
1.02087
1.02066
1.02036
1.02005
1.01968
1.01935
1.01884
1.01834
1.01783
1.01741
1.01704
1.01678
1.01644
1.01616
1.02359
1.02431
1.0241
1.02453
1.02443
1.02478
1.02478
1.0249
1.02475
1.02482
1.02473
1.02484
1.02465
1.02463
1.02444
1.0244
1.02406
1.02381
1.02347
1.02341
1.02312
1.02281
1.02233
1.02216
1.02182
1.02158
1.02114
1.02096
1.02062
1.02034
1.01985
1.01951
1.01895
1.01851
1.01796
1.01757
1.01715
1.01689
1.01649
1.01622
1.02442
1.02505
1.02497
1.02541
1.0254
1.02578
1.02575
1.02591
1.02572
1.02586
1.02581
1.02596
1.02577
1.02571
1.02556
1.02555
1.02526
1.02495
1.02464
1.02453
1.02427
1.02393
1.02347
1.02324
1.02294
1.02268
1.02223
1.02199
1.02162
1.02137
1.02088
1.02052
1.01995
1.01948
1.01891
1.01853
1.01811
1.01785
1.01744
1.01715
1.02513
1.02582
1.02575
1.0262
1.02618
1.02656
1.02641
1.02651
1.02638
1.0265
1.02653
1.02657
1.02638
1.02625
1.0261
1.02609
1.02578
1.02549
1.0251
1.02498
1.02465
1.02435
1.02385
1.02363
1.02333
1.02309
1.02262
1.02231
1.02189
1.0216
1.02111
1.02073
1.02017
1.01968
1.01907
1.01868
1.01824
1.01794
1.01748
1.01719
1.02647
1.02715
1.02711
1.02756
1.02754
1.02786
1.02763
1.02784
1.0277
1.02799
1.02789
1.028
1.02773
1.02772
1.02748
1.02749
1.02715
1.02693
1.02651
1.02642
1.02603
1.02572
1.0252
1.02504
1.02465
1.02446
1.02399
1.02371
1.02316
1.02287
1.02238
1.02196
1.02135
1.02088
1.02024
1.01985
1.01934
1.01904
1.01858
1.01828
1.02726
1.02795
1.02795
1.0284
1.02831
1.02858
1.02837
1.02865
1.02851
1.02874
1.0286
1.02872
1.02847
1.02844
1.02817
1.0281
1.02772
1.02753
1.02718
1.02703
1.02649
1.02623
1.02577
1.02559
1.02512
1.02497
1.02451
1.02411
1.02349
1.0232
1.02271
1.02228
1.02164
1.02112
1.02044
1.01999
1.01947
1.01915
1.01866
1.01833
1.02873
1.02946
1.02948
1.02995
1.02982
1.03013
1.03
1.03036
1.03022
1.03051
1.0303
1.03048
1.03021
1.0303
1.02993
1.02987
1.02945
1.02942
1.02903
1.02876
1.02819
1.02799
1.0275
1.02727
1.02684
1.02673
1.02623
1.02582
1.02519
1.02485
1.02428
1.02388
1.02321
1.02267
1.02194
1.02145
1.02091
1.02056
1.02007
1.0197
1.02949
1.03038
1.03039
1.03085
1.03074
1.03108
1.03095
1.03131
1.03116
1.03141
1.0311
1.0313
1.03106
1.03114
1.03066
1.03061
1.03022
1.03025
1.02972
1.0295
1.02896
1.02869
1.02813
1.02793
1.0275
1.02733
1.02679
1.02643
1.02575
1.02537
1.02476
1.02432
1.02356
1.02297
1.0222
1.02169
1.02111
1.02074
1.02022
1.01982
1.03161
1.03251
1.03247
1.03296
1.03282
1.0332
1.0331
1.0335
1.0333
1.03354
1.03329
1.03363
1.03335
1.03344
1.03291
1.0329
1.03247
1.03252
1.03199
1.03187
1.03115
1.03087
1.03027
1.03014
1.02969
1.02947
1.02894
1.02858
1.02782
1.02748
1.0268
1.02634
1.0255
1.02494
1.0241
1.0236
1.023
1.02263
1.02205
1.02165
1.03277
1.03373
1.03362
1.03412
1.03396
1.03437
1.03424
1.03453
1.03429
1.03458
1.03438
1.03471
1.03434
1.03445
1.03385
1.03391
1.03341
1.03356
1.03303
1.03283
1.03203
1.03177
1.03112
1.03105
1.03052
1.03032
1.02972
1.02933
1.02856
1.02818
1.02741
1.02691
1.02598
1.02539
1.02447
1.02399
1.02329
1.02291
1.02226
1.02188
1.03548
1.03625
1.03619
1.03675
1.03661
1.03708
1.03689
1.03728
1.03712
1.03747
1.03726
1.03758
1.0372
1.03733
1.03678
1.03692
1.03643
1.03659
1.03591
1.03577
1.03488
1.03463
1.03396
1.03391
1.03333
1.03316
1.03245
1.03209
1.03129
1.0309
1.03002
1.02945
1.02846
1.02785
1.02689
1.02642
1.02567
1.02528
1.02458
1.02426
1.03662
1.03737
1.03741
1.03796
1.03781
1.03828
1.03812
1.03859
1.03843
1.03883
1.03858
1.03885
1.03843
1.03866
1.03816
1.03837
1.03782
1.03793
1.03717
1.03703
1.03609
1.03593
1.03521
1.0352
1.03451
1.03434
1.03352
1.03318
1.03226
1.03183
1.03079
1.03023
1.02909
1.02846
1.02745
1.02693
1.02613
1.02566
1.02495
1.02455
1.03968
1.04044
1.04059
1.04121
1.04119
1.04176
1.0417
1.04229
1.04217
1.04262
1.04235
1.04262
1.04229
1.04258
1.0422
1.04241
1.04183
1.04188
1.04103
1.04086
1.0399
1.0398
1.03904
1.03905
1.03826
1.0381
1.03716
1.03684
1.03578
1.03541
1.03426
1.03371
1.03244
1.03184
1.03073
1.0302
1.02931
1.02885
1.02804
1.02755
1.04084
1.04174
1.04194
1.04266
1.04273
1.04339
1.0434
1.04401
1.04391
1.04428
1.04407
1.04433
1.04413
1.04442
1.04415
1.04432
1.04378
1.04367
1.04277
1.04259
1.04164
1.04162
1.04081
1.04089
1.03995
1.03978
1.03862
1.03832
1.03711
1.0367
1.03539
1.03477
1.03334
1.0327
1.03139
1.03085
1.02983
1.02942
1.02847
1.02802
1.04557
1.0465
1.0467
1.04759
1.04774
1.04847
1.04859
1.04916
1.04919
1.04952
1.04949
1.04971
1.04973
1.04992
1.04981
1.04978
1.04929
1.04892
1.04816
1.04781
1.0471
1.04705
1.04632
1.04627
1.04524
1.04497
1.04371
1.04338
1.0421
1.04168
1.04021
1.03962
1.03806
1.03737
1.03599
1.03543
1.03433
1.03389
1.0328
1.03238
1.04759
1.0487
1.04899
1.04997
1.0501
1.05093
1.05098
1.05166
1.05166
1.05219
1.05214
1.05261
1.0526
1.05299
1.05275
1.05277
1.05209
1.05172
1.05098
1.05065
1.05008
1.04986
1.04915
1.04882
1.04775
1.04733
1.0461
1.04568
1.04436
1.04383
1.04234
1.0416
1.03996
1.03916
1.03764
1.03699
1.0357
1.03513
1.03383
1.03327
1.05345
1.05541
1.0556
1.05687
1.057
1.05804
1.05812
1.05895
1.05893
1.0596
1.05952
1.06014
1.06
1.06041
1.05995
1.05981
1.059
1.05863
1.05783
1.05763
1.05691
1.05676
1.05587
1.05557
1.05437
1.05391
1.05243
1.0519
1.05023
1.04958
1.04769
1.04685
1.04488
1.044
1.04222
1.04145
1.03997
1.03937
1.03812
1.03765
1.05871
1.06098
1.06135
1.06286
1.0632
1.06427
1.06463
1.06537
1.06578
1.06634
1.06675
1.0672
1.06751
1.06763
1.06757
1.06722
1.06686
1.06637
1.06607
1.06564
1.06522
1.06472
1.06383
1.06319
1.06194
1.06114
1.05965
1.05873
1.05708
1.05595
1.05401
1.05274
1.05063
1.04949
1.04746
1.04654
1.04471
1.04392
1.0422
1.04153
1.06754
1.07005
1.07051
1.07213
1.07228
1.07373
1.07362
1.07484
1.07462
1.07558
1.07538
1.07601
1.07569
1.07587
1.07512
1.07485
1.07388
1.07344
1.07247
1.07194
1.07106
1.07031
1.06922
1.06824
1.0669
1.06588
1.06452
1.06349
1.06202
1.0608
1.05907
1.05761
1.05569
1.05425
1.05238
1.05113
1.0494
1.04847
1.04673
1.04601
1.08141
1.08441
1.0857
1.08729
1.08795
1.08936
1.08979
1.09105
1.09144
1.09247
1.09271
1.09332
1.09326
1.09351
1.09329
1.09332
1.09304
1.09293
1.09249
1.09214
1.09135
1.0906
1.08942
1.08837
1.08698
1.08552
1.08383
1.0819
1.07986
1.07749
1.07507
1.07226
1.06969
1.0668
1.06448
1.06185
1.05993
1.05757
1.05595
1.05399
1.09887
1.10139
1.10148
1.10328
1.10346
1.10499
1.10476
1.10606
1.10543
1.10654
1.10561
1.10652
1.10518
1.10568
1.10381
1.10391
1.10169
1.10156
1.09923
1.09887
1.09625
1.0955
1.09265
1.09164
1.08872
1.08776
1.08509
1.08421
1.0816
1.08042
1.07773
1.07608
1.07333
1.07144
1.06884
1.06699
1.06462
1.06275
1.06069
1.059
1.14071
1.14439
1.14237
1.1448
1.14293
1.14506
1.14317
1.14506
1.14331
1.14487
1.14322
1.14448
1.14292
1.14415
1.14269
1.14383
1.14228
1.14307
1.1414
1.14172
1.13989
1.13973
1.13772
1.13713
1.1347
1.1335
1.13037
1.1284
1.12453
1.12173
1.11715
1.11358
1.10845
1.10431
1.09896
1.09464
1.08958
1.08555
1.08133
1.07805
1.18555
1.18003
1.17787
1.17546
1.17409
1.17248
1.17118
1.16996
1.16845
1.16735
1.16566
1.16446
1.16258
1.16106
1.15895
1.15714
1.155
1.15299
1.15073
1.14826
1.14563
1.14244
1.13908
1.13504
1.1313
1.12715
1.12373
1.11995
1.11702
1.1137
1.11111
1.10782
1.10492
1.1009
1.09722
1.09278
1.0893
1.08572
1.08369
1.0824
1.22266
1.23013
1.23408
1.24042
1.2419
1.24667
1.24712
1.25125
1.25119
1.25483
1.25454
1.25782
1.25736
1.26029
1.25934
1.26163
1.25998
1.26151
1.25937
1.26034
1.25804
1.25868
1.25633
1.25651
1.25351
1.25241
1.24789
1.24512
1.23886
1.2342
1.22624
1.21991
1.21077
1.20368
1.19456
1.1878
1.1791
1.17177
1.16134
1.15062
1.20768
1.21573
1.22091
1.22614
1.22775
1.22893
1.23256
1.2378
1.24331
1.24844
1.25361
1.25734
1.26145
1.26348
1.2666
1.26769
1.27021
1.27136
1.27296
1.27326
1.27222
1.27006
1.2658
1.2611
1.25438
1.24822
1.23989
1.23371
1.22491
1.21893
1.20996
1.20466
1.19662
1.19224
1.18438
1.17716
1.16412
1.14931
1.13281
1.12056
1.13548
1.1665
1.2161
1.254
1.29772
1.33331
1.37311
1.40567
1.44172
1.47113
1.50332
1.52906
1.55698
1.57834
1.60116
1.61706
1.63371
1.64353
1.65443
1.65968
1.66657
1.6684
1.6716
1.67014
1.66961
1.66478
1.65993
1.65086
1.64058
1.62793
1.61232
1.5965
1.57668
1.55907
1.53583
1.51537
1.48845
1.46448
1.43823
1.41438
1.01071
1.01173
1.01163
1.01161
1.01169
1.01197
1.01192
1.01214
1.01226
1.01236
1.01195
1.01203
1.0123
1.01263
1.01258
1.0124
1.01212
1.01157
1.01112
1.01065
1.01008
1.0093
1.0083
1.007
1.00537
1.00343
1.00095
0.998397
0.995762
0.992792
0.989336
0.986407
0.983164
0.978328
0.978614
0.974577
0.975467
0.972815
0.973898
0.971691
1.0112
1.01182
1.01162
1.01165
1.01182
1.01206
1.01195
1.01223
1.0124
1.01256
1.01215
1.01229
1.01252
1.0127
1.01275
1.01248
1.0121
1.0115
1.01115
1.01081
1.01004
1.00921
1.00815
1.00681
1.00515
1.00311
1.00067
0.997794
0.99518
0.992208
0.98812
0.985868
0.98191
0.977795
0.978082
0.973678
0.974838
0.971976
0.973219
0.971478
1.01187
1.01223
1.01187
1.01212
1.01215
1.01226
1.01226
1.01257
1.0128
1.01291
1.01259
1.0127
1.0126
1.01267
1.01262
1.0123
1.01185
1.01133
1.01089
1.01027
1.00932
1.00826
1.00707
1.00563
1.0039
1.00179
0.99943
0.996632
0.993815
0.990151
0.98745
0.984136
0.981479
0.977667
0.976652
0.973604
0.973547
0.971655
0.972005
0.970662
1.01202
1.01216
1.01186
1.01215
1.0121
1.01217
1.01227
1.01261
1.0128
1.01287
1.01264
1.01262
1.01222
1.01211
1.01202
1.01164
1.01131
1.01089
1.01043
1.00971
1.00882
1.00763
1.00632
1.0048
1.00286
1.00067
0.998232
0.995027
0.992124
0.989161
0.985475
0.983391
0.980011
0.977572
0.975862
0.973552
0.972886
0.971364
0.971283
0.970521
1.01251
1.01254
1.01226
1.01261
1.01245
1.01261
1.01269
1.01299
1.01315
1.01317
1.01297
1.01283
1.0124
1.01218
1.01191
1.01134
1.01107
1.0106
1.01011
1.00907
1.00807
1.00674
1.0053
1.00362
1.00165
0.999352
0.996692
0.993935
0.990914
0.987277
0.984882
0.981559
0.979458
0.976633
0.974392
0.97284
0.971582
0.970533
0.970039
0.969717
1.01248
1.01249
1.01231
1.01263
1.0125
1.01278
1.0128
1.01301
1.01303
1.01299
1.01283
1.01261
1.01215
1.01195
1.01149
1.01102
1.0108
1.01033
1.00988
1.00871
1.00784
1.00643
1.00491
1.00313
1.00108
0.998688
0.996031
0.992808
0.989679
0.986756
0.983158
0.980941
0.977924
0.976041
0.97366
0.972209
0.97089
0.969881
0.969271
0.969333
1.01294
1.01294
1.01283
1.01315
1.01301
1.01337
1.01333
1.01346
1.01338
1.01327
1.0132
1.01301
1.01261
1.01233
1.01173
1.01128
1.01097
1.01037
1.00978
1.00851
1.00754
1.00598
1.00434
1.0024
1.00033
0.997895
0.994997
0.992153
0.988926
0.98531
0.982732
0.9792
0.977161
0.97462
0.972286
0.970876
0.969606
0.968634
0.968002
0.96834
1.01286
1.01293
1.01301
1.0132
1.01313
1.0135
1.01336
1.01341
1.01327
1.01322
1.01307
1.01279
1.01256
1.01245
1.01184
1.01138
1.01106
1.01041
1.0098
1.0087
1.00783
1.00628
1.0047
1.00275
1.0006
0.997965
0.995141
0.991641
0.98822
0.985186
0.981339
0.978786
0.975877
0.97394
0.971566
0.970075
0.968836
0.967865
0.967165
0.967786
1.01336
1.01359
1.01363
1.01376
1.01378
1.01405
1.01386
1.01401
1.01381
1.01379
1.01362
1.01341
1.01329
1.01303
1.01239
1.01207
1.01154
1.01082
1.01014
1.00908
1.00801
1.00641
1.00471
1.00265
1.00031
0.997659
0.994483
0.991294
0.987896
0.984081
0.981025
0.97724
0.974978
0.972358
0.97008
0.968543
0.967405
0.966514
0.965892
0.966654
1.0134
1.01364
1.01369
1.01389
1.0139
1.01402
1.01378
1.01397
1.01381
1.01373
1.01345
1.01344
1.01333
1.01305
1.01259
1.01236
1.01192
1.01122
1.01058
1.00959
1.00851
1.00704
1.00535
1.00326
1.00089
0.99791
0.994928
0.991209
0.987466
0.984165
0.979869
0.976895
0.973752
0.971545
0.969169
0.967585
0.966433
0.965576
0.964964
0.965976
1.01412
1.01429
1.01436
1.01455
1.01457
1.01458
1.01446
1.01473
1.01447
1.01447
1.01425
1.01418
1.01394
1.01362
1.01332
1.0132
1.01266
1.01194
1.0112
1.00997
1.00881
1.00718
1.00526
1.00302
1.0003
0.997461
0.993968
0.990549
0.986999
0.982794
0.979412
0.975283
0.972627
0.969706
0.967419
0.965869
0.964788
0.964095
0.963614
0.964784
1.01421
1.0144
1.01445
1.01459
1.01453
1.01455
1.01456
1.0147
1.01434
1.0143
1.01408
1.01403
1.01382
1.0136
1.01348
1.01336
1.01289
1.01229
1.01141
1.01026
1.0091
1.00752
1.00556
1.00324
1.00058
0.997304
0.994044
0.990237
0.986058
0.982549
0.978008
0.974682
0.971163
0.968723
0.966299
0.964738
0.963658
0.963014
0.962495
0.963948
1.01499
1.01518
1.01522
1.0153
1.01528
1.01541
1.01546
1.01542
1.01508
1.01517
1.01495
1.01496
1.01475
1.01453
1.0143
1.01413
1.01355
1.0128
1.01183
1.01065
1.00936
1.00742
1.00527
1.00283
0.999629
0.996557
0.992657
0.98882
0.985122
0.980585
0.977116
0.972643
0.969762
0.966608
0.964294
0.962873
0.961907
0.961445
0.961032
0.962658
1.01504
1.01526
1.01522
1.01531
1.01529
1.01541
1.01535
1.0152
1.01495
1.01514
1.01494
1.01494
1.01462
1.01448
1.01442
1.01409
1.01337
1.01263
1.01172
1.0105
1.00923
1.00733
1.00523
1.00268
0.999668
0.996122
0.992447
0.988506
0.983887
0.980129
0.975249
0.971762
0.967931
0.965424
0.962963
0.961513
0.960595
0.960196
0.959725
0.961634
1.01588
1.01609
1.01604
1.01621
1.0162
1.01627
1.01612
1.01604
1.01605
1.01623
1.01598
1.01604
1.01576
1.01578
1.01545
1.01483
1.01409
1.01329
1.01227
1.011
1.00955
1.00737
1.00503
1.00235
0.998618
0.995265
0.991122
0.986599
0.982637
0.977718
0.974096
0.969279
0.966352
0.963071
0.960717
0.959436
0.958723
0.958513
0.958179
0.960239
1.01589
1.01611
1.016
1.01617
1.01609
1.0161
1.01592
1.01598
1.01616
1.01615
1.01587
1.01582
1.01557
1.01555
1.01508
1.01458
1.01381
1.01297
1.01206
1.01068
1.00918
1.00699
1.00476
1.00182
0.99848
0.994709
0.990474
0.986371
0.981244
0.977109
0.97182
0.968161
0.964025
0.961512
0.959132
0.957762
0.95709
0.956951
0.956602
0.958956
1.01682
1.01707
1.01696
1.01714
1.01698
1.01706
1.01704
1.0173
1.01732
1.01714
1.017
1.01709
1.01683
1.01671
1.0162
1.01569
1.01476
1.0139
1.0127
1.01129
1.00959
1.00716
1.00463
1.00162
0.997456
0.993511
0.989149
0.983982
0.97969
0.974263
0.970387
0.965259
0.962369
0.959002
0.95658
0.955367
0.954936
0.955032
0.954924
0.957433
1.01682
1.01706
1.01689
1.01706
1.01684
1.01702
1.01712
1.01736
1.01717
1.01694
1.01678
1.01678
1.01656
1.01644
1.0158
1.01517
1.01427
1.01331
1.01224
1.01079
1.00885
1.00646
1.00416
1.00057
0.996786
0.992844
0.987859
0.983508
0.977843
0.973417
0.967652
0.963809
0.959343
0.956835
0.954562
0.953233
0.952833
0.953018
0.952937
0.955799
1.0179
1.01816
1.018
1.01823
1.01815
1.01855
1.01859
1.01863
1.01834
1.01833
1.01831
1.01825
1.01806
1.01777
1.01713
1.0166
1.0156
1.01462
1.01328
1.01141
1.00937
1.00689
1.0039
1.00036
0.996055
0.991315
0.986606
0.980835
0.976145
0.969955
0.965757
0.960331
0.957464
0.95389
0.951546
0.950593
0.950329
0.950814
0.951056
0.954141
1.01792
1.01816
1.01798
1.01826
1.01825
1.01867
1.0185
1.01847
1.01812
1.01815
1.01816
1.01812
1.01779
1.01728
1.01656
1.01588
1.01486
1.0139
1.01238
1.01065
1.00842
1.00577
1.00295
0.99882
0.994434
0.990182
0.984485
0.979743
0.973431
0.968777
0.962443
0.958424
0.953543
0.951042
0.948906
0.947566
0.94766
0.948287
0.94855
0.952049
1.01928
1.0196
1.0195
1.01995
1.01997
1.0202
1.01991
1.02001
1.01985
1.02012
1.02002
1.01982
1.01946
1.01898
1.01837
1.01768
1.01657
1.01542
1.01377
1.01169
1.00913
1.00642
1.00274
0.998486
0.993987
0.988486
0.983359
0.976893
0.971574
0.964634
0.960052
0.954219
0.951277
0.947576
0.945314
0.94482
0.944807
0.945795
0.946432
0.950256
1.0194
1.01974
1.01963
1.02006
1.01993
1.02009
1.01975
1.01986
1.01976
1.0201
1.01971
1.01946
1.01889
1.0183
1.01759
1.01679
1.01561
1.01448
1.01253
1.01043
1.00801
1.00491
1.00112
0.996611
0.991549
0.986723
0.980235
0.974963
0.967897
0.962811
0.955756
0.951652
0.946293
0.943766
0.941873
0.940685
0.94133
0.942572
0.943226
0.947566
1.02125
1.02168
1.02159
1.02192
1.02168
1.02189
1.02176
1.02217
1.02215
1.02218
1.02167
1.02156
1.02109
1.02067
1.01998
1.01894
1.01778
1.01629
1.01417
1.012
1.00901
1.00552
1.00117
0.996189
0.991247
0.984807
0.978961
0.971564
0.965499
0.957753
0.952921
0.946468
0.943375
0.939787
0.937536
0.937478
0.937928
0.939667
0.940754
0.945698
1.02145
1.02184
1.02166
1.02193
1.02163
1.02188
1.02175
1.02217
1.0219
1.02179
1.02118
1.02095
1.02026
1.01975
1.01889
1.01789
1.01667
1.01495
1.0128
1.01042
1.00717
1.00348
0.99874
0.993942
0.987859
0.982083
0.974619
0.968576
0.960599
0.954982
0.947069
0.942862
0.937005
0.93444
0.932901
0.931972
0.933287
0.93538
0.936482
0.942236
1.02376
1.02412
1.02394
1.02426
1.02415
1.02464
1.02456
1.02478
1.0243
1.02431
1.02391
1.02381
1.02314
1.02261
1.0216
1.02045
1.01899
1.01701
1.01476
1.01183
1.00822
1.00393
0.99886
0.992916
0.987084
0.979493
0.972767
0.964311
0.957348
0.948753
0.943352
0.93648
0.933041
0.929619
0.927637
0.92804
0.929127
0.931922
0.933545
0.940116
1.02399
1.02431
1.02405
1.02439
1.02423
1.02465
1.02437
1.02442
1.02381
1.02375
1.02315
1.02291
1.02205
1.02139
1.02014
1.01898
1.0172
1.01524
1.01258
1.00953
1.00549
1.00093
0.99498
0.989592
0.982079
0.97531
0.966701
0.959658
0.950483
0.944031
0.935351
0.930782
0.924786
0.922199
0.921034
0.920723
0.922803
0.926151
0.927808
0.93531
1.02694
1.02738
1.02724
1.02778
1.02765
1.02793
1.0275
1.02762
1.02723
1.02734
1.02675
1.02647
1.02549
1.02473
1.02336
1.02185
1.01996
1.01741
1.0145
1.0108
1.00626
1.00068
0.994909
0.987706
0.98064
0.971598
0.963975
0.954122
0.946031
0.93642
0.930326
0.922775
0.919273
0.916105
0.91447
0.915644
0.917579
0.922065
0.924383
0.932765
1.02731
1.02773
1.02744
1.02788
1.0275
1.02767
1.02709
1.02713
1.02653
1.02645
1.02564
1.02521
1.02403
1.02331
1.02157
1.02018
1.01772
1.01516
1.01161
1.00754
1.00202
0.996756
0.989455
0.982852
0.97358
0.965829
0.955488
0.947
0.936487
0.928954
0.919421
0.914367
0.908354
0.905552
0.905266
0.905782
0.908748
0.913912
0.916615
0.926059
1.03155
1.03215
1.03177
1.03219
1.03169
1.03204
1.03163
1.0319
1.03125
1.03108
1.03013
1.02969
1.02844
1.02723
1.02543
1.02343
1.02067
1.01731
1.01342
1.00809
1.00284
0.995706
0.988717
0.979723
0.970962
0.960297
0.951248
0.939405
0.929953
0.91927
0.912069
0.903976
0.900401
0.897492
0.896417
0.898983
0.902044
0.908817
0.912417
0.922587
1.0323
1.0325
1.03197
1.03214
1.03153
1.03173
1.03106
1.03112
1.03019
1.02992
1.02882
1.02829
1.02661
1.02558
1.02312
1.02115
1.01754
1.01427
1.00896
1.00412
0.99697
0.990152
0.980762
0.972266
0.960999
0.951731
0.938797
0.928537
0.916224
0.907137
0.896793
0.890933
0.885109
0.88244
0.883124
0.885021
0.889275
0.897113
0.901439
0.912023
1.0368
1.03753
1.0372
1.03779
1.03737
1.03778
1.0371
1.0372
1.03629
1.03613
1.0348
1.03381
1.03197
1.03012
1.02745
1.0244
1.02063
1.01583
1.01059
1.00363
0.996506
0.987076
0.978221
0.96663
0.956157
0.943056
0.931148
0.917264
0.906205
0.894038
0.885429
0.877064
0.873377
0.871226
0.871498
0.875824
0.88062
0.890644
0.896569
0.908665
1.04027
1.04048
1.03972
1.03976
1.0389
1.03872
1.03772
1.03732
1.03599
1.03534
1.03341
1.03233
1.02959
1.02783
1.024
1.02118
1.01572
1.01132
1.00374
0.997144
0.987088
0.978358
0.965939
0.955255
0.940773
0.928239
0.912557
0.899846
0.885242
0.874004
0.862855
0.856299
0.851037
0.849222
0.851177
0.855812
0.861642
0.873507
0.88076
0.894172
1.04465
1.04544
1.04465
1.0454
1.0445
1.04505
1.04406
1.04405
1.04277
1.04191
1.04015
1.03823
1.03566
1.03243
1.02872
1.02378
1.01837
1.01116
1.00359
0.993741
0.983907
0.97134
0.959458
0.944246
0.930397
0.913737
0.898256
0.882212
0.868202
0.854531
0.844549
0.836687
0.833328
0.833
0.836146
0.843235
0.850767
0.865013
0.875214
0.891101
1.05289
1.05259
1.05177
1.05163
1.05032
1.05013
1.04808
1.04749
1.04451
1.04326
1.03939
1.0373
1.03243
1.02919
1.0229
1.01817
1.00972
1.00289
0.991541
0.982258
0.967792
0.955956
0.938695
0.9239
0.904745
0.88762
0.868362
0.85179
0.834289
0.82071
0.809344
0.802516
0.799247
0.799986
0.804917
0.813656
0.822032
0.839332
0.850899
0.870802
1.05773
1.05783
1.05727
1.05711
1.05622
1.05547
1.05391
1.05239
1.04994
1.04754
1.04426
1.04078
1.03658
1.03135
1.02568
1.01769
1.00974
0.998137
0.987263
0.971981
0.957857
0.939762
0.921974
0.901914
0.881636
0.860494
0.840387
0.820979
0.803446
0.789349
0.77919
0.773618
0.772524
0.776117
0.784964
0.797414
0.80895
0.82873
0.847396
0.86489
1.07531
1.07458
1.07253
1.07182
1.06886
1.06742
1.06327
1.06112
1.05571
1.05298
1.04612
1.0426
1.03367
1.02857
1.01666
1.00883
0.993308
0.98186
0.96292
0.947644
0.925938
0.90632
0.882558
0.859732
0.834335
0.810813
0.786261
0.764883
0.745231
0.731184
0.720973
0.71667
0.717453
0.724572
0.735854
0.752666
0.765534
0.78882
0.809672
0.84111
1.08297
1.08143
1.08065
1.07755
1.07474
1.07026
1.067
1.06176
1.05808
1.05178
1.04712
1.03878
1.03169
1.02009
1.00934
0.994006
0.978814
0.959692
0.939763
0.917206
0.892618
0.866861
0.838526
0.810422
0.781014
0.754038
0.727568
0.706026
0.68768
0.676221
0.669495
0.670476
0.678513
0.691364
0.709818
0.73606
0.756495
0.782938
0.8093
0.834989
1.13683
1.12927
1.11625
1.10973
1.09908
1.09551
1.08649
1.08394
1.07387
1.06922
1.05555
1.04672
1.02841
1.0145
0.991395
0.971921
0.944213
0.919065
0.886901
0.855818
0.819706
0.785161
0.747424
0.712127
0.676673
0.644007
0.615753
0.589935
0.575132
0.559587
0.562649
0.563262
0.578548
0.598505
0.620459
0.656427
0.68847
0.72205
0.767033
0.799867
1.11842
1.11202
1.11707
1.11492
1.11915
1.11474
1.11148
1.09953
1.08715
1.0678
1.04731
1.02193
0.994431
0.963867
0.929783
0.89434
0.854014
0.814478
0.769695
0.72958
0.683817
0.645271
0.601232
0.567943
0.52953
0.507315
0.479747
0.478592
0.467058
0.488405
0.501588
0.533513
0.571106
0.617262
0.651708
0.702765
0.74182
0.786671
0.823866
0.859555
1.38872
1.36712
1.33041
1.29829
1.25348
1.21342
1.16425
1.12047
1.06851
1.02225
0.968766
0.920873
0.866138
0.81653
0.7604
0.709298
0.652124
0.600582
0.543574
0.492443
0.437057
0.387965
0.339381
0.298763
0.272072
0.249681
0.269199
0.295411
0.313518
0.368367
0.429929
0.478377
0.557782
0.606728
0.687424
0.735341
0.816197
0.859064
0.937791
0.977335
0.999977
1
0.999997
0.999995
0.999995
0.999996
0.999996
0.999996
0.999997
0.999998
0.999998
0.999997
0.999997
0.999997
0.999997
0.999996
0.999995
0.999995
0.999994
0.999995
0.999995
0.999995
0.999995
0.999994
0.999994
0.999995
0.999995
0.999996
0.999997
0.999999
1
1
1
1
1
1
1
1.00001
1
0.999983
0.999978
1.00002
1.00002
1.00002
1.00001
1.00001
1.00001
1.00001
1.00001
1.00001
1.00001
1.00001
1.00001
1.00001
1.00001
1.00001
1.00001
1.00001
1.00001
1.00001
1.00001
1.00001
1
1.00001
1.00001
1
1
1
0.999999
0.999996
0.999993
0.999988
0.999986
0.999986
0.999985
0.999983
0.999984
0.999984
0.999989
0.999939
0.999979
1.00004
1.00003
1.00003
1.00003
1.00002
1.00002
1.00002
1.00002
1.00002
1.00002
1.00002
1.00002
1.00001
1.00001
1.00001
1.00001
1
0.999999
0.999997
0.999993
0.999989
0.999986
0.99998
0.999975
0.999971
0.999967
0.999965
0.999965
0.999965
0.999966
0.99997
0.999967
0.999965
0.999964
0.999966
0.999965
0.999967
0.999968
0.999895
0.99998
1.00007
1.00006
1.00006
1.00005
1.00004
1.00004
1.00003
1.00003
1.00003
1.00002
1.00002
1.00002
1.00001
1.00001
1.00001
1.00001
1
0.999999
0.999994
0.99999
0.999987
0.999983
0.999982
0.999981
0.999978
0.999974
0.99997
0.999964
0.99996
0.999955
0.999945
0.999945
0.999945
0.999943
0.999939
0.99994
0.999938
0.999949
0.999836
0.999989
1.00013
1.00012
1.00011
1.00011
1.0001
1.0001
1.0001
1.00009
1.00009
1.00008
1.00008
1.00007
1.00007
1.00006
1.00005
1.00004
1.00003
1.00002
1.00001
1.00001
0.999994
0.999983
0.999969
0.999956
0.999946
0.999935
0.999924
0.999918
0.999908
0.9999
0.999903
0.99989
0.999878
0.999871
0.999868
0.999866
0.999879
0.999881
0.999742
1.00001
1.00018
1.00018
1.00016
1.00015
1.00014
1.00013
1.00012
1.00012
1.00011
1.0001
1.00009
1.00008
1.00007
1.00006
1.00006
1.00005
1.00003
1.00002
1.00001
0.999995
0.999984
0.99997
0.999962
0.999952
0.999938
0.999925
0.999911
0.99989
0.999877
0.999861
0.999833
0.999829
0.999829
0.999825
0.999823
0.999826
0.999818
0.999839
0.999641
1.00004
1.00026
1.00024
1.00023
1.00022
1.00021
1.0002
1.00019
1.00018
1.00017
1.00016
1.00015
1.00014
1.00013
1.00011
1.00009
1.00008
1.00006
1.00005
1.00003
1.00001
0.999991
0.999972
0.999945
0.999919
0.999898
0.999876
0.999855
0.999845
0.999827
0.999814
0.999816
0.999792
0.999767
0.999752
0.999742
0.999734
0.999752
0.99974
0.999527
1.00009
1.00036
1.00035
1.00034
1.00032
1.00031
1.0003
1.0003
1.00029
1.00028
1.00026
1.00025
1.00023
1.00021
1.0002
1.00019
1.00016
1.00014
1.00011
1.00009
1.00006
1.00004
1
0.999983
0.99996
0.999929
0.999899
0.999869
0.999825
0.999793
0.99976
0.999709
0.999694
0.999687
0.999671
0.99966
0.999655
0.999629
0.99966
0.999375
1.00016
1.00046
1.00044
1.00043
1.00042
1.00041
1.0004
1.00039
1.00037
1.00036
1.00034
1.00032
1.0003
1.00029
1.00026
1.00022
1.0002
1.00017
1.00014
1.0001
1.00007
1.00003
0.999999
0.999952
0.999905
0.999867
0.999825
0.999784
0.999759
0.999725
0.999693
0.999684
0.999642
0.999596
0.999571
0.999546
0.999532
0.999554
0.999529
0.999216
1.00022
1.00058
1.00057
1.00055
1.00053
1.00052
1.00051
1.00049
1.00047
1.00045
1.00043
1.00041
1.00038
1.00034
1.00032
1.0003
1.00026
1.00023
1.00019
1.00015
1.0001
1.00006
1
0.999959
0.999915
0.999859
0.999811
0.999761
0.999692
0.999636
0.999586
0.999517
0.999485
0.999472
0.99944
0.999426
0.999417
0.999374
0.999407
0.999025
1.00031
1.00069
1.00068
1.00067
1.00066
1.00065
1.00063
1.00062
1.0006
1.00057
1.00055
1.00052
1.0005
1.00047
1.00043
1.00037
1.00032
1.00027
1.00022
1.00016
1.0001
1.00004
0.999995
0.999928
0.999857
0.999797
0.999725
0.999656
0.999609
0.999557
0.999498
0.999467
0.999408
0.999341
0.999307
0.999256
0.999217
0.999242
0.999187
0.998808
1.0004
1.00083
1.00081
1.00079
1.00077
1.00075
1.00073
1.00071
1.00069
1.00066
1.00063
1.0006
1.00054
1.0005
1.00046
1.00043
1.00038
1.00033
1.00027
1.00022
1.00015
1.00007
0.999985
0.999908
0.999832
0.999744
0.999672
0.999597
0.999503
0.999418
0.999349
0.999253
0.999208
0.999161
0.999103
0.999087
0.999071
0.999002
0.999045
0.99857
1.00052
1.00098
1.00096
1.00092
1.00089
1.00086
1.00083
1.0008
1.00077
1.00073
1.00069
1.00065
1.00062
1.00057
1.00051
1.00043
1.00035
1.00027
1.00019
1.00011
1.00003
0.999949
0.999874
0.999784
0.999692
0.999608
0.9995
0.999399
0.999316
0.999236
0.999145
0.999086
0.999001
0.998937
0.99889
0.99882
0.998772
0.99881
0.998754
0.998292
1.00061
1.00111
1.00109
1.00107
1.00105
1.00102
1.00099
1.00096
1.00092
1.00088
1.00083
1.00077
1.0007
1.00065
1.00058
1.00054
1.00047
1.0004
1.00032
1.00024
1.00013
1.00002
0.999897
0.999779
0.999658
0.999525
0.999427
0.999324
0.999208
0.999096
0.999003
0.998903
0.99882
0.998738
0.99867
0.998643
0.998624
0.998548
0.998577
0.998024
1.00077
1.00134
1.00133
1.00129
1.00126
1.00123
1.0012
1.00117
1.00113
1.00108
1.00103
1.001
1.00096
1.00088
1.0008
1.0007
1.00061
1.00051
1.0004
1.0003
1.0002
1.00008
0.999973
0.999861
0.999745
0.999633
0.999481
0.999343
0.999217
0.999094
0.998972
0.998852
0.998743
0.998662
0.998571
0.998473
0.998395
0.998398
0.998334
0.997778
1.00095
1.00153
1.00153
1.00153
1.00152
1.0015
1.00148
1.00144
1.00141
1.00137
1.00133
1.00126
1.00117
1.00111
1.00102
1.00098
1.00089
1.0008
1.00069
1.00056
1.00042
1.00028
1.00012
0.999941
0.99976
0.999595
0.999462
0.999303
0.999143
0.998989
0.998837
0.998718
0.998585
0.99845
0.998362
0.99829
0.998239
0.998146
0.998164
0.997491
1.00111
1.00175
1.00171
1.00168
1.00163
1.0016
1.00157
1.00153
1.00149
1.00143
1.00137
1.00132
1.00127
1.00119
1.00112
1.00098
1.00086
1.00073
1.0006
1.00046
1.00034
1.0002
1.00006
0.999923
0.999788
0.99959
0.999396
0.999224
0.999048
0.998867
0.998705
0.998537
0.998393
0.998259
0.998121
0.998017
0.997896
0.997909
0.997815
0.99716
1.00123
1.00188
1.00186
1.00184
1.00182
1.00179
1.00174
1.00169
1.00164
1.00158
1.00151
1.00143
1.00132
1.00122
1.00109
1.00102
1.00091
1.00077
1.00063
1.00046
1.00025
1.00006
0.999852
0.999625
0.999399
0.99921
0.999018
0.998804
0.998604
0.998426
0.998241
0.998086
0.997926
0.997798
0.997706
0.997613
0.997574
0.997457
0.997481
0.996737
1.00141
1.00211
1.00209
1.00204
1.00199
1.00194
1.00188
1.00182
1.00175
1.00167
1.0016
1.0015
1.0014
1.00131
1.00122
1.00101
1.00087
1.00071
1.00054
1.00036
1.00022
1.00004
0.999856
0.999665
0.99946
0.999239
0.998998
0.998783
0.998559
0.998329
0.998114
0.9979
0.99772
0.997536
0.997354
0.997224
0.997108
0.997106
0.997006
0.996314
1.00161
1.00237
1.00235
1.00232
1.0023
1.00227
1.00222
1.00217
1.00212
1.00206
1.002
1.00192
1.00182
1.00168
1.00154
1.00147
1.00132
1.00116
1.00097
1.00076
1.00047
1.00023
0.999976
0.999713
0.999453
0.999188
0.998927
0.998649
0.998385
0.998134
0.997893
0.997653
0.997447
0.997275
0.997129
0.99699
0.99688
0.996723
0.996718
0.995858
1.00199
1.0028
1.00277
1.00273
1.00268
1.00264
1.0026
1.00254
1.00247
1.0024
1.00229
1.0022
1.00209
1.002
1.00187
1.00165
1.00147
1.00129
1.00108
1.0009
1.00075
1.00052
1.00026
0.999988
0.999681
0.999398
0.999086
0.998794
0.998485
0.998186
0.997883
0.997605
0.997341
0.9971
0.99688
0.996666
0.996508
0.996412
0.996339
0.995532
1.00216
1.00299
1.00297
1.00295
1.00292
1.00287
1.00281
1.00275
1.00269
1.00262
1.00254
1.00243
1.00232
1.00214
1.00198
1.00185
1.00168
1.00147
1.00125
1.00098
1.00062
1.00031
1.00001
0.999693
0.999393
0.999006
0.99868
0.998312
0.99795
0.997659
0.997323
0.99709
0.996761
0.996551
0.996333
0.996191
0.996012
0.995911
0.995806
0.994839
1.00244
1.00333
1.00328
1.00322
1.00315
1.00311
1.00305
1.00297
1.0029
1.00279
1.00268
1.00256
1.00241
1.00225
1.00208
1.00188
1.00165
1.00141
1.00115
1.00089
1.00071
1.00041
1.00007
0.999723
0.999313
0.99899
0.998598
0.998226
0.997901
0.997464
0.997143
0.996692
0.996443
0.996081
0.995798
0.995551
0.995414
0.995275
0.995229
0.99434
1.00264
1.00356
1.00355
1.00352
1.00349
1.00341
1.00336
1.00329
1.00322
1.00312
1.00303
1.0029
1.00275
1.00261
1.00244
1.00224
1.00205
1.00179
1.00153
1.00119
1.00076
1.0004
1.00003
0.999595
0.999237
0.998781
0.998365
0.997928
0.997423
0.997052
0.996593
0.996328
0.995882
0.99559
0.995331
0.995076
0.994862
0.994713
0.994582
0.993533
1.00309
1.00407
1.00402
1.00396
1.0039
1.00386
1.00378
1.00371
1.00363
1.00353
1.00341
1.00326
1.00312
1.00294
1.00271
1.0025
1.00221
1.00195
1.00162
1.00131
1.00106
1.00068
1.00027
0.999888
0.999386
0.998935
0.998415
0.997908
0.997522
0.996956
0.996537
0.995953
0.995644
0.995237
0.994872
0.994602
0.994344
0.994203
0.994053
0.993084
1.00334
1.00436
1.00436
1.00433
1.00429
1.00421
1.00418
1.00411
1.00401
1.0039
1.00375
1.00363
1.00345
1.00329
1.00314
1.00291
1.00266
1.00237
1.00205
1.0017
1.00119
1.00076
1.00029
0.999753
0.999271
0.998728
0.998252
0.997775
0.997077
0.996643
0.996104
0.995732
0.995183
0.994768
0.994427
0.994053
0.993828
0.993584
0.993383
0.992234
1.00374
1.0048
1.00474
1.00469
1.00463
1.00458
1.00448
1.0044
1.0043
1.00419
1.00409
1.00391
1.00378
1.00358
1.00328
1.00301
1.00272
1.00239
1.00201
1.00161
1.00129
1.00082
1.00032
0.999828
0.99928
0.998727
0.998024
0.997337
0.996872
0.99619
0.995602
0.994944
0.994488
0.994014
0.993548
0.993277
0.992935
0.992768
0.99267
0.991638
1.00398
1.00506
1.00507
1.00502
1.00496
1.0049
1.00488
1.00479
1.00469
1.00456
1.00438
1.00427
1.00407
1.00386
1.00372
1.00349
1.00318
1.00285
1.0025
1.00207
1.00149
1.00102
1.00047
0.999853
0.999193
0.99852
0.997972
0.997393
0.996641
0.996022
0.99539
0.99481
0.994185
0.993632
0.993152
0.99263
0.992349
0.992059
0.991897
0.990451
1.00448
1.00562
1.00555
1.00551
1.00547
1.0054
1.0053
1.00521
1.0051
1.00498
1.00489
1.0047
1.00455
1.00434
1.00403
1.00372
1.00341
1.00305
1.0026
1.00218
1.00175
1.00116
1.00055
0.999914
0.999265
0.998575
0.99775
0.996859
0.996112
0.995344
0.994616
0.993919
0.993276
0.992689
0.992175
0.991832
0.991363
0.99106
0.990844
0.989832
1.00478
1.00595
1.00597
1.00591
1.00586
1.0058
1.00576
1.00567
1.00558
1.00545
1.00528
1.00513
1.00493
1.00471
1.00451
1.00426
1.00394
1.00357
1.00319
1.00262
1.00203
1.00148
1.00081
1.0001
0.999316
0.998503
0.997712
0.997058
0.996273
0.995426
0.994597
0.993788
0.993046
0.992349
0.99171
0.991078
0.990709
0.990429
0.99021
0.988587
1.00535
1.00654
1.00645
1.00643
1.00638
1.00634
1.00623
1.00615
1.006
1.00588
1.00575
1.00557
1.0054
1.00515
1.00488
1.00455
1.00423
1.00384
1.00333
1.00289
1.00231
1.00161
1.00089
1.0001
0.999287
0.998425
0.997545
0.996412
0.995423
0.994528
0.993656
0.992778
0.991981
0.991238
0.99057
0.99012
0.98951
0.98911
0.988872
0.987834
1.00565
1.00686
1.00689
1.00682
1.00677
1.00671
1.00668
1.00658
1.00653
1.00641
1.00624
1.00605
1.00581
1.00562
1.0054
1.00512
1.00476
1.00439
1.00396
1.00333
1.0027
1.002
1.0012
1.00035
0.999422
0.998458
0.997428
0.996583
0.995576
0.994535
0.993474
0.9926
0.991653
0.99079
0.990013
0.989201
0.988809
0.988334
0.988012
0.986306
1.00627
1.0075
1.0074
1.0074
1.00736
1.00732
1.00721
1.00715
1.00699
1.00684
1.00667
1.0065
1.00636
1.00608
1.00581
1.0055
1.00525
1.00478
1.00422
1.00372
1.00303
1.00226
1.0014
1.00047
0.999491
0.99844
0.997353
0.996095
0.994924
0.993741
0.992719
0.991404
0.990422
0.989487
0.988676
0.988073
0.98731
0.986853
0.986484
0.985422
1.00661
1.00785
1.0079
1.00782
1.00774
1.00772
1.00772
1.00761
1.00757
1.00744
1.00727
1.0071
1.00679
1.00663
1.00641
1.00616
1.00572
1.00545
1.00499
1.00426
1.00353
1.00268
1.00176
1.00073
0.999614
0.998443
0.997238
0.99605
0.994797
0.993567
0.992094
0.991244
0.990111
0.989035
0.988018
0.987054
0.986476
0.985956
0.985478
0.983653
1.00729
1.00853
1.00843
1.00843
1.00841
1.00834
1.00829
1.00826
1.0081
1.00793
1.00777
1.00753
1.0074
1.00718
1.00695
1.00666
1.00646
1.00596
1.00541
1.00488
1.00407
1.00317
1.00215
1.00109
0.999933
0.998672
0.997345
0.995914
0.994458
0.992962
0.991828
0.989961
0.988772
0.987575
0.986455
0.985851
0.984606
0.984368
0.983625
0.982653
1.00765
1.00889
1.00891
1.00886
1.0088
1.00874
1.00881
1.00877
1.00869
1.00852
1.00836
1.00819
1.00797
1.00772
1.00757
1.00738
1.00695
1.00674
1.00631
1.00543
1.00457
1.00363
1.0026
1.00141
1.00011
0.998715
0.997218
0.995725
0.994209
0.992759
0.990759
0.989683
0.988036
0.987126
0.985586
0.984749
0.983538
0.983452
0.982301
0.980622
1.00836
1.0096
1.00943
1.0095
1.0095
1.00932
1.00952
1.00952
1.00931
1.00901
1.009
1.0088
1.0085
1.00839
1.00824
1.00809
1.00784
1.00742
1.00705
1.00634
1.00538
1.00437
1.00327
1.00204
1.00066
0.999078
0.997474
0.995806
0.994038
0.992066
0.990771
0.988429
0.987059
0.985588
0.983482
0.983289
0.981198
0.981673
0.980148
0.979464
1.00872
1.00997
1.0099
1.00993
1.00997
1.00971
1.01004
1.01006
1.01002
1.00957
1.00963
1.00943
1.00906
1.00915
1.00898
1.00892
1.00859
1.00828
1.00816
1.00705
1.00608
1.00513
1.00403
1.00276
1.00127
0.999665
0.997813
0.995978
0.994045
0.992257
0.989878
0.988323
0.98545
0.985024
0.982607
0.982177
0.979975
0.980525
0.978606
0.977097
1.00974
1.01092
1.01048
1.01067
1.01078
1.01037
1.01085
1.01107
1.01091
1.01015
1.01051
1.01044
1.00992
1.0102
1.0099
1.01005
1.00964
1.00933
1.00942
1.0082
1.0073
1.00629
1.00516
1.00382
1.00222
1.00033
0.998147
0.996384
0.994174
0.991573
0.989851
0.986782
0.985067
0.983133
0.980156
0.980024
0.97745
0.9783
0.976317
0.97579
1.00902
1.01086
1.01095
1.01114
1.01117
1.01091
1.01158
1.01157
1.01142
1.01104
1.01148
1.01112
1.01087
1.0112
1.01106
1.01117
1.01088
1.01049
1.01042
1.00931
1.0087
1.0079
1.00683
1.00558
1.004
1.00213
0.999603
0.997533
0.994947
0.992654
0.989409
0.987196
0.983244
0.981322
0.979702
0.977554
0.976562
0.97592
0.974997
0.972121
1.0119
1.0169
1.01542
1.01627
1.01651
1.01686
1.01759
1.01786
1.01875
1.019
1.01979
1.01978
1.02066
1.02069
1.02175
1.02195
1.02317
1.02347
1.02464
1.02518
1.02681
1.02737
1.0304
1.03107
1.03548
1.03731
1.04441
1.05274
1.06371
1.08954
1.12301
1.13622
1.05748
0.922745
0.827503
0.830352
0.935097
1.1021
1.05764
0.954739
1.01201
1.01601
1.01443
1.01612
1.01616
1.01658
1.01725
1.01747
1.01843
1.01867
1.01954
1.01951
1.02038
1.0203
1.02144
1.02152
1.02283
1.02283
1.0241
1.0241
1.02579
1.02602
1.02883
1.0292
1.03363
1.03424
1.04073
1.04558
1.0526
1.06722
1.08086
1.0778
1.00506
0.903539
0.80368
0.809946
0.914383
1.17817
1.20376
1.07584
1.01369
1.01501
1.01423
1.01587
1.0158
1.01626
1.01674
1.01703
1.01787
1.01822
1.01906
1.01908
1.01981
1.01982
1.02088
1.02103
1.02223
1.02222
1.02342
1.02332
1.02496
1.02501
1.02738
1.02752
1.03138
1.03124
1.03661
1.0389
1.04192
1.04885
1.04682
1.03182
0.956222
0.858473
0.75687
0.751894
0.863061
1.2064
1.3285
1.21642
1.01541
1.01403
1.01424
1.01536
1.01548
1.01587
1.01635
1.01664
1.01739
1.01775
1.01841
1.01851
1.01906
1.0192
1.02006
1.02034
1.0213
1.02144
1.02246
1.02253
1.02399
1.02399
1.02591
1.0258
1.02896
1.02829
1.03233
1.03229
1.03288
1.03311
1.02133
0.995746
0.915307
0.815746
0.701308
0.65619
0.755886
1.19879
1.43179
1.3655
1.01688
1.0137
1.0144
1.01492
1.01525
1.01559
1.01609
1.01637
1.01707
1.01737
1.01794
1.01802
1.01848
1.01864
1.0194
1.01975
1.02058
1.02077
1.02157
1.0217
1.02277
1.02278
1.02432
1.02405
1.02654
1.02527
1.02792
1.02588
1.02522
1.01971
1.00271
0.97008
0.882192
0.779468
0.657176
0.582362
0.651019
1.15709
1.50373
1.49252
1.01715
1.01367
1.01446
1.01455
1.01499
1.01528
1.01573
1.01602
1.01667
1.01696
1.01746
1.01755
1.01796
1.01813
1.01876
1.01916
1.01985
1.02014
1.02074
1.02093
1.02166
1.02171
1.02284
1.02251
1.0242
1.02235
1.02381
1.02033
1.01862
1.00942
0.990982
0.955218
0.858501
0.75569
0.636708
0.548511
0.600935
1.11015
1.53262
1.56414
1.01702
1.01359
1.01435
1.01422
1.01474
1.01496
1.01542
1.01571
1.01627
1.01656
1.017
1.01707
1.01746
1.01766
1.01817
1.01854
1.01903
1.01939
1.01986
1.02015
1.02074
1.0208
1.02149
1.02106
1.022
1.0198
1.02044
1.01642
1.01361
1.0031
0.986659
0.949273
0.844816
0.746856
0.642149
0.566081
0.632509
1.09393
1.51948
1.56974
1.0167
1.0134
1.01408
1.01398
1.01453
1.01471
1.01513
1.0154
1.01586
1.01611
1.01648
1.01654
1.01693
1.01714
1.01761
1.01794
1.01829
1.01864
1.019
1.01927
1.01975
1.0197
1.02014
1.01965
1.02009
1.01791
1.01791
1.01403
1.01059
1.0005
0.988749
0.950914
0.841164
0.750866
0.667705
0.619017
0.701557
1.10786
1.47986
1.52444
1.0166
1.01307
1.01375
1.0138
1.01434
1.0145
1.01483
1.01509
1.01546
1.0157
1.01598
1.01606
1.01644
1.01659
1.01706
1.01735
1.01765
1.01798
1.01816
1.01834
1.0186
1.01843
1.01889
1.01824
1.01845
1.01657
1.01604
1.01268
1.00932
1.00108
0.994885
0.959318
0.846771
0.762871
0.703474
0.682831
0.771369
1.12269
1.42129
1.42159
1.01657
1.01283
1.01352
1.01359
1.01408
1.01421
1.01449
1.01477
1.01503
1.01527
1.01549
1.0156
1.0159
1.01598
1.01641
1.01662
1.01687
1.01715
1.01722
1.01731
1.01751
1.01723
1.01772
1.01677
1.01695
1.01548
1.01457
1.01185
1.00929
1.00387
1.00291
0.972526
0.859162
0.778368
0.73985
0.742338
0.826855
1.12268
1.34678
1.31674
1.0165
1.01269
1.01335
1.0133
1.01376
1.01388
1.01414
1.01444
1.0146
1.01489
1.01504
1.01517
1.01538
1.01547
1.01583
1.01593
1.0161
1.01629
1.01629
1.01637
1.01654
1.01614
1.01652
1.01538
1.0156
1.01445
1.01341
1.01157
1.01007
1.00777
1.01123
0.987522
0.875476
0.794682
0.771427
0.791141
0.868869
1.11227
1.25676
1.23007
1.01641
1.01258
1.01319
1.01292
1.01341
1.01353
1.01375
1.01403
1.01414
1.01447
1.01457
1.01475
1.01489
1.015
1.01526
1.01527
1.01541
1.0155
1.0155
1.01555
1.01567
1.01511
1.01537
1.01428
1.01445
1.01341
1.01242
1.01162
1.01117
1.01186
1.01868
1.00156
0.894092
0.810918
0.796992
0.827496
0.899106
1.07962
1.17474
1.16316
1.0163
1.01253
1.01304
1.01258
1.01307
1.01319
1.01336
1.01365
1.01373
1.01406
1.01408
1.01427
1.01435
1.01449
1.01465
1.01466
1.01481
1.01483
1.01487
1.01482
1.01482
1.01418
1.01431
1.01334
1.01332
1.01225
1.01157
1.01182
1.01202
1.01548
1.02441
1.01268
0.91341
0.827782
0.817582
0.852753
0.91785
1.04598
1.11671
1.11434
1.01608
1.01244
1.0129
1.01233
1.01274
1.01284
1.01298
1.01328
1.01334
1.01361
1.01359
1.01379
1.01382
1.01394
1.01401
1.01406
1.01422
1.01415
1.01418
1.01399
1.01393
1.0133
1.01328
1.01241
1.01222
1.01129
1.011
1.01181
1.01224
1.0179
1.02801
1.01953
0.931833
0.846342
0.83571
0.870346
0.927926
1.02162
1.07724
1.07799
1.0157
1.01226
1.01271
1.01211
1.01246
1.01253
1.01267
1.01292
1.01293
1.01316
1.01311
1.01332
1.01331
1.01344
1.01348
1.01352
1.01364
1.01342
1.01342
1.01312
1.01298
1.01237
1.01225
1.0115
1.01123
1.01046
1.01041
1.01147
1.01207
1.01862
1.02892
1.02203
0.947804
0.866235
0.853178
0.883808
0.933793
1.00367
1.04842
1.04992
1.01529
1.01194
1.01239
1.01185
1.01222
1.01221
1.01234
1.01252
1.01249
1.01269
1.01266
1.01289
1.01287
1.01301
1.01304
1.013
1.01304
1.01273
1.01269
1.01235
1.01215
1.01155
1.01141
1.01073
1.01033
1.00966
1.0096
1.0107
1.01145
1.01817
1.02727
1.02137
0.960963
0.886354
0.870973
0.895486
0.93767
0.991297
1.02713
1.02835
1.01505
1.01162
1.01202
1.01155
1.01197
1.01193
1.01206
1.01219
1.01216
1.01235
1.01232
1.01253
1.01251
1.01264
1.01263
1.01249
1.01249
1.01215
1.01207
1.01171
1.01144
1.01088
1.01068
1.00995
1.00941
1.00879
1.00843
1.00937
1.0102
1.01612
1.02368
1.01879
0.971021
0.90519
0.888615
0.906394
0.940569
0.982664
1.01133
1.01206
1.01487
1.01139
1.01173
1.01127
1.01166
1.01158
1.01172
1.01182
1.01181
1.01196
1.01195
1.01211
1.01208
1.01212
1.01206
1.01183
1.01183
1.01153
1.01137
1.01102
1.01076
1.01026
1.00997
1.00914
1.00853
1.00782
1.00707
1.00783
1.00895
1.01344
1.01919
1.01515
0.977926
0.92206
0.905497
0.917
0.943426
0.976642
0.999687
1.00006
1.0146
1.01117
1.01152
1.01098
1.01134
1.01123
1.01138
1.01147
1.01146
1.01159
1.01153
1.01165
1.01159
1.01158
1.01152
1.01126
1.01127
1.01103
1.0108
1.01047
1.01017
1.00964
1.00925
1.00835
1.00764
1.00681
1.00576
1.00644
1.00764
1.01069
1.01437
1.01092
0.982107
0.9363
0.920776
0.927465
0.94686
0.972778
0.991423
0.99157
1.01424
1.01094
1.0113
1.01066
1.01102
1.01084
1.01101
1.01106
1.01105
1.01113
1.01105
1.01113
1.01109
1.01107
1.01102
1.01077
1.01077
1.01058
1.01029
1.00994
1.00955
1.00891
1.0084
1.00747
1.00675
1.00595
1.00489
1.00544
1.00648
1.00789
1.00986
1.00652
0.984328
0.948203
0.934212
0.937597
0.950886
0.970692
0.985791
0.985862
1.01393
1.01069
1.01106
1.01033
1.01074
1.0105
1.01073
1.01071
1.0107
1.01078
1.01065
1.01072
1.01069
1.01068
1.01066
1.0104
1.01036
1.01014
1.00973
1.00934
1.00887
1.0081
1.00751
1.0067
1.00609
1.00546
1.0045
1.00474
1.00524
1.0052
1.00581
1.00226
0.985378
0.957735
0.945349
0.946827
0.955246
0.969905
0.98188
0.981897
1.01366
1.01041
1.01076
1.00996
1.01043
1.01012
1.01039
1.01032
1.01029
1.01035
1.01023
1.01029
1.0103
1.01023
1.01019
1.00992
1.00979
1.0095
1.00897
1.00856
1.00809
1.00732
1.00676
1.00611
1.00559
1.00506
1.00425
1.00398
1.00385
1.0027
1.0023
0.998542
0.985691
0.965056
0.954224
0.954808
0.959777
0.970085
0.979023
0.978944
1.0134
1.0101
1.01042
1.00957
1.01012
1.00979
1.01009
1.01
1.00997
1.01002
1.00993
1.01
1.00998
1.00988
1.0098
1.00952
1.00928
1.00893
1.00833
1.00792
1.00745
1.00675
1.00629
1.0057
1.00508
1.00451
1.00376
1.00304
1.00224
1.00043
0.999225
0.995569
0.985458
0.970311
0.960977
0.961516
0.964359
0.971007
0.977032
0.976741
1.01312
1.0098
1.01006
1.00922
1.0098
1.00944
1.00976
1.00965
1.00966
1.00968
1.00963
1.00969
1.00964
1.0095
1.00938
1.00908
1.00876
1.00837
1.0078
1.00739
1.00692
1.00633
1.00593
1.00534
1.00458
1.00393
1.00327
1.00215
1.00087
0.998693
0.996892
0.993455
0.985287
0.974302
0.966184
0.967115
0.968774
0.972444
0.975871
0.975518
1.01272
1.00948
1.00976
1.00893
1.00954
1.00914
1.00947
1.00936
1.00942
1.00945
1.00938
1.00939
1.00928
1.00911
1.00894
1.00862
1.00825
1.00785
1.00737
1.00699
1.00654
1.00599
1.00565
1.00503
1.00419
1.00351
1.00282
1.00145
0.999708
0.997487
0.995154
0.992096
0.985186
0.977346
0.97016
0.971624
0.972706
0.974147
0.9754
0.97516
1.01232
1.00916
1.00952
1.00867
1.00926
1.00878
1.00913
1.00896
1.00906
1.00903
1.00895
1.00889
1.00873
1.00853
1.00834
1.00803
1.00765
1.0073
1.00693
1.00663
1.00622
1.00569
1.00537
1.00477
1.00393
1.00313
1.00238
1.00082
0.998846
0.996688
0.993998
0.991279
0.98524
0.979826
0.973238
0.975164
0.975922
0.976055
0.975499
0.975381
1.01179
1.00882
1.00929
1.0084
1.00898
1.00847
1.00887
1.00865
1.00876
1.00868
1.00854
1.00845
1.00827
1.00811
1.00794
1.00768
1.00735
1.00704
1.00671
1.00647
1.00606
1.0055
1.00513
1.00451
1.00358
1.00264
1.0017
1.00015
0.997968
0.996046
0.993028
0.990796
0.985253
0.981732
0.975636
0.977876
0.978328
0.97821
0.975785
0.975688
1.01153
1.00852
1.009
1.00803
1.00862
1.0081
1.00858
1.0083
1.00841
1.00828
1.00817
1.00807
1.00793
1.00782
1.00769
1.00745
1.00716
1.00685
1.00651
1.00625
1.0058
1.00519
1.00478
1.0041
1.0031
1.00199
1.00096
0.999467
0.997271
0.995543
0.992399
0.990626
0.985404
0.983359
0.977441
0.980013
0.979974
0.980705
0.976907
0.975857
1.01129
1.00826
1.00864
1.00755
1.00826
1.00777
1.00829
1.00802
1.00816
1.008
1.00792
1.00785
1.00777
1.00768
1.00756
1.00733
1.00706
1.00669
1.00633
1.00603
1.00555
1.00487
1.00441
1.0037
1.00262
1.00145
1.00028
0.998975
0.996669
0.995254
0.991931
0.990724
0.985586
0.984708
0.978783
0.981725
0.981064
0.983507
0.978724
0.975825
1.01125
1.00798
1.00817
1.00704
1.00785
1.00739
1.0079
1.00763
1.0078
1.00762
1.00763
1.00758
1.0075
1.00742
1.00727
1.00702
1.00676
1.00636
1.00599
1.00568
1.00518
1.0045
1.004
1.00326
1.0022
1.001
0.999811
0.998584
0.996337
0.995117
0.991772
0.990991
0.98592
0.985976
0.979597
0.983167
0.981863
0.986252
0.980571
0.976029
1.01099
1.00765
1.00767
1.00659
1.00753
1.0071
1.0076
1.00734
1.00758
1.0074
1.00744
1.00738
1.00732
1.00721
1.00704
1.00681
1.00657
1.00612
1.00575
1.00541
1.00489
1.0042
1.00366
1.00291
1.00178
1.00068
0.999338
0.9983
0.995957
0.995085
0.99157
0.991321
0.986171
0.987033
0.980094
0.984395
0.982508
0.988184
0.982622
0.97644
1.0108
1.00709
1.00718
1.00627
1.00724
1.00683
1.00733
1.00705
1.00732
1.00715
1.00725
1.00719
1.0071
1.00696
1.00677
1.00655
1.00631
1.00585
1.00545
1.00506
1.00453
1.00387
1.00329
1.00249
1.00141
1.00034
0.99902
0.998002
0.995761
0.995045
0.991605
0.991633
0.986558
0.988008
0.980441
0.985426
0.982875
0.988847
0.983135
0.980267
1.00982
1.00644
1.00686
1.00608
1.00709
1.00666
1.00722
1.00693
1.00725
1.00711
1.00721
1.00712
1.00702
1.00684
1.00665
1.00642
1.00618
1.00569
1.00524
1.00481
1.00424
1.00361
1.00296
1.00217
1.00106
1.00011
0.998665
0.997833
0.995512
0.995121
0.991575
0.992004
0.986853
0.988816
0.980849
0.986208
0.982852
0.98868
0.981451
0.986233
1.00916
1.00582
1.00663
1.00599
1.00691
1.00649
1.00706
1.00677
1.00707
1.00692
1.00707
1.00694
1.00678
1.00658
1.00637
1.00611
1.00583
1.00536
1.0049
1.00441
1.00385
1.00327
1.00261
1.00183
1.0008
0.999874
0.998512
0.997682
0.995527
0.995182
0.991872
0.992331
0.987431
0.989528
0.981649
0.986737
0.982248
0.988065
0.979194
0.994995
1.00714
1.00538
1.00662
1.00599
1.00683
1.00639
1.00703
1.00673
1.00704
1.00689
1.007
1.00683
1.00666
1.00643
1.00621
1.00592
1.00561
1.00516
1.00468
1.00417
1.00363
1.00305
1.00238
1.00166
1.00062
0.999783
0.998318
0.997699
0.995503
0.995403
0.992096
0.992786
0.987914
0.990205
0.982552
0.987442
0.981165
0.987553
0.976967
0.997908
1.00578
1.00525
1.00664
1.00602
1.00668
1.00627
1.00687
1.00659
1.0069
1.00666
1.00678
1.00658
1.0064
1.00613
1.0059
1.00559
1.00524
1.00483
1.00436
1.00383
1.0033
1.00275
1.00208
1.00141
1.00047
0.999606
0.998273
0.997642
0.995702
0.995526
0.992636
0.993121
0.988859
0.990785
0.984277
0.988581
0.981555
0.98898
0.978186
1.00024
1.00283
1.00536
1.00678
1.00612
1.00672
1.00624
1.00685
1.0066
1.00693
1.00667
1.00671
1.00649
1.00632
1.00603
1.00577
1.00543
1.00508
1.0047
1.00421
1.00371
1.00318
1.00261
1.00191
1.00132
1.00035
0.999533
0.99813
0.997709
0.995777
0.995764
0.992997
0.993612
0.989523
0.991419
0.985438
0.990104
0.983397
0.992054
0.984395
0.984589
1.00075
1.00578
1.0068
1.00623
1.00656
1.00612
1.0065
1.00639
1.00675
1.00643
1.00641
1.0062
1.00606
1.00576
1.00548
1.00513
1.00478
1.00439
1.0039
1.00344
1.0029
1.0023
1.00163
1.00106
1.00021
0.999348
0.998121
0.997654
0.99604
0.995863
0.993654
0.993923
0.990798
0.991883
0.987687
0.991439
0.986831
0.995161
0.994428
0.973088
0.997856
1.00637
1.00738
1.0065
1.00672
1.0062
1.00641
1.00632
1.00683
1.00647
1.00632
1.00611
1.006
1.00568
1.00536
1.005
1.00467
1.0043
1.00377
1.00337
1.00285
1.0022
1.00148
1.00099
1.0001
0.999288
0.998025
0.997709
0.996136
0.996031
0.994033
0.994275
0.991466
0.992298
0.988694
0.992473
0.988846
0.997189
1.00483
0.953986
0.995664
1.00765
1.00722
1.00659
1.00617
1.00595
1.00588
1.00603
1.00645
1.00618
1.00589
1.00574
1.00561
1.00532
1.00497
1.0046
1.00435
1.00397
1.00339
1.00306
1.00255
1.00186
1.00115
1.00065
0.999909
0.999038
0.998058
0.997583
0.996494
0.996053
0.994905
0.99454
0.993159
0.992609
0.99143
0.992849
0.994075
0.996417
1.01116
0.946123
)
;

boundaryField
{
    FrontBack
    {
        type            empty;
    }
    Cylinder
    {
        type            calculated;
        value           uniform 0;
    }
    Bottom
    {
        type            calculated;
        value           uniform 0;
    }
    Top
    {
        type            calculated;
        value           uniform 0;
    }
    Inlet
    {
        type            calculated;
        value           uniform 1;
    }
    Outlet
    {
        type            calculated;
        value           nonuniform List<scalar> 
40
(
0.995664
1.00765
1.00722
1.00659
1.00617
1.00595
1.00588
1.00603
1.00645
1.00618
1.00589
1.00574
1.00561
1.00532
1.00497
1.0046
1.00435
1.00397
1.00339
1.00306
1.00255
1.00186
1.00115
1.00065
0.999909
0.999038
0.998058
0.997583
0.996494
0.996053
0.994905
0.99454
0.993159
0.992609
0.99143
0.992849
0.994075
0.996417
1.01116
0.946123
)
;
    }
}


// ************************************************************************* //
