/*--------------------------------*- C++ -*----------------------------------*\
  =========                 |
  \\      /  F ield         | OpenFOAM: The Open Source CFD Toolbox
   \\    /   O peration     | Website:  https://openfoam.org
    \\  /    A nd           | Version:  11
     \\/     M anipulation  |
\*---------------------------------------------------------------------------*/
FoamFile
{
    format      ascii;
    class       volScalarField;
    location    "10";
    object      Ccx;
}
// * * * * * * * * * * * * * * * * * * * * * * * * * * * * * * * * * * * * * //

dimensions      [0 1 0 0 0 0 0];

internalField   nonuniform List<scalar> 
9600
(
-9.67009
-9.42302
-9.17595
-8.92887
-8.68178
-8.43468
-8.18759
-7.94048
-7.69338
-7.44626
-7.19915
-6.95203
-6.7049
-6.45778
-6.21065
-5.96352
-5.71638
-5.46925
-5.22211
-4.97498
-4.72784
-4.48071
-4.23357
-3.98643
-3.7393
-3.49217
-3.24504
-2.99792
-2.75079
-2.50367
-2.25655
-2.00944
-1.76233
-1.51523
-1.26813
-1.02104
-0.773951
-0.52687
-0.279795
-0.0327272
-9.55688
-9.3157
-9.07451
-8.83329
-8.59205
-8.3508
-8.10953
-7.86825
-7.62695
-7.38565
-7.14433
-6.903
-6.66165
-6.42031
-6.17895
-5.93759
-5.69622
-5.45485
-5.21347
-4.9721
-4.73072
-4.48935
-4.24797
-4.0066
-3.76523
-3.52386
-3.28251
-3.04116
-2.79982
-2.55849
-2.31716
-2.07586
-1.83456
-1.59328
-1.35201
-1.11076
-0.869528
-0.628313
-0.387115
-0.145936
-9.44367
-9.20838
-8.97306
-8.73771
-8.50233
-8.26692
-8.03148
-7.79602
-7.56054
-7.32503
-7.08952
-6.85397
-6.61841
-6.38284
-6.14725
-5.91166
-5.67606
-5.44045
-5.20483
-4.96922
-4.7336
-4.49799
-4.26237
-4.02676
-3.79115
-3.55556
-3.31998
-3.0844
-2.84885
-2.6133
-2.37778
-2.14228
-1.90679
-1.67133
-1.4359
-1.20049
-0.965109
-0.729755
-0.494433
-0.259144
-9.33046
-9.10106
-8.87162
-8.64213
-8.4126
-8.18303
-7.95343
-7.72379
-7.49412
-7.26442
-7.03469
-6.80494
-6.57517
-6.34537
-6.11556
-5.88573
-5.6559
-5.42605
-5.19619
-4.96634
-4.73648
-4.50663
-4.27677
-4.04692
-3.81708
-3.58725
-3.35744
-3.12765
-2.89788
-2.66812
-2.4384
-2.20869
-1.97902
-1.74938
-1.51978
-1.29021
-1.06069
-0.831195
-0.601753
-0.372351
-9.21725
-8.99375
-8.77018
-8.54655
-8.32288
-8.09915
-7.87538
-7.65156
-7.4277
-7.20381
-6.97987
-6.75591
-6.53192
-6.3079
-6.08386
-5.85981
-5.63574
-5.41165
-5.18756
-4.96346
-4.73936
-4.51526
-4.29117
-4.06708
-3.84301
-3.61895
-3.39491
-3.17089
-2.9469
-2.72294
-2.49901
-2.27511
-2.05126
-1.82743
-1.60366
-1.37994
-1.15626
-0.932637
-0.70907
-0.485561
-9.10405
-8.88643
-8.66874
-8.45098
-8.23315
-8.01527
-7.79733
-7.57933
-7.36129
-7.14319
-6.92506
-6.70688
-6.48868
-6.27044
-6.05217
-5.83388
-5.61557
-5.39725
-5.17891
-4.96058
-4.74223
-4.5239
-4.30556
-4.08724
-3.86894
-3.65065
-3.43238
-3.21414
-2.99593
-2.77776
-2.55962
-2.34153
-2.12348
-1.90549
-1.68755
-1.46966
-1.25184
-1.03408
-0.816388
-0.598767
-8.99084
-8.77911
-8.56729
-8.3554
-8.14343
-7.93139
-7.71928
-7.5071
-7.29487
-7.08258
-6.87024
-6.65786
-6.44543
-6.23297
-6.02048
-5.80796
-5.59541
-5.38285
-5.17028
-4.9577
-4.74512
-4.53253
-4.31996
-4.1074
-3.89486
-3.68234
-3.46985
-3.25738
-3.04496
-2.83257
-2.62024
-2.40795
-2.19571
-1.98354
-1.77143
-1.55939
-1.34742
-1.13552
-0.923707
-0.711975
-8.87763
-8.67179
-8.46585
-8.25983
-8.05371
-7.84751
-7.64123
-7.43487
-7.22845
-7.02197
-6.81542
-6.60883
-6.40219
-6.1955
-5.98878
-5.78203
-5.57525
-5.36845
-5.16164
-4.95482
-4.74799
-4.54117
-4.33436
-4.12756
-3.92079
-3.71403
-3.50731
-3.30063
-3.09399
-2.88739
-2.68085
-2.47436
-2.26794
-2.06159
-1.85531
-1.64911
-1.44299
-1.23696
-1.03102
-0.825182
-8.76443
-8.56447
-8.36441
-8.16425
-7.96398
-7.76363
-7.56317
-7.36264
-7.16204
-6.96135
-6.76061
-6.55981
-6.35894
-6.15803
-5.95709
-5.75611
-5.55509
-5.35405
-5.153
-4.95194
-4.75088
-4.54981
-4.34876
-4.14773
-3.94671
-3.74573
-3.54478
-3.34387
-3.14301
-2.94221
-2.74146
-2.54078
-2.34017
-2.13965
-1.93919
-1.73884
-1.53857
-1.3384
-1.13834
-0.938387
-8.65122
-8.45716
-8.26297
-8.06867
-7.87426
-7.67974
-7.48513
-7.29042
-7.09562
-6.90074
-6.70579
-6.51078
-6.3157
-6.12057
-5.92539
-5.73018
-5.53493
-5.33965
-5.14436
-4.94906
-4.75375
-4.55845
-4.36316
-4.16789
-3.97264
-3.77742
-3.58225
-3.38712
-3.19204
-2.99702
-2.80208
-2.6072
-2.4124
-2.21769
-2.02308
-1.82856
-1.63415
-1.43985
-1.24566
-1.05159
-8.53802
-8.34984
-8.16153
-7.97309
-7.78454
-7.59586
-7.40707
-7.21819
-7.0292
-6.84013
-6.65097
-6.46175
-6.27246
-6.0831
-5.8937
-5.70425
-5.51477
-5.32526
-5.13573
-4.94618
-4.75664
-4.56709
-4.37756
-4.18805
-3.99856
-3.80912
-3.61972
-3.43036
-3.24107
-3.05184
-2.86268
-2.67362
-2.48463
-2.29574
-2.10696
-1.91828
-1.72972
-1.54128
-1.35298
-1.1648
-8.42481
-8.24253
-8.06009
-7.87752
-7.69481
-7.51198
-7.32902
-7.14596
-6.96279
-6.77952
-6.59616
-6.41272
-6.22921
-6.04563
-5.862
-5.67832
-5.49461
-5.31086
-5.12709
-4.94331
-4.75951
-4.57573
-4.39196
-4.20821
-4.02449
-3.84081
-3.65718
-3.47361
-3.2901
-3.10666
-2.9233
-2.74003
-2.55686
-2.37379
-2.19084
-2.008
-1.8253
-1.64272
-1.46029
-1.278
-8.3116
-8.13521
-7.95865
-7.78194
-7.60509
-7.4281
-7.25097
-7.07373
-6.89637
-6.71891
-6.54134
-6.3637
-6.18597
-6.00817
-5.83031
-5.6524
-5.47445
-5.29646
-5.11845
-4.94042
-4.7624
-4.58437
-4.40636
-4.22837
-4.05042
-3.87251
-3.69464
-3.51685
-3.33912
-3.16147
-2.98391
-2.80644
-2.62908
-2.45184
-2.27472
-2.09773
-1.92087
-1.74416
-1.56761
-1.39121
-8.1984
-8.02789
-7.85721
-7.68637
-7.51537
-7.34422
-7.17293
-7.0015
-6.82995
-6.6583
-6.48653
-6.31467
-6.14273
-5.9707
-5.79861
-5.62647
-5.45428
-5.28206
-5.10981
-4.93755
-4.76527
-4.59301
-4.42076
-4.24853
-4.07634
-3.9042
-3.73212
-3.56009
-3.38814
-3.21629
-3.04452
-2.87286
-2.70131
-2.52989
-2.3586
-2.18745
-2.01645
-1.8456
-1.67492
-1.50441
-8.0852
-7.92058
-7.75578
-7.5908
-7.42565
-7.26034
-7.09488
-6.92928
-6.76354
-6.59768
-6.43172
-6.26565
-6.09948
-5.93324
-5.76692
-5.60055
-5.43412
-5.26766
-5.10117
-4.93466
-4.76816
-4.60165
-4.43516
-4.26869
-4.10227
-3.9359
-3.76958
-3.60334
-3.43717
-3.2711
-3.10513
-2.93927
-2.77354
-2.60794
-2.44248
-2.27717
-2.11202
-1.94704
-1.78224
-1.61762
-7.97199
-7.81327
-7.65434
-7.49523
-7.33593
-7.17646
-7.01683
-6.85705
-6.69713
-6.53707
-6.3769
-6.21662
-6.05624
-5.89577
-5.73523
-5.57463
-5.41397
-5.25326
-5.09253
-4.93179
-4.77103
-4.61029
-4.44956
-4.28885
-4.12819
-3.96759
-3.80705
-3.64658
-3.4862
-3.32591
-3.16575
-3.00569
-2.84577
-2.68599
-2.52636
-2.36689
-2.20759
-2.04848
-1.88955
-1.73083
-7.85879
-7.70595
-7.55291
-7.39965
-7.24621
-7.09258
-6.93878
-6.78482
-6.63071
-6.47646
-6.32208
-6.16759
-6.013
-5.85831
-5.70354
-5.5487
-5.3938
-5.23886
-5.08389
-4.9289
-4.77392
-4.61893
-4.46395
-4.30902
-4.15412
-3.99928
-3.84451
-3.68982
-3.53522
-3.38073
-3.22635
-3.07211
-2.918
-2.76404
-2.61024
-2.45661
-2.30316
-2.14991
-1.99686
-1.84403
-7.74559
-7.59864
-7.45147
-7.30408
-7.15649
-7.0087
-6.86074
-6.7126
-6.5643
-6.41585
-6.26727
-6.11857
-5.96975
-5.82084
-5.67184
-5.52277
-5.37364
-5.22446
-5.07525
-4.92603
-4.77679
-4.62756
-4.47835
-4.32917
-4.18004
-4.03097
-3.88197
-3.73306
-3.58425
-3.43554
-3.28696
-3.13852
-2.99022
-2.84208
-2.69412
-2.54633
-2.39874
-2.25135
-2.10418
-1.95723
-7.63239
-7.49133
-7.35003
-7.20851
-7.06677
-6.92482
-6.78269
-6.64037
-6.49789
-6.35525
-6.21246
-6.06954
-5.92651
-5.78338
-5.64015
-5.49685
-5.35348
-5.21006
-5.06662
-4.92315
-4.77967
-4.63619
-4.49275
-4.34933
-4.20597
-4.06266
-3.91944
-3.77631
-3.63327
-3.49036
-3.34757
-3.20493
-3.06245
-2.92013
-2.77799
-2.63605
-2.49431
-2.35278
-2.21149
-2.07043
-7.51919
-7.38402
-7.24859
-7.11293
-6.97705
-6.84095
-6.70464
-6.56815
-6.43147
-6.29464
-6.15765
-6.02052
-5.88327
-5.74591
-5.60846
-5.47092
-5.33332
-5.19567
-5.05798
-4.92027
-4.78255
-4.64483
-4.50714
-4.36949
-4.23189
-4.09436
-3.9569
-3.81954
-3.6823
-3.54517
-3.40818
-3.27134
-3.13467
-2.99817
-2.86187
-2.72577
-2.58988
-2.45422
-2.3188
-2.18363
-7.40598
-7.27671
-7.14716
-7.01736
-6.88733
-6.75707
-6.62659
-6.49592
-6.36506
-6.23403
-6.10283
-5.9715
-5.84003
-5.70845
-5.57677
-5.445
-5.31316
-5.18127
-5.04934
-4.91739
-4.78543
-4.65347
-4.52154
-4.38965
-4.25782
-4.12605
-3.99437
-3.86279
-3.73132
-3.59998
-3.46879
-3.33775
-3.2069
-3.07622
-2.94574
-2.81548
-2.68545
-2.55566
-2.42611
-2.29683
-7.29279
-7.1694
-7.04573
-6.9218
-6.79762
-6.6732
-6.54855
-6.4237
-6.29865
-6.17342
-6.04802
-5.92248
-5.79679
-5.67099
-5.54508
-5.41908
-5.293
-5.16687
-5.0407
-4.91451
-4.78831
-4.66211
-4.53594
-4.40981
-4.28374
-4.15774
-4.03183
-3.90603
-3.78034
-3.65479
-3.5294
-3.40417
-3.27912
-3.15426
-3.02962
-2.9052
-2.78102
-2.65709
-2.53342
-2.41003
-7.17959
-7.06209
-6.9443
-6.82623
-6.7079
-6.58932
-6.47051
-6.35148
-6.23224
-6.11282
-5.99321
-5.87345
-5.75355
-5.63352
-5.51339
-5.39315
-5.27284
-5.15248
-5.03207
-4.91163
-4.79119
-4.67075
-4.55034
-4.42997
-4.30966
-4.18943
-4.06929
-3.94927
-3.82937
-3.70961
-3.59
-3.47058
-3.35134
-3.23231
-3.11349
-2.99492
-2.87659
-2.75852
-2.64073
-2.52322
-7.0664
-6.95478
-6.84287
-6.73067
-6.61819
-6.50545
-6.39247
-6.27926
-6.16583
-6.05221
-5.9384
-5.82443
-5.71031
-5.59606
-5.48169
-5.36723
-5.25269
-5.13808
-5.02343
-4.90876
-4.79406
-4.67939
-4.56474
-4.45013
-4.33559
-4.22112
-4.10676
-3.99251
-3.87838
-3.76441
-3.65061
-3.53699
-3.42356
-3.31035
-3.19737
-3.08463
-2.97215
-2.85995
-2.74803
-2.63642
-6.9532
-6.84748
-6.74144
-6.6351
-6.52847
-6.42158
-6.31443
-6.20704
-6.09943
-5.99161
-5.88359
-5.77541
-5.66707
-5.5586
-5.45
-5.34131
-5.23253
-5.12369
-5.0148
-4.90587
-4.79695
-4.68802
-4.57913
-4.47029
-4.36151
-4.25281
-4.14422
-4.03574
-3.9274
-3.81922
-3.71121
-3.60339
-3.49578
-3.38839
-3.28124
-3.17434
-3.06772
-2.96138
-2.85534
-2.74961
-6.84001
-6.74018
-6.64001
-6.53954
-6.43876
-6.33771
-6.23639
-6.13482
-6.03302
-5.931
-5.82879
-5.72639
-5.62384
-5.52114
-5.41831
-5.31538
-5.21237
-5.10929
-5.00616
-4.903
-4.79982
-4.69666
-4.59353
-4.49045
-4.38743
-4.2845
-4.18168
-4.07898
-3.97643
-3.87403
-3.77182
-3.6698
-3.568
-3.46643
-3.36511
-3.26405
-3.16328
-3.0628
-2.96264
-2.86281
-6.72682
-6.63288
-6.53859
-6.44398
-6.34906
-6.25384
-6.15835
-6.0626
-5.96662
-5.8704
-5.77398
-5.67738
-5.5806
-5.48368
-5.38663
-5.28946
-5.19221
-5.09489
-4.99752
-4.90012
-4.8027
-4.7053
-4.60793
-4.5106
-4.41335
-4.31619
-4.21914
-4.12222
-4.02544
-3.92884
-3.83242
-3.7362
-3.64022
-3.54447
-3.44897
-3.35376
-3.25884
-3.16423
-3.06994
-2.97599
-6.61364
-6.52558
-6.43717
-6.34842
-6.25935
-6.16997
-6.08032
-5.99039
-5.90021
-5.8098
-5.71918
-5.62836
-5.53736
-5.44622
-5.35494
-5.26354
-5.17206
-5.0805
-4.98888
-4.89724
-4.80558
-4.71394
-4.62232
-4.53076
-4.43927
-4.34788
-4.2566
-4.16545
-4.07446
-3.98364
-3.89302
-3.80261
-3.71243
-3.6225
-3.53284
-3.44347
-3.3544
-3.26565
-3.17724
-3.08918
-6.50045
-6.41828
-6.33574
-6.25286
-6.16964
-6.08611
-6.00228
-5.91818
-5.83381
-5.7492
-5.66438
-5.57935
-5.49413
-5.40876
-5.32325
-5.23763
-5.1519
-5.0661
-4.98025
-4.89436
-4.80846
-4.72257
-4.63672
-4.55092
-4.46519
-4.37956
-4.29405
-4.20868
-4.12347
-4.03844
-3.95362
-3.869
-3.78464
-3.70053
-3.6167
-3.53317
-3.44996
-3.36707
-3.28453
-3.20236
-6.38727
-6.31099
-6.23433
-6.15731
-6.07995
-6.00226
-5.92425
-5.84597
-5.76741
-5.68861
-5.60957
-5.53033
-5.45091
-5.37131
-5.29157
-5.21171
-5.13175
-5.05171
-4.97161
-4.89148
-4.81134
-4.73121
-4.65111
-4.57107
-4.49111
-4.41125
-4.33151
-4.25191
-4.17248
-4.09324
-4.01421
-3.9354
-3.85685
-3.77856
-3.70056
-3.62287
-3.54551
-3.46849
-3.39183
-3.31554
-6.27409
-6.2037
-6.13292
-6.06176
-5.99025
-5.9184
-5.84623
-5.77376
-5.70102
-5.62802
-5.55478
-5.48132
-5.40767
-5.33386
-5.25989
-5.18579
-5.11159
-5.03731
-4.96297
-4.8886
-4.81422
-4.73984
-4.66551
-4.59122
-4.51703
-4.44293
-4.36896
-4.29514
-4.22149
-4.14804
-4.0748
-4.0018
-3.92906
-3.85659
-3.78442
-3.71257
-3.64105
-3.5699
-3.49912
-3.42872
-6.16092
-6.09642
-6.03152
-5.96622
-5.90056
-5.83455
-5.76821
-5.70156
-5.63463
-5.56743
-5.49998
-5.43231
-5.36445
-5.29641
-5.22821
-5.15988
-5.09144
-5.02292
-4.95434
-4.88572
-4.81709
-4.74848
-4.6799
-4.61137
-4.54294
-4.47461
-4.40641
-4.33837
-4.2705
-4.20283
-4.13539
-4.06819
-4.00125
-3.93461
-3.86827
-3.80226
-3.7366
-3.6713
-3.6064
-3.54189
-6.04776
-5.98915
-5.93011
-5.87068
-5.81087
-5.75071
-5.69019
-5.62937
-5.56824
-5.50685
-5.44519
-5.38331
-5.32123
-5.25896
-5.19653
-5.13396
-5.07129
-5.00853
-4.9457
-4.88284
-4.81997
-4.75711
-4.69428
-4.63152
-4.56885
-4.50629
-4.44386
-4.38159
-4.3195
-4.25762
-4.19597
-4.13457
-4.07345
-4.01262
-3.95211
-3.89194
-3.83213
-3.7727
-3.71367
-3.65506
-5.9346
-5.88188
-5.82872
-5.77515
-5.7212
-5.66687
-5.61219
-5.55718
-5.50187
-5.44627
-5.39042
-5.33432
-5.27801
-5.22152
-5.16485
-5.10806
-5.05114
-4.99414
-4.93707
-4.87997
-4.82285
-4.76574
-4.70867
-4.65167
-4.59476
-4.53796
-4.4813
-4.42481
-4.3685
-4.3124
-4.25655
-4.20095
-4.14563
-4.09063
-4.03595
-3.98162
-3.92766
-3.87409
-3.82094
-3.76821
-5.82146
-5.77462
-5.72734
-5.67963
-5.63153
-5.58304
-5.53419
-5.485
-5.4355
-5.3857
-5.33564
-5.28533
-5.2348
-5.18408
-5.13319
-5.08215
-5.031
-4.97975
-4.92844
-4.87709
-4.82573
-4.77437
-4.72306
-4.67182
-4.62066
-4.56963
-4.51874
-4.46801
-4.41749
-4.36718
-4.31711
-4.26732
-4.21781
-4.16863
-4.11978
-4.07129
-4.02318
-3.97547
-3.9282
-3.88136
-5.70832
-5.66737
-5.62597
-5.58413
-5.54187
-5.49922
-5.4562
-5.41283
-5.36914
-5.32515
-5.28087
-5.23635
-5.1916
-5.14665
-5.10153
-5.05625
-5.01086
-4.96537
-4.91981
-4.87421
-4.8286
-4.783
-4.73745
-4.69196
-4.64656
-4.60129
-4.55617
-4.51121
-4.46646
-4.42194
-4.37767
-4.33368
-4.28998
-4.24662
-4.20359
-4.16094
-4.11868
-4.07685
-4.03544
-3.9945
-5.59521
-5.56015
-5.52462
-5.48864
-5.45224
-5.41542
-5.37824
-5.34069
-5.3028
-5.26461
-5.22613
-5.18739
-5.14842
-5.10924
-5.06988
-5.03036
-4.99073
-4.95099
-4.91119
-4.87134
-4.83148
-4.79163
-4.75183
-4.71209
-4.67245
-4.63294
-4.59358
-4.5544
-4.51543
-4.47669
-4.43821
-4.40002
-4.36213
-4.32458
-4.28739
-4.25058
-4.21418
-4.1782
-4.14267
-4.10761
-5.48212
-5.45295
-5.42329
-5.39318
-5.36262
-5.33165
-5.30029
-5.26856
-5.23648
-5.20409
-5.1714
-5.13844
-5.10524
-5.07183
-5.03824
-5.00449
-4.9706
-4.93662
-4.90257
-4.86847
-4.83435
-4.80025
-4.7662
-4.73221
-4.69833
-4.66458
-4.63098
-4.59757
-4.56438
-4.53142
-4.49873
-4.46633
-4.43426
-4.40252
-4.37116
-4.34019
-4.30964
-4.27953
-4.24987
-4.2207
-5.36905
-5.34577
-5.322
-5.29775
-5.27305
-5.24792
-5.22238
-5.19647
-5.1702
-5.1436
-5.1167
-5.08953
-5.06211
-5.03446
-5.00662
-4.97863
-4.9505
-4.92226
-4.89395
-4.8656
-4.83722
-4.80887
-4.78056
-4.75232
-4.72419
-4.69619
-4.66835
-4.64071
-4.61329
-4.58611
-4.55921
-4.53261
-4.50635
-4.48043
-4.4549
-4.42977
-4.40506
-4.38082
-4.35704
-4.33376
-5.25605
-5.23865
-5.22076
-5.20238
-5.18352
-5.16424
-5.14454
-5.12444
-5.10398
-5.08318
-5.06207
-5.04067
-5.01902
-4.99714
-4.97505
-4.95281
-4.93042
-4.90793
-4.88535
-4.86273
-4.84009
-4.81747
-4.79489
-4.7724
-4.75001
-4.72776
-4.70568
-4.6838
-4.66215
-4.64075
-4.61964
-4.59884
-4.57838
-4.55828
-4.53858
-4.51929
-4.50044
-4.48205
-4.46416
-4.44677
0.0908251
0.0909916
0.091151
0.0913026
0.0914467
0.0915832
0.0917111
0.0918308
0.091942
0.0920448
0.0921384
0.0922231
0.0922986
0.0923651
0.0924222
0.0924696
0.0925078
0.0925363
0.0925552
0.0925645
0.0925641
0.092554
0.0925343
0.0925051
0.0924662
0.092418
0.0923601
0.0922928
0.0922166
0.0921312
0.0920369
0.0919334
0.0918215
0.091701
0.0915726
0.0914354
0.0912906
0.0911384
0.0909782
0.0908116
-0.0251606
-0.0246609
-0.0241831
-0.0237275
-0.0232945
-0.0228861
-0.0225011
-0.0221418
-0.0218075
-0.0214998
-0.0212184
-0.0209634
-0.0207362
-0.0205368
-0.0203653
-0.0202219
-0.020107
-0.0200208
-0.0199634
-0.0199349
-0.0199354
-0.0199646
-0.0200228
-0.0201099
-0.0202256
-0.0203698
-0.020542
-0.0207422
-0.0209702
-0.0212259
-0.0215082
-0.0218166
-0.0221516
-0.0225116
-0.0228973
-0.0233067
-0.0237397
-0.0241963
-0.0246744
-0.0251753
-0.141146
-0.140313
-0.139516
-0.138757
-0.138036
-0.137354
-0.136714
-0.136114
-0.135557
-0.135044
-0.134574
-0.13415
-0.133771
-0.133438
-0.133152
-0.132913
-0.132721
-0.132578
-0.132482
-0.132434
-0.132434
-0.132483
-0.13258
-0.132724
-0.132917
-0.133157
-0.133444
-0.133777
-0.134157
-0.134582
-0.135052
-0.135567
-0.136124
-0.136725
-0.137366
-0.138048
-0.13877
-0.13953
-0.140328
-0.141161
-0.257131
-0.255965
-0.25485
-0.253786
-0.252776
-0.251823
-0.250925
-0.250086
-0.249306
-0.248588
-0.24793
-0.247336
-0.246805
-0.246339
-0.245939
-0.245604
-0.245336
-0.245134
-0.245
-0.244933
-0.244933
-0.245001
-0.245136
-0.245339
-0.245608
-0.245944
-0.246345
-0.246812
-0.247344
-0.247938
-0.248597
-0.249316
-0.250097
-0.250937
-0.251835
-0.25279
-0.2538
-0.254864
-0.25598
-0.257147
-0.373116
-0.371617
-0.370182
-0.368815
-0.367517
-0.36629
-0.365136
-0.364058
-0.363055
-0.362131
-0.361286
-0.360521
-0.359839
-0.35924
-0.358725
-0.358295
-0.357949
-0.35769
-0.357517
-0.357431
-0.357431
-0.357519
-0.357692
-0.357953
-0.358299
-0.358731
-0.359246
-0.359846
-0.360529
-0.361295
-0.36214
-0.363065
-0.364069
-0.365148
-0.366303
-0.367531
-0.36883
-0.370198
-0.371633
-0.373132
-0.4891
-0.487268
-0.485515
-0.483844
-0.482257
-0.480758
-0.479348
-0.478029
-0.476804
-0.475673
-0.474641
-0.473707
-0.472873
-0.472141
-0.471511
-0.470985
-0.470563
-0.470246
-0.470034
-0.469929
-0.469929
-0.470036
-0.470248
-0.470566
-0.470989
-0.471516
-0.472147
-0.472881
-0.473715
-0.47465
-0.475684
-0.476815
-0.478041
-0.47936
-0.480772
-0.482272
-0.483859
-0.485531
-0.487285
-0.489118
-0.605084
-0.602919
-0.600847
-0.598872
-0.596997
-0.595225
-0.593558
-0.592
-0.590552
-0.589216
-0.587996
-0.586892
-0.585906
-0.585041
-0.584296
-0.583674
-0.583176
-0.582801
-0.582552
-0.582427
-0.582427
-0.582553
-0.582804
-0.583179
-0.583679
-0.584302
-0.585047
-0.585914
-0.586901
-0.588006
-0.589227
-0.590563
-0.592013
-0.593572
-0.59524
-0.597013
-0.598888
-0.600864
-0.602937
-0.605103
-0.721067
-0.71857
-0.716179
-0.7139
-0.711737
-0.709692
-0.707769
-0.705971
-0.7043
-0.702759
-0.70135
-0.700077
-0.69894
-0.69794
-0.697081
-0.696364
-0.695788
-0.695356
-0.695068
-0.694924
-0.694924
-0.69507
-0.695359
-0.695792
-0.696369
-0.697088
-0.697948
-0.698947
-0.700086
-0.701361
-0.70277
-0.704312
-0.705984
-0.707783
-0.709707
-0.711752
-0.713917
-0.716197
-0.718588
-0.721087
-0.837051
-0.834219
-0.83151
-0.828927
-0.826476
-0.824158
-0.821978
-0.81994
-0.818047
-0.8163
-0.814704
-0.813261
-0.811972
-0.81084
-0.809867
-0.809053
-0.8084
-0.80791
-0.807584
-0.807421
-0.807421
-0.807586
-0.807914
-0.808404
-0.809058
-0.809873
-0.810847
-0.811981
-0.813271
-0.814715
-0.816312
-0.81806
-0.819955
-0.821994
-0.824174
-0.826493
-0.828945
-0.831529
-0.83424
-0.837072
-0.953034
-0.94987
-0.946841
-0.943953
-0.941214
-0.938623
-0.936188
-0.93391
-0.931793
-0.929842
-0.928057
-0.926444
-0.925004
-0.923738
-0.922651
-0.921741
-0.921012
-0.920465
-0.9201
-0.919917
-0.919918
-0.920102
-0.920468
-0.921017
-0.921747
-0.922657
-0.923746
-0.925013
-0.926454
-0.928069
-0.929854
-0.931807
-0.933925
-0.936203
-0.938641
-0.941232
-0.943972
-0.946861
-0.949891
-0.953056
-1.06902
-1.06552
-1.06217
-1.05898
-1.05595
-1.05309
-1.0504
-1.04788
-1.04554
-1.04338
-1.04141
-1.03963
-1.03804
-1.03664
-1.03543
-1.03443
-1.03362
-1.03302
-1.03261
-1.03241
-1.03241
-1.03262
-1.03302
-1.03363
-1.03443
-1.03544
-1.03665
-1.03805
-1.03964
-1.04142
-1.0434
-1.04555
-1.04789
-1.05041
-1.05311
-1.05597
-1.059
-1.06219
-1.06554
-1.06904
-1.185
-1.18117
-1.1775
-1.17401
-1.17069
-1.16755
-1.1646
-1.16185
-1.15929
-1.15692
-1.15476
-1.15281
-1.15107
-1.14953
-1.14822
-1.14711
-1.14623
-1.14557
-1.14513
-1.14491
-1.14491
-1.14513
-1.14557
-1.14624
-1.14712
-1.14822
-1.14954
-1.15108
-1.15282
-1.15478
-1.15694
-1.1593
-1.16186
-1.16462
-1.16757
-1.17071
-1.17403
-1.17752
-1.18119
-1.18502
-1.30098
-1.29681
-1.29283
-1.28903
-1.28543
-1.28202
-1.27881
-1.27582
-1.27303
-1.27046
-1.26812
-1.26599
-1.2641
-1.26243
-1.261
-1.2598
-1.25884
-1.25812
-1.25764
-1.2574
-1.2574
-1.25764
-1.25813
-1.25885
-1.25981
-1.26101
-1.26244
-1.26411
-1.266
-1.26813
-1.27048
-1.27305
-1.27583
-1.27883
-1.28204
-1.28545
-1.28905
-1.29285
-1.29684
-1.301
-1.41696
-1.41246
-1.40816
-1.40406
-1.40016
-1.39648
-1.39302
-1.38978
-1.38677
-1.384
-1.38146
-1.37917
-1.37712
-1.37533
-1.37378
-1.37249
-1.37145
-1.37067
-1.37015
-1.3699
-1.3699
-1.37016
-1.37068
-1.37146
-1.3725
-1.37379
-1.37534
-1.37714
-1.37918
-1.38148
-1.38402
-1.38679
-1.3898
-1.39304
-1.3965
-1.40018
-1.40408
-1.40818
-1.41249
-1.41698
-1.53294
-1.52811
-1.52349
-1.51908
-1.5149
-1.51095
-1.50723
-1.50375
-1.50051
-1.49754
-1.49482
-1.49235
-1.49015
-1.48822
-1.48656
-1.48517
-1.48406
-1.48323
-1.48267
-1.48239
-1.48239
-1.48267
-1.48323
-1.48407
-1.48518
-1.48657
-1.48823
-1.49017
-1.49237
-1.49483
-1.49755
-1.50053
-1.50377
-1.50725
-1.51097
-1.51492
-1.51911
-1.52351
-1.52814
-1.53297
-1.64892
-1.64375
-1.63881
-1.6341
-1.62963
-1.6254
-1.62143
-1.61771
-1.61426
-1.61107
-1.60816
-1.60553
-1.60318
-1.60112
-1.59934
-1.59786
-1.59667
-1.59577
-1.59518
-1.59488
-1.59488
-1.59518
-1.59578
-1.59668
-1.59787
-1.59935
-1.60113
-1.6032
-1.60555
-1.60818
-1.61109
-1.61428
-1.61774
-1.62146
-1.62543
-1.62966
-1.63413
-1.63884
-1.64378
-1.64895
-1.76489
-1.7594
-1.75414
-1.74912
-1.74436
-1.73986
-1.73563
-1.73168
-1.728
-1.72461
-1.72151
-1.71871
-1.71621
-1.71401
-1.71212
-1.71054
-1.70927
-1.70832
-1.70769
-1.70737
-1.70737
-1.70769
-1.70833
-1.70928
-1.71055
-1.71213
-1.71402
-1.71623
-1.71873
-1.72153
-1.72463
-1.72803
-1.7317
-1.73566
-1.73989
-1.74439
-1.74915
-1.75417
-1.75943
-1.76493
-1.88087
-1.87504
-1.86946
-1.86415
-1.8591
-1.85432
-1.84984
-1.84564
-1.84174
-1.83815
-1.83486
-1.83189
-1.82924
-1.8269
-1.8249
-1.82322
-1.82188
-1.82087
-1.8202
-1.81986
-1.81986
-1.8202
-1.82088
-1.82189
-1.82323
-1.82491
-1.82692
-1.82925
-1.83191
-1.83488
-1.83817
-1.84177
-1.84567
-1.84986
-1.85435
-1.85913
-1.86418
-1.8695
-1.87508
-1.88091
-1.99685
-1.99069
-1.98479
-1.97917
-1.97383
-1.96878
-1.96404
-1.9596
-1.95548
-1.95168
-1.94821
-1.94506
-1.94226
-1.93979
-1.93767
-1.9359
-1.93448
-1.93342
-1.93271
-1.93235
-1.93235
-1.93271
-1.93342
-1.93449
-1.93591
-1.93769
-1.93981
-1.94228
-1.94508
-1.94823
-1.95171
-1.95551
-1.95963
-1.96407
-1.96881
-1.97386
-1.9792
-1.98482
-1.99072
-1.99689
-2.11282
-2.10633
-2.10011
-2.09418
-2.08856
-2.08324
-2.07824
-2.07356
-2.06922
-2.06521
-2.06155
-2.05824
-2.05528
-2.05268
-2.05045
-2.04858
-2.04709
-2.04596
-2.04521
-2.04484
-2.04484
-2.04522
-2.04597
-2.0471
-2.04859
-2.05046
-2.0527
-2.0553
-2.05826
-2.06158
-2.06524
-2.06925
-2.07359
-2.07827
-2.08328
-2.08859
-2.09422
-2.10015
-2.10637
-2.11287
-2.22879
-2.22197
-2.21543
-2.2092
-2.20329
-2.1977
-2.19244
-2.18752
-2.18296
-2.17874
-2.17489
-2.17141
-2.1683
-2.16557
-2.16322
-2.16126
-2.15969
-2.15851
-2.15772
-2.15733
-2.15733
-2.15772
-2.15852
-2.1597
-2.16127
-2.16324
-2.16559
-2.16832
-2.17143
-2.17492
-2.17877
-2.18299
-2.18756
-2.19247
-2.19773
-2.20332
-2.20924
-2.21547
-2.22201
-2.22884
-2.34476
-2.3376
-2.33075
-2.32422
-2.31801
-2.31215
-2.30663
-2.30148
-2.29669
-2.29227
-2.28823
-2.28458
-2.28132
-2.27846
-2.27599
-2.27393
-2.27229
-2.27105
-2.27022
-2.26981
-2.26981
-2.27023
-2.27106
-2.2723
-2.27395
-2.27601
-2.27848
-2.28134
-2.28461
-2.28826
-2.2923
-2.29672
-2.30152
-2.30667
-2.31219
-2.31806
-2.32426
-2.3308
-2.33765
-2.34482
-2.46073
-2.45324
-2.44607
-2.43923
-2.43274
-2.4266
-2.42083
-2.41543
-2.41042
-2.4058
-2.40157
-2.39775
-2.39434
-2.39134
-2.38876
-2.38661
-2.38488
-2.38359
-2.38272
-2.38229
-2.38229
-2.38273
-2.38359
-2.38489
-2.38662
-2.38878
-2.39136
-2.39436
-2.39778
-2.4016
-2.40583
-2.41046
-2.41547
-2.42087
-2.42664
-2.43278
-2.43928
-2.44612
-2.45329
-2.46079
-2.5767
-2.56887
-2.56138
-2.55424
-2.54746
-2.54105
-2.53502
-2.52939
-2.52415
-2.51932
-2.51491
-2.51092
-2.50735
-2.50422
-2.50153
-2.49928
-2.49748
-2.49612
-2.49522
-2.49477
-2.49477
-2.49522
-2.49613
-2.49749
-2.4993
-2.50155
-2.50425
-2.50738
-2.51095
-2.51494
-2.51936
-2.52419
-2.52943
-2.53507
-2.5411
-2.54751
-2.55429
-2.56144
-2.56893
-2.57676
-2.69267
-2.6845
-2.67669
-2.66925
-2.66218
-2.6555
-2.64921
-2.64334
-2.63788
-2.63284
-2.62824
-2.62408
-2.62036
-2.6171
-2.61429
-2.61195
-2.61007
-2.60866
-2.60772
-2.60725
-2.60725
-2.60772
-2.60867
-2.61009
-2.61197
-2.61432
-2.61713
-2.62039
-2.62411
-2.62828
-2.63288
-2.63792
-2.64339
-2.64927
-2.65555
-2.66223
-2.66931
-2.67675
-2.68457
-2.69273
-2.80862
-2.80013
-2.792
-2.78425
-2.77689
-2.76994
-2.7634
-2.75728
-2.7516
-2.74636
-2.74157
-2.73724
-2.73337
-2.72997
-2.72705
-2.72461
-2.72266
-2.72119
-2.72021
-2.71972
-2.71972
-2.72022
-2.7212
-2.72267
-2.72464
-2.72708
-2.73
-2.7334
-2.73728
-2.74161
-2.74641
-2.75165
-2.75734
-2.76346
-2.77
-2.77696
-2.78432
-2.79207
-2.8002
-2.8087
-2.92458
-2.91575
-2.9073
-2.89925
-2.8916
-2.88438
-2.87758
-2.87122
-2.86532
-2.85987
-2.8549
-2.8504
-2.84637
-2.84285
-2.83981
-2.83727
-2.83524
-2.83371
-2.8327
-2.83219
-2.83219
-2.8327
-2.83373
-2.83526
-2.8373
-2.83984
-2.84288
-2.84641
-2.85044
-2.85495
-2.85993
-2.86537
-2.87129
-2.87765
-2.88445
-2.89168
-2.89932
-2.90738
-2.91583
-2.92467
-3.04053
-3.03137
-3.0226
-3.01424
-3.00631
-2.99881
-2.99175
-2.98516
-2.97903
-2.97338
-2.96822
-2.96355
-2.95938
-2.95571
-2.95256
-2.94993
-2.94782
-2.94624
-2.94518
-2.94465
-2.94466
-2.94519
-2.94625
-2.94784
-2.94995
-2.95259
-2.95575
-2.95942
-2.9636
-2.96827
-2.97344
-2.9791
-2.98523
-2.99183
-2.99889
-3.00639
-3.01433
-3.02269
-3.03146
-3.04063
-3.15648
-3.14699
-3.1379
-3.12924
-3.12101
-3.11324
-3.10593
-3.09909
-3.09274
-3.08688
-3.08153
-3.07669
-3.07237
-3.06857
-3.0653
-3.06258
-3.06039
-3.05875
-3.05766
-3.05711
-3.05712
-3.05767
-3.05877
-3.06042
-3.06261
-3.06534
-3.06862
-3.07242
-3.07674
-3.08159
-3.08695
-3.09282
-3.09917
-3.10601
-3.11333
-3.1211
-3.12933
-3.138
-3.14709
-3.15659
-3.27242
-3.26259
-3.25319
-3.24422
-3.23571
-3.22766
-3.22009
-3.21302
-3.20644
-3.20038
-3.19484
-3.18982
-3.18535
-3.18142
-3.17804
-3.17522
-3.17296
-3.17126
-3.17013
-3.16956
-3.16957
-3.17014
-3.17128
-3.17299
-3.17525
-3.17809
-3.18147
-3.18541
-3.18989
-3.19491
-3.20046
-3.20653
-3.21311
-3.22019
-3.22776
-3.23581
-3.24433
-3.2533
-3.26271
-3.27255
-3.38835
-3.37819
-3.36846
-3.35919
-3.35039
-3.34207
-3.33425
-3.32693
-3.32013
-3.31386
-3.30813
-3.30295
-3.29832
-3.29426
-3.29077
-3.28785
-3.28551
-3.28376
-3.28258
-3.282
-3.28201
-3.2826
-3.28378
-3.28555
-3.2879
-3.29082
-3.29433
-3.2984
-3.30303
-3.30822
-3.31395
-3.32023
-3.32704
-3.33436
-3.34219
-3.35051
-3.35932
-3.3686
-3.37833
-3.3885
-3.50428
-3.49378
-3.48373
-3.47416
-3.46506
-3.45647
-3.44839
-3.44083
-3.43381
-3.42733
-3.42142
-3.41607
-3.41129
-3.40709
-3.40348
-3.40047
-3.39805
-3.39624
-3.39503
-3.39443
-3.39444
-3.39505
-3.39627
-3.39809
-3.40052
-3.40354
-3.40717
-3.41137
-3.41616
-3.42152
-3.42744
-3.43393
-3.44096
-3.44853
-3.45661
-3.46521
-3.47431
-3.48389
-3.49394
-3.50444
-3.62019
-3.60935
-3.59899
-3.5891
-3.57972
-3.57086
-3.56251
-3.55472
-3.54748
-3.54079
-3.53469
-3.52916
-3.52424
-3.51991
-3.51618
-3.51307
-3.51058
-3.50871
-3.50747
-3.50685
-3.50686
-3.50749
-3.50875
-3.51063
-3.51313
-3.51626
-3.52
-3.52434
-3.52928
-3.53481
-3.54093
-3.54762
-3.55487
-3.56267
-3.57102
-3.5799
-3.58928
-3.59917
-3.60954
-3.62038
-3.73608
-3.72491
-3.71422
-3.70404
-3.69436
-3.68522
-3.67662
-3.66858
-3.66112
-3.65423
-3.64793
-3.64224
-3.63716
-3.6327
-3.62886
-3.62565
-3.62309
-3.62116
-3.61988
-3.61924
-3.61925
-3.61991
-3.6212
-3.62315
-3.62573
-3.62895
-3.63281
-3.63729
-3.64238
-3.64808
-3.65439
-3.66129
-3.66877
-3.67682
-3.68542
-3.69458
-3.70425
-3.71444
-3.72514
-3.73631
-3.85194
-3.84044
-3.82943
-3.81894
-3.80897
-3.79956
-3.7907
-3.78242
-3.77473
-3.76763
-3.76115
-3.75529
-3.75005
-3.74545
-3.7415
-3.7382
-3.73556
-3.73358
-3.73226
-3.73161
-3.73162
-3.7323
-3.73363
-3.73564
-3.7383
-3.74162
-3.74559
-3.75021
-3.75546
-3.76134
-3.76784
-3.77495
-3.78265
-3.79095
-3.79981
-3.80923
-3.81921
-3.82971
-3.84072
-3.85223
-3.96778
-3.95593
-3.9446
-3.9338
-3.92355
-3.91385
-3.90474
-3.89621
-3.88829
-3.88099
-3.87432
-3.86828
-3.8629
-3.85817
-3.8541
-3.8507
-3.84799
-3.84595
-3.8446
-3.84393
-3.84394
-3.84464
-3.84603
-3.84809
-3.85084
-3.85426
-3.85835
-3.8631
-3.86851
-3.87456
-3.88126
-3.88858
-3.89651
-3.90505
-3.91418
-3.92388
-3.93414
-3.94495
-3.95629
-3.96813
-4.08355
-4.07137
-4.05972
-4.04861
-4.03806
-4.02809
-4.0187
-4.00994
-4.00179
-3.99428
-3.98742
-3.98121
-3.97567
-3.97081
-3.96663
-3.96314
-3.96035
-3.95826
-3.95687
-3.95618
-3.9562
-3.95693
-3.95836
-3.96049
-3.96332
-3.96685
-3.97106
-3.97595
-3.98152
-3.98775
-3.99464
-4.00217
-4.01034
-4.01912
-4.02851
-4.0385
-4.04905
-4.06017
-4.07183
-4.08402
-4.19926
-4.18673
-4.17475
-4.16332
-4.15247
-4.14222
-4.13257
-4.12356
-4.11518
-4.10746
-4.1004
-4.09402
-4.08833
-4.08334
-4.07904
-4.07546
-4.07259
-4.07045
-4.06902
-4.06833
-4.06836
-4.06912
-4.0706
-4.0728
-4.07573
-4.07935
-4.0837
-4.08874
-4.09447
-4.10089
-4.10797
-4.11572
-4.12412
-4.13315
-4.14281
-4.15308
-4.16393
-4.17537
-4.18735
-4.19987
-4.31482
-4.30195
-4.28962
-4.27788
-4.26672
-4.25617
-4.24626
-4.23698
-4.22837
-4.22043
-4.21318
-4.20662
-4.20077
-4.19564
-4.19123
-4.18756
-4.18463
-4.18243
-4.18099
-4.18029
-4.18034
-4.18113
-4.18268
-4.18496
-4.18798
-4.19174
-4.19621
-4.20141
-4.20732
-4.21392
-4.22122
-4.22919
-4.23783
-4.24712
-4.25705
-4.2676
-4.27877
-4.2905
-4.30283
-4.31569
-4.43013
-4.41688
-4.4042
-4.3921
-4.38061
-4.36976
-4.35954
-4.34998
-4.34112
-4.33295
-4.32547
-4.31873
-4.31272
-4.30745
-4.30294
-4.29919
-4.29619
-4.29398
-4.29252
-4.29184
-4.29193
-4.2928
-4.29442
-4.29682
-4.29996
-4.30385
-4.3085
-4.31387
-4.31997
-4.32679
-4.33431
-4.34252
-4.35141
-4.36098
-4.37119
-4.38204
-4.39351
-4.40559
-4.41824
-4.43145
-0.0327685
-0.279836
-0.526911
-0.77399
-1.02108
-1.26817
-1.51527
-1.76237
-2.00947
-2.25658
-2.5037
-2.75082
-2.99794
-3.24506
-3.49219
-3.73932
-3.98645
-4.23358
-4.48071
-4.72784
-4.97498
-5.22211
-5.46924
-5.71637
-5.9635
-6.21063
-6.45776
-6.70488
-6.952
-7.19912
-7.44623
-7.69334
-7.94045
-8.18755
-8.43465
-8.68174
-8.92883
-9.17591
-9.42298
-9.67005
-0.145976
-0.387155
-0.628353
-0.869567
-1.1108
-1.35205
-1.59332
-1.8346
-2.07589
-2.31719
-2.55851
-2.79984
-3.04118
-3.28253
-3.52388
-3.76524
-4.00661
-4.24798
-4.48935
-4.73072
-4.9721
-5.21347
-5.45484
-5.69621
-5.93758
-6.17894
-6.42029
-6.66163
-6.90297
-7.1443
-7.38562
-7.62692
-7.86822
-8.1095
-8.35077
-8.59202
-8.83325
-9.07447
-9.31566
-9.55684
-0.259184
-0.494473
-0.729794
-0.965146
-1.20052
-1.43593
-1.67137
-1.90682
-2.14231
-2.37781
-2.61333
-2.84887
-3.08443
-3.31999
-3.55557
-3.79117
-4.02677
-4.26238
-4.49799
-4.7336
-4.96922
-5.20483
-5.44044
-5.67605
-5.91165
-6.14724
-6.38282
-6.61839
-6.85394
-7.08949
-7.32501
-7.56051
-7.79599
-8.03145
-8.26688
-8.50229
-8.73767
-8.97302
-9.20834
-9.44363
-0.372391
-0.601791
-0.831235
-1.06072
-1.29025
-1.51981
-1.74942
-1.97906
-2.20873
-2.43843
-2.66815
-2.8979
-3.12767
-3.35746
-3.58727
-3.81709
-4.04693
-4.27678
-4.50663
-4.73648
-4.96634
-5.19619
-5.42604
-5.65589
-5.88572
-6.11554
-6.34535
-6.57515
-6.80492
-7.03467
-7.26439
-7.49409
-7.72376
-7.9534
-8.183
-8.41257
-8.64209
-8.87158
-9.10102
-9.33042
-0.485598
-0.709109
-0.932675
-1.1563
-1.37998
-1.6037
-1.82747
-2.05129
-2.27514
-2.49904
-2.72297
-2.94693
-3.17092
-3.39493
-3.61897
-3.84302
-4.06709
-4.29117
-4.51526
-4.73936
-4.96346
-5.18755
-5.41164
-5.63573
-5.85979
-6.08385
-6.30788
-6.5319
-6.75589
-6.97985
-7.20378
-7.42767
-7.65153
-7.87534
-8.09912
-8.32284
-8.54651
-8.77014
-8.99371
-9.21722
-0.598805
-0.816427
-1.03412
-1.25187
-1.4697
-1.68758
-1.90552
-2.12352
-2.34156
-2.55965
-2.77778
-2.99596
-3.21416
-3.4324
-3.65066
-3.86895
-4.08725
-4.30557
-4.5239
-4.74224
-4.96058
-5.17891
-5.39724
-5.61556
-5.83387
-6.05216
-6.27042
-6.48865
-6.70686
-6.92504
-7.14317
-7.36125
-7.5793
-7.79729
-8.01523
-8.23312
-8.45094
-8.6687
-8.88639
-9.10401
-0.712012
-0.923743
-1.13556
-1.34745
-1.55942
-1.77147
-1.98357
-2.19574
-2.40798
-2.62026
-2.8326
-3.04498
-3.25741
-3.46987
-3.68236
-3.89488
-4.10741
-4.31997
-4.53254
-4.74512
-4.9577
-5.17027
-5.38284
-5.5954
-5.80794
-6.02046
-6.23295
-6.44541
-6.65783
-6.87021
-7.08255
-7.29484
-7.50707
-7.71924
-7.93135
-8.14339
-8.35536
-8.56726
-8.77907
-8.9908
-0.825217
-1.03106
-1.237
-1.44303
-1.64915
-1.85535
-2.06163
-2.26797
-2.47439
-2.68088
-2.88742
-3.09401
-3.30065
-3.50733
-3.71405
-3.9208
-4.12757
-4.33437
-4.54118
-4.748
-4.95482
-5.16163
-5.36844
-5.57524
-5.78202
-5.98876
-6.19548
-6.40217
-6.60881
-6.8154
-7.02194
-7.22842
-7.43484
-7.64119
-7.84747
-8.05367
-8.25979
-8.46582
-8.67175
-8.8776
-0.938422
-1.13838
-1.33844
-1.5386
-1.73887
-1.93923
-2.13968
-2.3402
-2.54081
-2.74149
-2.94223
-3.14304
-3.34389
-3.5448
-3.74575
-3.94673
-4.14774
-4.34877
-4.54982
-4.75088
-4.95194
-5.15299
-5.35404
-5.55508
-5.75609
-5.95707
-6.15802
-6.35892
-6.55978
-6.76059
-6.96133
-7.16201
-7.36261
-7.56314
-7.76359
-7.96395
-8.16421
-8.36438
-8.56444
-8.76439
-1.05163
-1.24569
-1.43988
-1.63418
-1.82859
-2.02311
-2.21773
-2.41243
-2.60723
-2.8021
-2.99705
-3.19206
-3.38714
-3.58227
-3.77744
-3.97265
-4.1679
-4.36317
-4.55846
-4.75376
-4.94906
-5.14436
-5.33965
-5.53492
-5.73016
-5.92538
-6.12055
-6.31568
-6.51075
-6.70577
-6.90071
-7.09559
-7.29039
-7.48509
-7.67971
-7.87422
-8.06864
-8.26294
-8.45712
-8.65119
-1.16483
-1.35301
-1.54132
-1.72976
-1.91832
-2.10699
-2.29577
-2.48466
-2.67364
-2.86271
-3.05186
-3.24109
-3.43039
-3.61973
-3.80913
-3.99858
-4.18806
-4.37757
-4.5671
-4.75664
-4.94618
-5.13572
-5.32525
-5.51476
-5.70423
-5.89368
-6.08309
-6.27243
-6.46173
-6.65095
-6.8401
-7.02917
-7.21816
-7.40704
-7.59583
-7.7845
-7.97306
-8.1615
-8.34981
-8.53799
-1.27804
-1.46032
-1.64275
-1.82533
-2.00804
-2.19087
-2.37382
-2.55689
-2.74006
-2.92333
-3.10668
-3.29012
-3.47363
-3.6572
-3.84083
-4.0245
-4.20822
-4.39197
-4.57574
-4.75952
-4.9433
-5.12708
-5.31085
-5.4946
-5.67831
-5.86199
-6.04561
-6.22919
-6.4127
-6.59614
-6.77949
-6.96276
-7.14593
-7.32899
-7.51194
-7.69478
-7.87749
-8.06006
-8.2425
-8.42478
-1.39124
-1.56764
-1.74419
-1.9209
-2.09776
-2.27475
-2.45187
-2.62911
-2.80647
-2.98394
-3.1615
-3.33914
-3.51687
-3.69466
-3.87252
-4.05043
-4.22838
-4.40637
-4.58437
-4.7624
-4.94042
-5.11845
-5.29645
-5.47443
-5.65238
-5.83029
-6.00815
-6.18595
-6.36367
-6.54132
-6.71888
-6.89634
-7.0737
-7.25094
-7.42806
-7.60506
-7.78191
-7.95862
-8.13518
-8.31157
-1.50444
-1.67495
-1.84563
-2.01648
-2.18748
-2.35863
-2.52992
-2.70134
-2.87289
-3.04455
-3.21631
-3.38817
-3.56011
-3.73213
-3.90422
-4.07636
-4.24854
-4.42077
-4.59301
-4.76528
-4.93754
-5.10981
-5.28205
-5.45427
-5.62646
-5.7986
-5.97068
-6.1427
-6.31465
-6.4865
-6.65827
-6.82993
-7.00147
-7.1729
-7.34419
-7.51534
-7.68634
-7.85718
-8.02786
-8.19837
-1.61764
-1.78226
-1.94707
-2.11205
-2.2772
-2.44251
-2.60797
-2.77357
-2.9393
-3.10516
-3.27113
-3.4372
-3.60336
-3.7696
-3.93591
-4.10228
-4.2687
-4.43516
-4.60165
-4.76816
-4.93466
-5.10117
-5.26766
-5.43411
-5.60053
-5.76691
-5.93322
-6.09946
-6.26562
-6.43169
-6.59766
-6.76351
-6.92925
-7.09485
-7.26031
-7.42562
-7.59077
-7.75575
-7.92055
-8.08517
-1.73085
-1.88958
-2.04851
-2.20762
-2.36692
-2.52639
-2.68602
-2.84579
-3.00572
-3.16577
-3.32594
-3.48622
-3.6466
-3.80706
-3.9676
-4.12821
-4.28886
-4.44956
-4.61029
-4.77104
-4.93178
-5.09253
-5.25326
-5.41396
-5.57461
-5.73522
-5.89575
-6.05622
-6.2166
-6.37688
-6.53705
-6.6971
-6.85702
-7.0168
-7.17643
-7.3359
-7.4952
-7.65431
-7.81324
-7.97197
-1.84405
-1.99689
-2.14994
-2.30319
-2.45664
-2.61027
-2.76406
-2.91802
-3.07213
-3.22638
-3.38075
-3.53524
-3.68984
-3.84453
-3.9993
-4.15413
-4.30902
-4.46396
-4.61893
-4.77391
-4.92891
-5.08389
-5.23886
-5.39379
-5.54868
-5.70352
-5.85829
-6.01297
-6.16757
-6.32206
-6.47644
-6.63068
-6.78479
-6.93875
-7.09255
-7.24618
-7.39963
-7.55288
-7.70593
-7.85877
-1.95725
-2.1042
-2.25137
-2.39876
-2.54635
-2.69414
-2.84211
-2.99025
-3.13855
-3.28699
-3.43557
-3.58427
-3.73308
-3.88199
-4.03099
-4.18006
-4.32919
-4.47836
-4.62756
-4.77679
-4.92602
-5.07525
-5.22446
-5.37363
-5.52276
-5.67183
-5.82082
-5.96973
-6.11855
-6.26725
-6.41583
-6.56427
-6.71257
-6.86071
-7.00868
-7.15646
-7.30405
-7.45144
-7.59862
-7.74557
-2.07045
-2.21151
-2.35281
-2.49433
-2.63607
-2.77802
-2.92016
-3.06247
-3.20496
-3.3476
-3.49038
-3.6333
-3.77632
-3.91945
-4.06268
-4.20598
-4.34934
-4.49275
-4.6362
-4.77967
-4.92315
-5.06661
-5.21006
-5.35347
-5.49683
-5.64013
-5.78336
-5.92649
-6.06952
-6.21243
-6.35522
-6.49786
-6.64035
-6.78266
-6.9248
-7.06674
-7.20848
-7.35
-7.49131
-7.63237
-2.18364
-2.31882
-2.45424
-2.5899
-2.72579
-2.86189
-2.9982
-3.1347
-3.27137
-3.40821
-3.54519
-3.68232
-3.81957
-3.95692
-4.09437
-4.2319
-4.3695
-4.50715
-4.64484
-4.78255
-4.92027
-5.05797
-5.19566
-5.33331
-5.47091
-5.60844
-5.7459
-5.88325
-6.0205
-6.15763
-6.29461
-6.43145
-6.56812
-6.70462
-6.84092
-6.97703
-7.11291
-7.24857
-7.384
-7.51917
-2.29684
-2.42613
-2.55567
-2.68547
-2.81551
-2.94577
-3.07624
-3.20692
-3.33778
-3.46881
-3.6
-3.73134
-3.86281
-3.99439
-4.12607
-4.25783
-4.38966
-4.52155
-4.65348
-4.78543
-4.91739
-5.04933
-5.18126
-5.31315
-5.44499
-5.57675
-5.70843
-5.84001
-5.97148
-6.10281
-6.234
-6.36504
-6.4959
-6.62657
-6.75705
-6.88731
-7.01734
-7.14714
-7.27669
-7.40597
-2.41003
-2.53343
-2.6571
-2.78104
-2.90522
-3.02964
-3.15429
-3.27914
-3.40419
-3.52942
-3.65481
-3.78036
-3.90605
-4.03185
-4.15776
-4.28375
-4.40982
-4.53595
-4.66212
-4.78831
-4.91451
-5.04069
-5.16686
-5.29299
-5.41906
-5.54506
-5.67097
-5.79677
-5.92245
-6.048
-6.1734
-6.29863
-6.42368
-6.54853
-6.67318
-6.7976
-6.92178
-7.04572
-7.16939
-7.29278
-2.52322
-2.64073
-2.75853
-2.8766
-2.99493
-3.11351
-3.23233
-3.35136
-3.4706
-3.59003
-3.70963
-3.82939
-3.94929
-4.06931
-4.18945
-4.30968
-4.42998
-4.55035
-4.67075
-4.79119
-4.91163
-5.03206
-5.15247
-5.27283
-5.39314
-5.51337
-5.6335
-5.75353
-5.87343
-5.99319
-6.11279
-6.23222
-6.35146
-6.47049
-6.5893
-6.70788
-6.82622
-6.94429
-7.06208
-7.17959
-2.63642
-2.74803
-2.85996
-2.97216
-3.08464
-3.19738
-3.31037
-3.42358
-3.53701
-3.65063
-3.76443
-3.8784
-3.99253
-4.10677
-4.22114
-4.3356
-4.45014
-4.56475
-4.67939
-4.79407
-4.90875
-5.02343
-5.13807
-5.25267
-5.36722
-5.48168
-5.59604
-5.71029
-5.82441
-5.93838
-6.05219
-6.16581
-6.27924
-6.39245
-6.50543
-6.61817
-6.73065
-6.84286
-6.95478
-7.0664
-2.74961
-2.85534
-2.96138
-3.06773
-3.17435
-3.28125
-3.3884
-3.4958
-3.60341
-3.71123
-3.81924
-3.92742
-4.03576
-4.14424
-4.25283
-4.36152
-4.4703
-4.57914
-4.68803
-4.79695
-4.90587
-5.01479
-5.12368
-5.23252
-5.34129
-5.44999
-5.55858
-5.66705
-5.77539
-5.88357
-5.99159
-6.09941
-6.20702
-6.31441
-6.42156
-6.52846
-6.63509
-6.74144
-6.84748
-6.95321
-2.86279
-2.96263
-3.0628
-3.16328
-3.26406
-3.36512
-3.46644
-3.56801
-3.66982
-3.77184
-3.87405
-3.97644
-4.079
-4.1817
-4.28452
-4.38744
-4.49046
-4.59354
-4.69667
-4.79983
-4.90299
-5.00615
-5.10928
-5.21236
-5.31537
-5.4183
-5.52112
-5.62382
-5.72638
-5.82877
-5.93098
-6.033
-6.1348
-6.23637
-6.3377
-6.43876
-6.53953
-6.64001
-6.74018
-6.84003
-2.97597
-3.06993
-3.16422
-3.25884
-3.35376
-3.44898
-3.54448
-3.64023
-3.73622
-3.83243
-3.92885
-4.02546
-4.12223
-4.21916
-4.31621
-4.41337
-4.51062
-4.60794
-4.70531
-4.80271
-4.90011
-4.99751
-5.09488
-5.1922
-5.28945
-5.38661
-5.48366
-5.58058
-5.67736
-5.77396
-5.87038
-5.9666
-6.06259
-6.15834
-6.25383
-6.34905
-6.44398
-6.53859
-6.63289
-6.72684
-3.08915
-3.17722
-3.26564
-3.35439
-3.44347
-3.53284
-3.62251
-3.71244
-3.80262
-3.89303
-3.98366
-4.07447
-4.16546
-4.25661
-4.34789
-4.43929
-4.53077
-4.62233
-4.71394
-4.80558
-4.89724
-4.98888
-5.08049
-5.17205
-5.26353
-5.35492
-5.4462
-5.53735
-5.62834
-5.71916
-5.80979
-5.9002
-5.99038
-6.08031
-6.16997
-6.25935
-6.34842
-6.43718
-6.5256
-6.61367
-3.20232
-3.2845
-3.36705
-3.44994
-3.53316
-3.6167
-3.70053
-3.78465
-3.86902
-3.95363
-4.03846
-4.12349
-4.2087
-4.29407
-4.37958
-4.46521
-4.55093
-4.63673
-4.72258
-4.80846
-4.89436
-4.98024
-5.06609
-5.15189
-5.23761
-5.32324
-5.40875
-5.49412
-5.57933
-5.66436
-5.74919
-5.8338
-5.91817
-6.00228
-6.08611
-6.16965
-6.25287
-6.33577
-6.41831
-6.50049
-3.31549
-3.39179
-3.46846
-3.54549
-3.62286
-3.70055
-3.77856
-3.85685
-3.93541
-4.01422
-4.09326
-4.1725
-4.25193
-4.33152
-4.41126
-4.49112
-4.57108
-4.65112
-4.73122
-4.81134
-4.89148
-4.9716
-5.0517
-5.13174
-5.2117
-5.29156
-5.37129
-5.45089
-5.53032
-5.60956
-5.68859
-5.7674
-5.84596
-5.92425
-6.00226
-6.07996
-6.15733
-6.23436
-6.31103
-6.38732
-3.42865
-3.49906
-3.56986
-3.64102
-3.71254
-3.7844
-3.85658
-3.92906
-4.0018
-4.07481
-4.14805
-4.22151
-4.29516
-4.36898
-4.44294
-4.51704
-4.59123
-4.66551
-4.73985
-4.81422
-4.8886
-4.96297
-5.0373
-5.11158
-5.18578
-5.25988
-5.33384
-5.40766
-5.48131
-5.55476
-5.62801
-5.70101
-5.77376
-5.84624
-5.91842
-5.99027
-6.06179
-6.13296
-6.20376
-6.27416
-3.54181
-3.60632
-3.67125
-3.73655
-3.80222
-3.86825
-3.93459
-4.00125
-4.06819
-4.13539
-4.20284
-4.27051
-4.33838
-4.40643
-4.47462
-4.54295
-4.61138
-4.6799
-4.74848
-4.81709
-4.88572
-4.95433
-5.02291
-5.09143
-5.15987
-5.22819
-5.29639
-5.36443
-5.4323
-5.49997
-5.56742
-5.63463
-5.70157
-5.76823
-5.83457
-5.90059
-5.96626
-6.03157
-6.09649
-6.16101
-3.65495
-3.71358
-3.77263
-3.83208
-3.8919
-3.95208
-4.0126
-4.07344
-4.13457
-4.19597
-4.25762
-4.31951
-4.3816
-4.44387
-4.5063
-4.56886
-4.63153
-4.69429
-4.75711
-4.81997
-4.88284
-4.9457
-5.00852
-5.07128
-5.13395
-5.19652
-5.25894
-5.32122
-5.3833
-5.44519
-5.50685
-5.56825
-5.62938
-5.69022
-5.75074
-5.81092
-5.87074
-5.93019
-5.98924
-6.04787
-3.76808
-3.82082
-3.874
-3.92758
-3.98156
-4.03591
-4.09059
-4.14561
-4.20094
-4.25654
-4.3124
-4.3685
-4.42482
-4.48131
-4.53797
-4.59477
-4.65168
-4.70868
-4.76575
-4.82285
-4.87996
-4.93706
-4.99413
-5.05113
-5.10804
-5.16484
-5.2215
-5.278
-5.33431
-5.39041
-5.44628
-5.50188
-5.5572
-5.61222
-5.66691
-5.72126
-5.77523
-5.82882
-5.88199
-5.93474
-3.88118
-3.92804
-3.97535
-4.02307
-4.07121
-4.11971
-4.16858
-4.21778
-4.26729
-4.3171
-4.36717
-4.41749
-4.46802
-4.51875
-4.56964
-4.62067
-4.67183
-4.72307
-4.77438
-4.82573
-4.87709
-4.92843
-4.97974
-5.03099
-5.08214
-5.13318
-5.18407
-5.23479
-5.28533
-5.33564
-5.38572
-5.43552
-5.48504
-5.53424
-5.58311
-5.63161
-5.67974
-5.72746
-5.77477
-5.82163
-3.99426
-4.03524
-4.07668
-4.11854
-4.16083
-4.2035
-4.24654
-4.28993
-4.33364
-4.37764
-4.42193
-4.46646
-4.51121
-4.55617
-4.6013
-4.64657
-4.69197
-4.73745
-4.78301
-4.8286
-4.87421
-4.91981
-4.96536
-5.01085
-5.05624
-5.10152
-5.14665
-5.1916
-5.23636
-5.28089
-5.32517
-5.36918
-5.41289
-5.45627
-5.49931
-5.54198
-5.58427
-5.62614
-5.66757
-5.70855
-4.10731
-4.14241
-4.17798
-4.21399
-4.25042
-4.28726
-4.32448
-4.36205
-4.39996
-4.43817
-4.47667
-4.51542
-4.5544
-4.59358
-4.63295
-4.67246
-4.7121
-4.75183
-4.79163
-4.83148
-4.87134
-4.91118
-4.95099
-4.99072
-5.03036
-5.06987
-5.10924
-5.14842
-5.1874
-5.22615
-5.26465
-5.30286
-5.34076
-5.37834
-5.41555
-5.45239
-5.48883
-5.52484
-5.56041
-5.59551
-4.22029
-4.24951
-4.27922
-4.30938
-4.33997
-4.37098
-4.40238
-4.43414
-4.46624
-4.49866
-4.53137
-4.56435
-4.59756
-4.63098
-4.66458
-4.69834
-4.73222
-4.7662
-4.80026
-4.83435
-4.86847
-4.90256
-4.93662
-4.9706
-5.00448
-5.03824
-5.07184
-5.10526
-5.13847
-5.17144
-5.20415
-5.23657
-5.26867
-5.30043
-5.33183
-5.36284
-5.39344
-5.4236
-5.4533
-5.48253
-4.33319
-4.35654
-4.38038
-4.40469
-4.42945
-4.45463
-4.48022
-4.50617
-4.53248
-4.55911
-4.58604
-4.61324
-4.64068
-4.66834
-4.69618
-4.72419
-4.75232
-4.78056
-4.80887
-4.83723
-4.86559
-4.89395
-4.92226
-4.95049
-4.97863
-5.00663
-5.03448
-5.06214
-5.08958
-5.11678
-5.14371
-5.17033
-5.19664
-5.2226
-5.24818
-5.27337
-5.29812
-5.32244
-5.34628
-5.36962
-4.44593
-4.4634
-4.4814
-4.49987
-4.51879
-4.53817
-4.55794
-4.5781
-4.59862
-4.61947
-4.64062
-4.66206
-4.68374
-4.70565
-4.72774
-4.75
-4.7724
-4.7949
-4.81747
-4.84009
-4.86273
-4.88535
-4.90792
-4.93042
-4.95281
-4.97507
-4.99717
-5.01907
-5.04076
-5.0622
-5.08335
-5.1042
-5.12472
-5.14488
-5.16466
-5.18402
-5.20295
-5.22142
-5.23941
-5.25689
-9.79363
-9.7938
-9.79395
-9.79411
-9.79425
-9.79439
-9.79452
-9.79464
-9.79475
-9.79485
-9.79495
-9.79504
-9.79511
-9.79518
-9.79523
-9.79528
-9.79532
-9.79535
-9.79537
-9.79538
-9.79538
-9.79537
-9.79535
-9.79532
-9.79529
-9.79524
-9.79518
-9.79512
-9.79504
-9.79496
-9.79486
-9.79476
-9.79465
-9.79453
-9.7944
-9.79426
-9.79412
-9.79397
-9.79381
-9.79364
-9.67764
-9.67814
-9.67862
-9.67907
-9.67951
-9.67992
-9.6803
-9.68066
-9.681
-9.68131
-9.68159
-9.68185
-9.68207
-9.68227
-9.68245
-9.68259
-9.6827
-9.68279
-9.68285
-9.68288
-9.68288
-9.68285
-9.68279
-9.68271
-9.68259
-9.68245
-9.68228
-9.68208
-9.68185
-9.6816
-9.68132
-9.68101
-9.68067
-9.68031
-9.67993
-9.67952
-9.67909
-9.67863
-9.67816
-9.67766
-9.56166
-9.56249
-9.56329
-9.56405
-9.56477
-9.56545
-9.56609
-9.56669
-9.56725
-9.56776
-9.56823
-9.56866
-9.56904
-9.56937
-9.56966
-9.5699
-9.57009
-9.57024
-9.57033
-9.57038
-9.57038
-9.57033
-9.57024
-9.57009
-9.56991
-9.56967
-9.56938
-9.56904
-9.56866
-9.56824
-9.56777
-9.56726
-9.5667
-9.5661
-9.56546
-9.56478
-9.56406
-9.5633
-9.56251
-9.56167
-9.44567
-9.44683
-9.44795
-9.44902
-9.45003
-9.45098
-9.45188
-9.45272
-9.4535
-9.45422
-9.45488
-9.45547
-9.456
-9.45647
-9.45687
-9.45721
-9.45748
-9.45768
-9.45781
-9.45788
-9.45788
-9.45782
-9.45768
-9.45748
-9.45721
-9.45688
-9.45648
-9.45601
-9.45548
-9.45489
-9.45423
-9.45351
-9.45273
-9.45189
-9.45099
-9.45004
-9.44903
-9.44797
-9.44685
-9.44568
-9.32968
-9.33118
-9.33262
-9.33399
-9.33529
-9.33651
-9.33767
-9.33875
-9.33975
-9.34068
-9.34152
-9.34229
-9.34297
-9.34357
-9.34409
-9.34452
-9.34486
-9.34512
-9.3453
-9.34539
-9.34539
-9.3453
-9.34512
-9.34487
-9.34452
-9.34409
-9.34358
-9.34298
-9.3423
-9.34153
-9.34069
-9.33976
-9.33876
-9.33768
-9.33653
-9.3353
-9.334
-9.33263
-9.3312
-9.3297
-9.2137
-9.21553
-9.21729
-9.21896
-9.22054
-9.22205
-9.22346
-9.22478
-9.226
-9.22713
-9.22817
-9.2291
-9.22994
-9.23067
-9.2313
-9.23183
-9.23225
-9.23257
-9.23278
-9.23289
-9.23289
-9.23278
-9.23257
-9.23225
-9.23183
-9.23131
-9.23068
-9.22994
-9.22911
-9.22818
-9.22714
-9.22601
-9.22479
-9.22347
-9.22206
-9.22056
-9.21897
-9.2173
-9.21555
-9.21371
-9.09771
-9.09988
-9.10195
-9.10393
-9.1058
-9.10758
-9.10925
-9.1108
-9.11225
-9.11359
-9.11481
-9.11592
-9.1169
-9.11777
-9.11852
-9.11914
-9.11964
-9.12001
-9.12026
-9.12039
-9.12039
-9.12027
-9.12002
-9.11964
-9.11914
-9.11852
-9.11778
-9.11691
-9.11593
-9.11482
-9.1136
-9.11226
-9.11082
-9.10926
-9.10759
-9.10582
-9.10394
-9.10197
-9.0999
-9.09773
-8.98173
-8.98423
-8.98662
-8.9889
-8.99106
-8.99311
-8.99503
-8.99683
-8.9985
-9.00005
-9.00146
-9.00273
-9.00387
-9.00487
-9.00573
-9.00645
-9.00703
-9.00746
-9.00775
-9.00789
-9.00789
-9.00775
-9.00746
-9.00703
-9.00645
-9.00574
-9.00488
-9.00388
-9.00274
-9.00147
-9.00006
-8.99852
-8.99685
-8.99505
-8.99312
-8.99108
-8.98892
-8.98664
-8.98425
-8.98175
-8.86575
-8.86858
-8.87129
-8.87387
-8.87632
-8.87864
-8.88082
-8.88286
-8.88476
-8.8865
-8.8881
-8.88954
-8.89083
-8.89197
-8.89295
-8.89376
-8.89441
-8.8949
-8.89523
-8.8954
-8.8954
-8.89523
-8.89491
-8.89442
-8.89377
-8.89295
-8.89198
-8.89084
-8.88955
-8.88811
-8.88651
-8.88477
-8.88288
-8.88084
-8.87866
-8.87634
-8.87389
-8.87131
-8.8686
-8.86577
-8.74976
-8.75293
-8.75596
-8.75884
-8.76159
-8.76418
-8.76661
-8.76889
-8.77101
-8.77296
-8.77474
-8.77636
-8.7778
-8.77907
-8.78016
-8.78107
-8.7818
-8.78235
-8.78271
-8.7829
-8.7829
-8.78272
-8.78235
-8.7818
-8.78108
-8.78017
-8.77908
-8.77781
-8.77637
-8.77476
-8.77297
-8.77102
-8.76891
-8.76663
-8.76419
-8.7616
-8.75886
-8.75598
-8.75295
-8.74978
-8.63378
-8.63728
-8.64062
-8.64382
-8.64685
-8.64971
-8.6524
-8.65492
-8.65726
-8.65942
-8.66139
-8.66318
-8.66477
-8.66617
-8.66738
-8.66838
-8.66919
-8.66979
-8.6702
-8.6704
-8.6704
-8.6702
-8.6698
-8.6692
-8.66839
-8.66738
-8.66618
-8.66478
-8.66319
-8.6614
-8.65943
-8.65728
-8.65494
-8.65242
-8.64973
-8.64687
-8.64384
-8.64064
-8.6373
-8.6338
-8.51779
-8.52163
-8.52529
-8.52879
-8.53211
-8.53525
-8.53819
-8.54095
-8.54352
-8.54588
-8.54804
-8.55
-8.55174
-8.55327
-8.55459
-8.5557
-8.55658
-8.55724
-8.55768
-8.55791
-8.55791
-8.55769
-8.55725
-8.55659
-8.5557
-8.5546
-8.55328
-8.55175
-8.55001
-8.54805
-8.54589
-8.54353
-8.54097
-8.53821
-8.53526
-8.53213
-8.52881
-8.52532
-8.52165
-8.51782
-8.40181
-8.40598
-8.40996
-8.41376
-8.41737
-8.42078
-8.42398
-8.42698
-8.42977
-8.43234
-8.43469
-8.43681
-8.43871
-8.44038
-8.44181
-8.44301
-8.44397
-8.44469
-8.44517
-8.44541
-8.44541
-8.44517
-8.44469
-8.44397
-8.44302
-8.44182
-8.44039
-8.43872
-8.43682
-8.4347
-8.43235
-8.42979
-8.427
-8.424
-8.4208
-8.41739
-8.41378
-8.40999
-8.406
-8.40184
-8.28583
-8.29033
-8.29463
-8.29874
-8.30263
-8.30631
-8.30978
-8.31301
-8.31602
-8.3188
-8.32134
-8.32363
-8.32568
-8.32748
-8.32903
-8.33032
-8.33136
-8.33214
-8.33266
-8.33292
-8.33292
-8.33266
-8.33214
-8.33136
-8.33033
-8.32904
-8.32749
-8.32569
-8.32364
-8.32135
-8.31882
-8.31604
-8.31303
-8.3098
-8.30634
-8.30266
-8.29876
-8.29466
-8.29035
-8.28586
-8.16985
-8.17468
-8.1793
-8.18371
-8.1879
-8.19185
-8.19557
-8.19904
-8.20228
-8.20526
-8.20799
-8.21045
-8.21265
-8.21458
-8.21625
-8.21764
-8.21875
-8.21959
-8.22014
-8.22043
-8.22043
-8.22015
-8.21959
-8.21876
-8.21764
-8.21626
-8.21459
-8.21266
-8.21046
-8.208
-8.20528
-8.2023
-8.19907
-8.19559
-8.19187
-8.18792
-8.18374
-8.17933
-8.17471
-8.16988
-8.05387
-8.05903
-8.06398
-8.06869
-8.07316
-8.07739
-8.08136
-8.08508
-8.08854
-8.09172
-8.09464
-8.09727
-8.09962
-8.10169
-8.10347
-8.10495
-8.10614
-8.10704
-8.10763
-8.10793
-8.10793
-8.10763
-8.10704
-8.10615
-8.10496
-8.10348
-8.1017
-8.09964
-8.09729
-8.09465
-8.09174
-8.08856
-8.0851
-8.08139
-8.07741
-8.07318
-8.06871
-8.064
-8.05906
-8.0539
-7.93789
-7.94338
-7.94864
-7.95366
-7.95842
-7.96293
-7.96716
-7.97111
-7.97479
-7.97818
-7.98128
-7.98409
-7.98659
-7.98879
-7.99069
-7.99227
-7.99353
-7.99449
-7.99512
-7.99544
-7.99544
-7.99512
-7.99449
-7.99354
-7.99228
-7.9907
-7.98881
-7.98661
-7.98411
-7.9813
-7.9782
-7.97482
-7.97114
-7.96718
-7.96295
-7.95845
-7.95369
-7.94868
-7.94342
-7.93792
-7.82191
-7.82774
-7.83332
-7.83864
-7.84369
-7.84846
-7.85295
-7.85715
-7.86105
-7.86465
-7.86793
-7.87091
-7.87357
-7.8759
-7.87791
-7.87958
-7.88093
-7.88194
-7.88261
-7.88295
-7.88295
-7.88261
-7.88194
-7.88094
-7.87959
-7.87792
-7.87591
-7.87358
-7.87093
-7.86795
-7.86467
-7.86107
-7.85717
-7.85298
-7.84849
-7.84372
-7.83867
-7.83335
-7.82777
-7.82195
-7.70593
-7.71209
-7.71799
-7.72362
-7.72896
-7.734
-7.73875
-7.74318
-7.74731
-7.75111
-7.75459
-7.75773
-7.76054
-7.76301
-7.76513
-7.7669
-7.76832
-7.76939
-7.77011
-7.77047
-7.77047
-7.77011
-7.7694
-7.76833
-7.76691
-7.76514
-7.76302
-7.76056
-7.75775
-7.75461
-7.75114
-7.74733
-7.74321
-7.73878
-7.73403
-7.72899
-7.72365
-7.71803
-7.71213
-7.70597
-7.58995
-7.59645
-7.60267
-7.6086
-7.61422
-7.61954
-7.62455
-7.62922
-7.63357
-7.63758
-7.64124
-7.64456
-7.64751
-7.65012
-7.65235
-7.65422
-7.65572
-7.65685
-7.6576
-7.65798
-7.65798
-7.65761
-7.65686
-7.65573
-7.65423
-7.65237
-7.65013
-7.64753
-7.64458
-7.64127
-7.6376
-7.6336
-7.62925
-7.62458
-7.61958
-7.61426
-7.60863
-7.60271
-7.59649
-7.59
-7.47397
-7.48081
-7.48734
-7.49357
-7.49949
-7.50509
-7.51034
-7.51526
-7.51983
-7.52405
-7.5279
-7.53138
-7.53449
-7.53723
-7.53958
-7.54154
-7.54312
-7.5443
-7.5451
-7.54549
-7.54549
-7.5451
-7.54431
-7.54313
-7.54155
-7.53959
-7.53725
-7.53451
-7.53141
-7.52793
-7.52408
-7.51986
-7.51529
-7.51038
-7.50512
-7.49953
-7.49362
-7.48739
-7.48085
-7.47402
-7.358
-7.36517
-7.37202
-7.37856
-7.38476
-7.39063
-7.39614
-7.4013
-7.40609
-7.41052
-7.41456
-7.41821
-7.42147
-7.42434
-7.4268
-7.42886
-7.43052
-7.43176
-7.43259
-7.43301
-7.43301
-7.4326
-7.43177
-7.43053
-7.42888
-7.42682
-7.42436
-7.42149
-7.41823
-7.41458
-7.41055
-7.40613
-7.40134
-7.39618
-7.39067
-7.38481
-7.3786
-7.37207
-7.36521
-7.35805
-7.24203
-7.24953
-7.2567
-7.26354
-7.27003
-7.27617
-7.28194
-7.28734
-7.29236
-7.29699
-7.30121
-7.30504
-7.30845
-7.31145
-7.31403
-7.31619
-7.31792
-7.31922
-7.32009
-7.32053
-7.32053
-7.3201
-7.31923
-7.31793
-7.3162
-7.31405
-7.31147
-7.30848
-7.30507
-7.30124
-7.29702
-7.29239
-7.28738
-7.28198
-7.27622
-7.27008
-7.26359
-7.25675
-7.24958
-7.24208
-7.12605
-7.13388
-7.14138
-7.14852
-7.15531
-7.16172
-7.16775
-7.17339
-7.17862
-7.18346
-7.18787
-7.19187
-7.19544
-7.19857
-7.20126
-7.20352
-7.20532
-7.20668
-7.20759
-7.20805
-7.20805
-7.2076
-7.20669
-7.20534
-7.20353
-7.20128
-7.19859
-7.19546
-7.1919
-7.18791
-7.18349
-7.17867
-7.17343
-7.16779
-7.16177
-7.15536
-7.14858
-7.14144
-7.13394
-7.12612
-7.01008
-7.01825
-7.02606
-7.03351
-7.04058
-7.04727
-7.05355
-7.05943
-7.06489
-7.06993
-7.07454
-7.0787
-7.08242
-7.08569
-7.0885
-7.09084
-7.09273
-7.09415
-7.09509
-7.09557
-7.09557
-7.0951
-7.09416
-7.09275
-7.09086
-7.08852
-7.08572
-7.08245
-7.07874
-7.07458
-7.06997
-7.06494
-7.05948
-7.0536
-7.04732
-7.04064
-7.03357
-7.02613
-7.01831
-7.01015
-6.89411
-6.90262
-6.91075
-6.9185
-6.92586
-6.93282
-6.93936
-6.94548
-6.95117
-6.95641
-6.9612
-6.96554
-6.96941
-6.97281
-6.97573
-6.97818
-6.98014
-6.98162
-6.9826
-6.9831
-6.9831
-6.98261
-6.98163
-6.98016
-6.9782
-6.97576
-6.97284
-6.96945
-6.96558
-6.96124
-6.95646
-6.95122
-6.94554
-6.93942
-6.93288
-6.92593
-6.91857
-6.91082
-6.90269
-6.89419
-6.77815
-6.78698
-6.79544
-6.80349
-6.81114
-6.81837
-6.82517
-6.83153
-6.83744
-6.84289
-6.84787
-6.85238
-6.8564
-6.85994
-6.86297
-6.86552
-6.86756
-6.86909
-6.87012
-6.87063
-6.87063
-6.87012
-6.86911
-6.86758
-6.86554
-6.863
-6.85997
-6.85644
-6.85242
-6.84792
-6.84294
-6.8375
-6.83159
-6.82524
-6.81844
-6.81121
-6.80357
-6.79551
-6.78706
-6.77823
-6.66219
-6.67135
-6.68012
-6.68848
-6.69642
-6.70392
-6.71099
-6.71758
-6.72372
-6.72938
-6.73455
-6.73922
-6.7434
-6.74707
-6.75022
-6.75286
-6.75497
-6.75657
-6.75763
-6.75816
-6.75817
-6.75764
-6.75658
-6.755
-6.75288
-6.75025
-6.74711
-6.74344
-6.73927
-6.7346
-6.72944
-6.72378
-6.71765
-6.71106
-6.704
-6.6965
-6.68857
-6.68021
-6.67145
-6.66228
-6.54622
-6.55573
-6.56482
-6.57348
-6.58171
-6.58949
-6.5968
-6.60364
-6.61
-6.61586
-6.62122
-6.62607
-6.6304
-6.6342
-6.63747
-6.64021
-6.6424
-6.64405
-6.64515
-6.6457
-6.64571
-6.64516
-6.64407
-6.64243
-6.64024
-6.63751
-6.63425
-6.63045
-6.62613
-6.62129
-6.61593
-6.61008
-6.60372
-6.59689
-6.58958
-6.58181
-6.57358
-6.56492
-6.55583
-6.54633
-6.43027
-6.44011
-6.44952
-6.45849
-6.46701
-6.47506
-6.48263
-6.48971
-6.49629
-6.50236
-6.5079
-6.51292
-6.51741
-6.52134
-6.52473
-6.52756
-6.52983
-6.53154
-6.53268
-6.53325
-6.53326
-6.53269
-6.53156
-6.52986
-6.5276
-6.52477
-6.5214
-6.51747
-6.51299
-6.50798
-6.50244
-6.49638
-6.4898
-6.48273
-6.47516
-6.46711
-6.4586
-6.44963
-6.44023
-6.43039
-6.31432
-6.32449
-6.33422
-6.34349
-6.3523
-6.36063
-6.36846
-6.37578
-6.38258
-6.38886
-6.3946
-6.39979
-6.40442
-6.40849
-6.41199
-6.41492
-6.41727
-6.41903
-6.42022
-6.42081
-6.42082
-6.42023
-6.41906
-6.4173
-6.41496
-6.41205
-6.40855
-6.40449
-6.39986
-6.39468
-6.38895
-6.38268
-6.37589
-6.36857
-6.36075
-6.35242
-6.34362
-6.33435
-6.32463
-6.31446
-6.19837
-6.20888
-6.21893
-6.2285
-6.2376
-6.24621
-6.25429
-6.26186
-6.26888
-6.27537
-6.2813
-6.28665
-6.29144
-6.29565
-6.29927
-6.30229
-6.30472
-6.30655
-6.30777
-6.30838
-6.30839
-6.30778
-6.30658
-6.30476
-6.30234
-6.29933
-6.29572
-6.29153
-6.28675
-6.2814
-6.27548
-6.26901
-6.26198
-6.25443
-6.24635
-6.23775
-6.22866
-6.21908
-6.20904
-6.19854
-6.08244
-6.09328
-6.10364
-6.11353
-6.12292
-6.13179
-6.14014
-6.14794
-6.1552
-6.16189
-6.16801
-6.17354
-6.17848
-6.18282
-6.18656
-6.18968
-6.19219
-6.19407
-6.19533
-6.19596
-6.19597
-6.19535
-6.19411
-6.19223
-6.18974
-6.18663
-6.18291
-6.17858
-6.17365
-6.16813
-6.16203
-6.15534
-6.1481
-6.1403
-6.13196
-6.12309
-6.11371
-6.10383
-6.09347
-6.08263
-5.96651
-5.97768
-5.98837
-5.99857
-6.00824
-6.01739
-6.026
-6.03405
-6.04153
-6.04843
-6.05473
-6.06044
-6.06553
-6.07001
-6.07386
-6.07708
-6.07967
-6.08161
-6.08291
-6.08357
-6.08358
-6.08294
-6.08166
-6.07973
-6.07716
-6.07396
-6.07012
-6.06566
-6.06058
-6.05489
-6.04859
-6.0417
-6.03423
-6.02619
-6.0176
-6.00845
-5.99878
-5.9886
-5.97791
-5.96674
-5.85059
-5.8621
-5.87311
-5.88361
-5.89358
-5.90301
-5.91187
-5.92017
-5.92787
-5.93498
-5.94148
-5.94736
-5.95261
-5.95722
-5.96119
-5.96451
-5.96718
-5.96918
-5.97052
-5.9712
-5.97121
-5.97056
-5.96924
-5.96726
-5.96461
-5.96131
-5.95736
-5.95277
-5.94753
-5.94167
-5.93519
-5.92809
-5.9204
-5.91212
-5.90326
-5.89384
-5.88388
-5.87339
-5.86238
-5.85087
-5.73468
-5.74653
-5.75786
-5.76867
-5.77894
-5.78864
-5.79777
-5.8063
-5.81424
-5.82156
-5.82825
-5.8343
-5.83971
-5.84446
-5.84855
-5.85197
-5.85473
-5.85679
-5.85818
-5.85888
-5.85889
-5.85822
-5.85687
-5.85483
-5.85211
-5.84871
-5.84465
-5.83992
-5.83453
-5.8285
-5.82183
-5.81452
-5.8066
-5.79808
-5.78897
-5.77927
-5.76902
-5.75821
-5.74688
-5.73504
-5.6188
-5.63098
-5.64265
-5.65377
-5.66432
-5.6743
-5.68369
-5.69248
-5.70064
-5.70817
-5.71506
-5.72129
-5.72686
-5.73175
-5.73597
-5.73949
-5.74232
-5.74446
-5.74588
-5.74661
-5.74664
-5.74595
-5.74456
-5.74247
-5.73967
-5.73618
-5.73201
-5.72714
-5.7216
-5.71539
-5.70853
-5.70102
-5.69288
-5.68411
-5.67473
-5.66476
-5.65421
-5.6431
-5.63144
-5.61926
-5.50294
-5.51547
-5.52745
-5.53888
-5.54974
-5.56
-5.56966
-5.57869
-5.58709
-5.59485
-5.60193
-5.60835
-5.61408
-5.61912
-5.62346
-5.62709
-5.63001
-5.63222
-5.63369
-5.63445
-5.63448
-5.63379
-5.63236
-5.63022
-5.62735
-5.62377
-5.61948
-5.61448
-5.60879
-5.60241
-5.59535
-5.58764
-5.57926
-5.57024
-5.5606
-5.55034
-5.53949
-5.52807
-5.51608
-5.50355
-5.38712
-5.39999
-5.41231
-5.42406
-5.43522
-5.44576
-5.45569
-5.46499
-5.47363
-5.4816
-5.4889
-5.4955
-5.50141
-5.50661
-5.51108
-5.51484
-5.51786
-5.52013
-5.52168
-5.52247
-5.52253
-5.52182
-5.52038
-5.51819
-5.51526
-5.51158
-5.50718
-5.50205
-5.4962
-5.48964
-5.48239
-5.47445
-5.46583
-5.45656
-5.44665
-5.4361
-5.42494
-5.41319
-5.40087
-5.38799
-5.27136
-5.28458
-5.29723
-5.30931
-5.32078
-5.33163
-5.34184
-5.3514
-5.3603
-5.36851
-5.37604
-5.38284
-5.38895
-5.39432
-5.39896
-5.40286
-5.406
-5.40839
-5.41002
-5.41088
-5.41097
-5.4103
-5.40884
-5.40662
-5.40363
-5.39988
-5.39536
-5.3901
-5.38409
-5.37735
-5.36987
-5.3617
-5.35283
-5.34328
-5.33306
-5.32221
-5.31072
-5.29862
-5.28594
-5.27268
-14.9356
-14.9356
-14.9356
-14.9356
-14.9356
-14.9356
-14.9356
-14.9356
-14.9356
-14.9356
-14.9356
-14.9356
-14.9356
-14.9356
-14.9356
-14.9356
-14.9356
-14.9356
-14.9356
-14.9357
-14.9357
-14.9356
-14.9356
-14.9356
-14.9356
-14.9356
-14.9356
-14.9356
-14.9356
-14.9356
-14.9356
-14.9356
-14.9356
-14.9356
-14.9356
-14.9356
-14.9356
-14.9356
-14.9356
-14.9356
-14.807
-14.807
-14.807
-14.807
-14.807
-14.807
-14.807
-14.807
-14.807
-14.807
-14.807
-14.807
-14.807
-14.807
-14.807
-14.807
-14.807
-14.807
-14.807
-14.807
-14.807
-14.807
-14.807
-14.807
-14.807
-14.807
-14.807
-14.807
-14.807
-14.807
-14.807
-14.807
-14.807
-14.807
-14.807
-14.807
-14.807
-14.807
-14.807
-14.807
-14.6782
-14.6782
-14.6782
-14.6782
-14.6783
-14.6782
-14.6782
-14.6782
-14.6782
-14.6782
-14.6782
-14.6782
-14.6782
-14.6782
-14.6782
-14.6782
-14.6782
-14.6782
-14.6782
-14.6782
-14.6782
-14.6782
-14.6782
-14.6782
-14.6782
-14.6782
-14.6782
-14.6782
-14.6782
-14.6782
-14.6782
-14.6782
-14.6782
-14.6782
-14.6782
-14.6782
-14.6782
-14.6782
-14.6782
-14.6782
-14.5495
-14.5495
-14.5495
-14.5495
-14.5495
-14.5495
-14.5495
-14.5495
-14.5495
-14.5495
-14.5495
-14.5495
-14.5495
-14.5495
-14.5495
-14.5495
-14.5495
-14.5495
-14.5495
-14.5495
-14.5495
-14.5495
-14.5495
-14.5495
-14.5495
-14.5495
-14.5495
-14.5495
-14.5495
-14.5495
-14.5495
-14.5495
-14.5495
-14.5495
-14.5495
-14.5495
-14.5495
-14.5495
-14.5495
-14.5495
-14.4207
-14.4207
-14.4207
-14.4207
-14.4207
-14.4207
-14.4207
-14.4207
-14.4207
-14.4207
-14.4207
-14.4207
-14.4207
-14.4207
-14.4207
-14.4207
-14.4207
-14.4207
-14.4207
-14.4208
-14.4208
-14.4207
-14.4207
-14.4207
-14.4207
-14.4207
-14.4207
-14.4207
-14.4207
-14.4207
-14.4207
-14.4207
-14.4207
-14.4207
-14.4207
-14.4207
-14.4207
-14.4207
-14.4207
-14.4207
-14.2921
-14.292
-14.2921
-14.2921
-14.2921
-14.292
-14.2921
-14.2921
-14.2921
-14.292
-14.2921
-14.2921
-14.2921
-14.2921
-14.2921
-14.2921
-14.2921
-14.2921
-14.2921
-14.292
-14.2921
-14.2921
-14.2921
-14.2921
-14.2921
-14.2921
-14.2921
-14.2921
-14.2921
-14.2921
-14.292
-14.2921
-14.2921
-14.2921
-14.292
-14.2921
-14.2921
-14.2921
-14.292
-14.2921
-14.1633
-14.1633
-14.1633
-14.1633
-14.1634
-14.1633
-14.1633
-14.1633
-14.1633
-14.1633
-14.1633
-14.1633
-14.1633
-14.1633
-14.1633
-14.1633
-14.1633
-14.1633
-14.1633
-14.1633
-14.1634
-14.1633
-14.1633
-14.1633
-14.1633
-14.1633
-14.1633
-14.1633
-14.1633
-14.1633
-14.1633
-14.1633
-14.1633
-14.1633
-14.1633
-14.1633
-14.1633
-14.1633
-14.1633
-14.1633
-14.0346
-14.0346
-14.0346
-14.0346
-14.0346
-14.0346
-14.0346
-14.0346
-14.0346
-14.0346
-14.0346
-14.0346
-14.0346
-14.0346
-14.0346
-14.0346
-14.0346
-14.0346
-14.0346
-14.0346
-14.0347
-14.0346
-14.0346
-14.0346
-14.0346
-14.0346
-14.0346
-14.0346
-14.0346
-14.0346
-14.0346
-14.0346
-14.0346
-14.0346
-14.0346
-14.0346
-14.0346
-14.0346
-14.0346
-14.0346
-13.9059
-13.9059
-13.9059
-13.9059
-13.9059
-13.9059
-13.9059
-13.9059
-13.9059
-13.9059
-13.9059
-13.9059
-13.9059
-13.9059
-13.9059
-13.9059
-13.9059
-13.9059
-13.9059
-13.9059
-13.906
-13.9059
-13.9059
-13.9059
-13.9059
-13.9059
-13.9059
-13.9059
-13.9059
-13.9059
-13.906
-13.9059
-13.9059
-13.9059
-13.906
-13.9059
-13.9059
-13.9059
-13.906
-13.9059
-13.7772
-13.7772
-13.7772
-13.7772
-13.7772
-13.7772
-13.7772
-13.7772
-13.7772
-13.7772
-13.7772
-13.7772
-13.7772
-13.7772
-13.7772
-13.7772
-13.7772
-13.7772
-13.7772
-13.7772
-13.7772
-13.7772
-13.7772
-13.7772
-13.7772
-13.7772
-13.7772
-13.7772
-13.7772
-13.7772
-13.7772
-13.7772
-13.7772
-13.7772
-13.7772
-13.7772
-13.7772
-13.7772
-13.7772
-13.7772
-13.6485
-13.6485
-13.6485
-13.6485
-13.6485
-13.6485
-13.6485
-13.6485
-13.6485
-13.6485
-13.6485
-13.6485
-13.6485
-13.6485
-13.6485
-13.6485
-13.6485
-13.6485
-13.6485
-13.6485
-13.6485
-13.6485
-13.6485
-13.6485
-13.6485
-13.6485
-13.6485
-13.6485
-13.6485
-13.6485
-13.6485
-13.6485
-13.6485
-13.6485
-13.6485
-13.6485
-13.6485
-13.6485
-13.6485
-13.6485
-13.5198
-13.5198
-13.5197
-13.5197
-13.5198
-13.5198
-13.5197
-13.5197
-13.5198
-13.5198
-13.5197
-13.5197
-13.5197
-13.5197
-13.5197
-13.5197
-13.5197
-13.5197
-13.5197
-13.5197
-13.5197
-13.5197
-13.5197
-13.5197
-13.5197
-13.5197
-13.5197
-13.5197
-13.5197
-13.5197
-13.5198
-13.5198
-13.5197
-13.5197
-13.5198
-13.5198
-13.5197
-13.5197
-13.5198
-13.5197
-13.391
-13.391
-13.391
-13.391
-13.391
-13.391
-13.391
-13.391
-13.391
-13.391
-13.391
-13.391
-13.391
-13.391
-13.391
-13.391
-13.391
-13.391
-13.391
-13.391
-13.391
-13.391
-13.391
-13.391
-13.391
-13.391
-13.391
-13.391
-13.391
-13.391
-13.391
-13.391
-13.391
-13.391
-13.391
-13.391
-13.391
-13.391
-13.391
-13.391
-13.2624
-13.2623
-13.2624
-13.2624
-13.2623
-13.2623
-13.2624
-13.2624
-13.2623
-13.2623
-13.2624
-13.2624
-13.2624
-13.2624
-13.2624
-13.2624
-13.2624
-13.2624
-13.2624
-13.2624
-13.2624
-13.2624
-13.2624
-13.2624
-13.2624
-13.2624
-13.2624
-13.2624
-13.2624
-13.2624
-13.2623
-13.2623
-13.2624
-13.2624
-13.2623
-13.2623
-13.2624
-13.2624
-13.2623
-13.2623
-13.1336
-13.1337
-13.1337
-13.1337
-13.1337
-13.1337
-13.1337
-13.1337
-13.1337
-13.1337
-13.1337
-13.1337
-13.1337
-13.1337
-13.1337
-13.1337
-13.1337
-13.1337
-13.1337
-13.1336
-13.1337
-13.1337
-13.1337
-13.1337
-13.1337
-13.1337
-13.1337
-13.1337
-13.1337
-13.1337
-13.1336
-13.1337
-13.1337
-13.1337
-13.1336
-13.1337
-13.1337
-13.1337
-13.1336
-13.1336
-13.0049
-13.0049
-13.0049
-13.0049
-13.005
-13.0049
-13.0049
-13.0049
-13.0049
-13.0049
-13.0049
-13.0049
-13.0049
-13.0049
-13.0049
-13.0049
-13.0049
-13.0049
-13.0049
-13.0049
-13.0049
-13.0049
-13.0049
-13.0049
-13.0049
-13.0049
-13.0049
-13.0049
-13.0049
-13.0049
-13.0049
-13.0049
-13.0049
-13.0049
-13.0049
-13.005
-13.0049
-13.0049
-13.0049
-13.0049
-12.8762
-12.8762
-12.8762
-12.8762
-12.8762
-12.8762
-12.8762
-12.8762
-12.8762
-12.8762
-12.8762
-12.8762
-12.8762
-12.8762
-12.8762
-12.8762
-12.8762
-12.8762
-12.8762
-12.8762
-12.8762
-12.8762
-12.8762
-12.8762
-12.8762
-12.8762
-12.8762
-12.8762
-12.8762
-12.8762
-12.8762
-12.8762
-12.8762
-12.8762
-12.8762
-12.8762
-12.8762
-12.8762
-12.8762
-12.8762
-12.7475
-12.7475
-12.7475
-12.7475
-12.7475
-12.7474
-12.7475
-12.7475
-12.7475
-12.7475
-12.7475
-12.7475
-12.7475
-12.7475
-12.7475
-12.7475
-12.7475
-12.7475
-12.7475
-12.7475
-12.7475
-12.7475
-12.7475
-12.7475
-12.7475
-12.7475
-12.7475
-12.7475
-12.7475
-12.7475
-12.7475
-12.7475
-12.7475
-12.7475
-12.7475
-12.7474
-12.7475
-12.7475
-12.7475
-12.7474
-12.6187
-12.6187
-12.6187
-12.6187
-12.6187
-12.6187
-12.6187
-12.6187
-12.6187
-12.6187
-12.6187
-12.6187
-12.6187
-12.6187
-12.6187
-12.6187
-12.6187
-12.6187
-12.6187
-12.6187
-12.6187
-12.6187
-12.6187
-12.6187
-12.6187
-12.6187
-12.6187
-12.6187
-12.6187
-12.6187
-12.6187
-12.6187
-12.6187
-12.6187
-12.6187
-12.6187
-12.6187
-12.6187
-12.6187
-12.6187
-12.4901
-12.4901
-12.4901
-12.4901
-12.4901
-12.4901
-12.4901
-12.4901
-12.4901
-12.4901
-12.4901
-12.4901
-12.4901
-12.4901
-12.4901
-12.4901
-12.4901
-12.4901
-12.4901
-12.4901
-12.4901
-12.4901
-12.4901
-12.4901
-12.4901
-12.4901
-12.4901
-12.4901
-12.4901
-12.4901
-12.4901
-12.4901
-12.4901
-12.4901
-12.4901
-12.4901
-12.4901
-12.4901
-12.4901
-12.4901
-12.3613
-12.3613
-12.3613
-12.3613
-12.3613
-12.3613
-12.3613
-12.3613
-12.3613
-12.3613
-12.3613
-12.3613
-12.3613
-12.3613
-12.3613
-12.3613
-12.3613
-12.3613
-12.3613
-12.3614
-12.3613
-12.3613
-12.3613
-12.3613
-12.3613
-12.3613
-12.3613
-12.3613
-12.3613
-12.3613
-12.3613
-12.3613
-12.3613
-12.3613
-12.3613
-12.3613
-12.3613
-12.3613
-12.3613
-12.3613
-12.2326
-12.2326
-12.2326
-12.2326
-12.2326
-12.2326
-12.2326
-12.2326
-12.2326
-12.2326
-12.2326
-12.2326
-12.2326
-12.2326
-12.2326
-12.2326
-12.2326
-12.2326
-12.2326
-12.2327
-12.2326
-12.2326
-12.2326
-12.2326
-12.2326
-12.2326
-12.2326
-12.2326
-12.2326
-12.2326
-12.2326
-12.2326
-12.2326
-12.2326
-12.2326
-12.2327
-12.2326
-12.2326
-12.2326
-12.2326
-12.1039
-12.1039
-12.1039
-12.1039
-12.104
-12.1039
-12.1039
-12.1039
-12.104
-12.1039
-12.1039
-12.1039
-12.1039
-12.1039
-12.1039
-12.1039
-12.1039
-12.1039
-12.1039
-12.104
-12.104
-12.1039
-12.1039
-12.1039
-12.1039
-12.1039
-12.1039
-12.1039
-12.1039
-12.1039
-12.1039
-12.1039
-12.1039
-12.1039
-12.1039
-12.1039
-12.1039
-12.1039
-12.1039
-12.1039
-11.9752
-11.9752
-11.9752
-11.9752
-11.9752
-11.9752
-11.9752
-11.9752
-11.9752
-11.9752
-11.9752
-11.9752
-11.9752
-11.9752
-11.9752
-11.9752
-11.9752
-11.9752
-11.9752
-11.9752
-11.9752
-11.9752
-11.9752
-11.9752
-11.9752
-11.9752
-11.9752
-11.9752
-11.9752
-11.9752
-11.9752
-11.9752
-11.9752
-11.9752
-11.9752
-11.9752
-11.9752
-11.9752
-11.9752
-11.9752
-11.8465
-11.8465
-11.8465
-11.8465
-11.8465
-11.8465
-11.8465
-11.8465
-11.8465
-11.8465
-11.8465
-11.8465
-11.8465
-11.8465
-11.8465
-11.8465
-11.8465
-11.8465
-11.8465
-11.8464
-11.8464
-11.8465
-11.8465
-11.8465
-11.8465
-11.8465
-11.8465
-11.8465
-11.8465
-11.8465
-11.8464
-11.8465
-11.8465
-11.8465
-11.8464
-11.8465
-11.8465
-11.8465
-11.8464
-11.8465
-11.7177
-11.7177
-11.7177
-11.7177
-11.7178
-11.7177
-11.7177
-11.7177
-11.7177
-11.7177
-11.7177
-11.7177
-11.7177
-11.7177
-11.7177
-11.7177
-11.7177
-11.7177
-11.7177
-11.7177
-11.7178
-11.7177
-11.7177
-11.7177
-11.7177
-11.7177
-11.7177
-11.7177
-11.7177
-11.7177
-11.7177
-11.7177
-11.7177
-11.7177
-11.7177
-11.7178
-11.7177
-11.7177
-11.7177
-11.7177
-11.5891
-11.5891
-11.5891
-11.5891
-11.5891
-11.5891
-11.5891
-11.5891
-11.5891
-11.5891
-11.5891
-11.5891
-11.5891
-11.5891
-11.5891
-11.5891
-11.5891
-11.5891
-11.5891
-11.589
-11.589
-11.5891
-11.5891
-11.5891
-11.5891
-11.5891
-11.5891
-11.5891
-11.5891
-11.5891
-11.5891
-11.5891
-11.5891
-11.5891
-11.5891
-11.5891
-11.5891
-11.5891
-11.5891
-11.5891
-11.4604
-11.4604
-11.4604
-11.4604
-11.4604
-11.4604
-11.4604
-11.4604
-11.4604
-11.4604
-11.4604
-11.4604
-11.4604
-11.4604
-11.4604
-11.4604
-11.4604
-11.4604
-11.4604
-11.4603
-11.4604
-11.4604
-11.4604
-11.4604
-11.4604
-11.4604
-11.4604
-11.4604
-11.4604
-11.4604
-11.4604
-11.4604
-11.4604
-11.4604
-11.4604
-11.4604
-11.4604
-11.4604
-11.4604
-11.4604
-11.3317
-11.3317
-11.3317
-11.3317
-11.3317
-11.3316
-11.3317
-11.3317
-11.3317
-11.3317
-11.3317
-11.3317
-11.3317
-11.3317
-11.3317
-11.3317
-11.3317
-11.3317
-11.3317
-11.3316
-11.3316
-11.3317
-11.3317
-11.3317
-11.3317
-11.3317
-11.3317
-11.3317
-11.3317
-11.3317
-11.3317
-11.3317
-11.3317
-11.3317
-11.3316
-11.3317
-11.3317
-11.3317
-11.3317
-11.3317
-11.203
-11.203
-11.203
-11.203
-11.203
-11.203
-11.203
-11.203
-11.203
-11.203
-11.203
-11.203
-11.203
-11.203
-11.203
-11.203
-11.203
-11.203
-11.203
-11.203
-11.203
-11.203
-11.203
-11.203
-11.203
-11.203
-11.203
-11.203
-11.203
-11.203
-11.203
-11.203
-11.203
-11.203
-11.203
-11.203
-11.203
-11.203
-11.203
-11.203
-11.0742
-11.0742
-11.0742
-11.0742
-11.0742
-11.0742
-11.0742
-11.0742
-11.0742
-11.0742
-11.0742
-11.0742
-11.0742
-11.0742
-11.0742
-11.0742
-11.0742
-11.0742
-11.0742
-11.0742
-11.0742
-11.0742
-11.0742
-11.0742
-11.0742
-11.0742
-11.0742
-11.0742
-11.0742
-11.0742
-11.0742
-11.0742
-11.0742
-11.0742
-11.0742
-11.0742
-11.0742
-11.0742
-11.0742
-11.0742
-10.9454
-10.9454
-10.9454
-10.9454
-10.9454
-10.9454
-10.9454
-10.9454
-10.9454
-10.9454
-10.9454
-10.9454
-10.9454
-10.9454
-10.9454
-10.9454
-10.9454
-10.9454
-10.9454
-10.9455
-10.9455
-10.9454
-10.9454
-10.9454
-10.9454
-10.9454
-10.9454
-10.9454
-10.9454
-10.9454
-10.9454
-10.9454
-10.9454
-10.9454
-10.9454
-10.9454
-10.9454
-10.9454
-10.9454
-10.9454
-10.8167
-10.8167
-10.8167
-10.8167
-10.8167
-10.8167
-10.8167
-10.8167
-10.8167
-10.8167
-10.8167
-10.8167
-10.8167
-10.8167
-10.8167
-10.8167
-10.8167
-10.8167
-10.8167
-10.8167
-10.8167
-10.8167
-10.8167
-10.8167
-10.8167
-10.8167
-10.8167
-10.8167
-10.8167
-10.8167
-10.8167
-10.8167
-10.8167
-10.8167
-10.8167
-10.8168
-10.8167
-10.8167
-10.8167
-10.8167
-10.688
-10.688
-10.688
-10.688
-10.688
-10.688
-10.688
-10.688
-10.688
-10.688
-10.688
-10.688
-10.688
-10.688
-10.688
-10.688
-10.688
-10.688
-10.688
-10.688
-10.6881
-10.688
-10.688
-10.688
-10.688
-10.688
-10.688
-10.688
-10.688
-10.688
-10.688
-10.688
-10.688
-10.688
-10.688
-10.688
-10.688
-10.688
-10.688
-10.688
-10.5593
-10.5593
-10.5593
-10.5593
-10.5594
-10.5593
-10.5593
-10.5593
-10.5593
-10.5593
-10.5593
-10.5593
-10.5593
-10.5593
-10.5593
-10.5593
-10.5593
-10.5593
-10.5593
-10.5593
-10.5593
-10.5593
-10.5593
-10.5593
-10.5593
-10.5593
-10.5593
-10.5593
-10.5593
-10.5593
-10.5593
-10.5593
-10.5593
-10.5593
-10.5593
-10.5594
-10.5593
-10.5593
-10.5593
-10.5593
-10.4307
-10.4306
-10.4306
-10.4306
-10.4306
-10.4306
-10.4306
-10.4306
-10.4306
-10.4306
-10.4306
-10.4306
-10.4306
-10.4306
-10.4306
-10.4306
-10.4306
-10.4306
-10.4306
-10.4306
-10.4306
-10.4306
-10.4306
-10.4306
-10.4306
-10.4306
-10.4306
-10.4306
-10.4306
-10.4306
-10.4306
-10.4306
-10.4306
-10.4306
-10.4306
-10.4306
-10.4306
-10.4306
-10.4306
-10.4307
-10.3019
-10.302
-10.302
-10.302
-10.3019
-10.302
-10.302
-10.302
-10.3019
-10.302
-10.302
-10.302
-10.302
-10.302
-10.302
-10.302
-10.302
-10.302
-10.302
-10.3019
-10.3019
-10.302
-10.302
-10.302
-10.302
-10.302
-10.302
-10.302
-10.302
-10.302
-10.302
-10.3019
-10.302
-10.302
-10.302
-10.3019
-10.302
-10.302
-10.302
-10.3019
-10.1732
-10.1732
-10.1732
-10.1732
-10.1732
-10.1732
-10.1732
-10.1732
-10.1732
-10.1732
-10.1732
-10.1732
-10.1732
-10.1732
-10.1732
-10.1732
-10.1732
-10.1732
-10.1732
-10.1732
-10.1732
-10.1732
-10.1732
-10.1732
-10.1732
-10.1732
-10.1732
-10.1732
-10.1732
-10.1732
-10.1732
-10.1732
-10.1732
-10.1732
-10.1732
-10.1732
-10.1732
-10.1732
-10.1732
-10.1732
-10.0445
-10.0445
-10.0445
-10.0445
-10.0445
-10.0445
-10.0445
-10.0445
-10.0445
-10.0445
-10.0445
-10.0445
-10.0445
-10.0445
-10.0445
-10.0445
-10.0445
-10.0445
-10.0445
-10.0445
-10.0445
-10.0445
-10.0445
-10.0445
-10.0445
-10.0445
-10.0445
-10.0445
-10.0445
-10.0445
-10.0445
-10.0445
-10.0445
-10.0445
-10.0445
-10.0445
-10.0445
-10.0445
-10.0445
-10.0445
-9.91576
-9.91576
-9.91577
-9.91576
-9.91576
-9.91576
-9.91576
-9.91576
-9.91576
-9.91576
-9.91576
-9.91576
-9.91576
-9.91576
-9.91576
-9.91576
-9.91576
-9.91576
-9.91576
-9.91577
-9.91576
-9.91576
-9.91576
-9.91576
-9.91576
-9.91576
-9.91576
-9.91576
-9.91576
-9.91576
-9.91576
-9.91576
-9.91576
-9.91576
-9.91576
-9.91576
-9.91576
-9.91577
-9.91576
-9.91576
0.334234
0.334234
0.334234
0.334234
0.334234
0.334234
0.334234
0.334234
0.334234
0.334234
0.334234
0.334234
0.334234
0.334234
0.334234
0.334234
0.334234
0.334234
0.334234
0.334234
0.334234
0.334234
0.334234
0.334234
0.334234
0.334234
0.334234
0.334234
0.334234
0.334234
0.334234
0.334234
0.334234
0.334234
0.334234
0.334234
0.334234
0.334234
0.334234
0.334234
0.70552
0.705519
0.705519
0.705519
0.705519
0.705519
0.705519
0.705519
0.705519
0.705519
0.705519
0.705519
0.705519
0.705519
0.705519
0.705519
0.705519
0.705519
0.705519
0.705519
0.705519
0.705519
0.705519
0.705519
0.705519
0.705519
0.705519
0.705519
0.705519
0.705519
0.705519
0.705519
0.705519
0.705519
0.705519
0.705519
0.705519
0.705519
0.705519
0.705519
1.07681
1.07681
1.07681
1.07681
1.07681
1.07681
1.07681
1.07681
1.07681
1.07681
1.07681
1.07681
1.07681
1.07681
1.07681
1.07681
1.07681
1.07681
1.07681
1.07681
1.07681
1.07681
1.07681
1.07681
1.07681
1.07681
1.07681
1.07681
1.07681
1.07681
1.07681
1.07681
1.07681
1.07681
1.07681
1.07681
1.07681
1.07681
1.07681
1.07681
1.44809
1.44809
1.44809
1.44809
1.44809
1.44809
1.44809
1.44809
1.44809
1.44809
1.44809
1.44809
1.44809
1.44809
1.44809
1.44809
1.44809
1.44809
1.44809
1.44809
1.44809
1.44809
1.44809
1.44809
1.44809
1.44809
1.44809
1.44809
1.44809
1.44809
1.44809
1.44809
1.44809
1.44809
1.44809
1.44809
1.44809
1.44809
1.44809
1.44809
1.81937
1.81937
1.81937
1.81937
1.81937
1.81937
1.81937
1.81937
1.81937
1.81937
1.81937
1.81937
1.81937
1.81937
1.81937
1.81937
1.81937
1.81937
1.81937
1.81937
1.81937
1.81937
1.81937
1.81937
1.81937
1.81937
1.81937
1.81937
1.81937
1.81937
1.81937
1.81937
1.81937
1.81937
1.81937
1.81937
1.81937
1.81937
1.81937
1.81937
2.19066
2.19066
2.19066
2.19066
2.19066
2.19066
2.19066
2.19066
2.19066
2.19066
2.19066
2.19066
2.19066
2.19066
2.19066
2.19066
2.19066
2.19066
2.19066
2.19066
2.19066
2.19066
2.19066
2.19066
2.19066
2.19066
2.19066
2.19066
2.19066
2.19066
2.19066
2.19066
2.19066
2.19066
2.19066
2.19066
2.19066
2.19066
2.19066
2.19066
2.56194
2.56194
2.56194
2.56194
2.56194
2.56194
2.56194
2.56194
2.56194
2.56194
2.56194
2.56194
2.56194
2.56194
2.56194
2.56194
2.56194
2.56194
2.56194
2.56195
2.56195
2.56194
2.56194
2.56194
2.56194
2.56194
2.56194
2.56194
2.56194
2.56194
2.56194
2.56194
2.56194
2.56194
2.56194
2.56194
2.56194
2.56194
2.56194
2.56194
2.93323
2.93323
2.93323
2.93323
2.93323
2.93323
2.93323
2.93323
2.93323
2.93323
2.93323
2.93323
2.93323
2.93323
2.93323
2.93323
2.93323
2.93323
2.93323
2.93323
2.93323
2.93323
2.93323
2.93323
2.93323
2.93323
2.93323
2.93323
2.93323
2.93323
2.93323
2.93323
2.93323
2.93323
2.93323
2.93323
2.93323
2.93323
2.93323
2.93323
3.30452
3.30452
3.30452
3.30452
3.30452
3.30452
3.30452
3.30452
3.30452
3.30452
3.30452
3.30452
3.30451
3.30451
3.30452
3.30452
3.30452
3.30452
3.30452
3.30451
3.30451
3.30452
3.30452
3.30452
3.30452
3.30452
3.30451
3.30451
3.30452
3.30452
3.30452
3.30452
3.30452
3.30452
3.30452
3.30452
3.30452
3.30452
3.30452
3.30452
3.6758
3.6758
3.6758
3.6758
3.6758
3.6758
3.6758
3.6758
3.6758
3.6758
3.6758
3.6758
3.6758
3.6758
3.6758
3.6758
3.6758
3.6758
3.6758
3.6758
3.6758
3.6758
3.6758
3.6758
3.6758
3.6758
3.6758
3.6758
3.6758
3.6758
3.6758
3.6758
3.6758
3.6758
3.6758
3.6758
3.6758
3.6758
3.6758
3.6758
4.04709
4.04709
4.04709
4.04709
4.04709
4.04709
4.04709
4.04709
4.04709
4.04709
4.04709
4.04709
4.04709
4.04709
4.04709
4.04709
4.04709
4.04709
4.04709
4.04708
4.04709
4.04709
4.04709
4.04709
4.04709
4.04709
4.04709
4.04709
4.04709
4.04709
4.04709
4.04709
4.04709
4.04709
4.04709
4.04709
4.04709
4.04709
4.04709
4.04709
4.41837
4.41837
4.41837
4.41837
4.41837
4.41837
4.41837
4.41837
4.41837
4.41837
4.41837
4.41837
4.41837
4.41837
4.41837
4.41837
4.41837
4.41837
4.41837
4.41837
4.41837
4.41837
4.41837
4.41837
4.41837
4.41837
4.41837
4.41837
4.41837
4.41837
4.41837
4.41837
4.41837
4.41837
4.41837
4.41837
4.41837
4.41837
4.41837
4.41837
4.78965
4.78965
4.78965
4.78965
4.78965
4.78965
4.78965
4.78965
4.78965
4.78965
4.78965
4.78965
4.78965
4.78965
4.78965
4.78965
4.78965
4.78965
4.78965
4.78965
4.78965
4.78965
4.78965
4.78965
4.78965
4.78965
4.78965
4.78965
4.78965
4.78965
4.78965
4.78965
4.78965
4.78965
4.78965
4.78965
4.78965
4.78965
4.78965
4.78965
5.16094
5.16094
5.16094
5.16094
5.16094
5.16094
5.16094
5.16094
5.16094
5.16094
5.16094
5.16094
5.16094
5.16094
5.16094
5.16094
5.16094
5.16094
5.16094
5.16094
5.16094
5.16094
5.16094
5.16094
5.16094
5.16094
5.16094
5.16094
5.16094
5.16094
5.16094
5.16094
5.16094
5.16094
5.16094
5.16094
5.16094
5.16094
5.16094
5.16094
5.53222
5.53223
5.53223
5.53222
5.53223
5.53223
5.53222
5.53223
5.53223
5.53223
5.53222
5.53223
5.53223
5.53222
5.53223
5.53223
5.53223
5.53223
5.53223
5.53223
5.53222
5.53223
5.53223
5.53223
5.53223
5.53223
5.53223
5.53223
5.53223
5.53222
5.53223
5.53223
5.53223
5.53223
5.53223
5.53223
5.53223
5.53223
5.53222
5.53223
5.90351
5.90352
5.90351
5.90352
5.90351
5.90351
5.90352
5.90351
5.90351
5.90352
5.90351
5.90351
5.90351
5.90351
5.90351
5.90351
5.90351
5.90351
5.90351
5.90351
5.90351
5.90351
5.90351
5.90351
5.90351
5.90351
5.90351
5.90351
5.90351
5.90351
5.90351
5.90351
5.90351
5.90351
5.90351
5.90351
5.90351
5.90351
5.90351
5.90351
6.2748
6.2748
6.2748
6.2748
6.2748
6.2748
6.2748
6.2748
6.2748
6.2748
6.2748
6.2748
6.2748
6.2748
6.2748
6.2748
6.2748
6.2748
6.2748
6.2748
6.2748
6.2748
6.2748
6.2748
6.2748
6.2748
6.2748
6.2748
6.2748
6.2748
6.2748
6.2748
6.2748
6.2748
6.2748
6.2748
6.2748
6.2748
6.2748
6.2748
6.64608
6.64608
6.64608
6.64608
6.64608
6.64608
6.64608
6.64608
6.64608
6.64608
6.64608
6.64608
6.64608
6.64609
6.64608
6.64608
6.64608
6.64608
6.64608
6.64608
6.64608
6.64608
6.64608
6.64608
6.64608
6.64608
6.64608
6.64609
6.64608
6.64608
6.64608
6.64608
6.64608
6.64608
6.64608
6.64608
6.64608
6.64608
6.64608
6.64608
7.01737
7.01737
7.01737
7.01737
7.01737
7.01737
7.01737
7.01737
7.01737
7.01737
7.01737
7.01737
7.01737
7.01737
7.01737
7.01737
7.01737
7.01737
7.01737
7.01737
7.01737
7.01737
7.01737
7.01737
7.01737
7.01737
7.01737
7.01737
7.01737
7.01737
7.01737
7.01737
7.01737
7.01737
7.01737
7.01737
7.01737
7.01737
7.01737
7.01737
7.38865
7.38865
7.38865
7.38865
7.38865
7.38865
7.38865
7.38865
7.38865
7.38865
7.38865
7.38865
7.38865
7.38865
7.38865
7.38865
7.38865
7.38865
7.38865
7.38865
7.38865
7.38865
7.38865
7.38865
7.38865
7.38865
7.38865
7.38865
7.38865
7.38865
7.38865
7.38865
7.38865
7.38865
7.38865
7.38865
7.38865
7.38865
7.38865
7.38865
7.75994
7.75994
7.75994
7.75994
7.75994
7.75994
7.75994
7.75994
7.75994
7.75994
7.75994
7.75994
7.75994
7.75994
7.75994
7.75994
7.75994
7.75994
7.75994
7.75994
7.75994
7.75994
7.75994
7.75994
7.75994
7.75994
7.75994
7.75994
7.75994
7.75994
7.75994
7.75994
7.75994
7.75994
7.75994
7.75994
7.75994
7.75994
7.75994
7.75994
8.13122
8.13122
8.13122
8.13122
8.13122
8.13122
8.13122
8.13122
8.13122
8.13122
8.13122
8.13122
8.13122
8.13122
8.13122
8.13122
8.13122
8.13122
8.13122
8.13122
8.13123
8.13122
8.13122
8.13122
8.13122
8.13122
8.13122
8.13122
8.13122
8.13122
8.13122
8.13122
8.13122
8.13122
8.13122
8.13122
8.13122
8.13122
8.13122
8.13123
8.50251
8.50251
8.50251
8.50251
8.50251
8.50251
8.50251
8.50251
8.50251
8.50251
8.50251
8.50251
8.50251
8.50251
8.50251
8.50251
8.50251
8.50251
8.50251
8.50251
8.50251
8.50251
8.50251
8.50251
8.50251
8.50251
8.50251
8.50251
8.50251
8.50251
8.50251
8.50251
8.50251
8.50251
8.50251
8.50251
8.50251
8.50251
8.50251
8.50251
8.87379
8.87379
8.87379
8.87379
8.87379
8.87379
8.87379
8.8738
8.87379
8.87379
8.8738
8.8738
8.87379
8.87379
8.8738
8.8738
8.8738
8.8738
8.8738
8.87379
8.87379
8.8738
8.8738
8.8738
8.8738
8.8738
8.87379
8.87379
8.8738
8.8738
8.87379
8.87379
8.8738
8.87379
8.8738
8.87379
8.87379
8.87379
8.87379
8.87379
9.24508
9.24508
9.24508
9.24508
9.24508
9.24508
9.24508
9.24508
9.24508
9.24508
9.24508
9.24508
9.24508
9.24508
9.24508
9.24508
9.24508
9.24508
9.24508
9.24508
9.24508
9.24508
9.24508
9.24508
9.24508
9.24508
9.24508
9.24508
9.24508
9.24508
9.24508
9.24508
9.24508
9.24508
9.24508
9.24508
9.24508
9.24508
9.24508
9.24508
9.61636
9.61636
9.61637
9.61637
9.61636
9.61636
9.61637
9.61637
9.61636
9.61636
9.61637
9.61637
9.61637
9.61637
9.61637
9.61637
9.61637
9.61637
9.61637
9.61636
9.61637
9.61637
9.61637
9.61637
9.61637
9.61637
9.61637
9.61637
9.61637
9.61637
9.61636
9.61636
9.61637
9.61637
9.61636
9.61636
9.61637
9.61637
9.61636
9.61636
9.98765
9.98765
9.98765
9.98765
9.98765
9.98765
9.98765
9.98765
9.98765
9.98765
9.98765
9.98765
9.98765
9.98765
9.98765
9.98765
9.98765
9.98765
9.98765
9.98766
9.98766
9.98765
9.98765
9.98765
9.98765
9.98765
9.98765
9.98765
9.98765
9.98765
9.98765
9.98765
9.98765
9.98765
9.98765
9.98765
9.98765
9.98765
9.98765
9.98765
10.3589
10.3589
10.3589
10.3589
10.3589
10.3589
10.3589
10.3589
10.3589
10.3589
10.3589
10.3589
10.3589
10.3589
10.3589
10.3589
10.3589
10.3589
10.3589
10.3589
10.3589
10.3589
10.3589
10.3589
10.3589
10.3589
10.3589
10.3589
10.3589
10.3589
10.359
10.3589
10.3589
10.3589
10.359
10.3589
10.3589
10.3589
10.359
10.3589
10.7302
10.7302
10.7302
10.7302
10.7302
10.7302
10.7302
10.7302
10.7302
10.7302
10.7302
10.7302
10.7302
10.7302
10.7302
10.7302
10.7302
10.7302
10.7302
10.7303
10.7302
10.7302
10.7302
10.7302
10.7302
10.7302
10.7302
10.7302
10.7302
10.7302
10.7302
10.7302
10.7302
10.7302
10.7302
10.7302
10.7302
10.7302
10.7302
10.7302
11.1015
11.1015
11.1015
11.1015
11.1015
11.1015
11.1015
11.1015
11.1015
11.1015
11.1015
11.1015
11.1015
11.1015
11.1015
11.1015
11.1015
11.1015
11.1015
11.1015
11.1015
11.1015
11.1015
11.1015
11.1015
11.1015
11.1015
11.1015
11.1015
11.1015
11.1015
11.1015
11.1015
11.1015
11.1015
11.1015
11.1015
11.1015
11.1015
11.1015
11.4727
11.4727
11.4727
11.4727
11.4727
11.4727
11.4727
11.4727
11.4727
11.4727
11.4727
11.4727
11.4727
11.4727
11.4727
11.4728
11.4727
11.4727
11.4727
11.4727
11.4727
11.4727
11.4727
11.4727
11.4728
11.4727
11.4727
11.4727
11.4727
11.4727
11.4727
11.4727
11.4727
11.4728
11.4727
11.4728
11.4727
11.4727
11.4727
11.4728
11.844
11.844
11.844
11.8441
11.8441
11.8441
11.8441
11.8441
11.8441
11.8441
11.844
11.8441
11.8441
11.8441
11.844
11.8441
11.8441
11.8441
11.8441
11.8441
11.844
11.8441
11.8441
11.8441
11.8441
11.844
11.8441
11.8441
11.844
11.844
11.8441
11.8441
11.844
11.8441
11.844
11.8441
11.844
11.844
11.844
11.844
12.2154
12.2154
12.2154
12.2154
12.2154
12.2154
12.2154
12.2154
12.2154
12.2154
12.2154
12.2154
12.2154
12.2154
12.2154
12.2154
12.2154
12.2154
12.2154
12.2153
12.2154
12.2154
12.2154
12.2154
12.2154
12.2154
12.2154
12.2154
12.2154
12.2154
12.2154
12.2154
12.2154
12.2154
12.2154
12.2154
12.2154
12.2154
12.2154
12.2154
12.5866
12.5866
12.5866
12.5866
12.5866
12.5866
12.5866
12.5866
12.5866
12.5866
12.5866
12.5867
12.5866
12.5866
12.5866
12.5867
12.5866
12.5866
12.5866
12.5866
12.5867
12.5866
12.5866
12.5866
12.5866
12.5866
12.5866
12.5866
12.5866
12.5866
12.5866
12.5866
12.5866
12.5867
12.5866
12.5867
12.5866
12.5866
12.5866
12.5866
12.9579
12.9579
12.9579
12.9579
12.9579
12.9579
12.9579
12.9579
12.9579
12.9579
12.958
12.9579
12.9579
12.9579
12.9579
12.9579
12.9579
12.9579
12.9579
12.958
12.9579
12.9579
12.9579
12.9579
12.9579
12.9579
12.9579
12.9579
12.9579
12.9579
12.9579
12.9579
12.9579
12.9579
12.9579
12.9579
12.9579
12.9579
12.9579
12.9579
13.3293
13.3293
13.3293
13.3293
13.3293
13.3293
13.3293
13.3293
13.3293
13.3293
13.3293
13.3293
13.3293
13.3293
13.3293
13.3293
13.3293
13.3293
13.3293
13.3292
13.3292
13.3293
13.3293
13.3293
13.3293
13.3293
13.3293
13.3293
13.3293
13.3293
13.3293
13.3293
13.3293
13.3293
13.3293
13.3293
13.3293
13.3293
13.3293
13.3293
13.7005
13.7005
13.7005
13.7005
13.7005
13.7005
13.7005
13.7005
13.7005
13.7005
13.7005
13.7005
13.7005
13.7005
13.7005
13.7005
13.7005
13.7005
13.7005
13.7005
13.7005
13.7005
13.7005
13.7005
13.7005
13.7005
13.7005
13.7005
13.7005
13.7005
13.7005
13.7005
13.7005
13.7005
13.7005
13.7005
13.7005
13.7005
13.7005
13.7005
14.0718
14.0718
14.0718
14.0718
14.0718
14.0718
14.0718
14.0718
14.0718
14.0717
14.0718
14.0718
14.0718
14.0718
14.0718
14.0718
14.0718
14.0718
14.0718
14.0717
14.0717
14.0718
14.0718
14.0718
14.0717
14.0718
14.0718
14.0718
14.0718
14.0718
14.0718
14.0718
14.0718
14.0718
14.0718
14.0718
14.0718
14.0718
14.0718
14.0718
14.443
14.443
14.443
14.443
14.443
14.443
14.443
14.443
14.443
14.443
14.443
14.443
14.443
14.443
14.443
14.4431
14.443
14.443
14.443
14.443
14.443
14.443
14.443
14.443
14.443
14.443
14.443
14.443
14.443
14.443
14.4431
14.443
14.443
14.443
14.443
14.443
14.443
14.443
14.443
14.443
14.8144
14.8144
14.8144
14.8143
14.8144
14.8143
14.8144
14.8143
14.8144
14.8144
14.8144
14.8143
14.8144
14.8144
14.8143
14.8143
14.8144
14.8144
14.8144
14.8144
14.8144
14.8144
14.8144
14.8144
14.8144
14.8143
14.8144
14.8144
14.8143
14.8144
14.8144
14.8144
14.8143
14.8144
14.8143
14.8144
14.8143
14.8144
14.8144
14.8144
)
;

boundaryField
{
    FrontBack
    {
        type            empty;
    }
    Cylinder
    {
        type            calculated;
        value           nonuniform List<scalar> 
160
(
-5.19788
-5.18347
-5.16854
-5.15313
-5.13724
-5.12092
-5.10419
-5.08706
-5.06957
-5.05175
-5.03361
-5.0152
-4.99652
-4.97763
-4.95854
-4.93929
-4.9199
-4.90041
-4.88084
-4.86122
-4.84159
-4.82198
-4.80241
-4.78291
-4.76352
-4.74427
-4.72519
-4.7063
-4.68762
-4.66921
-4.65108
-4.63324
-4.61576
-4.59863
-4.58189
-4.56557
-4.54969
-4.53427
-4.51934
-4.50493
-4.49105
-4.47773
-4.46498
-4.45282
-4.44129
-4.43038
-4.42013
-4.41053
-4.40162
-4.3934
-4.38589
-4.3791
-4.37303
-4.3677
-4.36312
-4.35929
-4.35622
-4.35391
-4.35237
-4.3516
-4.3516
-4.35237
-4.35391
-4.35622
-4.35929
-4.36312
-4.3677
-4.37303
-4.3791
-4.38589
-4.3934
-4.40162
-4.41053
-4.42013
-4.43038
-4.44129
-4.45282
-4.46498
-4.47773
-4.49105
-4.50493
-4.51935
-4.53427
-4.54969
-4.56557
-4.58189
-4.59863
-4.61576
-4.63325
-4.65107
-4.66921
-4.68762
-4.7063
-4.72519
-4.74427
-4.76353
-4.78291
-4.80241
-4.82198
-4.84159
-4.86122
-4.88084
-4.90041
-4.9199
-4.93929
-4.95854
-4.97763
-4.99652
-5.0152
-5.03361
-5.05174
-5.06957
-5.08706
-5.10419
-5.12092
-5.13725
-5.15313
-5.16854
-5.18347
-5.19789
-5.21176
-5.22509
-5.23784
-5.25
-5.26153
-5.27243
-5.2827
-5.29229
-5.30119
-5.30941
-5.31692
-5.32372
-5.32979
-5.33511
-5.33969
-5.34352
-5.3466
-5.34891
-5.35045
-5.35121
-5.35121
-5.35045
-5.3489
-5.3466
-5.34352
-5.33969
-5.33512
-5.32979
-5.32372
-5.31692
-5.30941
-5.3012
-5.29228
-5.2827
-5.27243
-5.26153
-5.25
-5.23784
-5.22509
-5.21176
)
;
    }
    Bottom
    {
        type            calculated;
        value           nonuniform List<scalar> 
120
(
-9.72641
-9.47641
-9.22641
-8.97641
-8.72641
-8.47641
-8.22641
-7.97641
-7.72641
-7.47641
-7.22641
-6.97641
-6.72641
-6.47641
-6.22641
-5.97641
-5.72641
-5.47641
-5.22641
-4.97641
-4.72641
-4.47641
-4.22641
-3.97641
-3.72641
-3.47641
-3.22641
-2.97641
-2.72641
-2.47641
-2.22641
-1.97641
-1.72641
-1.47641
-1.22641
-0.976409
-0.726408
-0.476408
-0.226408
0.023592
-14.9357
-14.807
-14.6782
-14.5495
-14.4207
-14.2921
-14.1634
-14.0346
-13.9059
-13.7772
-13.6485
-13.5198
-13.391
-13.2624
-13.1337
-13.0049
-12.8762
-12.7474
-12.6187
-12.4901
-12.3613
-12.2326
-12.1039
-11.9752
-11.8464
-11.7177
-11.5891
-11.4604
-11.3317
-11.2029
-11.0742
-10.9454
-10.8167
-10.6881
-10.5593
-10.4307
-10.3019
-10.1732
-10.0445
-9.91576
0.334234
0.705519
1.07681
1.44809
1.81937
2.19066
2.56195
2.93323
3.30451
3.6758
4.04709
4.41837
4.78965
5.16094
5.53222
5.90351
6.2748
6.64608
7.01737
7.38865
7.75994
8.13123
8.50251
8.8738
9.24508
9.61636
9.98765
10.3589
10.7303
11.1015
11.4727
11.844
12.2154
12.5866
12.9579
13.3292
13.7005
14.0718
14.4431
14.8144
)
;
    }
    Top
    {
        type            calculated;
        value           nonuniform List<scalar> 
120
(
0.023592
-0.226408
-0.476408
-0.726408
-0.976409
-1.22641
-1.47641
-1.72641
-1.97641
-2.22641
-2.47641
-2.72641
-2.97641
-3.22641
-3.47641
-3.72641
-3.97641
-4.22641
-4.47641
-4.72641
-4.97641
-5.22641
-5.47641
-5.72641
-5.97641
-6.22641
-6.47641
-6.72641
-6.97641
-7.22641
-7.47641
-7.72641
-7.97641
-8.22641
-8.47641
-8.72641
-8.97641
-9.22641
-9.47641
-9.72641
-14.9357
-14.807
-14.6782
-14.5495
-14.4207
-14.2921
-14.1633
-14.0346
-13.9059
-13.7772
-13.6485
-13.5198
-13.391
-13.2624
-13.1336
-13.0049
-12.8762
-12.7474
-12.6187
-12.4901
-12.3613
-12.2326
-12.1039
-11.9752
-11.8464
-11.7177
-11.589
-11.4604
-11.3317
-11.2029
-11.0742
-10.9454
-10.8167
-10.6881
-10.5593
-10.4307
-10.3019
-10.1732
-10.0445
-9.91576
0.334234
0.70552
1.07681
1.44809
1.81937
2.19066
2.56195
2.93323
3.30451
3.6758
4.04709
4.41837
4.78965
5.16094
5.53222
5.90351
6.2748
6.64609
7.01737
7.38865
7.75994
8.13123
8.50251
8.8738
9.24508
9.61636
9.98765
10.359
10.7302
11.1015
11.4727
11.844
12.2154
12.5866
12.9579
13.3292
13.7005
14.0718
14.4431
14.8144
)
;
    }
    Inlet
    {
        type            calculated;
        value           uniform -15;
    }
    Outlet
    {
        type            calculated;
        value           uniform 15;
    }
}


// ************************************************************************* //
