/*--------------------------------*- C++ -*----------------------------------*\
  =========                 |
  \\      /  F ield         | OpenFOAM: The Open Source CFD Toolbox
   \\    /   O peration     | Website:  https://openfoam.org
    \\  /    A nd           | Version:  11
     \\/     M anipulation  |
\*---------------------------------------------------------------------------*/
FoamFile
{
    format      ascii;
    class       volScalarField;
    location    "10";
    object      mag(U);
}
// * * * * * * * * * * * * * * * * * * * * * * * * * * * * * * * * * * * * * //

dimensions      [0 1 -1 0 0 0 0];

internalField   nonuniform List<scalar> 
9600
(
0.994292
0.993444
0.992515
0.992154
0.991889
0.99167
0.991717
0.992053
0.992711
0.99365
0.994802
0.996146
0.99774
0.999316
1.00101
1.00275
1.00444
1.00587
1.00758
1.00847
1.00827
1.00851
1.0086
1.00788
1.00673
1.00575
1.00514
1.00476
1.00442
1.00402
1.00344
1.00227
0.99996
0.995384
0.984013
0.967884
0.962073
0.96049
0.973407
0.970804
0.994764
0.994706
0.994828
0.995142
0.995694
0.996223
0.996814
0.99764
0.998834
1.00045
1.00201
1.00363
1.00568
1.00812
1.01062
1.01295
1.01528
1.01772
1.01962
1.02111
1.02263
1.02293
1.02263
1.02235
1.02267
1.02284
1.02271
1.02221
1.02183
1.02186
1.02225
1.02296
1.023
1.02183
1.02117
1.02142
1.02161
1.02002
1.02305
1.0206
0.994889
0.994918
0.995067
0.995458
0.995833
0.996257
0.996914
0.997708
0.999104
1.00068
1.00249
1.00422
1.00608
1.00838
1.01112
1.0136
1.01567
1.01747
1.01948
1.02161
1.02286
1.02282
1.02241
1.02238
1.02299
1.02302
1.02281
1.02203
1.02136
1.02139
1.02199
1.02425
1.02668
1.02754
1.02742
1.02546
1.02227
1.01919
1.0197
1.01774
0.994918
0.994977
0.99521
0.995656
0.996155
0.996531
0.997265
0.998112
0.999658
1.00079
1.00285
1.0048
1.00677
1.00864
1.01118
1.01413
1.01675
1.01813
1.01968
1.02183
1.02339
1.02358
1.02315
1.02272
1.02251
1.02253
1.02244
1.02215
1.02191
1.02171
1.0223
1.0236
1.02466
1.02503
1.02468
1.02523
1.02523
1.02714
1.0268
1.03186
0.994957
0.995024
0.995308
0.99581
0.996298
0.996648
0.99739
0.998218
0.999704
1.0012
1.00316
1.00485
1.00697
1.00928
1.01193
1.0142
1.01666
1.019
1.02058
1.02178
1.02236
1.0234
1.02395
1.02369
1.02278
1.02153
1.02126
1.02166
1.02247
1.02307
1.0233
1.02303
1.02284
1.02316
1.02341
1.02595
1.02722
1.03054
1.03055
1.03376
0.994925
0.995007
0.995388
0.995902
0.99643
0.996723
0.997572
0.99837
1.0002
1.00135
1.00364
1.00511
1.00769
1.00944
1.01212
1.01446
1.01749
1.01942
1.02072
1.02174
1.02338
1.02444
1.02428
1.02348
1.02236
1.02167
1.02156
1.02183
1.02219
1.02257
1.0227
1.02292
1.02313
1.02346
1.02379
1.02524
1.02597
1.02759
1.02785
1.0318
0.994935
0.995025
0.99546
0.99594
0.996489
0.996794
0.997735
0.998526
1.00046
1.00173
1.00363
1.00539
1.00829
1.00996
1.01249
1.01493
1.01801
1.02003
1.02139
1.02216
1.02359
1.0245
1.0245
1.02388
1.02289
1.02179
1.02116
1.02115
1.02166
1.0225
1.02297
1.02339
1.02377
1.02402
1.02391
1.02451
1.02486
1.02583
1.02593
1.02976
0.99479
0.994904
0.99541
0.995903
0.996532
0.996818
0.997848
0.998648
1.00061
1.00183
1.00413
1.00576
1.00825
1.01051
1.01336
1.01537
1.01776
1.02035
1.0223
1.02321
1.02387
1.0242
1.02471
1.02441
1.02367
1.02225
1.02089
1.02041
1.02065
1.02186
1.023
1.02365
1.02404
1.02434
1.02441
1.02457
1.02443
1.02454
1.02425
1.02697
0.994759
0.994878
0.995437
0.995984
0.996636
0.996928
0.998004
0.998799
1.00088
1.00222
1.00438
1.00578
1.00877
1.01123
1.01389
1.0159
1.01823
1.0211
1.02339
1.0241
1.02436
1.02473
1.02513
1.02486
1.02394
1.02254
1.02105
1.02015
1.02013
1.02092
1.02247
1.0237
1.02444
1.02535
1.02558
1.02588
1.02474
1.02397
1.02285
1.0246
0.994536
0.994654
0.995278
0.995847
0.996612
0.99687
0.998038
0.998858
1.00099
1.00234
1.00459
1.00614
1.00903
1.01157
1.01454
1.01678
1.01886
1.0212
1.02373
1.02508
1.0255
1.02544
1.02515
1.02487
1.02399
1.02298
1.02154
1.02011
1.01945
1.01971
1.021
1.02327
1.02465
1.026
1.0262
1.02646
1.02525
1.02438
1.0225
1.02295
0.994623
0.994725
0.995415
0.996006
0.996719
0.996991
0.998171
0.999008
1.00111
1.00273
1.00507
1.0067
1.00924
1.01209
1.01524
1.01779
1.01992
1.02156
1.02449
1.0263
1.02697
1.02659
1.02575
1.0252
1.02434
1.02321
1.02182
1.02023
1.01916
1.01898
1.01982
1.02226
1.02413
1.02633
1.02708
1.02798
1.02696
1.02614
1.0231
1.02257
0.994444
0.994489
0.995215
0.995697
0.996508
0.99675
0.998064
0.998951
1.00105
1.00286
1.00529
1.00702
1.00968
1.01243
1.01566
1.01828
1.0212
1.02247
1.02501
1.0267
1.02805
1.02753
1.02679
1.02573
1.02442
1.0229
1.02152
1.0201
1.01888
1.01831
1.01852
1.02041
1.02269
1.02601
1.02747
1.02909
1.02832
1.02808
1.02477
1.02229
0.994535
0.994561
0.995367
0.995759
0.996574
0.996799
0.998128
0.999334
1.00129
1.00307
1.00569
1.0076
1.01062
1.01287
1.01647
1.01892
1.02241
1.02375
1.02635
1.02755
1.02923
1.02889
1.02842
1.02709
1.02522
1.02319
1.02134
1.01986
1.01852
1.01798
1.01772
1.0193
1.02112
1.02501
1.02709
1.03003
1.03016
1.03066
1.02841
1.02435
0.99416
0.994177
0.995067
0.995476
0.996351
0.996629
0.997817
0.99917
1.00142
1.00291
1.00592
1.00764
1.0111
1.01339
1.01726
1.01922
1.02311
1.02497
1.02756
1.02837
1.02988
1.02995
1.0295
1.02812
1.02586
1.02346
1.02101
1.01933
1.01758
1.01704
1.0165
1.0178
1.01922
1.02305
1.02573
1.0296
1.03123
1.03226
1.03184
1.02697
0.994208
0.994232
0.995114
0.995658
0.996176
0.996798
0.998155
0.999147
1.00181
1.00328
1.00649
1.00832
1.01206
1.01436
1.01841
1.02034
1.02421
1.02632
1.02909
1.03009
1.03142
1.03164
1.03101
1.02967
1.02732
1.0246
1.02153
1.01909
1.01665
1.01599
1.01524
1.01657
1.0177
1.02135
1.02438
1.02876
1.03195
1.03407
1.03574
1.03094
0.993376
0.993502
0.994371
0.994891
0.995771
0.996141
0.997876
0.998988
1.00164
1.00324
1.00656
1.00851
1.0125
1.01484
1.01919
1.02127
1.02487
1.02725
1.02999
1.03171
1.0326
1.03278
1.03189
1.03046
1.02828
1.02548
1.02187
1.01873
1.01542
1.01422
1.01296
1.01417
1.01526
1.01854
1.0222
1.02668
1.03143
1.03405
1.03856
1.03407
0.993006
0.993569
0.99435
0.994632
0.995873
0.996294
0.998019
0.999158
1.00213
1.00386
1.00737
1.00936
1.01339
1.01601
1.02064
1.02348
1.02667
1.02924
1.03178
1.03385
1.03468
1.03487
1.034
1.03221
1.02971
1.02696
1.0232
1.01965
1.01549
1.01322
1.01113
1.0116
1.01272
1.01549
1.01962
1.02416
1.03063
1.03412
1.04117
1.0383
0.991744
0.992129
0.993293
0.993535
0.994888
0.9955
0.99744
0.998684
1.00162
1.00366
1.00738
1.0097
1.01378
1.0167
1.02099
1.02459
1.02798
1.03083
1.03301
1.03537
1.03628
1.03633
1.03546
1.03376
1.03081
1.0275
1.02333
1.01934
1.01495
1.01178
1.00917
1.00826
1.00902
1.01063
1.01541
1.0195
1.02769
1.03183
1.04119
1.0409
0.991685
0.991793
0.993098
0.993354
0.994848
0.995514
0.997637
0.999125
1.00224
1.00438
1.00832
1.01106
1.01512
1.01875
1.02274
1.02686
1.03011
1.03379
1.03611
1.03831
1.03945
1.03957
1.03841
1.03648
1.0336
1.02973
1.02498
1.02012
1.01527
1.01096
1.00788
1.00564
1.00601
1.00621
1.01089
1.01435
1.02366
1.02867
1.04032
1.04262
0.990411
0.990542
0.991769
0.992044
0.99358
0.994508
0.996537
0.998435
1.00151
1.00423
1.00795
1.01156
1.01526
1.01962
1.02362
1.02839
1.03181
1.03554
1.03825
1.0406
1.0417
1.04195
1.04087
1.03851
1.03539
1.03115
1.0262
1.02048
1.01527
1.0094
1.00579
1.00145
1.00153
1.00012
1.00446
1.00691
1.01642
1.02216
1.03541
1.04096
0.990396
0.990566
0.991928
0.992293
0.993634
0.994983
0.996928
0.999102
1.00207
1.00561
1.00891
1.01357
1.01696
1.02219
1.02598
1.03123
1.03505
1.03928
1.04195
1.04469
1.04606
1.04618
1.04543
1.04293
1.03956
1.03477
1.02958
1.0227
1.01708
1.00972
1.00543
0.999114
0.997922
0.994579
0.997826
0.998909
1.0078
1.01402
1.02731
1.03739
0.988414
0.988958
0.990058
0.991066
0.992164
0.993852
0.995475
0.998592
1.00094
1.00553
1.00861
1.01411
1.01741
1.02348
1.02719
1.03317
1.037
1.0416
1.04472
1.04735
1.04933
1.04943
1.04892
1.04624
1.04313
1.03754
1.03253
1.02441
1.01856
1.00943
1.00437
0.996225
0.993853
0.988437
0.989696
0.989074
0.99575
1.00239
1.01328
1.02761
0.988063
0.989306
0.990041
0.991647
0.992382
0.995053
0.996218
0.999881
1.00206
1.00732
1.01027
1.01653
1.01994
1.02657
1.03066
1.03682
1.04149
1.04605
1.04995
1.05256
1.0547
1.05489
1.05491
1.05182
1.04893
1.04294
1.03796
1.02899
1.02269
1.01234
1.00637
0.996277
0.99181
0.984369
0.982982
0.980934
0.983477
0.99041
0.99705
1.01458
0.984934
0.987154
0.987307
0.989863
0.990421
0.993523
0.994846
0.998994
1.00169
1.00701
1.01059
1.01717
1.02095
1.02798
1.03284
1.03883
1.04443
1.04916
1.05355
1.05636
1.0591
1.05898
1.05936
1.05613
1.05364
1.0468
1.04203
1.03232
1.02573
1.01432
1.00721
0.995939
0.989268
0.980558
0.975177
0.972197
0.969322
0.975717
0.977463
0.99648
0.984641
0.98741
0.98745
0.989935
0.991054
0.993909
0.996696
1.00044
1.00383
1.00958
1.0135
1.02034
1.02522
1.03169
1.03788
1.04406
1.05009
1.05521
1.0603
1.06309
1.06641
1.0664
1.06732
1.06397
1.06177
1.0545
1.04996
1.03961
1.03233
1.0202
1.01148
0.999471
0.989635
0.980394
0.970195
0.966162
0.957539
0.961859
0.957556
0.976854
0.982042
0.98374
0.985477
0.986645
0.989108
0.991431
0.994399
0.998757
1.00284
1.00889
1.01428
1.02065
1.02728
1.03381
1.04071
1.04727
1.05404
1.05947
1.06519
1.06808
1.07203
1.0722
1.07322
1.06993
1.06841
1.06102
1.056
1.04581
1.03766
1.02572
1.01454
1.00308
0.989606
0.980281
0.965623
0.960171
0.946377
0.947774
0.936903
0.953464
0.984257
0.985041
0.986614
0.988059
0.990674
0.993064
0.997094
1.00065
1.00616
1.01123
1.01831
1.02481
1.0321
1.03949
1.04728
1.05429
1.06199
1.06756
1.07415
1.07767
1.08176
1.08205
1.08394
1.08061
1.07912
1.07242
1.06684
1.0575
1.04764
1.03706
1.02329
1.01265
0.995957
0.986275
0.967992
0.960447
0.941831
0.939464
0.922112
0.932619
0.97959
0.980953
0.984186
0.984796
0.988745
0.991008
0.995697
0.999501
1.00572
1.01147
1.01893
1.02607
1.03434
1.04214
1.05079
1.05851
1.06664
1.07337
1.08033
1.08413
1.08913
1.08983
1.09172
1.0894
1.08733
1.08223
1.07523
1.06779
1.05577
1.04691
1.03068
1.02107
1.00192
0.991771
0.970943
0.961487
0.939238
0.933591
0.911858
0.914707
0.980592
0.981766
0.985495
0.986378
0.991012
0.993881
0.999542
1.00448
1.01085
1.01764
1.02589
1.03383
1.04253
1.05147
1.06029
1.06908
1.07766
1.08486
1.09243
1.09698
1.1019
1.10404
1.10492
1.10475
1.10127
1.09862
1.08996
1.08515
1.07143
1.06445
1.04689
1.03764
1.01757
1.00661
0.984252
0.973015
0.948755
0.939007
0.91385
0.909012
0.973749
0.975513
0.979445
0.981886
0.98614
0.990433
0.996712
1.00267
1.0102
1.01846
1.02674
1.03689
1.0464
1.0566
1.06632
1.07597
1.08548
1.09368
1.10104
1.10766
1.11122
1.11594
1.1152
1.11781
1.11236
1.11276
1.10221
1.09963
1.08527
1.07914
1.0617
1.05252
1.03223
1.02069
0.997896
0.98478
0.960279
0.946653
0.921541
0.908421
0.973764
0.977306
0.98132
0.984981
0.989676
0.994992
1.00111
1.00938
1.01651
1.02731
1.03615
1.04794
1.05778
1.07001
1.07996
1.092
1.10034
1.11183
1.11717
1.12716
1.1288
1.13671
1.13394
1.13935
1.13261
1.1347
1.12465
1.12303
1.10965
1.10433
1.08787
1.07896
1.05984
1.04721
1.02576
1.01018
0.986813
0.97013
0.946953
0.929132
0.964948
0.969311
0.973488
0.979075
0.983409
0.992128
0.99723
1.00822
1.01552
1.02862
1.03738
1.05228
1.06146
1.07731
1.08586
1.1022
1.10872
1.12391
1.12755
1.14053
1.14092
1.15092
1.14812
1.15466
1.14882
1.15176
1.14298
1.14175
1.13009
1.12442
1.11105
1.10118
1.08529
1.07157
1.05245
1.03579
1.0144
0.993304
0.973378
0.949369
0.967682
0.97478
0.977434
0.985081
0.989218
0.999351
1.0054
1.01875
1.02657
1.04292
1.0519
1.07029
1.07901
1.0981
1.10588
1.12453
1.13061
1.14757
1.15141
1.16539
1.16617
1.17659
1.17468
1.18098
1.1767
1.17866
1.17261
1.17061
1.16293
1.15831
1.14706
1.14045
1.12564
1.1147
1.09836
1.08172
1.06441
1.04253
1.02689
0.999816
0.955361
0.966324
0.970054
0.980703
0.986303
0.999135
1.00693
1.02226
1.03143
1.04961
1.05932
1.07988
1.08937
1.11068
1.11946
1.13933
1.14645
1.16373
1.16893
1.18247
1.18558
1.19485
1.19595
1.20096
1.19983
1.2013
1.19804
1.19666
1.19137
1.18663
1.18035
1.17041
1.16419
1.14871
1.14165
1.11998
1.11224
1.08502
1.07553
1.04643
0.95952
0.968158
0.973954
0.984649
0.993782
1.00879
1.02017
1.03935
1.05162
1.07403
1.08634
1.10987
1.12301
1.14494
1.15805
1.17618
1.18914
1.20159
1.21435
1.21993
1.2324
1.23148
1.24246
1.2375
1.24537
1.23919
1.24386
1.2371
1.24024
1.23167
1.23482
1.22304
1.22511
1.2112
1.21075
1.19515
1.19138
1.17167
1.16704
1.1432
0.949601
0.967726
0.9747
0.992146
1.0015
1.02088
1.0325
1.05277
1.06771
1.08977
1.10622
1.1292
1.14669
1.16729
1.18482
1.20068
1.21786
1.22733
1.24329
1.24648
1.26029
1.25835
1.26931
1.26378
1.27255
1.26462
1.27305
1.26342
1.27231
1.26224
1.27127
1.2603
1.27017
1.25712
1.26558
1.25103
1.25582
1.24012
1.24273
1.22282
0.949877
0.965252
0.977753
1.0012
1.01829
1.04596
1.06654
1.09494
1.11523
1.14283
1.16189
1.18875
1.2054
1.23003
1.24404
1.26451
1.27595
1.29135
1.29863
1.31001
1.31208
1.32011
1.31778
1.32286
1.31823
1.32161
1.31688
1.32021
1.3173
1.32162
1.32129
1.32662
1.32784
1.3331
1.33427
1.33859
1.33912
1.34191
1.34276
1.34387
0.963678
0.988303
1.00909
1.03556
1.05287
1.08272
1.09882
1.13105
1.14913
1.18266
1.20143
1.2332
1.25011
1.27797
1.29198
1.31457
1.3246
1.34141
1.34596
1.35727
1.35672
1.36276
1.35755
1.35984
1.35138
1.35266
1.34394
1.347
1.34055
1.34714
1.34384
1.35475
1.35232
1.36748
1.36274
1.38128
1.3777
1.39557
1.38522
1.40048
0.996391
1.03576
1.07402
1.11745
1.15081
1.19527
1.22733
1.26659
1.29892
1.33327
1.36244
1.39134
1.41572
1.43867
1.45803
1.47396
1.48753
1.4968
1.50245
1.50438
1.50066
1.49495
1.48337
1.47258
1.45421
1.43915
1.417
1.40008
1.37837
1.36155
1.3436
1.32937
1.31705
1.30746
1.29965
1.29023
1.27284
1.24152
1.18014
1.15411
1.16452
1.20138
1.23817
1.27562
1.31273
1.34776
1.38009
1.40934
1.43305
1.45754
1.4681
1.48828
1.4924
1.50833
1.50853
1.5178
1.51047
1.50824
1.49148
1.47772
1.45158
1.42711
1.39089
1.35455
1.30727
1.25982
1.20397
1.1483
1.08739
1.02642
0.964958
0.900443
0.843565
0.777001
0.728744
0.651048
0.588558
0.311846
0.0603942
0.109762
1.03338
1.04183
1.03281
1.00302
0.92422
0.849905
0.832768
0.778535
0.68867
0.635093
0.758798
1.22949
1.33803
1.23195
1.13133
1.09412
1.05486
1.0427
1.03554
1.03033
1.0289
1.02657
1.02539
1.02442
1.02354
1.02284
1.02228
1.02134
1.02081
1.01985
1.01941
1.0189
1.01856
1.01842
1.01823
1.01829
1.01788
1.01701
1.01499
1.00871
1.04075
1.03985
1.01951
0.984078
0.913066
0.845865
0.79121
0.75114
0.700626
0.672232
0.848446
1.25967
1.30497
1.20582
1.10764
1.09264
1.05751
1.04311
1.03677
1.03128
1.02994
1.02754
1.02645
1.02529
1.02414
1.02354
1.0228
1.02201
1.02151
1.02051
1.01992
1.01933
1.01883
1.01859
1.01837
1.01856
1.01877
1.01908
1.01901
1.02042
1.0351
1.03141
1.01334
0.982401
0.922067
0.845723
0.819582
0.77573
0.738118
0.744571
0.940832
1.28123
1.29668
1.18591
1.07921
1.07888
1.0537
1.0389
1.03605
1.03071
1.02975
1.02778
1.02691
1.026
1.02479
1.02428
1.02331
1.02266
1.02215
1.02117
1.02065
1.01993
1.01944
1.01899
1.01869
1.01857
1.01872
1.01873
1.01804
1.01499
1.03486
1.02817
1.00551
0.971225
0.924057
0.867465
0.821576
0.807939
0.797438
0.833485
1.02218
1.26109
1.24911
1.14885
1.05798
1.0625
1.05093
1.03727
1.03579
1.03078
1.03016
1.02838
1.02737
1.02665
1.02559
1.02502
1.02404
1.02345
1.02283
1.02202
1.02143
1.02068
1.02013
1.01958
1.01927
1.01912
1.01917
1.01932
1.01986
1.02192
1.03076
1.01972
1.00104
0.972438
0.932244
0.892193
0.868223
0.849624
0.853132
0.911446
1.05482
1.23275
1.21479
1.12461
1.02895
1.03823
1.04306
1.0316
1.03318
1.02919
1.02911
1.02836
1.02741
1.02697
1.0259
1.02546
1.02437
1.02387
1.0232
1.02245
1.02187
1.02102
1.02048
1.01984
1.01955
1.01925
1.01917
1.01901
1.01845
1.01704
1.02855
1.01661
0.9984
0.972019
0.942701
0.911097
0.889947
0.890561
0.901992
0.950189
1.06009
1.1829
1.16905
1.08564
1.00061
1.01824
1.03655
1.02685
1.0309
1.02814
1.02816
1.02821
1.02749
1.02724
1.02626
1.0258
1.02485
1.02427
1.02347
1.02279
1.02213
1.02131
1.02079
1.02007
1.0198
1.01951
1.01938
1.01942
1.01957
1.02069
1.02478
1.01164
0.996302
0.978309
0.947998
0.939527
0.93231
0.926512
0.930728
0.968623
1.05417
1.13858
1.12948
1.04715
0.96451
0.998006
1.02463
1.01907
1.02728
1.02646
1.027
1.02788
1.02748
1.02745
1.02681
1.02639
1.0255
1.02483
1.02409
1.02335
1.02275
1.02182
1.02121
1.02031
1.01994
1.01959
1.0194
1.01927
1.01886
1.01797
1.02213
1.01103
0.999178
0.987752
0.970925
0.956441
0.953594
0.962944
0.95982
0.979922
1.03204
1.08257
1.07702
0.999657
0.932846
0.981776
1.01318
1.01272
1.02325
1.02507
1.02588
1.02767
1.02748
1.02759
1.02732
1.02696
1.02634
1.0257
1.02508
1.02429
1.02371
1.0229
1.02208
1.02108
1.02057
1.02023
1.0199
1.01977
1.0197
1.02002
1.01967
1.00901
1.00092
0.996602
0.980382
0.990447
0.997392
1.00173
0.982779
0.98461
1.00494
1.04039
1.03753
0.956205
0.900304
0.962765
0.998706
1.00465
1.01725
1.02269
1.02393
1.02679
1.02722
1.02761
1.02756
1.02727
1.02673
1.02624
1.02577
1.02498
1.02441
1.02374
1.02301
1.02214
1.0214
1.02074
1.02022
1.01991
1.01954
1.01883
1.01924
1.01198
1.01014
1.01101
1.00953
1.01572
1.02529
1.04106
1.01979
0.985784
0.986746
0.998044
0.985061
0.908155
0.875183
0.947034
0.986384
0.99753
1.01095
1.01926
1.02136
1.0253
1.02641
1.02739
1.02775
1.02769
1.02714
1.02657
1.02617
1.02543
1.02483
1.02421
1.02355
1.02288
1.0222
1.02151
1.02095
1.02055
1.02024
1.02016
1.01995
1.01468
1.01627
1.01995
1.02236
1.0547
1.07896
1.08851
1.04485
0.980884
0.965007
0.959289
0.936459
0.866197
0.853156
0.931905
0.973678
0.989725
1.00561
1.01501
1.01901
1.02355
1.02553
1.02705
1.02781
1.02801
1.02764
1.02701
1.02656
1.02586
1.02512
1.02457
1.02395
1.02323
1.02258
1.02183
1.02125
1.02074
1.02025
1.01983
1.02265
1.02168
1.02827
1.04135
1.05505
1.08697
1.11978
1.13548
1.05049
0.967981
0.931318
0.907692
0.867787
0.819436
0.837362
0.920414
0.963133
0.983567
1.00184
1.01074
1.01771
1.02224
1.02519
1.02671
1.02785
1.02834
1.02831
1.0277
1.02722
1.02649
1.02569
1.02499
1.02441
1.02367
1.02312
1.02233
1.02183
1.02129
1.0209
1.02066
1.02687
1.02739
1.0379
1.05455
1.07221
1.13275
1.18866
1.18028
1.04861
0.936651
0.878088
0.846659
0.802816
0.784549
0.828241
0.910195
0.952341
0.977242
0.997021
1.00733
1.0162
1.02087
1.02444
1.02635
1.02781
1.02854
1.02895
1.02856
1.02813
1.02756
1.02682
1.02593
1.02528
1.02427
1.0237
1.02285
1.0224
1.02159
1.02117
1.02061
1.03082
1.03748
1.05155
1.0751
1.11247
1.18801
1.24712
1.19306
1.02412
0.877158
0.807468
0.771812
0.736519
0.755434
0.827975
0.903551
0.943585
0.971657
0.991802
1.00394
1.01338
1.01935
1.02325
1.02609
1.0276
1.02857
1.02917
1.02913
1.02893
1.02857
1.02806
1.02723
1.02664
1.02572
1.0252
1.02419
1.02373
1.0227
1.02224
1.02166
1.03646
1.04516
1.06409
1.09115
1.13781
1.25311
1.30945
1.19362
0.961963
0.791367
0.723287
0.702094
0.702474
0.750728
0.836745
0.899208
0.937706
0.967548
0.986575
1.00058
1.01035
1.01769
1.02169
1.02552
1.02743
1.02855
1.0294
1.0295
1.02929
1.02907
1.0287
1.02821
1.02754
1.02669
1.02615
1.02513
1.02452
1.02339
1.02291
1.02229
1.04173
1.05491
1.07847
1.10978
1.18918
1.33079
1.32157
1.15582
0.857577
0.689197
0.647354
0.662823
0.693147
0.76195
0.849829
0.90055
0.937483
0.966471
0.984206
0.999292
1.00813
1.01677
1.02054
1.02461
1.02706
1.0284
1.02953
1.02998
1.02967
1.02961
1.02913
1.02878
1.02836
1.02753
1.02712
1.026
1.02551
1.02442
1.02391
1.02315
1.04821
1.06359
1.08873
1.13058
1.23786
1.37234
1.31306
1.09686
0.763419
0.625769
0.629175
0.68153
0.723997
0.793769
0.864102
0.906216
0.941041
0.967096
0.985187
0.999526
1.00762
1.01653
1.02021
1.02411
1.02686
1.02838
1.0294
1.03028
1.02996
1.03019
1.02964
1.02919
1.02889
1.02793
1.02763
1.02652
1.02603
1.02512
1.0247
1.02411
1.05093
1.07196
1.09833
1.15182
1.28689
1.36525
1.27756
1.05774
0.785959
0.690251
0.709097
0.746037
0.768863
0.829653
0.87933
0.918843
0.949882
0.970337
0.988089
1.00101
1.00838
1.01673
1.02157
1.02434
1.02746
1.02922
1.02991
1.03118
1.03069
1.03128
1.03056
1.03019
1.02992
1.02893
1.02862
1.02764
1.02713
1.02613
1.02555
1.02486
1.0534
1.07783
1.09977
1.16627
1.29101
1.28869
1.2172
1.11286
0.93653
0.862439
0.815313
0.81708
0.824209
0.870078
0.898782
0.936493
0.962769
0.97773
0.992097
1.00409
1.01129
1.01774
1.0242
1.02523
1.02911
1.0307
1.03126
1.03283
1.03204
1.03271
1.03198
1.03149
1.03124
1.03017
1.02974
1.02866
1.02808
1.0274
1.0267
1.02613
1.05313
1.07373
1.09402
1.16703
1.23481
1.18672
1.17908
1.12468
1.01239
0.943416
0.881001
0.877283
0.874848
0.909994
0.926123
0.960698
0.978971
0.9911
0.998308
1.0094
1.01643
1.0192
1.0268
1.02735
1.03044
1.03221
1.03226
1.03395
1.03325
1.03381
1.03337
1.03279
1.03233
1.03139
1.03064
1.02993
1.02875
1.02813
1.02733
1.02684
1.04924
1.06224
1.07601
1.14326
1.11833
1.0997
1.12297
1.10199
1.02294
0.968387
0.92816
0.939987
0.927198
0.954417
0.962596
0.987824
0.997374
1.00878
1.00937
1.01666
1.02238
1.02242
1.02904
1.02926
1.03164
1.03298
1.03317
1.0339
1.03397
1.03373
1.03396
1.03326
1.03296
1.03204
1.03116
1.03076
1.02977
1.02941
1.02855
1.0284
1.03732
1.03848
1.04688
1.07649
0.991438
1.00166
1.04366
1.03765
1.00601
0.963892
0.962237
0.990355
0.979147
0.998541
1.00384
1.01777
1.02289
1.02955
1.02501
1.02727
1.03009
1.02878
1.03231
1.03271
1.03386
1.03436
1.03535
1.0347
1.03601
1.03474
1.03566
1.03462
1.03452
1.03379
1.03265
1.03234
1.03111
1.03083
1.02966
1.02935
1.01907
1.00731
1.00604
0.980348
0.870438
0.882455
0.946904
0.951539
0.955377
0.943225
0.977632
1.00921
1.04016
1.04229
1.04533
1.05083
1.05595
1.05175
1.04702
1.04295
1.04243
1.03943
1.03966
1.03962
1.03947
1.03868
1.04009
1.03805
1.03985
1.03795
1.03872
1.03755
1.03735
1.03686
1.03581
1.03511
1.03382
1.03315
1.03213
1.03166
0.992634
0.966275
0.953712
0.884182
0.756895
0.76026
0.833101
0.858774
0.880904
0.906394
0.972605
1.02139
1.07281
1.081
1.08825
1.08818
1.08902
1.07976
1.07295
1.06174
1.0592
1.05256
1.05079
1.04839
1.04815
1.04524
1.04642
1.04326
1.04405
1.04223
1.04183
1.04108
1.03973
1.03919
1.03798
1.03682
1.03552
1.03437
1.03355
1.03287
0.961631
0.92852
0.897426
0.814687
0.664888
0.663205
0.722903
0.759513
0.788975
0.840961
0.931786
1.01223
1.08474
1.12263
1.12997
1.12312
1.12198
1.11185
1.09802
1.08401
1.07702
1.06675
1.06277
1.05739
1.05621
1.0512
1.05116
1.04748
1.04668
1.04528
1.04341
1.04329
1.04117
1.04054
1.03954
1.03843
1.03775
1.03614
1.0357
1.03466
0.929746
0.892741
0.84482
0.775668
0.628394
0.606795
0.628954
0.657508
0.680239
0.743852
0.853881
0.969808
1.07625
1.14622
1.16456
1.16179
1.15422
1.14494
1.12477
1.11044
1.09572
1.08523
1.07454
1.06949
1.06364
1.05908
1.05633
1.05337
1.05062
1.04933
1.04633
1.04545
1.04357
1.04223
1.04128
1.03966
1.0393
1.03789
1.03762
1.03697
0.904995
0.868676
0.811836
0.757481
0.645012
0.612489
0.58905
0.581499
0.57992
0.630976
0.740435
0.882769
1.03198
1.14126
1.19026
1.2035
1.18773
1.18026
1.15767
1.13946
1.12073
1.10977
1.0922
1.08797
1.07707
1.07285
1.0667
1.06399
1.0593
1.05774
1.05399
1.05205
1.0503
1.04794
1.04709
1.04453
1.04355
1.04139
1.04047
1.03949
0.886094
0.851113
0.798659
0.756143
0.696787
0.652369
0.613217
0.582241
0.54269
0.54457
0.609617
0.748428
0.933575
1.10357
1.19698
1.2313
1.22805
1.21437
1.19452
1.17053
1.15231
1.13556
1.11867
1.10834
1.09771
1.0893
1.08208
1.07768
1.07148
1.06885
1.06356
1.06119
1.05802
1.05536
1.05339
1.05094
1.04908
1.04722
1.04593
1.04515
0.880331
0.846371
0.809602
0.771947
0.734829
0.707979
0.67315
0.638994
0.602617
0.563606
0.53607
0.597912
0.77801
1.00522
1.16408
1.23453
1.25638
1.24334
1.22614
1.19767
1.17879
1.15929
1.14337
1.12707
1.11872
1.10422
1.09863
1.09038
1.08526
1.07999
1.07584
1.07154
1.06813
1.06428
1.06093
1.05767
1.05437
1.05217
1.04977
1.04872
0.885197
0.855123
0.828324
0.80176
0.780062
0.756351
0.743061
0.718878
0.690689
0.662857
0.624456
0.562423
0.601906
0.820516
1.07331
1.2081
1.25549
1.26673
1.24765
1.22052
1.1975
1.1806
1.16161
1.14732
1.13488
1.12177
1.11209
1.1039
1.09687
1.09034
1.08688
1.08038
1.07876
1.07264
1.07084
1.06579
1.06332
1.05999
1.05763
1.05597
0.905317
0.881768
0.86251
0.852346
0.836385
0.812083
0.809698
0.807295
0.785821
0.761541
0.73514
0.695997
0.625587
0.607669
0.862194
1.12313
1.2374
1.26846
1.27103
1.24247
1.21666
1.19993
1.18089
1.16589
1.15154
1.14056
1.12665
1.12095
1.10893
1.10461
1.09618
1.09135
1.08607
1.0805
1.07721
1.072
1.06947
1.06531
1.06378
1.06115
0.931475
0.918319
0.91021
0.901941
0.912624
0.907464
0.898581
0.900295
0.895911
0.864505
0.827446
0.782858
0.732635
0.666282
0.609744
0.860054
1.13266
1.24633
1.27442
1.26654
1.24049
1.22191
1.20611
1.18749
1.17553
1.16022
1.14928
1.13896
1.12817
1.12087
1.11164
1.1066
1.09857
1.09513
1.08835
1.08583
1.08017
1.07805
1.07443
1.0725
0.988952
0.97901
0.972459
0.98629
0.994117
1.01181
1.02965
1.02281
0.988403
0.931933
0.862946
0.80906
0.770246
0.71939
0.654326
0.586921
0.774443
1.08117
1.21277
1.25136
1.24718
1.23352
1.22657
1.21023
1.20235
1.18822
1.17867
1.16834
1.15809
1.14731
1.13807
1.12813
1.11987
1.11161
1.10552
1.09994
1.09356
1.08996
1.08536
1.08348
1.04222
1.04102
1.04827
1.08085
1.10016
1.12434
1.12292
1.08115
1.02114
0.947847
0.864409
0.78967
0.728151
0.68176
0.637177
0.58447
0.511153
0.617003
0.96241
1.11947
1.17799
1.19319
1.2066
1.20558
1.20493
1.19929
1.1931
1.18725
1.18104
1.17423
1.16753
1.16084
1.15265
1.14237
1.13477
1.12574
1.1192
1.11198
1.10792
1.10374
1.14708
1.15712
1.1805
1.1988
1.21353
1.20407
1.16855
1.09945
1.02166
0.94138
0.83945
0.734253
0.639937
0.572381
0.516421
0.465334
0.41865
0.367231
0.429217
0.795063
0.980683
1.06155
1.1136
1.14401
1.16172
1.17041
1.17657
1.17747
1.17827
1.17631
1.17285
1.17047
1.16683
1.16287
1.15856
1.15341
1.14668
1.14044
1.13407
1.12714
1.23897
1.2619
1.27664
1.28532
1.27187
1.23233
1.17279
1.0923
0.98694
0.868876
0.741819
0.621832
0.528026
0.426307
0.346017
0.292887
0.250078
0.201963
0.13949
0.231621
0.636745
0.822728
0.929061
1.01199
1.06011
1.09699
1.12119
1.13385
1.14749
1.15291
1.15953
1.16135
1.1641
1.16426
1.16388
1.16248
1.16065
1.15737
1.15366
1.15098
1.35217
1.35155
1.34459
1.31979
1.27493
1.20616
1.10762
0.966071
0.826086
0.661514
0.489059
0.359127
0.267818
0.221701
0.218603
0.221883
0.219455
0.20273
0.201494
0.205727
0.129983
0.462341
0.62893
0.774054
0.873138
0.948564
1.00519
1.04263
1.07396
1.0959
1.11489
1.12882
1.14229
1.14955
1.15687
1.16118
1.16381
1.16473
1.16718
1.16669
1.3801
1.34705
1.29971
1.22675
1.13784
0.979681
0.802142
0.63319
0.46038
0.315432
0.196512
0.143063
0.202832
0.258402
0.308796
0.363059
0.390652
0.397529
0.401535
0.398518
0.383893
0.279296
0.407338
0.533603
0.655044
0.756947
0.837481
0.902874
0.96017
0.99921
1.02977
1.04876
1.06613
1.08781
1.10233
1.11571
1.1273
1.14031
1.14602
1.16032
1.03109
0.867738
0.693405
0.496231
0.271663
0.155808
0.228401
0.339161
0.422444
0.465801
0.519096
0.552699
0.584823
0.608536
0.63204
0.641291
0.651159
0.657313
0.675442
0.697991
0.706091
0.675687
0.502183
0.301979
0.375497
0.551064
0.66125
0.776566
0.839303
0.908751
0.951685
1.0046
1.02918
1.05515
1.08066
1.10375
1.12457
1.14217
1.15302
1.16304
0.21144
0.317587
0.399549
0.472784
0.521607
0.558343
0.592558
0.627389
0.660024
0.687515
0.709741
0.726356
0.734911
0.733675
0.73028
0.72083
0.713522
0.70344
0.689156
0.6737
0.666142
0.645702
0.606348
0.531234
0.511111
0.559387
0.537068
0.388854
0.231012
0.540705
0.609317
0.641792
0.689802
0.717874
0.764656
0.795431
0.844083
0.879082
0.93881
0.984298
0.978873
0.989032
0.983239
0.987982
0.994083
1.0041
1.01382
1.01768
1.01837
1.01702
1.01527
1.01389
1.01394
1.01396
1.014
1.01387
1.01356
1.01321
1.01301
1.01276
1.01246
1.01202
1.01169
1.01135
1.01099
1.01062
1.01022
1.00981
1.00938
1.00892
1.00844
1.00796
1.00748
1.00699
1.0065
1.00606
1.00564
1.00523
1.00484
1.00459
1.02582
1.02781
1.0278
1.02603
1.02217
1.01728
1.01466
1.01393
1.01432
1.01527
1.0164
1.01682
1.01675
1.01651
1.01619
1.01582
1.01544
1.01509
1.01474
1.01437
1.01395
1.01346
1.01299
1.01257
1.01218
1.01176
1.01131
1.01083
1.0103
1.00975
1.00922
1.00869
1.00814
1.00757
1.00698
1.00642
1.00595
1.00555
1.00518
1.00482
1.00826
1.01136
1.01244
1.01361
1.0147
1.01482
1.01542
1.01535
1.01607
1.01656
1.01686
1.0169
1.01684
1.01667
1.01644
1.01614
1.0158
1.01543
1.01508
1.01477
1.01442
1.01397
1.01347
1.01304
1.01264
1.0122
1.01175
1.01129
1.01081
1.01029
1.00976
1.00918
1.00863
1.00811
1.00752
1.00701
1.00655
1.00617
1.0058
1.00552
1.02639
1.02609
1.02433
1.02224
1.01962
1.01746
1.01671
1.01672
1.01705
1.01715
1.01716
1.01706
1.01688
1.01673
1.01661
1.01642
1.01606
1.0156
1.01518
1.01484
1.01445
1.01402
1.01361
1.0132
1.01274
1.01225
1.01181
1.01141
1.011
1.01053
1.00995
1.00933
1.00879
1.00827
1.00767
1.00713
1.00671
1.00628
1.00589
1.00554
1.01447
1.01544
1.01532
1.01552
1.01569
1.016
1.01638
1.01666
1.01725
1.01728
1.01734
1.01719
1.01709
1.01701
1.01683
1.01664
1.01625
1.01596
1.01564
1.01528
1.01483
1.01441
1.01402
1.01367
1.01324
1.0127
1.01227
1.01185
1.0115
1.01098
1.01041
1.00984
1.00934
1.00881
1.00819
1.00766
1.00726
1.00687
1.00645
1.00616
1.02299
1.02223
1.02188
1.0209
1.01987
1.01907
1.01837
1.01807
1.01798
1.01802
1.01794
1.01774
1.01749
1.01727
1.01708
1.01684
1.01649
1.01603
1.0156
1.01526
1.01493
1.01449
1.01403
1.01363
1.0132
1.01274
1.01232
1.01198
1.01158
1.01094
1.01042
1.00993
1.00941
1.00891
1.00831
1.00779
1.00734
1.00689
1.00644
1.00608
1.01659
1.01686
1.01677
1.01716
1.01738
1.01752
1.01759
1.0177
1.01789
1.01804
1.01815
1.01794
1.01774
1.01753
1.01739
1.01726
1.01693
1.01655
1.01608
1.01577
1.01543
1.01507
1.01461
1.01418
1.01369
1.01326
1.01291
1.01261
1.0121
1.01155
1.01093
1.01051
1.00991
1.00941
1.00882
1.00834
1.00782
1.00747
1.00709
1.00677
1.02104
1.02086
1.02059
1.0203
1.01991
1.01962
1.0192
1.01906
1.01886
1.01884
1.0186
1.01836
1.01807
1.01799
1.01778
1.01746
1.017
1.01663
1.01626
1.01587
1.0155
1.01506
1.0147
1.01421
1.01371
1.01331
1.01298
1.01262
1.01219
1.01164
1.01111
1.01058
1.01015
1.00954
1.00893
1.00845
1.00797
1.00753
1.00703
1.00669
1.01796
1.0182
1.01828
1.01849
1.01854
1.01867
1.01872
1.01895
1.01909
1.01911
1.01888
1.01865
1.0185
1.01855
1.01842
1.01818
1.01774
1.01737
1.01697
1.01664
1.01623
1.01587
1.01542
1.01493
1.01442
1.01411
1.01375
1.01334
1.01279
1.01231
1.01174
1.01127
1.01068
1.01011
1.00952
1.00908
1.00872
1.0083
1.00781
1.00745
1.02041
1.02061
1.0205
1.02052
1.02014
1.02006
1.01987
1.01994
1.01983
1.01968
1.01926
1.01909
1.01892
1.01895
1.01857
1.01835
1.01793
1.01767
1.0171
1.01682
1.0164
1.01602
1.01548
1.01502
1.01455
1.01425
1.01394
1.0135
1.01304
1.01248
1.01202
1.01156
1.01103
1.01037
1.00982
1.00929
1.00883
1.00829
1.00783
1.00749
1.01929
1.01947
1.01951
1.01972
1.01978
1.01997
1.02006
1.0203
1.02023
1.02015
1.01982
1.01986
1.01984
1.01981
1.01945
1.01917
1.01885
1.01857
1.01808
1.01773
1.01738
1.01695
1.01637
1.01593
1.0155
1.01516
1.01475
1.01439
1.01383
1.01327
1.01276
1.01228
1.01172
1.01109
1.01055
1.01015
1.00971
1.00928
1.00883
1.00831
1.02069
1.0209
1.02088
1.02099
1.02081
1.02096
1.02086
1.02098
1.02069
1.02053
1.02021
1.02027
1.02017
1.02004
1.01964
1.01948
1.01908
1.01876
1.01832
1.01802
1.01753
1.0171
1.01658
1.01614
1.01572
1.01539
1.01496
1.01469
1.01419
1.01359
1.01311
1.01271
1.01206
1.01149
1.01076
1.0102
1.00972
1.00932
1.00883
1.00838
1.02038
1.02074
1.02089
1.02114
1.02123
1.02149
1.02153
1.02165
1.02143
1.02139
1.02127
1.02139
1.02118
1.021
1.02069
1.0205
1.02018
1.01982
1.01941
1.0191
1.01862
1.01819
1.01767
1.01724
1.01679
1.01641
1.01605
1.01568
1.01509
1.01446
1.01395
1.01349
1.01289
1.01229
1.01173
1.01124
1.0108
1.01039
1.00984
1.00942
1.02141
1.02183
1.02182
1.02193
1.02189
1.02208
1.02197
1.02205
1.02177
1.02187
1.02172
1.02181
1.02151
1.02137
1.02106
1.02088
1.02049
1.02022
1.01977
1.01942
1.0189
1.01851
1.01795
1.01755
1.01703
1.01672
1.0164
1.01614
1.0155
1.01499
1.01444
1.01397
1.01325
1.01262
1.01183
1.01133
1.01079
1.01049
1.00992
1.00952
1.02196
1.02246
1.02249
1.02278
1.02282
1.02309
1.02301
1.02311
1.02293
1.02307
1.02293
1.02298
1.02274
1.02265
1.02232
1.02208
1.02173
1.0215
1.02108
1.02067
1.02021
1.01983
1.01931
1.01882
1.01828
1.01787
1.01752
1.01715
1.01647
1.01588
1.01539
1.01498
1.01438
1.01377
1.01311
1.01256
1.01206
1.01161
1.01107
1.01068
1.02264
1.02312
1.02316
1.02338
1.02337
1.02364
1.02345
1.02365
1.02345
1.02368
1.02342
1.02349
1.02321
1.02322
1.0228
1.02264
1.02223
1.02211
1.02153
1.02116
1.02065
1.02036
1.01978
1.01932
1.01879
1.01854
1.01822
1.01788
1.01714
1.01658
1.01597
1.01544
1.01469
1.01402
1.01326
1.01273
1.01221
1.01181
1.01123
1.01081
1.02376
1.02435
1.02427
1.02466
1.02464
1.0249
1.02473
1.02501
1.0249
1.0251
1.02482
1.02488
1.02464
1.02467
1.02423
1.02407
1.02367
1.02356
1.023
1.02263
1.02215
1.02182
1.02122
1.02066
1.02007
1.01976
1.01937
1.01897
1.01828
1.01783
1.01728
1.01677
1.01608
1.0155
1.01475
1.01413
1.01352
1.01315
1.01259
1.01218
1.02431
1.02501
1.02487
1.02529
1.02517
1.02549
1.02541
1.02575
1.02555
1.02575
1.02548
1.02567
1.02535
1.02541
1.02493
1.02479
1.02443
1.02426
1.02375
1.02335
1.02289
1.02258
1.02203
1.02154
1.02103
1.02074
1.0203
1.01975
1.01902
1.01847
1.01777
1.01715
1.01642
1.01576
1.01498
1.01445
1.01387
1.01336
1.01277
1.01231
1.02573
1.0264
1.02631
1.02679
1.02667
1.02709
1.027
1.02727
1.02704
1.02732
1.02716
1.02732
1.02698
1.02702
1.02653
1.0265
1.02604
1.02601
1.02534
1.02499
1.02437
1.02405
1.02335
1.02291
1.02243
1.02217
1.0217
1.02122
1.02063
1.02013
1.01943
1.01887
1.01811
1.01745
1.01657
1.01601
1.01536
1.01499
1.01437
1.01391
1.0263
1.02708
1.02706
1.02758
1.02753
1.02801
1.02783
1.02814
1.028
1.02835
1.02816
1.0283
1.02796
1.028
1.02752
1.02754
1.02714
1.02719
1.02657
1.02627
1.02571
1.02532
1.02458
1.0242
1.02367
1.02328
1.02253
1.02201
1.02127
1.02067
1.0199
1.01931
1.01846
1.0178
1.01706
1.01647
1.01576
1.01528
1.0146
1.01418
1.02793
1.02882
1.02884
1.0294
1.02928
1.02976
1.02965
1.03003
1.02991
1.03021
1.03005
1.03025
1.02986
1.02985
1.02933
1.02933
1.02883
1.02879
1.02811
1.0279
1.02721
1.02684
1.02625
1.02601
1.02552
1.02515
1.0245
1.02409
1.02334
1.02284
1.02203
1.02143
1.02041
1.01968
1.01877
1.01821
1.01759
1.01708
1.01637
1.0157
1.0288
1.02986
1.0299
1.03048
1.03041
1.03098
1.03093
1.03132
1.0312
1.03159
1.03145
1.0317
1.03137
1.03156
1.0312
1.03132
1.03082
1.03079
1.03009
1.02975
1.02877
1.02835
1.02766
1.02742
1.0268
1.02625
1.02539
1.02481
1.0239
1.02346
1.02259
1.02203
1.02099
1.02034
1.0194
1.01889
1.01816
1.0177
1.01706
1.01671
1.031
1.03209
1.032
1.03265
1.03265
1.03327
1.03311
1.03352
1.03332
1.03367
1.03339
1.03352
1.0331
1.03324
1.03286
1.03297
1.03256
1.03265
1.03198
1.03171
1.03086
1.03054
1.02998
1.02978
1.02919
1.0288
1.02803
1.02747
1.02663
1.02617
1.02519
1.02441
1.0232
1.02243
1.02138
1.02076
1.01989
1.01927
1.01829
1.01751
1.03258
1.03353
1.03357
1.03439
1.03446
1.0352
1.03515
1.03573
1.03567
1.03632
1.03613
1.03635
1.03593
1.03608
1.03557
1.03563
1.03513
1.03507
1.03419
1.03377
1.03273
1.0324
1.03158
1.0314
1.0305
1.02997
1.02885
1.0283
1.02733
1.02691
1.02596
1.02534
1.0242
1.02352
1.02255
1.02205
1.02134
1.02093
1.02027
1.01988
1.03461
1.03557
1.0357
1.03651
1.03647
1.03711
1.03695
1.03751
1.03757
1.03816
1.03794
1.03826
1.03794
1.03813
1.0378
1.038
1.03758
1.0376
1.03682
1.03655
1.03564
1.03538
1.03466
1.03452
1.03368
1.03332
1.03217
1.03168
1.03051
1.03002
1.02873
1.02792
1.0265
1.02555
1.02423
1.0235
1.02239
1.02169
1.02053
1.01993
1.03746
1.03851
1.03894
1.03986
1.04008
1.0407
1.04083
1.04134
1.04153
1.04182
1.04176
1.04179
1.04153
1.04153
1.04123
1.0412
1.04074
1.04039
1.03951
1.03899
1.03807
1.03774
1.03687
1.03654
1.03539
1.0349
1.03369
1.03321
1.03212
1.03166
1.03048
1.0298
1.0285
1.02787
1.02671
1.02622
1.0253
1.02479
1.0238
1.02309
1.03941
1.04101
1.04115
1.04224
1.04233
1.04323
1.04323
1.04402
1.04399
1.04455
1.04439
1.04459
1.04447
1.04453
1.04448
1.0444
1.04405
1.04364
1.04296
1.04241
1.04172
1.04142
1.04065
1.04017
1.0391
1.03844
1.03713
1.03651
1.03511
1.0344
1.03279
1.03191
1.03007
1.02915
1.02762
1.02696
1.02555
1.0249
1.02381
1.02331
1.04477
1.04645
1.04639
1.04755
1.04752
1.04852
1.04842
1.04922
1.04899
1.04945
1.04913
1.04923
1.04908
1.04908
1.04902
1.0487
1.04824
1.04754
1.04688
1.0462
1.04569
1.04511
1.04445
1.0436
1.04262
1.04175
1.04072
1.03997
1.0388
1.03804
1.03659
1.03579
1.03413
1.03332
1.03184
1.03121
1.02982
1.02898
1.02758
1.02695
1.04781
1.0498
1.04968
1.05116
1.05105
1.05227
1.05222
1.05311
1.05285
1.05348
1.05302
1.05353
1.05316
1.05354
1.05319
1.05296
1.05227
1.05158
1.05096
1.05032
1.04976
1.04906
1.04831
1.04732
1.04626
1.04514
1.04388
1.04282
1.04135
1.04015
1.03834
1.03705
1.03518
1.03416
1.0324
1.03161
1.03008
1.02941
1.02793
1.02725
1.05484
1.05688
1.057
1.05849
1.05832
1.05965
1.05944
1.06022
1.05997
1.06039
1.06014
1.06059
1.06024
1.0605
1.05993
1.0596
1.05878
1.05806
1.05744
1.05674
1.05619
1.0553
1.05441
1.05325
1.05218
1.05099
1.04989
1.04863
1.04748
1.04602
1.04451
1.04288
1.04119
1.03975
1.03823
1.03709
1.03532
1.03425
1.03259
1.03182
1.06046
1.06252
1.06246
1.06418
1.06384
1.06539
1.06473
1.06594
1.0651
1.06603
1.06533
1.06608
1.06532
1.06571
1.0646
1.06441
1.0632
1.06277
1.06188
1.06128
1.06049
1.05954
1.05845
1.05707
1.05579
1.05434
1.05312
1.05162
1.05018
1.04836
1.04664
1.04464
1.04287
1.04113
1.03955
1.03817
1.03657
1.03528
1.03351
1.03262
1.07159
1.07409
1.07402
1.07558
1.07542
1.0767
1.07612
1.07726
1.07657
1.07757
1.07682
1.07762
1.07672
1.07694
1.07585
1.0756
1.07461
1.07409
1.07326
1.07247
1.07155
1.07018
1.06897
1.06731
1.06597
1.06429
1.06296
1.06109
1.05946
1.05711
1.0551
1.05256
1.05056
1.04824
1.04657
1.04446
1.04282
1.04082
1.03936
1.03776
1.08107
1.08461
1.08369
1.08603
1.08499
1.08683
1.08564
1.08705
1.08576
1.08689
1.08556
1.08619
1.08465
1.08479
1.08294
1.08283
1.08093
1.08066
1.07889
1.07826
1.07646
1.0753
1.07339
1.07175
1.06999
1.06817
1.06658
1.06471
1.06298
1.06069
1.05876
1.05618
1.05435
1.05176
1.05021
1.04781
1.04618
1.04389
1.04219
1.04007
1.10174
1.10463
1.10299
1.10499
1.10307
1.1049
1.103
1.10457
1.10278
1.104
1.10207
1.10302
1.10093
1.10172
1.0997
1.10032
1.09829
1.09859
1.09645
1.09611
1.09374
1.09291
1.09058
1.08948
1.08718
1.08575
1.08324
1.08128
1.07834
1.07572
1.0723
1.06931
1.06586
1.06287
1.05979
1.05687
1.05402
1.05113
1.0488
1.04648
1.12378
1.12425
1.12186
1.12285
1.12034
1.12136
1.11889
1.11987
1.11744
1.11838
1.1158
1.11666
1.11381
1.11449
1.11129
1.1118
1.10849
1.10885
1.10522
1.10528
1.10138
1.10094
1.09667
1.09577
1.09139
1.09031
1.08613
1.08496
1.08084
1.07952
1.07536
1.07389
1.06978
1.06819
1.06411
1.06236
1.0584
1.05661
1.05318
1.05161
1.14937
1.1489
1.14743
1.14723
1.14552
1.14569
1.14373
1.14428
1.14229
1.1431
1.14103
1.14215
1.14003
1.14142
1.13913
1.14053
1.13806
1.13912
1.13639
1.13692
1.13404
1.13422
1.13142
1.13138
1.12837
1.12763
1.12379
1.12208
1.11731
1.11452
1.10887
1.10516
1.09895
1.09477
1.08835
1.08405
1.07769
1.07367
1.06785
1.06462
1.16669
1.16356
1.16255
1.16146
1.16097
1.16048
1.16059
1.16041
1.16045
1.16026
1.15988
1.15951
1.15852
1.158
1.15653
1.15583
1.15404
1.153
1.15102
1.14931
1.14671
1.14389
1.13998
1.13602
1.13096
1.12672
1.12149
1.11772
1.11267
1.10929
1.10465
1.10137
1.09677
1.093
1.08794
1.08346
1.07832
1.07403
1.07027
1.06815
1.16709
1.17624
1.18416
1.19195
1.19683
1.20264
1.20629
1.21129
1.21436
1.219
1.22165
1.22586
1.22803
1.23166
1.23314
1.2359
1.23634
1.238
1.23735
1.23809
1.23694
1.23747
1.2362
1.23653
1.23448
1.23371
1.22948
1.22672
1.22027
1.21555
1.20692
1.2003
1.19009
1.18236
1.17178
1.16393
1.15347
1.14517
1.13345
1.12235
1.16925
1.17757
1.1866
1.19329
1.19835
1.20497
1.21063
1.21992
1.22643
1.23524
1.24105
1.24831
1.25301
1.25828
1.26186
1.26564
1.26863
1.27169
1.27384
1.27529
1.27469
1.27311
1.26888
1.26432
1.25676
1.25022
1.24035
1.23308
1.22219
1.21513
1.20379
1.1974
1.1866
1.18106
1.16981
1.16211
1.14587
1.13181
1.11153
1.10007
1.04409
1.07034
1.12384
1.16295
1.20899
1.24777
1.29014
1.32681
1.36542
1.39885
1.43354
1.46303
1.49351
1.51808
1.5433
1.56182
1.58064
1.5926
1.60528
1.61198
1.61999
1.6227
1.62663
1.62565
1.62564
1.6209
1.61633
1.6068
1.59627
1.58245
1.56655
1.54951
1.52916
1.50986
1.48549
1.46287
1.43475
1.40868
1.38076
1.35466
1.00444
1.00507
1.00495
1.005
1.00508
1.00517
1.00528
1.00539
1.00551
1.00559
1.00569
1.00576
1.00578
1.00575
1.00567
1.0055
1.0052
1.00465
1.00405
1.00329
1.00232
1.00132
1.00031
0.998991
0.997243
0.995777
0.994705
0.993159
0.992426
0.991488
0.991157
0.991311
0.99158
0.992141
0.99288
0.993656
0.994379
0.99497
0.995371
0.994995
1.00461
1.00515
1.0049
1.00506
1.00513
1.00524
1.00536
1.0055
1.00565
1.00583
1.00597
1.00605
1.00608
1.0061
1.00599
1.00586
1.00554
1.00517
1.00455
1.00373
1.00284
1.00161
1.00013
0.998575
0.997258
0.995859
0.994012
0.992988
0.991643
0.991138
0.990749
0.990593
0.991054
0.991716
0.992487
0.993302
0.994073
0.994731
0.995263
0.995034
1.00527
1.00567
1.00537
1.00569
1.00574
1.00587
1.00602
1.00617
1.0063
1.00642
1.00652
1.00664
1.0067
1.00667
1.00655
1.00631
1.00598
1.00551
1.00483
1.00398
1.00281
1.0016
1.00031
0.998881
0.996983
0.995186
0.993927
0.992154
0.991346
0.990332
0.989968
0.990198
0.990591
0.991172
0.992016
0.992908
0.993764
0.994518
0.995174
0.995054
1.00533
1.00564
1.00538
1.00577
1.00574
1.00592
1.00607
1.00628
1.00652
1.0067
1.00686
1.00694
1.00697
1.00694
1.00682
1.00658
1.00622
1.0057
1.00506
1.00417
1.00316
1.0018
1.00012
0.998208
0.996774
0.99516
0.993017
0.991911
0.990431
0.989858
0.989488
0.989386
0.989805
0.990628
0.991509
0.992443
0.99336
0.994163
0.995023
0.995045
1.00589
1.00614
1.00596
1.00648
1.00637
1.00665
1.00678
1.00696
1.0071
1.00725
1.00737
1.00748
1.00754
1.0075
1.00734
1.00707
1.00664
1.00601
1.00514
1.0041
1.0028
1.00139
0.999919
0.998342
0.996295
0.994182
0.992862
0.990886
0.990026
0.989065
0.988568
0.98878
0.989319
0.99
0.990943
0.991977
0.992992
0.993885
0.994868
0.995066
1.00588
1.00609
1.00602
1.00653
1.00635
1.00669
1.00678
1.00701
1.00724
1.00743
1.00756
1.00764
1.00763
1.00754
1.00734
1.00696
1.00646
1.00584
1.00503
1.00399
1.00276
1.00129
0.99949
0.997361
0.99569
0.99405
0.991695
0.990528
0.988891
0.988138
0.987968
0.98785
0.988351
0.98927
0.990327
0.991418
0.992511
0.993423
0.994562
0.994995
1.00648
1.00672
1.00678
1.00724
1.00703
1.00751
1.00752
1.00779
1.00794
1.00805
1.00815
1.00823
1.00825
1.00814
1.00791
1.00754
1.00698
1.00619
1.00522
1.004
1.00253
1.00085
0.999091
0.997425
0.995203
0.992845
0.991386
0.989293
0.988379
0.987515
0.986869
0.987111
0.987736
0.988589
0.989698
0.990909
0.992112
0.993125
0.994344
0.994996
1.00647
1.00674
1.00684
1.0072
1.00708
1.00756
1.00748
1.00779
1.00792
1.00814
1.0083
1.00837
1.00833
1.0082
1.00794
1.00743
1.00679
1.00598
1.00495
1.00372
1.00229
1.00064
0.998716
0.996416
0.994377
0.992663
0.990152
0.988849
0.987109
0.986253
0.986158
0.9862
0.986741
0.987805
0.988984
0.990252
0.991554
0.992594
0.993924
0.994833
1.00719
1.00756
1.00768
1.00798
1.00794
1.00848
1.00831
1.00872
1.00883
1.00901
1.00905
1.00906
1.00905
1.00892
1.00858
1.00818
1.00753
1.00657
1.00535
1.00389
1.00215
1.00026
0.998158
0.996253
0.994011
0.991278
0.989701
0.987459
0.986475
0.985575
0.985011
0.9854
0.986139
0.986996
0.988285
0.989687
0.991113
0.992277
0.993651
0.994804
1.00719
1.00761
1.0077
1.00798
1.00802
1.0085
1.00831
1.00874
1.00873
1.00892
1.00902
1.00911
1.00905
1.00885
1.00857
1.00797
1.0072
1.00619
1.00497
1.00343
1.00178
0.999805
0.997742
0.995259
0.99282
0.991024
0.98827
0.986881
0.985015
0.984228
0.984106
0.984237
0.984823
0.986076
0.987409
0.988865
0.990427
0.991643
0.993077
0.994529
1.00808
1.00852
1.00859
1.00891
1.00905
1.00946
1.00928
1.00982
1.00969
1.00995
1.00997
1.00988
1.00977
1.00959
1.00913
1.00864
1.00788
1.00686
1.00545
1.00379
1.00174
0.999603
0.99713
0.994846
0.992495
0.989442
0.987724
0.985277
0.984196
0.983225
0.982696
0.983208
0.984004
0.985121
0.986597
0.988205
0.989918
0.991269
0.992753
0.994452
1.00813
1.00857
1.00861
1.00898
1.00908
1.00944
1.00934
1.00979
1.0096
1.00989
1.00979
1.00983
1.00972
1.00943
1.00908
1.00841
1.00748
1.00631
1.0049
1.00312
1.00118
0.998952
0.996663
0.99398
0.991086
0.989096
0.98603
0.984516
0.98251
0.981626
0.981529
0.981587
0.982519
0.983933
0.985494
0.987157
0.98902
0.990477
0.991954
0.994021
1.00914
1.00959
1.00966
1.0101
1.01023
1.01052
1.01055
1.01101
1.01077
1.01117
1.01094
1.01089
1.01065
1.01036
1.00981
1.00917
1.00832
1.00715
1.00557
1.00362
1.00132
0.998821
0.996001
0.993285
0.990792
0.987293
0.985378
0.982664
0.98147
0.980452
0.979927
0.980566
0.981489
0.982828
0.984573
0.986405
0.988455
0.990075
0.991623
0.993859
1.00919
1.00968
1.00973
1.01019
1.01023
1.01054
1.01059
1.01098
1.01072
1.01108
1.0108
1.01085
1.01058
1.0102
1.00971
1.009
1.00792
1.00657
1.0049
1.0029
1.00058
0.997978
0.995343
0.992411
0.988981
0.986755
0.983363
0.981671
0.97953
0.978625
0.978516
0.978754
0.979864
0.981402
0.983222
0.985124
0.987315
0.989155
0.990621
0.993206
1.01035
1.0109
1.01098
1.01142
1.01144
1.01184
1.01197
1.01225
1.01209
1.01248
1.01206
1.01207
1.01162
1.01122
1.01058
1.0097
1.00867
1.00723
1.00541
1.0032
1.00056
0.997751
0.994465
0.991219
0.988564
0.984598
0.982506
0.979516
0.978174
0.97711
0.976715
0.977468
0.978524
0.980171
0.982207
0.984276
0.986689
0.988725
0.990311
0.992939
1.01044
1.01103
1.01104
1.01147
1.01146
1.01187
1.0119
1.01215
1.01202
1.01237
1.01188
1.01199
1.01142
1.011
1.01027
1.00934
1.00814
1.00658
1.00469
1.00227
0.999641
0.99653
0.993536
0.990314
0.986282
0.983824
0.980068
0.978209
0.975894
0.974977
0.974897
0.975312
0.976641
0.978309
0.980467
0.982696
0.985239
0.987579
0.989113
0.991968
1.01181
1.01244
1.01243
1.01284
1.01288
1.01335
1.01329
1.01355
1.01354
1.01372
1.01319
1.01329
1.01257
1.01211
1.01118
1.01022
1.00885
1.0072
1.00497
1.00244
0.999385
0.996244
0.992555
0.988653
0.98574
0.981271
0.97893
0.975649
0.974164
0.973055
0.972717
0.973588
0.974915
0.976963
0.979393
0.981705
0.984518
0.98707
0.988823
0.991739
1.01193
1.01255
1.01248
1.01294
1.01291
1.01335
1.01319
1.01353
1.01351
1.01362
1.01324
1.01331
1.0124
1.01191
1.01093
1.00971
1.00823
1.00633
1.00415
1.00142
0.998303
0.994693
0.991169
0.987728
0.983026
0.980195
0.976012
0.973933
0.971461
0.970443
0.970413
0.971085
0.972585
0.974521
0.977114
0.979704
0.982647
0.985572
0.987398
0.990515
1.01343
1.01417
1.01408
1.01462
1.01451
1.01492
1.01471
1.01508
1.01476
1.01484
1.01437
1.01442
1.01336
1.01299
1.01168
1.01058
1.00888
1.00686
1.00423
1.00118
0.997801
0.994184
0.990168
0.985434
0.982146
0.977136
0.974523
0.970846
0.969206
0.96817
0.967828
0.968787
0.970564
0.973016
0.975823
0.978543
0.981824
0.984964
0.987139
0.990336
1.01384
1.01439
1.01433
1.01476
1.01467
1.01498
1.01489
1.0152
1.01497
1.01504
1.01477
1.01429
1.01342
1.01286
1.01147
1.00997
1.00804
1.00568
1.00299
0.999861
0.996175
0.992085
0.987782
0.984114
0.978757
0.975581
0.97087
0.96858
0.965954
0.964667
0.965016
0.965869
0.967624
0.969894
0.973054
0.976049
0.979438
0.98299
0.985397
0.988724
1.01506
1.01593
1.01576
1.01643
1.0161
1.01666
1.01624
1.01658
1.01587
1.01611
1.01539
1.01524
1.01415
1.01369
1.01185
1.01062
1.00846
1.00604
1.00292
0.999218
0.995258
0.990992
0.986634
0.981007
0.977375
0.971749
0.968926
0.964777
0.963013
0.962213
0.961574
0.963081
0.965173
0.968121
0.971453
0.974672
0.978466
0.98226
0.98507
0.988581
1.01641
1.01694
1.0168
1.01719
1.01694
1.01728
1.01698
1.01711
1.01672
1.01674
1.01602
1.01548
1.01453
1.01358
1.01172
1.0102
1.00751
1.00468
1.00123
0.997494
0.993113
0.98851
0.983191
0.979264
0.973077
0.969572
0.964238
0.961762
0.958936
0.95748
0.958448
0.95926
0.961402
0.964155
0.96795
0.971481
0.975385
0.979629
0.982773
0.986468
1.01678
1.01761
1.01744
1.01809
1.01785
1.01837
1.01792
1.01809
1.0175
1.01747
1.01646
1.01605
1.01493
1.01388
1.01196
1.01036
1.00752
1.00455
1.00094
0.996555
0.991989
0.986689
0.981945
0.975295
0.971181
0.964723
0.961658
0.956979
0.955012
0.954429
0.953608
0.955576
0.958449
0.961896
0.965949
0.969859
0.97422
0.978772
0.98236
0.986477
1.01933
1.02001
1.0197
1.02016
1.0197
1.02001
1.01931
1.01948
1.01857
1.01843
1.01724
1.01688
1.01533
1.01393
1.01175
1.00977
1.00629
1.00313
0.998694
0.994265
0.988967
0.983924
0.977349
0.972839
0.965628
0.961705
0.955658
0.952909
0.949901
0.948302
0.949849
0.951107
0.953418
0.956857
0.961359
0.965654
0.970207
0.975267
0.97926
0.983882
1.01944
1.02005
1.01975
1.02038
1.01997
1.02039
1.01988
1.0201
1.01929
1.01913
1.01795
1.0172
1.01535
1.01392
1.01179
1.00951
1.00597
1.00247
0.997849
0.992801
0.98745
0.980824
0.975544
0.967703
0.962945
0.955627
0.952098
0.946825
0.944604
0.944345
0.94337
0.945837
0.949773
0.953942
0.958961
0.963798
0.968805
0.974285
0.978696
0.984193
1.02228
1.02298
1.02267
1.02304
1.02245
1.0227
1.02185
1.02182
1.02065
1.02028
1.01876
1.01781
1.01581
1.01423
1.01156
1.00852
1.00423
1.00038
0.994736
0.989532
0.982942
0.977286
0.969124
0.963879
0.95555
0.951152
0.944179
0.941203
0.938044
0.936374
0.938555
0.940275
0.943148
0.947296
0.952718
0.958206
0.963511
0.969538
0.974382
0.98102
1.02251
1.02322
1.02279
1.02335
1.02272
1.02301
1.02215
1.02224
1.02112
1.02078
1.01926
1.01836
1.01621
1.01445
1.01107
1.00781
1.00364
0.999083
0.993245
0.987156
0.98077
0.9725
0.966516
0.957248
0.951695
0.943438
0.939027
0.933195
0.930721
0.930964
0.929898
0.933354
0.938113
0.943543
0.949756
0.955846
0.961813
0.96847
0.97379
0.980661
1.0262
1.02679
1.02624
1.02654
1.02563
1.02571
1.02458
1.02444
1.02292
1.02237
1.02026
1.01904
1.01622
1.01382
1.01002
1.00645
1.00119
0.996017
0.988703
0.982747
0.974245
0.967846
0.957703
0.951536
0.941622
0.93598
0.928368
0.925203
0.92229
0.920047
0.923441
0.925459
0.929714
0.934655
0.94129
0.948309
0.954689
0.962045
0.968118
0.975071
1.02622
1.02685
1.02625
1.02664
1.0257
1.02585
1.02465
1.02443
1.02298
1.02225
1.02028
1.01899
1.01585
1.01361
1.00926
1.00517
0.999467
0.992975
0.986125
0.978676
0.970822
0.960607
0.953635
0.942478
0.935773
0.926757
0.920647
0.914334
0.91247
0.912576
0.911943
0.916761
0.922317
0.929697
0.937421
0.945418
0.952737
0.960864
0.967902
0.975221
1.03074
1.03126
1.0304
1.03064
1.02949
1.02941
1.0278
1.02743
1.02525
1.02433
1.02149
1.01945
1.01582
1.01249
1.00707
1.00232
0.994858
0.988869
0.980002
0.972658
0.961095
0.953947
0.941088
0.933874
0.922061
0.914357
0.906183
0.902538
0.899769
0.897449
0.901991
0.905307
0.911102
0.917484
0.925606
0.935021
0.942942
0.951915
0.960239
0.967572
1.03137
1.03179
1.03068
1.0309
1.02948
1.0293
1.02765
1.02701
1.02484
1.02375
1.0206
1.01875
1.01426
1.01072
1.00497
0.999178
0.992134
0.983875
0.975416
0.964471
0.95532
0.943061
0.934155
0.920496
0.911698
0.901891
0.894615
0.887829
0.885539
0.886794
0.887324
0.893399
0.901274
0.910909
0.92057
0.931082
0.940592
0.950474
0.960286
0.969368
1.03675
1.03673
1.03556
1.03559
1.03388
1.03366
1.03146
1.0306
1.02784
1.02589
1.0222
1.01893
1.01353
1.00906
1.0012
0.995248
0.984819
0.977332
0.964605
0.955981
0.941761
0.932316
0.916364
0.906391
0.8935
0.88356
0.873399
0.869624
0.867558
0.865123
0.87164
0.876965
0.884437
0.893576
0.90374
0.916856
0.927171
0.938046
0.949248
0.959943
1.03879
1.03813
1.03681
1.03635
1.03445
1.03393
1.03117
1.03025
1.02643
1.02448
1.01972
1.01599
1.01027
1.00403
0.996932
0.987809
0.979019
0.96749
0.956911
0.94282
0.930922
0.914826
0.901627
0.886982
0.873902
0.862021
0.854449
0.849878
0.84563
0.849244
0.851589
0.860184
0.871465
0.884745
0.897064
0.910457
0.924428
0.936085
0.949923
0.962947
1.04515
1.04435
1.04324
1.04223
1.04048
1.03899
1.03616
1.03404
1.02957
1.02671
1.02015
1.0162
1.00715
1.00145
0.989581
0.981714
0.966958
0.956761
0.939632
0.927446
0.908166
0.894244
0.876109
0.861336
0.846709
0.834994
0.824496
0.817183
0.817737
0.816847
0.826623
0.835158
0.845759
0.859325
0.873794
0.890597
0.905389
0.919395
0.933644
0.950137
1.04927
1.04868
1.04654
1.04528
1.0425
1.04008
1.03638
1.03248
1.02773
1.02216
1.01605
1.00851
1.00052
0.990299
0.980033
0.966628
0.953997
0.937344
0.92239
0.903372
0.885711
0.86668
0.847144
0.830237
0.812516
0.798468
0.7892
0.789184
0.784515
0.792155
0.797426
0.81121
0.828414
0.847481
0.863864
0.882199
0.903543
0.918325
0.936899
0.953338
1.06025
1.05874
1.05501
1.05367
1.04865
1.04634
1.03957
1.03623
1.02774
1.02325
1.0126
1.00635
0.992478
0.983475
0.96563
0.95325
0.93167
0.915797
0.89165
0.87194
0.847498
0.825023
0.802142
0.781626
0.762732
0.75144
0.744199
0.731888
0.737861
0.741586
0.757981
0.771503
0.787802
0.810472
0.832612
0.851567
0.874714
0.895312
0.915194
0.93853
1.06737
1.06559
1.06338
1.05861
1.05394
1.04726
1.04125
1.03318
1.02574
1.01566
1.00566
0.992208
0.978287
0.960726
0.942158
0.921152
0.898329
0.874867
0.848101
0.82311
0.794099
0.769417
0.742863
0.721627
0.703115
0.691526
0.675271
0.684914
0.686903
0.701258
0.714513
0.740254
0.764575
0.791536
0.822634
0.848106
0.876959
0.900102
0.92205
0.940804
1.10788
1.09831
1.08358
1.07576
1.0629
1.057
1.04495
1.03854
1.02419
1.01396
0.994939
0.979392
0.955338
0.934228
0.905556
0.879422
0.847019
0.816932
0.781223
0.748726
0.712849
0.68311
0.651384
0.627876
0.607808
0.588855
0.593937
0.592561
0.603574
0.619272
0.648342
0.672514
0.706403
0.73496
0.769337
0.800129
0.836976
0.865
0.907564
0.93382
1.09273
1.08721
1.08656
1.08369
1.07993
1.07287
1.06015
1.04495
1.02285
1.00018
0.970158
0.941231
0.904704
0.870428
0.828418
0.789702
0.744002
0.703066
0.657609
0.618357
0.57622
0.544601
0.507283
0.492657
0.463544
0.478766
0.479836
0.502181
0.531577
0.569323
0.610198
0.658372
0.702997
0.751455
0.794158
0.833126
0.878431
0.899746
0.937591
0.962782
1.32555
1.30081
1.26015
1.226
1.17705
1.13602
1.08213
1.03836
0.981172
0.936115
0.876633
0.830694
0.768623
0.721648
0.657258
0.609762
0.543919
0.49685
0.431807
0.388335
0.332702
0.293431
0.270352
0.244143
0.262663
0.32988
0.344555
0.403692
0.461046
0.513267
0.590127
0.641561
0.720939
0.767478
0.8521
0.891833
0.971709
1.0113
1.07891
1.11753
0.999993
1
1.00001
1.00001
1.00002
1.00002
1.00002
1.00002
1.00002
1.00002
1.00002
1.00002
1.00003
1.00003
1.00003
1.00004
1.00005
1.00006
1.00006
1.00006
1.00006
1.00006
1.00006
1.00006
0.999999
0.999958
1.00004
0.999985
0.999984
0.999971
1.00001
0.999978
0.999991
1.00001
1.00001
1
0.999996
1
1
0.999992
0.999996
1
0.999998
0.999995
0.999992
0.999988
0.999985
0.999984
0.999988
0.999991
0.999987
0.999981
0.999978
0.99998
0.999972
0.999959
0.999953
0.999945
0.999945
0.999946
0.999947
0.999948
0.999946
0.999937
1.00002
1.00005
0.999959
1.00003
1.00003
1.00003
0.999988
1.00002
1.00001
0.999997
0.999986
0.999995
1
0.999996
0.999992
0.999977
1.00001
1.00002
1.00003
1.00003
1.00003
1.00003
1.00003
1.00003
1.00003
1.00003
1.00003
1.00004
1.00004
1.00003
1.00004
1.00005
1.00006
1.00006
1.00006
1.00006
1.00005
1.00004
1.00004
1.00004
0.999944
0.999931
1.00001
0.999927
0.99994
0.999942
0.999974
0.999951
0.999953
0.999971
0.999982
0.999975
0.999975
0.99998
0.999992
0.999965
1.00001
1.00003
1.00003
1.00003
1.00002
1.00002
1.00002
1.00002
1.00003
1.00003
1.00002
1.00002
1.00002
1.00002
1
0.999992
0.999985
0.999969
0.999963
0.999962
0.999961
0.999963
0.999953
0.999935
1.00002
1.00002
0.999946
1.00001
0.999998
0.999998
0.99998
0.999986
0.999983
0.999981
0.999976
0.999982
0.999981
0.999981
0.999976
0.999946
1.00003
1.00007
1.00006
1.00006
1.00006
1.00006
1.00006
1.00006
1.00005
1.00005
1.00005
1.00006
1.00005
1.00005
1.00005
1.00006
1.00006
1.00007
1.00006
1.00004
1.00004
1.00002
1.00001
1.00001
0.999909
0.999907
0.999985
0.9999
0.9999
0.999906
0.999919
0.999911
0.999919
0.999923
0.999931
0.999935
0.999945
0.999953
0.99997
0.999925
1.00004
1.00009
1.00008
1.00008
1.00008
1.00007
1.00007
1.00007
1.00008
1.00008
1.00007
1.00007
1.00007
1.00006
1.00005
1.00004
1.00002
0.999995
0.99998
0.999975
0.999971
0.999972
0.999956
0.999935
1.00001
0.999991
0.999885
0.99996
0.999952
0.999946
0.999937
0.999934
0.999933
0.999933
0.999935
0.999937
0.999943
0.999948
0.999946
0.999894
1.00006
1.00013
1.00012
1.00012
1.00012
1.00012
1.00011
1.00011
1.00011
1.00011
1.00011
1.00011
1.00009
1.00009
1.00009
1.00009
1.00009
1.0001
1.00008
1.00006
1.00004
1
0.99998
0.999964
0.999869
0.999857
0.999944
0.999834
0.999836
0.999836
0.99983
0.999842
0.999852
0.999859
0.99987
0.999889
0.999899
0.999913
0.999936
0.999865
1.00007
1.00016
1.00015
1.00015
1.00014
1.00014
1.00014
1.00013
1.00013
1.00013
1.00013
1.00012
1.00012
1.00011
1.00009
1.00008
1.00005
1.00002
0.999999
0.999985
0.999975
0.999966
0.999947
0.999908
0.999963
0.999943
0.999808
0.999898
0.999879
0.999872
0.999864
0.999864
0.999866
0.999867
0.999876
0.999886
0.999892
0.999902
0.999906
0.999819
1.00011
1.00021
1.0002
1.00019
1.00019
1.00019
1.00019
1.00019
1.00018
1.00018
1.00018
1.00017
1.00016
1.00015
1.00015
1.00014
1.00015
1.00014
1.00011
1.00008
1.00004
0.999993
0.999951
0.99993
0.999808
0.999788
0.999887
0.99975
0.999767
0.999757
0.999741
0.999751
0.999765
0.999781
0.9998
0.999823
0.999847
0.999866
0.999894
0.99979
1.00013
1.00024
1.00024
1.00024
1.00023
1.00023
1.00022
1.00022
1.00022
1.00022
1.00022
1.00021
1.0002
1.00018
1.00015
1.00013
1.00008
1.00004
1.00001
0.999987
0.999962
0.99994
0.999911
0.99985
0.99992
0.999878
0.999709
0.999818
0.999739
0.999751
0.999776
0.999775
0.999782
0.999789
0.999802
0.999805
0.999818
0.999835
0.999851
0.999729
1.00017
1.00032
1.00031
1.0003
1.0003
1.0003
1.0003
1.00029
1.00029
1.00029
1.00028
1.00028
1.00027
1.00025
1.00024
1.00023
1.00022
1.0002
1.00016
1.00012
1.00007
1
0.999941
0.999915
0.999749
0.999704
0.999811
0.99964
0.999705
0.999662
0.999617
0.999637
0.999651
0.999675
0.999706
0.99974
0.999772
0.999801
0.999826
0.99969
1.0002
1.00035
1.00035
1.00034
1.00034
1.00033
1.00033
1.00033
1.00032
1.00031
1.0003
1.00028
1.00027
1.00025
1.00021
1.00017
1.00013
1.00008
1.00003
0.999993
0.99994
0.999892
0.999849
0.99977
0.999839
0.999797
0.999606
0.999718
0.999578
0.999609
0.999658
0.99966
0.999674
0.999677
0.999691
0.999711
0.999738
0.999764
0.999786
0.999621
1.00026
1.00044
1.00043
1.00043
1.00043
1.00043
1.00043
1.00042
1.00042
1.00042
1.00042
1.00041
1.0004
1.00038
1.00036
1.00033
1.00031
1.00027
1.00022
1.00015
1.0001
1.00003
0.999953
0.999902
0.999709
0.999624
0.999717
0.999505
0.999624
0.999569
0.999483
0.999493
0.999515
0.999548
0.999591
0.999623
0.999654
0.999692
0.999736
0.999562
1.00029
1.00048
1.00048
1.00047
1.00047
1.00046
1.00046
1.00046
1.00046
1.00044
1.00043
1.00041
1.00038
1.00035
1.00031
1.00026
1.00022
1.00016
1.00009
1.00002
0.99993
0.999842
0.99977
0.999679
0.999714
0.999678
0.99948
0.999599
0.999403
0.99941
0.999494
0.999504
0.999512
0.999525
0.999553
0.999586
0.999631
0.999662
0.999675
0.999481
1.00037
1.00059
1.00058
1.00058
1.00058
1.00058
1.00058
1.00058
1.00058
1.00057
1.00057
1.00056
1.00054
1.00052
1.0005
1.00046
1.00041
1.00035
1.00029
1.00021
1.00014
1.00006
0.999954
0.999858
0.999672
0.999543
0.999589
0.999352
0.999481
0.999447
0.999316
0.999321
0.999348
0.999388
0.999431
0.999472
0.999508
0.999556
0.999617
0.999402
1.00041
1.00064
1.00063
1.00062
1.00062
1.00061
1.00061
1.00061
1.0006
1.00058
1.00056
1.00054
1.00051
1.00048
1.00043
1.00038
1.00032
1.00024
1.00015
1.00005
0.999943
0.999828
0.999716
0.999622
0.999584
0.99954
0.999343
0.999448
0.999226
0.999197
0.999313
0.999307
0.999321
0.999342
0.999379
0.999424
0.999473
0.999512
0.99953
0.9993
1.0005
1.00076
1.00075
1.00074
1.00075
1.00075
1.00075
1.00075
1.00075
1.00075
1.00074
1.00073
1.00072
1.00069
1.00064
1.00059
1.00052
1.00045
1.00037
1.00027
1.00016
1.00005
0.999933
0.999781
0.999609
0.999431
0.99944
0.999179
0.999282
0.999243
0.999089
0.999101
0.999125
0.999168
0.999218
0.999272
0.999326
0.999381
0.999446
0.999206
1.00056
1.00082
1.00081
1.0008
1.00079
1.00079
1.00079
1.00079
1.00078
1.00077
1.00075
1.00074
1.0007
1.00066
1.00061
1.00054
1.00046
1.00036
1.00025
1.00012
0.999991
0.999849
0.999693
0.999572
0.999453
0.999387
0.999158
0.999239
0.999007
0.998966
0.999067
0.999056
0.999074
0.999103
0.99915
0.999206
0.999256
0.999307
0.999332
0.99908
1.00067
1.00095
1.00095
1.00094
1.00094
1.00094
1.00094
1.00094
1.00094
1.00094
1.00094
1.00093
1.0009
1.00087
1.00082
1.00075
1.00068
1.00058
1.00048
1.00036
1.00022
1.00006
0.999905
0.999721
0.999542
0.999307
0.999276
0.99898
0.999047
0.998971
0.99883
0.99883
0.998853
0.998896
0.998955
0.999022
0.999095
0.999153
0.999236
0.99896
1.00073
1.00102
1.00101
1.00101
1.001
1.001
1.001
1.00101
1.00101
1.00101
1.001
1.00097
1.00093
1.00088
1.00082
1.00073
1.00065
1.00053
1.0004
1.00025
1.00007
0.999893
0.9997
0.999513
0.999331
0.999252
0.998981
0.99902
0.998763
0.998711
0.998766
0.998755
0.998775
0.998812
0.99887
0.99894
0.999002
0.999067
0.999088
0.998807
1.00086
1.00118
1.00117
1.00117
1.00118
1.00118
1.00118
1.00119
1.00119
1.0012
1.00119
1.00118
1.00115
1.00111
1.00106
1.001
1.00091
1.00079
1.00065
1.00049
1.00031
1.00011
0.999905
0.999696
0.999468
0.999138
0.999075
0.998741
0.998772
0.998671
0.998529
0.998521
0.998532
0.998578
0.998644
0.998716
0.998792
0.998872
0.998967
0.998677
1.00093
1.00127
1.00126
1.00126
1.00125
1.00126
1.00127
1.00127
1.00128
1.00128
1.00126
1.00124
1.0012
1.00115
1.00108
1.00098
1.00087
1.00073
1.00057
1.00038
1.00017
0.999936
0.999697
0.99944
0.999206
0.999116
0.998767
0.998767
0.998466
0.998376
0.998406
0.998377
0.998416
0.998456
0.998529
0.998615
0.998703
0.998775
0.998813
0.998476
1.00109
1.00145
1.00144
1.00144
1.00145
1.00146
1.00147
1.00148
1.00149
1.0015
1.0015
1.00148
1.00146
1.00142
1.00136
1.00127
1.00116
1.00103
1.00086
1.00067
1.00044
1.00019
0.999926
0.999658
0.999371
0.998945
0.998853
0.998461
0.998463
0.998331
0.998175
0.99817
0.998146
0.998208
0.998278
0.998367
0.998454
0.998545
0.998648
0.998353
1.00117
1.00154
1.00154
1.00154
1.00154
1.00155
1.00157
1.00158
1.00159
1.00158
1.00157
1.00154
1.00152
1.00146
1.00137
1.00126
1.00114
1.00096
1.00076
1.00054
1.00029
1
0.999696
0.999381
0.999072
0.998949
0.998513
0.998469
0.998115
0.997998
0.998
0.997925
0.998
0.998044
0.998134
0.998233
0.998338
0.998431
0.998481
0.998103
1.00134
1.00174
1.00174
1.00174
1.00175
1.00176
1.00178
1.0018
1.00181
1.00182
1.00182
1.0018
1.00178
1.00173
1.00165
1.00156
1.00143
1.00126
1.00107
1.00082
1.00054
1.00022
0.9999
0.999565
0.999219
0.998694
0.998571
0.998112
0.998071
0.997907
0.997723
0.997759
0.997705
0.997767
0.997857
0.99796
0.998072
0.998176
0.998298
0.997967
1.00143
1.00185
1.00184
1.00185
1.00185
1.00187
1.00189
1.00191
1.00192
1.00192
1.00191
1.0019
1.00185
1.00179
1.0017
1.00157
1.00141
1.00122
1.00098
1.00071
1.00043
1.00008
0.999697
0.999291
0.998915
0.998747
0.998207
0.998109
0.997698
0.997546
0.997542
0.997403
0.997497
0.997564
0.997667
0.997797
0.997927
0.99804
0.998087
0.99769
1.00162
1.00206
1.00206
1.00206
1.00207
1.00209
1.00211
1.00213
1.00215
1.00216
1.00215
1.00215
1.00212
1.00207
1.00199
1.00188
1.00174
1.00154
1.00129
1.00101
1.00064
1.00026
0.999872
0.99949
0.999035
0.998415
0.998252
0.997714
0.997623
0.997415
0.997176
0.99725
0.997196
0.997265
0.997371
0.997497
0.997631
0.997759
0.997909
0.997544
1.00173
1.00217
1.00217
1.00218
1.00219
1.00221
1.00224
1.00226
1.00227
1.00228
1.0023
1.00228
1.00224
1.00218
1.00208
1.00193
1.00174
1.00152
1.00126
1.00094
1.00063
1.00021
0.999732
0.999203
0.99877
0.998518
0.997865
0.997699
0.997227
0.997022
0.997014
0.99686
0.996931
0.997028
0.997159
0.997315
0.997475
0.997612
0.997679
0.997257
1.00193
1.00241
1.00241
1.00242
1.00243
1.00245
1.00249
1.00251
1.00254
1.00255
1.00256
1.00255
1.00251
1.00248
1.00239
1.00229
1.00211
1.0019
1.00159
1.00125
1.00078
1.00033
0.999885
0.99944
0.998861
0.998152
0.997912
0.997297
0.997132
0.996873
0.996622
0.996649
0.996637
0.996701
0.996831
0.996996
0.997168
0.997325
0.997488
0.997102
1.00205
1.00253
1.00254
1.00255
1.00257
1.00259
1.00264
1.00267
1.0027
1.00272
1.00275
1.00275
1.00273
1.00265
1.00256
1.00238
1.00219
1.00192
1.00165
1.00128
1.00094
1.00043
0.999825
0.999168
0.998652
0.99827
0.997511
0.997254
0.996709
0.996459
0.996398
0.996246
0.996312
0.996451
0.996608
0.9968
0.996999
0.997173
0.997281
0.996827
1.00227
1.00278
1.00279
1.0028
1.00282
1.00286
1.0029
1.00294
1.00297
1.00299
1.00301
1.003
1.00298
1.00294
1.00285
1.00274
1.00255
1.00231
1.00192
1.00152
1.00095
1.00046
0.999946
0.999396
0.998674
0.997884
0.997535
0.996812
0.996578
0.996266
0.995987
0.99603
0.99601
0.99609
0.996262
0.996467
0.996685
0.996884
0.997067
0.996664
1.00238
1.00291
1.00292
1.00294
1.00296
1.003
1.00305
1.00309
1.00313
1.00318
1.00321
1.00322
1.0032
1.00311
1.00302
1.00284
1.00262
1.00233
1.00203
1.00161
1.00119
1.00056
0.999829
0.999084
0.998506
0.997961
0.997077
0.99674
0.996103
0.995819
0.995719
0.995542
0.995659
0.995814
0.996026
0.99627
0.996515
0.996731
0.996873
0.996393
1.00261
1.00317
1.00317
1.00319
1.00322
1.00326
1.00331
1.00336
1.00341
1.00345
1.00346
1.00346
1.00343
1.00341
1.0033
1.00318
1.00296
1.00268
1.00225
1.00176
1.00112
1.00058
0.999985
0.99929
0.998394
0.99752
0.997069
0.996244
0.995929
0.995511
0.995251
0.995299
0.995273
0.995414
0.995639
0.995915
0.996197
0.996452
0.996671
0.996238
1.00273
1.0033
1.0033
1.00332
1.00335
1.0034
1.00345
1.0035
1.00355
1.0036
1.00364
1.00366
1.00364
1.00356
1.00346
1.00326
1.00304
1.0027
1.00238
1.00191
1.0014
1.00065
0.999803
0.998947
0.998297
0.99759
0.996567
0.996146
0.995384
0.995145
0.994935
0.994767
0.994949
0.995127
0.995398
0.995708
0.996022
0.996295
0.996465
0.995975
1.00297
1.00356
1.00356
1.00358
1.00361
1.00367
1.00372
1.00378
1.00384
1.0039
1.00393
1.00395
1.00393
1.0039
1.0038
1.00366
1.00342
1.00312
1.00262
1.00206
1.00137
1.00071
0.999993
0.999202
0.998107
0.997117
0.996564
0.995589
0.995196
0.994598
0.994412
0.99449
0.994472
0.994688
0.995002
0.995369
0.995733
0.996048
0.996315
0.995842
1.0031
1.0037
1.00371
1.00373
1.00376
1.00382
1.00388
1.00395
1.00401
1.00408
1.00413
1.00415
1.00414
1.00407
1.00398
1.0038
1.00355
1.0032
1.00282
1.00229
1.00167
1.00087
0.999891
0.998881
0.998074
0.997217
0.996035
0.995493
0.994601
0.994342
0.994073
0.993914
0.994113
0.994381
0.994741
0.995148
0.995547
0.995886
0.996099
0.9956
1.00335
1.00398
1.00399
1.00402
1.00406
1.00413
1.0042
1.00428
1.00435
1.00444
1.0045
1.00455
1.00456
1.00452
1.00442
1.00428
1.00403
1.00368
1.00313
1.00251
1.00176
1.00093
1.00012
0.999182
0.99792
0.99673
0.996044
0.99489
0.994396
0.993725
0.993507
0.993607
0.993627
0.993922
0.994347
0.994832
0.995299
0.995693
0.99598
0.995488
1.00348
1.00413
1.00413
1.00416
1.00421
1.00429
1.00436
1.00445
1.00455
1.00463
1.00468
1.00472
1.00474
1.00469
1.00459
1.0044
1.00415
1.00378
1.00336
1.00278
1.00204
1.00115
0.99998
0.998822
0.997852
0.996847
0.995448
0.994781
0.993717
0.99338
0.993115
0.992976
0.993257
0.993591
0.994057
0.994586
0.995099
0.995515
0.995802
0.995267
1.00384
1.0045
1.00449
1.00451
1.00457
1.00465
1.00474
1.00483
1.00494
1.00504
1.00514
1.00518
1.00521
1.00518
1.0051
1.00494
1.00468
1.00423
1.00366
1.00293
1.0021
1.00117
1.00028
0.999113
0.997679
0.996282
0.995443
0.994062
0.993489
0.992645
0.992419
0.992553
0.992654
0.993078
0.993651
0.994274
0.994855
0.995334
0.995651
0.995166
1.00365
1.00442
1.0045
1.00453
1.00458
1.00466
1.00474
1.00484
1.00495
1.00504
1.00513
1.00518
1.00521
1.00519
1.0051
1.00494
1.00466
1.00432
1.0038
1.00313
1.00229
1.00125
0.999937
0.99865
0.997522
0.996343
0.994721
0.993935
0.992689
0.992295
0.99196
0.99183
0.992171
0.992659
0.993298
0.99399
0.994636
0.995154
0.995485
0.994874
1.00532
1.01354
1.01509
1.0171
1.01753
1.01777
1.01815
1.01819
1.01869
1.01899
1.01958
1.02045
1.02105
1.02204
1.02239
1.02333
1.02416
1.02512
1.02689
1.02918
1.0318
1.0372
1.04665
1.06243
1.09886
1.16477
1.28749
1.32299
1.10133
0.744495
0.648602
0.69107
0.791894
0.949879
0.990407
0.954364
1.01012
1.04616
1.05441
1.04347
1.00679
1.0137
1.01361
1.01598
1.01587
1.01652
1.01692
1.01724
1.01786
1.01808
1.01881
1.01925
1.02007
1.02076
1.02106
1.02208
1.02252
1.02327
1.0258
1.02717
1.03165
1.03501
1.04559
1.05808
1.07746
1.13196
1.22325
1.22883
1.04303
0.789738
0.691259
0.711274
0.781427
0.974428
1.17553
1.13501
1.08794
1.10237
1.08732
1.07526
1.00987
1.01326
1.0131
1.01497
1.01489
1.01559
1.01598
1.01649
1.01711
1.01737
1.0182
1.01839
1.01935
1.01962
1.02024
1.02064
1.02114
1.02152
1.02369
1.02449
1.02894
1.0303
1.03848
1.04431
1.05321
1.07698
1.1144
1.10762
0.985578
0.793287
0.688109
0.669079
0.717996
0.937268
1.22905
1.25207
1.19766
1.16095
1.12381
1.10568
1.01214
1.01245
1.01318
1.01402
1.0142
1.01479
1.01514
1.0157
1.01622
1.01648
1.0172
1.0173
1.0183
1.01845
1.01931
1.01936
1.01991
1.01987
1.02154
1.02171
1.0249
1.02449
1.02907
1.02829
1.03026
1.02942
1.03124
1.00357
0.88964
0.757569
0.658444
0.605779
0.632731
0.898873
1.25852
1.34346
1.24544
1.18468
1.14738
1.1212
1.01301
1.01201
1.013
1.01321
1.01359
1.01407
1.01443
1.01494
1.01541
1.01564
1.01608
1.01615
1.01708
1.01713
1.01797
1.01784
1.01833
1.01807
1.01922
1.01887
1.02058
1.01893
1.02019
1.01542
1.01212
0.999069
0.983931
0.940298
0.826553
0.75379
0.690082
0.645994
0.692373
0.940922
1.24804
1.32898
1.21672
1.17221
1.14803
1.12201
1.01321
1.01171
1.01258
1.01254
1.01308
1.01339
1.0138
1.01421
1.01461
1.01471
1.01503
1.0151
1.01584
1.01587
1.01665
1.01641
1.01677
1.01634
1.01708
1.01624
1.01687
1.01473
1.01383
1.00832
1.00223
0.988083
0.969962
0.914431
0.819231
0.788319
0.750733
0.72675
0.787506
0.988135
1.19989
1.24634
1.1638
1.14425
1.13258
1.11602
1.01328
1.01128
1.01194
1.01205
1.01261
1.01274
1.01314
1.01344
1.01378
1.01375
1.01409
1.01414
1.01472
1.01473
1.01536
1.01498
1.01529
1.01474
1.0152
1.01407
1.01408
1.01205
1.0103
1.00624
1.00038
0.99208
0.978261
0.916249
0.832731
0.823316
0.806643
0.800702
0.858627
1.0039
1.14166
1.16716
1.11917
1.11554
1.11166
1.10094
1.01321
1.01075
1.0114
1.01164
1.01212
1.01218
1.01254
1.01275
1.01305
1.01299
1.01333
1.01325
1.01369
1.01356
1.01395
1.01339
1.01379
1.01317
1.01349
1.01234
1.01203
1.01043
1.00869
1.0069
1.00313
1.00231
0.996168
0.935953
0.852522
0.84738
0.846475
0.853502
0.905572
1.00109
1.08106
1.10706
1.08492
1.08923
1.08997
1.08408
1.01304
1.01022
1.01097
1.01101
1.01152
1.01159
1.01192
1.01205
1.01232
1.01224
1.01245
1.01224
1.0126
1.01235
1.01265
1.01202
1.01244
1.01173
1.01191
1.01093
1.01048
1.00938
1.00801
1.00799
1.00661
1.01139
1.01284
0.962594
0.873867
0.863768
0.872134
0.885888
0.931998
0.988574
1.03636
1.06426
1.05817
1.0657
1.06993
1.06732
1.01286
1.01001
1.01069
1.01027
1.01085
1.01087
1.01123
1.01126
1.01153
1.01139
1.01153
1.01127
1.01159
1.01131
1.01165
1.01105
1.01132
1.01051
1.01051
1.00973
1.00921
1.00845
1.00758
1.00846
1.0085
1.01603
1.02208
0.985049
0.902089
0.880741
0.890187
0.905483
0.942888
0.980931
1.01218
1.03646
1.03867
1.04646
1.05314
1.05232
1.01263
1.00982
1.01037
1.00972
1.01023
1.01013
1.01043
1.01039
1.01063
1.0105
1.01068
1.01046
1.01074
1.01039
1.01069
1.01005
1.01014
1.00936
1.00924
1.00856
1.00795
1.00737
1.00693
1.00828
1.00874
1.01677
1.02367
0.997729
0.928615
0.901109
0.906649
0.920047
0.948383
0.976283
0.998823
1.01891
1.02508
1.03197
1.03922
1.03894
1.01231
1.00942
1.00989
1.00928
1.00969
1.00947
1.00966
1.00956
1.00973
1.00964
1.00983
1.00965
1.00982
1.00937
1.00952
1.0089
1.00887
1.00823
1.00801
1.00733
1.00671
1.00631
1.00607
1.00768
1.00825
1.01585
1.02038
1.00265
0.950125
0.922867
0.923323
0.933156
0.953444
0.973854
0.990976
1.00741
1.0152
1.02154
1.02742
1.02709
1.01164
1.00871
1.0093
1.00876
1.00917
1.00888
1.00907
1.00891
1.00904
1.00894
1.00905
1.00884
1.0089
1.00847
1.00848
1.00793
1.00783
1.00728
1.00693
1.00624
1.00565
1.00543
1.0052
1.00659
1.00755
1.01236
1.01525
1.00326
0.965682
0.94254
0.939262
0.945498
0.959309
0.973751
0.986551
0.999646
1.00756
1.0139
1.01789
1.01767
1.01086
1.0081
1.00872
1.00815
1.00862
1.00836
1.00865
1.00847
1.00859
1.0085
1.00854
1.00829
1.00827
1.00787
1.0078
1.0073
1.00712
1.00661
1.00618
1.00551
1.00496
1.00477
1.00442
1.00535
1.00607
1.00847
1.0098
1.00263
0.976108
0.958308
0.953394
0.956799
0.965843
0.975819
0.984654
0.994562
1.00156
1.00771
1.01079
1.01086
1.01024
1.00777
1.00832
1.00754
1.00805
1.00782
1.00814
1.00795
1.00808
1.00798
1.00798
1.00777
1.00769
1.00733
1.00716
1.00669
1.00646
1.00604
1.00564
1.00503
1.00446
1.00418
1.00368
1.00413
1.00433
1.00513
1.00473
1.00066
0.98304
0.970101
0.96498
0.966463
0.972248
0.979321
0.984833
0.991752
0.997214
1.00231
1.00567
1.0058
1.00974
1.00754
1.00798
1.00693
1.00752
1.00718
1.00747
1.00723
1.0073
1.00713
1.00709
1.00695
1.00685
1.00657
1.0064
1.006
1.00576
1.00545
1.0051
1.00456
1.00403
1.00365
1.003
1.00305
1.00277
1.00255
1.00113
0.998113
0.987408
0.978411
0.973758
0.974134
0.977747
0.983219
0.986406
0.990923
0.994584
0.998053
1.00179
1.0017
1.00938
1.0071
1.00742
1.0063
1.00697
1.00646
1.00675
1.00644
1.00646
1.00624
1.00617
1.0061
1.00604
1.00588
1.00573
1.00542
1.00515
1.00485
1.00447
1.00401
1.00353
1.00307
1.00237
1.00213
1.00153
1.00081
0.999045
0.996608
0.989827
0.983931
0.979999
0.979877
0.981949
0.986643
0.98846
0.991429
0.993326
0.99555
0.998621
0.998387
1.00915
1.00634
1.00661
1.00564
1.00641
1.00578
1.00616
1.00585
1.00593
1.00574
1.00573
1.0057
1.00565
1.00554
1.00538
1.00511
1.00479
1.00438
1.0039
1.00349
1.00305
1.00254
1.00182
1.00139
1.00065
0.999722
0.997904
0.995774
0.991331
0.987627
0.98441
0.984151
0.98504
0.989143
0.990304
0.992494
0.992821
0.994724
0.995859
0.996033
1.00895
1.00532
1.00578
1.00498
1.00588
1.00521
1.00572
1.00544
1.00565
1.00555
1.00564
1.00559
1.00552
1.00533
1.00508
1.00486
1.0045
1.00395
1.00338
1.00302
1.00263
1.0021
1.00137
1.00081
1.00004
0.999072
0.99736
0.995534
0.992477
0.99019
0.987572
0.987363
0.987378
0.99085
0.991631
0.993667
0.992666
0.994849
0.993379
0.994623
1.00846
1.00426
1.00512
1.00435
1.00534
1.00472
1.00535
1.00509
1.00542
1.00536
1.00555
1.00544
1.0053
1.005
1.00469
1.00452
1.00417
1.00354
1.00295
1.00265
1.0023
1.00177
1.00107
1.00045
0.999675
0.998749
0.997238
0.995746
0.993496
0.992058
0.989909
0.989848
0.989281
0.992194
0.992512
0.994783
0.99277
0.99518
0.991193
0.993933
1.00666
1.00366
1.00472
1.00384
1.00482
1.00433
1.00503
1.00478
1.00524
1.00515
1.00541
1.00521
1.005
1.0046
1.00427
1.00413
1.00381
1.00314
1.00258
1.00233
1.00201
1.00152
1.00087
1.00023
0.99946
0.998588
0.997336
0.996182
0.994418
0.993449
0.991666
0.991783
0.990897
0.993427
0.99314
0.995795
0.993125
0.995321
0.989812
0.993333
1.00371
1.00364
1.00455
1.00353
1.00435
1.004
1.00479
1.00458
1.00511
1.00499
1.00526
1.00501
1.00475
1.00427
1.00393
1.0038
1.00347
1.00282
1.0023
1.00207
1.00175
1.00131
1.00071
1.00008
0.999332
0.998519
0.99754
0.996694
0.995252
0.994523
0.993042
0.993299
0.992316
0.994536
0.993735
0.996672
0.993868
0.995926
0.989716
0.990574
1.00036
1.00394
1.00456
1.0035
1.00403
1.00374
1.00461
1.00449
1.00501
1.00487
1.00511
1.00483
1.00455
1.00404
1.0037
1.0035
1.00318
1.00259
1.00213
1.00188
1.00154
1.00112
1.00056
0.999972
0.999263
0.998506
0.997775
0.997175
0.995985
0.995366
0.994158
0.994459
0.993563
0.995422
0.994418
0.997332
0.99501
0.997356
0.99085
0.985444
0.997316
1.00455
1.00462
1.00373
1.00375
1.00363
1.00438
1.00439
1.00478
1.00464
1.00484
1.00456
1.00428
1.00378
1.00344
1.0032
1.00287
1.00239
1.00199
1.00171
1.00135
1.00095
1.00044
0.999893
0.999236
0.998539
0.99801
0.99758
0.996609
0.996041
0.995095
0.995331
0.994665
0.996011
0.995202
0.997641
0.996212
0.998208
0.994432
0.980204
0.995432
1.00505
1.00439
1.00398
1.00349
1.00359
1.00414
1.00424
1.00448
1.00436
1.00447
1.00423
1.00397
1.0035
1.00318
1.00291
1.0026
1.00222
1.00187
1.00154
1.00117
1.0008
1.00033
0.999837
0.999242
0.998604
0.998218
0.997883
0.997108
0.996562
0.995863
0.995953
0.995596
0.99635
0.996042
0.99765
0.997223
0.998205
0.997352
0.976947
0.994773
1.00536
1.00393
1.00404
1.00318
1.00352
1.00384
1.00402
1.0041
1.00403
1.00405
1.00385
1.00361
1.00321
1.00289
1.00261
1.00233
1.00204
1.00173
1.00139
1.00102
1.00067
1.00024
0.99979
0.999266
0.998691
0.998405
0.998112
0.997518
0.996985
0.996521
0.99643
0.996394
0.996563
0.996915
0.997478
0.997997
0.997441
0.998979
0.976393
0.995056
1.00544
1.00343
1.00396
1.0029
1.00345
1.00354
1.00378
1.00374
1.00372
1.00367
1.00351
1.00329
1.00294
1.00264
1.00237
1.00211
1.00188
1.00159
1.00124
1.00088
1.00055
1.00015
0.999746
0.999289
0.998771
0.998546
0.998257
0.997817
0.997286
0.997027
0.996752
0.996983
0.996728
0.997576
0.997082
0.998456
0.996156
0.999804
0.977938
0.99588
1.00536
1.0029
1.00379
1.00261
1.00335
1.00321
1.00352
1.00336
1.00341
1.00329
1.00318
1.00297
1.00267
1.00239
1.00213
1.0019
1.00171
1.00144
1.0011
1.00077
1.00045
1.0001
0.999725
0.999332
0.998872
0.998685
0.998382
0.998077
0.997545
0.997456
0.997013
0.997438
0.996842
0.997946
0.99669
0.998642
0.995118
1.00005
0.980881
0.997031
1.00504
1.00244
1.00361
1.00238
1.00326
1.00289
1.00328
1.00303
1.00314
1.00296
1.00289
1.00269
1.00244
1.00218
1.00194
1.00172
1.00155
1.00129
1.00098
1.00067
1.00037
1.00004
0.999701
0.999358
0.998946
0.998779
0.998457
0.998253
0.997716
0.997753
0.997161
0.99771
0.996891
0.998087
0.996304
0.998647
0.994383
0.99993
0.984393
0.998129
1.00435
1.00212
1.00336
1.0022
1.0031
1.00257
1.00302
1.00271
1.00286
1.00265
1.00261
1.00242
1.00221
1.00197
1.00176
1.00156
1.00139
1.00115
1.00087
1.00058
1.00031
1.00001
0.999701
0.999404
0.999035
0.998883
0.998547
0.998421
0.997881
0.998008
0.997307
0.997926
0.996883
0.998146
0.996048
0.998591
0.994229
0.999442
0.98771
0.999006
1.00379
1.00198
1.00316
1.0021
1.00293
1.00235
1.00282
1.00248
1.00264
1.00242
1.00239
1.0022
1.00203
1.00181
1.00162
1.00143
1.00126
1.00103
1.00077
1.0005
1.00024
0.999977
0.999694
0.99943
0.999096
0.99895
0.998607
0.998532
0.997998
0.998176
0.997418
0.99806
0.99688
0.998172
0.996014
0.998467
0.994444
0.99894
0.990241
0.999574
1.00325
1.00189
1.0029
1.00199
1.00272
1.00216
1.00259
1.00225
1.00241
1.00218
1.00217
1.00199
1.00184
1.00165
1.00147
1.00129
1.00112
1.00092
1.00068
1.00044
1.0002
0.999959
0.999701
0.999466
0.999167
0.999028
0.998692
0.998649
0.998134
0.998337
0.997577
0.998208
0.99692
0.998244
0.996132
0.998375
0.995096
0.998479
0.992152
0.999971
1.00285
1.00185
1.00268
1.00194
1.00255
1.00204
1.00242
1.00209
1.00224
1.00202
1.002
1.00183
1.00171
1.00153
1.00136
1.00119
1.00103
1.00083
1.00061
1.00039
1.00017
0.999943
0.999705
0.999488
0.999214
0.999076
0.998752
0.998719
0.998233
0.998431
0.997703
0.998281
0.997073
0.998244
0.996425
0.998221
0.995643
0.998145
0.993478
1.00016
1.00249
1.0018
1.00244
1.00185
1.00234
1.00191
1.00221
1.00192
1.00204
1.00184
1.00182
1.00167
1.00155
1.00139
1.00124
1.00108
1.00092
1.00074
1.00054
1.00034
1.00014
0.999934
0.999717
0.99952
0.999275
0.999141
0.998841
0.998813
0.998368
0.998546
0.997876
0.998376
0.997318
0.998281
0.996766
0.998167
0.996216
0.997964
0.994487
1.00028
1.00226
1.00178
1.00226
1.0018
1.00219
1.00183
1.00207
1.00181
1.0019
1.00173
1.0017
1.00155
1.00144
1.0013
1.00116
1.001
1.00085
1.00068
1.00049
1.00031
1.00011
0.999923
0.99972
0.999534
0.999309
0.999172
0.998896
0.998856
0.998456
0.998595
0.997998
0.998408
0.997501
0.998273
0.997039
0.998117
0.996649
0.997888
0.995143
1.00028
1.00204
1.00172
1.00206
1.00171
1.002
1.00171
1.00189
1.00168
1.00174
1.00158
1.00154
1.00142
1.00131
1.00118
1.00105
1.00091
1.00077
1.00061
1.00044
1.00027
1.0001
0.99992
0.999737
0.999565
0.999365
0.999232
0.998986
0.998937
0.998587
0.998691
0.998178
0.998499
0.997757
0.998344
0.997383
0.99817
0.99711
0.997892
0.995693
1.00028
1.00191
1.00168
1.00193
1.00167
1.00188
1.00165
1.00178
1.0016
1.00163
1.0015
1.00145
1.00134
1.00124
1.00111
1.00099
1.00086
1.00072
1.00057
1.00041
1.00025
1.00008
0.999913
0.99974
0.999575
0.999391
0.999255
0.999034
0.998968
0.998665
0.998723
0.99829
0.998526
0.997918
0.99836
0.997598
0.998188
0.997389
0.997914
0.996007
1.00021
1.00175
1.00161
1.00176
1.00158
1.00171
1.00154
1.00162
1.00148
1.00149
1.00137
1.00132
1.00122
1.00112
1.00101
1.0009
1.00077
1.00064
1.00051
1.00036
1.00022
1.00007
0.999913
0.999756
0.999605
0.999441
0.99931
0.999119
0.999044
0.998789
0.998814
0.998461
0.998621
0.998148
0.998451
0.997891
0.998279
0.997739
0.998025
0.996365
1.00017
1.00168
1.00156
1.00168
1.00153
1.00164
1.0015
1.00154
1.00143
1.00142
1.00132
1.00126
1.00117
1.00107
1.00097
1.00086
1.00074
1.00061
1.00048
1.00034
1.0002
1.00006
0.99991
0.999761
0.999614
0.99946
0.999327
0.999157
0.999064
0.998849
0.998835
0.998544
0.998641
0.998255
0.998472
0.99802
0.998316
0.997882
0.998107
0.996501
1.00006
1.00152
1.00145
1.00151
1.00142
1.00147
1.00137
1.00138
1.00129
1.00127
1.00119
1.00113
1.00104
1.00096
1.00086
1.00076
1.00065
1.00054
1.00042
1.0003
1.00017
1.00004
0.999913
0.99978
0.999649
0.999513
0.999392
0.999245
0.999154
0.998978
0.998944
0.998718
0.998762
0.998485
0.998605
0.998302
0.99846
0.998197
0.998305
0.996807
)
;

boundaryField
{
    FrontBack
    {
        type            empty;
    }
    Cylinder
    {
        type            calculated;
        value           uniform 0;
    }
    Bottom
    {
        type            calculated;
        value           uniform 0;
    }
    Top
    {
        type            calculated;
        value           uniform 0;
    }
    Inlet
    {
        type            calculated;
        value           uniform 1;
    }
    Outlet
    {
        type            calculated;
        value           nonuniform List<scalar> 
40
(
1.00006
1.00152
1.00145
1.00151
1.00142
1.00147
1.00137
1.00138
1.00129
1.00127
1.00119
1.00113
1.00104
1.00096
1.00086
1.00076
1.00065
1.00054
1.00042
1.0003
1.00017
1.00004
0.999913
0.99978
0.999649
0.999513
0.999392
0.999245
0.999154
0.998978
0.998944
0.998718
0.998762
0.998485
0.998605
0.998302
0.99846
0.998197
0.998305
0.996807
)
;
    }
}


// ************************************************************************* //
