/*--------------------------------*- C++ -*----------------------------------*\
  =========                 |
  \\      /  F ield         | OpenFOAM: The Open Source CFD Toolbox
   \\    /   O peration     | Website:  https://openfoam.org
    \\  /    A nd           | Version:  11
     \\/     M anipulation  |
\*---------------------------------------------------------------------------*/
FoamFile
{
    format      ascii;
    class       volScalarField;
    location    "5";
    object      Ccy;
}
// * * * * * * * * * * * * * * * * * * * * * * * * * * * * * * * * * * * * * //

dimensions      [0 1 0 0 0 0 0];

internalField   nonuniform List<scalar> 
9600
(
-7.3698393
-7.3698393
-7.3698393
-7.3698393
-7.3698393
-7.3698393
-7.3698393
-7.3698393
-7.3698393
-7.3698393
-7.3698393
-7.3698393
-7.3698393
-7.3698393
-7.3698393
-7.3698393
-7.3698393
-7.3698393
-7.3698393
-7.3698393
-7.3698393
-7.3698393
-7.3698393
-7.3698393
-7.3698393
-7.3698393
-7.3698393
-7.3698393
-7.3698393
-7.3698393
-7.3698393
-7.3698393
-7.3698393
-7.3698393
-7.3698393
-7.3698393
-7.3698393
-7.3698393
-7.3698393
-7.3698393
-7.1085385
-7.1085385
-7.1085385
-7.1085385
-7.1085385
-7.1085385
-7.1085385
-7.1085385
-7.1085385
-7.1085385
-7.1085385
-7.1085385
-7.1085385
-7.1085385
-7.1085385
-7.1085385
-7.1085385
-7.1085385
-7.1085385
-7.1085385
-7.1085385
-7.1085385
-7.1085385
-7.1085385
-7.1085385
-7.1085385
-7.1085385
-7.1085385
-7.1085385
-7.1085385
-7.1085385
-7.1085385
-7.1085385
-7.1085385
-7.1085385
-7.1085385
-7.1085385
-7.1085385
-7.1085385
-7.1085385
-6.8472382
-6.8472382
-6.8472382
-6.8472382
-6.8472382
-6.8472382
-6.8472382
-6.8472382
-6.8472382
-6.8472382
-6.8472382
-6.8472382
-6.8472382
-6.8472382
-6.8472382
-6.8472382
-6.8472382
-6.8472382
-6.8472382
-6.8472382
-6.8472382
-6.8472382
-6.8472382
-6.8472382
-6.8472382
-6.8472382
-6.8472382
-6.8472382
-6.8472382
-6.8472382
-6.8472382
-6.8472382
-6.8472382
-6.8472382
-6.8472382
-6.8472382
-6.8472382
-6.8472382
-6.8472382
-6.8472382
-6.5859384
-6.5859384
-6.5859384
-6.5859384
-6.5859384
-6.5859384
-6.5859384
-6.5859384
-6.5859384
-6.5859384
-6.5859384
-6.5859384
-6.5859384
-6.5859384
-6.5859384
-6.5859384
-6.5859384
-6.5859384
-6.5859384
-6.5859384
-6.5859384
-6.5859384
-6.5859384
-6.5859384
-6.5859384
-6.5859384
-6.5859384
-6.5859384
-6.5859384
-6.5859384
-6.5859384
-6.5859384
-6.5859384
-6.5859384
-6.5859384
-6.5859384
-6.5859384
-6.5859384
-6.5859384
-6.5859384
-6.3246394
-6.3246394
-6.3246394
-6.3246394
-6.3246394
-6.3246394
-6.3246394
-6.3246394
-6.3246394
-6.3246394
-6.3246394
-6.3246394
-6.3246394
-6.3246394
-6.3246394
-6.3246394
-6.3246394
-6.3246394
-6.3246394
-6.3246394
-6.3246394
-6.3246394
-6.3246394
-6.3246394
-6.3246394
-6.3246394
-6.3246394
-6.3246394
-6.3246394
-6.3246394
-6.3246394
-6.3246394
-6.3246394
-6.3246394
-6.3246394
-6.3246394
-6.3246394
-6.3246394
-6.3246394
-6.3246394
-6.063341
-6.063341
-6.063341
-6.063341
-6.063341
-6.063341
-6.063341
-6.063341
-6.063341
-6.063341
-6.063341
-6.063341
-6.063341
-6.063341
-6.063341
-6.063341
-6.063341
-6.063341
-6.063341
-6.063341
-6.063341
-6.063341
-6.063341
-6.063341
-6.063341
-6.063341
-6.063341
-6.063341
-6.063341
-6.063341
-6.063341
-6.063341
-6.063341
-6.063341
-6.063341
-6.063341
-6.063341
-6.063341
-6.063341
-6.063341
-5.8020434
-5.8020434
-5.8020434
-5.8020434
-5.8020434
-5.8020434
-5.8020434
-5.8020434
-5.8020434
-5.8020434
-5.8020434
-5.8020434
-5.8020434
-5.8020434
-5.8020434
-5.8020434
-5.8020434
-5.8020434
-5.8020434
-5.8020434
-5.8020434
-5.8020434
-5.8020434
-5.8020434
-5.8020434
-5.8020434
-5.8020434
-5.8020434
-5.8020434
-5.8020434
-5.8020434
-5.8020434
-5.8020434
-5.8020434
-5.8020434
-5.8020434
-5.8020434
-5.8020434
-5.8020434
-5.8020434
-5.5407465
-5.5407465
-5.5407465
-5.5407465
-5.5407465
-5.5407465
-5.5407465
-5.5407465
-5.5407465
-5.5407465
-5.5407465
-5.5407465
-5.5407465
-5.5407465
-5.5407465
-5.5407465
-5.5407465
-5.5407465
-5.5407465
-5.5407465
-5.5407465
-5.5407465
-5.5407465
-5.5407465
-5.5407465
-5.5407465
-5.5407465
-5.5407465
-5.5407465
-5.5407465
-5.5407465
-5.5407465
-5.5407465
-5.5407465
-5.5407465
-5.5407465
-5.5407465
-5.5407465
-5.5407465
-5.5407465
-5.2794505
-5.2794505
-5.2794505
-5.2794505
-5.2794505
-5.2794505
-5.2794505
-5.2794505
-5.2794505
-5.2794505
-5.2794505
-5.2794505
-5.2794505
-5.2794505
-5.2794505
-5.2794505
-5.2794505
-5.2794505
-5.2794505
-5.2794505
-5.2794505
-5.2794505
-5.2794505
-5.2794505
-5.2794505
-5.2794505
-5.2794505
-5.2794505
-5.2794505
-5.2794505
-5.2794505
-5.2794505
-5.2794505
-5.2794505
-5.2794505
-5.2794505
-5.2794505
-5.2794505
-5.2794505
-5.2794505
-5.0181555
-5.0181555
-5.0181555
-5.0181555
-5.0181555
-5.0181555
-5.0181555
-5.0181555
-5.0181555
-5.0181555
-5.0181555
-5.0181555
-5.0181555
-5.0181555
-5.0181555
-5.0181555
-5.0181555
-5.0181555
-5.0181555
-5.0181555
-5.0181555
-5.0181555
-5.0181555
-5.0181555
-5.0181555
-5.0181555
-5.0181555
-5.0181555
-5.0181555
-5.0181555
-5.0181555
-5.0181555
-5.0181555
-5.0181555
-5.0181555
-5.0181555
-5.0181555
-5.0181555
-5.0181555
-5.0181555
-4.7568614
-4.7568614
-4.7568614
-4.7568614
-4.7568614
-4.7568614
-4.7568614
-4.7568614
-4.7568614
-4.7568614
-4.7568614
-4.7568614
-4.7568614
-4.7568614
-4.7568614
-4.7568614
-4.7568614
-4.7568614
-4.7568614
-4.7568614
-4.7568614
-4.7568614
-4.7568614
-4.7568614
-4.7568614
-4.7568614
-4.7568614
-4.7568614
-4.7568614
-4.7568614
-4.7568614
-4.7568614
-4.7568614
-4.7568614
-4.7568614
-4.7568614
-4.7568614
-4.7568614
-4.7568614
-4.7568614
-4.4955685
-4.4955685
-4.4955685
-4.4955685
-4.4955685
-4.4955685
-4.4955685
-4.4955685
-4.4955685
-4.4955685
-4.4955685
-4.4955685
-4.4955685
-4.4955685
-4.4955685
-4.4955685
-4.4955685
-4.4955685
-4.4955685
-4.4955685
-4.4955685
-4.4955685
-4.4955685
-4.4955685
-4.4955685
-4.4955685
-4.4955685
-4.4955685
-4.4955685
-4.4955685
-4.4955685
-4.4955685
-4.4955685
-4.4955685
-4.4955685
-4.4955685
-4.4955685
-4.4955685
-4.4955685
-4.4955685
-4.2342768
-4.2342768
-4.2342768
-4.2342768
-4.2342768
-4.2342768
-4.2342768
-4.2342768
-4.2342768
-4.2342768
-4.2342768
-4.2342768
-4.2342768
-4.2342768
-4.2342768
-4.2342768
-4.2342768
-4.2342768
-4.2342768
-4.2342768
-4.2342768
-4.2342768
-4.2342768
-4.2342768
-4.2342768
-4.2342768
-4.2342768
-4.2342768
-4.2342768
-4.2342768
-4.2342768
-4.2342768
-4.2342768
-4.2342768
-4.2342768
-4.2342768
-4.2342768
-4.2342768
-4.2342768
-4.2342768
-3.9729864
-3.9729864
-3.9729864
-3.9729864
-3.9729864
-3.9729864
-3.9729864
-3.9729864
-3.9729864
-3.9729864
-3.9729864
-3.9729864
-3.9729864
-3.9729864
-3.9729864
-3.9729864
-3.9729864
-3.9729864
-3.9729864
-3.9729864
-3.9729864
-3.9729864
-3.9729864
-3.9729864
-3.9729864
-3.9729864
-3.9729864
-3.9729864
-3.9729864
-3.9729864
-3.9729864
-3.9729864
-3.9729864
-3.9729864
-3.9729864
-3.9729864
-3.9729864
-3.9729864
-3.9729864
-3.9729864
-3.7116975
-3.7116975
-3.7116975
-3.7116975
-3.7116975
-3.7116975
-3.7116975
-3.7116975
-3.7116975
-3.7116975
-3.7116975
-3.7116975
-3.7116975
-3.7116975
-3.7116975
-3.7116975
-3.7116975
-3.7116975
-3.7116975
-3.7116975
-3.7116975
-3.7116975
-3.7116975
-3.7116975
-3.7116975
-3.7116975
-3.7116975
-3.7116975
-3.7116975
-3.7116975
-3.7116975
-3.7116975
-3.7116975
-3.7116975
-3.7116975
-3.7116975
-3.7116975
-3.7116975
-3.7116975
-3.7116975
-3.4504102
-3.4504102
-3.4504102
-3.4504102
-3.4504102
-3.4504102
-3.4504102
-3.4504102
-3.4504102
-3.4504102
-3.4504102
-3.4504102
-3.4504102
-3.4504102
-3.4504102
-3.4504102
-3.4504102
-3.4504102
-3.4504102
-3.4504102
-3.4504102
-3.4504102
-3.4504102
-3.4504102
-3.4504102
-3.4504102
-3.4504102
-3.4504102
-3.4504102
-3.4504102
-3.4504102
-3.4504102
-3.4504102
-3.4504102
-3.4504102
-3.4504102
-3.4504102
-3.4504102
-3.4504102
-3.4504102
-3.1891248
-3.1891248
-3.1891248
-3.1891248
-3.1891248
-3.1891248
-3.1891248
-3.1891248
-3.1891248
-3.1891248
-3.1891248
-3.1891248
-3.1891248
-3.1891248
-3.1891248
-3.1891248
-3.1891248
-3.1891248
-3.1891248
-3.1891248
-3.1891248
-3.1891248
-3.1891248
-3.1891248
-3.1891248
-3.1891248
-3.1891248
-3.1891248
-3.1891248
-3.1891248
-3.1891248
-3.1891248
-3.1891248
-3.1891248
-3.1891248
-3.1891248
-3.1891248
-3.1891248
-3.1891248
-3.1891248
-2.9278414
-2.9278414
-2.9278414
-2.9278414
-2.9278414
-2.9278414
-2.9278414
-2.9278414
-2.9278414
-2.9278414
-2.9278414
-2.9278414
-2.9278414
-2.9278414
-2.9278414
-2.9278414
-2.9278414
-2.9278414
-2.9278414
-2.9278414
-2.9278414
-2.9278414
-2.9278414
-2.9278414
-2.9278414
-2.9278414
-2.9278414
-2.9278414
-2.9278414
-2.9278414
-2.9278414
-2.9278414
-2.9278414
-2.9278414
-2.9278414
-2.9278414
-2.9278414
-2.9278414
-2.9278414
-2.9278414
-2.6665601
-2.6665601
-2.6665601
-2.6665601
-2.6665601
-2.6665601
-2.6665601
-2.6665601
-2.6665601
-2.6665601
-2.6665601
-2.6665601
-2.6665601
-2.6665601
-2.6665601
-2.6665601
-2.6665601
-2.6665601
-2.6665601
-2.6665601
-2.6665601
-2.6665601
-2.6665601
-2.6665601
-2.6665601
-2.6665601
-2.6665601
-2.6665601
-2.6665601
-2.6665601
-2.6665601
-2.6665601
-2.6665601
-2.6665601
-2.6665601
-2.6665601
-2.6665601
-2.6665601
-2.6665601
-2.6665601
-2.4052814
-2.4052814
-2.4052814
-2.4052814
-2.4052814
-2.4052814
-2.4052814
-2.4052814
-2.4052814
-2.4052814
-2.4052814
-2.4052814
-2.4052814
-2.4052814
-2.4052814
-2.4052814
-2.4052814
-2.4052814
-2.4052814
-2.4052814
-2.4052814
-2.4052814
-2.4052814
-2.4052814
-2.4052814
-2.4052814
-2.4052814
-2.4052814
-2.4052814
-2.4052814
-2.4052814
-2.4052814
-2.4052814
-2.4052814
-2.4052814
-2.4052814
-2.4052814
-2.4052814
-2.4052814
-2.4052814
-2.1440054
-2.1440054
-2.1440054
-2.1440054
-2.1440054
-2.1440054
-2.1440054
-2.1440054
-2.1440054
-2.1440054
-2.1440054
-2.1440054
-2.1440054
-2.1440054
-2.1440054
-2.1440054
-2.1440054
-2.1440054
-2.1440054
-2.1440054
-2.1440054
-2.1440054
-2.1440054
-2.1440054
-2.1440054
-2.1440054
-2.1440054
-2.1440054
-2.1440054
-2.1440054
-2.1440054
-2.1440054
-2.1440054
-2.1440054
-2.1440054
-2.1440054
-2.1440054
-2.1440054
-2.1440054
-2.1440054
-1.8827327
-1.8827327
-1.8827327
-1.8827327
-1.8827327
-1.8827327
-1.8827327
-1.8827327
-1.8827327
-1.8827327
-1.8827327
-1.8827327
-1.8827327
-1.8827327
-1.8827327
-1.8827327
-1.8827327
-1.8827327
-1.8827327
-1.8827327
-1.8827327
-1.8827327
-1.8827327
-1.8827327
-1.8827327
-1.8827327
-1.8827327
-1.8827327
-1.8827327
-1.8827327
-1.8827327
-1.8827327
-1.8827327
-1.8827327
-1.8827327
-1.8827327
-1.8827327
-1.8827327
-1.8827327
-1.8827327
-1.6214635
-1.6214635
-1.6214635
-1.6214635
-1.6214635
-1.6214635
-1.6214635
-1.6214635
-1.6214635
-1.6214635
-1.6214635
-1.6214635
-1.6214635
-1.6214635
-1.6214635
-1.6214635
-1.6214635
-1.6214635
-1.6214635
-1.6214635
-1.6214635
-1.6214635
-1.6214635
-1.6214635
-1.6214635
-1.6214635
-1.6214635
-1.6214635
-1.6214635
-1.6214635
-1.6214635
-1.6214635
-1.6214635
-1.6214635
-1.6214635
-1.6214635
-1.6214635
-1.6214635
-1.6214635
-1.6214635
-1.3601985
-1.3601985
-1.3601985
-1.3601985
-1.3601985
-1.3601985
-1.3601985
-1.3601985
-1.3601985
-1.3601985
-1.3601985
-1.3601985
-1.3601985
-1.3601985
-1.3601985
-1.3601985
-1.3601985
-1.3601985
-1.3601985
-1.3601985
-1.3601985
-1.3601985
-1.3601985
-1.3601985
-1.3601985
-1.3601985
-1.3601985
-1.3601985
-1.3601985
-1.3601985
-1.3601985
-1.3601985
-1.3601985
-1.3601985
-1.3601985
-1.3601985
-1.3601985
-1.3601985
-1.3601985
-1.3601985
-1.0989382
-1.0989382
-1.0989382
-1.0989382
-1.0989382
-1.0989382
-1.0989382
-1.0989382
-1.0989382
-1.0989382
-1.0989382
-1.0989382
-1.0989382
-1.0989382
-1.0989382
-1.0989382
-1.0989382
-1.0989382
-1.0989382
-1.0989382
-1.0989382
-1.0989382
-1.0989382
-1.0989382
-1.0989382
-1.0989382
-1.0989382
-1.0989382
-1.0989382
-1.0989382
-1.0989382
-1.0989382
-1.0989382
-1.0989382
-1.0989382
-1.0989382
-1.0989382
-1.0989382
-1.0989382
-1.0989382
-0.83768349
-0.83768349
-0.83768349
-0.83768349
-0.83768349
-0.83768349
-0.83768349
-0.83768349
-0.83768349
-0.83768349
-0.83768349
-0.83768349
-0.83768349
-0.83768349
-0.83768349
-0.83768349
-0.83768349
-0.83768349
-0.83768349
-0.83768349
-0.83768349
-0.83768349
-0.83768349
-0.83768349
-0.83768349
-0.83768349
-0.83768349
-0.83768349
-0.83768349
-0.83768349
-0.83768349
-0.83768349
-0.83768349
-0.83768349
-0.83768349
-0.83768349
-0.83768349
-0.83768349
-0.83768349
-0.83768349
-0.57643516
-0.57643516
-0.57643516
-0.57643516
-0.57643516
-0.57643516
-0.57643516
-0.57643516
-0.57643516
-0.57643516
-0.57643516
-0.57643516
-0.57643516
-0.57643516
-0.57643516
-0.57643516
-0.57643516
-0.57643516
-0.57643516
-0.57643516
-0.57643516
-0.57643516
-0.57643516
-0.57643516
-0.57643516
-0.57643516
-0.57643516
-0.57643516
-0.57643516
-0.57643516
-0.57643516
-0.57643516
-0.57643516
-0.57643516
-0.57643516
-0.57643516
-0.57643516
-0.57643516
-0.57643516
-0.57643516
-0.31519439
-0.31519439
-0.31519439
-0.31519439
-0.31519439
-0.31519439
-0.31519439
-0.31519439
-0.31519439
-0.31519439
-0.31519439
-0.31519439
-0.31519439
-0.31519439
-0.31519439
-0.31519439
-0.31519439
-0.31519439
-0.31519439
-0.31519439
-0.31519439
-0.31519439
-0.31519439
-0.31519439
-0.31519439
-0.31519439
-0.31519439
-0.31519439
-0.31519439
-0.31519439
-0.31519439
-0.31519439
-0.31519439
-0.31519439
-0.31519439
-0.31519439
-0.31519439
-0.31519439
-0.31519439
-0.31519439
-0.053962599
-0.053962599
-0.053962599
-0.053962599
-0.053962599
-0.053962599
-0.053962599
-0.053962599
-0.053962599
-0.053962599
-0.053962599
-0.053962599
-0.053962599
-0.053962599
-0.053962599
-0.053962599
-0.053962599
-0.053962599
-0.053962599
-0.053962599
-0.053962599
-0.053962599
-0.053962599
-0.053962599
-0.053962599
-0.053962599
-0.053962599
-0.053962599
-0.053962599
-0.053962599
-0.053962599
-0.053962599
-0.053962599
-0.053962599
-0.053962599
-0.053962599
-0.053962599
-0.053962599
-0.053962599
-0.053962599
0.2072584
0.2072584
0.2072584
0.2072584
0.2072584
0.2072584
0.2072584
0.2072584
0.2072584
0.2072584
0.2072584
0.2072584
0.2072584
0.2072584
0.2072584
0.2072584
0.2072584
0.2072584
0.2072584
0.2072584
0.2072584
0.2072584
0.2072584
0.2072584
0.2072584
0.2072584
0.2072584
0.2072584
0.2072584
0.2072584
0.2072584
0.2072584
0.2072584
0.2072584
0.2072584
0.2072584
0.2072584
0.2072584
0.2072584
0.2072584
0.4684663
0.4684663
0.4684663
0.4684663
0.4684663
0.4684663
0.4684663
0.4684663
0.4684663
0.4684663
0.4684663
0.4684663
0.4684663
0.4684663
0.4684663
0.4684663
0.4684663
0.4684663
0.4684663
0.4684663
0.4684663
0.4684663
0.4684663
0.4684663
0.4684663
0.4684663
0.4684663
0.4684663
0.4684663
0.4684663
0.4684663
0.4684663
0.4684663
0.4684663
0.4684663
0.4684663
0.4684663
0.4684663
0.4684663
0.4684663
0.72965805
0.72965805
0.72965805
0.72965805
0.72965805
0.72965805
0.72965805
0.72965805
0.72965805
0.72965805
0.72965805
0.72965805
0.72965805
0.72965805
0.72965805
0.72965805
0.72965805
0.72965805
0.72965805
0.72965805
0.72965805
0.72965805
0.72965805
0.72965805
0.72965805
0.72965805
0.72965805
0.72965805
0.72965805
0.72965805
0.72965805
0.72965805
0.72965805
0.72965805
0.72965805
0.72965805
0.72965805
0.72965805
0.72965805
0.72965805
0.9908296
0.9908296
0.9908296
0.9908296
0.9908296
0.9908296
0.9908296
0.9908296
0.9908296
0.9908296
0.9908296
0.9908296
0.9908296
0.9908296
0.9908296
0.9908296
0.9908296
0.9908296
0.9908296
0.9908296
0.9908296
0.9908296
0.9908296
0.9908296
0.9908296
0.9908296
0.9908296
0.9908296
0.9908296
0.9908296
0.9908296
0.9908296
0.9908296
0.9908296
0.9908296
0.9908296
0.9908296
0.9908296
0.9908296
0.9908296
1.2519754
1.2519754
1.2519754
1.2519754
1.2519754
1.2519754
1.2519754
1.2519754
1.2519754
1.2519754
1.2519754
1.2519754
1.2519754
1.2519754
1.2519754
1.2519754
1.2519754
1.2519754
1.2519754
1.2519754
1.2519754
1.2519754
1.2519754
1.2519754
1.2519754
1.2519754
1.2519754
1.2519754
1.2519754
1.2519754
1.2519754
1.2519754
1.2519754
1.2519754
1.2519754
1.2519754
1.2519754
1.2519754
1.2519754
1.2519754
1.5130877
1.5130877
1.5130877
1.5130877
1.5130877
1.5130877
1.5130877
1.5130877
1.5130877
1.5130877
1.5130877
1.5130877
1.5130877
1.5130877
1.5130877
1.5130877
1.5130877
1.5130877
1.5130877
1.5130877
1.5130877
1.5130877
1.5130877
1.5130877
1.5130877
1.5130877
1.5130877
1.5130877
1.5130877
1.5130877
1.5130877
1.5130877
1.5130877
1.5130877
1.5130877
1.5130877
1.5130877
1.5130877
1.5130877
1.5130877
1.7741553
1.7741553
1.7741553
1.7741553
1.7741553
1.7741553
1.7741553
1.7741553
1.7741553
1.7741553
1.7741553
1.7741553
1.7741553
1.7741553
1.7741553
1.7741553
1.7741553
1.7741553
1.7741553
1.7741553
1.7741553
1.7741553
1.7741553
1.7741553
1.7741553
1.7741553
1.7741553
1.7741553
1.7741553
1.7741553
1.7741553
1.7741553
1.7741553
1.7741553
1.7741553
1.7741553
1.7741553
1.7741553
1.7741553
1.7741553
2.0351613
2.0351613
2.0351613
2.0351613
2.0351613
2.0351613
2.0351613
2.0351613
2.0351613
2.0351613
2.0351613
2.0351613
2.0351613
2.0351613
2.0351613
2.0351613
2.0351613
2.0351613
2.0351613
2.0351613
2.0351613
2.0351613
2.0351613
2.0351613
2.0351613
2.0351613
2.0351613
2.0351613
2.0351613
2.0351613
2.0351613
2.0351613
2.0351613
2.0351613
2.0351613
2.0351613
2.0351613
2.0351613
2.0351613
2.0351613
2.296079
2.296079
2.296079
2.296079
2.296079
2.296079
2.296079
2.296079
2.296079
2.296079
2.296079
2.296079
2.296079
2.296079
2.296079
2.296079
2.296079
2.296079
2.296079
2.296079
2.296079
2.296079
2.296079
2.296079
2.296079
2.296079
2.296079
2.296079
2.296079
2.296079
2.296079
2.296079
2.296079
2.296079
2.296079
2.296079
2.296079
2.296079
2.296079
2.296079
2.5568638
2.5568638
2.5568638
2.5568638
2.5568638
2.5568638
2.5568638
2.5568638
2.5568638
2.5568638
2.5568638
2.5568638
2.5568638
2.5568638
2.5568638
2.5568638
2.5568638
2.5568638
2.5568638
2.5568638
2.5568638
2.5568638
2.5568638
2.5568638
2.5568638
2.5568638
2.5568638
2.5568638
2.5568638
2.5568638
2.5568638
2.5568638
2.5568638
2.5568638
2.5568638
2.5568638
2.5568638
2.5568638
2.5568638
2.5568638
2.8174353
2.8174353
2.8174353
2.8174353
2.8174353
2.8174353
2.8174353
2.8174353
2.8174353
2.8174353
2.8174353
2.8174353
2.8174353
2.8174353
2.8174353
2.8174353
2.8174353
2.8174353
2.8174353
2.8174353
2.8174353
2.8174353
2.8174353
2.8174353
2.8174353
2.8174353
2.8174353
2.8174353
2.8174353
2.8174353
2.8174353
2.8174353
2.8174353
2.8174353
2.8174353
2.8174353
2.8174353
2.8174353
2.8174353
2.8174353
-7.1845368
-6.8138946
-6.4432524
-6.0726102
-5.7019679
-5.3313257
-4.9606835
-4.5900413
-4.2193991
-3.8487569
-3.4781147
-3.1074724
-2.7368302
-2.366188
-1.9955458
-1.6249036
-1.2542614
-0.88361915
-0.51297694
-0.14233472
0.22830749
0.59894971
0.96959192
1.3402341
1.7108764
2.0815186
2.4521608
2.822803
3.1934452
3.5640874
3.9347296
4.3053719
4.6760141
5.0466563
5.4172985
5.7879407
6.1585829
6.5292251
6.8998674
7.2705096
-6.9276116
-6.565719
-6.2038264
-5.8419337
-5.4800411
-5.1181485
-4.7562558
-4.3943632
-4.0324706
-3.6705779
-3.3086853
-2.9467927
-2.5849
-2.2230074
-1.8611148
-1.4992222
-1.1373295
-0.77543691
-0.41354428
-0.051651647
0.31024098
0.67213361
1.0340263
1.3959189
1.7578115
2.1197042
2.4815968
2.8434894
3.205382
3.5672747
3.9291673
4.2910599
4.6529526
5.0148452
5.3767378
5.7386305
6.1005231
6.4624157
6.8243084
7.186201
-6.670687
-6.317544
-5.9644009
-5.6112578
-5.2581148
-4.9049717
-4.5518286
-4.1986856
-3.8455425
-3.4923994
-3.1392564
-2.7861133
-2.4329702
-2.0798272
-1.7266841
-1.373541
-1.020398
-0.66725492
-0.31411185
0.039031216
0.39217428
0.74531735
1.0984604
1.4516035
1.8047466
2.1578896
2.5110327
2.8641758
3.2173189
3.5704619
3.923605
4.2767481
4.6298911
4.9830342
5.3361773
5.6893203
6.0424634
6.3956065
6.7487495
7.1018926
-6.4137631
-6.0693696
-5.7249761
-5.3805825
-5.036189
-4.6917955
-4.347402
-4.0030084
-3.6586149
-3.3142214
-2.9698279
-2.6254343
-2.2810408
-1.9366473
-1.5922538
-1.2478602
-0.90346672
-0.55907321
-0.21467968
0.12971385
0.47410737
0.81850091
1.1628945
1.507288
1.8516815
2.196075
2.5404686
2.8848621
3.2292556
3.5736492
3.9180427
4.2624362
4.6068297
4.9512233
5.2956168
5.6400103
5.9844038
6.3287974
6.6731909
7.0175844
-6.1568399
-5.8211959
-5.4855519
-5.1499079
-4.8142639
-4.4786199
-4.1429759
-3.8073318
-3.4716878
-3.1360438
-2.8003998
-2.4647558
-2.1291118
-1.7934678
-1.4578238
-1.1221798
-0.78653578
-0.45089178
-0.11524777
0.22039624
0.55604025
0.89168428
1.2273283
1.5629723
1.8986163
2.2342603
2.5699043
2.9055484
3.2411924
3.5768364
3.9124804
4.2481244
4.5837684
4.9194124
5.2550564
5.5907004
5.9263444
6.2619885
6.5976325
6.9332765
-5.8999175
-5.573023
-5.2461285
-4.9192339
-4.5923394
-4.2654449
-3.9385504
-3.6116559
-3.2847614
-2.9578668
-2.6309723
-2.3040778
-1.9771833
-1.6502888
-1.3233942
-0.99649972
-0.6696052
-0.34271068
-0.015816162
0.31107836
0.63797288
0.96486739
1.2917619
1.6186564
1.9455509
2.2724455
2.59934
2.9262345
3.253129
3.5800235
3.9069181
4.2338126
4.5607071
4.8876016
5.2144961
5.5413907
5.8682852
6.1951797
6.5220742
6.8489687
-5.6429959
-5.3248509
-5.0067058
-4.6885608
-4.3704157
-4.0522706
-3.7341256
-3.4159805
-3.0978355
-2.7796904
-2.4615454
-2.1434003
-1.8252553
-1.5071102
-1.1889651
-0.87082005
-0.55267498
-0.23452993
0.083615126
0.40176018
0.71990524
1.0380503
1.3561953
1.6743404
1.9924854
2.3106305
2.6287755
2.9469206
3.2650656
3.5832107
3.9013557
4.2195008
4.5376459
4.8557909
5.173936
5.492081
5.8102261
6.1283711
6.4465162
6.7646613
-5.3860752
-5.0766796
-4.7672839
-4.4578883
-4.1484927
-3.8390971
-3.5297014
-3.2203058
-2.9109102
-2.6015146
-2.2921189
-1.9827233
-1.6733277
-1.3639321
-1.0545364
-0.7451408
-0.43574518
-0.12634955
0.18304607
0.49244169
0.80183732
1.1112329
1.4206285
1.7300242
2.0394198
2.3488154
2.658211
2.9676066
3.2770023
3.5863979
3.8957935
4.2051891
4.5145848
4.8239804
5.133376
5.4427716
5.7521672
6.0615629
6.3709585
6.6803541
-5.1291554
-4.8285092
-4.527863
-4.2272167
-3.9265705
-3.6259243
-3.3252781
-3.0246318
-2.7239856
-2.4233394
-2.1226932
-1.8220469
-1.5214007
-1.2207545
-0.92010827
-0.61946203
-0.31881581
-0.018169584
0.28247664
0.58312286
0.88376908
1.1844153
1.4850615
1.7857077
2.086354
2.3870002
2.6876464
2.9882926
3.2889388
3.5895851
3.8902313
4.1908775
4.4915237
4.79217
5.0928162
5.3934624
5.6941086
5.9947549
6.2954011
6.5960473
-4.8722367
-4.5803398
-4.288443
-3.9965461
-3.7046492
-3.4127524
-3.1208555
-2.8289587
-2.5370618
-2.245165
-1.9532681
-1.6613712
-1.3694744
-1.0775775
-0.78568064
-0.49378378
-0.20188692
0.09000994
0.3819068
0.67380366
0.96570051
1.2575974
1.5494942
1.8413911
2.1332879
2.4251848
2.7170817
3.0089785
3.3008754
3.5927722
3.8846691
4.176566
4.4684628
4.7603597
5.0522565
5.3441534
5.6360503
5.9279471
6.219844
6.5117408
-4.6153191
-4.3321716
-4.0490241
-3.7658765
-3.482729
-3.1995814
-2.9164339
-2.6332864
-2.3501388
-2.0669913
-1.7838438
-1.5006962
-1.2175487
-0.93440117
-0.65125363
-0.36810609
-0.084958558
0.19818898
0.48133651
0.76448405
1.0476316
1.3307791
1.6139266
1.8970742
2.1802217
2.4633693
2.7465168
3.0296643
3.3128119
3.5959594
3.8791069
4.1622545
4.445402
4.7285495
5.0116971
5.2948446
5.5779921
5.8611397
6.1442872
6.4274347
-4.3584028
-4.0840046
-3.8096063
-3.5352081
-3.2608098
-2.9864116
-2.7120133
-2.4376151
-2.1632168
-1.8888185
-1.6144203
-1.340022
-1.0656238
-0.79122553
-0.51682728
-0.24242903
0.031969228
0.30636748
0.58076573
0.85516399
1.1295622
1.4039605
1.6783588
1.952757
2.2271553
2.5015535
2.7759518
3.05035
3.3247483
3.5991465
3.8735448
4.147943
4.4223413
4.6967395
4.9711378
5.2455361
5.5199343
5.7943326
6.0687308
6.3431291
-4.1014879
-3.8358389
-3.5701899
-3.3045409
-3.0388918
-2.7732428
-2.5075938
-2.2419448
-1.9762958
-1.7106467
-1.4449977
-1.1793487
-0.9136997
-0.64805068
-0.38240166
-0.11675264
0.14889638
0.4145454
0.68019442
0.94584345
1.2114925
1.4771415
1.7427905
2.0084395
2.2740886
2.5397376
2.8053866
3.0710356
3.3366846
3.6023337
3.8679827
4.1336317
4.3992807
4.6649297
4.9305787
5.1962278
5.4618768
5.7275258
5.9931748
6.2588238
-3.8445745
-3.5876747
-3.3307749
-3.073875
-2.8169752
-2.5600754
-2.3031755
-2.0462757
-1.7893758
-1.532476
-1.2755762
-1.0186763
-0.76177652
-0.50487668
-0.24797684
0.008923
0.26582284
0.52272267
0.77962251
1.0365224
1.2934222
1.550322
1.8072219
2.0641217
2.3210216
2.5779214
2.8348212
3.0917211
3.3486209
3.6055208
3.8624206
4.1193204
4.3762203
4.6331201
4.8900199
5.1469198
5.4038196
5.6607195
5.9176193
6.1745191
-3.5876629
-3.3395122
-3.0913614
-2.8432107
-2.59506
-2.3469093
-2.0987586
-1.8506079
-1.6024572
-1.3543064
-1.1061557
-0.85800503
-0.60985433
-0.36170362
-0.1135529
0.13459781
0.38274853
0.63089924
0.87904996
1.1272007
1.3753514
1.6235021
1.8716528
2.1198036
2.3679543
2.616105
2.8642557
3.1124064
3.3605571
3.6087078
3.8568585
4.1050093
4.35316
4.6013107
4.8494614
5.0976121
5.3457628
5.5939135
5.8420643
6.090215
-3.3307531
-3.0913514
-2.8519498
-2.6125481
-2.3731464
-2.1337448
-1.8943431
-1.6549415
-1.4155398
-1.1761382
-0.93673655
-0.69733491
-0.45793326
-0.2185316
0.02087005
0.2602717
0.49967336
0.73907501
0.97847668
1.2178784
1.45728
1.6966817
1.9360833
2.175485
2.4148866
2.6542883
2.8936899
3.1330916
3.3724932
3.6118949
3.8512965
4.0906982
4.3300999
4.5695015
4.8089032
5.0483048
5.2877065
5.5271081
5.7665098
6.0059114
-3.0738454
-2.8431927
-2.6125401
-2.3818874
-2.1512347
-1.9205821
-1.6899294
-1.4592768
-1.2286241
-0.99797142
-0.76731875
-0.53666609
-0.30601343
-0.075360761
0.1552919
0.38594457
0.61659723
0.84724988
1.0779025
1.3085552
1.5392079
1.7698606
2.0005132
2.2311659
2.4618185
2.6924712
2.9231239
3.1537765
3.3844292
3.6150819
3.8457345
4.0763872
4.3070399
4.5376925
4.7683452
4.9989979
5.2296505
5.4603032
5.6909559
5.9216085
-2.8169401
-2.5950363
-2.3731326
-2.1512288
-1.9293251
-1.7074213
-1.4855176
-1.2636138
-1.04171
-0.81980626
-0.59790249
-0.37599874
-0.15409498
0.067808776
0.28971253
0.51161629
0.73352004
0.95542378
1.1773275
1.3992313
1.621135
1.8430388
2.0649425
2.2868463
2.50875
2.7306538
2.9525576
3.1744613
3.3963651
3.6182688
3.8401726
4.0620763
4.2839801
4.5058838
4.7277876
4.9496914
5.1715951
5.3934989
5.6154026
5.8373064
-2.5600374
-2.3468824
-2.1337275
-1.9205726
-1.7074176
-1.4942627
-1.2811077
-1.0679528
-0.85479785
-0.6416429
-0.42848796
-0.21533303
-0.0021780901
0.21097685
0.42413178
0.63728672
0.85044165
1.0635966
1.2767515
1.4899064
1.7030614
1.9162163
2.1293712
2.3425262
2.5556811
2.768836
2.981991
3.1951459
3.4083009
3.6214558
3.8346107
4.0477657
4.2609206
4.4740755
4.6872305
4.9003854
5.1135404
5.3266953
5.5398502
5.7530052
-2.3031376
-2.0987314
-1.8943252
-1.6899189
-1.4855127
-1.2811065
-1.0767003
-0.87229406
-0.66788783
-0.46348161
-0.25907539
-0.054669173
0.14973704
0.35414326
0.55854948
0.7629557
0.96736191
1.1717681
1.3761743
1.5805805
1.7849868
1.989393
2.1937992
2.3982054
2.6026116
2.8070179
3.0114241
3.2158303
3.4202365
3.6246427
3.8290489
4.0334552
4.2378614
4.4422676
4.6466738
4.85108
5.0554863
5.2598925
5.4642987
5.6687049
-2.0462412
-1.8505836
-1.654926
-1.4592684
-1.2636107
-1.0679531
-0.87229551
-0.67663788
-0.48098027
-0.28532265
-0.08966504
0.10599257
0.30165019
0.4973078
0.69296542
0.88862303
1.0842806
1.2799382
1.4755959
1.6712535
1.8669111
2.0625687
2.2582263
2.4538839
2.6495415
2.8451992
3.0408568
3.2365144
3.432172
3.6278296
3.8234872
4.0191448
4.2148025
4.4104601
4.6061177
4.8017753
4.9974329
5.1930905
5.3887481
5.5844058
-1.7893486
-1.6024395
-1.4155304
-1.2286212
-1.0417121
-0.85480293
-0.66789379
-0.48098465
-0.29407551
-0.10716636
0.07974278
0.26665192
0.45356106
0.6404702
0.82737934
1.0142885
1.2011976
1.3881068
1.5750159
1.761925
1.9488342
2.1357433
2.3226525
2.5095616
2.6964708
2.8833799
3.070289
3.2571982
3.4441073
3.6310165
3.8179256
4.0048347
4.1917439
4.378653
4.5655622
4.7524713
4.9393805
5.1262896
5.3131987
5.5001079
-1.5324605
-1.3542997
-1.1761389
-0.99797804
-0.81981722
-0.6416564
-0.46349558
-0.28533476
-0.10717394
0.070986874
0.24914769
0.42730851
0.60546933
0.78363015
0.96179097
1.1399518
1.3181126
1.4962734
1.6744342
1.8525951
2.0307559
2.2089167
2.3870775
2.5652383
2.7433992
2.92156
3.0997208
3.2778816
3.4560424
3.6342033
3.8123641
3.9905249
4.1686857
4.3468465
4.5250073
4.7031682
4.881329
5.0594898
5.2376506
5.4158114
-1.2755774
-1.1061648
-0.93675209
-0.76733943
-0.59792676
-0.42851409
-0.25910142
-0.089688755
0.079723918
0.24913659
0.41854925
0.58796192
0.75737459
0.92678727
1.0961999
1.2656126
1.4350253
1.6044379
1.7738506
1.9432633
2.112676
2.2820886
2.4515013
2.620914
2.7903266
2.9597393
3.129152
3.2985646
3.4679773
3.63739
3.8068026
3.9762153
4.145628
4.3150407
4.4844533
4.653866
4.8232787
4.9926913
5.162104
5.3315167
-1.0187003
-0.85803557
-0.69737086
-0.53670613
-0.37604141
-0.21537669
-0.054711972
0.10595275
0.26661747
0.42728219
0.58794691
0.74861164
0.90927636
1.0699411
1.2306058
1.3912705
1.5519353
1.7126
1.8732647
2.0339294
2.1945941
2.3552589
2.5159236
2.6765883
2.837253
2.9979177
3.1585825
3.3192472
3.4799119
3.6405766
3.8012414
3.9619061
4.1225708
4.2832355
4.4439002
4.604565
4.7652297
4.9258944
5.0865591
5.2472238
-0.76183011
-0.6099131
-0.45799609
-0.30607908
-0.15416207
-0.0022450594
0.14967195
0.30158896
0.45350597
0.60542298
0.75733999
0.90925701
1.061174
1.213091
1.3650081
1.5169251
1.6688421
1.8207591
1.9726761
2.1245931
2.2765101
2.4284271
2.5803441
2.7322611
2.8841781
3.0360952
3.1880122
3.3399292
3.4918462
3.6437632
3.7956802
3.9475972
4.0995142
4.2514312
4.4033482
4.5552653
4.7071823
4.8590993
5.0110163
5.1629333
-0.50496813
-0.36179855
-0.21862898
-0.075459398
0.067710179
0.21087976
0.35404934
0.49721891
0.64038849
0.78355807
0.92672766
1.0698972
1.2130668
1.3562364
1.499406
1.6425756
1.7857451
1.9289147
2.0720843
2.2152539
2.3584235
2.501593
2.6447626
2.7879322
2.9311018
3.0742713
3.2174409
3.3606105
3.5037801
3.6469497
3.7901192
3.9332888
4.0764584
4.219628
4.3627976
4.5059671
4.6491367
4.7923063
4.9354759
5.0786454
-0.24811598
-0.1136935
0.020728982
0.15515146
0.28957394
0.42399642
0.5584189
0.69284139
0.82726387
0.96168633
1.0961088
1.2305313
1.3649538
1.4993763
1.6337987
1.7682212
1.9026437
2.0370662
2.1714887
2.3059111
2.4403336
2.5747561
2.7091786
2.8436011
2.9780236
3.112446
3.2468685
3.381291
3.5157135
3.650136
3.7845584
3.9189809
4.0534034
4.1878259
4.3222484
4.4566708
4.5910933
4.7255158
4.8599383
4.9943608
0.0087243002
0.13440009
0.26007588
0.38575166
0.51142745
0.63710324
0.76277903
0.8884548
1.0141306
1.1398064
1.2654821
1.3911579
1.5168337
1.6425095
1.7681853
1.8938611
2.0195369
2.1452126
2.2708884
2.3965642
2.52224
2.6479158
2.7735916
2.8992674
3.0249432
3.1506189
3.2762947
3.4019705
3.5276463
3.6533221
3.7789979
3.9046737
4.0303495
4.1560253
4.281701
4.4073768
4.5330526
4.6587284
4.7844042
4.91008
0.26555004
0.38247963
0.49940922
0.61633881
0.7332684
0.85019798
0.96712756
1.0840571
1.2009867
1.3179163
1.4348459
1.5517755
1.6687051
1.7856347
1.9025643
2.0194939
2.1364234
2.253353
2.3702826
2.4872122
2.6041418
2.7210714
2.838001
2.9549306
3.0718602
3.1887898
3.3057193
3.4226489
3.5395785
3.6565081
3.7734377
3.8903673
4.0072969
4.1242265
4.2411561
4.3580857
4.4750152
4.5919448
4.7088744
4.825804
0.52235771
0.63054171
0.73872572
0.84690972
0.95509373
1.0632777
1.1714617
1.2796457
1.3878297
1.4960138
1.6041978
1.7123818
1.8205658
1.9287498
2.0369338
2.1451178
2.2533018
2.3614858
2.4696698
2.5778538
2.6860378
2.7942218
2.9024059
3.0105899
3.1187739
3.2269579
3.3351419
3.4433259
3.5515099
3.6596939
3.7678779
3.8760619
3.9842459
4.0924299
4.2006139
4.308798
4.416982
4.525166
4.63335
4.741534
0.77914253
0.87858173
0.97802093
1.0774601
1.1768993
1.2763385
1.3757777
1.4752169
1.5746561
1.6740953
1.7735345
1.8729738
1.972413
2.0718522
2.1712914
2.2707306
2.3701698
2.469609
2.5690482
2.6684874
2.7679266
2.8673658
2.966805
3.0662442
3.1656834
3.2651226
3.3645618
3.464001
3.5634402
3.6628794
3.7623186
3.8617578
3.961197
4.0606362
4.1600754
4.2595146
4.3589538
4.458393
4.5578322
4.6572714
1.0358979
1.1265933
1.2172887
1.3079841
1.3986795
1.4893749
1.5800703
1.6707657
1.7614611
1.8521565
1.9428519
2.0335473
2.1242427
2.2149381
2.3056335
2.3963289
2.4870243
2.5777197
2.6684151
2.7591105
2.8498059
2.9405013
3.0311967
3.1218921
3.2125875
3.3032829
3.3939783
3.4846737
3.5753692
3.6660646
3.75676
3.8474554
3.9381508
4.0288462
4.1195416
4.210237
4.3009324
4.3916278
4.4823232
4.5730186
1.2926144
1.3745673
1.4565202
1.5384731
1.6204261
1.702379
1.7843319
1.8662848
1.9482378
2.0301907
2.1121436
2.1940965
2.2760495
2.3580024
2.4399553
2.5219082
2.6038612
2.6858141
2.767767
2.84972
2.9316729
3.0136258
3.0955787
3.1775317
3.2594846
3.3414375
3.4233904
3.5053434
3.5872963
3.6692492
3.7512021
3.8331551
3.915108
3.9970609
4.0790138
4.1609668
4.2429197
4.3248726
4.4068255
4.4887785
1.5492779
1.6224902
1.6957024
1.7689147
1.8421269
1.9153392
1.9885515
2.0617637
2.134976
2.2081882
2.2814005
2.3546127
2.427825
2.5010372
2.5742495
2.6474617
2.720674
2.7938862
2.8670985
2.9403107
3.013523
3.0867352
3.1599475
3.2331597
3.306372
3.3795842
3.4527965
3.5260087
3.599221
3.6724332
3.7456455
3.8188577
3.89207
3.9652822
4.0384945
4.1117067
4.184919
4.2581312
4.3313435
4.4045557
1.8058671
1.8703412
1.9348153
1.9992894
2.0637635
2.1282377
2.1927118
2.2571859
2.32166
2.3861341
2.4506082
2.5150823
2.5795564
2.6440305
2.7085046
2.7729788
2.8374529
2.901927
2.9664011
3.0308752
3.0953493
3.1598234
3.2242975
3.2887716
3.3532457
3.4177199
3.482194
3.5466681
3.6111422
3.6756163
3.7400904
3.8045645
3.8690386
3.9335127
3.9979868
4.062461
4.1269351
4.1914092
4.2558833
4.3203574
2.0623467
2.1180864
2.1738261
2.2295658
2.2853055
2.3410452
2.3967849
2.4525246
2.5082643
2.564004
2.6197437
2.6754834
2.7312231
2.7869628
2.8427025
2.8984422
2.9541819
3.0099216
3.0656613
3.121401
3.1771407
3.2328804
3.2886201
3.3443598
3.4000995
3.4558392
3.5115789
3.5673186
3.6230583
3.678798
3.7345377
3.7902774
3.8460171
3.9017568
3.9574965
4.0132362
4.0689759
4.1247156
4.1804553
4.236195
2.3186554
2.3656665
2.4126776
2.4596887
2.5066998
2.553711
2.6007221
2.6477332
2.6947443
2.7417554
2.7887665
2.8357776
2.8827887
2.9297998
2.976811
3.0238221
3.0708332
3.1178443
3.1648554
3.2118665
3.2588776
3.3058887
3.3528998
3.399911
3.4469221
3.4939332
3.5409443
3.5879554
3.6349665
3.6819776
3.7289887
3.7759998
3.823011
3.8700221
3.9170332
3.9640443
4.0110554
4.0580665
4.1050776
4.1520887
2.5746755
2.6129678
2.6512602
2.6895525
2.7278449
2.7661372
2.8044296
2.8427219
2.8810143
2.9193066
2.957599
2.9958913
3.0341837
3.072476
3.1107684
3.1490607
3.1873531
3.2256454
3.2639378
3.3022301
3.3405225
3.3788148
3.4171072
3.4553995
3.4936919
3.5319842
3.5702766
3.6085689
3.6468613
3.6851536
3.723446
3.7617383
3.8000307
3.838323
3.8766154
3.9149077
3.9532001
3.9914924
4.0297848
4.0680771
2.8301491
2.8597413
2.8893335
2.9189257
2.9485179
2.9781101
3.0077023
3.0372945
3.0668867
3.0964789
3.1260711
3.1556633
3.1852555
3.2148477
3.2444399
3.2740321
3.3036243
3.3332164
3.3628086
3.3924008
3.421993
3.4515852
3.4811774
3.5107696
3.5403618
3.569954
3.5995462
3.6291384
3.6587306
3.6883228
3.717915
3.7475072
3.7770994
3.8066916
3.8362838
3.865876
3.8954682
3.9250604
3.9546526
3.9842448
7.4558244
7.4558244
7.4558244
7.4558244
7.4558244
7.4558244
7.4558244
7.4558244
7.4558244
7.4558244
7.4558244
7.4558244
7.4558244
7.4558244
7.4558244
7.4558244
7.4558244
7.4558244
7.4558244
7.4558244
7.4558244
7.4558244
7.4558244
7.4558244
7.4558244
7.4558244
7.4558244
7.4558244
7.4558244
7.4558244
7.4558244
7.4558244
7.4558244
7.4558244
7.4558244
7.4558244
7.4558244
7.4558244
7.4558244
7.4558244
7.3671407
7.3671407
7.3671407
7.3671407
7.3671407
7.3671407
7.3671407
7.3671407
7.3671407
7.3671407
7.3671407
7.3671407
7.3671407
7.3671407
7.3671407
7.3671407
7.3671407
7.3671407
7.3671407
7.3671407
7.3671407
7.3671407
7.3671407
7.3671407
7.3671407
7.3671407
7.3671407
7.3671407
7.3671407
7.3671407
7.3671407
7.3671407
7.3671407
7.3671407
7.3671407
7.3671407
7.3671407
7.3671407
7.3671407
7.3671407
7.2784572
7.2784572
7.2784572
7.2784572
7.2784572
7.2784572
7.2784572
7.2784572
7.2784572
7.2784572
7.2784572
7.2784572
7.2784572
7.2784572
7.2784572
7.2784572
7.2784572
7.2784572
7.2784572
7.2784572
7.2784572
7.2784572
7.2784572
7.2784572
7.2784572
7.2784572
7.2784572
7.2784572
7.2784572
7.2784572
7.2784572
7.2784572
7.2784572
7.2784572
7.2784572
7.2784572
7.2784572
7.2784572
7.2784572
7.2784572
7.1897739
7.1897739
7.1897739
7.1897739
7.1897739
7.1897739
7.1897739
7.1897739
7.1897739
7.1897739
7.1897739
7.1897739
7.1897739
7.1897739
7.1897739
7.1897739
7.1897739
7.1897739
7.1897739
7.1897739
7.1897739
7.1897739
7.1897739
7.1897739
7.1897739
7.1897739
7.1897739
7.1897739
7.1897739
7.1897739
7.1897739
7.1897739
7.1897739
7.1897739
7.1897739
7.1897739
7.1897739
7.1897739
7.1897739
7.1897739
7.1010908
7.1010908
7.1010908
7.1010908
7.1010908
7.1010908
7.1010908
7.1010908
7.1010908
7.1010908
7.1010908
7.1010908
7.1010908
7.1010908
7.1010908
7.1010908
7.1010908
7.1010908
7.1010908
7.1010908
7.1010908
7.1010908
7.1010908
7.1010908
7.1010908
7.1010908
7.1010908
7.1010908
7.1010908
7.1010908
7.1010908
7.1010908
7.1010908
7.1010908
7.1010908
7.1010908
7.1010908
7.1010908
7.1010908
7.1010908
7.0124079
7.0124079
7.0124079
7.0124079
7.0124079
7.0124079
7.0124079
7.0124079
7.0124079
7.0124079
7.0124079
7.0124079
7.0124079
7.0124079
7.0124079
7.0124079
7.0124079
7.0124079
7.0124079
7.0124079
7.0124079
7.0124079
7.0124079
7.0124079
7.0124079
7.0124079
7.0124079
7.0124079
7.0124079
7.0124079
7.0124079
7.0124079
7.0124079
7.0124079
7.0124079
7.0124079
7.0124079
7.0124079
7.0124079
7.0124079
6.9237253
6.9237253
6.9237253
6.9237253
6.9237253
6.9237253
6.9237253
6.9237253
6.9237253
6.9237253
6.9237253
6.9237253
6.9237253
6.9237253
6.9237253
6.9237253
6.9237253
6.9237253
6.9237253
6.9237253
6.9237253
6.9237253
6.9237253
6.9237253
6.9237253
6.9237253
6.9237253
6.9237253
6.9237253
6.9237253
6.9237253
6.9237253
6.9237253
6.9237253
6.9237253
6.9237253
6.9237253
6.9237253
6.9237253
6.9237253
6.8350429
6.8350429
6.8350429
6.8350429
6.8350429
6.8350429
6.8350429
6.8350429
6.8350429
6.8350429
6.8350429
6.8350429
6.8350429
6.8350429
6.8350429
6.8350429
6.8350429
6.8350429
6.8350429
6.8350429
6.8350429
6.8350429
6.8350429
6.8350429
6.8350429
6.8350429
6.8350429
6.8350429
6.8350429
6.8350429
6.8350429
6.8350429
6.8350429
6.8350429
6.8350429
6.8350429
6.8350429
6.8350429
6.8350429
6.8350429
6.7463609
6.7463609
6.7463609
6.7463609
6.7463609
6.7463609
6.7463609
6.7463609
6.7463609
6.7463609
6.7463609
6.7463609
6.7463609
6.7463609
6.7463609
6.7463609
6.7463609
6.7463609
6.7463609
6.7463609
6.7463609
6.7463609
6.7463609
6.7463609
6.7463609
6.7463609
6.7463609
6.7463609
6.7463609
6.7463609
6.7463609
6.7463609
6.7463609
6.7463609
6.7463609
6.7463609
6.7463609
6.7463609
6.7463609
6.7463609
6.6576792
6.6576792
6.6576792
6.6576792
6.6576792
6.6576792
6.6576792
6.6576792
6.6576792
6.6576792
6.6576792
6.6576792
6.6576792
6.6576792
6.6576792
6.6576792
6.6576792
6.6576792
6.6576792
6.6576792
6.6576792
6.6576792
6.6576792
6.6576792
6.6576792
6.6576792
6.6576792
6.6576792
6.6576792
6.6576792
6.6576792
6.6576792
6.6576792
6.6576792
6.6576792
6.6576792
6.6576792
6.6576792
6.6576792
6.6576792
6.5689978
6.5689978
6.5689978
6.5689978
6.5689978
6.5689978
6.5689978
6.5689978
6.5689978
6.5689978
6.5689978
6.5689978
6.5689978
6.5689978
6.5689978
6.5689978
6.5689978
6.5689978
6.5689978
6.5689978
6.5689978
6.5689978
6.5689978
6.5689978
6.5689978
6.5689978
6.5689978
6.5689978
6.5689978
6.5689978
6.5689978
6.5689978
6.5689978
6.5689978
6.5689978
6.5689978
6.5689978
6.5689978
6.5689978
6.5689978
6.4803168
6.4803168
6.4803168
6.4803168
6.4803168
6.4803168
6.4803168
6.4803168
6.4803168
6.4803168
6.4803168
6.4803168
6.4803168
6.4803168
6.4803168
6.4803168
6.4803168
6.4803168
6.4803168
6.4803168
6.4803168
6.4803168
6.4803168
6.4803168
6.4803168
6.4803168
6.4803168
6.4803168
6.4803168
6.4803168
6.4803168
6.4803168
6.4803168
6.4803168
6.4803168
6.4803168
6.4803168
6.4803168
6.4803168
6.4803168
6.3916363
6.3916363
6.3916363
6.3916363
6.3916363
6.3916363
6.3916363
6.3916363
6.3916363
6.3916363
6.3916363
6.3916363
6.3916363
6.3916363
6.3916363
6.3916363
6.3916363
6.3916363
6.3916363
6.3916363
6.3916363
6.3916363
6.3916363
6.3916363
6.3916363
6.3916363
6.3916363
6.3916363
6.3916363
6.3916363
6.3916363
6.3916363
6.3916363
6.3916363
6.3916363
6.3916363
6.3916363
6.3916363
6.3916363
6.3916363
6.3029561
6.3029561
6.3029561
6.3029561
6.3029561
6.3029561
6.3029561
6.3029561
6.3029561
6.3029561
6.3029561
6.3029561
6.3029561
6.3029561
6.3029561
6.3029561
6.3029561
6.3029561
6.3029561
6.3029561
6.3029561
6.3029561
6.3029561
6.3029561
6.3029561
6.3029561
6.3029561
6.3029561
6.3029561
6.3029561
6.3029561
6.3029561
6.3029561
6.3029561
6.3029561
6.3029561
6.3029561
6.3029561
6.3029561
6.3029561
6.2142765
6.2142765
6.2142765
6.2142765
6.2142765
6.2142765
6.2142765
6.2142765
6.2142765
6.2142765
6.2142765
6.2142765
6.2142765
6.2142765
6.2142765
6.2142765
6.2142765
6.2142765
6.2142765
6.2142765
6.2142765
6.2142765
6.2142765
6.2142765
6.2142765
6.2142765
6.2142765
6.2142765
6.2142765
6.2142765
6.2142765
6.2142765
6.2142765
6.2142765
6.2142765
6.2142765
6.2142765
6.2142765
6.2142765
6.2142765
6.1255974
6.1255974
6.1255974
6.1255974
6.1255974
6.1255974
6.1255974
6.1255974
6.1255974
6.1255974
6.1255974
6.1255974
6.1255974
6.1255974
6.1255974
6.1255974
6.1255974
6.1255974
6.1255974
6.1255974
6.1255974
6.1255974
6.1255974
6.1255974
6.1255974
6.1255974
6.1255974
6.1255974
6.1255974
6.1255974
6.1255974
6.1255974
6.1255974
6.1255974
6.1255974
6.1255974
6.1255974
6.1255974
6.1255974
6.1255974
6.0369189
6.0369189
6.0369189
6.0369189
6.0369189
6.0369189
6.0369189
6.0369189
6.0369189
6.0369189
6.0369189
6.0369189
6.0369189
6.0369189
6.0369189
6.0369189
6.0369189
6.0369189
6.0369189
6.0369189
6.0369189
6.0369189
6.0369189
6.0369189
6.0369189
6.0369189
6.0369189
6.0369189
6.0369189
6.0369189
6.0369189
6.0369189
6.0369189
6.0369189
6.0369189
6.0369189
6.0369189
6.0369189
6.0369189
6.0369189
5.9482411
5.9482411
5.9482411
5.9482411
5.9482411
5.9482411
5.9482411
5.9482411
5.9482411
5.9482411
5.9482411
5.9482411
5.9482411
5.9482411
5.9482411
5.9482411
5.9482411
5.9482411
5.9482411
5.9482411
5.9482411
5.9482411
5.9482411
5.9482411
5.9482411
5.9482411
5.9482411
5.9482411
5.9482411
5.9482411
5.9482411
5.9482411
5.9482411
5.9482411
5.9482411
5.9482411
5.9482411
5.9482411
5.9482411
5.9482411
5.8595641
5.8595641
5.8595641
5.8595641
5.8595641
5.8595641
5.8595641
5.8595641
5.8595641
5.8595641
5.8595641
5.8595641
5.8595641
5.8595641
5.8595641
5.8595641
5.8595641
5.8595641
5.8595641
5.8595641
5.8595641
5.8595641
5.8595641
5.8595641
5.8595641
5.8595641
5.8595641
5.8595641
5.8595641
5.8595641
5.8595641
5.8595641
5.8595641
5.8595641
5.8595641
5.8595641
5.8595641
5.8595641
5.8595641
5.8595641
5.7708879
5.7708879
5.7708879
5.7708879
5.7708879
5.7708879
5.7708879
5.7708879
5.7708879
5.7708879
5.7708879
5.7708879
5.7708879
5.7708879
5.7708879
5.7708879
5.7708879
5.7708879
5.7708879
5.7708879
5.7708879
5.7708879
5.7708879
5.7708879
5.7708879
5.7708879
5.7708879
5.7708879
5.7708879
5.7708879
5.7708879
5.7708879
5.7708879
5.7708879
5.7708879
5.7708879
5.7708879
5.7708879
5.7708879
5.7708879
5.6822127
5.6822127
5.6822127
5.6822127
5.6822127
5.6822127
5.6822127
5.6822127
5.6822127
5.6822127
5.6822127
5.6822127
5.6822127
5.6822127
5.6822127
5.6822127
5.6822127
5.6822127
5.6822127
5.6822127
5.6822127
5.6822127
5.6822127
5.6822127
5.6822127
5.6822127
5.6822127
5.6822127
5.6822127
5.6822127
5.6822127
5.6822127
5.6822127
5.6822127
5.6822127
5.6822127
5.6822127
5.6822127
5.6822127
5.6822127
5.5935385
5.5935385
5.5935385
5.5935385
5.5935385
5.5935385
5.5935385
5.5935385
5.5935385
5.5935385
5.5935385
5.5935385
5.5935385
5.5935385
5.5935385
5.5935385
5.5935385
5.5935385
5.5935385
5.5935385
5.5935385
5.5935385
5.5935385
5.5935385
5.5935385
5.5935385
5.5935385
5.5935385
5.5935385
5.5935385
5.5935385
5.5935385
5.5935385
5.5935385
5.5935385
5.5935385
5.5935385
5.5935385
5.5935385
5.5935385
5.5048656
5.5048656
5.5048656
5.5048656
5.5048656
5.5048656
5.5048656
5.5048656
5.5048656
5.5048656
5.5048656
5.5048656
5.5048656
5.5048656
5.5048656
5.5048656
5.5048656
5.5048656
5.5048656
5.5048656
5.5048656
5.5048656
5.5048656
5.5048656
5.5048656
5.5048656
5.5048656
5.5048656
5.5048656
5.5048656
5.5048656
5.5048656
5.5048656
5.5048656
5.5048656
5.5048656
5.5048656
5.5048656
5.5048656
5.5048656
5.4161941
5.4161941
5.4161941
5.4161941
5.4161941
5.4161941
5.4161941
5.4161941
5.4161941
5.4161941
5.4161941
5.4161941
5.4161941
5.4161941
5.4161941
5.4161941
5.4161941
5.4161941
5.4161941
5.4161941
5.4161941
5.4161941
5.4161941
5.4161941
5.4161941
5.4161941
5.4161941
5.4161941
5.4161941
5.4161941
5.4161941
5.4161941
5.4161941
5.4161941
5.4161941
5.4161941
5.4161941
5.4161941
5.4161941
5.4161941
5.3275242
5.3275242
5.3275242
5.3275242
5.3275242
5.3275242
5.3275242
5.3275242
5.3275242
5.3275242
5.3275242
5.3275242
5.3275242
5.3275242
5.3275242
5.3275242
5.3275242
5.3275242
5.3275242
5.3275242
5.3275242
5.3275242
5.3275242
5.3275242
5.3275242
5.3275242
5.3275242
5.3275242
5.3275242
5.3275242
5.3275242
5.3275242
5.3275242
5.3275242
5.3275242
5.3275242
5.3275242
5.3275242
5.3275242
5.3275242
5.2388561
5.2388561
5.2388561
5.2388561
5.2388561
5.2388561
5.2388561
5.2388561
5.2388561
5.2388561
5.2388561
5.2388561
5.2388561
5.2388561
5.2388561
5.2388561
5.2388561
5.2388561
5.2388561
5.2388561
5.2388561
5.2388561
5.2388561
5.2388561
5.2388561
5.2388561
5.2388561
5.2388561
5.2388561
5.2388561
5.2388561
5.2388561
5.2388561
5.2388561
5.2388561
5.2388561
5.2388561
5.2388561
5.2388561
5.2388561
5.1501903
5.1501903
5.1501903
5.1501903
5.1501903
5.1501903
5.1501903
5.1501903
5.1501903
5.1501903
5.1501903
5.1501903
5.1501903
5.1501903
5.1501903
5.1501903
5.1501903
5.1501903
5.1501903
5.1501903
5.1501903
5.1501903
5.1501903
5.1501903
5.1501903
5.1501903
5.1501903
5.1501903
5.1501903
5.1501903
5.1501903
5.1501903
5.1501903
5.1501903
5.1501903
5.1501903
5.1501903
5.1501903
5.1501903
5.1501903
5.0615269
5.0615269
5.0615269
5.0615269
5.0615269
5.0615269
5.0615269
5.0615269
5.0615269
5.0615269
5.0615269
5.0615269
5.0615269
5.0615269
5.0615269
5.0615269
5.0615269
5.0615269
5.0615269
5.0615269
5.0615269
5.0615269
5.0615269
5.0615269
5.0615269
5.0615269
5.0615269
5.0615269
5.0615269
5.0615269
5.0615269
5.0615269
5.0615269
5.0615269
5.0615269
5.0615269
5.0615269
5.0615269
5.0615269
5.0615269
4.9728666
4.9728666
4.9728666
4.9728666
4.9728666
4.9728666
4.9728666
4.9728666
4.9728666
4.9728666
4.9728666
4.9728666
4.9728666
4.9728666
4.9728666
4.9728666
4.9728666
4.9728666
4.9728666
4.9728666
4.9728666
4.9728666
4.9728666
4.9728666
4.9728666
4.9728666
4.9728666
4.9728666
4.9728666
4.9728666
4.9728666
4.9728666
4.9728666
4.9728666
4.9728666
4.9728666
4.9728666
4.9728666
4.9728666
4.9728666
4.88421
4.88421
4.88421
4.88421
4.88421
4.88421
4.88421
4.88421
4.88421
4.88421
4.88421
4.88421
4.88421
4.88421
4.88421
4.88421
4.88421
4.88421
4.88421
4.88421
4.88421
4.88421
4.88421
4.88421
4.88421
4.88421
4.88421
4.88421
4.88421
4.88421
4.88421
4.88421
4.88421
4.88421
4.88421
4.88421
4.88421
4.88421
4.88421
4.88421
4.7955579
4.7955579
4.7955579
4.7955579
4.7955579
4.7955579
4.7955579
4.7955579
4.7955579
4.7955579
4.7955579
4.7955579
4.7955579
4.7955579
4.7955579
4.7955579
4.7955579
4.7955579
4.7955579
4.7955579
4.7955579
4.7955579
4.7955579
4.7955579
4.7955579
4.7955579
4.7955579
4.7955579
4.7955579
4.7955579
4.7955579
4.7955579
4.7955579
4.7955579
4.7955579
4.7955579
4.7955579
4.7955579
4.7955579
4.7955579
4.7069113
4.7069113
4.7069113
4.7069113
4.7069113
4.7069113
4.7069113
4.7069113
4.7069113
4.7069113
4.7069113
4.7069113
4.7069113
4.7069113
4.7069113
4.7069113
4.7069113
4.7069113
4.7069113
4.7069113
4.7069113
4.7069113
4.7069113
4.7069113
4.7069113
4.7069113
4.7069113
4.7069113
4.7069113
4.7069113
4.7069113
4.7069113
4.7069113
4.7069113
4.7069113
4.7069113
4.7069113
4.7069113
4.7069113
4.7069113
4.6182715
4.6182715
4.6182715
4.6182715
4.6182715
4.6182715
4.6182715
4.6182715
4.6182715
4.6182715
4.6182715
4.6182715
4.6182715
4.6182715
4.6182715
4.6182715
4.6182715
4.6182715
4.6182715
4.6182715
4.6182715
4.6182715
4.6182715
4.6182715
4.6182715
4.6182715
4.6182715
4.6182715
4.6182715
4.6182715
4.6182715
4.6182715
4.6182715
4.6182715
4.6182715
4.6182715
4.6182715
4.6182715
4.6182715
4.6182715
4.5296404
4.5296404
4.5296404
4.5296404
4.5296404
4.5296404
4.5296404
4.5296404
4.5296404
4.5296404
4.5296404
4.5296404
4.5296404
4.5296404
4.5296404
4.5296404
4.5296404
4.5296404
4.5296404
4.5296404
4.5296404
4.5296404
4.5296404
4.5296404
4.5296404
4.5296404
4.5296404
4.5296404
4.5296404
4.5296404
4.5296404
4.5296404
4.5296404
4.5296404
4.5296404
4.5296404
4.5296404
4.5296404
4.5296404
4.5296404
4.4410207
4.4410207
4.4410207
4.4410207
4.4410207
4.4410207
4.4410207
4.4410207
4.4410207
4.4410207
4.4410207
4.4410207
4.4410207
4.4410207
4.4410207
4.4410207
4.4410207
4.4410207
4.4410207
4.4410207
4.4410207
4.4410207
4.4410207
4.4410207
4.4410207
4.4410207
4.4410207
4.4410207
4.4410207
4.4410207
4.4410207
4.4410207
4.4410207
4.4410207
4.4410207
4.4410207
4.4410207
4.4410207
4.4410207
4.4410207
4.3524162
4.3524162
4.3524162
4.3524162
4.3524162
4.3524162
4.3524162
4.3524162
4.3524162
4.3524162
4.3524162
4.3524162
4.3524162
4.3524162
4.3524162
4.3524162
4.3524162
4.3524162
4.3524162
4.3524162
4.3524162
4.3524162
4.3524162
4.3524162
4.3524162
4.3524162
4.3524162
4.3524162
4.3524162
4.3524162
4.3524162
4.3524162
4.3524162
4.3524162
4.3524162
4.3524162
4.3524162
4.3524162
4.3524162
4.3524162
4.2638326
4.2638326
4.2638326
4.2638326
4.2638326
4.2638326
4.2638326
4.2638326
4.2638326
4.2638326
4.2638326
4.2638326
4.2638326
4.2638326
4.2638326
4.2638326
4.2638326
4.2638326
4.2638326
4.2638326
4.2638326
4.2638326
4.2638326
4.2638326
4.2638326
4.2638326
4.2638326
4.2638326
4.2638326
4.2638326
4.2638326
4.2638326
4.2638326
4.2638326
4.2638326
4.2638326
4.2638326
4.2638326
4.2638326
4.2638326
4.175279
4.175279
4.175279
4.175279
4.175279
4.175279
4.175279
4.175279
4.175279
4.175279
4.175279
4.175279
4.175279
4.175279
4.175279
4.175279
4.175279
4.175279
4.175279
4.175279
4.175279
4.175279
4.175279
4.175279
4.175279
4.175279
4.175279
4.175279
4.175279
4.175279
4.175279
4.175279
4.175279
4.175279
4.175279
4.175279
4.175279
4.175279
4.175279
4.175279
4.0867704
4.0867704
4.0867704
4.0867704
4.0867704
4.0867704
4.0867704
4.0867704
4.0867704
4.0867704
4.0867704
4.0867704
4.0867704
4.0867704
4.0867704
4.0867704
4.0867704
4.0867704
4.0867704
4.0867704
4.0867704
4.0867704
4.0867704
4.0867704
4.0867704
4.0867704
4.0867704
4.0867704
4.0867704
4.0867704
4.0867704
4.0867704
4.0867704
4.0867704
4.0867704
4.0867704
4.0867704
4.0867704
4.0867704
4.0867704
3.9983342
3.9983342
3.9983342
3.9983342
3.9983342
3.9983342
3.9983342
3.9983342
3.9983342
3.9983342
3.9983342
3.9983342
3.9983342
3.9983342
3.9983342
3.9983342
3.9983342
3.9983342
3.9983342
3.9983342
3.9983342
3.9983342
3.9983342
3.9983342
3.9983342
3.9983342
3.9983342
3.9983342
3.9983342
3.9983342
3.9983342
3.9983342
3.9983342
3.9983342
3.9983342
3.9983342
3.9983342
3.9983342
3.9983342
3.9983342
7.2705096
6.8998674
6.5292251
6.1585829
5.7879407
5.4172985
5.0466563
4.6760141
4.3053719
3.9347296
3.5640874
3.1934452
2.822803
2.4521608
2.0815186
1.7108764
1.3402341
0.96959192
0.59894971
0.22830749
-0.14233472
-0.51297694
-0.88361915
-1.2542614
-1.6249036
-1.9955458
-2.366188
-2.7368302
-3.1074724
-3.4781147
-3.8487569
-4.2193991
-4.5900413
-4.9606835
-5.3313257
-5.7019679
-6.0726102
-6.4432524
-6.8138946
-7.1845368
7.186201
6.8243084
6.4624157
6.1005231
5.7386305
5.3767378
5.0148452
4.6529526
4.2910599
3.9291673
3.5672747
3.205382
2.8434894
2.4815968
2.1197042
1.7578115
1.3959189
1.0340263
0.67213361
0.31024098
-0.051651647
-0.41354428
-0.77543691
-1.1373295
-1.4992222
-1.8611148
-2.2230074
-2.5849
-2.9467927
-3.3086853
-3.6705779
-4.0324706
-4.3943632
-4.7562558
-5.1181485
-5.4800411
-5.8419337
-6.2038264
-6.565719
-6.9276116
7.1018926
6.7487495
6.3956065
6.0424634
5.6893203
5.3361773
4.9830342
4.6298911
4.2767481
3.923605
3.5704619
3.2173189
2.8641758
2.5110327
2.1578896
1.8047466
1.4516035
1.0984604
0.74531735
0.39217428
0.039031216
-0.31411185
-0.66725492
-1.020398
-1.373541
-1.7266841
-2.0798272
-2.4329702
-2.7861133
-3.1392564
-3.4923994
-3.8455425
-4.1986856
-4.5518286
-4.9049717
-5.2581148
-5.6112578
-5.9644009
-6.317544
-6.670687
7.0175844
6.6731909
6.3287974
5.9844038
5.6400103
5.2956168
4.9512233
4.6068297
4.2624362
3.9180427
3.5736492
3.2292556
2.8848621
2.5404686
2.196075
1.8516815
1.507288
1.1628945
0.81850091
0.47410737
0.12971385
-0.21467968
-0.55907321
-0.90346672
-1.2478602
-1.5922538
-1.9366473
-2.2810408
-2.6254343
-2.9698279
-3.3142214
-3.6586149
-4.0030084
-4.347402
-4.6917955
-5.036189
-5.3805825
-5.7249761
-6.0693696
-6.4137631
6.9332765
6.5976325
6.2619885
5.9263444
5.5907004
5.2550564
4.9194124
4.5837684
4.2481244
3.9124804
3.5768364
3.2411924
2.9055484
2.5699043
2.2342603
1.8986163
1.5629723
1.2273283
0.89168428
0.55604025
0.22039624
-0.11524777
-0.45089178
-0.78653578
-1.1221798
-1.4578238
-1.7934678
-2.1291118
-2.4647558
-2.8003998
-3.1360438
-3.4716878
-3.8073318
-4.1429759
-4.4786199
-4.8142639
-5.1499079
-5.4855519
-5.8211959
-6.1568399
6.8489687
6.5220742
6.1951797
5.8682852
5.5413907
5.2144961
4.8876016
4.5607071
4.2338126
3.9069181
3.5800235
3.253129
2.9262345
2.59934
2.2724455
1.9455509
1.6186564
1.2917619
0.96486739
0.63797288
0.31107836
-0.015816162
-0.34271068
-0.6696052
-0.99649972
-1.3233942
-1.6502888
-1.9771833
-2.3040778
-2.6309723
-2.9578668
-3.2847614
-3.6116559
-3.9385504
-4.2654449
-4.5923394
-4.9192339
-5.2461285
-5.573023
-5.8999175
6.7646613
6.4465162
6.1283711
5.8102261
5.492081
5.173936
4.8557909
4.5376459
4.2195008
3.9013557
3.5832107
3.2650656
2.9469206
2.6287755
2.3106305
1.9924854
1.6743404
1.3561953
1.0380503
0.71990524
0.40176018
0.083615126
-0.23452993
-0.55267498
-0.87082005
-1.1889651
-1.5071102
-1.8252553
-2.1434003
-2.4615454
-2.7796904
-3.0978355
-3.4159805
-3.7341256
-4.0522706
-4.3704157
-4.6885608
-5.0067058
-5.3248509
-5.6429959
6.6803541
6.3709585
6.0615629
5.7521672
5.4427716
5.133376
4.8239804
4.5145848
4.2051891
3.8957935
3.5863979
3.2770023
2.9676066
2.658211
2.3488154
2.0394198
1.7300242
1.4206285
1.1112329
0.80183732
0.49244169
0.18304607
-0.12634955
-0.43574518
-0.7451408
-1.0545364
-1.3639321
-1.6733277
-1.9827233
-2.2921189
-2.6015146
-2.9109102
-3.2203058
-3.5297014
-3.8390971
-4.1484927
-4.4578883
-4.7672839
-5.0766796
-5.3860752
6.5960473
6.2954011
5.9947549
5.6941086
5.3934624
5.0928162
4.79217
4.4915237
4.1908775
3.8902313
3.5895851
3.2889388
2.9882926
2.6876464
2.3870002
2.086354
1.7857077
1.4850615
1.1844153
0.88376908
0.58312286
0.28247664
-0.018169584
-0.31881581
-0.61946203
-0.92010827
-1.2207545
-1.5214007
-1.8220469
-2.1226932
-2.4233394
-2.7239856
-3.0246318
-3.3252781
-3.6259243
-3.9265705
-4.2272167
-4.527863
-4.8285092
-5.1291554
6.5117408
6.219844
5.9279471
5.6360503
5.3441534
5.0522565
4.7603597
4.4684628
4.176566
3.8846691
3.5927722
3.3008754
3.0089785
2.7170817
2.4251848
2.1332879
1.8413911
1.5494942
1.2575974
0.96570051
0.67380366
0.3819068
0.09000994
-0.20188692
-0.49378378
-0.78568064
-1.0775775
-1.3694744
-1.6613712
-1.9532681
-2.245165
-2.5370618
-2.8289587
-3.1208555
-3.4127524
-3.7046492
-3.9965461
-4.288443
-4.5803398
-4.8722367
6.4274347
6.1442872
5.8611397
5.5779921
5.2948446
5.0116971
4.7285495
4.445402
4.1622545
3.8791069
3.5959594
3.3128119
3.0296643
2.7465168
2.4633693
2.1802217
1.8970742
1.6139266
1.3307791
1.0476316
0.76448405
0.48133651
0.19818898
-0.084958558
-0.36810609
-0.65125363
-0.93440117
-1.2175487
-1.5006962
-1.7838438
-2.0669913
-2.3501388
-2.6332864
-2.9164339
-3.1995814
-3.482729
-3.7658765
-4.0490241
-4.3321716
-4.6153191
6.3431291
6.0687308
5.7943326
5.5199343
5.2455361
4.9711378
4.6967395
4.4223413
4.147943
3.8735448
3.5991465
3.3247483
3.05035
2.7759518
2.5015535
2.2271553
1.952757
1.6783588
1.4039605
1.1295622
0.85516399
0.58076573
0.30636748
0.031969228
-0.24242903
-0.51682728
-0.79122553
-1.0656238
-1.340022
-1.6144203
-1.8888185
-2.1632168
-2.4376151
-2.7120133
-2.9864116
-3.2608098
-3.5352081
-3.8096063
-4.0840046
-4.3584028
6.2588238
5.9931748
5.7275258
5.4618768
5.1962278
4.9305787
4.6649297
4.3992807
4.1336317
3.8679827
3.6023337
3.3366846
3.0710356
2.8053866
2.5397376
2.2740886
2.0084395
1.7427905
1.4771415
1.2114925
0.94584345
0.68019442
0.4145454
0.14889638
-0.11675264
-0.38240166
-0.64805068
-0.9136997
-1.1793487
-1.4449977
-1.7106467
-1.9762958
-2.2419448
-2.5075938
-2.7732428
-3.0388918
-3.3045409
-3.5701899
-3.8358389
-4.1014879
6.1745191
5.9176193
5.6607195
5.4038196
5.1469198
4.8900199
4.6331201
4.3762203
4.1193204
3.8624206
3.6055208
3.3486209
3.0917211
2.8348212
2.5779214
2.3210216
2.0641217
1.8072219
1.550322
1.2934222
1.0365224
0.77962251
0.52272267
0.26582284
0.008923
-0.24797684
-0.50487668
-0.76177652
-1.0186763
-1.2755762
-1.532476
-1.7893758
-2.0462757
-2.3031755
-2.5600754
-2.8169752
-3.073875
-3.3307749
-3.5876747
-3.8445745
6.090215
5.8420643
5.5939135
5.3457628
5.0976121
4.8494614
4.6013107
4.35316
4.1050093
3.8568585
3.6087078
3.3605571
3.1124064
2.8642557
2.616105
2.3679543
2.1198036
1.8716528
1.6235021
1.3753514
1.1272007
0.87904996
0.63089924
0.38274853
0.13459781
-0.1135529
-0.36170362
-0.60985433
-0.85800503
-1.1061557
-1.3543064
-1.6024572
-1.8506079
-2.0987586
-2.3469093
-2.59506
-2.8432107
-3.0913614
-3.3395122
-3.5876629
6.0059114
5.7665098
5.5271081
5.2877065
5.0483048
4.8089032
4.5695015
4.3300999
4.0906982
3.8512965
3.6118949
3.3724932
3.1330916
2.8936899
2.6542883
2.4148866
2.175485
1.9360833
1.6966817
1.45728
1.2178784
0.97847668
0.73907501
0.49967336
0.2602717
0.02087005
-0.2185316
-0.45793326
-0.69733491
-0.93673655
-1.1761382
-1.4155398
-1.6549415
-1.8943431
-2.1337448
-2.3731464
-2.6125481
-2.8519498
-3.0913514
-3.3307531
5.9216085
5.6909559
5.4603032
5.2296505
4.9989979
4.7683452
4.5376925
4.3070399
4.0763872
3.8457345
3.6150819
3.3844292
3.1537765
2.9231239
2.6924712
2.4618185
2.2311659
2.0005132
1.7698606
1.5392079
1.3085552
1.0779025
0.84724988
0.61659723
0.38594457
0.1552919
-0.075360761
-0.30601343
-0.53666609
-0.76731875
-0.99797142
-1.2286241
-1.4592768
-1.6899294
-1.9205821
-2.1512347
-2.3818874
-2.6125401
-2.8431927
-3.0738454
5.8373064
5.6154026
5.3934989
5.1715951
4.9496914
4.7277876
4.5058838
4.2839801
4.0620763
3.8401726
3.6182688
3.3963651
3.1744613
2.9525576
2.7306538
2.50875
2.2868463
2.0649425
1.8430388
1.621135
1.3992313
1.1773275
0.95542378
0.73352004
0.51161629
0.28971253
0.067808776
-0.15409498
-0.37599874
-0.59790249
-0.81980626
-1.04171
-1.2636138
-1.4855176
-1.7074213
-1.9293251
-2.1512288
-2.3731326
-2.5950363
-2.8169401
5.7530052
5.5398502
5.3266953
5.1135404
4.9003854
4.6872305
4.4740755
4.2609206
4.0477657
3.8346107
3.6214558
3.4083009
3.1951459
2.981991
2.768836
2.5556811
2.3425262
2.1293712
1.9162163
1.7030614
1.4899064
1.2767515
1.0635966
0.85044165
0.63728672
0.42413178
0.21097685
-0.0021780901
-0.21533303
-0.42848796
-0.6416429
-0.85479785
-1.0679528
-1.2811077
-1.4942627
-1.7074176
-1.9205726
-2.1337275
-2.3468824
-2.5600374
5.6687049
5.4642987
5.2598925
5.0554863
4.85108
4.6466738
4.4422676
4.2378614
4.0334552
3.8290489
3.6246427
3.4202365
3.2158303
3.0114241
2.8070179
2.6026116
2.3982054
2.1937992
1.989393
1.7849868
1.5805805
1.3761743
1.1717681
0.96736191
0.7629557
0.55854948
0.35414326
0.14973704
-0.054669173
-0.25907539
-0.46348161
-0.66788783
-0.87229406
-1.0767003
-1.2811065
-1.4855127
-1.6899189
-1.8943252
-2.0987314
-2.3031376
5.5844058
5.3887481
5.1930905
4.9974329
4.8017753
4.6061177
4.4104601
4.2148025
4.0191448
3.8234872
3.6278296
3.432172
3.2365144
3.0408568
2.8451992
2.6495415
2.4538839
2.2582263
2.0625687
1.8669111
1.6712535
1.4755959
1.2799382
1.0842806
0.88862303
0.69296542
0.4973078
0.30165019
0.10599257
-0.08966504
-0.28532265
-0.48098027
-0.67663788
-0.87229551
-1.0679531
-1.2636107
-1.4592684
-1.654926
-1.8505836
-2.0462412
5.5001079
5.3131987
5.1262896
4.9393805
4.7524713
4.5655622
4.378653
4.1917439
4.0048347
3.8179256
3.6310165
3.4441073
3.2571982
3.070289
2.8833799
2.6964708
2.5095616
2.3226525
2.1357433
1.9488342
1.761925
1.5750159
1.3881068
1.2011976
1.0142885
0.82737934
0.6404702
0.45356106
0.26665192
0.07974278
-0.10716636
-0.29407551
-0.48098465
-0.66789379
-0.85480293
-1.0417121
-1.2286212
-1.4155304
-1.6024395
-1.7893486
5.4158114
5.2376506
5.0594898
4.881329
4.7031682
4.5250073
4.3468465
4.1686857
3.9905249
3.8123641
3.6342033
3.4560424
3.2778816
3.0997208
2.92156
2.7433992
2.5652383
2.3870775
2.2089167
2.0307559
1.8525951
1.6744342
1.4962734
1.3181126
1.1399518
0.96179097
0.78363015
0.60546933
0.42730851
0.24914769
0.070986874
-0.10717394
-0.28533476
-0.46349558
-0.6416564
-0.81981722
-0.99797804
-1.1761389
-1.3542997
-1.5324605
5.3315167
5.162104
4.9926913
4.8232787
4.653866
4.4844533
4.3150407
4.145628
3.9762153
3.8068026
3.63739
3.4679773
3.2985646
3.129152
2.9597393
2.7903266
2.620914
2.4515013
2.2820886
2.112676
1.9432633
1.7738506
1.6044379
1.4350253
1.2656126
1.0961999
0.92678727
0.75737459
0.58796192
0.41854925
0.24913659
0.079723918
-0.089688755
-0.25910142
-0.42851409
-0.59792676
-0.76733943
-0.93675209
-1.1061648
-1.2755774
5.2472238
5.0865591
4.9258944
4.7652297
4.604565
4.4439002
4.2832355
4.1225708
3.9619061
3.8012414
3.6405766
3.4799119
3.3192472
3.1585825
2.9979177
2.837253
2.6765883
2.5159236
2.3552589
2.1945941
2.0339294
1.8732647
1.7126
1.5519353
1.3912705
1.2306058
1.0699411
0.90927636
0.74861164
0.58794691
0.42728219
0.26661747
0.10595275
-0.054711972
-0.21537669
-0.37604141
-0.53670613
-0.69737086
-0.85803557
-1.0187003
5.1629333
5.0110163
4.8590993
4.7071823
4.5552653
4.4033482
4.2514312
4.0995142
3.9475972
3.7956802
3.6437632
3.4918462
3.3399292
3.1880122
3.0360952
2.8841781
2.7322611
2.5803441
2.4284271
2.2765101
2.1245931
1.9726761
1.8207591
1.6688421
1.5169251
1.3650081
1.213091
1.061174
0.90925701
0.75733999
0.60542298
0.45350597
0.30158896
0.14967195
-0.0022450594
-0.15416207
-0.30607908
-0.45799609
-0.6099131
-0.76183011
5.0786454
4.9354759
4.7923063
4.6491367
4.5059671
4.3627976
4.219628
4.0764584
3.9332888
3.7901192
3.6469497
3.5037801
3.3606105
3.2174409
3.0742713
2.9311018
2.7879322
2.6447626
2.501593
2.3584235
2.2152539
2.0720843
1.9289147
1.7857451
1.6425756
1.499406
1.3562364
1.2130668
1.0698972
0.92672766
0.78355807
0.64038849
0.49721891
0.35404934
0.21087976
0.067710179
-0.075459398
-0.21862898
-0.36179855
-0.50496813
4.9943608
4.8599383
4.7255158
4.5910933
4.4566708
4.3222484
4.1878259
4.0534034
3.9189809
3.7845584
3.650136
3.5157135
3.381291
3.2468685
3.112446
2.9780236
2.8436011
2.7091786
2.5747561
2.4403336
2.3059111
2.1714887
2.0370662
1.9026437
1.7682212
1.6337987
1.4993763
1.3649538
1.2305313
1.0961088
0.96168633
0.82726387
0.69284139
0.5584189
0.42399642
0.28957394
0.15515146
0.020728982
-0.1136935
-0.24811598
4.91008
4.7844042
4.6587284
4.5330526
4.4073768
4.281701
4.1560253
4.0303495
3.9046737
3.7789979
3.6533221
3.5276463
3.4019705
3.2762947
3.1506189
3.0249432
2.8992674
2.7735916
2.6479158
2.52224
2.3965642
2.2708884
2.1452126
2.0195369
1.8938611
1.7681853
1.6425095
1.5168337
1.3911579
1.2654821
1.1398064
1.0141306
0.8884548
0.76277903
0.63710324
0.51142745
0.38575166
0.26007588
0.13440009
0.0087243002
4.825804
4.7088744
4.5919448
4.4750152
4.3580857
4.2411561
4.1242265
4.0072969
3.8903673
3.7734377
3.6565081
3.5395785
3.4226489
3.3057193
3.1887898
3.0718602
2.9549306
2.838001
2.7210714
2.6041418
2.4872122
2.3702826
2.253353
2.1364234
2.0194939
1.9025643
1.7856347
1.6687051
1.5517755
1.4348459
1.3179163
1.2009867
1.0840571
0.96712756
0.85019798
0.7332684
0.61633881
0.49940922
0.38247963
0.26555004
4.741534
4.63335
4.525166
4.416982
4.308798
4.2006139
4.0924299
3.9842459
3.8760619
3.7678779
3.6596939
3.5515099
3.4433259
3.3351419
3.2269579
3.1187739
3.0105899
2.9024059
2.7942218
2.6860378
2.5778538
2.4696698
2.3614858
2.2533018
2.1451178
2.0369338
1.9287498
1.8205658
1.7123818
1.6041978
1.4960138
1.3878297
1.2796457
1.1714617
1.0632777
0.95509373
0.84690972
0.73872572
0.63054171
0.52235771
4.6572714
4.5578322
4.458393
4.3589538
4.2595146
4.1600754
4.0606362
3.961197
3.8617578
3.7623186
3.6628794
3.5634402
3.464001
3.3645618
3.2651226
3.1656834
3.0662442
2.966805
2.8673658
2.7679266
2.6684874
2.5690482
2.469609
2.3701698
2.2707306
2.1712914
2.0718522
1.972413
1.8729738
1.7735345
1.6740953
1.5746561
1.4752169
1.3757777
1.2763385
1.1768993
1.0774601
0.97802093
0.87858173
0.77914253
4.5730186
4.4823232
4.3916278
4.3009324
4.210237
4.1195416
4.0288462
3.9381508
3.8474554
3.75676
3.6660646
3.5753692
3.4846737
3.3939783
3.3032829
3.2125875
3.1218921
3.0311967
2.9405013
2.8498059
2.7591105
2.6684151
2.5777197
2.4870243
2.3963289
2.3056335
2.2149381
2.1242427
2.0335473
1.9428519
1.8521565
1.7614611
1.6707657
1.5800703
1.4893749
1.3986795
1.3079841
1.2172887
1.1265933
1.0358979
4.4887785
4.4068255
4.3248726
4.2429197
4.1609668
4.0790138
3.9970609
3.915108
3.8331551
3.7512021
3.6692492
3.5872963
3.5053434
3.4233904
3.3414375
3.2594846
3.1775317
3.0955787
3.0136258
2.9316729
2.84972
2.767767
2.6858141
2.6038612
2.5219082
2.4399553
2.3580024
2.2760495
2.1940965
2.1121436
2.0301907
1.9482378
1.8662848
1.7843319
1.702379
1.6204261
1.5384731
1.4565202
1.3745673
1.2926144
4.4045557
4.3313435
4.2581312
4.184919
4.1117067
4.0384945
3.9652822
3.89207
3.8188577
3.7456455
3.6724332
3.599221
3.5260087
3.4527965
3.3795842
3.306372
3.2331597
3.1599475
3.0867352
3.013523
2.9403107
2.8670985
2.7938862
2.720674
2.6474617
2.5742495
2.5010372
2.427825
2.3546127
2.2814005
2.2081882
2.134976
2.0617637
1.9885515
1.9153392
1.8421269
1.7689147
1.6957024
1.6224902
1.5492779
4.3203574
4.2558833
4.1914092
4.1269351
4.062461
3.9979868
3.9335127
3.8690386
3.8045645
3.7400904
3.6756163
3.6111422
3.5466681
3.482194
3.4177199
3.3532457
3.2887716
3.2242975
3.1598234
3.0953493
3.0308752
2.9664011
2.901927
2.8374529
2.7729788
2.7085046
2.6440305
2.5795564
2.5150823
2.4506082
2.3861341
2.32166
2.2571859
2.1927118
2.1282377
2.0637635
1.9992894
1.9348153
1.8703412
1.8058671
4.236195
4.1804553
4.1247156
4.0689759
4.0132362
3.9574965
3.9017568
3.8460171
3.7902774
3.7345377
3.678798
3.6230583
3.5673186
3.5115789
3.4558392
3.4000995
3.3443598
3.2886201
3.2328804
3.1771407
3.121401
3.0656613
3.0099216
2.9541819
2.8984422
2.8427025
2.7869628
2.7312231
2.6754834
2.6197437
2.564004
2.5082643
2.4525246
2.3967849
2.3410452
2.2853055
2.2295658
2.1738261
2.1180864
2.0623467
4.1520887
4.1050776
4.0580665
4.0110554
3.9640443
3.9170332
3.8700221
3.823011
3.7759998
3.7289887
3.6819776
3.6349665
3.5879554
3.5409443
3.4939332
3.4469221
3.399911
3.3528998
3.3058887
3.2588776
3.2118665
3.1648554
3.1178443
3.0708332
3.0238221
2.976811
2.9297998
2.8827887
2.8357776
2.7887665
2.7417554
2.6947443
2.6477332
2.6007221
2.553711
2.5066998
2.4596887
2.4126776
2.3656665
2.3186554
4.0680771
4.0297848
3.9914924
3.9532001
3.9149077
3.8766154
3.838323
3.8000307
3.7617383
3.723446
3.6851536
3.6468613
3.6085689
3.5702766
3.5319842
3.4936919
3.4553995
3.4171072
3.3788148
3.3405225
3.3022301
3.2639378
3.2256454
3.1873531
3.1490607
3.1107684
3.072476
3.0341837
2.9958913
2.957599
2.9193066
2.8810143
2.8427219
2.8044296
2.7661372
2.7278449
2.6895525
2.6512602
2.6129678
2.5746755
3.9842448
3.9546526
3.9250604
3.8954682
3.865876
3.8362838
3.8066916
3.7770994
3.7475072
3.717915
3.6883228
3.6587306
3.6291384
3.5995462
3.569954
3.5403618
3.5107696
3.4811774
3.4515852
3.421993
3.3924008
3.3628086
3.3332164
3.3036243
3.2740321
3.2444399
3.2148477
3.1852555
3.1556633
3.1260711
3.0964789
3.0668867
3.0372945
3.0077023
2.9781101
2.9485179
2.9189257
2.8893335
2.8597413
2.8301491
7.3125
7.3125
7.3125
7.3125
7.3125
7.3125
7.3125
7.3125
7.3125
7.3125
7.3125
7.3125
7.3125
7.3125
7.3125
7.3125
7.3125
7.3125
7.3125
7.3125
7.3125
7.3125
7.3125
7.3125
7.3125
7.3125
7.3125
7.3125
7.3125
7.3125
7.3125
7.3125
7.3125
7.3125
7.3125
7.3125
7.3125
7.3125
7.3125
7.3125
6.9375
6.9375
6.9375
6.9375
6.9375
6.9375
6.9375
6.9375
6.9375
6.9375
6.9375
6.9375
6.9375
6.9375
6.9375
6.9375
6.9375
6.9375
6.9375
6.9375
6.9375
6.9375
6.9375
6.9375
6.9375
6.9375
6.9375
6.9375
6.9375
6.9375
6.9375
6.9375
6.9375
6.9375
6.9375
6.9375
6.9375
6.9375
6.9375
6.9375
6.5625
6.5625
6.5625
6.5625
6.5625
6.5625
6.5625
6.5625
6.5625
6.5625
6.5625
6.5625
6.5625
6.5625
6.5625
6.5625
6.5625
6.5625
6.5625
6.5625
6.5625
6.5625
6.5625
6.5625
6.5625
6.5625
6.5625
6.5625
6.5625
6.5625
6.5625
6.5625
6.5625
6.5625
6.5625
6.5625
6.5625
6.5625
6.5625
6.5625
6.1875
6.1875
6.1875
6.1875
6.1875
6.1875
6.1875
6.1875
6.1875
6.1875
6.1875
6.1875
6.1875
6.1875
6.1875
6.1875
6.1875
6.1875
6.1875
6.1875
6.1875
6.1875
6.1875
6.1875
6.1875
6.1875
6.1875
6.1875
6.1875
6.1875
6.1875
6.1875
6.1875
6.1875
6.1875
6.1875
6.1875
6.1875
6.1875
6.1875
5.8125
5.8125
5.8125
5.8125
5.8125
5.8125
5.8125
5.8125
5.8125
5.8125
5.8125
5.8125
5.8125
5.8125
5.8125
5.8125
5.8125
5.8125
5.8125
5.8125
5.8125
5.8125
5.8125
5.8125
5.8125
5.8125
5.8125
5.8125
5.8125
5.8125
5.8125
5.8125
5.8125
5.8125
5.8125
5.8125
5.8125
5.8125
5.8125
5.8125
5.4375
5.4375
5.4375
5.4375
5.4375
5.4375
5.4375
5.4375
5.4375
5.4375
5.4375
5.4375
5.4375
5.4375
5.4375
5.4375
5.4375
5.4375
5.4375
5.4375
5.4375
5.4375
5.4375
5.4375
5.4375
5.4375
5.4375
5.4375
5.4375
5.4375
5.4375
5.4375
5.4375
5.4375
5.4375
5.4375
5.4375
5.4375
5.4375
5.4375
5.0625
5.0625
5.0625
5.0625
5.0625
5.0625
5.0625
5.0625
5.0625
5.0625
5.0625
5.0625
5.0625
5.0625
5.0625
5.0625
5.0625
5.0625
5.0625
5.0625
5.0625
5.0625
5.0625
5.0625
5.0625
5.0625
5.0625
5.0625
5.0625
5.0625
5.0625
5.0625
5.0625
5.0625
5.0625
5.0625
5.0625
5.0625
5.0625
5.0625
4.6875
4.6875
4.6875
4.6875
4.6875
4.6875
4.6875
4.6875
4.6875
4.6875
4.6875
4.6875
4.6875
4.6875
4.6875
4.6875
4.6875
4.6875
4.6875
4.6875
4.6875
4.6875
4.6875
4.6875
4.6875
4.6875
4.6875
4.6875
4.6875
4.6875
4.6875
4.6875
4.6875
4.6875
4.6875
4.6875
4.6875
4.6875
4.6875
4.6875
4.3125
4.3125
4.3125
4.3125
4.3125
4.3125
4.3125
4.3125
4.3125
4.3125
4.3125
4.3125
4.3125
4.3125
4.3125
4.3125
4.3125
4.3125
4.3125
4.3125
4.3125
4.3125
4.3125
4.3125
4.3125
4.3125
4.3125
4.3125
4.3125
4.3125
4.3125
4.3125
4.3125
4.3125
4.3125
4.3125
4.3125
4.3125
4.3125
4.3125
3.9375
3.9375
3.9375
3.9375
3.9375
3.9375
3.9375
3.9375
3.9375
3.9375
3.9375
3.9375
3.9375
3.9375
3.9375
3.9375
3.9375
3.9375
3.9375
3.9375
3.9375
3.9375
3.9375
3.9375
3.9375
3.9375
3.9375
3.9375
3.9375
3.9375
3.9375
3.9375
3.9375
3.9375
3.9375
3.9375
3.9375
3.9375
3.9375
3.9375
3.5625
3.5625
3.5625
3.5625
3.5625
3.5625
3.5625
3.5625
3.5625
3.5625
3.5625
3.5625
3.5625
3.5625
3.5625
3.5625
3.5625
3.5625
3.5625
3.5625
3.5625
3.5625
3.5625
3.5625
3.5625
3.5625
3.5625
3.5625
3.5625
3.5625
3.5625
3.5625
3.5625
3.5625
3.5625
3.5625
3.5625
3.5625
3.5625
3.5625
3.1875
3.1875
3.1875
3.1875
3.1875
3.1875
3.1875
3.1875
3.1875
3.1875
3.1875
3.1875
3.1875
3.1875
3.1875
3.1875
3.1875
3.1875
3.1875
3.1875
3.1875
3.1875
3.1875
3.1875
3.1875
3.1875
3.1875
3.1875
3.1875
3.1875
3.1875
3.1875
3.1875
3.1875
3.1875
3.1875
3.1875
3.1875
3.1875
3.1875
2.8125
2.8125
2.8125
2.8125
2.8125
2.8125
2.8125
2.8125
2.8125
2.8125
2.8125
2.8125
2.8125
2.8125
2.8125
2.8125
2.8125
2.8125
2.8125
2.8125
2.8125
2.8125
2.8125
2.8125
2.8125
2.8125
2.8125
2.8125
2.8125
2.8125
2.8125
2.8125
2.8125
2.8125
2.8125
2.8125
2.8125
2.8125
2.8125
2.8125
2.4375
2.4375
2.4375
2.4375
2.4375
2.4375
2.4375
2.4375
2.4375
2.4375
2.4375
2.4375
2.4375
2.4375
2.4375
2.4375
2.4375
2.4375
2.4375
2.4375
2.4375
2.4375
2.4375
2.4375
2.4375
2.4375
2.4375
2.4375
2.4375
2.4375
2.4375
2.4375
2.4375
2.4375
2.4375
2.4375
2.4375
2.4375
2.4375
2.4375
2.0625
2.0625
2.0625
2.0625
2.0625
2.0625
2.0625
2.0625
2.0625
2.0625
2.0625
2.0625
2.0625
2.0625
2.0625
2.0625
2.0625
2.0625
2.0625
2.0625
2.0625
2.0625
2.0625
2.0625
2.0625
2.0625
2.0625
2.0625
2.0625
2.0625
2.0625
2.0625
2.0625
2.0625
2.0625
2.0625
2.0625
2.0625
2.0625
2.0625
1.6875
1.6875
1.6875
1.6875
1.6875
1.6875
1.6875
1.6875
1.6875
1.6875
1.6875
1.6875
1.6875
1.6875
1.6875
1.6875
1.6875
1.6875
1.6875
1.6875
1.6875
1.6875
1.6875
1.6875
1.6875
1.6875
1.6875
1.6875
1.6875
1.6875
1.6875
1.6875
1.6875
1.6875
1.6875
1.6875
1.6875
1.6875
1.6875
1.6875
1.3125
1.3125
1.3125
1.3125
1.3125
1.3125
1.3125
1.3125
1.3125
1.3125
1.3125
1.3125
1.3125
1.3125
1.3125
1.3125
1.3125
1.3125
1.3125
1.3125
1.3125
1.3125
1.3125
1.3125
1.3125
1.3125
1.3125
1.3125
1.3125
1.3125
1.3125
1.3125
1.3125
1.3125
1.3125
1.3125
1.3125
1.3125
1.3125
1.3125
0.9375
0.9375
0.9375
0.9375
0.9375
0.9375
0.9375
0.9375
0.9375
0.9375
0.9375
0.9375
0.9375
0.9375
0.9375
0.9375
0.9375
0.9375
0.9375
0.9375
0.9375
0.9375
0.9375
0.9375
0.9375
0.9375
0.9375
0.9375
0.9375
0.9375
0.9375
0.9375
0.9375
0.9375
0.9375
0.9375
0.9375
0.9375
0.9375
0.9375
0.5625
0.5625
0.5625
0.5625
0.5625
0.5625
0.5625
0.5625
0.5625
0.5625
0.5625
0.5625
0.5625
0.5625
0.5625
0.5625
0.5625
0.5625
0.5625
0.5625
0.5625
0.5625
0.5625
0.5625
0.5625
0.5625
0.5625
0.5625
0.5625
0.5625
0.5625
0.5625
0.5625
0.5625
0.5625
0.5625
0.5625
0.5625
0.5625
0.5625
0.1875
0.1875
0.1875
0.1875
0.1875
0.1875
0.1875
0.1875
0.1875
0.1875
0.1875
0.1875
0.1875
0.1875
0.1875
0.1875
0.1875
0.1875
0.1875
0.1875
0.1875
0.1875
0.1875
0.1875
0.1875
0.1875
0.1875
0.1875
0.1875
0.1875
0.1875
0.1875
0.1875
0.1875
0.1875
0.1875
0.1875
0.1875
0.1875
0.1875
-0.1875
-0.1875
-0.1875
-0.1875
-0.1875
-0.1875
-0.1875
-0.1875
-0.1875
-0.1875
-0.1875
-0.1875
-0.1875
-0.1875
-0.1875
-0.1875
-0.1875
-0.1875
-0.1875
-0.1875
-0.1875
-0.1875
-0.1875
-0.1875
-0.1875
-0.1875
-0.1875
-0.1875
-0.1875
-0.1875
-0.1875
-0.1875
-0.1875
-0.1875
-0.1875
-0.1875
-0.1875
-0.1875
-0.1875
-0.1875
-0.5625
-0.5625
-0.5625
-0.5625
-0.5625
-0.5625
-0.5625
-0.5625
-0.5625
-0.5625
-0.5625
-0.5625
-0.5625
-0.5625
-0.5625
-0.5625
-0.5625
-0.5625
-0.5625
-0.5625
-0.5625
-0.5625
-0.5625
-0.5625
-0.5625
-0.5625
-0.5625
-0.5625
-0.5625
-0.5625
-0.5625
-0.5625
-0.5625
-0.5625
-0.5625
-0.5625
-0.5625
-0.5625
-0.5625
-0.5625
-0.9375
-0.9375
-0.9375
-0.9375
-0.9375
-0.9375
-0.9375
-0.9375
-0.9375
-0.9375
-0.9375
-0.9375
-0.9375
-0.9375
-0.9375
-0.9375
-0.9375
-0.9375
-0.9375
-0.9375
-0.9375
-0.9375
-0.9375
-0.9375
-0.9375
-0.9375
-0.9375
-0.9375
-0.9375
-0.9375
-0.9375
-0.9375
-0.9375
-0.9375
-0.9375
-0.9375
-0.9375
-0.9375
-0.9375
-0.9375
-1.3125
-1.3125
-1.3125
-1.3125
-1.3125
-1.3125
-1.3125
-1.3125
-1.3125
-1.3125
-1.3125
-1.3125
-1.3125
-1.3125
-1.3125
-1.3125
-1.3125
-1.3125
-1.3125
-1.3125
-1.3125
-1.3125
-1.3125
-1.3125
-1.3125
-1.3125
-1.3125
-1.3125
-1.3125
-1.3125
-1.3125
-1.3125
-1.3125
-1.3125
-1.3125
-1.3125
-1.3125
-1.3125
-1.3125
-1.3125
-1.6875
-1.6875
-1.6875
-1.6875
-1.6875
-1.6875
-1.6875
-1.6875
-1.6875
-1.6875
-1.6875
-1.6875
-1.6875
-1.6875
-1.6875
-1.6875
-1.6875
-1.6875
-1.6875
-1.6875
-1.6875
-1.6875
-1.6875
-1.6875
-1.6875
-1.6875
-1.6875
-1.6875
-1.6875
-1.6875
-1.6875
-1.6875
-1.6875
-1.6875
-1.6875
-1.6875
-1.6875
-1.6875
-1.6875
-1.6875
-2.0625
-2.0625
-2.0625
-2.0625
-2.0625
-2.0625
-2.0625
-2.0625
-2.0625
-2.0625
-2.0625
-2.0625
-2.0625
-2.0625
-2.0625
-2.0625
-2.0625
-2.0625
-2.0625
-2.0625
-2.0625
-2.0625
-2.0625
-2.0625
-2.0625
-2.0625
-2.0625
-2.0625
-2.0625
-2.0625
-2.0625
-2.0625
-2.0625
-2.0625
-2.0625
-2.0625
-2.0625
-2.0625
-2.0625
-2.0625
-2.4375
-2.4375
-2.4375
-2.4375
-2.4375
-2.4375
-2.4375
-2.4375
-2.4375
-2.4375
-2.4375
-2.4375
-2.4375
-2.4375
-2.4375
-2.4375
-2.4375
-2.4375
-2.4375
-2.4375
-2.4375
-2.4375
-2.4375
-2.4375
-2.4375
-2.4375
-2.4375
-2.4375
-2.4375
-2.4375
-2.4375
-2.4375
-2.4375
-2.4375
-2.4375
-2.4375
-2.4375
-2.4375
-2.4375
-2.4375
-2.8125
-2.8125
-2.8125
-2.8125
-2.8125
-2.8125
-2.8125
-2.8125
-2.8125
-2.8125
-2.8125
-2.8125
-2.8125
-2.8125
-2.8125
-2.8125
-2.8125
-2.8125
-2.8125
-2.8125
-2.8125
-2.8125
-2.8125
-2.8125
-2.8125
-2.8125
-2.8125
-2.8125
-2.8125
-2.8125
-2.8125
-2.8125
-2.8125
-2.8125
-2.8125
-2.8125
-2.8125
-2.8125
-2.8125
-2.8125
-3.1875
-3.1875
-3.1875
-3.1875
-3.1875
-3.1875
-3.1875
-3.1875
-3.1875
-3.1875
-3.1875
-3.1875
-3.1875
-3.1875
-3.1875
-3.1875
-3.1875
-3.1875
-3.1875
-3.1875
-3.1875
-3.1875
-3.1875
-3.1875
-3.1875
-3.1875
-3.1875
-3.1875
-3.1875
-3.1875
-3.1875
-3.1875
-3.1875
-3.1875
-3.1875
-3.1875
-3.1875
-3.1875
-3.1875
-3.1875
-3.5625
-3.5625
-3.5625
-3.5625
-3.5625
-3.5625
-3.5625
-3.5625
-3.5625
-3.5625
-3.5625
-3.5625
-3.5625
-3.5625
-3.5625
-3.5625
-3.5625
-3.5625
-3.5625
-3.5625
-3.5625
-3.5625
-3.5625
-3.5625
-3.5625
-3.5625
-3.5625
-3.5625
-3.5625
-3.5625
-3.5625
-3.5625
-3.5625
-3.5625
-3.5625
-3.5625
-3.5625
-3.5625
-3.5625
-3.5625
-3.9375
-3.9375
-3.9375
-3.9375
-3.9375
-3.9375
-3.9375
-3.9375
-3.9375
-3.9375
-3.9375
-3.9375
-3.9375
-3.9375
-3.9375
-3.9375
-3.9375
-3.9375
-3.9375
-3.9375
-3.9375
-3.9375
-3.9375
-3.9375
-3.9375
-3.9375
-3.9375
-3.9375
-3.9375
-3.9375
-3.9375
-3.9375
-3.9375
-3.9375
-3.9375
-3.9375
-3.9375
-3.9375
-3.9375
-3.9375
-4.3125
-4.3125
-4.3125
-4.3125
-4.3125
-4.3125
-4.3125
-4.3125
-4.3125
-4.3125
-4.3125
-4.3125
-4.3125
-4.3125
-4.3125
-4.3125
-4.3125
-4.3125
-4.3125
-4.3125
-4.3125
-4.3125
-4.3125
-4.3125
-4.3125
-4.3125
-4.3125
-4.3125
-4.3125
-4.3125
-4.3125
-4.3125
-4.3125
-4.3125
-4.3125
-4.3125
-4.3125
-4.3125
-4.3125
-4.3125
-4.6875
-4.6875
-4.6875
-4.6875
-4.6875
-4.6875
-4.6875
-4.6875
-4.6875
-4.6875
-4.6875
-4.6875
-4.6875
-4.6875
-4.6875
-4.6875
-4.6875
-4.6875
-4.6875
-4.6875
-4.6875
-4.6875
-4.6875
-4.6875
-4.6875
-4.6875
-4.6875
-4.6875
-4.6875
-4.6875
-4.6875
-4.6875
-4.6875
-4.6875
-4.6875
-4.6875
-4.6875
-4.6875
-4.6875
-4.6875
-5.0625
-5.0625
-5.0625
-5.0625
-5.0625
-5.0625
-5.0625
-5.0625
-5.0625
-5.0625
-5.0625
-5.0625
-5.0625
-5.0625
-5.0625
-5.0625
-5.0625
-5.0625
-5.0625
-5.0625
-5.0625
-5.0625
-5.0625
-5.0625
-5.0625
-5.0625
-5.0625
-5.0625
-5.0625
-5.0625
-5.0625
-5.0625
-5.0625
-5.0625
-5.0625
-5.0625
-5.0625
-5.0625
-5.0625
-5.0625
-5.4375
-5.4375
-5.4375
-5.4375
-5.4375
-5.4375
-5.4375
-5.4375
-5.4375
-5.4375
-5.4375
-5.4375
-5.4375
-5.4375
-5.4375
-5.4375
-5.4375
-5.4375
-5.4375
-5.4375
-5.4375
-5.4375
-5.4375
-5.4375
-5.4375
-5.4375
-5.4375
-5.4375
-5.4375
-5.4375
-5.4375
-5.4375
-5.4375
-5.4375
-5.4375
-5.4375
-5.4375
-5.4375
-5.4375
-5.4375
-5.8125
-5.8125
-5.8125
-5.8125
-5.8125
-5.8125
-5.8125
-5.8125
-5.8125
-5.8125
-5.8125
-5.8125
-5.8125
-5.8125
-5.8125
-5.8125
-5.8125
-5.8125
-5.8125
-5.8125
-5.8125
-5.8125
-5.8125
-5.8125
-5.8125
-5.8125
-5.8125
-5.8125
-5.8125
-5.8125
-5.8125
-5.8125
-5.8125
-5.8125
-5.8125
-5.8125
-5.8125
-5.8125
-5.8125
-5.8125
-6.1875
-6.1875
-6.1875
-6.1875
-6.1875
-6.1875
-6.1875
-6.1875
-6.1875
-6.1875
-6.1875
-6.1875
-6.1875
-6.1875
-6.1875
-6.1875
-6.1875
-6.1875
-6.1875
-6.1875
-6.1875
-6.1875
-6.1875
-6.1875
-6.1875
-6.1875
-6.1875
-6.1875
-6.1875
-6.1875
-6.1875
-6.1875
-6.1875
-6.1875
-6.1875
-6.1875
-6.1875
-6.1875
-6.1875
-6.1875
-6.5625
-6.5625
-6.5625
-6.5625
-6.5625
-6.5625
-6.5625
-6.5625
-6.5625
-6.5625
-6.5625
-6.5625
-6.5625
-6.5625
-6.5625
-6.5625
-6.5625
-6.5625
-6.5625
-6.5625
-6.5625
-6.5625
-6.5625
-6.5625
-6.5625
-6.5625
-6.5625
-6.5625
-6.5625
-6.5625
-6.5625
-6.5625
-6.5625
-6.5625
-6.5625
-6.5625
-6.5625
-6.5625
-6.5625
-6.5625
-6.9375
-6.9375
-6.9375
-6.9375
-6.9375
-6.9375
-6.9375
-6.9375
-6.9375
-6.9375
-6.9375
-6.9375
-6.9375
-6.9375
-6.9375
-6.9375
-6.9375
-6.9375
-6.9375
-6.9375
-6.9375
-6.9375
-6.9375
-6.9375
-6.9375
-6.9375
-6.9375
-6.9375
-6.9375
-6.9375
-6.9375
-6.9375
-6.9375
-6.9375
-6.9375
-6.9375
-6.9375
-6.9375
-6.9375
-6.9375
-7.3125
-7.3125
-7.3125
-7.3125
-7.3125
-7.3125
-7.3125
-7.3125
-7.3125
-7.3125
-7.3125
-7.3125
-7.3125
-7.3125
-7.3125
-7.3125
-7.3125
-7.3125
-7.3125
-7.3125
-7.3125
-7.3125
-7.3125
-7.3125
-7.3125
-7.3125
-7.3125
-7.3125
-7.3125
-7.3125
-7.3125
-7.3125
-7.3125
-7.3125
-7.3125
-7.3125
-7.3125
-7.3125
-7.3125
-7.3125
-7.3125
-7.3125
-7.3125
-7.3125
-7.3125
-7.3125
-7.3125
-7.3125
-7.3125
-7.3125
-7.3125
-7.3125
-7.3125
-7.3125
-7.3125
-7.3125
-7.3125
-7.3125
-7.3125
-7.3125
-7.3125
-7.3125
-7.3125
-7.3125
-7.3125
-7.3125
-7.3125
-7.3125
-7.3125
-7.3125
-7.3125
-7.3125
-7.3125
-7.3125
-7.3125
-7.3125
-7.3125
-7.3125
-7.3125
-7.3125
-6.9375
-6.9375
-6.9375
-6.9375
-6.9375
-6.9375
-6.9375
-6.9375
-6.9375
-6.9375
-6.9375
-6.9375
-6.9375
-6.9375
-6.9375
-6.9375
-6.9375
-6.9375
-6.9375
-6.9375
-6.9375
-6.9375
-6.9375
-6.9375
-6.9375
-6.9375
-6.9375
-6.9375
-6.9375
-6.9375
-6.9375
-6.9375
-6.9375
-6.9375
-6.9375
-6.9375
-6.9375
-6.9375
-6.9375
-6.9375
-6.5625
-6.5625
-6.5625
-6.5625
-6.5625
-6.5625
-6.5625
-6.5625
-6.5625
-6.5625
-6.5625
-6.5625
-6.5625
-6.5625
-6.5625
-6.5625
-6.5625
-6.5625
-6.5625
-6.5625
-6.5625
-6.5625
-6.5625
-6.5625
-6.5625
-6.5625
-6.5625
-6.5625
-6.5625
-6.5625
-6.5625
-6.5625
-6.5625
-6.5625
-6.5625
-6.5625
-6.5625
-6.5625
-6.5625
-6.5625
-6.1875
-6.1875
-6.1875
-6.1875
-6.1875
-6.1875
-6.1875
-6.1875
-6.1875
-6.1875
-6.1875
-6.1875
-6.1875
-6.1875
-6.1875
-6.1875
-6.1875
-6.1875
-6.1875
-6.1875
-6.1875
-6.1875
-6.1875
-6.1875
-6.1875
-6.1875
-6.1875
-6.1875
-6.1875
-6.1875
-6.1875
-6.1875
-6.1875
-6.1875
-6.1875
-6.1875
-6.1875
-6.1875
-6.1875
-6.1875
-5.8125
-5.8125
-5.8125
-5.8125
-5.8125
-5.8125
-5.8125
-5.8125
-5.8125
-5.8125
-5.8125
-5.8125
-5.8125
-5.8125
-5.8125
-5.8125
-5.8125
-5.8125
-5.8125
-5.8125
-5.8125
-5.8125
-5.8125
-5.8125
-5.8125
-5.8125
-5.8125
-5.8125
-5.8125
-5.8125
-5.8125
-5.8125
-5.8125
-5.8125
-5.8125
-5.8125
-5.8125
-5.8125
-5.8125
-5.8125
-5.4375
-5.4375
-5.4375
-5.4375
-5.4375
-5.4375
-5.4375
-5.4375
-5.4375
-5.4375
-5.4375
-5.4375
-5.4375
-5.4375
-5.4375
-5.4375
-5.4375
-5.4375
-5.4375
-5.4375
-5.4375
-5.4375
-5.4375
-5.4375
-5.4375
-5.4375
-5.4375
-5.4375
-5.4375
-5.4375
-5.4375
-5.4375
-5.4375
-5.4375
-5.4375
-5.4375
-5.4375
-5.4375
-5.4375
-5.4375
-5.0625
-5.0625
-5.0625
-5.0625
-5.0625
-5.0625
-5.0625
-5.0625
-5.0625
-5.0625
-5.0625
-5.0625
-5.0625
-5.0625
-5.0625
-5.0625
-5.0625
-5.0625
-5.0625
-5.0625
-5.0625
-5.0625
-5.0625
-5.0625
-5.0625
-5.0625
-5.0625
-5.0625
-5.0625
-5.0625
-5.0625
-5.0625
-5.0625
-5.0625
-5.0625
-5.0625
-5.0625
-5.0625
-5.0625
-5.0625
-4.6875
-4.6875
-4.6875
-4.6875
-4.6875
-4.6875
-4.6875
-4.6875
-4.6875
-4.6875
-4.6875
-4.6875
-4.6875
-4.6875
-4.6875
-4.6875
-4.6875
-4.6875
-4.6875
-4.6875
-4.6875
-4.6875
-4.6875
-4.6875
-4.6875
-4.6875
-4.6875
-4.6875
-4.6875
-4.6875
-4.6875
-4.6875
-4.6875
-4.6875
-4.6875
-4.6875
-4.6875
-4.6875
-4.6875
-4.6875
-4.3125
-4.3125
-4.3125
-4.3125
-4.3125
-4.3125
-4.3125
-4.3125
-4.3125
-4.3125
-4.3125
-4.3125
-4.3125
-4.3125
-4.3125
-4.3125
-4.3125
-4.3125
-4.3125
-4.3125
-4.3125
-4.3125
-4.3125
-4.3125
-4.3125
-4.3125
-4.3125
-4.3125
-4.3125
-4.3125
-4.3125
-4.3125
-4.3125
-4.3125
-4.3125
-4.3125
-4.3125
-4.3125
-4.3125
-4.3125
-3.9375
-3.9375
-3.9375
-3.9375
-3.9375
-3.9375
-3.9375
-3.9375
-3.9375
-3.9375
-3.9375
-3.9375
-3.9375
-3.9375
-3.9375
-3.9375
-3.9375
-3.9375
-3.9375
-3.9375
-3.9375
-3.9375
-3.9375
-3.9375
-3.9375
-3.9375
-3.9375
-3.9375
-3.9375
-3.9375
-3.9375
-3.9375
-3.9375
-3.9375
-3.9375
-3.9375
-3.9375
-3.9375
-3.9375
-3.9375
-3.5625
-3.5625
-3.5625
-3.5625
-3.5625
-3.5625
-3.5625
-3.5625
-3.5625
-3.5625
-3.5625
-3.5625
-3.5625
-3.5625
-3.5625
-3.5625
-3.5625
-3.5625
-3.5625
-3.5625
-3.5625
-3.5625
-3.5625
-3.5625
-3.5625
-3.5625
-3.5625
-3.5625
-3.5625
-3.5625
-3.5625
-3.5625
-3.5625
-3.5625
-3.5625
-3.5625
-3.5625
-3.5625
-3.5625
-3.5625
-3.1875
-3.1875
-3.1875
-3.1875
-3.1875
-3.1875
-3.1875
-3.1875
-3.1875
-3.1875
-3.1875
-3.1875
-3.1875
-3.1875
-3.1875
-3.1875
-3.1875
-3.1875
-3.1875
-3.1875
-3.1875
-3.1875
-3.1875
-3.1875
-3.1875
-3.1875
-3.1875
-3.1875
-3.1875
-3.1875
-3.1875
-3.1875
-3.1875
-3.1875
-3.1875
-3.1875
-3.1875
-3.1875
-3.1875
-3.1875
-2.8125
-2.8125
-2.8125
-2.8125
-2.8125
-2.8125
-2.8125
-2.8125
-2.8125
-2.8125
-2.8125
-2.8125
-2.8125
-2.8125
-2.8125
-2.8125
-2.8125
-2.8125
-2.8125
-2.8125
-2.8125
-2.8125
-2.8125
-2.8125
-2.8125
-2.8125
-2.8125
-2.8125
-2.8125
-2.8125
-2.8125
-2.8125
-2.8125
-2.8125
-2.8125
-2.8125
-2.8125
-2.8125
-2.8125
-2.8125
-2.4375
-2.4375
-2.4375
-2.4375
-2.4375
-2.4375
-2.4375
-2.4375
-2.4375
-2.4375
-2.4375
-2.4375
-2.4375
-2.4375
-2.4375
-2.4375
-2.4375
-2.4375
-2.4375
-2.4375
-2.4375
-2.4375
-2.4375
-2.4375
-2.4375
-2.4375
-2.4375
-2.4375
-2.4375
-2.4375
-2.4375
-2.4375
-2.4375
-2.4375
-2.4375
-2.4375
-2.4375
-2.4375
-2.4375
-2.4375
-2.0625
-2.0625
-2.0625
-2.0625
-2.0625
-2.0625
-2.0625
-2.0625
-2.0625
-2.0625
-2.0625
-2.0625
-2.0625
-2.0625
-2.0625
-2.0625
-2.0625
-2.0625
-2.0625
-2.0625
-2.0625
-2.0625
-2.0625
-2.0625
-2.0625
-2.0625
-2.0625
-2.0625
-2.0625
-2.0625
-2.0625
-2.0625
-2.0625
-2.0625
-2.0625
-2.0625
-2.0625
-2.0625
-2.0625
-2.0625
-1.6875
-1.6875
-1.6875
-1.6875
-1.6875
-1.6875
-1.6875
-1.6875
-1.6875
-1.6875
-1.6875
-1.6875
-1.6875
-1.6875
-1.6875
-1.6875
-1.6875
-1.6875
-1.6875
-1.6875
-1.6875
-1.6875
-1.6875
-1.6875
-1.6875
-1.6875
-1.6875
-1.6875
-1.6875
-1.6875
-1.6875
-1.6875
-1.6875
-1.6875
-1.6875
-1.6875
-1.6875
-1.6875
-1.6875
-1.6875
-1.3125
-1.3125
-1.3125
-1.3125
-1.3125
-1.3125
-1.3125
-1.3125
-1.3125
-1.3125
-1.3125
-1.3125
-1.3125
-1.3125
-1.3125
-1.3125
-1.3125
-1.3125
-1.3125
-1.3125
-1.3125
-1.3125
-1.3125
-1.3125
-1.3125
-1.3125
-1.3125
-1.3125
-1.3125
-1.3125
-1.3125
-1.3125
-1.3125
-1.3125
-1.3125
-1.3125
-1.3125
-1.3125
-1.3125
-1.3125
-0.9375
-0.9375
-0.9375
-0.9375
-0.9375
-0.9375
-0.9375
-0.9375
-0.9375
-0.9375
-0.9375
-0.9375
-0.9375
-0.9375
-0.9375
-0.9375
-0.9375
-0.9375
-0.9375
-0.9375
-0.9375
-0.9375
-0.9375
-0.9375
-0.9375
-0.9375
-0.9375
-0.9375
-0.9375
-0.9375
-0.9375
-0.9375
-0.9375
-0.9375
-0.9375
-0.9375
-0.9375
-0.9375
-0.9375
-0.9375
-0.5625
-0.5625
-0.5625
-0.5625
-0.5625
-0.5625
-0.5625
-0.5625
-0.5625
-0.5625
-0.5625
-0.5625
-0.5625
-0.5625
-0.5625
-0.5625
-0.5625
-0.5625
-0.5625
-0.5625
-0.5625
-0.5625
-0.5625
-0.5625
-0.5625
-0.5625
-0.5625
-0.5625
-0.5625
-0.5625
-0.5625
-0.5625
-0.5625
-0.5625
-0.5625
-0.5625
-0.5625
-0.5625
-0.5625
-0.5625
-0.1875
-0.1875
-0.1875
-0.1875
-0.1875
-0.1875
-0.1875
-0.1875
-0.1875
-0.1875
-0.1875
-0.1875
-0.1875
-0.1875
-0.1875
-0.1875
-0.1875
-0.1875
-0.1875
-0.1875
-0.1875
-0.1875
-0.1875
-0.1875
-0.1875
-0.1875
-0.1875
-0.1875
-0.1875
-0.1875
-0.1875
-0.1875
-0.1875
-0.1875
-0.1875
-0.1875
-0.1875
-0.1875
-0.1875
-0.1875
0.1875
0.1875
0.1875
0.1875
0.1875
0.1875
0.1875
0.1875
0.1875
0.1875
0.1875
0.1875
0.1875
0.1875
0.1875
0.1875
0.1875
0.1875
0.1875
0.1875
0.1875
0.1875
0.1875
0.1875
0.1875
0.1875
0.1875
0.1875
0.1875
0.1875
0.1875
0.1875
0.1875
0.1875
0.1875
0.1875
0.1875
0.1875
0.1875
0.1875
0.5625
0.5625
0.5625
0.5625
0.5625
0.5625
0.5625
0.5625
0.5625
0.5625
0.5625
0.5625
0.5625
0.5625
0.5625
0.5625
0.5625
0.5625
0.5625
0.5625
0.5625
0.5625
0.5625
0.5625
0.5625
0.5625
0.5625
0.5625
0.5625
0.5625
0.5625
0.5625
0.5625
0.5625
0.5625
0.5625
0.5625
0.5625
0.5625
0.5625
0.9375
0.9375
0.9375
0.9375
0.9375
0.9375
0.9375
0.9375
0.9375
0.9375
0.9375
0.9375
0.9375
0.9375
0.9375
0.9375
0.9375
0.9375
0.9375
0.9375
0.9375
0.9375
0.9375
0.9375
0.9375
0.9375
0.9375
0.9375
0.9375
0.9375
0.9375
0.9375
0.9375
0.9375
0.9375
0.9375
0.9375
0.9375
0.9375
0.9375
1.3125
1.3125
1.3125
1.3125
1.3125
1.3125
1.3125
1.3125
1.3125
1.3125
1.3125
1.3125
1.3125
1.3125
1.3125
1.3125
1.3125
1.3125
1.3125
1.3125
1.3125
1.3125
1.3125
1.3125
1.3125
1.3125
1.3125
1.3125
1.3125
1.3125
1.3125
1.3125
1.3125
1.3125
1.3125
1.3125
1.3125
1.3125
1.3125
1.3125
1.6875
1.6875
1.6875
1.6875
1.6875
1.6875
1.6875
1.6875
1.6875
1.6875
1.6875
1.6875
1.6875
1.6875
1.6875
1.6875
1.6875
1.6875
1.6875
1.6875
1.6875
1.6875
1.6875
1.6875
1.6875
1.6875
1.6875
1.6875
1.6875
1.6875
1.6875
1.6875
1.6875
1.6875
1.6875
1.6875
1.6875
1.6875
1.6875
1.6875
2.0625
2.0625
2.0625
2.0625
2.0625
2.0625
2.0625
2.0625
2.0625
2.0625
2.0625
2.0625
2.0625
2.0625
2.0625
2.0625
2.0625
2.0625
2.0625
2.0625
2.0625
2.0625
2.0625
2.0625
2.0625
2.0625
2.0625
2.0625
2.0625
2.0625
2.0625
2.0625
2.0625
2.0625
2.0625
2.0625
2.0625
2.0625
2.0625
2.0625
2.4375
2.4375
2.4375
2.4375
2.4375
2.4375
2.4375
2.4375
2.4375
2.4375
2.4375
2.4375
2.4375
2.4375
2.4375
2.4375
2.4375
2.4375
2.4375
2.4375
2.4375
2.4375
2.4375
2.4375
2.4375
2.4375
2.4375
2.4375
2.4375
2.4375
2.4375
2.4375
2.4375
2.4375
2.4375
2.4375
2.4375
2.4375
2.4375
2.4375
2.8125
2.8125
2.8125
2.8125
2.8125
2.8125
2.8125
2.8125
2.8125
2.8125
2.8125
2.8125
2.8125
2.8125
2.8125
2.8125
2.8125
2.8125
2.8125
2.8125
2.8125
2.8125
2.8125
2.8125
2.8125
2.8125
2.8125
2.8125
2.8125
2.8125
2.8125
2.8125
2.8125
2.8125
2.8125
2.8125
2.8125
2.8125
2.8125
2.8125
3.1875
3.1875
3.1875
3.1875
3.1875
3.1875
3.1875
3.1875
3.1875
3.1875
3.1875
3.1875
3.1875
3.1875
3.1875
3.1875
3.1875
3.1875
3.1875
3.1875
3.1875
3.1875
3.1875
3.1875
3.1875
3.1875
3.1875
3.1875
3.1875
3.1875
3.1875
3.1875
3.1875
3.1875
3.1875
3.1875
3.1875
3.1875
3.1875
3.1875
3.5625
3.5625
3.5625
3.5625
3.5625
3.5625
3.5625
3.5625
3.5625
3.5625
3.5625
3.5625
3.5625
3.5625
3.5625
3.5625
3.5625
3.5625
3.5625
3.5625
3.5625
3.5625
3.5625
3.5625
3.5625
3.5625
3.5625
3.5625
3.5625
3.5625
3.5625
3.5625
3.5625
3.5625
3.5625
3.5625
3.5625
3.5625
3.5625
3.5625
3.9375
3.9375
3.9375
3.9375
3.9375
3.9375
3.9375
3.9375
3.9375
3.9375
3.9375
3.9375
3.9375
3.9375
3.9375
3.9375
3.9375
3.9375
3.9375
3.9375
3.9375
3.9375
3.9375
3.9375
3.9375
3.9375
3.9375
3.9375
3.9375
3.9375
3.9375
3.9375
3.9375
3.9375
3.9375
3.9375
3.9375
3.9375
3.9375
3.9375
4.3125
4.3125
4.3125
4.3125
4.3125
4.3125
4.3125
4.3125
4.3125
4.3125
4.3125
4.3125
4.3125
4.3125
4.3125
4.3125
4.3125
4.3125
4.3125
4.3125
4.3125
4.3125
4.3125
4.3125
4.3125
4.3125
4.3125
4.3125
4.3125
4.3125
4.3125
4.3125
4.3125
4.3125
4.3125
4.3125
4.3125
4.3125
4.3125
4.3125
4.6875
4.6875
4.6875
4.6875
4.6875
4.6875
4.6875
4.6875
4.6875
4.6875
4.6875
4.6875
4.6875
4.6875
4.6875
4.6875
4.6875
4.6875
4.6875
4.6875
4.6875
4.6875
4.6875
4.6875
4.6875
4.6875
4.6875
4.6875
4.6875
4.6875
4.6875
4.6875
4.6875
4.6875
4.6875
4.6875
4.6875
4.6875
4.6875
4.6875
5.0625
5.0625
5.0625
5.0625
5.0625
5.0625
5.0625
5.0625
5.0625
5.0625
5.0625
5.0625
5.0625
5.0625
5.0625
5.0625
5.0625
5.0625
5.0625
5.0625
5.0625
5.0625
5.0625
5.0625
5.0625
5.0625
5.0625
5.0625
5.0625
5.0625
5.0625
5.0625
5.0625
5.0625
5.0625
5.0625
5.0625
5.0625
5.0625
5.0625
5.4375
5.4375
5.4375
5.4375
5.4375
5.4375
5.4375
5.4375
5.4375
5.4375
5.4375
5.4375
5.4375
5.4375
5.4375
5.4375
5.4375
5.4375
5.4375
5.4375
5.4375
5.4375
5.4375
5.4375
5.4375
5.4375
5.4375
5.4375
5.4375
5.4375
5.4375
5.4375
5.4375
5.4375
5.4375
5.4375
5.4375
5.4375
5.4375
5.4375
5.8125
5.8125
5.8125
5.8125
5.8125
5.8125
5.8125
5.8125
5.8125
5.8125
5.8125
5.8125
5.8125
5.8125
5.8125
5.8125
5.8125
5.8125
5.8125
5.8125
5.8125
5.8125
5.8125
5.8125
5.8125
5.8125
5.8125
5.8125
5.8125
5.8125
5.8125
5.8125
5.8125
5.8125
5.8125
5.8125
5.8125
5.8125
5.8125
5.8125
6.1875
6.1875
6.1875
6.1875
6.1875
6.1875
6.1875
6.1875
6.1875
6.1875
6.1875
6.1875
6.1875
6.1875
6.1875
6.1875
6.1875
6.1875
6.1875
6.1875
6.1875
6.1875
6.1875
6.1875
6.1875
6.1875
6.1875
6.1875
6.1875
6.1875
6.1875
6.1875
6.1875
6.1875
6.1875
6.1875
6.1875
6.1875
6.1875
6.1875
6.5625
6.5625
6.5625
6.5625
6.5625
6.5625
6.5625
6.5625
6.5625
6.5625
6.5625
6.5625
6.5625
6.5625
6.5625
6.5625
6.5625
6.5625
6.5625
6.5625
6.5625
6.5625
6.5625
6.5625
6.5625
6.5625
6.5625
6.5625
6.5625
6.5625
6.5625
6.5625
6.5625
6.5625
6.5625
6.5625
6.5625
6.5625
6.5625
6.5625
6.9375
6.9375
6.9375
6.9375
6.9375
6.9375
6.9375
6.9375
6.9375
6.9375
6.9375
6.9375
6.9375
6.9375
6.9375
6.9375
6.9375
6.9375
6.9375
6.9375
6.9375
6.9375
6.9375
6.9375
6.9375
6.9375
6.9375
6.9375
6.9375
6.9375
6.9375
6.9375
6.9375
6.9375
6.9375
6.9375
6.9375
6.9375
6.9375
6.9375
7.3125
7.3125
7.3125
7.3125
7.3125
7.3125
7.3125
7.3125
7.3125
7.3125
7.3125
7.3125
7.3125
7.3125
7.3125
7.3125
7.3125
7.3125
7.3125
7.3125
7.3125
7.3125
7.3125
7.3125
7.3125
7.3125
7.3125
7.3125
7.3125
7.3125
7.3125
7.3125
7.3125
7.3125
7.3125
7.3125
7.3125
7.3125
7.3125
7.3125
)
;

boundaryField
{
    FrontBack
    {
        type            empty;
    }
    Cylinder
    {
        type            calculated;
        value           nonuniform List<scalar> 
160
(
2.9524956
2.9524956
2.9524956
2.9524956
2.9524956
2.9524956
2.9524956
2.9524956
2.9524956
2.9524956
2.9524956
2.9524956
2.9524956
2.9524956
2.9524956
2.9524956
2.9524956
2.9524956
2.9524956
2.9524956
2.9524956
2.9524956
2.9524956
2.9524956
2.9524956
2.9524956
2.9524956
2.9524956
2.9524956
2.9524956
2.9524956
2.9524956
2.9524956
2.9524956
2.9524956
2.9524956
2.9524956
2.9524956
2.9524956
2.9524956
2.9649956
2.9899956
3.0149956
3.0399956
3.0649956
3.0899956
3.1149956
3.1399956
3.1649956
3.1899956
3.2149956
3.2399956
3.2649956
3.2899956
3.3149956
3.3399956
3.3649956
3.3899956
3.4149956
3.4399956
3.4649956
3.4899956
3.5149956
3.5399956
3.5649956
3.5899956
3.6149956
3.6399956
3.6649956
3.6899956
3.7149956
3.7399956
3.7649956
3.7899956
3.8149956
3.8399956
3.8649956
3.8899956
3.9149956
3.9399956
3.9524956
3.9524956
3.9524956
3.9524956
3.9524956
3.9524956
3.9524956
3.9524956
3.9524956
3.9524956
3.9524956
3.9524956
3.9524956
3.9524956
3.9524956
3.9524956
3.9524956
3.9524956
3.9524956
3.9524956
3.9524956
3.9524956
3.9524956
3.9524956
3.9524956
3.9524956
3.9524956
3.9524956
3.9524956
3.9524956
3.9524956
3.9524956
3.9524956
3.9524956
3.9524956
3.9524956
3.9524956
3.9524956
3.9524956
3.9524956
3.9399956
3.9149956
3.8899956
3.8649956
3.8399956
3.8149956
3.7899956
3.7649956
3.7399956
3.7149956
3.6899956
3.6649956
3.6399956
3.6149956
3.5899956
3.5649956
3.5399956
3.5149956
3.4899956
3.4649956
3.4399956
3.4149956
3.3899956
3.3649956
3.3399956
3.3149956
3.2899956
3.2649956
3.2399956
3.2149956
3.1899956
3.1649956
3.1399956
3.1149956
3.0899956
3.0649956
3.0399956
3.0149956
2.9899956
2.9649956
)
;
    }
    Bottom
    {
        type            calculated;
        value           nonuniform List<scalar> 
120
(
-7.5
-7.5
-7.5
-7.5
-7.5
-7.5
-7.5
-7.5
-7.5
-7.5
-7.5
-7.5
-7.5
-7.5
-7.5
-7.5
-7.5
-7.5
-7.5
-7.5
-7.5
-7.5
-7.5
-7.5
-7.5
-7.5
-7.5
-7.5
-7.5
-7.5
-7.5
-7.5
-7.5
-7.5
-7.5
-7.5
-7.5
-7.5
-7.5
-7.5
-7.5
-7.5
-7.5
-7.5
-7.5
-7.5
-7.5
-7.5
-7.5
-7.5
-7.5
-7.5
-7.5
-7.5
-7.5
-7.5
-7.5
-7.5
-7.5
-7.5
-7.5
-7.5
-7.5
-7.5
-7.5
-7.5
-7.5
-7.5
-7.5
-7.5
-7.5
-7.5
-7.5
-7.5
-7.5
-7.5
-7.5
-7.5
-7.5
-7.5
-7.5
-7.5
-7.5
-7.5
-7.5
-7.5
-7.5
-7.5
-7.5
-7.5
-7.5
-7.5
-7.5
-7.5
-7.5
-7.5
-7.5
-7.5
-7.5
-7.5
-7.5
-7.5
-7.5
-7.5
-7.5
-7.5
-7.5
-7.5
-7.5
-7.5
-7.5
-7.5
-7.5
-7.5
-7.5
-7.5
-7.5
-7.5
-7.5
-7.5
)
;
    }
    Top
    {
        type            calculated;
        value           nonuniform List<scalar> 
120
(
7.5
7.5
7.5
7.5
7.5
7.5
7.5
7.5
7.5
7.5
7.5
7.5
7.5
7.5
7.5
7.5
7.5
7.5
7.5
7.5
7.5
7.5
7.5
7.5
7.5
7.5
7.5
7.5
7.5
7.5
7.5
7.5
7.5
7.5
7.5
7.5
7.5
7.5
7.5
7.5
7.5
7.5
7.5
7.5
7.5
7.5
7.5
7.5
7.5
7.5
7.5
7.5
7.5
7.5
7.5
7.5
7.5
7.5
7.5
7.5
7.5
7.5
7.5
7.5
7.5
7.5
7.5
7.5
7.5
7.5
7.5
7.5
7.5
7.5
7.5
7.5
7.5
7.5
7.5
7.5
7.5
7.5
7.5
7.5
7.5
7.5
7.5
7.5
7.5
7.5
7.5
7.5
7.5
7.5
7.5
7.5
7.5
7.5
7.5
7.5
7.5
7.5
7.5
7.5
7.5
7.5
7.5
7.5
7.5
7.5
7.5
7.5
7.5
7.5
7.5
7.5
7.5
7.5
7.5
7.5
)
;
    }
    Inlet
    {
        type            calculated;
        value           nonuniform List<scalar> 
40
(
7.3125
6.9375
6.5625
6.1875
5.8125
5.4375
5.0625
4.6875
4.3125
3.9375
3.5625
3.1875
2.8125
2.4375
2.0625
1.6875
1.3125
0.9375
0.5625
0.1875
-0.1875
-0.5625
-0.9375
-1.3125
-1.6875
-2.0625
-2.4375
-2.8125
-3.1875
-3.5625
-3.9375
-4.3125
-4.6875
-5.0625
-5.4375
-5.8125
-6.1875
-6.5625
-6.9375
-7.3125
)
;
    }
    Outlet
    {
        type            calculated;
        value           nonuniform List<scalar> 
40
(
-7.3125
-6.9375
-6.5625
-6.1875
-5.8125
-5.4375
-5.0625
-4.6875
-4.3125
-3.9375
-3.5625
-3.1875
-2.8125
-2.4375
-2.0625
-1.6875
-1.3125
-0.9375
-0.5625
-0.1875
0.1875
0.5625
0.9375
1.3125
1.6875
2.0625
2.4375
2.8125
3.1875
3.5625
3.9375
4.3125
4.6875
5.0625
5.4375
5.8125
6.1875
6.5625
6.9375
7.3125
)
;
    }
}


// ************************************************************************* //
