/*--------------------------------*- C++ -*----------------------------------*\
  =========                 |
  \\      /  F ield         | OpenFOAM: The Open Source CFD Toolbox
   \\    /   O peration     | Website:  https://openfoam.org
    \\  /    A nd           | Version:  11
     \\/     M anipulation  |
\*---------------------------------------------------------------------------*/
FoamFile
{
    format      ascii;
    class       volScalarField;
    location    "0";
    object      Ccy;
}
// * * * * * * * * * * * * * * * * * * * * * * * * * * * * * * * * * * * * * //

dimensions      [0 1 0 0 0 0 0];

internalField   nonuniform List<scalar> 
9600
(
-7.3727591
-7.3727591
-7.3727591
-7.3727591
-7.3727591
-7.3727591
-7.3727591
-7.3727591
-7.3727591
-7.3727591
-7.3727591
-7.3727591
-7.3727591
-7.3727591
-7.3727591
-7.3727591
-7.3727591
-7.3727591
-7.3727591
-7.3727591
-7.3727591
-7.3727591
-7.3727591
-7.3727591
-7.3727591
-7.3727591
-7.3727591
-7.3727591
-7.3727591
-7.3727591
-7.3727591
-7.3727591
-7.3727591
-7.3727591
-7.3727591
-7.3727591
-7.3727591
-7.3727591
-7.3727591
-7.3727591
-7.1174264
-7.1174264
-7.1174264
-7.1174264
-7.1174264
-7.1174264
-7.1174264
-7.1174264
-7.1174264
-7.1174264
-7.1174264
-7.1174264
-7.1174264
-7.1174264
-7.1174264
-7.1174264
-7.1174264
-7.1174264
-7.1174264
-7.1174264
-7.1174264
-7.1174264
-7.1174264
-7.1174264
-7.1174264
-7.1174264
-7.1174264
-7.1174264
-7.1174264
-7.1174264
-7.1174264
-7.1174264
-7.1174264
-7.1174264
-7.1174264
-7.1174264
-7.1174264
-7.1174264
-7.1174264
-7.1174264
-6.8620941
-6.8620941
-6.8620941
-6.8620941
-6.8620941
-6.8620941
-6.8620941
-6.8620941
-6.8620941
-6.8620941
-6.8620941
-6.8620941
-6.8620941
-6.8620941
-6.8620941
-6.8620941
-6.8620941
-6.8620941
-6.8620941
-6.8620941
-6.8620941
-6.8620941
-6.8620941
-6.8620941
-6.8620941
-6.8620941
-6.8620941
-6.8620941
-6.8620941
-6.8620941
-6.8620941
-6.8620941
-6.8620941
-6.8620941
-6.8620941
-6.8620941
-6.8620941
-6.8620941
-6.8620941
-6.8620941
-6.6067623
-6.6067623
-6.6067623
-6.6067623
-6.6067623
-6.6067623
-6.6067623
-6.6067623
-6.6067623
-6.6067623
-6.6067623
-6.6067623
-6.6067623
-6.6067623
-6.6067623
-6.6067623
-6.6067623
-6.6067623
-6.6067623
-6.6067623
-6.6067623
-6.6067623
-6.6067623
-6.6067623
-6.6067623
-6.6067623
-6.6067623
-6.6067623
-6.6067623
-6.6067623
-6.6067623
-6.6067623
-6.6067623
-6.6067623
-6.6067623
-6.6067623
-6.6067623
-6.6067623
-6.6067623
-6.6067623
-6.3514308
-6.3514308
-6.3514308
-6.3514308
-6.3514308
-6.3514308
-6.3514308
-6.3514308
-6.3514308
-6.3514308
-6.3514308
-6.3514308
-6.3514308
-6.3514308
-6.3514308
-6.3514308
-6.3514308
-6.3514308
-6.3514308
-6.3514308
-6.3514308
-6.3514308
-6.3514308
-6.3514308
-6.3514308
-6.3514308
-6.3514308
-6.3514308
-6.3514308
-6.3514308
-6.3514308
-6.3514308
-6.3514308
-6.3514308
-6.3514308
-6.3514308
-6.3514308
-6.3514308
-6.3514308
-6.3514308
-6.0960997
-6.0960997
-6.0960997
-6.0960997
-6.0960997
-6.0960997
-6.0960997
-6.0960997
-6.0960997
-6.0960997
-6.0960997
-6.0960997
-6.0960997
-6.0960997
-6.0960997
-6.0960997
-6.0960997
-6.0960997
-6.0960997
-6.0960997
-6.0960997
-6.0960997
-6.0960997
-6.0960997
-6.0960997
-6.0960997
-6.0960997
-6.0960997
-6.0960997
-6.0960997
-6.0960997
-6.0960997
-6.0960997
-6.0960997
-6.0960997
-6.0960997
-6.0960997
-6.0960997
-6.0960997
-6.0960997
-5.8407692
-5.8407692
-5.8407692
-5.8407692
-5.8407692
-5.8407692
-5.8407692
-5.8407692
-5.8407692
-5.8407692
-5.8407692
-5.8407692
-5.8407692
-5.8407692
-5.8407692
-5.8407692
-5.8407692
-5.8407692
-5.8407692
-5.8407692
-5.8407692
-5.8407692
-5.8407692
-5.8407692
-5.8407692
-5.8407692
-5.8407692
-5.8407692
-5.8407692
-5.8407692
-5.8407692
-5.8407692
-5.8407692
-5.8407692
-5.8407692
-5.8407692
-5.8407692
-5.8407692
-5.8407692
-5.8407692
-5.5854392
-5.5854392
-5.5854392
-5.5854392
-5.5854392
-5.5854392
-5.5854392
-5.5854392
-5.5854392
-5.5854392
-5.5854392
-5.5854392
-5.5854392
-5.5854392
-5.5854392
-5.5854392
-5.5854392
-5.5854392
-5.5854392
-5.5854392
-5.5854392
-5.5854392
-5.5854392
-5.5854392
-5.5854392
-5.5854392
-5.5854392
-5.5854392
-5.5854392
-5.5854392
-5.5854392
-5.5854392
-5.5854392
-5.5854392
-5.5854392
-5.5854392
-5.5854392
-5.5854392
-5.5854392
-5.5854392
-5.3301097
-5.3301097
-5.3301097
-5.3301097
-5.3301097
-5.3301097
-5.3301097
-5.3301097
-5.3301097
-5.3301097
-5.3301097
-5.3301097
-5.3301097
-5.3301097
-5.3301097
-5.3301097
-5.3301097
-5.3301097
-5.3301097
-5.3301097
-5.3301097
-5.3301097
-5.3301097
-5.3301097
-5.3301097
-5.3301097
-5.3301097
-5.3301097
-5.3301097
-5.3301097
-5.3301097
-5.3301097
-5.3301097
-5.3301097
-5.3301097
-5.3301097
-5.3301097
-5.3301097
-5.3301097
-5.3301097
-5.0747808
-5.0747808
-5.0747808
-5.0747808
-5.0747808
-5.0747808
-5.0747808
-5.0747808
-5.0747808
-5.0747808
-5.0747808
-5.0747808
-5.0747808
-5.0747808
-5.0747808
-5.0747808
-5.0747808
-5.0747808
-5.0747808
-5.0747808
-5.0747808
-5.0747808
-5.0747808
-5.0747808
-5.0747808
-5.0747808
-5.0747808
-5.0747808
-5.0747808
-5.0747808
-5.0747808
-5.0747808
-5.0747808
-5.0747808
-5.0747808
-5.0747808
-5.0747808
-5.0747808
-5.0747808
-5.0747808
-4.8194526
-4.8194526
-4.8194526
-4.8194526
-4.8194526
-4.8194526
-4.8194526
-4.8194526
-4.8194526
-4.8194526
-4.8194526
-4.8194526
-4.8194526
-4.8194526
-4.8194526
-4.8194526
-4.8194526
-4.8194526
-4.8194526
-4.8194526
-4.8194526
-4.8194526
-4.8194526
-4.8194526
-4.8194526
-4.8194526
-4.8194526
-4.8194526
-4.8194526
-4.8194526
-4.8194526
-4.8194526
-4.8194526
-4.8194526
-4.8194526
-4.8194526
-4.8194526
-4.8194526
-4.8194526
-4.8194526
-4.5641251
-4.5641251
-4.5641251
-4.5641251
-4.5641251
-4.5641251
-4.5641251
-4.5641251
-4.5641251
-4.5641251
-4.5641251
-4.5641251
-4.5641251
-4.5641251
-4.5641251
-4.5641251
-4.5641251
-4.5641251
-4.5641251
-4.5641251
-4.5641251
-4.5641251
-4.5641251
-4.5641251
-4.5641251
-4.5641251
-4.5641251
-4.5641251
-4.5641251
-4.5641251
-4.5641251
-4.5641251
-4.5641251
-4.5641251
-4.5641251
-4.5641251
-4.5641251
-4.5641251
-4.5641251
-4.5641251
-4.3087983
-4.3087983
-4.3087983
-4.3087983
-4.3087983
-4.3087983
-4.3087983
-4.3087983
-4.3087983
-4.3087983
-4.3087983
-4.3087983
-4.3087983
-4.3087983
-4.3087983
-4.3087983
-4.3087983
-4.3087983
-4.3087983
-4.3087983
-4.3087983
-4.3087983
-4.3087983
-4.3087983
-4.3087983
-4.3087983
-4.3087983
-4.3087983
-4.3087983
-4.3087983
-4.3087983
-4.3087983
-4.3087983
-4.3087983
-4.3087983
-4.3087983
-4.3087983
-4.3087983
-4.3087983
-4.3087983
-4.0534723
-4.0534723
-4.0534723
-4.0534723
-4.0534723
-4.0534723
-4.0534723
-4.0534723
-4.0534723
-4.0534723
-4.0534723
-4.0534723
-4.0534723
-4.0534723
-4.0534723
-4.0534723
-4.0534723
-4.0534723
-4.0534723
-4.0534723
-4.0534723
-4.0534723
-4.0534723
-4.0534723
-4.0534723
-4.0534723
-4.0534723
-4.0534723
-4.0534723
-4.0534723
-4.0534723
-4.0534723
-4.0534723
-4.0534723
-4.0534723
-4.0534723
-4.0534723
-4.0534723
-4.0534723
-4.0534723
-3.7981472
-3.7981472
-3.7981472
-3.7981472
-3.7981472
-3.7981472
-3.7981472
-3.7981472
-3.7981472
-3.7981472
-3.7981472
-3.7981472
-3.7981472
-3.7981472
-3.7981472
-3.7981472
-3.7981472
-3.7981472
-3.7981472
-3.7981472
-3.7981472
-3.7981472
-3.7981472
-3.7981472
-3.7981472
-3.7981472
-3.7981472
-3.7981472
-3.7981472
-3.7981472
-3.7981472
-3.7981472
-3.7981472
-3.7981472
-3.7981472
-3.7981472
-3.7981472
-3.7981472
-3.7981472
-3.7981472
-3.542823
-3.542823
-3.542823
-3.542823
-3.542823
-3.542823
-3.542823
-3.542823
-3.542823
-3.542823
-3.542823
-3.542823
-3.542823
-3.542823
-3.542823
-3.542823
-3.542823
-3.542823
-3.542823
-3.542823
-3.542823
-3.542823
-3.542823
-3.542823
-3.542823
-3.542823
-3.542823
-3.542823
-3.542823
-3.542823
-3.542823
-3.542823
-3.542823
-3.542823
-3.542823
-3.542823
-3.542823
-3.542823
-3.542823
-3.542823
-3.2874999
-3.2874999
-3.2874999
-3.2874999
-3.2874999
-3.2874999
-3.2874999
-3.2874999
-3.2874999
-3.2874999
-3.2874999
-3.2874999
-3.2874999
-3.2874999
-3.2874999
-3.2874999
-3.2874999
-3.2874999
-3.2874999
-3.2874999
-3.2874999
-3.2874999
-3.2874999
-3.2874999
-3.2874999
-3.2874999
-3.2874999
-3.2874999
-3.2874999
-3.2874999
-3.2874999
-3.2874999
-3.2874999
-3.2874999
-3.2874999
-3.2874999
-3.2874999
-3.2874999
-3.2874999
-3.2874999
-3.0321779
-3.0321779
-3.0321779
-3.0321779
-3.0321779
-3.0321779
-3.0321779
-3.0321779
-3.0321779
-3.0321779
-3.0321779
-3.0321779
-3.0321779
-3.0321779
-3.0321779
-3.0321779
-3.0321779
-3.0321779
-3.0321779
-3.0321779
-3.0321779
-3.0321779
-3.0321779
-3.0321779
-3.0321779
-3.0321779
-3.0321779
-3.0321779
-3.0321779
-3.0321779
-3.0321779
-3.0321779
-3.0321779
-3.0321779
-3.0321779
-3.0321779
-3.0321779
-3.0321779
-3.0321779
-3.0321779
-2.7768572
-2.7768572
-2.7768572
-2.7768572
-2.7768572
-2.7768572
-2.7768572
-2.7768572
-2.7768572
-2.7768572
-2.7768572
-2.7768572
-2.7768572
-2.7768572
-2.7768572
-2.7768572
-2.7768572
-2.7768572
-2.7768572
-2.7768572
-2.7768572
-2.7768572
-2.7768572
-2.7768572
-2.7768572
-2.7768572
-2.7768572
-2.7768572
-2.7768572
-2.7768572
-2.7768572
-2.7768572
-2.7768572
-2.7768572
-2.7768572
-2.7768572
-2.7768572
-2.7768572
-2.7768572
-2.7768572
-2.5215378
-2.5215378
-2.5215378
-2.5215378
-2.5215378
-2.5215378
-2.5215378
-2.5215378
-2.5215378
-2.5215378
-2.5215378
-2.5215378
-2.5215378
-2.5215378
-2.5215378
-2.5215378
-2.5215378
-2.5215378
-2.5215378
-2.5215378
-2.5215378
-2.5215378
-2.5215378
-2.5215378
-2.5215378
-2.5215378
-2.5215378
-2.5215378
-2.5215378
-2.5215378
-2.5215378
-2.5215378
-2.5215378
-2.5215378
-2.5215378
-2.5215378
-2.5215378
-2.5215378
-2.5215378
-2.5215378
-2.26622
-2.26622
-2.26622
-2.26622
-2.26622
-2.26622
-2.26622
-2.26622
-2.26622
-2.26622
-2.26622
-2.26622
-2.26622
-2.26622
-2.26622
-2.26622
-2.26622
-2.26622
-2.26622
-2.26622
-2.26622
-2.26622
-2.26622
-2.26622
-2.26622
-2.26622
-2.26622
-2.26622
-2.26622
-2.26622
-2.26622
-2.26622
-2.26622
-2.26622
-2.26622
-2.26622
-2.26622
-2.26622
-2.26622
-2.26622
-2.0109037
-2.0109037
-2.0109037
-2.0109037
-2.0109037
-2.0109037
-2.0109037
-2.0109037
-2.0109037
-2.0109037
-2.0109037
-2.0109037
-2.0109037
-2.0109037
-2.0109037
-2.0109037
-2.0109037
-2.0109037
-2.0109037
-2.0109037
-2.0109037
-2.0109037
-2.0109037
-2.0109037
-2.0109037
-2.0109037
-2.0109037
-2.0109037
-2.0109037
-2.0109037
-2.0109037
-2.0109037
-2.0109037
-2.0109037
-2.0109037
-2.0109037
-2.0109037
-2.0109037
-2.0109037
-2.0109037
-1.7555893
-1.7555893
-1.7555893
-1.7555893
-1.7555893
-1.7555893
-1.7555893
-1.7555893
-1.7555893
-1.7555893
-1.7555893
-1.7555893
-1.7555893
-1.7555893
-1.7555893
-1.7555893
-1.7555893
-1.7555893
-1.7555893
-1.7555893
-1.7555893
-1.7555893
-1.7555893
-1.7555893
-1.7555893
-1.7555893
-1.7555893
-1.7555893
-1.7555893
-1.7555893
-1.7555893
-1.7555893
-1.7555893
-1.7555893
-1.7555893
-1.7555893
-1.7555893
-1.7555893
-1.7555893
-1.7555893
-1.500277
-1.500277
-1.500277
-1.500277
-1.500277
-1.500277
-1.500277
-1.500277
-1.500277
-1.500277
-1.500277
-1.500277
-1.500277
-1.500277
-1.500277
-1.500277
-1.500277
-1.500277
-1.500277
-1.500277
-1.500277
-1.500277
-1.500277
-1.500277
-1.500277
-1.500277
-1.500277
-1.500277
-1.500277
-1.500277
-1.500277
-1.500277
-1.500277
-1.500277
-1.500277
-1.500277
-1.500277
-1.500277
-1.500277
-1.500277
-1.2449669
-1.2449669
-1.2449669
-1.2449669
-1.2449669
-1.2449669
-1.244967
-1.2449669
-1.2449669
-1.2449669
-1.2449669
-1.2449669
-1.2449669
-1.2449669
-1.2449669
-1.2449669
-1.2449669
-1.2449669
-1.2449669
-1.2449669
-1.2449669
-1.2449669
-1.2449669
-1.2449669
-1.2449669
-1.2449669
-1.2449669
-1.2449669
-1.2449669
-1.2449669
-1.2449669
-1.2449669
-1.2449669
-1.2449669
-1.2449669
-1.2449669
-1.2449669
-1.2449669
-1.2449669
-1.2449669
-0.98965946
-0.98965946
-0.98965946
-0.98965946
-0.98965946
-0.98965946
-0.98965946
-0.98965946
-0.98965946
-0.98965946
-0.98965946
-0.98965946
-0.98965946
-0.98965946
-0.98965946
-0.98965946
-0.98965946
-0.98965946
-0.98965946
-0.98965946
-0.98965946
-0.98965946
-0.98965946
-0.98965946
-0.98965946
-0.98965946
-0.98965946
-0.98965946
-0.98965946
-0.98965946
-0.98965946
-0.98965946
-0.98965946
-0.98965946
-0.98965946
-0.98965946
-0.98965946
-0.98965946
-0.98965946
-0.98965946
-0.7343549
-0.7343549
-0.7343549
-0.7343549
-0.7343549
-0.7343549
-0.7343549
-0.7343549
-0.7343549
-0.7343549
-0.7343549
-0.7343549
-0.7343549
-0.7343549
-0.7343549
-0.7343549
-0.7343549
-0.7343549
-0.7343549
-0.7343549
-0.7343549
-0.7343549
-0.7343549
-0.7343549
-0.7343549
-0.7343549
-0.7343549
-0.7343549
-0.7343549
-0.7343549
-0.7343549
-0.7343549
-0.7343549
-0.7343549
-0.7343549
-0.7343549
-0.7343549
-0.7343549
-0.7343549
-0.7343549
-0.47905361
-0.47905361
-0.47905361
-0.47905361
-0.47905361
-0.47905361
-0.47905361
-0.47905361
-0.47905361
-0.47905361
-0.47905361
-0.47905361
-0.47905361
-0.47905361
-0.47905361
-0.47905361
-0.47905361
-0.47905361
-0.47905361
-0.47905361
-0.47905361
-0.47905361
-0.47905361
-0.47905361
-0.47905361
-0.47905361
-0.47905361
-0.47905361
-0.47905361
-0.47905361
-0.47905361
-0.47905361
-0.47905361
-0.47905361
-0.47905361
-0.47905361
-0.47905361
-0.47905361
-0.47905361
-0.47905361
-0.22375607
-0.22375607
-0.22375607
-0.22375607
-0.22375607
-0.22375607
-0.22375607
-0.22375607
-0.22375607
-0.22375607
-0.22375607
-0.22375607
-0.22375607
-0.22375607
-0.22375607
-0.22375607
-0.22375607
-0.22375607
-0.22375607
-0.22375607
-0.22375607
-0.22375607
-0.22375607
-0.22375607
-0.22375607
-0.22375607
-0.22375607
-0.22375607
-0.22375607
-0.22375607
-0.22375607
-0.22375607
-0.22375607
-0.22375607
-0.22375607
-0.22375607
-0.22375607
-0.22375607
-0.22375607
-0.22375607
0.031537181
0.031537181
0.031537181
0.031537181
0.031537182
0.031537182
0.031537181
0.031537181
0.031537181
0.031537181
0.031537181
0.031537181
0.031537181
0.031537181
0.031537181
0.031537181
0.031537181
0.031537181
0.031537181
0.031537181
0.031537181
0.031537181
0.031537181
0.031537181
0.031537181
0.031537181
0.031537181
0.031537181
0.031537181
0.031537181
0.031537181
0.031537181
0.031537181
0.031537181
0.031537181
0.031537181
0.031537181
0.031537181
0.031537181
0.031537181
0.28682548
0.28682548
0.28682548
0.28682548
0.28682548
0.28682548
0.28682548
0.28682548
0.28682548
0.28682548
0.28682548
0.28682548
0.28682548
0.28682548
0.28682548
0.28682548
0.28682548
0.28682548
0.28682548
0.28682548
0.28682548
0.28682548
0.28682548
0.28682548
0.28682548
0.28682548
0.28682548
0.28682548
0.28682548
0.28682548
0.28682548
0.28682548
0.28682548
0.28682548
0.28682548
0.28682548
0.28682548
0.28682548
0.28682548
0.28682548
0.54210803
0.54210803
0.54210803
0.54210803
0.54210803
0.54210803
0.54210803
0.54210803
0.54210803
0.54210803
0.54210803
0.54210803
0.54210803
0.54210803
0.54210803
0.54210803
0.54210803
0.54210803
0.54210803
0.54210803
0.54210803
0.54210803
0.54210803
0.54210803
0.54210803
0.54210803
0.54210803
0.54210803
0.54210803
0.54210803
0.54210803
0.54210803
0.54210803
0.54210803
0.54210803
0.54210803
0.54210803
0.54210803
0.54210803
0.54210803
0.79738383
0.79738383
0.79738383
0.79738383
0.79738383
0.79738383
0.79738383
0.79738383
0.79738383
0.79738383
0.79738383
0.79738383
0.79738383
0.79738384
0.79738383
0.79738383
0.79738383
0.79738383
0.79738383
0.79738383
0.79738383
0.79738383
0.79738383
0.79738383
0.79738383
0.79738383
0.79738383
0.79738383
0.79738383
0.79738383
0.79738383
0.79738383
0.79738383
0.79738383
0.79738383
0.79738383
0.79738383
0.79738383
0.79738383
0.79738383
1.0526517
1.0526517
1.0526517
1.0526517
1.0526517
1.0526517
1.0526517
1.0526517
1.0526517
1.0526517
1.0526517
1.0526517
1.0526517
1.0526517
1.0526517
1.0526517
1.0526517
1.0526517
1.0526517
1.0526517
1.0526517
1.0526517
1.0526517
1.0526517
1.0526517
1.0526517
1.0526517
1.0526517
1.0526517
1.0526517
1.0526517
1.0526517
1.0526517
1.0526517
1.0526517
1.0526517
1.0526517
1.0526517
1.0526517
1.0526517
1.30791
1.30791
1.30791
1.30791
1.30791
1.30791
1.30791
1.30791
1.30791
1.30791
1.30791
1.30791
1.30791
1.30791
1.30791
1.30791
1.30791
1.30791
1.30791
1.30791
1.30791
1.30791
1.30791
1.30791
1.30791
1.30791
1.30791
1.30791
1.30791
1.30791
1.30791
1.30791
1.30791
1.30791
1.30791
1.30791
1.30791
1.30791
1.30791
1.30791
1.5631569
1.5631569
1.5631569
1.5631569
1.5631569
1.5631569
1.5631569
1.5631569
1.5631569
1.5631569
1.5631569
1.5631569
1.5631569
1.5631569
1.5631569
1.5631569
1.5631569
1.5631569
1.5631569
1.5631569
1.5631569
1.5631569
1.5631569
1.5631569
1.5631569
1.5631569
1.5631569
1.5631569
1.5631569
1.5631569
1.5631569
1.5631569
1.5631569
1.5631569
1.5631569
1.5631569
1.5631569
1.5631569
1.5631569
1.5631569
1.8183897
1.8183897
1.8183897
1.8183897
1.8183897
1.8183897
1.8183897
1.8183897
1.8183897
1.8183897
1.8183897
1.8183897
1.8183897
1.8183897
1.8183897
1.8183897
1.8183897
1.8183897
1.8183897
1.8183897
1.8183897
1.8183897
1.8183897
1.8183897
1.8183897
1.8183897
1.8183897
1.8183897
1.8183897
1.8183897
1.8183897
1.8183897
1.8183897
1.8183897
1.8183897
1.8183897
1.8183897
1.8183897
1.8183897
1.8183897
2.0736051
2.0736051
2.0736051
2.0736051
2.0736051
2.0736051
2.0736051
2.0736051
2.0736051
2.0736051
2.0736051
2.0736051
2.0736051
2.0736051
2.0736051
2.0736051
2.0736051
2.0736051
2.0736051
2.0736051
2.0736051
2.0736051
2.0736051
2.0736051
2.0736051
2.0736051
2.0736051
2.0736051
2.0736051
2.0736051
2.0736051
2.0736051
2.0736051
2.0736051
2.0736051
2.0736051
2.0736051
2.0736051
2.0736051
2.0736051
2.3287986
2.3287986
2.3287986
2.3287986
2.3287986
2.3287986
2.3287986
2.3287986
2.3287986
2.3287986
2.3287987
2.3287986
2.3287986
2.3287986
2.3287986
2.3287986
2.3287986
2.3287986
2.3287986
2.3287986
2.3287986
2.3287986
2.3287986
2.3287986
2.3287986
2.3287986
2.3287986
2.3287986
2.3287986
2.3287986
2.3287986
2.3287986
2.3287986
2.3287986
2.3287986
2.3287986
2.3287986
2.3287986
2.3287986
2.3287986
2.5839639
2.5839639
2.5839639
2.5839639
2.5839639
2.5839639
2.5839639
2.5839639
2.5839639
2.5839639
2.5839639
2.5839639
2.5839639
2.5839639
2.5839639
2.5839639
2.5839639
2.5839639
2.5839639
2.5839639
2.5839639
2.5839639
2.5839639
2.5839639
2.5839639
2.5839639
2.5839639
2.5839639
2.5839639
2.5839639
2.5839639
2.5839639
2.5839639
2.5839639
2.5839639
2.5839639
2.5839639
2.5839639
2.5839639
2.5839639
-7.1875105
-6.8168683
-6.4462261
-6.0755839
-5.7049416
-5.3342994
-4.9636572
-4.593015
-4.2223728
-3.8517306
-3.4810884
-3.1104461
-2.7398039
-2.3691617
-1.9985195
-1.6278773
-1.2572351
-0.88659284
-0.51595062
-0.14530841
0.22533381
0.59597602
0.96661823
1.3372604
1.7079027
2.0785449
2.4491871
2.8198293
3.1904715
3.5611137
3.9317559
4.3023982
4.6730404
5.0436826
5.4143248
5.784967
6.1556092
6.5262514
6.8968937
7.2675359
-6.9365559
-6.5746633
-6.2127706
-5.850878
-5.4889854
-5.1270927
-4.7652001
-4.4033075
-4.0414148
-3.6795222
-3.3176296
-2.9557369
-2.5938443
-2.2319517
-1.8700591
-1.5081664
-1.1462738
-0.78438118
-0.42248854
-0.060595906
0.30129673
0.66318936
1.025082
1.3869746
1.7488673
2.1107599
2.4726525
2.8345451
3.1964378
3.5583304
3.920223
4.2821157
4.6440083
5.0059009
5.3677936
5.7296862
6.0915788
6.4534715
6.8153641
7.1772567
-6.6856019
-6.3324588
-5.9793157
-5.6261727
-5.2730296
-4.9198865
-4.5667435
-4.2136004
-3.8604573
-3.5073143
-3.1541712
-2.8010281
-2.4478851
-2.094742
-1.7415989
-1.3884559
-1.0353128
-0.68216974
-0.32902667
0.024116394
0.37725946
0.73040253
1.0835456
1.4366887
1.7898318
2.1429748
2.4961179
2.849261
3.202404
3.5555471
3.9086902
4.2618332
4.6149763
4.9681194
5.3212624
5.6744055
6.0275486
6.3806916
6.7338347
7.0869778
-6.4346485
-6.090255
-5.7458615
-5.401468
-5.0570744
-4.7126809
-4.3682874
-4.0238938
-3.6795003
-3.3351068
-2.9907133
-2.6463197
-2.3019262
-1.9575327
-1.6131392
-1.2687456
-0.9243521
-0.57995857
-0.23556505
0.10882848
0.45322201
0.79761553
1.1420091
1.4864026
1.8307961
2.1751896
2.5195832
2.8639767
3.2083702
3.5527637
3.8971573
4.2415508
4.5859443
4.9303379
5.2747314
5.6191249
5.9635184
6.307912
6.6523055
6.996699
-6.1836958
-5.8480518
-5.5124078
-5.1767638
-4.8411198
-4.5054758
-4.1698318
-3.8341878
-3.4985438
-3.1628998
-2.8272557
-2.4916117
-2.1559677
-1.8203237
-1.4846797
-1.1490357
-0.8133917
-0.47774769
-0.14210368
0.19354033
0.52918434
0.86482836
1.2004724
1.5361164
1.8717604
2.2074044
2.5430484
2.8786924
3.2143364
3.5499804
3.8856245
4.2212685
4.5569125
4.8925565
5.2282005
5.5638445
5.8994885
6.2351325
6.5707765
6.9064205
-5.9327439
-5.6058494
-5.2789548
-4.9520603
-4.6251658
-4.2982713
-3.9713768
-3.6444823
-3.3175877
-2.9906932
-2.6637987
-2.3369042
-2.0100097
-1.6831151
-1.3562206
-1.0293261
-0.70243162
-0.3755371
-0.048642582
0.27825194
0.60514645
0.93204099
1.2589355
1.58583
1.9127246
2.2396191
2.5665136
2.8934081
3.2203026
3.5471972
3.8740917
4.2009862
4.5278807
4.8547752
5.1816698
5.5085643
5.8354588
6.1623533
6.4892478
6.8161423
-5.6817928
-5.3636477
-5.0455027
-4.7273576
-4.4092126
-4.0910675
-3.7729225
-3.4547774
-3.1366323
-2.8184873
-2.5003422
-2.1821972
-1.8640521
-1.5459071
-1.227762
-0.90961695
-0.5914719
-0.27332684
0.044818214
0.36296327
0.68110832
0.99925338
1.3173984
1.6355435
1.9536886
2.2718336
2.5899787
2.9081237
3.2262688
3.5444138
3.8625589
4.1807039
4.498849
4.8169941
5.1351391
5.4532842
5.7714292
6.0895743
6.4077193
6.7258644
-5.4308426
-5.1214469
-4.8120513
-4.5026557
-4.1932601
-3.8838644
-3.5744688
-3.2650732
-2.9556776
-2.6462819
-2.3368863
-2.0274907
-1.7180951
-1.4086995
-1.0993038
-0.78990818
-0.48051256
-0.17111693
0.13827869
0.44767431
0.75706993
1.0664655
1.3758612
1.6852568
1.9946524
2.304048
2.6134436
2.9228393
3.2322349
3.5416305
3.8510261
4.1604218
4.4698174
4.779213
5.0886086
5.3980042
5.7073999
6.0167955
6.3261911
6.6355867
-5.1798932
-4.879247
-4.5786008
-4.2779546
-3.9773083
-3.6766621
-3.3760159
-3.0753697
-2.7747234
-2.4740772
-2.173431
-1.8727848
-1.5721385
-1.2714923
-0.97084609
-0.67019986
-0.36955363
-0.068907413
0.23173881
0.53238503
0.83303126
1.1336775
1.4343237
1.7349699
2.0356161
2.3362624
2.6369086
2.9375548
3.238201
3.5388473
3.8394935
4.1401397
4.4407859
4.7414321
5.0420784
5.3427246
5.6433708
5.944017
6.2446633
6.5453095
-4.9289449
-4.6370481
-4.3451512
-4.0532543
-3.7613575
-3.4694606
-3.1775638
-2.8856669
-2.59377
-2.3018732
-2.0099763
-1.7180795
-1.4261826
-1.1342857
-0.84238889
-0.55049203
-0.25859517
0.033301685
0.32519855
0.6170954
0.90899227
1.2008891
1.492786
1.7846828
2.0765797
2.3684766
2.6603734
2.9522703
3.2441671
3.536064
3.8279609
4.1198577
4.4117546
4.7036514
4.9955483
5.2874452
5.579342
5.8712389
6.1631357
6.4550326
-4.6779978
-4.3948503
-4.1117027
-3.8285552
-3.5454077
-3.2622601
-2.9791126
-2.6959651
-2.4128175
-2.12967
-1.8465224
-1.5633749
-1.2802274
-0.99707983
-0.71393228
-0.43078475
-0.14763721
0.13551032
0.41865786
0.70180539
0.98495292
1.2681004
1.551248
1.8343955
2.117543
2.4006906
2.6838381
2.9669856
3.2501332
3.5332807
3.8164283
4.0995758
4.3827233
4.6658709
4.9490184
5.2321659
5.5153135
5.798461
6.0816085
6.3647561
-4.4270519
-4.1526536
-3.8782554
-3.6038571
-3.3294588
-3.0550606
-2.7806623
-2.5062641
-2.2318658
-1.9574676
-1.6830693
-1.4086711
-1.1342728
-0.85987457
-0.5854763
-0.31107805
-0.036679795
0.23771846
0.51211671
0.78651497
1.0609132
1.3353115
1.6097097
1.884108
2.1585062
2.4329045
2.7073027
2.981701
3.2560992
3.5304975
3.8048958
4.079294
4.3536923
4.6280905
4.9024888
5.176887
5.4512853
5.7256835
6.0000818
6.27448
-4.1761073
-3.9104583
-3.6448092
-3.3791602
-3.1135112
-2.8478622
-2.5822132
-2.3165641
-2.0509151
-1.7852661
-1.5196171
-1.2539681
-0.98831905
-0.72267004
-0.45702102
-0.191372
0.074277021
0.33992604
0.60557506
0.87122408
1.1368731
1.4025221
1.6681712
1.9338202
2.1994692
2.4651182
2.7307672
2.9964163
3.2620653
3.5277143
3.7933633
4.0590123
4.3246613
4.5903104
4.8559594
5.1216084
5.3872574
5.6529064
5.9185555
6.1842045
-3.9251642
-3.6682644
-3.4113646
-3.1544647
-2.8975649
-2.6406651
-2.3837652
-2.1268654
-1.8699655
-1.6130657
-1.3561659
-1.099266
-0.84236618
-0.58546634
-0.3285665
-0.071666663
0.18523317
0.44213301
0.69903285
0.95593268
1.2128325
1.4697323
1.7266322
1.983532
2.2404319
2.4973317
2.7542315
3.0111314
3.2680312
3.5249311
3.7818309
4.0387307
4.2956306
4.5525304
4.8094302
5.0663301
5.3232299
5.5801298
5.8370296
6.0939294
-3.6742228
-3.4260721
-3.1779214
-2.9297707
-2.68162
-2.4334692
-2.1853185
-1.9371678
-1.6890171
-1.4408664
-1.1927157
-0.94456498
-0.69641426
-0.44826354
-0.20011283
0.048037883
0.2961886
0.54433931
0.79249002
1.0406407
1.2887915
1.5369422
1.7850929
2.0332436
2.2813943
2.529545
2.7776957
3.0258465
3.2739972
3.5221479
3.7702986
4.0184493
4.2666
4.5147507
4.7629014
5.0110522
5.2592029
5.5073536
5.7555043
6.003655
-3.4232832
-3.1838816
-2.9444799
-2.7050783
-2.4656766
-2.226275
-1.9868733
-1.7474717
-1.50807
-1.2686683
-1.0292667
-0.78986506
-0.55046341
-0.31106175
-0.0716601
0.16774155
0.40714321
0.64654486
0.88594652
1.1253482
1.3647498
1.6041515
1.8435532
2.0829548
2.3223565
2.5617581
2.8011598
3.0405614
3.2799631
3.5193647
3.7587664
3.998168
4.2375697
4.4769713
4.716373
4.9557747
5.1951763
5.434578
5.6739796
5.9133813
-3.1723457
-2.9416931
-2.7110404
-2.4803877
-2.2497351
-2.0190824
-1.7884297
-1.5577771
-1.3271244
-1.0964717
-0.86581907
-0.63516641
-0.40451375
-0.17386108
0.056791583
0.28744425
0.51809691
0.74874958
0.97940224
1.2100549
1.4407076
1.6713602
1.9020129
2.1326656
2.3633182
2.5939709
2.8246236
3.0552762
3.2859289
3.5165816
3.7472342
3.9778869
4.2085395
4.4391922
4.6698449
4.9004975
5.1311502
5.3618029
5.5924555
5.8231082
-2.9214105
-2.6995067
-2.477603
-2.2556992
-2.0337954
-1.8118917
-1.5899879
-1.3680842
-1.1461804
-0.92427669
-0.70237293
-0.48046917
-0.25856542
-0.036661661
0.18524209
0.40714585
0.62904961
0.85095338
1.0728571
1.2947609
1.5166646
1.7385684
1.9604722
2.1823759
2.4042797
2.6261834
2.8480872
3.0699909
3.2918947
3.5137984
3.7357022
3.957606
4.1795097
4.4014135
4.6233172
4.845221
5.0671247
5.2890285
5.5109323
5.732836
-2.6704778
-2.4573228
-2.2441679
-2.031013
-1.817858
-1.6047031
-1.3915482
-1.1783932
-0.96523831
-0.75208339
-0.53892845
-0.32577352
-0.11261858
0.10053636
0.31369129
0.52684623
0.74000116
0.95315612
1.1663111
1.379466
1.5926209
1.8057759
2.0189308
2.2320858
2.4452407
2.6583956
2.8715506
3.0847055
3.2978604
3.5110154
3.7241703
3.9373252
4.1504802
4.3636351
4.5767901
4.789945
5.0030999
5.2162549
5.4294098
5.6425647
-2.419548
-2.2151418
-2.0107356
-1.8063294
-1.6019232
-1.397517
-1.1931107
-0.98870452
-0.78429831
-0.57989209
-0.37548587
-0.17107965
0.033326569
0.23773279
0.442139
0.64654522
0.85095144
1.0553577
1.2597639
1.4641701
1.6685763
1.8729825
2.0773888
2.281795
2.4862012
2.6906074
2.8950136
3.0994198
3.3038261
3.5082323
3.7126385
3.9170447
4.1214509
4.3258572
4.5302634
4.7346696
4.9390758
5.143482
5.3478882
5.5522945
-2.1686216
-1.972964
-1.7773064
-1.5816488
-1.3859911
-1.1903335
-0.99467589
-0.79901827
-0.60336065
-0.40770304
-0.21204542
-0.016387809
0.1792698
0.37492742
0.57058503
0.76624265
0.96190025
1.1575579
1.3532155
1.5488731
1.7445307
1.9401883
2.1358459
2.3315035
2.5271612
2.7228188
2.9184764
3.114134
3.3097916
3.5054492
3.7011068
3.8967645
4.0924221
4.2880797
4.4837373
4.6793949
4.8750525
5.0707101
5.2663678
5.4620254
-1.9176988
-1.7307897
-1.5438806
-1.3569714
-1.1700623
-0.98315315
-0.79624399
-0.60933485
-0.42242571
-0.23551656
-0.048607423
0.13830172
0.32521086
0.51212
0.69902914
0.88593829
1.0728474
1.2597566
1.4466657
1.6335748
1.820484
2.0073931
2.1943023
2.3812114
2.5681206
2.7550297
2.9419388
3.128848
3.3157571
3.5026663
3.6895754
3.8764845
4.0633937
4.2503028
4.437212
4.6241211
4.8110303
4.9979394
5.1848485
5.3717577
-1.6667804
-1.4886196
-1.3104588
-1.1322979
-0.95413712
-0.77597631
-0.5978155
-0.41965468
-0.24149386
-0.06333304
0.11482778
0.2929886
0.47114942
0.64931023
0.82747105
1.0056319
1.1837927
1.3619535
1.5401143
1.7182752
1.896436
2.0745968
2.2527576
2.4309184
2.6090793
2.7872401
2.9654009
3.1435617
3.3217225
3.4998833
3.6780442
3.856205
4.0343658
4.2125266
4.3906874
4.5688483
4.7470091
4.9251699
5.1033307
5.2814915
-1.415867
-1.2464543
-1.0770416
-0.90762894
-0.73821627
-0.5688036
-0.39939093
-0.22997826
-0.060565595
0.10884707
0.27825974
0.44767241
0.61708508
0.78649775
0.95591041
1.1253231
1.2947357
1.4641484
1.6335611
1.8029737
1.9723864
2.1417991
2.3112117
2.4806244
2.6500371
2.8194498
2.9888624
3.1582751
3.3276878
3.4971004
3.6665131
3.8359258
4.0053384
4.1747511
4.3441638
4.5135764
4.6829891
4.8524018
5.0218145
5.1912271
-1.1649593
-1.0042946
-0.84362984
-0.68296511
-0.52230039
-0.36163567
-0.20097095
-0.040306225
0.1203585
0.28102322
0.44168794
0.60235266
0.76301738
0.92368211
1.0843468
1.2450115
1.4056763
1.566341
1.7270057
1.8876704
2.0483351
2.2089999
2.3696646
2.5303293
2.690994
2.8516588
3.0123235
3.1729882
3.3336529
3.4943176
3.6549824
3.8156471
3.9763118
4.1369765
4.2976412
4.458306
4.6189707
4.7796354
4.9403001
5.1009648
-0.91405837
-0.76214137
-0.61022436
-0.45830735
-0.30639034
-0.15447333
-0.0025563229
0.14936069
0.3012777
0.45319471
0.60511172
0.75702873
0.90894574
1.0608628
1.2127798
1.3646968
1.5166138
1.6685308
1.8204478
1.9723648
2.1242818
2.2761988
2.4281158
2.5800329
2.7319499
2.8838669
3.0357839
3.1877009
3.3396179
3.4915349
3.6434519
3.7953689
3.9472859
4.099203
4.25112
4.403037
4.554954
4.706871
4.858788
5.010705
-0.66316551
-0.51999593
-0.37682636
-0.23365678
-0.090487202
0.052682376
0.19585195
0.33902153
0.48219111
0.62536069
0.76853027
0.91169983
1.0548694
1.198039
1.3412086
1.4843781
1.6275477
1.7707173
1.9138869
2.0570565
2.200226
2.3433956
2.4865652
2.6297348
2.7729043
2.9160739
3.0592435
3.2024131
3.3455827
3.4887522
3.6319218
3.7750914
3.918261
4.0614305
4.2046001
4.3477697
4.4909393
4.6341089
4.7772784
4.920448
-0.41228224
-0.27785976
-0.14343728
-0.0090147974
0.12540768
0.25983016
0.39425264
0.52867513
0.66309761
0.79752009
0.93194258
1.0663651
1.2007875
1.33521
1.4696325
1.604055
1.7384775
1.8728999
2.0073224
2.1417449
2.2761674
2.4105899
2.5450123
2.6794348
2.8138573
2.9482798
3.0827023
3.2171247
3.3515472
3.4859697
3.6203922
3.7548147
3.8892371
4.0236596
4.1580821
4.2925046
4.4269271
4.5613495
4.695772
4.8301945
-0.16141056
-0.035734775
0.089941012
0.2156168
0.34129259
0.46696838
0.59264416
0.71831995
0.84399574
0.96967153
1.0953473
1.2210231
1.3466989
1.4723747
1.5980505
1.7237263
1.8494021
1.9750779
2.1007536
2.2264294
2.3521052
2.477781
2.6034568
2.7291326
2.8548084
2.9804842
3.1061599
3.2318357
3.3575115
3.4831873
3.6088631
3.7345389
3.8602147
3.9858905
4.1115662
4.237242
4.3629178
4.4885936
4.6142694
4.7399452
0.08944691
0.2063765
0.32330609
0.44023568
0.55716527
0.67409486
0.79102445
0.90795403
1.0248836
1.1418132
1.2587428
1.3756724
1.492602
1.6095316
1.7264612
1.8433908
1.9603203
2.0772499
2.1941795
2.3111091
2.4280387
2.5449683
2.6618979
2.7788275
2.8957571
3.0126867
3.1296162
3.2465458
3.3634754
3.480405
3.5973346
3.7142642
3.8311938
3.9481234
4.065053
4.1819826
4.2989121
4.4158417
4.5327713
4.6497009
0.34028673
0.44847074
0.55665475
0.66483876
0.77302276
0.88120679
0.9893908
1.0975748
1.2057588
1.3139428
1.4221268
1.5303108
1.6384948
1.7466788
1.8548629
1.9630469
2.0712309
2.1794149
2.2875989
2.3957829
2.5039669
2.6121509
2.7203349
2.8285189
2.9367029
3.0448869
3.1530709
3.261255
3.369439
3.477623
3.585807
3.693991
3.802175
3.910359
4.018543
4.126727
4.234911
4.343095
4.451279
4.559463
0.59110424
0.69054344
0.78998265
0.88942186
0.98886106
1.0883003
1.1877395
1.2871787
1.3866179
1.4860571
1.5854963
1.6849355
1.7843747
1.8838139
1.9832531
2.0826923
2.1821315
2.2815707
2.3810099
2.4804491
2.5798883
2.6793275
2.7787668
2.878206
2.9776452
3.0770844
3.1765236
3.2759628
3.375402
3.4748412
3.5742804
3.6737196
3.7731588
3.872598
3.9720372
4.0714764
4.1709156
4.2703548
4.369794
4.4692332
0.84189297
0.93258837
1.0232838
1.1139792
1.2046746
1.29537
1.3860654
1.4767608
1.5674562
1.6581516
1.748847
1.8395424
1.9302378
2.0209332
2.1116286
2.202324
2.2930194
2.3837148
2.4744102
2.5651056
2.655801
2.7464964
2.8371918
2.9278872
3.0185826
3.109278
3.1999734
3.2906688
3.3813642
3.4720596
3.562755
3.6534505
3.7441459
3.8348413
3.9255367
4.0162321
4.1069275
4.1976229
4.2883183
4.3790137
1.0926437
1.1745966
1.2565495
1.3385025
1.4204554
1.5024083
1.5843612
1.6663142
1.7482671
1.83022
1.9121729
1.9941259
2.0760788
2.1580317
2.2399846
2.3219376
2.4038905
2.4858434
2.5677964
2.6497493
2.7317022
2.8136551
2.8956081
2.977561
3.0595139
3.1414668
3.2234198
3.3053727
3.3873256
3.4692785
3.5512315
3.6331844
3.7151373
3.7970902
3.8790432
3.9609961
4.042949
4.1249019
4.2068549
4.2888078
1.3433428
1.416555
1.4897673
1.5629795
1.6361918
1.709404
1.7826163
1.8558285
1.9290408
2.002253
2.0754653
2.1486775
2.2218898
2.295102
2.3683143
2.4415265
2.5147388
2.587951
2.6611633
2.7343755
2.8075878
2.8808
2.9540123
3.0272246
3.1004368
3.1736491
3.2468613
3.3200736
3.3932858
3.4664981
3.5397103
3.6129226
3.6861348
3.7593471
3.8325593
3.9057716
3.9789838
4.0521961
4.1254083
4.1986206
1.5939692
1.6584433
1.7229174
1.7873915
1.8518656
1.9163397
1.9808138
2.045288
2.1097621
2.1742362
2.2387103
2.3031844
2.3676585
2.4321326
2.4966067
2.5610808
2.6255549
2.6900291
2.7545032
2.8189773
2.8834514
2.9479255
3.0123996
3.0768737
3.1413478
3.2058219
3.270296
3.3347702
3.3992443
3.4637184
3.5281925
3.5926666
3.6571407
3.7216148
3.7860889
3.850563
3.9150371
3.9795113
4.0439854
4.1084595
1.8444885
1.9002282
1.9559679
2.0117076
2.0674473
2.123187
2.1789267
2.2346664
2.2904061
2.3461458
2.4018855
2.4576252
2.5133649
2.5691046
2.6248443
2.680584
2.7363237
2.7920634
2.8478031
2.9035428
2.9592825
3.0150222
3.0707619
3.1265016
3.1822413
3.237981
3.2937207
3.3494604
3.4052001
3.4609398
3.5166795
3.5724192
3.6281589
3.6838986
3.7396383
3.795378
3.8511177
3.9068574
3.9625971
4.0183368
2.094841
2.1418521
2.1888632
2.2358743
2.2828854
2.3298965
2.3769076
2.4239188
2.4709299
2.517941
2.5649521
2.6119632
2.6589743
2.7059854
2.7529965
2.8000076
2.8470188
2.8940299
2.941041
2.9880521
3.0350632
3.0820743
3.1290854
3.1760965
3.2231076
3.2701188
3.3171299
3.364141
3.4111521
3.4581632
3.5051743
3.5521854
3.5991965
3.6462076
3.6932188
3.7402299
3.787241
3.8342521
3.8812632
3.9282743
2.3449115
2.3832039
2.4214962
2.4597886
2.4980809
2.5363733
2.5746656
2.612958
2.6512503
2.6895427
2.727835
2.7661274
2.8044197
2.8427121
2.8810044
2.9192968
2.9575891
2.9958815
3.0341738
3.0724662
3.1107585
3.1490509
3.1873432
3.2256356
3.2639279
3.3022203
3.3405126
3.378805
3.4170973
3.4553897
3.493682
3.5319744
3.5702667
3.6085591
3.6468514
3.6851438
3.7234361
3.7617285
3.8000208
3.8383132
2.5944483
2.6240405
2.6536327
2.6832249
2.7128171
2.7424093
2.7720015
2.8015937
2.8311859
2.8607781
2.8903703
2.9199625
2.9495547
2.9791469
3.0087391
3.0383313
3.0679235
3.0975157
3.1271079
3.1567001
3.1862923
3.2158845
3.2454767
3.2750689
3.3046611
3.3342532
3.3638454
3.3934376
3.4230298
3.452622
3.4822142
3.5118064
3.5413986
3.5709908
3.600583
3.6301752
3.6597674
3.6893596
3.7189518
3.748544
7.4528301
7.4528301
7.4528301
7.4528301
7.4528301
7.4528301
7.4528301
7.4528301
7.4528301
7.4528301
7.4528301
7.4528301
7.4528301
7.4528301
7.4528301
7.4528301
7.4528301
7.4528301
7.4528301
7.4528301
7.4528301
7.4528301
7.4528301
7.4528301
7.4528301
7.4528301
7.4528301
7.4528301
7.4528301
7.4528301
7.4528301
7.4528301
7.4528301
7.4528301
7.4528301
7.4528301
7.4528301
7.4528301
7.4528301
7.4528301
7.3581749
7.3581749
7.3581749
7.3581749
7.3581749
7.3581749
7.3581749
7.3581749
7.3581749
7.3581749
7.3581749
7.3581749
7.3581749
7.3581749
7.3581749
7.3581749
7.3581749
7.3581749
7.3581749
7.3581749
7.3581749
7.3581749
7.3581749
7.3581749
7.3581749
7.3581749
7.3581749
7.3581749
7.3581749
7.3581749
7.3581749
7.3581749
7.3581749
7.3581749
7.3581749
7.3581749
7.3581749
7.3581749
7.3581749
7.3581749
7.2635199
7.2635199
7.2635199
7.2635199
7.2635199
7.2635199
7.2635199
7.2635199
7.2635199
7.2635199
7.2635199
7.2635199
7.2635199
7.2635199
7.2635199
7.2635199
7.2635199
7.2635199
7.2635199
7.2635199
7.2635199
7.2635199
7.2635199
7.2635199
7.2635199
7.2635199
7.2635199
7.2635199
7.2635199
7.2635199
7.2635199
7.2635199
7.2635199
7.2635199
7.2635199
7.2635199
7.2635199
7.2635199
7.2635199
7.2635199
7.168865
7.168865
7.168865
7.168865
7.168865
7.168865
7.168865
7.168865
7.168865
7.168865
7.168865
7.168865
7.168865
7.168865
7.168865
7.168865
7.168865
7.168865
7.168865
7.168865
7.168865
7.168865
7.168865
7.168865
7.168865
7.168865
7.168865
7.168865
7.168865
7.168865
7.168865
7.168865
7.168865
7.168865
7.168865
7.168865
7.168865
7.168865
7.168865
7.168865
7.0742103
7.0742103
7.0742103
7.0742103
7.0742103
7.0742103
7.0742103
7.0742103
7.0742103
7.0742103
7.0742103
7.0742103
7.0742103
7.0742103
7.0742103
7.0742103
7.0742103
7.0742103
7.0742103
7.0742103
7.0742103
7.0742103
7.0742103
7.0742103
7.0742103
7.0742103
7.0742103
7.0742103
7.0742103
7.0742103
7.0742103
7.0742103
7.0742103
7.0742103
7.0742103
7.0742103
7.0742103
7.0742103
7.0742103
7.0742103
6.9795557
6.9795557
6.9795557
6.9795557
6.9795557
6.9795557
6.9795557
6.9795557
6.9795557
6.9795557
6.9795557
6.9795557
6.9795557
6.9795557
6.9795557
6.9795557
6.9795557
6.9795557
6.9795557
6.9795557
6.9795557
6.9795557
6.9795557
6.9795557
6.9795557
6.9795557
6.9795557
6.9795557
6.9795557
6.9795557
6.9795557
6.9795557
6.9795557
6.9795557
6.9795557
6.9795557
6.9795557
6.9795557
6.9795557
6.9795557
6.8849013
6.8849013
6.8849013
6.8849013
6.8849013
6.8849013
6.8849013
6.8849013
6.8849013
6.8849013
6.8849013
6.8849013
6.8849013
6.8849013
6.8849013
6.8849013
6.8849013
6.8849013
6.8849013
6.8849013
6.8849013
6.8849013
6.8849013
6.8849013
6.8849013
6.8849013
6.8849013
6.8849013
6.8849013
6.8849013
6.8849013
6.8849013
6.8849013
6.8849013
6.8849013
6.8849013
6.8849013
6.8849013
6.8849013
6.8849013
6.7902471
6.7902471
6.7902471
6.7902471
6.7902471
6.7902471
6.7902471
6.7902471
6.7902471
6.7902471
6.7902471
6.7902471
6.7902471
6.7902471
6.7902471
6.7902471
6.7902471
6.7902471
6.7902471
6.7902471
6.7902471
6.7902471
6.7902471
6.7902471
6.7902471
6.7902471
6.7902471
6.7902471
6.7902471
6.7902471
6.7902471
6.7902471
6.7902471
6.7902471
6.7902471
6.7902471
6.7902471
6.7902471
6.7902471
6.7902471
6.6955931
6.6955931
6.6955931
6.6955931
6.6955931
6.6955931
6.6955931
6.6955931
6.6955931
6.6955931
6.6955931
6.6955931
6.6955931
6.6955931
6.6955931
6.6955931
6.6955931
6.6955931
6.6955931
6.6955931
6.6955931
6.6955931
6.6955931
6.6955931
6.6955931
6.6955931
6.6955931
6.6955931
6.6955931
6.6955931
6.6955931
6.6955931
6.6955931
6.6955931
6.6955931
6.6955931
6.6955931
6.6955931
6.6955931
6.6955931
6.6009393
6.6009393
6.6009393
6.6009393
6.6009393
6.6009393
6.6009393
6.6009393
6.6009393
6.6009393
6.6009393
6.6009393
6.6009393
6.6009393
6.6009393
6.6009393
6.6009393
6.6009393
6.6009393
6.6009393
6.6009393
6.6009393
6.6009393
6.6009393
6.6009393
6.6009393
6.6009393
6.6009393
6.6009393
6.6009393
6.6009393
6.6009393
6.6009393
6.6009393
6.6009393
6.6009393
6.6009393
6.6009393
6.6009393
6.6009393
6.5062858
6.5062858
6.5062858
6.5062858
6.5062858
6.5062858
6.5062858
6.5062858
6.5062858
6.5062858
6.5062858
6.5062858
6.5062858
6.5062858
6.5062858
6.5062858
6.5062858
6.5062858
6.5062858
6.5062858
6.5062858
6.5062858
6.5062858
6.5062858
6.5062858
6.5062858
6.5062858
6.5062858
6.5062858
6.5062858
6.5062858
6.5062858
6.5062858
6.5062858
6.5062858
6.5062858
6.5062858
6.5062858
6.5062858
6.5062858
6.4116325
6.4116325
6.4116325
6.4116325
6.4116325
6.4116325
6.4116325
6.4116325
6.4116325
6.4116325
6.4116325
6.4116325
6.4116325
6.4116325
6.4116325
6.4116325
6.4116325
6.4116325
6.4116325
6.4116325
6.4116325
6.4116325
6.4116325
6.4116325
6.4116325
6.4116325
6.4116325
6.4116325
6.4116325
6.4116325
6.4116325
6.4116325
6.4116325
6.4116325
6.4116325
6.4116325
6.4116325
6.4116325
6.4116325
6.4116325
6.3169795
6.3169795
6.3169795
6.3169795
6.3169795
6.3169795
6.3169795
6.3169795
6.3169795
6.3169795
6.3169795
6.3169795
6.3169795
6.3169795
6.3169795
6.3169795
6.3169795
6.3169795
6.3169795
6.3169795
6.3169795
6.3169795
6.3169795
6.3169795
6.3169795
6.3169795
6.3169795
6.3169795
6.3169795
6.3169795
6.3169795
6.3169795
6.3169795
6.3169795
6.3169795
6.3169795
6.3169795
6.3169795
6.3169795
6.3169795
6.2223268
6.2223268
6.2223268
6.2223268
6.2223268
6.2223268
6.2223268
6.2223268
6.2223268
6.2223268
6.2223268
6.2223268
6.2223268
6.2223268
6.2223268
6.2223268
6.2223268
6.2223268
6.2223268
6.2223268
6.2223268
6.2223268
6.2223268
6.2223268
6.2223268
6.2223268
6.2223268
6.2223268
6.2223268
6.2223268
6.2223268
6.2223268
6.2223268
6.2223268
6.2223268
6.2223268
6.2223268
6.2223268
6.2223268
6.2223268
6.1276744
6.1276744
6.1276744
6.1276744
6.1276744
6.1276744
6.1276744
6.1276744
6.1276744
6.1276744
6.1276744
6.1276744
6.1276744
6.1276744
6.1276744
6.1276744
6.1276744
6.1276744
6.1276744
6.1276744
6.1276744
6.1276744
6.1276744
6.1276744
6.1276744
6.1276744
6.1276744
6.1276744
6.1276744
6.1276744
6.1276744
6.1276744
6.1276744
6.1276744
6.1276744
6.1276744
6.1276744
6.1276744
6.1276744
6.1276744
6.0330224
6.0330224
6.0330224
6.0330224
6.0330224
6.0330224
6.0330224
6.0330224
6.0330224
6.0330224
6.0330224
6.0330224
6.0330224
6.0330224
6.0330224
6.0330224
6.0330224
6.0330224
6.0330224
6.0330224
6.0330224
6.0330224
6.0330224
6.0330224
6.0330224
6.0330224
6.0330224
6.0330224
6.0330224
6.0330224
6.0330224
6.0330224
6.0330224
6.0330224
6.0330224
6.0330224
6.0330224
6.0330224
6.0330224
6.0330224
5.9383707
5.9383707
5.9383707
5.9383707
5.9383707
5.9383707
5.9383707
5.9383707
5.9383707
5.9383707
5.9383707
5.9383707
5.9383707
5.9383707
5.9383707
5.9383707
5.9383707
5.9383707
5.9383707
5.9383707
5.9383707
5.9383707
5.9383707
5.9383707
5.9383707
5.9383707
5.9383707
5.9383707
5.9383707
5.9383707
5.9383707
5.9383707
5.9383707
5.9383707
5.9383707
5.9383707
5.9383707
5.9383707
5.9383707
5.9383707
5.8437195
5.8437195
5.8437195
5.8437195
5.8437195
5.8437195
5.8437195
5.8437195
5.8437195
5.8437195
5.8437195
5.8437195
5.8437195
5.8437195
5.8437195
5.8437195
5.8437195
5.8437195
5.8437195
5.8437195
5.8437195
5.8437195
5.8437195
5.8437195
5.8437195
5.8437195
5.8437195
5.8437195
5.8437195
5.8437195
5.8437195
5.8437195
5.8437195
5.8437195
5.8437195
5.8437195
5.8437195
5.8437195
5.8437195
5.8437195
5.7490688
5.7490688
5.7490688
5.7490688
5.7490688
5.7490688
5.7490688
5.7490688
5.7490688
5.7490688
5.7490688
5.7490688
5.7490688
5.7490688
5.7490688
5.7490688
5.7490688
5.7490688
5.7490688
5.7490688
5.7490688
5.7490688
5.7490688
5.7490688
5.7490688
5.7490688
5.7490688
5.7490688
5.7490688
5.7490688
5.7490688
5.7490688
5.7490688
5.7490688
5.7490688
5.7490688
5.7490688
5.7490688
5.7490688
5.7490688
5.6544185
5.6544185
5.6544185
5.6544185
5.6544185
5.6544185
5.6544185
5.6544185
5.6544185
5.6544185
5.6544185
5.6544185
5.6544185
5.6544185
5.6544185
5.6544185
5.6544185
5.6544185
5.6544185
5.6544185
5.6544185
5.6544185
5.6544185
5.6544185
5.6544185
5.6544185
5.6544185
5.6544185
5.6544185
5.6544185
5.6544185
5.6544185
5.6544185
5.6544185
5.6544185
5.6544185
5.6544185
5.6544185
5.6544185
5.6544185
5.5597687
5.5597687
5.5597687
5.5597687
5.5597687
5.5597687
5.5597687
5.5597687
5.5597687
5.5597687
5.5597687
5.5597687
5.5597687
5.5597687
5.5597687
5.5597687
5.5597687
5.5597687
5.5597687
5.5597687
5.5597687
5.5597687
5.5597687
5.5597687
5.5597687
5.5597687
5.5597687
5.5597687
5.5597687
5.5597687
5.5597687
5.5597687
5.5597687
5.5597687
5.5597687
5.5597687
5.5597687
5.5597687
5.5597687
5.5597687
5.4651197
5.4651197
5.4651197
5.4651197
5.4651197
5.4651197
5.4651197
5.4651197
5.4651197
5.4651197
5.4651197
5.4651197
5.4651197
5.4651197
5.4651197
5.4651197
5.4651197
5.4651197
5.4651197
5.4651197
5.4651197
5.4651197
5.4651197
5.4651197
5.4651197
5.4651197
5.4651197
5.4651197
5.4651197
5.4651197
5.4651197
5.4651197
5.4651197
5.4651197
5.4651197
5.4651197
5.4651197
5.4651197
5.4651197
5.4651197
5.3704713
5.3704713
5.3704713
5.3704713
5.3704713
5.3704713
5.3704713
5.3704713
5.3704713
5.3704713
5.3704713
5.3704713
5.3704713
5.3704713
5.3704713
5.3704713
5.3704713
5.3704713
5.3704713
5.3704713
5.3704713
5.3704713
5.3704713
5.3704713
5.3704713
5.3704713
5.3704713
5.3704713
5.3704713
5.3704713
5.3704713
5.3704713
5.3704713
5.3704713
5.3704713
5.3704713
5.3704713
5.3704713
5.3704713
5.3704713
5.2758236
5.2758236
5.2758236
5.2758236
5.2758236
5.2758236
5.2758236
5.2758236
5.2758236
5.2758236
5.2758236
5.2758236
5.2758236
5.2758236
5.2758236
5.2758236
5.2758236
5.2758236
5.2758236
5.2758236
5.2758236
5.2758236
5.2758236
5.2758236
5.2758236
5.2758236
5.2758236
5.2758236
5.2758236
5.2758236
5.2758236
5.2758236
5.2758236
5.2758236
5.2758236
5.2758236
5.2758236
5.2758236
5.2758236
5.2758236
5.1811768
5.1811768
5.1811768
5.1811768
5.1811768
5.1811768
5.1811768
5.1811768
5.1811768
5.1811768
5.1811768
5.1811768
5.1811768
5.1811768
5.1811768
5.1811768
5.1811768
5.1811768
5.1811768
5.1811768
5.1811768
5.1811768
5.1811768
5.1811768
5.1811768
5.1811768
5.1811768
5.1811768
5.1811768
5.1811768
5.1811768
5.1811768
5.1811768
5.1811768
5.1811768
5.1811768
5.1811768
5.1811768
5.1811768
5.1811768
5.086531
5.086531
5.086531
5.086531
5.086531
5.086531
5.086531
5.086531
5.086531
5.086531
5.086531
5.086531
5.086531
5.086531
5.086531
5.086531
5.086531
5.086531
5.086531
5.086531
5.086531
5.086531
5.086531
5.086531
5.086531
5.086531
5.086531
5.086531
5.086531
5.086531
5.086531
5.086531
5.086531
5.086531
5.086531
5.086531
5.086531
5.086531
5.086531
5.086531
4.9918862
4.9918862
4.9918862
4.9918862
4.9918862
4.9918862
4.9918862
4.9918862
4.9918862
4.9918862
4.9918862
4.9918862
4.9918862
4.9918862
4.9918862
4.9918862
4.9918862
4.9918862
4.9918862
4.9918862
4.9918862
4.9918862
4.9918862
4.9918862
4.9918862
4.9918862
4.9918862
4.9918862
4.9918862
4.9918862
4.9918862
4.9918862
4.9918862
4.9918862
4.9918862
4.9918862
4.9918862
4.9918862
4.9918862
4.9918862
4.8972427
4.8972427
4.8972427
4.8972427
4.8972427
4.8972427
4.8972427
4.8972427
4.8972427
4.8972427
4.8972427
4.8972427
4.8972427
4.8972427
4.8972427
4.8972427
4.8972427
4.8972427
4.8972427
4.8972427
4.8972427
4.8972427
4.8972427
4.8972427
4.8972427
4.8972427
4.8972427
4.8972427
4.8972427
4.8972427
4.8972427
4.8972427
4.8972427
4.8972427
4.8972427
4.8972427
4.8972427
4.8972427
4.8972427
4.8972427
4.8026005
4.8026005
4.8026005
4.8026005
4.8026005
4.8026005
4.8026005
4.8026005
4.8026005
4.8026005
4.8026005
4.8026005
4.8026005
4.8026005
4.8026005
4.8026005
4.8026005
4.8026005
4.8026005
4.8026005
4.8026005
4.8026005
4.8026005
4.8026005
4.8026005
4.8026005
4.8026005
4.8026005
4.8026005
4.8026005
4.8026005
4.8026005
4.8026005
4.8026005
4.8026005
4.8026005
4.8026005
4.8026005
4.8026005
4.8026005
4.7079599
4.7079599
4.7079599
4.7079599
4.7079599
4.7079599
4.7079599
4.7079599
4.7079599
4.7079599
4.7079599
4.7079599
4.7079599
4.7079599
4.7079599
4.7079599
4.7079599
4.7079599
4.7079599
4.7079599
4.7079599
4.7079599
4.7079599
4.7079599
4.7079599
4.7079599
4.7079599
4.7079599
4.7079599
4.7079599
4.7079599
4.7079599
4.7079599
4.7079599
4.7079599
4.7079599
4.7079599
4.7079599
4.7079599
4.7079599
4.6133212
4.6133212
4.6133212
4.6133212
4.6133212
4.6133212
4.6133212
4.6133212
4.6133212
4.6133212
4.6133212
4.6133212
4.6133212
4.6133212
4.6133212
4.6133212
4.6133212
4.6133212
4.6133212
4.6133212
4.6133212
4.6133212
4.6133212
4.6133212
4.6133212
4.6133212
4.6133212
4.6133212
4.6133212
4.6133212
4.6133212
4.6133212
4.6133212
4.6133212
4.6133212
4.6133212
4.6133212
4.6133212
4.6133212
4.6133212
4.5186846
4.5186846
4.5186846
4.5186846
4.5186846
4.5186846
4.5186846
4.5186846
4.5186846
4.5186846
4.5186846
4.5186846
4.5186846
4.5186846
4.5186846
4.5186846
4.5186846
4.5186846
4.5186846
4.5186846
4.5186846
4.5186846
4.5186846
4.5186846
4.5186846
4.5186846
4.5186846
4.5186846
4.5186846
4.5186846
4.5186846
4.5186846
4.5186846
4.5186846
4.5186846
4.5186846
4.5186846
4.5186846
4.5186846
4.5186846
4.4240505
4.4240505
4.4240505
4.4240505
4.4240505
4.4240505
4.4240505
4.4240505
4.4240505
4.4240505
4.4240505
4.4240505
4.4240505
4.4240505
4.4240505
4.4240505
4.4240505
4.4240505
4.4240505
4.4240505
4.4240505
4.4240505
4.4240505
4.4240505
4.4240505
4.4240505
4.4240505
4.4240505
4.4240505
4.4240505
4.4240505
4.4240505
4.4240505
4.4240505
4.4240505
4.4240505
4.4240505
4.4240505
4.4240505
4.4240505
4.3294193
4.3294193
4.3294193
4.3294193
4.3294193
4.3294193
4.3294193
4.3294193
4.3294193
4.3294193
4.3294193
4.3294193
4.3294193
4.3294193
4.3294193
4.3294193
4.3294193
4.3294193
4.3294193
4.3294193
4.3294193
4.3294193
4.3294193
4.3294193
4.3294193
4.3294193
4.3294193
4.3294193
4.3294193
4.3294193
4.3294193
4.3294193
4.3294193
4.3294193
4.3294193
4.3294193
4.3294193
4.3294193
4.3294193
4.3294193
4.2347917
4.2347917
4.2347917
4.2347917
4.2347917
4.2347917
4.2347917
4.2347917
4.2347917
4.2347917
4.2347917
4.2347917
4.2347917
4.2347917
4.2347917
4.2347917
4.2347917
4.2347917
4.2347917
4.2347917
4.2347917
4.2347917
4.2347917
4.2347917
4.2347917
4.2347917
4.2347917
4.2347917
4.2347917
4.2347917
4.2347917
4.2347917
4.2347917
4.2347917
4.2347917
4.2347917
4.2347917
4.2347917
4.2347917
4.2347917
4.1401684
4.1401684
4.1401684
4.1401684
4.1401684
4.1401684
4.1401684
4.1401684
4.1401684
4.1401684
4.1401684
4.1401684
4.1401684
4.1401684
4.1401684
4.1401684
4.1401684
4.1401684
4.1401684
4.1401684
4.1401684
4.1401684
4.1401684
4.1401684
4.1401684
4.1401684
4.1401684
4.1401684
4.1401684
4.1401684
4.1401684
4.1401684
4.1401684
4.1401684
4.1401684
4.1401684
4.1401684
4.1401684
4.1401684
4.1401684
4.0455502
4.0455502
4.0455502
4.0455502
4.0455502
4.0455502
4.0455502
4.0455502
4.0455502
4.0455502
4.0455502
4.0455502
4.0455502
4.0455502
4.0455502
4.0455502
4.0455502
4.0455502
4.0455502
4.0455502
4.0455502
4.0455502
4.0455502
4.0455502
4.0455502
4.0455502
4.0455502
4.0455502
4.0455502
4.0455502
4.0455502
4.0455502
4.0455502
4.0455502
4.0455502
4.0455502
4.0455502
4.0455502
4.0455502
4.0455502
3.9509385
3.9509385
3.9509385
3.9509385
3.9509385
3.9509385
3.9509385
3.9509385
3.9509385
3.9509385
3.9509385
3.9509385
3.9509385
3.9509385
3.9509385
3.9509385
3.9509385
3.9509385
3.9509385
3.9509385
3.9509385
3.9509385
3.9509385
3.9509385
3.9509385
3.9509385
3.9509385
3.9509385
3.9509385
3.9509385
3.9509385
3.9509385
3.9509385
3.9509385
3.9509385
3.9509385
3.9509385
3.9509385
3.9509385
3.9509385
3.8563349
3.8563349
3.8563349
3.8563349
3.8563349
3.8563349
3.8563349
3.8563349
3.8563349
3.8563349
3.8563349
3.8563349
3.8563349
3.8563349
3.8563349
3.8563349
3.8563349
3.8563349
3.8563349
3.8563349
3.8563349
3.8563349
3.8563349
3.8563349
3.8563349
3.8563349
3.8563349
3.8563349
3.8563349
3.8563349
3.8563349
3.8563349
3.8563349
3.8563349
3.8563349
3.8563349
3.8563349
3.8563349
3.8563349
3.8563349
3.7617417
3.7617417
3.7617417
3.7617417
3.7617417
3.7617417
3.7617417
3.7617417
3.7617417
3.7617417
3.7617417
3.7617417
3.7617417
3.7617417
3.7617417
3.7617417
3.7617417
3.7617417
3.7617417
3.7617417
3.7617417
3.7617417
3.7617417
3.7617417
3.7617417
3.7617417
3.7617417
3.7617417
3.7617417
3.7617417
3.7617417
3.7617417
3.7617417
3.7617417
3.7617417
3.7617417
3.7617417
3.7617417
3.7617417
3.7617417
7.2675359
6.8968937
6.5262514
6.1556092
5.784967
5.4143248
5.0436826
4.6730404
4.3023982
3.9317559
3.5611137
3.1904715
2.8198293
2.4491871
2.0785449
1.7079027
1.3372604
0.96661823
0.59597602
0.22533381
-0.14530841
-0.51595062
-0.88659284
-1.2572351
-1.6278773
-1.9985195
-2.3691617
-2.7398039
-3.1104461
-3.4810884
-3.8517306
-4.2223728
-4.593015
-4.9636572
-5.3342994
-5.7049416
-6.0755839
-6.4462261
-6.8168683
-7.1875105
7.1772567
6.8153641
6.4534715
6.0915788
5.7296862
5.3677936
5.0059009
4.6440083
4.2821157
3.920223
3.5583304
3.1964378
2.8345451
2.4726525
2.1107599
1.7488673
1.3869746
1.025082
0.66318936
0.30129673
-0.060595906
-0.42248854
-0.78438118
-1.1462738
-1.5081664
-1.8700591
-2.2319517
-2.5938443
-2.9557369
-3.3176296
-3.6795222
-4.0414148
-4.4033075
-4.7652001
-5.1270927
-5.4889854
-5.850878
-6.2127706
-6.5746633
-6.9365559
7.0869778
6.7338347
6.3806916
6.0275486
5.6744055
5.3212624
4.9681194
4.6149763
4.2618332
3.9086902
3.5555471
3.202404
2.849261
2.4961179
2.1429748
1.7898318
1.4366887
1.0835456
0.73040253
0.37725946
0.024116394
-0.32902667
-0.68216974
-1.0353128
-1.3884559
-1.7415989
-2.094742
-2.4478851
-2.8010281
-3.1541712
-3.5073143
-3.8604573
-4.2136004
-4.5667435
-4.9198865
-5.2730296
-5.6261727
-5.9793157
-6.3324588
-6.6856019
6.996699
6.6523055
6.307912
5.9635184
5.6191249
5.2747314
4.9303379
4.5859443
4.2415508
3.8971573
3.5527637
3.2083702
2.8639767
2.5195832
2.1751896
1.8307961
1.4864026
1.1420091
0.79761553
0.45322201
0.10882848
-0.23556505
-0.57995857
-0.9243521
-1.2687456
-1.6131392
-1.9575327
-2.3019262
-2.6463197
-2.9907133
-3.3351068
-3.6795003
-4.0238938
-4.3682874
-4.7126809
-5.0570744
-5.401468
-5.7458615
-6.090255
-6.4346485
6.9064205
6.5707765
6.2351325
5.8994885
5.5638445
5.2282005
4.8925565
4.5569125
4.2212685
3.8856245
3.5499804
3.2143364
2.8786924
2.5430484
2.2074044
1.8717604
1.5361164
1.2004724
0.86482836
0.52918434
0.19354033
-0.14210368
-0.47774769
-0.8133917
-1.1490357
-1.4846797
-1.8203237
-2.1559677
-2.4916117
-2.8272557
-3.1628998
-3.4985438
-3.8341878
-4.1698318
-4.5054758
-4.8411198
-5.1767638
-5.5124078
-5.8480518
-6.1836958
6.8161423
6.4892478
6.1623533
5.8354588
5.5085643
5.1816698
4.8547752
4.5278807
4.2009862
3.8740917
3.5471972
3.2203026
2.8934081
2.5665136
2.2396191
1.9127246
1.58583
1.2589355
0.93204099
0.60514645
0.27825194
-0.048642582
-0.3755371
-0.70243162
-1.0293261
-1.3562206
-1.6831151
-2.0100097
-2.3369042
-2.6637987
-2.9906932
-3.3175877
-3.6444823
-3.9713768
-4.2982713
-4.6251658
-4.9520603
-5.2789548
-5.6058494
-5.9327439
6.7258644
6.4077193
6.0895743
5.7714292
5.4532842
5.1351391
4.8169941
4.498849
4.1807039
3.8625589
3.5444138
3.2262688
2.9081237
2.5899787
2.2718336
1.9536886
1.6355435
1.3173984
0.99925338
0.68110832
0.36296327
0.044818214
-0.27332684
-0.5914719
-0.90961695
-1.227762
-1.5459071
-1.8640521
-2.1821972
-2.5003422
-2.8184873
-3.1366323
-3.4547774
-3.7729225
-4.0910675
-4.4092126
-4.7273576
-5.0455027
-5.3636477
-5.6817928
6.6355867
6.3261911
6.0167955
5.7073999
5.3980042
5.0886086
4.779213
4.4698174
4.1604218
3.8510261
3.5416305
3.2322349
2.9228393
2.6134436
2.304048
1.9946524
1.6852568
1.3758612
1.0664655
0.75706993
0.44767431
0.13827869
-0.17111693
-0.48051256
-0.78990818
-1.0993038
-1.4086995
-1.7180951
-2.0274907
-2.3368863
-2.6462819
-2.9556776
-3.2650732
-3.5744688
-3.8838644
-4.1932601
-4.5026557
-4.8120513
-5.1214469
-5.4308426
6.5453095
6.2446633
5.944017
5.6433708
5.3427246
5.0420784
4.7414321
4.4407859
4.1401397
3.8394935
3.5388473
3.238201
2.9375548
2.6369086
2.3362624
2.0356161
1.7349699
1.4343237
1.1336775
0.83303126
0.53238503
0.23173881
-0.068907413
-0.36955363
-0.67019986
-0.97084609
-1.2714923
-1.5721385
-1.8727848
-2.173431
-2.4740772
-2.7747234
-3.0753697
-3.3760159
-3.6766621
-3.9773083
-4.2779546
-4.5786008
-4.879247
-5.1798932
6.4550326
6.1631357
5.8712389
5.579342
5.2874452
4.9955483
4.7036514
4.4117546
4.1198577
3.8279609
3.536064
3.2441671
2.9522703
2.6603734
2.3684766
2.0765797
1.7846828
1.492786
1.2008891
0.90899227
0.6170954
0.32519855
0.033301685
-0.25859517
-0.55049203
-0.84238889
-1.1342857
-1.4261826
-1.7180795
-2.0099763
-2.3018732
-2.59377
-2.8856669
-3.1775638
-3.4694606
-3.7613575
-4.0532543
-4.3451512
-4.6370481
-4.9289449
6.3647561
6.0816085
5.798461
5.5153135
5.2321659
4.9490184
4.6658709
4.3827233
4.0995758
3.8164283
3.5332807
3.2501332
2.9669856
2.6838381
2.4006906
2.117543
1.8343955
1.551248
1.2681004
0.98495292
0.70180539
0.41865786
0.13551032
-0.14763721
-0.43078475
-0.71393228
-0.99707983
-1.2802274
-1.5633749
-1.8465224
-2.12967
-2.4128175
-2.6959651
-2.9791126
-3.2622601
-3.5454077
-3.8285552
-4.1117027
-4.3948503
-4.6779978
6.27448
6.0000818
5.7256835
5.4512853
5.176887
4.9024888
4.6280905
4.3536923
4.079294
3.8048958
3.5304975
3.2560992
2.981701
2.7073027
2.4329045
2.1585062
1.884108
1.6097097
1.3353115
1.0609132
0.78651497
0.51211671
0.23771846
-0.036679795
-0.31107805
-0.5854763
-0.85987457
-1.1342728
-1.4086711
-1.6830693
-1.9574676
-2.2318658
-2.5062641
-2.7806623
-3.0550606
-3.3294588
-3.6038571
-3.8782554
-4.1526536
-4.4270519
6.1842045
5.9185555
5.6529064
5.3872574
5.1216084
4.8559594
4.5903104
4.3246613
4.0590123
3.7933633
3.5277143
3.2620653
2.9964163
2.7307672
2.4651182
2.1994692
1.9338202
1.6681712
1.4025221
1.1368731
0.87122408
0.60557506
0.33992604
0.074277021
-0.191372
-0.45702102
-0.72267004
-0.98831905
-1.2539681
-1.5196171
-1.7852661
-2.0509151
-2.3165641
-2.5822132
-2.8478622
-3.1135112
-3.3791602
-3.6448092
-3.9104583
-4.1761073
6.0939294
5.8370296
5.5801298
5.3232299
5.0663301
4.8094302
4.5525304
4.2956306
4.0387307
3.7818309
3.5249311
3.2680312
3.0111314
2.7542315
2.4973317
2.2404319
1.983532
1.7266322
1.4697323
1.2128325
0.95593268
0.69903285
0.44213301
0.18523317
-0.071666663
-0.3285665
-0.58546634
-0.84236618
-1.099266
-1.3561659
-1.6130657
-1.8699655
-2.1268654
-2.3837652
-2.6406651
-2.8975649
-3.1544647
-3.4113646
-3.6682644
-3.9251642
6.003655
5.7555043
5.5073536
5.2592029
5.0110522
4.7629014
4.5147507
4.2666
4.0184493
3.7702986
3.5221479
3.2739972
3.0258465
2.7776957
2.529545
2.2813943
2.0332436
1.7850929
1.5369422
1.2887915
1.0406407
0.79249002
0.54433931
0.2961886
0.048037883
-0.20011283
-0.44826354
-0.69641426
-0.94456498
-1.1927157
-1.4408664
-1.6890171
-1.9371678
-2.1853185
-2.4334692
-2.68162
-2.9297707
-3.1779214
-3.4260721
-3.6742228
5.9133813
5.6739796
5.434578
5.1951763
4.9557747
4.716373
4.4769713
4.2375697
3.998168
3.7587664
3.5193647
3.2799631
3.0405614
2.8011598
2.5617581
2.3223565
2.0829548
1.8435532
1.6041515
1.3647498
1.1253482
0.88594652
0.64654486
0.40714321
0.16774155
-0.0716601
-0.31106175
-0.55046341
-0.78986506
-1.0292667
-1.2686683
-1.50807
-1.7474717
-1.9868733
-2.226275
-2.4656766
-2.7050783
-2.9444799
-3.1838816
-3.4232832
5.8231082
5.5924555
5.3618029
5.1311502
4.9004975
4.6698449
4.4391922
4.2085395
3.9778869
3.7472342
3.5165816
3.2859289
3.0552762
2.8246236
2.5939709
2.3633182
2.1326656
1.9020129
1.6713602
1.4407076
1.2100549
0.97940224
0.74874958
0.51809691
0.28744425
0.056791583
-0.17386108
-0.40451375
-0.63516641
-0.86581907
-1.0964717
-1.3271244
-1.5577771
-1.7884297
-2.0190824
-2.2497351
-2.4803877
-2.7110404
-2.9416931
-3.1723457
5.732836
5.5109323
5.2890285
5.0671247
4.845221
4.6233172
4.4014135
4.1795097
3.957606
3.7357022
3.5137984
3.2918947
3.0699909
2.8480872
2.6261834
2.4042797
2.1823759
1.9604722
1.7385684
1.5166646
1.2947609
1.0728571
0.85095338
0.62904961
0.40714585
0.18524209
-0.036661661
-0.25856542
-0.48046917
-0.70237293
-0.92427669
-1.1461804
-1.3680842
-1.5899879
-1.8118917
-2.0337954
-2.2556992
-2.477603
-2.6995067
-2.9214105
5.6425647
5.4294098
5.2162549
5.0030999
4.789945
4.5767901
4.3636351
4.1504802
3.9373252
3.7241703
3.5110154
3.2978604
3.0847055
2.8715506
2.6583956
2.4452407
2.2320858
2.0189308
1.8057759
1.5926209
1.379466
1.1663111
0.95315612
0.74000116
0.52684623
0.31369129
0.10053636
-0.11261858
-0.32577352
-0.53892845
-0.75208339
-0.96523831
-1.1783932
-1.3915482
-1.6047031
-1.817858
-2.031013
-2.2441679
-2.4573228
-2.6704778
5.5522945
5.3478882
5.143482
4.9390758
4.7346696
4.5302634
4.3258572
4.1214509
3.9170447
3.7126385
3.5082323
3.3038261
3.0994198
2.8950136
2.6906074
2.4862012
2.281795
2.0773888
1.8729825
1.6685763
1.4641701
1.2597639
1.0553577
0.85095144
0.64654522
0.442139
0.23773279
0.033326569
-0.17107965
-0.37548587
-0.57989209
-0.78429831
-0.98870452
-1.1931107
-1.397517
-1.6019232
-1.8063294
-2.0107356
-2.2151418
-2.419548
5.4620254
5.2663678
5.0707101
4.8750525
4.6793949
4.4837373
4.2880797
4.0924221
3.8967645
3.7011068
3.5054492
3.3097916
3.114134
2.9184764
2.7228188
2.5271612
2.3315035
2.1358459
1.9401883
1.7445307
1.5488731
1.3532155
1.1575579
0.96190025
0.76624265
0.57058503
0.37492742
0.1792698
-0.016387809
-0.21204542
-0.40770304
-0.60336065
-0.79901827
-0.99467589
-1.1903335
-1.3859911
-1.5816488
-1.7773064
-1.972964
-2.1686216
5.3717577
5.1848485
4.9979394
4.8110303
4.6241211
4.437212
4.2503028
4.0633937
3.8764845
3.6895754
3.5026663
3.3157571
3.128848
2.9419388
2.7550297
2.5681206
2.3812114
2.1943023
2.0073931
1.820484
1.6335748
1.4466657
1.2597566
1.0728474
0.88593829
0.69902914
0.51212
0.32521086
0.13830172
-0.048607423
-0.23551656
-0.42242571
-0.60933485
-0.79624399
-0.98315315
-1.1700623
-1.3569714
-1.5438806
-1.7307897
-1.9176988
5.2814915
5.1033307
4.9251699
4.7470091
4.5688483
4.3906874
4.2125266
4.0343658
3.856205
3.6780442
3.4998833
3.3217225
3.1435617
2.9654009
2.7872401
2.6090793
2.4309184
2.2527576
2.0745968
1.896436
1.7182752
1.5401143
1.3619535
1.1837927
1.0056319
0.82747105
0.64931023
0.47114942
0.2929886
0.11482778
-0.06333304
-0.24149386
-0.41965468
-0.5978155
-0.77597631
-0.95413712
-1.1322979
-1.3104588
-1.4886196
-1.6667804
5.1912271
5.0218145
4.8524018
4.6829891
4.5135764
4.3441638
4.1747511
4.0053384
3.8359258
3.6665131
3.4971004
3.3276878
3.1582751
2.9888624
2.8194498
2.6500371
2.4806244
2.3112117
2.1417991
1.9723864
1.8029737
1.6335611
1.4641484
1.2947357
1.1253231
0.95591041
0.78649775
0.61708508
0.44767241
0.27825974
0.10884707
-0.060565595
-0.22997826
-0.39939093
-0.5688036
-0.73821627
-0.90762894
-1.0770416
-1.2464543
-1.415867
5.1009648
4.9403001
4.7796354
4.6189707
4.458306
4.2976412
4.1369765
3.9763118
3.8156471
3.6549824
3.4943176
3.3336529
3.1729882
3.0123235
2.8516588
2.690994
2.5303293
2.3696646
2.2089999
2.0483351
1.8876704
1.7270057
1.566341
1.4056763
1.2450115
1.0843468
0.92368211
0.76301738
0.60235266
0.44168794
0.28102322
0.1203585
-0.040306225
-0.20097095
-0.36163567
-0.52230039
-0.68296511
-0.84362984
-1.0042946
-1.1649593
5.010705
4.858788
4.706871
4.554954
4.403037
4.25112
4.099203
3.9472859
3.7953689
3.6434519
3.4915349
3.3396179
3.1877009
3.0357839
2.8838669
2.7319499
2.5800329
2.4281158
2.2761988
2.1242818
1.9723648
1.8204478
1.6685308
1.5166138
1.3646968
1.2127798
1.0608628
0.90894574
0.75702873
0.60511172
0.45319471
0.3012777
0.14936069
-0.0025563229
-0.15447333
-0.30639034
-0.45830735
-0.61022436
-0.76214137
-0.91405837
4.920448
4.7772784
4.6341089
4.4909393
4.3477697
4.2046001
4.0614305
3.918261
3.7750914
3.6319218
3.4887522
3.3455827
3.2024131
3.0592435
2.9160739
2.7729043
2.6297348
2.4865652
2.3433956
2.200226
2.0570565
1.9138869
1.7707173
1.6275477
1.4843781
1.3412086
1.198039
1.0548694
0.91169983
0.76853027
0.62536069
0.48219111
0.33902153
0.19585195
0.052682376
-0.090487202
-0.23365678
-0.37682636
-0.51999593
-0.66316551
4.8301945
4.695772
4.5613495
4.4269271
4.2925046
4.1580821
4.0236596
3.8892371
3.7548147
3.6203922
3.4859697
3.3515472
3.2171247
3.0827023
2.9482798
2.8138573
2.6794348
2.5450123
2.4105899
2.2761674
2.1417449
2.0073224
1.8728999
1.7384775
1.604055
1.4696325
1.33521
1.2007875
1.0663651
0.93194258
0.79752009
0.66309761
0.52867513
0.39425264
0.25983016
0.12540768
-0.0090147974
-0.14343728
-0.27785976
-0.41228224
4.7399452
4.6142694
4.4885936
4.3629178
4.237242
4.1115662
3.9858905
3.8602147
3.7345389
3.6088631
3.4831873
3.3575115
3.2318357
3.1061599
2.9804842
2.8548084
2.7291326
2.6034568
2.477781
2.3521052
2.2264294
2.1007536
1.9750779
1.8494021
1.7237263
1.5980505
1.4723747
1.3466989
1.2210231
1.0953473
0.96967153
0.84399574
0.71831995
0.59264416
0.46696838
0.34129259
0.2156168
0.089941012
-0.035734775
-0.16141056
4.6497009
4.5327713
4.4158417
4.2989121
4.1819826
4.065053
3.9481234
3.8311938
3.7142642
3.5973346
3.480405
3.3634754
3.2465458
3.1296162
3.0126867
2.8957571
2.7788275
2.6618979
2.5449683
2.4280387
2.3111091
2.1941795
2.0772499
1.9603203
1.8433908
1.7264612
1.6095316
1.492602
1.3756724
1.2587428
1.1418132
1.0248836
0.90795403
0.79102445
0.67409486
0.55716527
0.44023568
0.32330609
0.2063765
0.08944691
4.559463
4.451279
4.343095
4.234911
4.126727
4.018543
3.910359
3.802175
3.693991
3.585807
3.477623
3.369439
3.261255
3.1530709
3.0448869
2.9367029
2.8285189
2.7203349
2.6121509
2.5039669
2.3957829
2.2875989
2.1794149
2.0712309
1.9630469
1.8548629
1.7466788
1.6384948
1.5303108
1.4221268
1.3139428
1.2057588
1.0975748
0.9893908
0.88120679
0.77302276
0.66483876
0.55665475
0.44847074
0.34028673
4.4692332
4.369794
4.2703548
4.1709156
4.0714764
3.9720372
3.872598
3.7731588
3.6737196
3.5742804
3.4748412
3.375402
3.2759628
3.1765236
3.0770844
2.9776452
2.878206
2.7787668
2.6793275
2.5798883
2.4804491
2.3810099
2.2815707
2.1821315
2.0826923
1.9832531
1.8838139
1.7843747
1.6849355
1.5854963
1.4860571
1.3866179
1.2871787
1.1877395
1.0883003
0.98886106
0.88942186
0.78998265
0.69054344
0.59110424
4.3790137
4.2883183
4.1976229
4.1069275
4.0162321
3.9255367
3.8348413
3.7441459
3.6534505
3.562755
3.4720596
3.3813642
3.2906688
3.1999734
3.109278
3.0185826
2.9278872
2.8371918
2.7464964
2.655801
2.5651056
2.4744102
2.3837148
2.2930194
2.202324
2.1116286
2.0209332
1.9302378
1.8395424
1.748847
1.6581516
1.5674562
1.4767608
1.3860654
1.29537
1.2046746
1.1139792
1.0232838
0.93258837
0.84189297
4.2888078
4.2068549
4.1249019
4.042949
3.9609961
3.8790432
3.7970902
3.7151373
3.6331844
3.5512315
3.4692785
3.3873256
3.3053727
3.2234198
3.1414668
3.0595139
2.977561
2.8956081
2.8136551
2.7317022
2.6497493
2.5677964
2.4858434
2.4038905
2.3219376
2.2399846
2.1580317
2.0760788
1.9941259
1.9121729
1.83022
1.7482671
1.6663142
1.5843612
1.5024083
1.4204554
1.3385025
1.2565495
1.1745966
1.0926437
4.1986206
4.1254083
4.0521961
3.9789838
3.9057716
3.8325593
3.7593471
3.6861348
3.6129226
3.5397103
3.4664981
3.3932858
3.3200736
3.2468613
3.1736491
3.1004368
3.0272246
2.9540123
2.8808
2.8075878
2.7343755
2.6611633
2.587951
2.5147388
2.4415265
2.3683143
2.295102
2.2218898
2.1486775
2.0754653
2.002253
1.9290408
1.8558285
1.7826163
1.709404
1.6361918
1.5629795
1.4897673
1.416555
1.3433428
4.1084595
4.0439854
3.9795113
3.9150371
3.850563
3.7860889
3.7216148
3.6571407
3.5926666
3.5281925
3.4637184
3.3992443
3.3347702
3.270296
3.2058219
3.1413478
3.0768737
3.0123996
2.9479255
2.8834514
2.8189773
2.7545032
2.6900291
2.6255549
2.5610808
2.4966067
2.4321326
2.3676585
2.3031844
2.2387103
2.1742362
2.1097621
2.045288
1.9808138
1.9163397
1.8518656
1.7873915
1.7229174
1.6584433
1.5939692
4.0183368
3.9625971
3.9068574
3.8511177
3.795378
3.7396383
3.6838986
3.6281589
3.5724192
3.5166795
3.4609398
3.4052001
3.3494604
3.2937207
3.237981
3.1822413
3.1265016
3.0707619
3.0150222
2.9592825
2.9035428
2.8478031
2.7920634
2.7363237
2.680584
2.6248443
2.5691046
2.5133649
2.4576252
2.4018855
2.3461458
2.2904061
2.2346664
2.1789267
2.123187
2.0674473
2.0117076
1.9559679
1.9002282
1.8444885
3.9282743
3.8812632
3.8342521
3.787241
3.7402299
3.6932188
3.6462076
3.5991965
3.5521854
3.5051743
3.4581632
3.4111521
3.364141
3.3171299
3.2701188
3.2231076
3.1760965
3.1290854
3.0820743
3.0350632
2.9880521
2.941041
2.8940299
2.8470188
2.8000076
2.7529965
2.7059854
2.6589743
2.6119632
2.5649521
2.517941
2.4709299
2.4239188
2.3769076
2.3298965
2.2828854
2.2358743
2.1888632
2.1418521
2.094841
3.8383132
3.8000208
3.7617285
3.7234361
3.6851438
3.6468514
3.6085591
3.5702667
3.5319744
3.493682
3.4553897
3.4170973
3.378805
3.3405126
3.3022203
3.2639279
3.2256356
3.1873432
3.1490509
3.1107585
3.0724662
3.0341738
2.9958815
2.9575891
2.9192968
2.8810044
2.8427121
2.8044197
2.7661274
2.727835
2.6895427
2.6512503
2.612958
2.5746656
2.5363733
2.4980809
2.4597886
2.4214962
2.3832039
2.3449115
3.748544
3.7189518
3.6893596
3.6597674
3.6301752
3.600583
3.5709908
3.5413986
3.5118064
3.4822142
3.452622
3.4230298
3.3934376
3.3638454
3.3342532
3.3046611
3.2750689
3.2454767
3.2158845
3.1862923
3.1567001
3.1271079
3.0975157
3.0679235
3.0383313
3.0087391
2.9791469
2.9495547
2.9199625
2.8903703
2.8607781
2.8311859
2.8015937
2.7720015
2.7424093
2.7128171
2.6832249
2.6536327
2.6240405
2.5944483
7.3125
7.3125
7.3125
7.3125
7.3125
7.3125
7.3125
7.3125
7.3125
7.3125
7.3125
7.3125
7.3125
7.3125
7.3125
7.3125
7.3125
7.3125
7.3125
7.3125
7.3125
7.3125
7.3125
7.3125
7.3125
7.3125
7.3125
7.3125
7.3125
7.3125
7.3125
7.3125
7.3125
7.3125
7.3125
7.3125
7.3125
7.3125
7.3125
7.3125
6.9375
6.9375
6.9375
6.9375
6.9375
6.9375
6.9375
6.9375
6.9375
6.9375
6.9375
6.9375
6.9375
6.9375
6.9375
6.9375
6.9375
6.9375
6.9375
6.9375
6.9375
6.9375
6.9375
6.9375
6.9375
6.9375
6.9375
6.9375
6.9375
6.9375
6.9375
6.9375
6.9375
6.9375
6.9375
6.9375
6.9375
6.9375
6.9375
6.9375
6.5625
6.5625
6.5625
6.5625
6.5625
6.5625
6.5625
6.5625
6.5625
6.5625
6.5625
6.5625
6.5625
6.5625
6.5625
6.5625
6.5625
6.5625
6.5625
6.5625
6.5625
6.5625
6.5625
6.5625
6.5625
6.5625
6.5625
6.5625
6.5625
6.5625
6.5625
6.5625
6.5625
6.5625
6.5625
6.5625
6.5625
6.5625
6.5625
6.5625
6.1875
6.1875
6.1875
6.1875
6.1875
6.1875
6.1875
6.1875
6.1875
6.1875
6.1875
6.1875
6.1875
6.1875
6.1875
6.1875
6.1875
6.1875
6.1875
6.1875
6.1875
6.1875
6.1875
6.1875
6.1875
6.1875
6.1875
6.1875
6.1875
6.1875
6.1875
6.1875
6.1875
6.1875
6.1875
6.1875
6.1875
6.1875
6.1875
6.1875
5.8125
5.8125
5.8125
5.8125
5.8125
5.8125
5.8125
5.8125
5.8125
5.8125
5.8125
5.8125
5.8125
5.8125
5.8125
5.8125
5.8125
5.8125
5.8125
5.8125
5.8125
5.8125
5.8125
5.8125
5.8125
5.8125
5.8125
5.8125
5.8125
5.8125
5.8125
5.8125
5.8125
5.8125
5.8125
5.8125
5.8125
5.8125
5.8125
5.8125
5.4375
5.4375
5.4375
5.4375
5.4375
5.4375
5.4375
5.4375
5.4375
5.4375
5.4375
5.4375
5.4375
5.4375
5.4375
5.4375
5.4375
5.4375
5.4375
5.4375
5.4375
5.4375
5.4375
5.4375
5.4375
5.4375
5.4375
5.4375
5.4375
5.4375
5.4375
5.4375
5.4375
5.4375
5.4375
5.4375
5.4375
5.4375
5.4375
5.4375
5.0625
5.0625
5.0625
5.0625
5.0625
5.0625
5.0625
5.0625
5.0625
5.0625
5.0625
5.0625
5.0625
5.0625
5.0625
5.0625
5.0625
5.0625
5.0625
5.0625
5.0625
5.0625
5.0625
5.0625
5.0625
5.0625
5.0625
5.0625
5.0625
5.0625
5.0625
5.0625
5.0625
5.0625
5.0625
5.0625
5.0625
5.0625
5.0625
5.0625
4.6875
4.6875
4.6875
4.6875
4.6875
4.6875
4.6875
4.6875
4.6875
4.6875
4.6875
4.6875
4.6875
4.6875
4.6875
4.6875
4.6875
4.6875
4.6875
4.6875
4.6875
4.6875
4.6875
4.6875
4.6875
4.6875
4.6875
4.6875
4.6875
4.6875
4.6875
4.6875
4.6875
4.6875
4.6875
4.6875
4.6875
4.6875
4.6875
4.6875
4.3125
4.3125
4.3125
4.3125
4.3125
4.3125
4.3125
4.3125
4.3125
4.3125
4.3125
4.3125
4.3125
4.3125
4.3125
4.3125
4.3125
4.3125
4.3125
4.3125
4.3125
4.3125
4.3125
4.3125
4.3125
4.3125
4.3125
4.3125
4.3125
4.3125
4.3125
4.3125
4.3125
4.3125
4.3125
4.3125
4.3125
4.3125
4.3125
4.3125
3.9375
3.9375
3.9375
3.9375
3.9375
3.9375
3.9375
3.9375
3.9375
3.9375
3.9375
3.9375
3.9375
3.9375
3.9375
3.9375
3.9375
3.9375
3.9375
3.9375
3.9375
3.9375
3.9375
3.9375
3.9375
3.9375
3.9375
3.9375
3.9375
3.9375
3.9375
3.9375
3.9375
3.9375
3.9375
3.9375
3.9375
3.9375
3.9375
3.9375
3.5625
3.5625
3.5625
3.5625
3.5625
3.5625
3.5625
3.5625
3.5625
3.5625
3.5625
3.5625
3.5625
3.5625
3.5625
3.5625
3.5625
3.5625
3.5625
3.5625
3.5625
3.5625
3.5625
3.5625
3.5625
3.5625
3.5625
3.5625
3.5625
3.5625
3.5625
3.5625
3.5625
3.5625
3.5625
3.5625
3.5625
3.5625
3.5625
3.5625
3.1875
3.1875
3.1875
3.1875
3.1875
3.1875
3.1875
3.1875
3.1875
3.1875
3.1875
3.1875
3.1875
3.1875
3.1875
3.1875
3.1875
3.1875
3.1875
3.1875
3.1875
3.1875
3.1875
3.1875
3.1875
3.1875
3.1875
3.1875
3.1875
3.1875
3.1875
3.1875
3.1875
3.1875
3.1875
3.1875
3.1875
3.1875
3.1875
3.1875
2.8125
2.8125
2.8125
2.8125
2.8125
2.8125
2.8125
2.8125
2.8125
2.8125
2.8125
2.8125
2.8125
2.8125
2.8125
2.8125
2.8125
2.8125
2.8125
2.8125
2.8125
2.8125
2.8125
2.8125
2.8125
2.8125
2.8125
2.8125
2.8125
2.8125
2.8125
2.8125
2.8125
2.8125
2.8125
2.8125
2.8125
2.8125
2.8125
2.8125
2.4375
2.4375
2.4375
2.4375
2.4375
2.4375
2.4375
2.4375
2.4375
2.4375
2.4375
2.4375
2.4375
2.4375
2.4375
2.4375
2.4375
2.4375
2.4375
2.4375
2.4375
2.4375
2.4375
2.4375
2.4375
2.4375
2.4375
2.4375
2.4375
2.4375
2.4375
2.4375
2.4375
2.4375
2.4375
2.4375
2.4375
2.4375
2.4375
2.4375
2.0625
2.0625
2.0625
2.0625
2.0625
2.0625
2.0625
2.0625
2.0625
2.0625
2.0625
2.0625
2.0625
2.0625
2.0625
2.0625
2.0625
2.0625
2.0625
2.0625
2.0625
2.0625
2.0625
2.0625
2.0625
2.0625
2.0625
2.0625
2.0625
2.0625
2.0625
2.0625
2.0625
2.0625
2.0625
2.0625
2.0625
2.0625
2.0625
2.0625
1.6875
1.6875
1.6875
1.6875
1.6875
1.6875
1.6875
1.6875
1.6875
1.6875
1.6875
1.6875
1.6875
1.6875
1.6875
1.6875
1.6875
1.6875
1.6875
1.6875
1.6875
1.6875
1.6875
1.6875
1.6875
1.6875
1.6875
1.6875
1.6875
1.6875
1.6875
1.6875
1.6875
1.6875
1.6875
1.6875
1.6875
1.6875
1.6875
1.6875
1.3125
1.3125
1.3125
1.3125
1.3125
1.3125
1.3125
1.3125
1.3125
1.3125
1.3125
1.3125
1.3125
1.3125
1.3125
1.3125
1.3125
1.3125
1.3125
1.3125
1.3125
1.3125
1.3125
1.3125
1.3125
1.3125
1.3125
1.3125
1.3125
1.3125
1.3125
1.3125
1.3125
1.3125
1.3125
1.3125
1.3125
1.3125
1.3125
1.3125
0.9375
0.9375
0.9375
0.9375
0.9375
0.9375
0.9375
0.9375
0.9375
0.9375
0.9375
0.9375
0.9375
0.9375
0.9375
0.9375
0.9375
0.9375
0.9375
0.9375
0.9375
0.9375
0.9375
0.9375
0.9375
0.9375
0.9375
0.9375
0.9375
0.9375
0.9375
0.9375
0.9375
0.9375
0.9375
0.9375
0.9375
0.9375
0.9375
0.9375
0.5625
0.5625
0.5625
0.5625
0.5625
0.5625
0.5625
0.5625
0.5625
0.5625
0.5625
0.5625
0.5625
0.5625
0.5625
0.5625
0.5625
0.5625
0.5625
0.5625
0.5625
0.5625
0.5625
0.5625
0.5625
0.5625
0.5625
0.5625
0.5625
0.5625
0.5625
0.5625
0.5625
0.5625
0.5625
0.5625
0.5625
0.5625
0.5625
0.5625
0.1875
0.1875
0.1875
0.1875
0.1875
0.1875
0.1875
0.1875
0.1875
0.1875
0.1875
0.1875
0.1875
0.1875
0.1875
0.1875
0.1875
0.1875
0.1875
0.1875
0.1875
0.1875
0.1875
0.1875
0.1875
0.1875
0.1875
0.1875
0.1875
0.1875
0.1875
0.1875
0.1875
0.1875
0.1875
0.1875
0.1875
0.1875
0.1875
0.1875
-0.1875
-0.1875
-0.1875
-0.1875
-0.1875
-0.1875
-0.1875
-0.1875
-0.1875
-0.1875
-0.1875
-0.1875
-0.1875
-0.1875
-0.1875
-0.1875
-0.1875
-0.1875
-0.1875
-0.1875
-0.1875
-0.1875
-0.1875
-0.1875
-0.1875
-0.1875
-0.1875
-0.1875
-0.1875
-0.1875
-0.1875
-0.1875
-0.1875
-0.1875
-0.1875
-0.1875
-0.1875
-0.1875
-0.1875
-0.1875
-0.5625
-0.5625
-0.5625
-0.5625
-0.5625
-0.5625
-0.5625
-0.5625
-0.5625
-0.5625
-0.5625
-0.5625
-0.5625
-0.5625
-0.5625
-0.5625
-0.5625
-0.5625
-0.5625
-0.5625
-0.5625
-0.5625
-0.5625
-0.5625
-0.5625
-0.5625
-0.5625
-0.5625
-0.5625
-0.5625
-0.5625
-0.5625
-0.5625
-0.5625
-0.5625
-0.5625
-0.5625
-0.5625
-0.5625
-0.5625
-0.9375
-0.9375
-0.9375
-0.9375
-0.9375
-0.9375
-0.9375
-0.9375
-0.9375
-0.9375
-0.9375
-0.9375
-0.9375
-0.9375
-0.9375
-0.9375
-0.9375
-0.9375
-0.9375
-0.9375
-0.9375
-0.9375
-0.9375
-0.9375
-0.9375
-0.9375
-0.9375
-0.9375
-0.9375
-0.9375
-0.9375
-0.9375
-0.9375
-0.9375
-0.9375
-0.9375
-0.9375
-0.9375
-0.9375
-0.9375
-1.3125
-1.3125
-1.3125
-1.3125
-1.3125
-1.3125
-1.3125
-1.3125
-1.3125
-1.3125
-1.3125
-1.3125
-1.3125
-1.3125
-1.3125
-1.3125
-1.3125
-1.3125
-1.3125
-1.3125
-1.3125
-1.3125
-1.3125
-1.3125
-1.3125
-1.3125
-1.3125
-1.3125
-1.3125
-1.3125
-1.3125
-1.3125
-1.3125
-1.3125
-1.3125
-1.3125
-1.3125
-1.3125
-1.3125
-1.3125
-1.6875
-1.6875
-1.6875
-1.6875
-1.6875
-1.6875
-1.6875
-1.6875
-1.6875
-1.6875
-1.6875
-1.6875
-1.6875
-1.6875
-1.6875
-1.6875
-1.6875
-1.6875
-1.6875
-1.6875
-1.6875
-1.6875
-1.6875
-1.6875
-1.6875
-1.6875
-1.6875
-1.6875
-1.6875
-1.6875
-1.6875
-1.6875
-1.6875
-1.6875
-1.6875
-1.6875
-1.6875
-1.6875
-1.6875
-1.6875
-2.0625
-2.0625
-2.0625
-2.0625
-2.0625
-2.0625
-2.0625
-2.0625
-2.0625
-2.0625
-2.0625
-2.0625
-2.0625
-2.0625
-2.0625
-2.0625
-2.0625
-2.0625
-2.0625
-2.0625
-2.0625
-2.0625
-2.0625
-2.0625
-2.0625
-2.0625
-2.0625
-2.0625
-2.0625
-2.0625
-2.0625
-2.0625
-2.0625
-2.0625
-2.0625
-2.0625
-2.0625
-2.0625
-2.0625
-2.0625
-2.4375
-2.4375
-2.4375
-2.4375
-2.4375
-2.4375
-2.4375
-2.4375
-2.4375
-2.4375
-2.4375
-2.4375
-2.4375
-2.4375
-2.4375
-2.4375
-2.4375
-2.4375
-2.4375
-2.4375
-2.4375
-2.4375
-2.4375
-2.4375
-2.4375
-2.4375
-2.4375
-2.4375
-2.4375
-2.4375
-2.4375
-2.4375
-2.4375
-2.4375
-2.4375
-2.4375
-2.4375
-2.4375
-2.4375
-2.4375
-2.8125
-2.8125
-2.8125
-2.8125
-2.8125
-2.8125
-2.8125
-2.8125
-2.8125
-2.8125
-2.8125
-2.8125
-2.8125
-2.8125
-2.8125
-2.8125
-2.8125
-2.8125
-2.8125
-2.8125
-2.8125
-2.8125
-2.8125
-2.8125
-2.8125
-2.8125
-2.8125
-2.8125
-2.8125
-2.8125
-2.8125
-2.8125
-2.8125
-2.8125
-2.8125
-2.8125
-2.8125
-2.8125
-2.8125
-2.8125
-3.1875
-3.1875
-3.1875
-3.1875
-3.1875
-3.1875
-3.1875
-3.1875
-3.1875
-3.1875
-3.1875
-3.1875
-3.1875
-3.1875
-3.1875
-3.1875
-3.1875
-3.1875
-3.1875
-3.1875
-3.1875
-3.1875
-3.1875
-3.1875
-3.1875
-3.1875
-3.1875
-3.1875
-3.1875
-3.1875
-3.1875
-3.1875
-3.1875
-3.1875
-3.1875
-3.1875
-3.1875
-3.1875
-3.1875
-3.1875
-3.5625
-3.5625
-3.5625
-3.5625
-3.5625
-3.5625
-3.5625
-3.5625
-3.5625
-3.5625
-3.5625
-3.5625
-3.5625
-3.5625
-3.5625
-3.5625
-3.5625
-3.5625
-3.5625
-3.5625
-3.5625
-3.5625
-3.5625
-3.5625
-3.5625
-3.5625
-3.5625
-3.5625
-3.5625
-3.5625
-3.5625
-3.5625
-3.5625
-3.5625
-3.5625
-3.5625
-3.5625
-3.5625
-3.5625
-3.5625
-3.9375
-3.9375
-3.9375
-3.9375
-3.9375
-3.9375
-3.9375
-3.9375
-3.9375
-3.9375
-3.9375
-3.9375
-3.9375
-3.9375
-3.9375
-3.9375
-3.9375
-3.9375
-3.9375
-3.9375
-3.9375
-3.9375
-3.9375
-3.9375
-3.9375
-3.9375
-3.9375
-3.9375
-3.9375
-3.9375
-3.9375
-3.9375
-3.9375
-3.9375
-3.9375
-3.9375
-3.9375
-3.9375
-3.9375
-3.9375
-4.3125
-4.3125
-4.3125
-4.3125
-4.3125
-4.3125
-4.3125
-4.3125
-4.3125
-4.3125
-4.3125
-4.3125
-4.3125
-4.3125
-4.3125
-4.3125
-4.3125
-4.3125
-4.3125
-4.3125
-4.3125
-4.3125
-4.3125
-4.3125
-4.3125
-4.3125
-4.3125
-4.3125
-4.3125
-4.3125
-4.3125
-4.3125
-4.3125
-4.3125
-4.3125
-4.3125
-4.3125
-4.3125
-4.3125
-4.3125
-4.6875
-4.6875
-4.6875
-4.6875
-4.6875
-4.6875
-4.6875
-4.6875
-4.6875
-4.6875
-4.6875
-4.6875
-4.6875
-4.6875
-4.6875
-4.6875
-4.6875
-4.6875
-4.6875
-4.6875
-4.6875
-4.6875
-4.6875
-4.6875
-4.6875
-4.6875
-4.6875
-4.6875
-4.6875
-4.6875
-4.6875
-4.6875
-4.6875
-4.6875
-4.6875
-4.6875
-4.6875
-4.6875
-4.6875
-4.6875
-5.0625
-5.0625
-5.0625
-5.0625
-5.0625
-5.0625
-5.0625
-5.0625
-5.0625
-5.0625
-5.0625
-5.0625
-5.0625
-5.0625
-5.0625
-5.0625
-5.0625
-5.0625
-5.0625
-5.0625
-5.0625
-5.0625
-5.0625
-5.0625
-5.0625
-5.0625
-5.0625
-5.0625
-5.0625
-5.0625
-5.0625
-5.0625
-5.0625
-5.0625
-5.0625
-5.0625
-5.0625
-5.0625
-5.0625
-5.0625
-5.4375
-5.4375
-5.4375
-5.4375
-5.4375
-5.4375
-5.4375
-5.4375
-5.4375
-5.4375
-5.4375
-5.4375
-5.4375
-5.4375
-5.4375
-5.4375
-5.4375
-5.4375
-5.4375
-5.4375
-5.4375
-5.4375
-5.4375
-5.4375
-5.4375
-5.4375
-5.4375
-5.4375
-5.4375
-5.4375
-5.4375
-5.4375
-5.4375
-5.4375
-5.4375
-5.4375
-5.4375
-5.4375
-5.4375
-5.4375
-5.8125
-5.8125
-5.8125
-5.8125
-5.8125
-5.8125
-5.8125
-5.8125
-5.8125
-5.8125
-5.8125
-5.8125
-5.8125
-5.8125
-5.8125
-5.8125
-5.8125
-5.8125
-5.8125
-5.8125
-5.8125
-5.8125
-5.8125
-5.8125
-5.8125
-5.8125
-5.8125
-5.8125
-5.8125
-5.8125
-5.8125
-5.8125
-5.8125
-5.8125
-5.8125
-5.8125
-5.8125
-5.8125
-5.8125
-5.8125
-6.1875
-6.1875
-6.1875
-6.1875
-6.1875
-6.1875
-6.1875
-6.1875
-6.1875
-6.1875
-6.1875
-6.1875
-6.1875
-6.1875
-6.1875
-6.1875
-6.1875
-6.1875
-6.1875
-6.1875
-6.1875
-6.1875
-6.1875
-6.1875
-6.1875
-6.1875
-6.1875
-6.1875
-6.1875
-6.1875
-6.1875
-6.1875
-6.1875
-6.1875
-6.1875
-6.1875
-6.1875
-6.1875
-6.1875
-6.1875
-6.5625
-6.5625
-6.5625
-6.5625
-6.5625
-6.5625
-6.5625
-6.5625
-6.5625
-6.5625
-6.5625
-6.5625
-6.5625
-6.5625
-6.5625
-6.5625
-6.5625
-6.5625
-6.5625
-6.5625
-6.5625
-6.5625
-6.5625
-6.5625
-6.5625
-6.5625
-6.5625
-6.5625
-6.5625
-6.5625
-6.5625
-6.5625
-6.5625
-6.5625
-6.5625
-6.5625
-6.5625
-6.5625
-6.5625
-6.5625
-6.9375
-6.9375
-6.9375
-6.9375
-6.9375
-6.9375
-6.9375
-6.9375
-6.9375
-6.9375
-6.9375
-6.9375
-6.9375
-6.9375
-6.9375
-6.9375
-6.9375
-6.9375
-6.9375
-6.9375
-6.9375
-6.9375
-6.9375
-6.9375
-6.9375
-6.9375
-6.9375
-6.9375
-6.9375
-6.9375
-6.9375
-6.9375
-6.9375
-6.9375
-6.9375
-6.9375
-6.9375
-6.9375
-6.9375
-6.9375
-7.3125
-7.3125
-7.3125
-7.3125
-7.3125
-7.3125
-7.3125
-7.3125
-7.3125
-7.3125
-7.3125
-7.3125
-7.3125
-7.3125
-7.3125
-7.3125
-7.3125
-7.3125
-7.3125
-7.3125
-7.3125
-7.3125
-7.3125
-7.3125
-7.3125
-7.3125
-7.3125
-7.3125
-7.3125
-7.3125
-7.3125
-7.3125
-7.3125
-7.3125
-7.3125
-7.3125
-7.3125
-7.3125
-7.3125
-7.3125
-7.3125
-7.3125
-7.3125
-7.3125
-7.3125
-7.3125
-7.3125
-7.3125
-7.3125
-7.3125
-7.3125
-7.3125
-7.3125
-7.3125
-7.3125
-7.3125
-7.3125
-7.3125
-7.3125
-7.3125
-7.3125
-7.3125
-7.3125
-7.3125
-7.3125
-7.3125
-7.3125
-7.3125
-7.3125
-7.3125
-7.3125
-7.3125
-7.3125
-7.3125
-7.3125
-7.3125
-7.3125
-7.3125
-7.3125
-7.3125
-6.9375
-6.9375
-6.9375
-6.9375
-6.9375
-6.9375
-6.9375
-6.9375
-6.9375
-6.9375
-6.9375
-6.9375
-6.9375
-6.9375
-6.9375
-6.9375
-6.9375
-6.9375
-6.9375
-6.9375
-6.9375
-6.9375
-6.9375
-6.9375
-6.9375
-6.9375
-6.9375
-6.9375
-6.9375
-6.9375
-6.9375
-6.9375
-6.9375
-6.9375
-6.9375
-6.9375
-6.9375
-6.9375
-6.9375
-6.9375
-6.5625
-6.5625
-6.5625
-6.5625
-6.5625
-6.5625
-6.5625
-6.5625
-6.5625
-6.5625
-6.5625
-6.5625
-6.5625
-6.5625
-6.5625
-6.5625
-6.5625
-6.5625
-6.5625
-6.5625
-6.5625
-6.5625
-6.5625
-6.5625
-6.5625
-6.5625
-6.5625
-6.5625
-6.5625
-6.5625
-6.5625
-6.5625
-6.5625
-6.5625
-6.5625
-6.5625
-6.5625
-6.5625
-6.5625
-6.5625
-6.1875
-6.1875
-6.1875
-6.1875
-6.1875
-6.1875
-6.1875
-6.1875
-6.1875
-6.1875
-6.1875
-6.1875
-6.1875
-6.1875
-6.1875
-6.1875
-6.1875
-6.1875
-6.1875
-6.1875
-6.1875
-6.1875
-6.1875
-6.1875
-6.1875
-6.1875
-6.1875
-6.1875
-6.1875
-6.1875
-6.1875
-6.1875
-6.1875
-6.1875
-6.1875
-6.1875
-6.1875
-6.1875
-6.1875
-6.1875
-5.8125
-5.8125
-5.8125
-5.8125
-5.8125
-5.8125
-5.8125
-5.8125
-5.8125
-5.8125
-5.8125
-5.8125
-5.8125
-5.8125
-5.8125
-5.8125
-5.8125
-5.8125
-5.8125
-5.8125
-5.8125
-5.8125
-5.8125
-5.8125
-5.8125
-5.8125
-5.8125
-5.8125
-5.8125
-5.8125
-5.8125
-5.8125
-5.8125
-5.8125
-5.8125
-5.8125
-5.8125
-5.8125
-5.8125
-5.8125
-5.4375
-5.4375
-5.4375
-5.4375
-5.4375
-5.4375
-5.4375
-5.4375
-5.4375
-5.4375
-5.4375
-5.4375
-5.4375
-5.4375
-5.4375
-5.4375
-5.4375
-5.4375
-5.4375
-5.4375
-5.4375
-5.4375
-5.4375
-5.4375
-5.4375
-5.4375
-5.4375
-5.4375
-5.4375
-5.4375
-5.4375
-5.4375
-5.4375
-5.4375
-5.4375
-5.4375
-5.4375
-5.4375
-5.4375
-5.4375
-5.0625
-5.0625
-5.0625
-5.0625
-5.0625
-5.0625
-5.0625
-5.0625
-5.0625
-5.0625
-5.0625
-5.0625
-5.0625
-5.0625
-5.0625
-5.0625
-5.0625
-5.0625
-5.0625
-5.0625
-5.0625
-5.0625
-5.0625
-5.0625
-5.0625
-5.0625
-5.0625
-5.0625
-5.0625
-5.0625
-5.0625
-5.0625
-5.0625
-5.0625
-5.0625
-5.0625
-5.0625
-5.0625
-5.0625
-5.0625
-4.6875
-4.6875
-4.6875
-4.6875
-4.6875
-4.6875
-4.6875
-4.6875
-4.6875
-4.6875
-4.6875
-4.6875
-4.6875
-4.6875
-4.6875
-4.6875
-4.6875
-4.6875
-4.6875
-4.6875
-4.6875
-4.6875
-4.6875
-4.6875
-4.6875
-4.6875
-4.6875
-4.6875
-4.6875
-4.6875
-4.6875
-4.6875
-4.6875
-4.6875
-4.6875
-4.6875
-4.6875
-4.6875
-4.6875
-4.6875
-4.3125
-4.3125
-4.3125
-4.3125
-4.3125
-4.3125
-4.3125
-4.3125
-4.3125
-4.3125
-4.3125
-4.3125
-4.3125
-4.3125
-4.3125
-4.3125
-4.3125
-4.3125
-4.3125
-4.3125
-4.3125
-4.3125
-4.3125
-4.3125
-4.3125
-4.3125
-4.3125
-4.3125
-4.3125
-4.3125
-4.3125
-4.3125
-4.3125
-4.3125
-4.3125
-4.3125
-4.3125
-4.3125
-4.3125
-4.3125
-3.9375
-3.9375
-3.9375
-3.9375
-3.9375
-3.9375
-3.9375
-3.9375
-3.9375
-3.9375
-3.9375
-3.9375
-3.9375
-3.9375
-3.9375
-3.9375
-3.9375
-3.9375
-3.9375
-3.9375
-3.9375
-3.9375
-3.9375
-3.9375
-3.9375
-3.9375
-3.9375
-3.9375
-3.9375
-3.9375
-3.9375
-3.9375
-3.9375
-3.9375
-3.9375
-3.9375
-3.9375
-3.9375
-3.9375
-3.9375
-3.5625
-3.5625
-3.5625
-3.5625
-3.5625
-3.5625
-3.5625
-3.5625
-3.5625
-3.5625
-3.5625
-3.5625
-3.5625
-3.5625
-3.5625
-3.5625
-3.5625
-3.5625
-3.5625
-3.5625
-3.5625
-3.5625
-3.5625
-3.5625
-3.5625
-3.5625
-3.5625
-3.5625
-3.5625
-3.5625
-3.5625
-3.5625
-3.5625
-3.5625
-3.5625
-3.5625
-3.5625
-3.5625
-3.5625
-3.5625
-3.1875
-3.1875
-3.1875
-3.1875
-3.1875
-3.1875
-3.1875
-3.1875
-3.1875
-3.1875
-3.1875
-3.1875
-3.1875
-3.1875
-3.1875
-3.1875
-3.1875
-3.1875
-3.1875
-3.1875
-3.1875
-3.1875
-3.1875
-3.1875
-3.1875
-3.1875
-3.1875
-3.1875
-3.1875
-3.1875
-3.1875
-3.1875
-3.1875
-3.1875
-3.1875
-3.1875
-3.1875
-3.1875
-3.1875
-3.1875
-2.8125
-2.8125
-2.8125
-2.8125
-2.8125
-2.8125
-2.8125
-2.8125
-2.8125
-2.8125
-2.8125
-2.8125
-2.8125
-2.8125
-2.8125
-2.8125
-2.8125
-2.8125
-2.8125
-2.8125
-2.8125
-2.8125
-2.8125
-2.8125
-2.8125
-2.8125
-2.8125
-2.8125
-2.8125
-2.8125
-2.8125
-2.8125
-2.8125
-2.8125
-2.8125
-2.8125
-2.8125
-2.8125
-2.8125
-2.8125
-2.4375
-2.4375
-2.4375
-2.4375
-2.4375
-2.4375
-2.4375
-2.4375
-2.4375
-2.4375
-2.4375
-2.4375
-2.4375
-2.4375
-2.4375
-2.4375
-2.4375
-2.4375
-2.4375
-2.4375
-2.4375
-2.4375
-2.4375
-2.4375
-2.4375
-2.4375
-2.4375
-2.4375
-2.4375
-2.4375
-2.4375
-2.4375
-2.4375
-2.4375
-2.4375
-2.4375
-2.4375
-2.4375
-2.4375
-2.4375
-2.0625
-2.0625
-2.0625
-2.0625
-2.0625
-2.0625
-2.0625
-2.0625
-2.0625
-2.0625
-2.0625
-2.0625
-2.0625
-2.0625
-2.0625
-2.0625
-2.0625
-2.0625
-2.0625
-2.0625
-2.0625
-2.0625
-2.0625
-2.0625
-2.0625
-2.0625
-2.0625
-2.0625
-2.0625
-2.0625
-2.0625
-2.0625
-2.0625
-2.0625
-2.0625
-2.0625
-2.0625
-2.0625
-2.0625
-2.0625
-1.6875
-1.6875
-1.6875
-1.6875
-1.6875
-1.6875
-1.6875
-1.6875
-1.6875
-1.6875
-1.6875
-1.6875
-1.6875
-1.6875
-1.6875
-1.6875
-1.6875
-1.6875
-1.6875
-1.6875
-1.6875
-1.6875
-1.6875
-1.6875
-1.6875
-1.6875
-1.6875
-1.6875
-1.6875
-1.6875
-1.6875
-1.6875
-1.6875
-1.6875
-1.6875
-1.6875
-1.6875
-1.6875
-1.6875
-1.6875
-1.3125
-1.3125
-1.3125
-1.3125
-1.3125
-1.3125
-1.3125
-1.3125
-1.3125
-1.3125
-1.3125
-1.3125
-1.3125
-1.3125
-1.3125
-1.3125
-1.3125
-1.3125
-1.3125
-1.3125
-1.3125
-1.3125
-1.3125
-1.3125
-1.3125
-1.3125
-1.3125
-1.3125
-1.3125
-1.3125
-1.3125
-1.3125
-1.3125
-1.3125
-1.3125
-1.3125
-1.3125
-1.3125
-1.3125
-1.3125
-0.9375
-0.9375
-0.9375
-0.9375
-0.9375
-0.9375
-0.9375
-0.9375
-0.9375
-0.9375
-0.9375
-0.9375
-0.9375
-0.9375
-0.9375
-0.9375
-0.9375
-0.9375
-0.9375
-0.9375
-0.9375
-0.9375
-0.9375
-0.9375
-0.9375
-0.9375
-0.9375
-0.9375
-0.9375
-0.9375
-0.9375
-0.9375
-0.9375
-0.9375
-0.9375
-0.9375
-0.9375
-0.9375
-0.9375
-0.9375
-0.5625
-0.5625
-0.5625
-0.5625
-0.5625
-0.5625
-0.5625
-0.5625
-0.5625
-0.5625
-0.5625
-0.5625
-0.5625
-0.5625
-0.5625
-0.5625
-0.5625
-0.5625
-0.5625
-0.5625
-0.5625
-0.5625
-0.5625
-0.5625
-0.5625
-0.5625
-0.5625
-0.5625
-0.5625
-0.5625
-0.5625
-0.5625
-0.5625
-0.5625
-0.5625
-0.5625
-0.5625
-0.5625
-0.5625
-0.5625
-0.1875
-0.1875
-0.1875
-0.1875
-0.1875
-0.1875
-0.1875
-0.1875
-0.1875
-0.1875
-0.1875
-0.1875
-0.1875
-0.1875
-0.1875
-0.1875
-0.1875
-0.1875
-0.1875
-0.1875
-0.1875
-0.1875
-0.1875
-0.1875
-0.1875
-0.1875
-0.1875
-0.1875
-0.1875
-0.1875
-0.1875
-0.1875
-0.1875
-0.1875
-0.1875
-0.1875
-0.1875
-0.1875
-0.1875
-0.1875
0.1875
0.1875
0.1875
0.1875
0.1875
0.1875
0.1875
0.1875
0.1875
0.1875
0.1875
0.1875
0.1875
0.1875
0.1875
0.1875
0.1875
0.1875
0.1875
0.1875
0.1875
0.1875
0.1875
0.1875
0.1875
0.1875
0.1875
0.1875
0.1875
0.1875
0.1875
0.1875
0.1875
0.1875
0.1875
0.1875
0.1875
0.1875
0.1875
0.1875
0.5625
0.5625
0.5625
0.5625
0.5625
0.5625
0.5625
0.5625
0.5625
0.5625
0.5625
0.5625
0.5625
0.5625
0.5625
0.5625
0.5625
0.5625
0.5625
0.5625
0.5625
0.5625
0.5625
0.5625
0.5625
0.5625
0.5625
0.5625
0.5625
0.5625
0.5625
0.5625
0.5625
0.5625
0.5625
0.5625
0.5625
0.5625
0.5625
0.5625
0.9375
0.9375
0.9375
0.9375
0.9375
0.9375
0.9375
0.9375
0.9375
0.9375
0.9375
0.9375
0.9375
0.9375
0.9375
0.9375
0.9375
0.9375
0.9375
0.9375
0.9375
0.9375
0.9375
0.9375
0.9375
0.9375
0.9375
0.9375
0.9375
0.9375
0.9375
0.9375
0.9375
0.9375
0.9375
0.9375
0.9375
0.9375
0.9375
0.9375
1.3125
1.3125
1.3125
1.3125
1.3125
1.3125
1.3125
1.3125
1.3125
1.3125
1.3125
1.3125
1.3125
1.3125
1.3125
1.3125
1.3125
1.3125
1.3125
1.3125
1.3125
1.3125
1.3125
1.3125
1.3125
1.3125
1.3125
1.3125
1.3125
1.3125
1.3125
1.3125
1.3125
1.3125
1.3125
1.3125
1.3125
1.3125
1.3125
1.3125
1.6875
1.6875
1.6875
1.6875
1.6875
1.6875
1.6875
1.6875
1.6875
1.6875
1.6875
1.6875
1.6875
1.6875
1.6875
1.6875
1.6875
1.6875
1.6875
1.6875
1.6875
1.6875
1.6875
1.6875
1.6875
1.6875
1.6875
1.6875
1.6875
1.6875
1.6875
1.6875
1.6875
1.6875
1.6875
1.6875
1.6875
1.6875
1.6875
1.6875
2.0625
2.0625
2.0625
2.0625
2.0625
2.0625
2.0625
2.0625
2.0625
2.0625
2.0625
2.0625
2.0625
2.0625
2.0625
2.0625
2.0625
2.0625
2.0625
2.0625
2.0625
2.0625
2.0625
2.0625
2.0625
2.0625
2.0625
2.0625
2.0625
2.0625
2.0625
2.0625
2.0625
2.0625
2.0625
2.0625
2.0625
2.0625
2.0625
2.0625
2.4375
2.4375
2.4375
2.4375
2.4375
2.4375
2.4375
2.4375
2.4375
2.4375
2.4375
2.4375
2.4375
2.4375
2.4375
2.4375
2.4375
2.4375
2.4375
2.4375
2.4375
2.4375
2.4375
2.4375
2.4375
2.4375
2.4375
2.4375
2.4375
2.4375
2.4375
2.4375
2.4375
2.4375
2.4375
2.4375
2.4375
2.4375
2.4375
2.4375
2.8125
2.8125
2.8125
2.8125
2.8125
2.8125
2.8125
2.8125
2.8125
2.8125
2.8125
2.8125
2.8125
2.8125
2.8125
2.8125
2.8125
2.8125
2.8125
2.8125
2.8125
2.8125
2.8125
2.8125
2.8125
2.8125
2.8125
2.8125
2.8125
2.8125
2.8125
2.8125
2.8125
2.8125
2.8125
2.8125
2.8125
2.8125
2.8125
2.8125
3.1875
3.1875
3.1875
3.1875
3.1875
3.1875
3.1875
3.1875
3.1875
3.1875
3.1875
3.1875
3.1875
3.1875
3.1875
3.1875
3.1875
3.1875
3.1875
3.1875
3.1875
3.1875
3.1875
3.1875
3.1875
3.1875
3.1875
3.1875
3.1875
3.1875
3.1875
3.1875
3.1875
3.1875
3.1875
3.1875
3.1875
3.1875
3.1875
3.1875
3.5625
3.5625
3.5625
3.5625
3.5625
3.5625
3.5625
3.5625
3.5625
3.5625
3.5625
3.5625
3.5625
3.5625
3.5625
3.5625
3.5625
3.5625
3.5625
3.5625
3.5625
3.5625
3.5625
3.5625
3.5625
3.5625
3.5625
3.5625
3.5625
3.5625
3.5625
3.5625
3.5625
3.5625
3.5625
3.5625
3.5625
3.5625
3.5625
3.5625
3.9375
3.9375
3.9375
3.9375
3.9375
3.9375
3.9375
3.9375
3.9375
3.9375
3.9375
3.9375
3.9375
3.9375
3.9375
3.9375
3.9375
3.9375
3.9375
3.9375
3.9375
3.9375
3.9375
3.9375
3.9375
3.9375
3.9375
3.9375
3.9375
3.9375
3.9375
3.9375
3.9375
3.9375
3.9375
3.9375
3.9375
3.9375
3.9375
3.9375
4.3125
4.3125
4.3125
4.3125
4.3125
4.3125
4.3125
4.3125
4.3125
4.3125
4.3125
4.3125
4.3125
4.3125
4.3125
4.3125
4.3125
4.3125
4.3125
4.3125
4.3125
4.3125
4.3125
4.3125
4.3125
4.3125
4.3125
4.3125
4.3125
4.3125
4.3125
4.3125
4.3125
4.3125
4.3125
4.3125
4.3125
4.3125
4.3125
4.3125
4.6875
4.6875
4.6875
4.6875
4.6875
4.6875
4.6875
4.6875
4.6875
4.6875
4.6875
4.6875
4.6875
4.6875
4.6875
4.6875
4.6875
4.6875
4.6875
4.6875
4.6875
4.6875
4.6875
4.6875
4.6875
4.6875
4.6875
4.6875
4.6875
4.6875
4.6875
4.6875
4.6875
4.6875
4.6875
4.6875
4.6875
4.6875
4.6875
4.6875
5.0625
5.0625
5.0625
5.0625
5.0625
5.0625
5.0625
5.0625
5.0625
5.0625
5.0625
5.0625
5.0625
5.0625
5.0625
5.0625
5.0625
5.0625
5.0625
5.0625
5.0625
5.0625
5.0625
5.0625
5.0625
5.0625
5.0625
5.0625
5.0625
5.0625
5.0625
5.0625
5.0625
5.0625
5.0625
5.0625
5.0625
5.0625
5.0625
5.0625
5.4375
5.4375
5.4375
5.4375
5.4375
5.4375
5.4375
5.4375
5.4375
5.4375
5.4375
5.4375
5.4375
5.4375
5.4375
5.4375
5.4375
5.4375
5.4375
5.4375
5.4375
5.4375
5.4375
5.4375
5.4375
5.4375
5.4375
5.4375
5.4375
5.4375
5.4375
5.4375
5.4375
5.4375
5.4375
5.4375
5.4375
5.4375
5.4375
5.4375
5.8125
5.8125
5.8125
5.8125
5.8125
5.8125
5.8125
5.8125
5.8125
5.8125
5.8125
5.8125
5.8125
5.8125
5.8125
5.8125
5.8125
5.8125
5.8125
5.8125
5.8125
5.8125
5.8125
5.8125
5.8125
5.8125
5.8125
5.8125
5.8125
5.8125
5.8125
5.8125
5.8125
5.8125
5.8125
5.8125
5.8125
5.8125
5.8125
5.8125
6.1875
6.1875
6.1875
6.1875
6.1875
6.1875
6.1875
6.1875
6.1875
6.1875
6.1875
6.1875
6.1875
6.1875
6.1875
6.1875
6.1875
6.1875
6.1875
6.1875
6.1875
6.1875
6.1875
6.1875
6.1875
6.1875
6.1875
6.1875
6.1875
6.1875
6.1875
6.1875
6.1875
6.1875
6.1875
6.1875
6.1875
6.1875
6.1875
6.1875
6.5625
6.5625
6.5625
6.5625
6.5625
6.5625
6.5625
6.5625
6.5625
6.5625
6.5625
6.5625
6.5625
6.5625
6.5625
6.5625
6.5625
6.5625
6.5625
6.5625
6.5625
6.5625
6.5625
6.5625
6.5625
6.5625
6.5625
6.5625
6.5625
6.5625
6.5625
6.5625
6.5625
6.5625
6.5625
6.5625
6.5625
6.5625
6.5625
6.5625
6.9375
6.9375
6.9375
6.9375
6.9375
6.9375
6.9375
6.9375
6.9375
6.9375
6.9375
6.9375
6.9375
6.9375
6.9375
6.9375
6.9375
6.9375
6.9375
6.9375
6.9375
6.9375
6.9375
6.9375
6.9375
6.9375
6.9375
6.9375
6.9375
6.9375
6.9375
6.9375
6.9375
6.9375
6.9375
6.9375
6.9375
6.9375
6.9375
6.9375
7.3125
7.3125
7.3125
7.3125
7.3125
7.3125
7.3125
7.3125
7.3125
7.3125
7.3125
7.3125
7.3125
7.3125
7.3125
7.3125
7.3125
7.3125
7.3125
7.3125
7.3125
7.3125
7.3125
7.3125
7.3125
7.3125
7.3125
7.3125
7.3125
7.3125
7.3125
7.3125
7.3125
7.3125
7.3125
7.3125
7.3125
7.3125
7.3125
7.3125
)
;

boundaryField
{
    FrontBack
    {
        type            empty;
    }
    Cylinder
    {
        type            calculated;
        value           nonuniform List<scalar> 
160
(
2.7136612
2.7136612
2.7136612
2.7136612
2.7136612
2.7136612
2.7136612
2.7136612
2.7136612
2.7136612
2.7136612
2.7136612
2.7136612
2.7136612
2.7136612
2.7136612
2.7136612
2.7136612
2.7136612
2.7136612
2.7136612
2.7136612
2.7136612
2.7136612
2.7136612
2.7136612
2.7136612
2.7136612
2.7136612
2.7136612
2.7136612
2.7136612
2.7136612
2.7136612
2.7136612
2.7136612
2.7136612
2.7136612
2.7136612
2.7136612
2.7261612
2.7511612
2.7761612
2.8011612
2.8261612
2.8511612
2.8761612
2.9011612
2.9261612
2.9511612
2.9761612
3.0011612
3.0261612
3.0511612
3.0761612
3.1011612
3.1261612
3.1511612
3.1761612
3.2011612
3.2261612
3.2511612
3.2761612
3.3011612
3.3261612
3.3511612
3.3761612
3.4011612
3.4261612
3.4511612
3.4761612
3.5011612
3.5261612
3.5511612
3.5761612
3.6011612
3.6261612
3.6511612
3.6761612
3.7011612
3.7136612
3.7136612
3.7136612
3.7136612
3.7136612
3.7136612
3.7136612
3.7136612
3.7136612
3.7136612
3.7136612
3.7136612
3.7136612
3.7136612
3.7136612
3.7136612
3.7136612
3.7136612
3.7136612
3.7136612
3.7136612
3.7136612
3.7136612
3.7136612
3.7136612
3.7136612
3.7136612
3.7136612
3.7136612
3.7136612
3.7136612
3.7136612
3.7136612
3.7136612
3.7136612
3.7136612
3.7136612
3.7136612
3.7136612
3.7136612
3.7011612
3.6761612
3.6511612
3.6261612
3.6011612
3.5761612
3.5511612
3.5261612
3.5011612
3.4761612
3.4511612
3.4261612
3.4011612
3.3761612
3.3511612
3.3261612
3.3011612
3.2761612
3.2511612
3.2261612
3.2011612
3.1761612
3.1511612
3.1261612
3.1011612
3.0761612
3.0511612
3.0261612
3.0011612
2.9761612
2.9511612
2.9261612
2.9011612
2.8761612
2.8511612
2.8261612
2.8011612
2.7761612
2.7511612
2.7261612
)
;
    }
    Bottom
    {
        type            calculated;
        value           nonuniform List<scalar> 
120
(
-7.5
-7.5
-7.5
-7.5
-7.5
-7.5
-7.5
-7.5
-7.5
-7.5
-7.5
-7.5
-7.5
-7.5
-7.5
-7.5
-7.5
-7.5
-7.5
-7.5
-7.5
-7.5
-7.5
-7.5
-7.5
-7.5
-7.5
-7.5
-7.5
-7.5
-7.5
-7.5
-7.5
-7.5
-7.5
-7.5
-7.5
-7.5
-7.5
-7.5
-7.5
-7.5
-7.5
-7.5
-7.5
-7.5
-7.5
-7.5
-7.5
-7.5
-7.5
-7.5
-7.5
-7.5
-7.5
-7.5
-7.5
-7.5
-7.5
-7.5
-7.5
-7.5
-7.5
-7.5
-7.5
-7.5
-7.5
-7.5
-7.5
-7.5
-7.5
-7.5
-7.5
-7.5
-7.5
-7.5
-7.5
-7.5
-7.5
-7.5
-7.5
-7.5
-7.5
-7.5
-7.5
-7.5
-7.5
-7.5
-7.5
-7.5
-7.5
-7.5
-7.5
-7.5
-7.5
-7.5
-7.5
-7.5
-7.5
-7.5
-7.5
-7.5
-7.5
-7.5
-7.5
-7.5
-7.5
-7.5
-7.5
-7.5
-7.5
-7.5
-7.5
-7.5
-7.5
-7.5
-7.5
-7.5
-7.5
-7.5
)
;
    }
    Top
    {
        type            calculated;
        value           nonuniform List<scalar> 
120
(
7.5
7.5
7.5
7.5
7.5
7.5
7.5
7.5
7.5
7.5
7.5
7.5
7.5
7.5
7.5
7.5
7.5
7.5
7.5
7.5
7.5
7.5
7.5
7.5
7.5
7.5
7.5
7.5
7.5
7.5
7.5
7.5
7.5
7.5
7.5
7.5
7.5
7.5
7.5
7.5
7.5
7.5
7.5
7.5
7.5
7.5
7.5
7.5
7.5
7.5
7.5
7.5
7.5
7.5
7.5
7.5
7.5
7.5
7.5
7.5
7.5
7.5
7.5
7.5
7.5
7.5
7.5
7.5
7.5
7.5
7.5
7.5
7.5
7.5
7.5
7.5
7.5
7.5
7.5
7.5
7.5
7.5
7.5
7.5
7.5
7.5
7.5
7.5
7.5
7.5
7.5
7.5
7.5
7.5
7.5
7.5
7.5
7.5
7.5
7.5
7.5
7.5
7.5
7.5
7.5
7.5
7.5
7.5
7.5
7.5
7.5
7.5
7.5
7.5
7.5
7.5
7.5
7.5
7.5
7.5
)
;
    }
    Inlet
    {
        type            calculated;
        value           nonuniform List<scalar> 
40
(
7.3125
6.9375
6.5625
6.1875
5.8125
5.4375
5.0625
4.6875
4.3125
3.9375
3.5625
3.1875
2.8125
2.4375
2.0625
1.6875
1.3125
0.9375
0.5625
0.1875
-0.1875
-0.5625
-0.9375
-1.3125
-1.6875
-2.0625
-2.4375
-2.8125
-3.1875
-3.5625
-3.9375
-4.3125
-4.6875
-5.0625
-5.4375
-5.8125
-6.1875
-6.5625
-6.9375
-7.3125
)
;
    }
    Outlet
    {
        type            calculated;
        value           nonuniform List<scalar> 
40
(
-7.3125
-6.9375
-6.5625
-6.1875
-5.8125
-5.4375
-5.0625
-4.6875
-4.3125
-3.9375
-3.5625
-3.1875
-2.8125
-2.4375
-2.0625
-1.6875
-1.3125
-0.9375
-0.5625
-0.1875
0.1875
0.5625
0.9375
1.3125
1.6875
2.0625
2.4375
2.8125
3.1875
3.5625
3.9375
4.3125
4.6875
5.0625
5.4375
5.8125
6.1875
6.5625
6.9375
7.3125
)
;
    }
}


// ************************************************************************* //
