/*--------------------------------*- C++ -*----------------------------------*\
  =========                 |
  \\      /  F ield         | OpenFOAM: The Open Source CFD Toolbox
   \\    /   O peration     | Website:  https://openfoam.org
    \\  /    A nd           | Version:  11
     \\/     M anipulation  |
\*---------------------------------------------------------------------------*/
FoamFile
{
    format      ascii;
    class       volScalarField;
    location    "1";
    object      mag(U);
}
// * * * * * * * * * * * * * * * * * * * * * * * * * * * * * * * * * * * * * //

dimensions      [0 1 -1 0 0 0 0];

internalField   nonuniform List<scalar> 
9600
(
0.990718
0.970134
0.909002
0.889792
0.908839
0.943575
0.969897
0.988472
1.00118
1.01032
1.0175
1.02342
1.02866
1.03345
1.0376
1.041
1.04353
1.04541
1.04694
1.04801
1.04836
1.0477
1.04619
1.04424
1.04199
1.03956
1.03675
1.03349
1.02997
1.02632
1.0229
1.01948
1.01632
1.0132
1.01065
1.00753
1.00607
1.00267
1.00151
0.967406
0.991143
0.984358
0.981495
0.984898
0.996388
1.00195
0.999754
0.998843
0.999194
1.0015
1.00509
1.00883
1.01275
1.01651
1.01982
1.02254
1.02462
1.02621
1.02758
1.02856
1.02866
1.02788
1.02656
1.0248
1.02276
1.02057
1.01781
1.0147
1.01109
1.00749
1.00395
1.00023
0.997721
0.993443
0.992832
0.987857
0.987807
0.982473
0.983785
0.982723
0.995702
0.987068
0.969269
0.95804
0.956331
0.963747
0.977634
0.991945
1.00418
1.0138
1.0209
1.02644
1.03136
1.03581
1.03959
1.04264
1.0448
1.04649
1.04799
1.04916
1.04983
1.04946
1.04777
1.04572
1.04377
1.04166
1.03924
1.03627
1.03341
1.03
1.02732
1.02338
1.02152
1.01655
1.01532
1.01026
1.00933
1.00422
0.999006
0.976917
1.0012
0.997634
0.99982
1.01236
1.02055
1.02429
1.0211
1.01507
1.01067
1.00914
1.00938
1.01182
1.01541
1.01897
1.02213
1.02479
1.02687
1.02839
1.02967
1.0306
1.03046
1.02958
1.02869
1.02736
1.02541
1.02327
1.02056
1.01723
1.01356
1.00953
1.00617
1.00178
1.00056
0.996625
0.995685
0.993902
0.992391
0.993499
0.998024
0.999166
1.00856
1.00423
1.00072
0.996084
0.981607
0.973799
0.979418
0.991233
1.00265
1.0124
1.02031
1.02656
1.03136
1.03559
1.03914
1.04187
1.04373
1.04524
1.04663
1.04767
1.04865
1.04871
1.04685
1.04459
1.04269
1.0408
1.03871
1.03613
1.03364
1.03065
1.02848
1.02486
1.02234
1.0172
1.01501
1.00962
1.00642
1.00107
0.990739
0.973703
1.00946
1.00853
1.01052
1.01524
1.02086
1.02467
1.02648
1.02465
1.02102
1.01767
1.01605
1.01607
1.01825
1.02201
1.02499
1.02754
1.02974
1.03137
1.03254
1.03366
1.03319
1.03191
1.03124
1.03054
1.02874
1.02642
1.02366
1.02018
1.01637
1.01189
1.00839
1.00412
1.00302
1.00054
0.99995
0.999314
0.999699
1.0015
1.0048
1.00612
1.0118
1.01091
1.00978
1.00751
1.00218
0.990399
0.987293
0.993025
1.00211
1.01134
1.01923
1.02598
1.03148
1.03566
1.03906
1.04153
1.04319
1.0445
1.04569
1.04672
1.04784
1.04818
1.04639
1.04394
1.04197
1.04019
1.03834
1.03606
1.03401
1.03126
1.02929
1.02616
1.02226
1.01751
1.01315
1.00844
1.00372
0.995652
0.985388
0.978674
1.01225
1.01238
1.0132
1.01573
1.01888
1.02225
1.02559
1.02695
1.0263
1.02355
1.0214
1.02121
1.02195
1.02501
1.02804
1.03049
1.03295
1.03465
1.03598
1.03703
1.03671
1.03502
1.03428
1.03395
1.03246
1.03019
1.0272
1.02356
1.01936
1.01458
1.01086
1.00669
1.00598
1.00501
1.00428
1.00411
1.00542
1.00582
1.00846
1.00695
1.01255
1.01256
1.01333
1.01355
1.01233
1.00722
0.999898
0.999587
1.00394
1.01105
1.0184
1.02517
1.03129
1.03594
1.03933
1.04173
1.04335
1.04443
1.04557
1.04637
1.04719
1.04809
1.04659
1.04375
1.04174
1.04019
1.03822
1.03592
1.03405
1.03159
1.02982
1.02636
1.02242
1.01648
1.01166
1.00627
1.00075
0.992263
0.987413
0.985658
1.01232
1.01211
1.01314
1.01595
1.01862
1.02057
1.02348
1.02548
1.02683
1.02656
1.02563
1.02579
1.02641
1.02826
1.03143
1.03373
1.03642
1.03808
1.04
1.04061
1.04022
1.03896
1.03789
1.03723
1.03628
1.03425
1.03096
1.0268
1.02237
1.01742
1.01355
1.00972
1.00924
1.00888
1.00849
1.0082
1.00847
1.00824
1.00938
1.00523
1.0117
1.01147
1.01265
1.01648
1.01685
1.01523
1.01139
1.00792
1.00917
1.01343
1.01909
1.02517
1.03123
1.03624
1.03999
1.0425
1.04417
1.04536
1.04621
1.0469
1.04782
1.04862
1.04726
1.04456
1.0423
1.04031
1.03832
1.03597
1.03421
1.0317
1.02985
1.02612
1.022
1.01519
1.01066
1.00435
0.999438
0.993944
0.991984
0.992573
1.01111
1.01112
1.012
1.01693
1.01937
1.01978
1.02119
1.02409
1.02576
1.02721
1.02803
1.029
1.03022
1.0324
1.03513
1.03761
1.03997
1.04233
1.0436
1.04503
1.0449
1.04294
1.04175
1.04126
1.04031
1.0379
1.03456
1.03035
1.02567
1.02081
1.01679
1.01295
1.01251
1.01223
1.01162
1.0106
1.01061
1.00938
1.00826
1.00304
1.00971
1.01022
1.01126
1.01649
1.01974
1.01958
1.01796
1.01584
1.01579
1.01772
1.02154
1.02676
1.03243
1.03735
1.04116
1.04399
1.04585
1.04711
1.04819
1.04866
1.04929
1.05008
1.04893
1.04637
1.04392
1.04149
1.03916
1.0366
1.03441
1.03192
1.02939
1.02593
1.02112
1.0147
1.00976
1.00396
1.00127
0.998095
0.996891
0.997426
1.00814
1.00948
1.01068
1.01594
1.02051
1.02076
1.02051
1.02282
1.02545
1.02748
1.02951
1.0315
1.03373
1.0363
1.03901
1.04171
1.04413
1.04656
1.04812
1.04933
1.04929
1.04758
1.04639
1.04546
1.04412
1.04167
1.03842
1.03427
1.02934
1.0243
1.02011
1.01622
1.0155
1.01474
1.01401
1.01236
1.01136
1.00856
1.00478
1.0014
1.00662
1.00862
1.00995
1.01525
1.02107
1.02213
1.02184
1.02175
1.02176
1.02283
1.02552
1.02954
1.03425
1.03902
1.04291
1.04623
1.04857
1.05004
1.05126
1.05163
1.05216
1.05256
1.05158
1.04941
1.0468
1.04378
1.04103
1.03808
1.03531
1.03227
1.02933
1.02565
1.02076
1.01453
1.01023
1.00593
1.00455
1.00198
1.00075
1.00013
1.00541
1.00822
1.00991
1.01564
1.02194
1.02344
1.02315
1.02416
1.02646
1.02833
1.03075
1.03358
1.03663
1.03988
1.04302
1.0463
1.04883
1.05122
1.05297
1.054
1.05437
1.05308
1.05167
1.05029
1.04829
1.04547
1.04225
1.0383
1.03356
1.02821
1.02395
1.0197
1.01822
1.01693
1.0156
1.01305
1.01052
1.00651
1.00331
1.00125
1.00479
1.0079
1.00959
1.0152
1.02212
1.02415
1.02401
1.02517
1.02644
1.02735
1.02953
1.03308
1.0374
1.04202
1.04602
1.04973
1.05226
1.0542
1.05587
1.05619
1.05682
1.057
1.05554
1.05346
1.05091
1.04751
1.04411
1.04043
1.03719
1.03334
1.03
1.02609
1.02126
1.01544
1.01212
1.00902
1.00759
1.00507
1.00284
1.00154
1.00426
1.00726
1.00881
1.01379
1.02148
1.0247
1.02509
1.02592
1.02765
1.02939
1.03219
1.03581
1.03969
1.04381
1.0475
1.0513
1.0542
1.05651
1.0588
1.05953
1.05992
1.05935
1.05766
1.05589
1.05353
1.05002
1.04623
1.04221
1.0379
1.03246
1.0281
1.02326
1.02085
1.01864
1.01635
1.01259
1.00983
1.00643
1.00343
1.00212
1.00345
1.00644
1.00791
1.01222
1.02055
1.02483
1.0257
1.02679
1.02907
1.03094
1.03349
1.03706
1.04115
1.04585
1.04998
1.05403
1.05744
1.05954
1.06196
1.06268
1.06296
1.06278
1.06114
1.05923
1.05676
1.05302
1.04887
1.04433
1.04023
1.03552
1.03164
1.02724
1.0228
1.01742
1.01462
1.01167
1.00964
1.00672
1.00359
1.00247
1.00279
1.00593
1.00743
1.01119
1.01936
1.02496
1.02652
1.02788
1.03068
1.03272
1.03528
1.03922
1.04356
1.04853
1.05282
1.05693
1.06069
1.06286
1.06543
1.06652
1.06684
1.06645
1.06472
1.0627
1.06017
1.0562
1.05176
1.0469
1.04236
1.03695
1.03221
1.02684
1.02362
1.01979
1.01668
1.01285
1.01026
1.00727
1.00385
1.0028
1.00265
1.00567
1.00712
1.01046
1.01806
1.02504
1.02753
1.02924
1.03249
1.03499
1.03749
1.04151
1.04603
1.05129
1.05587
1.06007
1.06426
1.06665
1.06935
1.0707
1.07101
1.07063
1.06885
1.06668
1.06407
1.05989
1.05512
1.04987
1.04498
1.03917
1.03471
1.02943
1.02516
1.02011
1.01705
1.0133
1.01051
1.00763
1.00396
1.00297
1.00222
1.00523
1.00669
1.00985
1.01686
1.02497
1.02868
1.03095
1.0346
1.0375
1.04007
1.04421
1.04892
1.05446
1.0595
1.06379
1.0683
1.07098
1.07369
1.07533
1.0758
1.07545
1.0735
1.07121
1.06848
1.06411
1.05919
1.05329
1.04805
1.04194
1.03687
1.03086
1.02664
1.02168
1.01818
1.01399
1.0108
1.00814
1.00416
1.00305
1.00226
1.00506
1.00655
1.00954
1.01595
1.02455
1.02945
1.03252
1.03677
1.04035
1.04319
1.04743
1.05222
1.05785
1.06345
1.06821
1.07317
1.07648
1.0792
1.08087
1.08148
1.08102
1.07899
1.07627
1.07347
1.06899
1.0639
1.05761
1.05168
1.04521
1.0396
1.03327
1.02865
1.02299
1.0192
1.01484
1.01116
1.0088
1.00468
1.00326
1.00229
1.00489
1.00643
1.00917
1.01481
1.02366
1.0296
1.0337
1.03892
1.04339
1.0467
1.05105
1.05624
1.06198
1.06795
1.07328
1.07837
1.08233
1.08532
1.087
1.08765
1.0873
1.08544
1.08221
1.0789
1.0745
1.06925
1.06287
1.05639
1.04933
1.04312
1.03606
1.03095
1.02473
1.02038
1.01594
1.01164
1.00945
1.00522
1.00358
1.00222
1.00489
1.00644
1.00899
1.01371
1.02271
1.02983
1.03483
1.0411
1.0469
1.05102
1.05536
1.0609
1.06697
1.07317
1.07924
1.08439
1.08877
1.09231
1.09402
1.09454
1.09432
1.09272
1.08933
1.08533
1.08063
1.07539
1.06876
1.06216
1.0543
1.04763
1.03966
1.03384
1.02701
1.02182
1.01734
1.01231
1.01004
1.00558
1.00377
1.0024
1.00528
1.0067
1.00916
1.01299
1.0217
1.02993
1.03606
1.04309
1.0504
1.05571
1.06045
1.06619
1.07267
1.07929
1.08575
1.09149
1.09616
1.09995
1.1021
1.10272
1.10232
1.10077
1.09751
1.09318
1.08793
1.0822
1.07505
1.06808
1.05962
1.05248
1.04385
1.03719
1.02996
1.02383
1.01919
1.01324
1.01081
1.00589
1.00395
1.00279
1.00588
1.00718
1.0094
1.01286
1.02089
1.03003
1.0372
1.04504
1.05381
1.0607
1.06628
1.07247
1.07941
1.08649
1.09335
1.09958
1.10482
1.10886
1.11136
1.11215
1.11169
1.10996
1.10671
1.10224
1.09653
1.09036
1.08251
1.07503
1.06582
1.05819
1.04902
1.04156
1.03399
1.02679
1.02186
1.01466
1.012
1.00629
1.004
1.00183
1.00582
1.0078
1.01002
1.01331
1.02057
1.02997
1.03803
1.04683
1.05723
1.0659
1.07254
1.07937
1.08695
1.0946
1.102
1.10881
1.11468
1.11916
1.12194
1.12296
1.12254
1.12083
1.11748
1.11287
1.10662
1.09984
1.09124
1.08317
1.07331
1.06517
1.05558
1.04738
1.03947
1.03064
1.02546
1.01685
1.01362
1.00689
1.00412
1.00231
1.0068
1.0095
1.01175
1.01492
1.02118
1.03041
1.03892
1.04866
1.06116
1.07241
1.08078
1.08855
1.09683
1.10509
1.1129
1.12016
1.12648
1.13142
1.1345
1.13567
1.13469
1.13271
1.12934
1.12483
1.11826
1.11134
1.10207
1.09364
1.08294
1.07362
1.06311
1.05312
1.04497
1.03513
1.0303
1.02073
1.01644
1.00857
1.00491
1.00061
1.00621
1.01051
1.01331
1.01677
1.02293
1.03233
1.04112
1.05085
1.06465
1.07889
1.08996
1.09927
1.10861
1.11777
1.12609
1.13366
1.14025
1.1456
1.14925
1.15108
1.1514
1.14981
1.14518
1.13996
1.13229
1.125
1.11475
1.10588
1.0947
1.08498
1.07489
1.06375
1.05585
1.04283
1.03561
1.02408
1.01857
1.00914
1.00479
1.00324
1.00829
1.01358
1.01675
1.02013
1.02584
1.03519
1.04489
1.05452
1.06835
1.08527
1.09997
1.11182
1.123
1.13349
1.14272
1.15056
1.1571
1.16239
1.16524
1.16653
1.16502
1.16239
1.15885
1.15567
1.14847
1.14174
1.13126
1.12163
1.1097
1.09733
1.08618
1.07192
1.06276
1.04999
1.04363
1.03235
1.02567
1.01511
1.01037
0.99801
1.00411
1.01143
1.01828
1.02396
1.03115
1.04245
1.05364
1.06222
1.07395
1.09087
1.10796
1.12281
1.13659
1.14996
1.16133
1.17072
1.1783
1.18475
1.18929
1.19263
1.19297
1.19332
1.18716
1.18029
1.17071
1.16277
1.15184
1.14057
1.12929
1.11547
1.10544
1.09008
1.08036
1.06427
1.05368
1.03899
1.03032
1.01784
1.00801
1.0026
1.00745
1.01455
1.02236
1.02951
1.03808
1.04994
1.06416
1.07615
1.08736
1.10341
1.12236
1.13968
1.15536
1.17136
1.18573
1.19723
1.20494
1.21048
1.2128
1.21339
1.21001
1.20697
1.20092
1.19832
1.19244
1.18439
1.17447
1.16126
1.15033
1.13397
1.12325
1.10613
1.09554
1.0797
1.06886
1.05677
1.04332
1.03339
1.0189
0.994967
1.00432
1.01353
1.0238
1.0353
1.04664
1.06056
1.07859
1.09474
1.1069
1.12158
1.14037
1.15818
1.17331
1.18961
1.20639
1.22257
1.2343
1.24545
1.2509
1.25653
1.25712
1.25664
1.25277
1.24314
1.23195
1.21899
1.21126
1.19583
1.18529
1.16725
1.15492
1.13654
1.12161
1.10293
1.08659
1.06862
1.05526
1.04066
1.02419
1.00317
1.01091
1.02
1.03171
1.04522
1.05968
1.07666
1.09752
1.11877
1.13735
1.15397
1.17352
1.19412
1.21201
1.22655
1.2402
1.25548
1.26719
1.2767
1.2819
1.28415
1.28491
1.2791
1.27616
1.26752
1.26515
1.25489
1.24637
1.23124
1.21543
1.20208
1.1832
1.17188
1.15182
1.14135
1.12071
1.11019
1.08956
1.07908
1.05544
0.998013
1.0139
1.02987
1.04672
1.06252
1.08066
1.09633
1.11533
1.13727
1.16264
1.18301
1.20346
1.22532
1.25037
1.26976
1.28795
1.30156
1.31908
1.32884
1.34054
1.34277
1.34937
1.34736
1.34754
1.33777
1.32559
1.30883
1.2936
1.27967
1.26586
1.24964
1.23197
1.2124
1.19338
1.17553
1.15619
1.13954
1.1191
1.10258
1.07751
1.0095
1.02512
1.04404
1.06846
1.09269
1.1214
1.14677
1.17587
1.19836
1.22826
1.24944
1.27649
1.29291
1.31929
1.33733
1.35881
1.36988
1.3827
1.39323
1.39878
1.40515
1.40029
1.40325
1.3935
1.39477
1.38499
1.386
1.37244
1.36922
1.34929
1.3424
1.32017
1.31273
1.28845
1.2789
1.2512
1.23795
1.20755
1.19286
1.16092
1.03415
1.0598
1.08479
1.11021
1.13383
1.16126
1.18618
1.21755
1.24312
1.27613
1.30188
1.33251
1.35569
1.38268
1.40259
1.42373
1.43963
1.45518
1.46616
1.47204
1.47611
1.47412
1.47572
1.46486
1.45882
1.43833
1.42864
1.40362
1.39421
1.3696
1.36113
1.33779
1.33129
1.30841
1.30244
1.2773
1.2719
1.24396
1.23691
1.20473
1.09719
1.12973
1.18408
1.22137
1.27029
1.30573
1.35031
1.38531
1.42552
1.4595
1.494
1.52542
1.55344
1.58143
1.60312
1.62758
1.64262
1.6629
1.6702
1.68431
1.68284
1.68969
1.68095
1.68225
1.66864
1.66506
1.64688
1.64002
1.61903
1.6087
1.58295
1.56869
1.54173
1.52668
1.50111
1.48695
1.46476
1.45505
1.43222
1.4353
1.28561
1.32248
1.36023
1.39992
1.43947
1.47715
1.5117
1.54159
1.57046
1.58833
1.61089
1.62392
1.64274
1.65455
1.66829
1.67449
1.67928
1.67763
1.672
1.66217
1.64641
1.62875
1.60228
1.57547
1.53695
1.50078
1.45283
1.40995
1.35597
1.30756
1.24994
1.19654
1.13502
1.07841
1.01335
0.955561
0.888885
0.832303
0.762842
0.719043
0.984526
0.991853
1.00123
0.996419
0.997158
0.994204
0.994378
0.993174
0.992868
0.992533
0.992649
0.993189
0.993973
0.994976
0.996271
0.99763
0.998785
0.999899
1.00093
1.00177
1.00211
1.00249
1.00328
1.00436
1.00479
1.005
1.00559
1.00607
1.00632
1.00637
1.00622
1.00579
1.00549
1.00536
1.00472
1.00436
1.004
1.0039
1.00169
0.996407
0.989075
0.995211
1.00144
0.997647
0.996844
0.994041
0.993271
0.992473
0.99201
0.991874
0.992164
0.992906
0.993843
0.994877
0.99622
0.99773
0.998956
1
1.00094
1.00168
1.002
1.00241
1.00305
1.00415
1.00511
1.00542
1.00592
1.00628
1.00654
1.0067
1.00674
1.00641
1.00616
1.0061
1.0054
1.00444
1.00412
1.00441
1.00425
1.00419
0.989718
0.996869
1.00041
0.998458
0.996323
0.993951
0.992639
0.991908
0.991407
0.991248
0.991663
0.992421
0.993464
0.994782
0.996332
0.99798
0.999358
1.00049
1.00141
1.0021
1.00248
1.00302
1.00364
1.00442
1.00576
1.006
1.00644
1.00663
1.00689
1.00698
1.00702
1.00674
1.00646
1.00647
1.00601
1.0048
1.00405
1.00402
1.00341
1.00019
0.993214
0.997905
1.00043
0.998879
0.995645
0.993591
0.992072
0.991164
0.990721
0.990601
0.99102
0.991788
0.992955
0.994305
0.995895
0.997669
0.999253
1.00052
1.00151
1.00231
1.00286
1.0033
1.00393
1.00438
1.00573
1.00622
1.00663
1.00677
1.00695
1.00704
1.00718
1.00702
1.00687
1.00702
1.00642
1.0053
1.00453
1.00419
1.00407
1.00589
0.991645
0.999011
1.00027
0.999118
0.99543
0.993457
0.991838
0.990616
0.990074
0.989922
0.990379
0.991222
0.992413
0.993943
0.995679
0.997452
0.999084
1.00046
1.00174
1.0027
1.0033
1.00395
1.00444
1.00498
1.0057
1.00649
1.00669
1.00682
1.00692
1.00696
1.00724
1.00724
1.00729
1.00746
1.00661
1.00549
1.00481
1.00431
1.0031
1.00037
0.996692
0.99956
1.00028
0.999282
0.995492
0.993584
0.991611
0.989937
0.989367
0.989151
0.989517
0.990323
0.991664
0.99328
0.995035
0.996955
0.998696
1.0002
1.00159
1.00269
1.00355
1.00412
1.00469
1.00532
1.00574
1.0068
1.00699
1.00692
1.00687
1.00693
1.00728
1.00746
1.00765
1.00782
1.00679
1.00586
1.00523
1.00494
1.00471
1.00643
0.993797
0.999942
1.00034
0.999317
0.995721
0.993432
0.991152
0.989165
0.988608
0.988412
0.988752
0.989553
0.990895
0.992628
0.994596
0.996459
0.99827
0.999955
1.00149
1.0028
1.00388
1.0046
1.00498
1.00551
1.00626
1.00715
1.00745
1.00708
1.00683
1.00698
1.0075
1.0077
1.00802
1.00805
1.00703
1.00601
1.00542
1.00492
1.00386
1.00194
0.998424
1.00022
1.00036
0.999297
0.995789
0.992346
0.990651
0.988602
0.98776
0.98747
0.987744
0.988573
0.989971
0.991789
0.993732
0.995844
0.997779
0.99956
1.00122
1.00266
1.00384
1.0048
1.00542
1.0058
1.00668
1.00714
1.0076
1.00748
1.00743
1.00789
1.00826
1.00816
1.00852
1.00816
1.00718
1.00635
1.0059
1.00556
1.00535
1.00626
0.995708
1.00058
1.00049
0.999487
0.995666
0.991743
0.990067
0.988023
0.98693
0.986588
0.986785
0.987538
0.989004
0.990946
0.993152
0.995204
0.997276
0.999188
1.00096
1.00257
1.00404
1.00507
1.00559
1.00617
1.00681
1.00735
1.00789
1.0082
1.00857
1.00903
1.00869
1.00857
1.00885
1.00828
1.00721
1.00652
1.00618
1.00555
1.00489
1.00373
0.999171
1.00111
1.00054
0.999622
0.995573
0.990942
0.989227
0.987315
0.98593
0.985443
0.98562
0.986438
0.987916
0.989912
0.992102
0.994479
0.996668
0.998732
1.00065
1.0024
1.00391
1.00495
1.0058
1.00645
1.00716
1.00788
1.00819
1.00852
1.00914
1.00951
1.00903
1.00904
1.00923
1.00839
1.00741
1.007
1.00679
1.00614
1.00595
1.00605
0.997438
1.00129
1.00051
0.999473
0.994622
0.990419
0.988482
0.986501
0.98494
0.984319
0.984441
0.985179
0.986717
0.988845
0.991326
0.99372
0.996075
0.998283
1.00036
1.00221
1.00372
1.00495
1.00622
1.0073
1.00795
1.00865
1.00891
1.00893
1.00961
1.00987
1.00926
1.00932
1.00945
1.00849
1.00743
1.00711
1.00705
1.00624
1.00587
1.00535
0.999484
1.00137
1.00038
0.998772
0.993853
0.99022
0.987877
0.98564
0.98378
0.982964
0.983045
0.983873
0.985428
0.987625
0.990179
0.992853
0.995353
0.99774
0.999916
1.00176
1.00331
1.00484
1.00675
1.00799
1.00888
1.00954
1.01003
1.00986
1.00992
1.01019
1.00965
1.00962
1.00974
1.00874
1.00778
1.00758
1.00744
1.00671
1.00646
1.00621
0.998762
1.00099
0.999708
0.997864
0.993875
0.990485
0.987191
0.98452
0.982503
0.98154
0.981554
0.982329
0.983898
0.986284
0.989126
0.991852
0.994537
0.99709
0.999411
1.00139
1.00329
1.00536
1.00724
1.00853
1.00941
1.01019
1.01066
1.01049
1.01036
1.01063
1.0101
1.00989
1.00989
1.00878
1.00787
1.00774
1.00758
1.00687
1.00667
1.00647
0.999829
1.00059
0.999485
0.997638
0.994421
0.990628
0.986285
0.983104
0.980998
0.979892
0.97986
0.980639
0.982211
0.984724
0.987731
0.99064
0.993529
0.996337
0.998895
1.00117
1.00342
1.0056
1.00737
1.00857
1.0096
1.01052
1.01089
1.01086
1.01076
1.01085
1.01039
1.01015
1.01004
1.009
1.00834
1.00827
1.00804
1.00727
1.00706
1.00685
0.999307
0.999835
0.999143
0.997452
0.994748
0.989611
0.984854
0.981488
0.979344
0.978102
0.978008
0.97871
0.980302
0.98298
0.986226
0.989293
0.992543
0.99576
0.998665
1.00123
1.00357
1.00582
1.00778
1.00884
1.00997
1.01059
1.01069
1.01108
1.01134
1.01133
1.01058
1.01038
1.0101
1.00898
1.00855
1.00854
1.00836
1.00763
1.00744
1.00721
0.999793
0.99981
0.9994
0.997648
0.994325
0.988623
0.983324
0.979779
0.977525
0.976108
0.975909
0.97656
0.978226
0.981079
0.984537
0.987929
0.9916
0.99525
0.998406
1.00106
1.00339
1.00593
1.00781
1.00891
1.0102
1.01044
1.01041
1.01145
1.0124
1.0118
1.01106
1.01104
1.01053
1.00934
1.00899
1.00895
1.00877
1.0081
1.00791
1.00767
0.99958
0.999192
0.99895
0.996825
0.993464
0.987648
0.981641
0.978004
0.975572
0.973923
0.973574
0.974157
0.975953
0.979032
0.982761
0.986472
0.990545
0.99459
0.998075
1.0009
1.00337
1.00586
1.0078
1.00885
1.01021
1.01064
1.01107
1.01214
1.01292
1.01254
1.01177
1.01167
1.01094
1.00977
1.00947
1.00943
1.00921
1.00857
1.00838
1.00814
0.99976
0.998773
0.998482
0.995762
0.992224
0.985816
0.979682
0.976188
0.973479
0.971515
0.97099
0.971606
0.973522
0.976756
0.980721
0.984751
0.989237
0.993672
0.997545
1.00068
1.00326
1.00578
1.0078
1.00907
1.01052
1.01116
1.01212
1.01307
1.01337
1.01305
1.01221
1.0121
1.01128
1.01027
1.01003
1.00998
1.00969
1.00911
1.00889
1.00864
0.999826
0.997962
0.997411
0.994285
0.990903
0.983689
0.977425
0.974198
0.971171
0.968856
0.968123
0.968814
0.97083
0.974192
0.978446
0.982811
0.987741
0.992573
0.996773
1.00032
1.00325
1.00571
1.00774
1.00937
1.01091
1.01152
1.01272
1.01384
1.01414
1.01328
1.01271
1.01248
1.01145
1.01073
1.01053
1.01051
1.01016
1.00963
1.00945
1.00919
0.999998
0.997192
0.996236
0.992781
0.989625
0.981488
0.97497
0.971942
0.968465
0.965814
0.964881
0.965602
0.967769
0.971293
0.976001
0.980738
0.986067
0.991225
0.995698
0.999707
1.00313
1.00555
1.00752
1.00957
1.01126
1.01213
1.01316
1.01455
1.0149
1.01349
1.01304
1.01259
1.01166
1.01119
1.01106
1.01107
1.01067
1.01014
1.00998
1.00976
1.00011
0.996286
0.994647
0.99109
0.987973
0.979154
0.972673
0.969206
0.965032
0.962211
0.961153
0.961893
0.964311
0.968004
0.973226
0.978391
0.984291
0.989783
0.994493
0.998862
1.0026
1.00526
1.0076
1.00962
1.0116
1.01297
1.01394
1.01519
1.01507
1.01352
1.01294
1.01259
1.01183
1.01162
1.0116
1.01168
1.0113
1.01074
1.01058
1.01038
1.00011
0.99531
0.992879
0.989393
0.986237
0.977282
0.970369
0.965592
0.960586
0.957827
0.956792
0.957541
0.960302
0.964214
0.969892
0.97571
0.982384
0.988248
0.993328
0.997834
1.00191
1.00527
1.00791
1.00988
1.01146
1.01341
1.01508
1.0159
1.01499
1.01387
1.01344
1.01309
1.01228
1.01218
1.0122
1.01233
1.01194
1.01141
1.0112
1.01104
1.00012
0.994395
0.990807
0.987396
0.984008
0.975589
0.96741
0.961004
0.955345
0.952499
0.951695
0.95241
0.955595
0.959765
0.965843
0.972568
0.980233
0.986515
0.992037
0.996772
1.00107
1.00455
1.00773
1.01061
1.01239
1.01411
1.01597
1.01663
1.01565
1.01483
1.01441
1.01371
1.01307
1.01293
1.01295
1.01307
1.01262
1.01214
1.0119
1.01177
1.00009
0.993706
0.988525
0.984862
0.981097
0.973776
0.963816
0.955773
0.949837
0.946355
0.945701
0.946389
0.949977
0.954488
0.961186
0.969125
0.977676
0.98439
0.990463
0.995796
1.00036
1.00384
1.00723
1.01037
1.01327
1.01495
1.01661
1.0171
1.01625
1.01557
1.01517
1.01435
1.01387
1.01368
1.01371
1.01381
1.0133
1.01289
1.0127
1.01262
0.999958
0.993326
0.98618
0.981492
0.977635
0.97105
0.959679
0.950441
0.94409
0.939621
0.938575
0.939259
0.943208
0.948299
0.956134
0.965514
0.974662
0.981965
0.988592
0.994442
0.999722
1.004
1.00756
1.01048
1.01368
1.0164
1.01732
1.01751
1.01712
1.01656
1.01588
1.01504
1.01483
1.01461
1.01475
1.01476
1.0141
1.01378
1.01361
1.01355
0.999514
0.992982
0.98408
0.977469
0.97367
0.965743
0.954364
0.944902
0.937312
0.931835
0.930051
0.930823
0.935179
0.94128
0.950712
0.961402
0.971187
0.979217
0.986464
0.992575
0.998061
1.00285
1.00763
1.01158
1.01416
1.01677
1.01737
1.01744
1.01743
1.0172
1.01654
1.01624
1.01597
1.016
1.01614
1.01608
1.01529
1.01498
1.01472
1.01465
0.998402
0.992254
0.98235
0.973677
0.968163
0.96093
0.948967
0.937621
0.928373
0.922114
0.919695
0.920514
0.925383
0.932978
0.944166
0.956114
0.966783
0.975938
0.984201
0.99101
0.997114
1.00243
1.00713
1.01209
1.01557
1.01669
1.01731
1.01771
1.01815
1.01865
1.01838
1.01779
1.01754
1.01735
1.01752
1.01723
1.01652
1.01628
1.01598
1.01588
0.996957
0.990745
0.980948
0.970203
0.961616
0.956075
0.943509
0.928877
0.917596
0.910308
0.906918
0.90764
0.913026
0.922353
0.935408
0.949302
0.961212
0.972037
0.981354
0.988863
0.995801
1.00262
1.00795
1.01258
1.01569
1.0171
1.01758
1.01889
1.02011
1.02064
1.02039
1.01939
1.01871
1.01874
1.01886
1.01843
1.01785
1.01767
1.01732
1.01726
0.996051
0.988423
0.979636
0.966772
0.954665
0.947316
0.93448
0.919376
0.905776
0.896276
0.89095
0.891277
0.897074
0.908452
0.92354
0.940331
0.954367
0.967369
0.977964
0.986565
0.994064
1.00186
1.00822
1.01341
1.01652
1.0181
1.01961
1.02092
1.02197
1.02188
1.0213
1.02077
1.02013
1.02068
1.0209
1.02022
1.01967
1.01928
1.01882
1.01887
0.995985
0.985818
0.97771
0.964717
0.947938
0.937336
0.924941
0.908224
0.891424
0.87873
0.870549
0.869979
0.875804
0.889479
0.90735
0.927853
0.945664
0.961742
0.974226
0.984754
0.9933
1.00154
1.00834
1.01395
1.01789
1.01974
1.02142
1.02296
1.0233
1.0237
1.02308
1.02262
1.02311
1.02364
1.02386
1.02305
1.02236
1.02179
1.02114
1.0213
0.99985
0.985823
0.975198
0.963625
0.943275
0.927478
0.913721
0.894756
0.874055
0.856869
0.844343
0.841715
0.847159
0.863036
0.884217
0.909995
0.933789
0.954422
0.969676
0.982047
0.992215
1.0015
1.00967
1.0151
1.01934
1.02242
1.02389
1.02583
1.02614
1.02658
1.02605
1.02632
1.0271
1.02813
1.02797
1.02733
1.02649
1.02577
1.02493
1.02514
1.00068
0.988159
0.973167
0.962928
0.942853
0.91939
0.900798
0.878916
0.853756
0.829989
0.810207
0.802756
0.806882
0.824428
0.850019
0.883299
0.915982
0.944065
0.964209
0.979691
0.992732
1.00269
1.01101
1.01725
1.02193
1.02585
1.02782
1.02957
1.03042
1.03084
1.03081
1.03095
1.0325
1.03294
1.03299
1.03199
1.03147
1.03023
1.0295
1.02958
1.00886
0.998631
0.978589
0.962428
0.946674
0.917708
0.889021
0.860944
0.829714
0.796799
0.765424
0.747604
0.748015
0.766129
0.797824
0.841555
0.886767
0.92637
0.955607
0.977349
0.994265
1.0059
1.01428
1.02171
1.02649
1.0301
1.0329
1.03467
1.03599
1.03566
1.03625
1.0364
1.03731
1.0379
1.03775
1.03728
1.03667
1.03547
1.03467
1.0349
1.01488
0.99649
0.980578
0.962916
0.949566
0.921987
0.884234
0.845845
0.804885
0.759244
0.710463
0.673067
0.663239
0.678704
0.717344
0.775217
0.838014
0.894907
0.939364
0.970581
0.993414
1.00929
1.01924
1.0274
1.03309
1.03669
1.04071
1.04277
1.04487
1.04452
1.04477
1.0454
1.04636
1.04683
1.04627
1.04572
1.04438
1.04311
1.0434
1.04479
1.04466
1.02718
1.01608
0.990007
0.962675
0.934374
0.89202
0.84082
0.786926
0.724757
0.652891
0.582991
0.546903
0.551391
0.5943
0.668166
0.754477
0.835111
0.899742
0.945982
0.980545
1.00408
1.02023
1.03252
1.04083
1.0475
1.05466
1.05836
1.06043
1.06157
1.06284
1.06438
1.06413
1.0626
1.06093
1.05981
1.05878
1.05942
1.06005
1.05971
1.06407
1.04958
1.03422
1.01324
0.988109
0.959666
0.915778
0.85102
0.781588
0.702075
0.60682
0.496127
0.40919
0.379114
0.413729
0.500941
0.614342
0.724146
0.814465
0.884334
0.939617
0.981316
1.01119
1.03251
1.04684
1.05867
1.06623
1.07168
1.07522
1.07886
1.08142
1.08298
1.08355
1.08423
1.08573
1.08695
1.08601
1.08128
1.07889
1.07443
1.14751
1.12698
1.10748
1.09036
1.06274
1.01874
0.960264
0.876277
0.783444
0.689642
0.582456
0.448776
0.306515
0.198409
0.172391
0.25741
0.391064
0.532216
0.657683
0.762946
0.851105
0.922456
0.971002
1.00907
1.03308
1.05118
1.06117
1.07114
1.07983
1.08411
1.08637
1.09117
1.09755
1.10336
1.10906
1.11342
1.11576
1.11813
1.11867
1.11852
1.19174
1.18572
1.17565
1.14755
1.10414
1.03876
0.955612
0.860117
0.755098
0.648555
0.538358
0.436229
0.315034
0.217218
0.153154
0.0790605
0.0639566
0.231255
0.39775
0.547092
0.665717
0.768671
0.846273
0.918267
0.973022
1.01651
1.04529
1.06481
1.07686
1.08814
1.09466
1.09877
1.10253
1.10358
1.10469
1.10564
1.10846
1.11233
1.11811
1.12657
1.40015
1.35364
1.29505
1.21307
1.1093
0.992571
0.865112
0.730294
0.594511
0.46533
0.340659
0.236197
0.206861
0.23071
0.274772
0.317686
0.340254
0.340415
0.279769
0.141301
0.13421
0.291203
0.44052
0.575746
0.701837
0.810113
0.897619
0.953361
0.999581
1.0362
1.06938
1.09085
1.11236
1.13112
1.15001
1.1655
1.1804
1.18943
1.19641
1.2003
0.633608
0.515898
0.356874
0.19472
0.128796
0.208895
0.283912
0.339601
0.38452
0.417627
0.436399
0.43151
0.412909
0.381761
0.354973
0.335853
0.320058
0.315126
0.315652
0.309522
0.30531
0.293623
0.251264
0.193359
0.126404
0.0539121
0.253489
0.464342
0.57179
0.633321
0.679076
0.723176
0.765404
0.810189
0.851812
0.895624
0.937055
0.985387
1.03671
1.09247
0.984122
1.01392
1.01206
1.01482
1.01452
1.01613
1.01598
1.01687
1.01673
1.01707
1.01709
1.0172
1.01724
1.01729
1.01732
1.01734
1.01735
1.01734
1.01733
1.01723
1.01708
1.01689
1.01666
1.01635
1.016
1.01557
1.01503
1.01431
1.01326
1.01168
1.00937
1.00581
0.999469
0.988668
0.975567
0.966596
0.9633
0.967167
0.985564
0.999384
1.0045
0.995862
0.995683
0.995333
0.996093
0.996055
0.996076
0.996249
0.99612
0.996201
0.996161
0.996175
0.996185
0.996217
0.996252
0.996281
0.996305
0.996245
0.996135
0.996038
0.995972
0.995872
0.995768
0.995661
0.995569
0.995527
0.995555
0.995721
0.996107
0.99695
0.998556
1.00135
1.00516
1.00915
1.01612
1.02522
1.02588
1.01949
1.01063
1.00567
0.994681
1.00441
1.00693
1.01086
1.01163
1.01387
1.01372
1.01492
1.0148
1.01529
1.01537
1.01551
1.01554
1.0156
1.01564
1.01564
1.01563
1.01567
1.01573
1.01564
1.01541
1.01511
1.01469
1.01418
1.01357
1.01283
1.01187
1.0106
1.00886
1.00651
1.00359
1.00046
0.995779
0.989171
0.987281
0.990392
0.995465
0.99528
0.998332
1.00277
1.01132
1.00559
1.0038
1.00238
1.00097
1.00079
0.99975
0.999788
0.999168
0.999116
0.998808
0.998743
0.998708
0.99865
0.998641
0.998669
0.998659
0.998521
0.998297
0.998223
0.998264
0.998332
0.998463
0.998656
0.998904
0.999293
0.999884
1.00075
1.00198
1.00366
1.00592
1.00917
1.01235
1.01342
1.01652
1.02106
1.02173
1.01796
1.0129
1.00982
0.995513
1.00067
1.00327
1.00712
1.00865
1.01057
1.01124
1.01224
1.01259
1.01303
1.01321
1.01337
1.01347
1.01354
1.01355
1.01353
1.0135
1.01363
1.01378
1.01364
1.01329
1.01287
1.01231
1.01163
1.01084
1.00991
1.0088
1.00744
1.00574
1.00371
1.00164
0.999859
0.997132
0.994601
0.995088
0.999045
1.00123
1.00005
1.00364
1.00539
1.01058
1.00804
1.00669
1.00611
1.00487
1.00446
1.00336
1.00305
1.00237
1.00217
1.00186
1.00169
1.00154
1.00146
1.00141
1.00141
1.00134
1.00104
1.00074
1.00074
1.00088
1.00109
1.0014
1.00178
1.00225
1.00285
1.00363
1.00461
1.00575
1.007
1.00862
1.0108
1.01151
1.0109
1.01278
1.01484
1.01431
1.01112
1.00971
1.00801
0.998855
1.00151
1.00279
1.00567
1.00708
1.00861
1.00924
1.01021
1.01057
1.01106
1.01124
1.01146
1.01154
1.0116
1.0116
1.01156
1.0116
1.01182
1.01194
1.0117
1.01126
1.01074
1.01009
1.00934
1.00854
1.00766
1.00669
1.00561
1.00437
1.00305
1.00206
1.00137
0.999693
0.998686
0.999982
1.00283
1.00286
1.00247
1.00458
1.00598
1.0084
1.00802
1.0073
1.0073
1.00708
1.00691
1.00633
1.00583
1.00534
1.00507
1.00473
1.00458
1.0044
1.0043
1.00423
1.00417
1.00393
1.00352
1.00327
1.00334
1.00353
1.00378
1.00415
1.00461
1.00507
1.00557
1.00619
1.00687
1.00751
1.00813
1.0091
1.01006
1.00973
1.00914
1.0101
1.01051
1.00916
1.00734
1.00674
1.00645
1.00233
1.00343
1.0041
1.00592
1.00686
1.00796
1.0085
1.00906
1.00941
1.00971
1.00989
1.01002
1.01009
1.01011
1.01009
1.01008
1.01023
1.01047
1.01045
1.01015
1.00966
1.0091
1.00849
1.00784
1.00719
1.00651
1.00583
1.00519
1.0045
1.00391
1.00377
1.0038
1.00309
1.00282
1.0046
1.00592
1.00566
1.0052
1.00575
1.00611
1.00662
1.00711
1.00716
1.00796
1.00813
1.00814
1.0079
1.00781
1.00755
1.00734
1.00714
1.007
1.00687
1.00678
1.0067
1.00654
1.00616
1.00576
1.0056
1.00567
1.00586
1.00607
1.00636
1.00674
1.00708
1.00732
1.00753
1.00773
1.0079
1.0081
1.0086
1.00872
1.00807
1.00784
1.0082
1.00837
1.00702
1.00629
1.00612
1.00627
1.00511
1.00539
1.00587
1.00702
1.00754
1.00824
1.00863
1.00893
1.00911
1.00924
1.00931
1.00935
1.00936
1.00935
1.00934
1.00942
1.00959
1.00968
1.00958
1.00924
1.00879
1.0083
1.00777
1.0073
1.0069
1.00651
1.00622
1.00606
1.00589
1.00585
1.00605
1.00626
1.00584
1.00601
1.00707
1.00732
1.00676
1.00626
1.0062
1.0063
1.00624
1.00663
1.00706
1.00808
1.00848
1.00888
1.00897
1.00901
1.00895
1.00889
1.00883
1.00877
1.00872
1.00866
1.00857
1.0083
1.00783
1.00759
1.00752
1.00755
1.00772
1.00785
1.00797
1.00806
1.0081
1.0081
1.00807
1.00802
1.00792
1.00797
1.00827
1.0081
1.00755
1.00746
1.00793
1.00795
1.00695
1.00654
1.00645
1.00635
1.00653
1.0068
1.00723
1.00816
1.00858
1.00907
1.00931
1.00947
1.0095
1.00955
1.00954
1.00954
1.00953
1.00952
1.00954
1.00958
1.00961
1.00958
1.00946
1.00915
1.00873
1.00836
1.00802
1.00777
1.00758
1.00745
1.00738
1.00732
1.00732
1.00762
1.00788
1.00793
1.00763
1.00777
1.00833
1.0083
1.00729
1.00695
1.00682
1.0066
1.00692
1.00722
1.00767
1.00856
1.00896
1.00946
1.00966
1.00983
1.00987
1.00993
1.00992
1.00992
1.00988
1.00982
1.00972
1.00958
1.00939
1.00919
1.00903
1.00898
1.00898
1.00896
1.00889
1.00879
1.00865
1.00851
1.00837
1.00819
1.00808
1.0083
1.00844
1.00833
1.00804
1.00813
1.00856
1.00841
1.00745
1.00724
1.00716
1.00698
1.00735
1.00765
1.00811
1.00896
1.00936
1.00985
1.01006
1.01023
1.0103
1.01037
1.01039
1.0104
1.01039
1.01036
1.01031
1.01025
1.01017
1.01008
1.00994
1.00972
1.00941
1.00916
1.00899
1.00886
1.00878
1.00871
1.00865
1.00855
1.00854
1.00878
1.00889
1.00871
1.00845
1.00853
1.00887
1.00859
1.00768
1.00751
1.00745
1.00733
1.00777
1.00812
1.00857
1.00939
1.00977
1.01028
1.01047
1.01069
1.01076
1.01085
1.01088
1.01091
1.01089
1.01087
1.01081
1.01072
1.0106
1.01046
1.01029
1.01012
1.00999
1.00983
1.00965
1.00947
1.0093
1.00916
1.00903
1.00886
1.00877
1.00888
1.00894
1.00867
1.00847
1.00867
1.00905
1.00876
1.00792
1.0078
1.00775
1.00762
1.00826
1.0086
1.00907
1.00986
1.01023
1.01074
1.01093
1.01117
1.01126
1.01136
1.01142
1.01145
1.01146
1.01143
1.01137
1.01129
1.01118
1.01105
1.01089
1.01071
1.01052
1.01035
1.01019
1.01004
1.0099
1.00976
1.00961
1.00943
1.00932
1.00938
1.00941
1.0091
1.00895
1.00919
1.00952
1.00916
1.0083
1.0082
1.00815
1.00799
1.00876
1.00912
1.00962
1.01038
1.01075
1.01125
1.01143
1.0117
1.0118
1.01192
1.01199
1.01204
1.01205
1.01203
1.01198
1.0119
1.01179
1.01165
1.0115
1.01133
1.01116
1.01099
1.01083
1.01067
1.01052
1.01037
1.01021
1.01
1.00991
1.00996
1.00997
1.00965
1.00954
1.00976
1.01002
1.00952
1.00868
1.0086
1.00853
1.00836
1.00935
1.00969
1.01022
1.01094
1.0113
1.01179
1.01197
1.01225
1.01239
1.01254
1.01262
1.01269
1.0127
1.0127
1.01266
1.01258
1.01248
1.01234
1.0122
1.01203
1.01187
1.01171
1.01156
1.01139
1.01123
1.01106
1.01088
1.01064
1.01057
1.0106
1.01058
1.01025
1.01017
1.01038
1.01054
1.00989
1.00912
1.00907
1.00896
1.00881
1.00996
1.01027
1.01086
1.01154
1.0119
1.01239
1.01257
1.0129
1.01303
1.01323
1.01329
1.0134
1.01342
1.01344
1.0134
1.01334
1.01324
1.01312
1.01298
1.01283
1.01267
1.01251
1.01234
1.01217
1.012
1.01182
1.0116
1.01139
1.01133
1.01136
1.01129
1.01098
1.01092
1.01105
1.01109
1.01025
1.00956
1.00948
1.0093
1.00917
1.01062
1.01091
1.01152
1.01217
1.01254
1.01306
1.01324
1.01361
1.01375
1.01399
1.01406
1.0142
1.01423
1.01427
1.01424
1.0142
1.01411
1.01401
1.01387
1.01373
1.01357
1.01341
1.01323
1.01305
1.01287
1.01267
1.01243
1.01224
1.01221
1.01223
1.01211
1.01181
1.01174
1.01182
1.01171
1.01067
1.01012
1.01
1.00966
1.00945
1.01132
1.01165
1.01227
1.01285
1.01325
1.01381
1.01401
1.0144
1.01456
1.01484
1.01494
1.01511
1.01514
1.01522
1.0152
1.01518
1.01511
1.01502
1.0149
1.01475
1.01459
1.01442
1.01423
1.01402
1.01383
1.01361
1.01335
1.01321
1.01319
1.01319
1.013
1.01272
1.01263
1.01265
1.01235
1.01123
1.01079
1.01067
1.01021
1.00991
1.01209
1.01245
1.01308
1.01364
1.01409
1.01467
1.01488
1.01533
1.0155
1.01584
1.01592
1.01615
1.01619
1.0163
1.0163
1.01631
1.01626
1.01618
1.01607
1.01593
1.01576
1.01557
1.01535
1.01512
1.01486
1.01459
1.01429
1.01412
1.01408
1.01408
1.01385
1.0136
1.01347
1.01344
1.01288
1.01179
1.01138
1.01121
1.01067
1.01036
1.01299
1.01337
1.01399
1.01454
1.01505
1.01566
1.01591
1.01641
1.01656
1.01695
1.01705
1.01736
1.01739
1.01757
1.01757
1.01761
1.01756
1.01751
1.0174
1.01727
1.01709
1.01688
1.01664
1.01637
1.01608
1.01576
1.01545
1.01528
1.01523
1.0152
1.01492
1.01464
1.01448
1.01433
1.0135
1.01239
1.01195
1.01168
1.01101
1.01069
1.01394
1.01441
1.01508
1.01563
1.01619
1.0168
1.0171
1.01768
1.01785
1.01833
1.01842
1.01878
1.01883
1.01904
1.01906
1.01914
1.01911
1.01907
1.01897
1.01883
1.01866
1.01845
1.0182
1.0179
1.01759
1.01726
1.01697
1.01678
1.01673
1.01668
1.01631
1.01592
1.01566
1.01538
1.01434
1.0132
1.01273
1.0124
1.01162
1.01129
1.01504
1.01566
1.01635
1.01692
1.01756
1.01815
1.01853
1.01913
1.01935
1.0199
1.02
1.02046
1.0205
1.02078
1.02079
1.02091
1.02089
1.02087
1.02076
1.02064
1.02046
1.02023
1.01997
1.01968
1.01938
1.01906
1.01875
1.01858
1.01856
1.01841
1.01786
1.01737
1.01699
1.01655
1.01533
1.01423
1.01375
1.01337
1.0126
1.01207
1.0163
1.01711
1.01782
1.01853
1.01921
1.01988
1.02031
1.02099
1.02124
1.02185
1.02196
1.02248
1.02251
1.02288
1.02286
1.02303
1.02298
1.02299
1.02287
1.02276
1.02257
1.02236
1.0221
1.02184
1.02158
1.02124
1.02094
1.02082
1.02082
1.0205
1.01967
1.01901
1.01846
1.01786
1.01655
1.01557
1.01507
1.01477
1.01429
1.01382
1.01776
1.01866
1.01954
1.02045
1.02115
1.02197
1.02248
1.02319
1.02351
1.02418
1.02432
1.0249
1.02492
1.02535
1.02531
1.02554
1.02546
1.0255
1.02537
1.02526
1.02506
1.02484
1.02457
1.02434
1.02408
1.02372
1.02344
1.02338
1.02337
1.02279
1.02169
1.02084
1.02015
1.01938
1.0179
1.01698
1.0164
1.01617
1.01557
1.01471
1.01949
1.02069
1.02176
1.02289
1.02368
1.02467
1.02526
1.02605
1.0264
1.02711
1.02729
1.02794
1.02792
1.02845
1.02834
1.02866
1.02854
1.02861
1.02845
1.02835
1.02814
1.02791
1.02764
1.02743
1.02719
1.02682
1.02655
1.02655
1.02645
1.02551
1.02405
1.02307
1.02239
1.02145
1.01986
1.01897
1.01843
1.01808
1.01709
1.01603
1.02205
1.02366
1.02478
1.02619
1.027
1.02818
1.02872
1.02968
1.03005
1.03083
1.03102
1.03173
1.03168
1.0323
1.03214
1.03254
1.03234
1.03249
1.03229
1.03224
1.03201
1.0318
1.03157
1.03141
1.03115
1.03077
1.03057
1.03064
1.03012
1.02847
1.02674
1.02582
1.02516
1.02388
1.02196
1.02097
1.02018
1.01911
1.01758
1.01651
1.02582
1.02768
1.02884
1.0304
1.0312
1.03255
1.03307
1.03418
1.03455
1.03542
1.03564
1.03643
1.03639
1.03712
1.03692
1.03744
1.03719
1.03746
1.03721
1.0372
1.03688
1.03677
1.03663
1.03655
1.03621
1.03582
1.03582
1.03583
1.0346
1.03224
1.03037
1.02963
1.02884
1.02693
1.02492
1.02406
1.02293
1.02147
1.02031
1.01961
1.03018
1.03219
1.0336
1.03533
1.03632
1.03786
1.0385
1.03983
1.0403
1.04133
1.04164
1.0425
1.04253
1.04333
1.04308
1.04375
1.04341
1.04385
1.04361
1.0439
1.04378
1.04386
1.04378
1.04355
1.04287
1.04229
1.04217
1.04167
1.03956
1.0366
1.03482
1.03441
1.03334
1.03059
1.02806
1.02692
1.02579
1.02468
1.02322
1.02174
1.03539
1.03806
1.03974
1.04188
1.0432
1.04505
1.04594
1.04767
1.04825
1.0497
1.05022
1.05135
1.05164
1.05255
1.0524
1.0532
1.05275
1.0532
1.05238
1.05223
1.05143
1.05137
1.05109
1.05071
1.04981
1.04934
1.04923
1.04819
1.04546
1.04273
1.04186
1.04175
1.04001
1.03652
1.03382
1.03276
1.03189
1.03091
1.02921
1.02719
1.0434
1.04739
1.04953
1.05166
1.05308
1.05473
1.05574
1.05723
1.05782
1.0592
1.0596
1.06073
1.06118
1.06219
1.06243
1.06351
1.06359
1.06504
1.06535
1.06684
1.0672
1.06818
1.06773
1.06658
1.06454
1.06327
1.06192
1.0591
1.0551
1.05269
1.05192
1.05051
1.04679
1.04279
1.04054
1.03936
1.03821
1.03646
1.03448
1.03219
1.06058
1.06398
1.06555
1.06897
1.07037
1.07314
1.07428
1.07645
1.07708
1.07899
1.07901
1.08038
1.08011
1.08097
1.08073
1.08116
1.0805
1.08046
1.07872
1.07794
1.07586
1.07482
1.07166
1.06913
1.06662
1.06602
1.06452
1.0618
1.0594
1.0593
1.05932
1.05685
1.05272
1.04994
1.04888
1.04786
1.04635
1.04428
1.04141
1.03822
1.07349
1.07881
1.08071
1.08368
1.08499
1.08766
1.08917
1.09173
1.0933
1.09606
1.09758
1.10043
1.10163
1.104
1.10532
1.10743
1.10895
1.11077
1.1119
1.1136
1.11413
1.11454
1.11216
1.11168
1.11061
1.10975
1.1047
1.10069
1.09824
1.09662
1.09154
1.08475
1.07903
1.07485
1.07091
1.0668
1.06246
1.05755
1.05236
1.04747
1.11882
1.11809
1.12012
1.1211
1.12337
1.12495
1.12664
1.12839
1.12904
1.13057
1.13036
1.13167
1.13063
1.13171
1.12992
1.12983
1.12681
1.12497
1.12183
1.11904
1.11463
1.11027
1.10663
1.1051
1.10141
1.09727
1.09183
1.09149
1.08933
1.08691
1.08174
1.07925
1.07602
1.07354
1.07031
1.06698
1.06248
1.05837
1.05471
1.05194
1.13361
1.14816
1.15623
1.16747
1.17211
1.18214
1.18588
1.19513
1.19828
1.20681
1.20936
1.21657
1.21837
1.22394
1.22492
1.22946
1.23068
1.23438
1.23399
1.23566
1.23632
1.23964
1.23881
1.23562
1.23051
1.22691
1.22292
1.21806
1.21111
1.20366
1.194
1.1845
1.17376
1.16452
1.15338
1.14469
1.13375
1.12414
1.11217
1.09974
1.20359
1.20686
1.20843
1.20956
1.21379
1.21966
1.22626
1.23221
1.23841
1.24378
1.24844
1.25293
1.25581
1.25878
1.26028
1.26151
1.26225
1.26201
1.26201
1.25989
1.25755
1.25203
1.24692
1.23912
1.2322
1.22377
1.21604
1.2076
1.19916
1.19018
1.18161
1.17183
1.16453
1.15449
1.14783
1.13581
1.12444
1.10691
1.09052
1.07563
1.14252
1.1795
1.22596
1.26556
1.30577
1.34179
1.37931
1.41112
1.44531
1.47294
1.50314
1.52621
1.55192
1.57044
1.59149
1.60572
1.62145
1.63002
1.63908
1.64158
1.64482
1.64322
1.64254
1.63787
1.63341
1.62492
1.61515
1.60297
1.58784
1.57167
1.5511
1.53144
1.50636
1.48424
1.45591
1.43114
1.40072
1.37266
1.34285
1.31426
0.999525
1.00385
1.00485
1.00496
1.00484
1.00484
1.00483
1.00474
1.00485
1.00484
1.00486
1.00482
1.00456
1.00414
1.00378
1.00335
1.003
1.00246
1.00167
1.0009
1.00001
0.999153
0.99821
0.997244
0.996366
0.99557
0.994866
0.994351
0.994075
0.994141
0.994589
0.995156
0.995863
0.996778
0.99795
0.999178
1.0009
1.00159
1.00037
0.993128
1.00214
1.00496
1.00535
1.00501
1.00502
1.00492
1.00483
1.00478
1.00497
1.00524
1.00528
1.00525
1.00481
1.00449
1.00407
1.00363
1.00309
1.00254
1.00169
1.00094
1
0.999151
0.998217
0.997242
0.996335
0.995492
0.994749
0.994144
0.993858
0.99382
0.994182
0.994821
0.995666
0.996726
0.99801
0.999743
1.0019
1.00308
1.00149
0.993998
1.00367
1.00616
1.00566
1.00507
1.00521
1.00498
1.00493
1.00496
1.00506
1.00525
1.00522
1.00528
1.00524
1.00518
1.00443
1.00378
1.00334
1.00256
1.0016
1.00079
0.999812
0.999008
0.99811
0.997178
0.99624
0.995371
0.994596
0.993915
0.993592
0.993565
0.993763
0.994485
0.995442
0.996591
0.998189
1.00047
1.00288
1.00477
1.00325
0.996205
1.00602
1.00692
1.00561
1.00531
1.00538
1.005
1.00501
1.00519
1.00523
1.00518
1.005
1.0052
1.00519
1.00522
1.00495
1.00432
1.00334
1.00249
1.00136
1.00054
0.999532
0.998722
0.997849
0.996928
0.996039
0.995155
0.994345
0.993619
0.993237
0.993218
0.993212
0.993953
0.995048
0.996404
0.998394
1.00105
1.00417
1.00607
1.00624
0.998428
1.00625
1.00666
1.00548
1.00541
1.00542
1.0051
1.00519
1.00539
1.00546
1.00527
1.00504
1.00509
1.00497
1.00501
1.00505
1.00462
1.0038
1.00244
1.00123
1.00039
0.999339
0.99847
0.997495
0.996534
0.995606
0.994773
0.99406
0.99336
0.992756
0.992675
0.992664
0.993335
0.994619
0.996319
0.998557
1.00197
1.00434
1.00635
1.00753
1.00353
1.00655
1.00605
1.00531
1.00541
1.00548
1.0052
1.0054
1.00559
1.00572
1.00564
1.00538
1.00519
1.00494
1.00455
1.00493
1.00522
1.00415
1.00273
1.00134
1.00046
0.999285
0.99834
0.997307
0.996279
0.995322
0.994491
0.99373
0.992977
0.992191
0.992082
0.992184
0.992851
0.994367
0.996383
0.999094
1.00227
1.00362
1.00567
1.00835
1.00879
1.00612
1.00567
1.00537
1.00559
1.00563
1.00544
1.00575
1.00599
1.00618
1.00647
1.00616
1.00566
1.00516
1.00458
1.00465
1.00514
1.00489
1.00317
1.00179
1.00068
0.999395
0.998389
0.997241
0.996196
0.995179
0.994248
0.993371
0.992417
0.991606
0.991453
0.991677
0.992433
0.994104
0.996407
0.999423
1.00192
1.00301
1.00527
1.00945
1.01162
1.00599
1.00574
1.00564
1.00594
1.006
1.00605
1.00667
1.00709
1.00728
1.00793
1.00785
1.00661
1.00589
1.00499
1.00476
1.00472
1.0049
1.00395
1.00246
1.00117
0.999525
0.998388
0.99711
0.995981
0.994907
0.993815
0.992731
0.991654
0.990995
0.990709
0.990967
0.991915
0.993667
0.9962
0.999116
1.00156
1.00303
1.00508
1.00979
1.01298
1.006
1.0058
1.00593
1.00649
1.0069
1.0071
1.0073
1.00761
1.00799
1.00791
1.00807
1.00799
1.00709
1.00612
1.00519
1.00486
1.00476
1.00491
1.00382
1.00189
0.99993
0.998222
0.99679
0.995542
0.9944
0.993187
0.991987
0.990815
0.990176
0.989821
0.990155
0.991322
0.99318
0.995868
0.998588
1.00128
1.00301
1.00457
1.00944
1.01211
1.00609
1.00597
1.00614
1.00645
1.0071
1.00722
1.00707
1.00731
1.00779
1.00755
1.00773
1.00823
1.00794
1.0075
1.00645
1.00548
1.00519
1.00527
1.00475
1.00287
1.00042
0.998361
0.9965
0.995077
0.993738
0.992376
0.991018
0.989816
0.989194
0.988803
0.989333
0.990715
0.992735
0.99544
0.998135
1.00091
1.00274
1.00432
1.00838
1.01099
1.00609
1.0062
1.00649
1.00644
1.00699
1.00693
1.00679
1.00688
1.00745
1.00759
1.00757
1.00809
1.00791
1.0073
1.00725
1.00683
1.00631
1.00569
1.00505
1.00328
1.00099
0.998548
0.996464
0.994606
0.992968
0.991452
0.990099
0.988868
0.988093
0.987734
0.988433
0.990017
0.992192
0.994896
0.99753
1.00039
1.00224
1.00414
1.00638
1.00952
1.00608
1.00656
1.00707
1.00698
1.00742
1.00731
1.00738
1.00711
1.00753
1.00767
1.00766
1.00802
1.00775
1.00675
1.00677
1.00734
1.00697
1.00573
1.00474
1.00354
1.00114
0.99881
0.996276
0.994032
0.992145
0.990454
0.989024
0.987789
0.986934
0.986642
0.98749
0.98918
0.991466
0.994181
0.996798
0.999753
1.00159
1.00385
1.0046
1.00759
1.00634
1.00729
1.00785
1.00783
1.00779
1.00781
1.00806
1.00784
1.00775
1.00741
1.00706
1.00773
1.0079
1.00695
1.00634
1.00681
1.00676
1.0056
1.00464
1.0029
1.00121
0.998776
0.995994
0.993445
0.991338
0.98943
0.987882
0.986608
0.985691
0.98547
0.986495
0.988233
0.990608
0.993317
0.995889
0.999051
1.00071
1.00352
1.00343
1.0061
1.00679
1.00777
1.00801
1.00811
1.00804
1.00794
1.0084
1.00828
1.00801
1.00761
1.00691
1.00722
1.0078
1.0075
1.00658
1.00644
1.00636
1.00549
1.00411
1.00251
1.0006
0.998333
0.995503
0.99283
0.990482
0.988364
0.986657
0.985285
0.984373
0.984201
0.985362
0.987171
0.989623
0.992401
0.99488
0.998289
0.99982
1.00306
1.0026
1.00491
1.00722
1.00805
1.00804
1.00815
1.00843
1.00835
1.00837
1.00797
1.00765
1.00757
1.00683
1.00693
1.00768
1.00753
1.00666
1.00621
1.00599
1.00511
1.00383
1.00202
0.999957
0.997649
0.994904
0.992183
0.989609
0.987204
0.985265
0.983807
0.982942
0.982865
0.984091
0.986004
0.98848
0.991329
0.993875
0.997537
0.998993
1.00238
1.0018
1.00386
1.00753
1.00835
1.00825
1.00823
1.00819
1.00825
1.00836
1.00783
1.00756
1.00766
1.00728
1.0071
1.00759
1.00733
1.0063
1.00573
1.00539
1.00469
1.00337
1.00146
0.999382
0.996881
0.99408
0.991232
0.98851
0.985953
0.983808
0.982221
0.981409
0.981442
0.982718
0.984645
0.987287
0.990177
0.99256
0.996662
0.99833
1.00187
1.00129
1.00292
1.0079
1.00868
1.00853
1.00848
1.00814
1.0082
1.00828
1.00828
1.00799
1.00795
1.00751
1.00682
1.00731
1.00738
1.0064
1.00548
1.00509
1.0042
1.00265
1.00105
0.998755
0.996061
0.993083
0.990064
0.987205
0.984511
0.982221
0.980575
0.979764
0.979882
0.981183
0.983172
0.98577
0.989022
0.991464
0.995456
0.997539
1.00146
1.00114
1.00227
1.00832
1.00903
1.009
1.00905
1.00845
1.00827
1.00834
1.00859
1.00871
1.00827
1.00741
1.0065
1.00668
1.00746
1.00699
1.00582
1.00473
1.00384
1.00236
1.00042
0.997821
0.995088
0.991901
0.98866
0.985602
0.982792
0.980396
0.978713
0.97794
0.97811
0.979411
0.981493
0.984271
0.987484
0.990279
0.994525
0.996875
1.00108
1.00116
1.00203
1.00882
1.00941
1.00935
1.00953
1.00918
1.00891
1.00892
1.00906
1.00934
1.00916
1.00812
1.00696
1.00653
1.00683
1.00687
1.00641
1.00486
1.0037
1.00194
0.999431
0.997226
0.994042
0.99063
0.987115
0.983806
0.980794
0.978302
0.976637
0.975855
0.976063
0.977405
0.979605
0.982495
0.986127
0.988541
0.993129
0.995773
1.00044
1.0009
1.00188
1.00929
1.00982
1.00981
1.00978
1.00933
1.00915
1.0097
1.00986
1.00966
1.00969
1.00899
1.00791
1.00713
1.00697
1.00652
1.00676
1.00519
1.00351
1.00126
0.99914
0.995865
0.992571
0.989084
0.985344
0.981747
0.978695
0.976041
0.974267
0.97347
0.97371
0.975135
0.977504
0.98053
0.984155
0.987404
0.992004
0.994769
0.999604
1.00022
1.00142
1.00952
1.01026
1.01038
1.01033
1.00958
1.00912
1.0096
1.01021
1.01031
1.01066
1.01084
1.00991
1.0086
1.00756
1.00693
1.00644
1.00519
1.00279
1.00105
0.997699
0.994848
0.991465
0.987488
0.983399
0.979648
0.976108
0.973382
0.971599
0.970733
0.971051
0.972573
0.975035
0.978426
0.98249
0.985165
0.990372
0.993485
0.99893
0.999949
1.00144
1.0099
1.01073
1.01084
1.01102
1.01032
1.00977
1.00997
1.01087
1.01192
1.01219
1.01218
1.01116
1.00998
1.00846
1.0074
1.00556
1.00438
1.00249
0.999943
0.996798
0.99345
0.989263
0.985284
0.981186
0.976817
0.973288
0.970366
0.968395
0.967589
0.967987
0.969592
0.972388
0.975743
0.980153
0.983891
0.98918
0.992226
0.997525
0.998928
1.00097
1.01028
1.01076
1.0107
1.01134
1.01167
1.0112
1.01107
1.01222
1.013
1.0128
1.01311
1.01216
1.01042
1.00894
1.0074
1.00592
1.00393
1.00175
0.998461
0.995237
0.991637
0.987877
0.983335
0.978332
0.97413
0.97002
0.966774
0.964857
0.964004
0.964476
0.96621
0.96924
0.973116
0.97754
0.981201
0.987651
0.991214
0.997363
0.999
1.00102
1.0106
1.01093
1.01082
1.01115
1.01213
1.01329
1.01354
1.01406
1.01393
1.01322
1.01337
1.01279
1.01062
1.0087
1.00636
1.00479
1.00328
1.00043
0.99709
0.994075
0.989851
0.984939
0.980178
0.975623
0.97038
0.966002
0.962886
0.960702
0.959846
0.960385
0.962352
0.965474
0.969816
0.975098
0.978306
0.984843
0.989083
0.996072
0.998471
1.00102
1.01116
1.01136
1.01135
1.01158
1.01258
1.01389
1.01484
1.01505
1.015
1.01392
1.01368
1.013
1.01101
1.00896
1.0064
1.00442
1.00221
0.99916
0.995758
0.991997
0.987306
0.982811
0.97777
0.971494
0.966434
0.96209
0.958225
0.956016
0.955161
0.95577
0.957938
0.961469
0.965924
0.971607
0.97634
0.982814
0.987303
0.995027
0.997877
1.0008
1.0117
1.01201
1.01208
1.0127
1.0137
1.01464
1.01533
1.01509
1.01503
1.01379
1.0131
1.01161
1.0108
1.00826
1.00601
1.00356
1.00095
0.997416
0.993907
0.989514
0.984525
0.979194
0.972876
0.967754
0.962092
0.95628
0.952723
0.950363
0.949418
0.950206
0.952537
0.956588
0.961509
0.967226
0.972657
0.979832
0.984684
0.993602
0.997377
1.00041
1.01331
1.01374
1.01371
1.0147
1.0158
1.01643
1.01624
1.01581
1.01518
1.01369
1.01262
1.01124
1.01068
1.00926
1.00701
1.00401
1.00065
0.996395
0.992233
0.987483
0.981612
0.975816
0.969651
0.96285
0.955926
0.951157
0.946877
0.944013
0.943183
0.944135
0.946815
0.951027
0.956655
0.963508
0.968367
0.976405
0.981737
0.991866
0.996567
1.00066
1.01393
1.01418
1.01418
1.01546
1.01569
1.01552
1.01534
1.01456
1.01384
1.01274
1.01231
1.01122
1.01022
1.00845
1.00599
1.00239
0.998831
0.994127
0.989285
0.983512
0.97634
0.970151
0.962765
0.955757
0.949685
0.943279
0.938496
0.935871
0.934876
0.936138
0.939271
0.943834
0.949993
0.95765
0.964323
0.972665
0.978044
0.988457
0.994404
0.999361
1.01562
1.01583
1.01632
1.01698
1.01654
1.01696
1.01639
1.01617
1.01565
1.01471
1.01469
1.01298
1.01141
1.00818
1.00487
1.00115
0.997295
0.992208
0.986401
0.980135
0.97268
0.965856
0.957331
0.949867
0.942143
0.935704
0.931086
0.927598
0.926795
0.928223
0.931753
0.937642
0.943582
0.95181
0.960788
0.969876
0.975397
0.98675
0.993615
0.999831
1.01583
1.01623
1.01617
1.016
1.0158
1.01573
1.01471
1.01485
1.01391
1.01346
1.0127
1.01054
1.00888
1.005
1.0016
0.99736
0.992804
0.98685
0.980283
0.973106
0.964393
0.955968
0.94696
0.938519
0.930348
0.923762
0.91806
0.914819
0.914041
0.916048
0.920102
0.926586
0.934345
0.942201
0.952406
0.963523
0.969314
0.981232
0.990138
0.996905
1.01876
1.0191
1.01855
1.01878
1.01864
1.01852
1.01828
1.01856
1.01761
1.01728
1.0159
1.01341
1.01094
1.00637
1.00254
0.997097
0.991387
0.984428
0.976567
0.967954
0.958379
0.948784
0.938903
0.929046
0.920443
0.913179
0.907463
0.90402
0.903516
0.905793
0.910655
0.918616
0.926834
0.937985
0.946873
0.959916
0.967063
0.979667
0.989783
0.999502
1.02001
1.01964
1.01847
1.01838
1.01765
1.01744
1.01657
1.01628
1.01508
1.01455
1.01246
1.009
1.00604
1.00083
0.99622
0.990028
0.983494
0.975082
0.965929
0.955878
0.944893
0.933996
0.92152
0.911239
0.901403
0.893335
0.886959
0.883164
0.882943
0.886217
0.892549
0.900181
0.91155
0.923605
0.933653
0.948744
0.956034
0.969389
0.980845
0.992248
1.02466
1.02426
1.02267
1.02278
1.02184
1.0217
1.02031
1.01971
1.01805
1.01688
1.01404
1.01078
1.0072
1.00066
0.995477
0.987543
0.979437
0.968908
0.958376
0.94608
0.933724
0.92015
0.90705
0.895285
0.88482
0.87626
0.869759
0.86674
0.86753
0.872178
0.879986
0.890557
0.901296
0.918861
0.928934
0.946869
0.957059
0.970074
0.984386
0.996267
1.02957
1.0286
1.02634
1.02582
1.02402
1.0223
1.01888
1.0165
1.01249
1.01013
1.00655
1.00364
0.998346
0.991962
0.985435
0.975166
0.965106
0.953221
0.939425
0.925992
0.909955
0.894992
0.879866
0.866818
0.854073
0.844555
0.837015
0.834114
0.83554
0.840654
0.850024
0.862499
0.876573
0.893784
0.907892
0.927451
0.939957
0.954132
0.970949
0.984521
1.03507
1.03323
1.02999
1.0296
1.02711
1.02556
1.02234
1.01849
1.0133
1.00913
1.00408
0.998798
0.994039
0.985553
0.977146
0.964388
0.953991
0.936339
0.922672
0.904278
0.886889
0.869018
0.853192
0.836878
0.824614
0.814586
0.808384
0.807446
0.810965
0.819838
0.831856
0.849152
0.864554
0.889412
0.904119
0.928068
0.947789
0.959907
0.980491
0.993429
1.04316
1.04053
1.03754
1.03626
1.03275
1.03105
1.02405
1.01879
1.01037
1.00404
0.99456
0.989961
0.978774
0.969903
0.957453
0.942518
0.924716
0.907512
0.885764
0.864746
0.843543
0.82254
0.801983
0.784268
0.769448
0.758806
0.753387
0.753425
0.759563
0.770269
0.784676
0.804737
0.825771
0.853206
0.870818
0.896263
0.92297
0.939751
0.9631
0.980547
1.05009
1.04792
1.0448
1.04009
1.03413
1.02669
1.01912
1.0105
1.00218
0.993189
0.984133
0.972432
0.961156
0.946164
0.928602
0.909226
0.890492
0.863108
0.842703
0.816084
0.791068
0.767813
0.746539
0.726814
0.714642
0.70498
0.703719
0.708804
0.716466
0.739079
0.759789
0.787379
0.812237
0.849344
0.877092
0.904882
0.935533
0.960244
0.979921
0.999571
1.08541
1.07521
1.0604
1.05201
1.03912
1.03218
1.01973
1.01306
0.997984
0.988253
0.969705
0.955046
0.93153
0.912275
0.884313
0.859352
0.827815
0.797167
0.765718
0.729024
0.702256
0.669471
0.645527
0.623898
0.610958
0.601783
0.606246
0.61544
0.637839
0.659803
0.685352
0.727803
0.752822
0.790705
0.83015
0.862917
0.900935
0.930239
0.975382
1.00201
1.06977
1.0627
1.06229
1.05748
1.05294
1.04261
1.02877
1.01071
0.987752
0.963077
0.933106
0.903191
0.866993
0.832412
0.791285
0.753426
0.70924
0.671546
0.62804
0.593928
0.557493
0.529458
0.50482
0.497289
0.490194
0.501847
0.520881
0.556991
0.586247
0.642394
0.684649
0.737134
0.791203
0.836415
0.884692
0.928245
0.964504
0.998649
1.02691
1.05479
1.2832
1.2546
1.21322
1.17497
1.12616
1.08285
1.03057
0.984729
0.929187
0.881635
0.824123
0.775178
0.714562
0.664105
0.603026
0.553774
0.492567
0.441873
0.387498
0.348862
0.310955
0.268911
0.286402
0.291843
0.305964
0.367913
0.417266
0.477928
0.549903
0.601028
0.68841
0.736946
0.822906
0.876738
0.954314
1.00651
1.08141
1.1276
1.19776
1.23645
0.999989
0.999994
0.999994
0.999994
0.999995
0.999995
0.999995
0.999995
0.999995
0.999994
0.999994
0.999996
0.999999
1
1
1
1
1
1
1
1
1
1
0.999999
0.999998
0.999996
0.999994
0.999993
0.999992
0.999991
0.99999
0.999991
0.999991
0.999992
0.999992
0.999993
0.999993
0.999993
0.999994
0.999988
0.999854
0.999876
0.999874
0.999873
0.999872
0.999873
0.999873
0.999872
0.999872
0.999872
0.999874
0.999876
0.999877
0.999876
0.999876
0.999876
0.999874
0.999872
0.99987
0.999869
0.999868
0.999868
0.999869
0.99987
0.999871
0.999872
0.999873
0.999872
0.99987
0.999867
0.999864
0.999864
0.999865
0.999866
0.999869
0.99987
0.999871
0.999872
0.999873
0.999851
0.999803
0.999832
0.999829
0.999827
0.999825
0.999826
0.999824
0.999822
0.999821
0.999819
0.999824
0.999831
0.999837
0.999838
0.99984
0.999842
0.99984
0.999838
0.999835
0.999832
0.999829
0.999826
0.999824
0.999821
0.999818
0.999815
0.999812
0.999807
0.999802
0.999796
0.99979
0.999791
0.999795
0.999801
0.999807
0.999812
0.999817
0.999822
0.999826
0.999799
0.999911
0.999944
0.999943
0.999944
0.999949
0.999957
0.999964
0.999972
0.999979
0.999985
0.999991
0.999997
1
1
1
1
1
1
0.999998
0.999993
0.999989
0.999986
0.999982
0.999977
0.999973
0.999969
0.999966
0.999963
0.999959
0.999957
0.999956
0.999956
0.999955
0.999956
0.999955
0.999949
0.999945
0.999943
0.999943
0.999913
1.00038
1.00043
1.00043
1.00042
1.00042
1.00043
1.00043
1.00045
1.00046
1.00047
1.00048
1.00049
1.0005
1.0005
1.0005
1.00051
1.00051
1.00051
1.00051
1.00051
1.0005
1.00049
1.00048
1.00047
1.00046
1.00044
1.00043
1.00042
1.00041
1.00041
1.0004
1.0004
1.00039
1.00039
1.00039
1.00039
1.0004
1.00041
1.00043
1.00039
1.00035
1.0004
1.0004
1.0004
1.0004
1.00041
1.00042
1.00044
1.00046
1.00048
1.0005
1.00052
1.00053
1.00055
1.00055
1.00057
1.00056
1.00057
1.00056
1.00056
1.00055
1.00053
1.00052
1.0005
1.00048
1.00046
1.00044
1.00042
1.00041
1.00039
1.00038
1.00037
1.00037
1.00036
1.00035
1.00036
1.00036
1.00038
1.00039
1.00034
0.999733
0.999814
0.999815
0.999818
0.999826
0.999835
0.99984
0.999845
0.999845
0.999843
0.999833
0.99982
0.999806
0.999787
0.999781
0.999771
0.999716
0.999705
0.999677
0.999655
0.999634
0.999615
0.999599
0.999586
0.999577
0.999573
0.999572
0.999578
0.999587
0.9996
0.999615
0.999632
0.999646
0.999662
0.999675
0.999707
0.999716
0.999733
0.999744
0.99967
0.999611
0.999703
0.999702
0.999703
0.999708
0.99971
0.999706
0.999698
0.999685
0.999669
0.999648
0.999619
0.99959
0.99955
0.999522
0.999535
0.999451
0.999425
0.999382
0.999345
0.999308
0.999277
0.999249
0.999228
0.999214
0.99921
0.999213
0.99923
0.99925
0.999277
0.99931
0.999349
0.999384
0.999412
0.999421
0.999464
0.99949
0.999516
0.999534
0.999448
1
1.0001
1.00011
1.00012
1.00014
1.00015
1.00017
1.00019
1.0002
1.00021
1.00022
1.00021
1.00021
1.00018
1.00017
1.00018
1.00013
1.00011
1.00007
1.00003
0.999982
0.99994
0.999899
0.999859
0.999823
0.999792
0.999767
0.999751
0.999741
0.999736
0.99974
0.999749
0.999763
0.999788
0.999787
0.999814
0.999837
0.999858
0.999872
0.999776
1.00036
1.00048
1.00049
1.00051
1.00054
1.00057
1.0006
1.00062
1.00064
1.00065
1.00065
1.00065
1.00063
1.0006
1.00058
1.0006
1.00053
1.00049
1.00043
1.00038
1.00031
1.00025
1.00019
1.00013
1.00007
1.00002
0.999981
0.999953
0.999933
0.99992
0.99992
0.999932
0.999956
0.999995
0.999976
0.999983
1.00001
1.00002
1.00003
0.999916
1.00023
1.00036
1.00037
1.00039
1.00042
1.00045
1.00048
1.0005
1.00052
1.00052
1.00052
1.00051
1.00049
1.00044
1.00039
1.00042
1.00035
1.0003
1.00022
1.00016
1.00009
1.00002
0.999949
0.999887
0.999828
0.99978
0.999743
0.999719
0.999709
0.999704
0.999711
0.999729
0.99976
0.999813
0.999791
0.99979
0.999816
0.999833
0.999845
0.999729
1.00018
1.00031
1.00033
1.00035
1.00037
1.0004
1.00042
1.00044
1.00045
1.00045
1.00044
1.00043
1.0004
1.00034
1.00026
1.00027
1.00021
1.00014
1.00005
0.999956
0.999863
0.999768
0.999676
0.999588
0.999508
0.999439
0.999384
0.999345
0.999328
0.999321
0.999331
0.999352
0.999393
0.999459
0.999452
0.999447
0.999471
0.999485
0.999495
0.999368
1.00026
1.0004
1.00041
1.00043
1.00046
1.00049
1.00052
1.00054
1.00055
1.00056
1.00055
1.00054
1.00049
1.00044
1.00034
1.00036
1.00029
1.00021
1.00011
1.00001
0.999913
0.999813
0.999714
0.99962
0.999533
0.999457
0.999396
0.999353
0.99933
0.99932
0.999327
0.999347
0.999387
0.999451
0.999443
0.999439
0.999461
0.999474
0.999484
0.999354
1.00049
1.00064
1.00066
1.00069
1.00072
1.00075
1.00078
1.0008
1.00082
1.00082
1.0008
1.00079
1.00073
1.00067
1.00056
1.00056
1.0005
1.0004
1.00026
1.00013
1
0.999878
0.999757
0.999644
0.999543
0.999456
0.999386
0.999339
0.999312
0.999299
0.999305
0.999325
0.999364
0.999426
0.999419
0.999417
0.999438
0.999451
0.999461
0.99933
1.00056
1.00071
1.00073
1.00076
1.0008
1.00083
1.00086
1.00088
1.00089
1.00088
1.00088
1.00084
1.00079
1.00072
1.0006
1.00058
1.00051
1.0004
1.00026
1.00012
0.999988
0.999854
0.999722
0.999598
0.999486
0.999389
0.999311
0.999255
0.999223
0.999207
0.999212
0.999232
0.999271
0.999323
0.999317
0.999326
0.999344
0.999357
0.999365
0.999232
1.0006
1.00075
1.00078
1.00081
1.00085
1.00088
1.00091
1.00093
1.00094
1.00093
1.00092
1.00088
1.00082
1.00075
1.00063
1.0006
1.00051
1.00039
1.00024
1.00009
0.99994
0.999786
0.999635
0.999491
0.999361
0.999249
0.999159
0.999094
0.999057
0.999039
0.999044
0.999067
0.999108
0.999148
0.999155
0.999177
0.999193
0.999204
0.99921
0.999072
1.0007
1.00085
1.00088
1.00092
1.00096
1.001
1.00103
1.00105
1.00106
1.00105
1.00103
1.00099
1.00092
1.00084
1.00072
1.00067
1.00057
1.00043
1.00026
1.0001
0.999937
0.999765
0.999599
0.99944
0.999297
0.999174
0.999077
0.999004
0.998965
0.998946
0.998951
0.998977
0.999018
0.999058
0.999074
0.999101
0.999119
0.999129
0.999134
0.998995
1.00081
1.00097
1.001
1.00105
1.00109
1.00113
1.00116
1.00117
1.00118
1.00116
1.00115
1.0011
1.00103
1.00094
1.00082
1.00075
1.00063
1.00047
1.0003
1.00012
0.99994
0.999752
0.999569
0.999396
0.999238
0.999103
0.998995
0.998915
0.998869
0.99885
0.998855
0.998885
0.998925
0.998969
0.998991
0.999024
0.999043
0.999053
0.999055
0.998913
1.0009
1.00106
1.0011
1.00115
1.0012
1.00124
1.00127
1.00129
1.00129
1.00127
1.00125
1.0012
1.00112
1.00103
1.00091
1.00081
1.00068
1.00051
1.00032
1.00013
0.999931
0.999726
0.999525
0.999334
0.99916
0.999011
0.998893
0.998805
0.998752
0.998729
0.998739
0.998771
0.998816
0.998864
0.998893
0.998931
0.998951
0.99896
0.99896
0.998815
1.00099
1.00115
1.0012
1.00126
1.00131
1.00135
1.00138
1.0014
1.0014
1.00138
1.00136
1.0013
1.00122
1.00112
1.001
1.00088
1.00073
1.00055
1.00035
1.00014
0.999922
0.999699
0.999479
0.99927
0.999079
0.998916
0.998784
0.998689
0.99863
0.998607
0.99862
0.998653
0.998707
0.998759
0.998798
0.998839
0.998861
0.998868
0.998864
0.998716
1.00107
1.00124
1.0013
1.00136
1.00142
1.00147
1.0015
1.00152
1.00152
1.00149
1.00146
1.0014
1.00131
1.00121
1.00108
1.00095
1.00079
1.00059
1.00038
1.00015
0.999914
0.999671
0.999432
0.999203
0.998996
0.998817
0.998673
0.998569
0.998508
0.998483
0.998499
0.998536
0.998598
0.998657
0.998707
0.998752
0.998775
0.99878
0.998772
0.998619
1.00115
1.00134
1.00139
1.00147
1.00153
1.00159
1.00162
1.00164
1.00163
1.00161
1.00157
1.00151
1.00142
1.00131
1.00117
1.00103
1.00085
1.00064
1.00041
1.00016
0.999909
0.999646
0.999385
0.999137
0.998911
0.998716
0.99856
0.998448
0.998381
0.998357
0.998375
0.998421
0.998489
0.998557
0.998617
0.998667
0.998691
0.998693
0.998679
0.998521
1.00123
1.00142
1.0015
1.00158
1.00165
1.00171
1.00174
1.00176
1.00176
1.00173
1.00169
1.00162
1.00152
1.00141
1.00126
1.0011
1.00091
1.00069
1.00044
1.00018
0.999904
0.999618
0.999336
0.999067
0.998822
0.998609
0.998441
0.998317
0.998249
0.998224
0.998247
0.998301
0.998379
0.998459
0.998531
0.998585
0.998612
0.998611
0.998589
0.998423
1.0013
1.00151
1.00159
1.00168
1.00177
1.00183
1.00187
1.00188
1.00188
1.00185
1.0018
1.00173
1.00163
1.00151
1.00135
1.00118
1.00098
1.00074
1.00048
1.0002
0.999897
0.999589
0.999285
0.998993
0.998727
0.998498
0.998314
0.998184
0.998107
0.998089
0.998113
0.99818
0.998266
0.998359
0.998441
0.998504
0.998531
0.998523
0.998495
0.998317
1.00137
1.00159
1.00169
1.0018
1.00189
1.00195
1.002
1.00202
1.00201
1.00197
1.00193
1.00185
1.00174
1.00161
1.00145
1.00127
1.00105
1.0008
1.00053
1.00022
0.999897
0.999567
0.999236
0.99892
0.998632
0.998382
0.998183
0.998043
0.997964
0.997947
0.99798
0.998055
0.998158
0.998264
0.998363
0.998433
0.998461
0.998451
0.998406
0.998218
1.00142
1.00167
1.00177
1.0019
1.002
1.00208
1.00212
1.00214
1.00213
1.00209
1.00204
1.00196
1.00185
1.00172
1.00155
1.00135
1.00112
1.00086
1.00057
1.00024
0.999887
0.99953
0.999178
0.998837
0.998527
0.998258
0.998045
0.997894
0.997809
0.997795
0.997838
0.997926
0.998042
0.998162
0.998275
0.998357
0.998386
0.998362
0.998313
0.998097
1.00149
1.00174
1.00189
1.00203
1.00213
1.00222
1.00227
1.00228
1.00227
1.00223
1.00218
1.00209
1.00197
1.00183
1.00166
1.00145
1.00121
1.00094
1.00062
1.00027
0.999898
0.999516
0.99913
0.998762
0.998423
0.998131
0.997897
0.997738
0.997653
0.997642
0.997695
0.997801
0.997932
0.998079
0.998206
0.998299
0.998332
0.998306
0.998222
0.997992
1.00151
1.00182
1.00195
1.00213
1.00227
1.00234
1.00239
1.00241
1.0024
1.00236
1.0023
1.0022
1.00209
1.00194
1.00176
1.00154
1.00128
1.00099
1.00066
1.00028
0.999877
0.999466
0.99906
0.998668
0.998309
0.997995
0.997748
0.997573
0.997482
0.997476
0.997543
0.997659
0.997812
0.997975
0.998124
0.998236
0.998266
0.998219
0.998142
0.997859
1.00155
1.00187
1.00207
1.00227
1.00238
1.0025
1.00254
1.00256
1.00254
1.0025
1.00243
1.00234
1.00222
1.00206
1.00188
1.00166
1.0014
1.00108
1.00072
1.00033
0.999912
0.999473
0.999025
0.998592
0.998191
0.997849
0.997574
0.997394
0.997308
0.997308
0.997386
0.997524
0.997704
0.997894
0.998073
0.998186
0.998236
0.998174
0.998035
0.997723
1.00155
1.00197
1.00215
1.00238
1.00255
1.00263
1.00269
1.00271
1.00268
1.00264
1.00256
1.00247
1.00234
1.00218
1.00198
1.00175
1.00147
1.00114
1.00077
1.00034
0.999867
0.999397
0.99893
0.998483
0.998071
0.997707
0.997422
0.99722
0.997117
0.997126
0.997225
0.997385
0.997584
0.997794
0.997994
0.99814
0.998192
0.998108
0.997989
0.997573
1.00155
1.00197
1.00224
1.00254
1.00267
1.00277
1.00283
1.00284
1.00282
1.00277
1.00269
1.0026
1.00246
1.00231
1.00212
1.00188
1.0016
1.00125
1.00083
1.0004
0.999935
0.999434
0.998919
0.998406
0.997931
0.997526
0.997205
0.996999
0.996917
0.996932
0.997045
0.997234
0.997465
0.997709
0.997947
0.998112
0.998183
0.998052
0.99786
0.99741
1.00149
1.0021
1.00237
1.00265
1.00283
1.00296
1.00302
1.00303
1.00299
1.00293
1.00284
1.00275
1.00261
1.00244
1.00223
1.00199
1.00168
1.00131
1.0009
1.0004
0.999867
0.999327
0.998785
0.998279
0.997805
0.997387
0.997053
0.996818
0.9967
0.996734
0.996878
0.997098
0.997353
0.997633
0.99789
0.998079
0.998182
0.998036
0.99785
0.997163
1.00146
1.00206
1.00242
1.0028
1.003
1.00308
1.00313
1.00314
1.00311
1.00305
1.00296
1.00285
1.00272
1.00257
1.00238
1.00213
1.00182
1.00143
1.00098
1.00048
0.999955
0.999389
0.998803
0.998201
0.99764
0.997162
0.99679
0.996554
0.996472
0.996511
0.996679
0.996918
0.997207
0.997524
0.997842
0.998082
0.998199
0.997976
0.99773
0.997009
1.00128
1.00219
1.00261
1.00301
1.00316
1.00328
1.00334
1.00334
1.0033
1.00323
1.00313
1.00302
1.00289
1.00271
1.00249
1.00223
1.00191
1.00151
1.00103
1.00047
0.99989
0.999268
0.998642
0.998058
0.997505
0.997016
0.996616
0.996339
0.996223
0.996277
0.996485
0.996777
0.997108
0.997471
0.997828
0.99808
0.99825
0.998022
0.997713
0.996613
1.0012
1.00213
1.00267
1.00312
1.00333
1.00345
1.00348
1.00348
1.00344
1.00336
1.00326
1.00313
1.00301
1.00286
1.00264
1.00238
1.00206
1.00163
1.00115
1.0006
0.999974
0.99933
0.998666
0.997965
0.997321
0.996767
0.99634
0.996076
0.995946
0.996041
0.996297
0.996598
0.996951
0.997355
0.99778
0.998094
0.998317
0.998026
0.997767
0.996433
1.00088
1.00231
1.00287
1.00335
1.00353
1.00366
1.00368
1.00367
1.00363
1.00352
1.00342
1.00328
1.00318
1.00299
1.00278
1.00251
1.00218
1.00174
1.00119
1.00056
0.999922
0.999212
0.998501
0.99782
0.99716
0.99658
0.996099
0.995768
0.995691
0.995756
0.996043
0.99641
0.996821
0.997292
0.997798
0.998182
0.998464
0.998105
0.997589
0.995889
1.00077
1.0024
1.0031
1.00359
1.00377
1.00384
1.00386
1.00385
1.00382
1.00372
1.00359
1.00343
1.00332
1.00313
1.00292
1.00263
1.0023
1.00187
1.00134
1.0007
1.00001
0.99928
0.998508
0.997704
0.996986
0.99635
0.995839
0.995543
0.995324
0.99549
0.995866
0.996252
0.996696
0.997217
0.997785
0.998193
0.998644
0.998341
0.997911
0.995671
1.0003
1.00238
1.00322
1.00391
1.00398
1.00406
1.00412
1.00407
1.00407
1.00393
1.00381
1.00363
1.00352
1.00333
1.00312
1.00283
1.00248
1.00199
1.00137
1.00065
0.999932
0.99914
0.99835
0.997538
0.996761
0.996082
0.995534
0.995171
0.99506
0.995165
0.995593
0.996016
0.996481
0.997086
0.99778
0.998394
0.998892
0.998585
0.99789
0.994834
0.999887
1.00301
1.00381
1.00426
1.00425
1.00429
1.00433
1.00429
1.00432
1.00418
1.00406
1.00386
1.00371
1.0035
1.00326
1.00296
1.00261
1.00215
1.00151
1.00081
1.00005
0.999224
0.998345
0.99747
0.99666
0.995928
0.995304
0.994911
0.994725
0.994831
0.995301
0.995783
0.996354
0.99706
0.997851
0.998466
0.999378
0.999288
0.998504
0.994624
0.998161
1.00254
1.00386
1.00461
1.00462
1.0045
1.00464
1.00453
1.00459
1.00453
1.00441
1.00422
1.00401
1.00375
1.00347
1.00315
1.00276
1.00226
1.00153
1.00076
0.999914
0.999058
0.998145
0.997228
0.996396
0.995638
0.995014
0.994592
0.994361
0.994494
0.995
0.9955
0.996095
0.99688
0.997769
0.998802
0.999884
1.00002
0.999116
0.992518
1.00119
1.00099
1.00652
1.00244
1.00411
1.00283
1.00403
1.00388
1.00404
1.004
1.00409
1.00391
1.00342
1.00278
1.00252
1.00264
1.00281
1.00248
1.00227
1.00211
1.00142
1.00053
0.999544
0.998394
0.997341
0.996294
0.995622
0.994813
0.994039
0.993516
0.993773
0.99431
0.994157
0.996009
0.993908
0.999081
0.992118
1.00529
0.987915
0.994329
0.997643
1.00446
1.00643
1.00249
1.00325
1.00251
1.00383
1.0036
1.00385
1.00377
1.00382
1.00373
1.00342
1.00302
1.0028
1.00274
1.00256
1.00226
1.00199
1.00162
1.001
1.00039
0.999617
0.99872
0.997751
0.996713
0.996285
0.995643
0.995062
0.994445
0.994518
0.995026
0.995156
0.996825
0.995729
0.99985
0.994906
1.00369
0.9941
0.986449
0.993885
1.007
1.00461
1.00327
1.00318
1.00351
1.00416
1.00438
1.00461
1.00466
1.00465
1.00454
1.00432
1.004
1.00362
1.00321
1.00283
1.00242
1.0019
1.00133
1.00076
1.0002
0.999523
0.998776
0.997953
0.997016
0.996754
0.996326
0.995831
0.995269
0.995141
0.995455
0.995836
0.996719
0.997363
0.998901
0.999961
0.998989
1.00781
0.971585
0.995395
1.00757
1.00332
1.00428
1.00311
1.00381
1.00393
1.00422
1.00434
1.00439
1.00438
1.00427
1.00406
1.00373
1.00337
1.00293
1.00243
1.00211
1.00166
1.00112
1.00058
1.00005
0.999483
0.99886
0.998218
0.997488
0.997259
0.996916
0.996525
0.996091
0.995915
0.99596
0.996358
0.996424
0.997846
0.996778
1.00081
0.994045
1.00886
0.971754
0.998926
1.00629
1.00294
1.00413
1.00293
1.00351
1.00321
1.00351
1.00338
1.0034
1.00332
1.00323
1.00307
1.0028
1.00251
1.00219
1.00193
1.00175
1.00141
1.00095
1.00048
1.00002
0.999535
0.999015
0.9985
0.997933
0.99764
0.997271
0.996945
0.996651
0.996506
0.996413
0.996795
0.996398
0.997882
0.99591
0.999986
0.993395
1.00444
0.982676
1.00013
1.00461
1.00253
1.00377
1.00273
1.00337
1.00299
1.00324
1.00309
1.00307
1.00298
1.00287
1.00272
1.00248
1.0022
1.00197
1.00175
1.00155
1.00122
1.00081
1.0004
0.999983
0.999548
0.999096
0.998658
0.998198
0.997884
0.997534
0.997253
0.997027
0.996898
0.996767
0.99709
0.996535
0.997837
0.995884
0.998998
0.993918
1.00066
0.989155
1.00112
1.00362
1.00233
1.00345
1.00262
1.00317
1.00288
1.00306
1.00297
1.00293
1.00284
1.00272
1.00256
1.00234
1.00208
1.00184
1.0016
1.00136
1.00104
1.00069
1.00032
0.999935
0.999545
0.99915
0.998767
0.998385
0.998088
0.997785
0.997539
0.997338
0.997203
0.997064
0.99727
0.996746
0.997746
0.996108
0.998442
0.994656
0.998763
0.992394
1.00176
1.00306
1.00229
1.0031
1.00252
1.0029
1.00268
1.00278
1.00271
1.00266
1.00257
1.00244
1.00229
1.0021
1.00188
1.00165
1.00142
1.00119
1.0009
1.00058
1.00025
0.999911
0.999566
0.999218
0.998882
0.998555
0.998279
0.998012
0.997788
0.997601
0.997458
0.997323
0.997401
0.996986
0.99764
0.996405
0.997945
0.99541
0.997696
0.994393
1.00198
1.00269
1.00226
1.00278
1.00241
1.00265
1.00251
1.00254
1.00248
1.00241
1.00232
1.0022
1.00206
1.00189
1.00169
1.00149
1.00127
1.00104
1.00078
1.0005
1.00021
0.999901
0.999594
0.999287
0.99899
0.998703
0.998447
0.998208
0.997998
0.997819
0.997672
0.997544
0.997524
0.997232
0.997582
0.996746
0.997652
0.996083
0.997308
0.995595
1.00201
1.00244
1.0022
1.00251
1.0023
1.00243
1.00235
1.00234
1.00228
1.00221
1.00212
1.00201
1.00187
1.00171
1.00154
1.00135
1.00114
1.00092
1.00068
1.00043
1.00016
0.999897
0.999622
0.999347
0.999081
0.998825
0.998592
0.998372
0.998179
0.998006
0.997861
0.997734
0.997655
0.997461
0.997593
0.997072
0.997545
0.996618
0.997252
0.996307
1.00198
1.00226
1.00213
1.00229
1.00219
1.00224
1.00219
1.00216
1.0021
1.00203
1.00194
1.00183
1.00171
1.00156
1.0014
1.00122
1.00103
1.00082
1.0006
1.00037
1.00013
0.999893
0.999645
0.9994
0.999161
0.998929
0.998715
0.998514
0.998334
0.99817
0.99803
0.997902
0.9978
0.99766
0.99766
0.997356
0.997552
0.99703
0.997322
0.996773
1.0019
1.0021
1.00205
1.00212
1.00206
1.00207
1.00203
1.00199
1.00194
1.00187
1.00178
1.00168
1.00156
1.00142
1.00127
1.0011
1.00093
1.00074
1.00054
1.00033
1.00011
0.99989
0.999667
0.999446
0.999229
0.999021
0.998825
0.99864
0.998471
0.998318
0.998181
0.998055
0.997948
0.997832
0.997771
0.99759
0.997633
0.99735
0.997464
0.99713
1.00181
1.00197
1.00194
1.00197
1.00194
1.00192
1.00189
1.00185
1.00179
1.00172
1.00163
1.00154
1.00142
1.00129
1.00115
1.001
1.00084
1.00066
1.00048
1.00029
1.00009
0.999891
0.999688
0.999488
0.99929
0.999101
0.99892
0.998752
0.998594
0.998451
0.998317
0.998198
0.998091
0.997987
0.997906
0.997787
0.997757
0.997603
0.997624
0.997405
1.0017
1.00185
1.00183
1.00183
1.00181
1.00179
1.00175
1.00171
1.00165
1.00158
1.0015
1.00141
1.0013
1.00118
1.00105
1.00091
1.00076
1.0006
1.00043
1.00025
1.00007
0.999891
0.999707
0.999524
0.999345
0.999172
0.999007
0.998851
0.998704
0.998568
0.998443
0.998331
0.998227
0.998131
0.998046
0.997957
0.997903
0.997811
0.997794
0.997618
1.00159
1.00173
1.00172
1.00171
1.00169
1.00167
1.00163
1.00159
1.00153
1.00146
1.00138
1.00129
1.00119
1.00108
1.00096
1.00083
1.00069
1.00054
1.00038
1.00022
1.00006
0.999893
0.999725
0.999558
0.999395
0.999236
0.999084
0.998939
0.998804
0.998677
0.99856
0.998453
0.998356
0.998266
0.998185
0.998109
0.998052
0.99799
0.997963
0.997803
1.00149
1.00163
1.00162
1.0016
1.00158
1.00155
1.00152
1.00147
1.00141
1.00135
1.00128
1.00119
1.0011
1.00099
1.00088
1.00075
1.00063
1.00049
1.00035
1.0002
1.00005
0.999895
0.999742
0.999589
0.999438
0.999293
0.999153
0.999019
0.998894
0.998777
0.998667
0.998567
0.998475
0.998391
0.998316
0.99825
0.998196
0.998149
0.998121
0.99797
1.00139
1.00153
1.00152
1.0015
1.00148
1.00145
1.00141
1.00136
1.00131
1.00125
1.00118
1.0011
1.00101
1.00091
1.0008
1.00069
1.00057
1.00044
1.00031
1.00018
1.00004
0.999897
0.999756
0.999616
0.999479
0.999345
0.999216
0.999093
0.998976
0.998868
0.998766
0.998672
0.998586
0.998508
0.998439
0.99838
0.99833
0.99829
0.998264
0.998121
1.00129
1.00143
1.00142
1.0014
1.00138
1.00135
1.00131
1.00127
1.00122
1.00116
1.00109
1.00101
1.00093
1.00084
1.00074
1.00063
1.00052
1.0004
1.00028
1.00016
1.00003
0.9999
0.999771
0.999642
0.999516
0.999393
0.999274
0.99916
0.999052
0.99895
0.998857
0.998769
0.998689
0.998617
0.998554
0.9985
0.998454
0.998419
0.998396
0.998251
1.0012
1.00134
1.00133
1.00131
1.00129
1.00126
1.00122
1.00118
1.00113
1.00107
1.00101
1.00094
1.00086
1.00077
1.00068
1.00058
1.00048
1.00037
1.00025
1.00014
1.00002
0.999903
0.999784
0.999666
0.999549
0.999436
0.999326
0.999221
0.999121
0.999027
0.998939
0.998858
0.998784
0.998718
0.99866
0.998611
0.99857
0.998539
0.99852
0.998364
1.00112
1.00125
1.00124
1.00122
1.0012
1.00117
1.00114
1.0011
1.00105
1.00099
1.00093
1.00086
1.00079
1.00071
1.00062
1.00053
1.00044
1.00033
1.00023
1.00012
1.00002
0.999907
0.999797
0.999688
0.99958
0.999476
0.999374
0.999277
0.999185
0.999096
0.999016
0.99894
0.998872
0.998812
0.998758
0.998712
0.998675
0.998648
0.998629
0.998492
1.00104
1.00117
1.00116
1.00114
1.00112
1.0011
1.00106
1.00102
1.00098
1.00092
1.00087
1.0008
1.00073
1.00066
1.00057
1.00049
1.0004
1.00031
1.00021
1.00011
1.00001
0.99991
0.999809
0.999708
0.999609
0.999512
0.999418
0.999328
0.999242
0.999161
0.999086
0.999016
0.998953
0.998897
0.998848
0.998805
0.998771
0.998744
0.998726
0.998604
1.00096
1.0011
1.00109
1.00107
1.00105
1.00102
1.00099
1.00095
1.00091
1.00086
1.0008
1.00074
1.00068
1.00061
1.00053
1.00045
1.00037
1.00028
1.00019
1.0001
1.00001
0.999914
0.99982
0.999727
0.999635
0.999545
0.999458
0.999374
0.999295
0.99922
0.999151
0.999086
0.999028
0.998975
0.99893
0.99889
0.998859
0.998834
0.998817
0.998684
1.00089
1.00103
1.00102
1.001
1.00098
1.00096
1.00092
1.00089
1.00085
1.0008
1.00075
1.00069
1.00063
1.00056
1.00049
1.00042
1.00034
1.00026
1.00017
1.00009
1
0.999916
0.999829
0.999743
0.999658
0.999575
0.999495
0.999418
0.999344
0.999275
0.99921
0.99915
0.999096
0.999048
0.999005
0.99897
0.998941
0.998921
0.998906
0.998771
1.00083
1.00096
1.00095
1.00094
1.00092
1.00089
1.00086
1.00083
1.00079
1.00074
1.0007
1.00064
1.00058
1.00052
1.00045
1.00039
1.00031
1.00024
1.00016
1.00008
1
0.999919
0.999839
0.999759
0.99968
0.999603
0.999529
0.999457
0.999389
0.999325
0.999264
0.999209
0.999159
0.999114
0.999074
0.999042
0.999015
0.998998
0.998987
0.998865
1.00077
1.0009
1.00089
1.00088
1.00086
1.00084
1.00081
1.00077
1.00074
1.0007
1.00065
1.0006
1.00054
1.00048
1.00042
1.00036
1.00029
1.00022
1.00015
1.00007
0.999998
0.999923
0.999848
0.999774
0.9997
0.999629
0.99956
0.999493
0.99943
0.99937
0.999314
0.999263
0.999216
0.999174
0.999137
0.999106
0.99908
0.999061
0.999048
0.998956
1.00071
1.00085
1.00084
1.00082
1.00081
1.00078
1.00076
1.00073
1.00069
1.00065
1.00061
1.00056
1.00051
1.00045
1.00039
1.00033
1.00027
1.0002
1.00013
1.00007
0.999996
0.999926
0.999856
0.999787
0.999719
0.999653
0.999588
0.999526
0.999467
0.999412
0.99936
0.999312
0.999268
0.999229
0.999195
0.999165
0.99914
0.999118
0.999104
0.999035
1.00066
1.0008
1.00079
1.00077
1.00076
1.00074
1.00071
1.00068
1.00065
1.00061
1.00057
1.00052
1.00047
1.00042
1.00037
1.00031
1.00025
1.00019
1.00012
1.00006
0.999994
0.999929
0.999864
0.999799
0.999736
0.999674
0.999614
0.999557
0.999502
0.99945
0.999402
0.999357
0.999316
0.99928
0.999248
0.99922
0.999196
0.999175
0.999162
0.999087
1.00061
1.00075
1.00074
1.00073
1.00071
1.00069
1.00067
1.00064
1.00061
1.00057
1.00053
1.00049
1.00044
1.00039
1.00034
1.00029
1.00023
1.00017
1.00011
1.00005
0.999993
0.999932
0.999871
0.999811
0.999752
0.999694
0.999638
0.999584
0.999533
0.999485
0.99944
0.999398
0.99936
0.999327
0.999297
0.999271
0.999251
0.999233
0.999222
0.999125
1.00057
1.00071
1.0007
1.00069
1.00067
1.00065
1.00063
1.0006
1.00057
1.00054
1.0005
1.00046
1.00041
1.00037
1.00032
1.00027
1.00022
1.00016
1.00011
1.00005
0.999992
0.999935
0.999877
0.999821
0.999766
0.999711
0.999659
0.999609
0.999561
0.999516
0.999474
0.999435
0.9994
0.999369
0.999342
0.999319
0.9993
0.999287
0.999278
0.999161
1.00053
1.00067
1.00066
1.00065
1.00063
1.00062
1.00059
1.00057
1.00054
1.00051
1.00047
1.00043
1.00039
1.00035
1.0003
1.00025
1.0002
1.00015
1.0001
1.00004
0.999991
0.999937
0.999883
0.99983
0.999778
0.999728
0.999678
0.999631
0.999587
0.999544
0.999505
0.999469
0.999437
0.999408
0.999382
0.999361
0.999345
0.999333
0.999325
0.999195
1.0005
1.00063
1.00063
1.00062
1.0006
1.00058
1.00056
1.00054
1.00051
1.00048
1.00044
1.00041
1.00037
1.00033
1.00028
1.00024
1.00019
1.00014
1.00009
1.00004
0.99999
0.999939
0.999889
0.999839
0.99979
0.999742
0.999696
0.999652
0.99961
0.99957
0.999533
0.9995
0.999469
0.999442
0.999419
0.9994
0.999385
0.999374
0.999367
0.999228
1.00046
1.0006
1.0006
1.00059
1.00057
1.00055
1.00053
1.00051
1.00048
1.00045
1.00042
1.00038
1.00035
1.00031
1.00027
1.00022
1.00018
1.00013
1.00009
1.00004
0.999989
0.999941
0.999894
0.999847
0.9998
0.999755
0.999712
0.99967
0.999631
0.999594
0.999559
0.999528
0.999499
0.999474
0.999452
0.999434
0.99942
0.999409
0.999402
0.99926
1.00044
1.00058
1.00057
1.00056
1.00054
1.00053
1.00051
1.00048
1.00046
1.00043
1.0004
1.00036
1.00033
1.00029
1.00025
1.00021
1.00017
1.00012
1.00008
1.00003
0.999988
0.999943
0.999897
0.999853
0.999809
0.999766
0.999725
0.999685
0.999648
0.999613
0.999581
0.999551
0.999524
0.999501
0.999482
0.999466
0.999452
0.999443
0.999436
0.999292
1.00041
1.00055
1.00054
1.00054
1.00052
1.00051
1.00049
1.00046
1.00044
1.00041
1.00038
1.00035
1.00031
1.00028
1.00024
1.0002
1.00016
1.00012
1.00008
1.00003
0.99999
0.999946
0.999903
0.999861
0.999819
0.999779
0.99974
0.999702
0.999667
0.999634
0.999603
0.999575
0.99955
0.999528
0.999507
0.999491
0.999478
0.999469
0.999463
0.999318
1.00039
1.00053
1.00052
1.00051
1.0005
1.00048
1.00046
1.00044
1.00042
1.00039
1.00036
1.00033
1.0003
1.00026
1.00023
1.00019
1.00015
1.00011
1.00007
1.00003
0.999985
0.999943
0.999902
0.999862
0.999822
0.999783
0.999745
0.99971
0.999676
0.999644
0.999615
0.999588
0.999565
0.999545
0.99953
0.999517
0.999505
0.999496
0.999491
0.999346
1.00037
1.00051
1.00051
1.0005
1.00048
1.00047
1.00045
1.00043
1.00041
1.00038
1.00035
1.00032
1.00029
1.00026
1.00022
1.00019
1.00015
1.00011
1.00007
1.00003
0.999992
0.999952
0.999912
0.999873
0.999835
0.999798
0.999763
0.999729
0.999696
0.999666
0.999638
0.999613
0.99959
0.999569
0.99955
0.999535
0.999524
0.999516
0.999511
0.999365
1.00036
1.00049
1.00048
1.00047
1.00046
1.00044
1.00042
1.0004
1.00038
1.00035
1.00033
1.0003
1.00027
1.00024
1.0002
1.00017
1.00013
1.00009
1.00005
1.00002
0.999977
0.999939
0.999901
0.999863
0.999826
0.999791
0.999756
0.999723
0.999692
0.999663
0.999636
0.999612
0.999592
0.999575
0.999559
0.999546
0.999536
0.999528
0.999523
0.999378
1.00035
1.00049
1.00048
1.00046
1.00045
1.00044
1.00042
1.0004
1.00038
1.00035
1.00033
1.0003
1.00027
1.00024
1.00021
1.00018
1.00014
1.0001
1.00007
1.00003
0.999993
0.999956
0.999919
0.999882
0.999846
0.99981
0.999776
0.999743
0.999712
0.999683
0.999657
0.999632
0.999611
0.999595
0.999584
0.999574
0.999565
0.999558
0.999552
0.999408
1.00036
1.00049
1.00047
1.00045
1.00043
1.00042
1.0004
1.00038
1.00036
1.00033
1.00031
1.00028
1.00025
1.00022
1.00018
1.00015
1.00012
1.00008
1.00005
1.00001
0.999973
0.999937
0.999901
0.999866
0.999831
0.999798
0.999766
0.999736
0.999707
0.99968
0.999656
0.999636
0.999615
0.999604
0.9996
0.999594
0.999584
0.999575
0.999571
0.999427
1.00036
1.00048
1.00046
1.00045
1.00043
1.00041
1.0004
1.00038
1.00036
1.00033
1.00031
1.00028
1.00025
1.00022
1.00019
1.00016
1.00012
1.00009
1.00005
1.00002
0.999983
0.999947
0.999912
0.999877
0.999843
0.99981
0.999778
0.999747
0.999718
0.999691
0.999666
0.999644
0.999623
0.999612
0.999606
0.999601
0.999597
0.999588
0.999581
0.999436
)
;

boundaryField
{
    FrontBack
    {
        type            empty;
    }
    Cylinder
    {
        type            calculated;
        value           uniform 0;
    }
    Bottom
    {
        type            calculated;
        value           uniform 0;
    }
    Top
    {
        type            calculated;
        value           uniform 0;
    }
    Inlet
    {
        type            calculated;
        value           uniform 1;
    }
    Outlet
    {
        type            calculated;
        value           nonuniform List<scalar> 
40
(
1.00036
1.00048
1.00046
1.00045
1.00043
1.00041
1.0004
1.00038
1.00036
1.00033
1.00031
1.00028
1.00025
1.00022
1.00019
1.00016
1.00012
1.00009
1.00005
1.00002
0.999983
0.999947
0.999912
0.999877
0.999843
0.99981
0.999778
0.999747
0.999718
0.999691
0.999666
0.999644
0.999623
0.999612
0.999606
0.999601
0.999597
0.999588
0.999581
0.999436
)
;
    }
}


// ************************************************************************* //
