/*--------------------------------*- C++ -*----------------------------------*\
  =========                 |
  \\      /  F ield         | OpenFOAM: The Open Source CFD Toolbox
   \\    /   O peration     | Website:  https://openfoam.org
    \\  /    A nd           | Version:  11
     \\/     M anipulation  |
\*---------------------------------------------------------------------------*/
FoamFile
{
    format      ascii;
    class       volScalarField;
    location    "0";
    object      Ccy;
}
// * * * * * * * * * * * * * * * * * * * * * * * * * * * * * * * * * * * * * //

dimensions      [0 1 0 0 0 0 0];

internalField   nonuniform List<scalar> 
9600
(
-7.4747821
-7.4747821
-7.4747821
-7.4747821
-7.4747821
-7.4747821
-7.4747821
-7.4747821
-7.4747821
-7.4747821
-7.4747821
-7.4747821
-7.4747821
-7.4747821
-7.4747821
-7.4747821
-7.4747821
-7.4747821
-7.4747821
-7.4747821
-7.4747821
-7.4747821
-7.4747821
-7.4747821
-7.4747821
-7.4747821
-7.4747821
-7.4747821
-7.4747821
-7.4747821
-7.4747821
-7.4747821
-7.4747821
-7.4747821
-7.4747821
-7.4747821
-7.4747821
-7.4747821
-7.4747821
-7.4747821
-7.4241564
-7.4241564
-7.4241564
-7.4241564
-7.4241564
-7.4241564
-7.4241564
-7.4241564
-7.4241564
-7.4241564
-7.4241564
-7.4241564
-7.4241564
-7.4241564
-7.4241564
-7.4241564
-7.4241564
-7.4241564
-7.4241564
-7.4241564
-7.4241564
-7.4241564
-7.4241564
-7.4241564
-7.4241564
-7.4241564
-7.4241564
-7.4241564
-7.4241564
-7.4241564
-7.4241564
-7.4241564
-7.4241564
-7.4241564
-7.4241564
-7.4241564
-7.4241564
-7.4241564
-7.4241564
-7.4241564
-7.3735308
-7.3735308
-7.3735308
-7.3735308
-7.3735308
-7.3735308
-7.3735308
-7.3735308
-7.3735308
-7.3735308
-7.3735308
-7.3735308
-7.3735308
-7.3735308
-7.3735308
-7.3735308
-7.3735308
-7.3735308
-7.3735308
-7.3735308
-7.3735308
-7.3735308
-7.3735308
-7.3735308
-7.3735308
-7.3735308
-7.3735308
-7.3735308
-7.3735308
-7.3735308
-7.3735308
-7.3735308
-7.3735308
-7.3735308
-7.3735308
-7.3735308
-7.3735308
-7.3735308
-7.3735308
-7.3735308
-7.3229054
-7.3229054
-7.3229054
-7.3229054
-7.3229054
-7.3229054
-7.3229054
-7.3229054
-7.3229054
-7.3229054
-7.3229054
-7.3229054
-7.3229054
-7.3229054
-7.3229054
-7.3229054
-7.3229054
-7.3229054
-7.3229054
-7.3229054
-7.3229054
-7.3229054
-7.3229054
-7.3229054
-7.3229054
-7.3229054
-7.3229054
-7.3229054
-7.3229054
-7.3229054
-7.3229054
-7.3229054
-7.3229054
-7.3229054
-7.3229054
-7.3229054
-7.3229054
-7.3229054
-7.3229054
-7.3229054
-7.2722801
-7.2722801
-7.2722801
-7.2722801
-7.2722801
-7.2722801
-7.2722801
-7.2722801
-7.2722801
-7.2722801
-7.2722801
-7.2722801
-7.2722801
-7.2722801
-7.2722801
-7.2722801
-7.2722801
-7.2722801
-7.2722801
-7.2722801
-7.2722801
-7.2722801
-7.2722801
-7.2722801
-7.2722801
-7.2722801
-7.2722801
-7.2722801
-7.2722801
-7.2722801
-7.2722801
-7.2722801
-7.2722801
-7.2722801
-7.2722801
-7.2722801
-7.2722801
-7.2722801
-7.2722801
-7.2722801
-7.221655
-7.221655
-7.221655
-7.221655
-7.221655
-7.221655
-7.221655
-7.221655
-7.221655
-7.221655
-7.221655
-7.221655
-7.221655
-7.221655
-7.221655
-7.221655
-7.221655
-7.221655
-7.221655
-7.221655
-7.221655
-7.221655
-7.221655
-7.221655
-7.221655
-7.221655
-7.221655
-7.221655
-7.221655
-7.221655
-7.221655
-7.221655
-7.221655
-7.221655
-7.221655
-7.221655
-7.221655
-7.221655
-7.221655
-7.221655
-7.1710299
-7.1710299
-7.1710299
-7.1710299
-7.1710299
-7.1710299
-7.1710299
-7.1710299
-7.1710299
-7.1710299
-7.1710299
-7.1710299
-7.1710299
-7.1710299
-7.1710299
-7.1710299
-7.1710299
-7.1710299
-7.1710299
-7.1710299
-7.1710299
-7.1710299
-7.1710299
-7.1710299
-7.1710299
-7.1710299
-7.1710299
-7.1710299
-7.1710299
-7.1710299
-7.1710299
-7.1710299
-7.1710299
-7.1710299
-7.1710299
-7.1710299
-7.1710299
-7.1710299
-7.1710299
-7.1710299
-7.120405
-7.120405
-7.120405
-7.120405
-7.120405
-7.120405
-7.120405
-7.120405
-7.120405
-7.120405
-7.120405
-7.120405
-7.120405
-7.120405
-7.120405
-7.120405
-7.120405
-7.120405
-7.120405
-7.120405
-7.120405
-7.120405
-7.120405
-7.120405
-7.120405
-7.120405
-7.120405
-7.120405
-7.120405
-7.120405
-7.120405
-7.120405
-7.120405
-7.120405
-7.120405
-7.120405
-7.120405
-7.120405
-7.120405
-7.120405
-7.0697803
-7.0697803
-7.0697803
-7.0697803
-7.0697803
-7.0697803
-7.0697803
-7.0697803
-7.0697803
-7.0697803
-7.0697803
-7.0697803
-7.0697803
-7.0697803
-7.0697803
-7.0697803
-7.0697803
-7.0697803
-7.0697803
-7.0697803
-7.0697803
-7.0697803
-7.0697803
-7.0697803
-7.0697803
-7.0697803
-7.0697803
-7.0697803
-7.0697803
-7.0697803
-7.0697803
-7.0697803
-7.0697803
-7.0697803
-7.0697803
-7.0697803
-7.0697803
-7.0697803
-7.0697803
-7.0697803
-7.0191558
-7.0191558
-7.0191558
-7.0191558
-7.0191558
-7.0191558
-7.0191558
-7.0191558
-7.0191558
-7.0191558
-7.0191558
-7.0191558
-7.0191558
-7.0191558
-7.0191558
-7.0191558
-7.0191558
-7.0191558
-7.0191558
-7.0191558
-7.0191558
-7.0191558
-7.0191558
-7.0191558
-7.0191558
-7.0191558
-7.0191558
-7.0191558
-7.0191558
-7.0191558
-7.0191558
-7.0191558
-7.0191558
-7.0191558
-7.0191558
-7.0191558
-7.0191558
-7.0191558
-7.0191558
-7.0191558
-6.9685314
-6.9685314
-6.9685314
-6.9685314
-6.9685314
-6.9685314
-6.9685314
-6.9685314
-6.9685314
-6.9685314
-6.9685314
-6.9685314
-6.9685314
-6.9685314
-6.9685314
-6.9685314
-6.9685314
-6.9685314
-6.9685314
-6.9685314
-6.9685314
-6.9685314
-6.9685314
-6.9685314
-6.9685314
-6.9685314
-6.9685314
-6.9685314
-6.9685314
-6.9685314
-6.9685314
-6.9685314
-6.9685314
-6.9685314
-6.9685314
-6.9685314
-6.9685314
-6.9685314
-6.9685314
-6.9685314
-6.9179073
-6.9179073
-6.9179073
-6.9179073
-6.9179073
-6.9179073
-6.9179073
-6.9179073
-6.9179073
-6.9179073
-6.9179073
-6.9179073
-6.9179073
-6.9179073
-6.9179073
-6.9179073
-6.9179073
-6.9179073
-6.9179073
-6.9179073
-6.9179073
-6.9179073
-6.9179073
-6.9179073
-6.9179073
-6.9179073
-6.9179073
-6.9179073
-6.9179073
-6.9179073
-6.9179073
-6.9179073
-6.9179073
-6.9179073
-6.9179073
-6.9179073
-6.9179073
-6.9179073
-6.9179073
-6.9179073
-6.8672835
-6.8672835
-6.8672835
-6.8672835
-6.8672835
-6.8672835
-6.8672835
-6.8672835
-6.8672835
-6.8672835
-6.8672835
-6.8672835
-6.8672835
-6.8672835
-6.8672835
-6.8672835
-6.8672835
-6.8672835
-6.8672835
-6.8672835
-6.8672835
-6.8672835
-6.8672835
-6.8672835
-6.8672835
-6.8672835
-6.8672835
-6.8672835
-6.8672835
-6.8672835
-6.8672835
-6.8672835
-6.8672835
-6.8672835
-6.8672835
-6.8672835
-6.8672835
-6.8672835
-6.8672835
-6.8672835
-6.8166599
-6.8166599
-6.8166599
-6.8166599
-6.8166599
-6.8166599
-6.8166599
-6.8166599
-6.8166599
-6.8166599
-6.8166599
-6.8166599
-6.8166599
-6.8166599
-6.8166599
-6.8166599
-6.8166599
-6.8166599
-6.8166599
-6.8166599
-6.8166599
-6.8166599
-6.8166599
-6.8166599
-6.8166599
-6.8166599
-6.8166599
-6.8166599
-6.8166599
-6.8166599
-6.8166599
-6.8166599
-6.8166599
-6.8166599
-6.8166599
-6.8166599
-6.8166599
-6.8166599
-6.8166599
-6.8166599
-6.7660365
-6.7660365
-6.7660365
-6.7660365
-6.7660365
-6.7660365
-6.7660365
-6.7660365
-6.7660365
-6.7660365
-6.7660365
-6.7660365
-6.7660365
-6.7660365
-6.7660365
-6.7660365
-6.7660365
-6.7660365
-6.7660365
-6.7660365
-6.7660365
-6.7660365
-6.7660365
-6.7660365
-6.7660365
-6.7660365
-6.7660365
-6.7660365
-6.7660365
-6.7660365
-6.7660365
-6.7660365
-6.7660365
-6.7660365
-6.7660365
-6.7660365
-6.7660365
-6.7660365
-6.7660365
-6.7660365
-6.7154135
-6.7154135
-6.7154135
-6.7154135
-6.7154135
-6.7154135
-6.7154135
-6.7154135
-6.7154135
-6.7154135
-6.7154135
-6.7154135
-6.7154135
-6.7154135
-6.7154135
-6.7154135
-6.7154135
-6.7154135
-6.7154135
-6.7154135
-6.7154135
-6.7154135
-6.7154135
-6.7154135
-6.7154135
-6.7154135
-6.7154135
-6.7154135
-6.7154135
-6.7154135
-6.7154135
-6.7154135
-6.7154135
-6.7154135
-6.7154135
-6.7154135
-6.7154135
-6.7154135
-6.7154135
-6.7154135
-6.6647908
-6.6647908
-6.6647908
-6.6647908
-6.6647908
-6.6647908
-6.6647908
-6.6647908
-6.6647908
-6.6647908
-6.6647908
-6.6647908
-6.6647908
-6.6647908
-6.6647908
-6.6647908
-6.6647908
-6.6647908
-6.6647908
-6.6647908
-6.6647908
-6.6647908
-6.6647908
-6.6647908
-6.6647908
-6.6647908
-6.6647908
-6.6647908
-6.6647908
-6.6647908
-6.6647908
-6.6647908
-6.6647908
-6.6647908
-6.6647908
-6.6647908
-6.6647908
-6.6647908
-6.6647908
-6.6647908
-6.6141685
-6.6141685
-6.6141685
-6.6141685
-6.6141685
-6.6141685
-6.6141685
-6.6141685
-6.6141685
-6.6141685
-6.6141685
-6.6141685
-6.6141685
-6.6141685
-6.6141685
-6.6141685
-6.6141685
-6.6141685
-6.6141685
-6.6141685
-6.6141685
-6.6141685
-6.6141685
-6.6141685
-6.6141685
-6.6141685
-6.6141685
-6.6141685
-6.6141685
-6.6141685
-6.6141685
-6.6141685
-6.6141685
-6.6141685
-6.6141685
-6.6141685
-6.6141685
-6.6141685
-6.6141685
-6.6141685
-6.5635467
-6.5635467
-6.5635467
-6.5635467
-6.5635467
-6.5635467
-6.5635467
-6.5635467
-6.5635467
-6.5635467
-6.5635467
-6.5635467
-6.5635467
-6.5635467
-6.5635467
-6.5635467
-6.5635467
-6.5635467
-6.5635467
-6.5635467
-6.5635467
-6.5635467
-6.5635467
-6.5635467
-6.5635467
-6.5635467
-6.5635467
-6.5635467
-6.5635467
-6.5635467
-6.5635467
-6.5635467
-6.5635467
-6.5635467
-6.5635467
-6.5635467
-6.5635467
-6.5635467
-6.5635467
-6.5635467
-6.5129253
-6.5129253
-6.5129253
-6.5129253
-6.5129253
-6.5129253
-6.5129253
-6.5129253
-6.5129253
-6.5129253
-6.5129253
-6.5129253
-6.5129253
-6.5129253
-6.5129253
-6.5129253
-6.5129253
-6.5129253
-6.5129253
-6.5129253
-6.5129253
-6.5129253
-6.5129253
-6.5129253
-6.5129253
-6.5129253
-6.5129253
-6.5129253
-6.5129253
-6.5129253
-6.5129253
-6.5129253
-6.5129253
-6.5129253
-6.5129253
-6.5129253
-6.5129253
-6.5129253
-6.5129253
-6.5129253
-6.4623044
-6.4623044
-6.4623044
-6.4623044
-6.4623044
-6.4623044
-6.4623044
-6.4623044
-6.4623044
-6.4623044
-6.4623044
-6.4623044
-6.4623044
-6.4623044
-6.4623044
-6.4623044
-6.4623044
-6.4623044
-6.4623044
-6.4623044
-6.4623044
-6.4623044
-6.4623044
-6.4623044
-6.4623044
-6.4623044
-6.4623044
-6.4623044
-6.4623044
-6.4623044
-6.4623044
-6.4623044
-6.4623044
-6.4623044
-6.4623044
-6.4623044
-6.4623044
-6.4623044
-6.4623044
-6.4623044
-6.4116843
-6.4116843
-6.4116843
-6.4116843
-6.4116843
-6.4116843
-6.4116843
-6.4116843
-6.4116843
-6.4116843
-6.4116843
-6.4116843
-6.4116843
-6.4116843
-6.4116843
-6.4116843
-6.4116843
-6.4116843
-6.4116843
-6.4116843
-6.4116843
-6.4116843
-6.4116843
-6.4116843
-6.4116843
-6.4116843
-6.4116843
-6.4116843
-6.4116843
-6.4116843
-6.4116843
-6.4116843
-6.4116843
-6.4116843
-6.4116843
-6.4116843
-6.4116843
-6.4116843
-6.4116843
-6.4116843
-6.3610648
-6.3610648
-6.3610648
-6.3610648
-6.3610648
-6.3610648
-6.3610648
-6.3610648
-6.3610648
-6.3610648
-6.3610648
-6.3610648
-6.3610648
-6.3610648
-6.3610648
-6.3610648
-6.3610648
-6.3610648
-6.3610648
-6.3610648
-6.3610648
-6.3610648
-6.3610648
-6.3610648
-6.3610648
-6.3610648
-6.3610648
-6.3610648
-6.3610648
-6.3610648
-6.3610648
-6.3610648
-6.3610648
-6.3610648
-6.3610648
-6.3610648
-6.3610648
-6.3610648
-6.3610648
-6.3610648
-6.3104461
-6.3104461
-6.3104461
-6.3104461
-6.3104461
-6.3104461
-6.3104461
-6.3104461
-6.3104461
-6.3104461
-6.3104461
-6.3104461
-6.3104461
-6.3104461
-6.3104461
-6.3104461
-6.3104461
-6.3104461
-6.3104461
-6.3104461
-6.3104461
-6.3104461
-6.3104461
-6.3104461
-6.3104461
-6.3104461
-6.3104461
-6.3104461
-6.3104461
-6.3104461
-6.3104461
-6.3104461
-6.3104461
-6.3104461
-6.3104461
-6.3104461
-6.3104461
-6.3104461
-6.3104461
-6.3104461
-6.2598283
-6.2598283
-6.2598283
-6.2598283
-6.2598283
-6.2598283
-6.2598283
-6.2598283
-6.2598283
-6.2598283
-6.2598283
-6.2598283
-6.2598283
-6.2598283
-6.2598283
-6.2598283
-6.2598283
-6.2598283
-6.2598283
-6.2598283
-6.2598283
-6.2598283
-6.2598283
-6.2598283
-6.2598283
-6.2598283
-6.2598283
-6.2598283
-6.2598283
-6.2598283
-6.2598283
-6.2598283
-6.2598283
-6.2598283
-6.2598283
-6.2598283
-6.2598283
-6.2598283
-6.2598283
-6.2598283
-6.2092116
-6.2092116
-6.2092116
-6.2092116
-6.2092116
-6.2092116
-6.2092116
-6.2092116
-6.2092116
-6.2092116
-6.2092116
-6.2092116
-6.2092116
-6.2092116
-6.2092116
-6.2092116
-6.2092116
-6.2092116
-6.2092116
-6.2092116
-6.2092116
-6.2092116
-6.2092116
-6.2092116
-6.2092116
-6.2092116
-6.2092116
-6.2092116
-6.2092116
-6.2092116
-6.2092116
-6.2092116
-6.2092116
-6.2092116
-6.2092116
-6.2092116
-6.2092116
-6.2092116
-6.2092116
-6.2092116
-6.1585961
-6.1585961
-6.1585961
-6.1585961
-6.1585961
-6.1585961
-6.1585961
-6.1585961
-6.1585961
-6.1585961
-6.1585961
-6.1585961
-6.1585961
-6.1585961
-6.1585961
-6.1585961
-6.1585961
-6.1585961
-6.1585961
-6.1585961
-6.1585961
-6.1585961
-6.1585961
-6.1585961
-6.1585961
-6.1585961
-6.1585961
-6.1585961
-6.1585961
-6.1585961
-6.1585961
-6.1585961
-6.1585961
-6.1585961
-6.1585961
-6.1585961
-6.1585961
-6.1585961
-6.1585961
-6.1585961
-6.107982
-6.107982
-6.107982
-6.107982
-6.107982
-6.107982
-6.107982
-6.107982
-6.107982
-6.107982
-6.107982
-6.107982
-6.107982
-6.107982
-6.107982
-6.107982
-6.107982
-6.107982
-6.107982
-6.107982
-6.107982
-6.107982
-6.107982
-6.107982
-6.107982
-6.107982
-6.107982
-6.107982
-6.107982
-6.107982
-6.107982
-6.107982
-6.107982
-6.107982
-6.107982
-6.107982
-6.107982
-6.107982
-6.107982
-6.107982
-6.0573698
-6.0573698
-6.0573698
-6.0573698
-6.0573698
-6.0573698
-6.0573698
-6.0573698
-6.0573698
-6.0573698
-6.0573698
-6.0573698
-6.0573698
-6.0573698
-6.0573698
-6.0573698
-6.0573698
-6.0573698
-6.0573698
-6.0573698
-6.0573698
-6.0573698
-6.0573698
-6.0573698
-6.0573698
-6.0573698
-6.0573698
-6.0573698
-6.0573698
-6.0573698
-6.0573698
-6.0573698
-6.0573698
-6.0573698
-6.0573698
-6.0573698
-6.0573698
-6.0573698
-6.0573698
-6.0573698
-6.0067596
-6.0067596
-6.0067596
-6.0067596
-6.0067596
-6.0067596
-6.0067596
-6.0067596
-6.0067596
-6.0067596
-6.0067596
-6.0067596
-6.0067596
-6.0067596
-6.0067596
-6.0067596
-6.0067596
-6.0067596
-6.0067596
-6.0067596
-6.0067596
-6.0067596
-6.0067596
-6.0067596
-6.0067596
-6.0067596
-6.0067596
-6.0067596
-6.0067596
-6.0067596
-6.0067596
-6.0067596
-6.0067596
-6.0067596
-6.0067596
-6.0067596
-6.0067596
-6.0067596
-6.0067596
-6.0067596
-5.956152
-5.956152
-5.956152
-5.956152
-5.956152
-5.956152
-5.956152
-5.956152
-5.956152
-5.956152
-5.956152
-5.956152
-5.956152
-5.956152
-5.956152
-5.956152
-5.956152
-5.956152
-5.956152
-5.956152
-5.956152
-5.956152
-5.956152
-5.956152
-5.956152
-5.956152
-5.956152
-5.956152
-5.956152
-5.956152
-5.956152
-5.956152
-5.956152
-5.956152
-5.956152
-5.956152
-5.956152
-5.956152
-5.956152
-5.956152
-5.9055475
-5.9055475
-5.9055475
-5.9055475
-5.9055475
-5.9055475
-5.9055475
-5.9055475
-5.9055475
-5.9055475
-5.9055475
-5.9055475
-5.9055475
-5.9055475
-5.9055475
-5.9055475
-5.9055475
-5.9055475
-5.9055475
-5.9055475
-5.9055475
-5.9055475
-5.9055475
-5.9055475
-5.9055475
-5.9055475
-5.9055475
-5.9055475
-5.9055475
-5.9055475
-5.9055475
-5.9055475
-5.9055475
-5.9055475
-5.9055475
-5.9055475
-5.9055475
-5.9055475
-5.9055475
-5.9055475
-5.8549469
-5.8549469
-5.8549469
-5.8549469
-5.8549469
-5.8549469
-5.8549469
-5.8549469
-5.8549469
-5.8549469
-5.8549469
-5.8549469
-5.8549469
-5.8549469
-5.8549469
-5.8549469
-5.8549469
-5.8549469
-5.8549469
-5.8549469
-5.8549469
-5.8549469
-5.8549469
-5.8549469
-5.8549469
-5.8549469
-5.8549469
-5.8549469
-5.8549469
-5.8549469
-5.8549469
-5.8549469
-5.8549469
-5.8549469
-5.8549469
-5.8549469
-5.8549469
-5.8549469
-5.8549469
-5.8549469
-5.8043512
-5.8043512
-5.8043512
-5.8043512
-5.8043512
-5.8043512
-5.8043512
-5.8043512
-5.8043512
-5.8043512
-5.8043512
-5.8043512
-5.8043512
-5.8043512
-5.8043512
-5.8043512
-5.8043512
-5.8043512
-5.8043512
-5.8043512
-5.8043512
-5.8043512
-5.8043512
-5.8043512
-5.8043512
-5.8043512
-5.8043512
-5.8043512
-5.8043512
-5.8043512
-5.8043512
-5.8043512
-5.8043512
-5.8043512
-5.8043512
-5.8043512
-5.8043512
-5.8043512
-5.8043512
-5.8043512
-5.7537621
-5.7537621
-5.7537621
-5.7537621
-5.7537621
-5.7537621
-5.7537621
-5.7537621
-5.7537621
-5.7537621
-5.7537621
-5.7537621
-5.7537621
-5.7537621
-5.7537621
-5.7537621
-5.7537621
-5.7537621
-5.7537621
-5.7537621
-5.7537621
-5.7537621
-5.7537621
-5.7537621
-5.7537621
-5.7537621
-5.7537621
-5.7537621
-5.7537621
-5.7537621
-5.7537621
-5.7537621
-5.7537621
-5.7537621
-5.7537621
-5.7537621
-5.7537621
-5.7537621
-5.7537621
-5.7537621
-5.7031816
-5.7031816
-5.7031816
-5.7031816
-5.7031816
-5.7031816
-5.7031816
-5.7031816
-5.7031816
-5.7031816
-5.7031816
-5.7031816
-5.7031816
-5.7031816
-5.7031816
-5.7031816
-5.7031816
-5.7031816
-5.7031816
-5.7031816
-5.7031816
-5.7031816
-5.7031816
-5.7031816
-5.7031816
-5.7031816
-5.7031816
-5.7031816
-5.7031816
-5.7031816
-5.7031816
-5.7031816
-5.7031816
-5.7031816
-5.7031816
-5.7031816
-5.7031816
-5.7031816
-5.7031816
-5.7031816
-5.6526131
-5.6526131
-5.6526131
-5.6526131
-5.6526131
-5.6526131
-5.6526131
-5.6526131
-5.6526131
-5.6526131
-5.6526131
-5.6526131
-5.6526131
-5.6526131
-5.6526131
-5.6526131
-5.6526131
-5.6526131
-5.6526131
-5.6526131
-5.6526131
-5.6526131
-5.6526131
-5.6526131
-5.6526131
-5.6526131
-5.6526131
-5.6526131
-5.6526131
-5.6526131
-5.6526131
-5.6526131
-5.6526131
-5.6526131
-5.6526131
-5.6526131
-5.6526131
-5.6526131
-5.6526131
-5.6526131
-5.6020617
-5.6020617
-5.6020617
-5.6020617
-5.6020617
-5.6020617
-5.6020617
-5.6020617
-5.6020617
-5.6020617
-5.6020617
-5.6020617
-5.6020617
-5.6020617
-5.6020617
-5.6020617
-5.6020617
-5.6020617
-5.6020617
-5.6020617
-5.6020617
-5.6020617
-5.6020617
-5.6020617
-5.6020617
-5.6020617
-5.6020617
-5.6020617
-5.6020617
-5.6020617
-5.6020617
-5.6020617
-5.6020617
-5.6020617
-5.6020617
-5.6020617
-5.6020617
-5.6020617
-5.6020617
-5.6020617
-5.551536
-5.551536
-5.551536
-5.551536
-5.551536
-5.551536
-5.551536
-5.551536
-5.551536
-5.551536
-5.551536
-5.551536
-5.551536
-5.551536
-5.551536
-5.551536
-5.551536
-5.551536
-5.551536
-5.551536
-5.551536
-5.551536
-5.551536
-5.551536
-5.551536
-5.551536
-5.551536
-5.551536
-5.551536
-5.551536
-5.551536
-5.551536
-5.551536
-5.551536
-5.551536
-5.551536
-5.551536
-5.551536
-5.551536
-5.551536
-5.5010517
-5.5010517
-5.5010517
-5.5010517
-5.5010517
-5.5010517
-5.5010517
-5.5010517
-5.5010517
-5.5010517
-5.5010517
-5.5010517
-5.5010517
-5.5010517
-5.5010517
-5.5010517
-5.5010517
-5.5010517
-5.5010517
-5.5010517
-5.5010517
-5.5010517
-5.5010517
-5.5010517
-5.5010517
-5.5010517
-5.5010517
-5.5010517
-5.5010517
-5.5010517
-5.5010517
-5.5010517
-5.5010517
-5.5010517
-5.5010517
-5.5010517
-5.5010517
-5.5010517
-5.5010517
-5.5010517
-7.2894645
-6.9188223
-6.5481801
-6.1775379
-5.8068957
-5.4362535
-5.0656113
-4.694969
-4.3243268
-3.9536846
-3.5830424
-3.2124002
-2.841758
-2.4711158
-2.1004735
-1.7298313
-1.3591891
-0.9885469
-0.61790469
-0.24726247
0.12337974
0.49402196
0.86466417
1.2353064
1.6059486
1.9765908
2.347233
2.7178752
3.0885175
3.4591597
3.8298019
4.2004441
4.5710863
4.9417285
5.3123708
5.683013
6.0536552
6.4242974
6.7949396
7.1655818
-7.2432138
-6.8813212
-6.5194286
-6.157536
-5.7956433
-5.4337507
-5.0718581
-4.7099654
-4.3480728
-3.9861802
-3.6242875
-3.2623949
-2.9005023
-2.5386096
-2.176717
-1.8148244
-1.4529318
-1.0910391
-0.72914651
-0.36725387
-0.0053612436
0.35653139
0.71842402
1.0803167
1.4422093
1.8041019
2.1659946
2.5278872
2.8897798
3.2516725
3.6135651
3.9754577
4.3373503
4.699243
5.0611356
5.4230282
5.7849209
6.1468135
6.5087061
6.8705988
-7.1969633
-6.8438202
-6.4906771
-6.1375341
-5.784391
-5.4312479
-5.0781049
-4.7249618
-4.3718187
-4.0186756
-3.6655326
-3.3123895
-2.9592464
-2.6061034
-2.2529603
-1.8998172
-1.5466742
-1.1935311
-0.84038805
-0.48724499
-0.13410193
0.21904114
0.57218421
0.92532729
1.2784704
1.6316134
1.9847565
2.3378996
2.6910426
3.0441857
3.3973288
3.7504718
4.1036149
4.456758
4.809901
5.1630441
5.5161872
5.8693303
6.2224733
6.5756164
-7.1507128
-6.8063193
-6.4619257
-6.1175322
-5.7731387
-5.4287451
-5.0843516
-4.7399581
-4.3955646
-4.051171
-3.7067775
-3.362384
-3.0179905
-2.6735969
-2.3292034
-1.9848099
-1.6404164
-1.2960228
-0.95162932
-0.60723581
-0.26284229
0.08155124
0.42594477
0.7703383
1.1147318
1.4591254
1.8035189
2.1479124
2.492306
2.8366995
3.181093
3.5254866
3.8698801
4.2142736
4.5586671
4.9030607
5.2474542
5.5918477
5.9362412
6.2806348
-7.1044625
-6.7688185
-6.4331745
-6.0975305
-5.7618864
-5.4262424
-5.0905984
-4.7549544
-4.4193104
-4.0836664
-3.7480224
-3.4123784
-3.0767344
-2.7410904
-2.4054463
-2.0698023
-1.7341583
-1.3985143
-1.0628703
-0.7272263
-0.39158229
-0.055938283
0.27970573
0.61534974
0.95099375
1.2866378
1.6222818
1.9579258
2.2935698
2.6292138
2.9648578
3.3005018
3.6361458
3.9717898
4.3074339
4.6430779
4.9787219
5.3143659
5.6500099
5.9856539
-7.0582123
-6.7313178
-6.4044233
-6.0775288
-5.7506343
-5.4237397
-5.0968452
-4.7699507
-4.4430562
-4.1161617
-3.7892671
-3.4623726
-3.1354781
-2.8085836
-2.4816891
-2.1547945
-1.8279
-1.5010055
-1.174111
-0.84721644
-0.52032192
-0.1934274
0.13346712
0.46036164
0.78725615
1.1141507
1.4410452
1.7679397
2.0948342
2.4217287
2.7486232
3.0755178
3.4024123
3.7293068
4.0562013
4.3830958
4.7099903
5.0368849
5.3637794
5.6906739
-7.0119623
-6.6938172
-6.3756722
-6.0575271
-5.739382
-5.421237
-5.1030919
-4.7849469
-4.4668018
-4.1486568
-3.8305117
-3.5123667
-3.1942216
-2.8760765
-2.5579315
-2.2397864
-1.9216414
-1.6034963
-1.2853513
-0.96720619
-0.64906113
-0.33091607
-0.012771016
0.30537404
0.6235191
0.94166414
1.2598092
1.5779542
1.8960993
2.2142443
2.5323894
2.8505345
3.1686795
3.4868246
3.8049696
4.1231147
4.4412597
4.7594048
5.0775499
5.3956949
-6.9657124
-6.6563167
-6.3469211
-6.0375255
-5.7281299
-5.4187342
-5.1093386
-4.799943
-4.4905474
-4.1811518
-3.8717561
-3.5623605
-3.2529649
-2.9435693
-2.6341736
-2.324778
-2.0153824
-1.7059868
-1.3965912
-1.0871955
-0.77779989
-0.46840427
-0.15900865
0.15038698
0.4597826
0.76917822
1.0785738
1.3879695
1.6973651
2.0067607
2.3161563
2.6255519
2.9349476
3.2443432
3.5537388
3.8631344
4.1725301
4.4819257
4.7913213
5.1007169
-6.9194626
-6.6188164
-6.3181702
-6.017524
-5.7168777
-5.4162315
-5.1155853
-4.8149391
-4.5142929
-4.2136466
-3.9130004
-3.6123542
-3.311708
-3.0110617
-2.7104155
-2.4097693
-2.1091231
-1.8084768
-1.5078306
-1.2071844
-0.90653817
-0.60589195
-0.30524572
-0.0045995004
0.29604672
0.59669295
0.89733917
1.1979854
1.4986316
1.7992778
2.0999241
2.4005703
2.7012165
3.0018627
3.302509
3.6031552
3.9038014
4.2044476
4.5050938
4.8057401
-6.8732131
-6.5813162
-6.2894194
-5.9975225
-5.7056257
-5.4137288
-5.1218319
-4.8299351
-4.5380382
-4.2461414
-3.9542445
-3.6623476
-3.3704508
-3.0785539
-2.7866571
-2.4947602
-2.2028633
-1.9109665
-1.6190696
-1.3271728
-1.0352759
-0.74337906
-0.4514822
-0.15958534
0.13231152
0.42420837
0.71610523
1.0080021
1.299899
1.5917958
1.8836927
2.1755895
2.4674864
2.7593833
3.0512801
3.343177
3.6350738
3.9269707
4.2188676
4.5107644
-6.8269638
-6.5438162
-6.2606687
-5.9775212
-5.6943736
-5.4112261
-5.1280786
-4.844931
-4.5617835
-4.278636
-3.9954884
-3.7123409
-3.4291934
-3.1460458
-2.8628983
-2.5797507
-2.2966032
-2.0134557
-1.7303081
-1.4471606
-1.1640131
-0.88086555
-0.59771803
-0.31457049
-0.031422955
0.25172458
0.53487211
0.81801965
1.1011672
1.3843147
1.6674623
1.9506098
2.2337573
2.5169049
2.8000524
3.0832
3.3663475
3.649495
3.9326426
4.2157901
-6.7807147
-6.5063164
-6.2319182
-5.9575199
-5.6831217
-5.4087234
-5.1343251
-4.8599269
-4.5855286
-4.3111304
-4.0367321
-3.7623339
-3.4879356
-3.2135374
-2.9391391
-2.6647409
-2.3903426
-2.1159444
-1.8415461
-1.5671479
-1.2927496
-1.0183514
-0.74395313
-0.46955487
-0.19515662
0.079241636
0.35363989
0.62803814
0.90243641
1.1768347
1.4512329
1.7256312
2.0000294
2.2744277
2.548826
2.8232242
3.0976225
3.3720207
3.646419
3.9208172
-6.7344659
-6.4688168
-6.2031678
-5.9375188
-5.6718698
-5.4062208
-5.1405718
-4.8749227
-4.6092737
-4.3436247
-4.0779757
-3.8123267
-3.5466776
-3.2810286
-3.0153796
-2.7497306
-2.4840816
-2.2184325
-1.9527835
-1.6871345
-1.4214855
-1.1558365
-0.89018745
-0.62453841
-0.35888939
-0.093240374
0.17240865
0.43805767
0.70370669
0.96935572
1.2350047
1.5006537
1.7663028
2.0319518
2.2976008
2.5632498
2.8288988
3.0945479
3.3601969
3.6258459
-6.6882173
-6.4313175
-6.1744177
-5.9175178
-5.660618
-5.4037182
-5.1468183
-4.8899185
-4.6330186
-4.3761188
-4.119219
-3.8623191
-3.6054193
-3.3485195
-3.0916196
-2.8347198
-2.5778199
-2.3209201
-2.0640203
-1.8071204
-1.5502206
-1.2933208
-1.0364209
-0.77952103
-0.52262119
-0.26572135
-0.0088215164
0.24807832
0.50497816
0.761878
1.0187778
1.2756776
1.5325775
1.7894773
2.0463771
2.303277
2.5601768
2.8170767
3.0739765
3.3308763
-6.6419691
-6.3938184
-6.1456676
-5.8975169
-5.6493662
-5.4012155
-5.1530648
-4.9049141
-4.6567634
-4.4086127
-4.1604619
-3.9123112
-3.6641605
-3.4160098
-3.1678591
-2.9197084
-2.6715577
-2.4234069
-2.1752562
-1.9271055
-1.6789548
-1.4308041
-1.1826534
-0.93450263
-0.68635191
-0.4382012
-0.19005048
0.05810023
0.30625094
0.55440166
0.80255236
1.0507031
1.2988538
1.5470045
1.7951552
2.0433059
2.2914566
2.5396073
2.787758
3.0359088
-6.5957211
-6.3563195
-6.1169178
-5.8775162
-5.6381145
-5.3987129
-5.1593112
-4.9199096
-4.6805079
-4.4411063
-4.2017046
-3.962303
-3.7229013
-3.4834996
-3.244098
-3.0046963
-2.7652947
-2.525893
-2.2864914
-2.0470897
-1.8076881
-1.5682864
-1.3288848
-1.0894831
-0.85008144
-0.61067978
-0.37127812
-0.13187647
0.10752518
0.34692684
0.58632849
0.82573013
1.0651318
1.3045334
1.5439351
1.7833367
2.0227384
2.26214
2.5015417
2.7409433
-6.5494736
-6.3188209
-6.0881683
-5.8575156
-5.6268629
-5.3962103
-5.1655576
-4.9349049
-4.7042523
-4.4735996
-4.2429469
-4.0122943
-3.7816416
-3.5509889
-3.3203363
-3.0896836
-2.8590309
-2.6283783
-2.3977256
-2.167073
-1.9364203
-1.7057676
-1.475115
-1.2444623
-1.0138096
-0.78315696
-0.55250429
-0.32185163
-0.091198961
0.1394537
0.37010637
0.60075903
0.83141169
1.0620644
1.292717
1.5233697
1.7540223
1.984675
2.2153277
2.4459803
-6.5032265
-6.2813227
-6.0594189
-5.8375152
-5.6156114
-5.3937077
-5.1718039
-4.9499002
-4.7279964
-4.5060927
-4.2841889
-4.0622851
-3.8403814
-3.6184776
-3.3965739
-3.1746701
-2.9527664
-2.7308626
-2.5089588
-2.2870551
-2.0651513
-1.8432476
-1.6213438
-1.3994401
-1.1775363
-0.95563256
-0.73372881
-0.51182505
-0.28992129
-0.068017539
0.15388622
0.37578997
0.59769373
0.81959748
1.0415012
1.263405
1.4853088
1.7072125
1.9291163
2.15102
-6.4569798
-6.2438249
-6.0306699
-5.817515
-5.60436
-5.3912051
-5.1780502
-4.9648952
-4.7517403
-4.5385854
-4.3254304
-4.1122755
-3.8991206
-3.6859656
-3.4728107
-3.2596557
-3.0465008
-2.8333459
-2.6201909
-2.407036
-2.1938811
-1.9807261
-1.7675712
-1.5544163
-1.3412613
-1.1281064
-0.91495146
-0.70179653
-0.48864159
-0.27548665
-0.062331716
0.15082322
0.36397816
0.57713309
0.79028803
1.003443
1.2165979
1.4297529
1.6429078
1.8560627
-6.4107337
-6.2063275
-6.0019212
-5.797515
-5.5931088
-5.3887026
-5.1842964
-4.9798901
-4.7754839
-4.5710777
-4.3666715
-4.1622653
-3.9578591
-3.7534528
-3.5490466
-3.3446404
-3.1402342
-2.935828
-2.7314217
-2.5270155
-2.3226093
-2.1182031
-1.9137969
-1.7093907
-1.5049844
-1.3005782
-1.096172
-0.8917658
-0.68735959
-0.48295337
-0.27854715
-0.074140933
0.13026528
0.3346715
0.53907772
0.74348394
0.94789016
1.1522964
1.3567026
1.5611088
-6.3644882
-6.1688305
-5.9731729
-5.7775153
-5.5818577
-5.3862001
-5.1905425
-4.9948849
-4.7992272
-4.6035696
-4.407912
-4.2122544
-4.0165968
-3.8209392
-3.6252815
-3.4296239
-3.2339663
-3.0383087
-2.8426511
-2.6469935
-2.4513359
-2.2556782
-2.0600206
-1.864363
-1.6687054
-1.4730478
-1.2773902
-1.0817326
-0.88607497
-0.69041737
-0.49475975
-0.29910214
-0.10344452
0.092213091
0.2878707
0.48352832
0.67918593
0.87484356
1.0705012
1.2661588
-6.3182434
-6.1313342
-5.9444251
-5.7575159
-5.5706068
-5.3836977
-5.1967885
-5.0098794
-4.8229702
-4.6360611
-4.449152
-4.2622428
-4.0753337
-3.8884245
-3.7015154
-3.5146062
-3.3276971
-3.140788
-2.9538788
-2.7669697
-2.5800605
-2.3931514
-2.2062423
-2.0193331
-1.832424
-1.6455148
-1.4586057
-1.2716966
-1.0847874
-0.89787828
-0.71096912
-0.52405998
-0.33715084
-0.1502417
0.036667444
0.22357658
0.41048573
0.59739487
0.78430403
0.97121317
-6.2719994
-6.0938386
-5.9156778
-5.7375169
-5.5593561
-5.3811953
-5.2030345
-5.0248737
-4.8467128
-4.668552
-4.4903912
-4.3122304
-4.1340696
-3.9559087
-3.7777479
-3.5995871
-3.4214263
-3.2432655
-3.0651047
-2.8869438
-2.708783
-2.5306222
-2.3524614
-2.1743006
-1.9961397
-1.8179789
-1.6398181
-1.4616573
-1.2834965
-1.1053356
-0.9271748
-0.74901397
-0.57085315
-0.39269233
-0.21453151
-0.036370694
0.14179013
0.31995094
0.49811176
0.67627258
-6.2257563
-6.0563436
-5.8869309
-5.7175183
-5.5481056
-5.3786929
-5.2092803
-5.0398676
-4.8704549
-4.7010422
-4.5316296
-4.3622169
-4.1928042
-4.0233916
-3.8539789
-3.6845662
-3.5151536
-3.3457409
-3.1763282
-3.0069156
-2.8375029
-2.6680902
-2.4986775
-2.3292649
-2.1598522
-1.9904395
-1.8210269
-1.6516142
-1.4822015
-1.3127889
-1.1433762
-0.97396351
-0.80455084
-0.63513816
-0.4657255
-0.29631282
-0.12690016
0.042512513
0.21192518
0.38133785
-6.1795142
-6.0188495
-5.8581848
-5.6975201
-5.5368553
-5.3761906
-5.2155259
-5.0548612
-4.8941964
-4.7335317
-4.572867
-4.4122023
-4.2515376
-4.0908728
-3.9302081
-3.7695434
-3.6088787
-3.448214
-3.2875492
-3.1268845
-2.9662198
-2.8055551
-2.6448904
-2.4842256
-2.3235609
-2.1628962
-2.0022315
-1.8415667
-1.680902
-1.5202373
-1.3595726
-1.1989079
-1.0382431
-0.87757841
-0.71691368
-0.55624896
-0.39558424
-0.23491952
-0.074254799
0.086409922
-6.1332734
-5.9813564
-5.8294394
-5.6775224
-5.5256054
-5.3736884
-5.2217714
-5.0698543
-4.9179373
-4.7660203
-4.6141033
-4.4621863
-4.3102693
-4.1583523
-4.0064353
-3.8545183
-3.7026013
-3.5506843
-3.3987672
-3.2468502
-3.0949332
-2.9430162
-2.7910992
-2.6391822
-2.4872652
-2.3353482
-2.1834312
-2.0315142
-1.8795971
-1.7276801
-1.5757631
-1.4238461
-1.2719291
-1.1200121
-0.96809508
-0.81617807
-0.66426106
-0.51234405
-0.36042704
-0.20851003
-6.0870341
-5.9438645
-5.8006949
-5.6575254
-5.5143558
-5.3711862
-5.2280166
-5.084847
-4.9416775
-4.7985079
-4.6553383
-4.5121687
-4.3689992
-4.2258296
-4.08266
-3.9394904
-3.7963208
-3.6531513
-3.5099817
-3.3668121
-3.2236425
-3.080473
-2.9373034
-2.7941338
-2.6509642
-2.5077946
-2.3646251
-2.2214555
-2.0782859
-1.9351163
-1.7919468
-1.6487772
-1.5056076
-1.362438
-1.2192684
-1.0760989
-0.93292929
-0.78975971
-0.64659014
-0.50342056
-6.0407965
-5.9063741
-5.7719516
-5.6375291
-5.5031066
-5.3686841
-5.2342617
-5.0998392
-4.9654167
-4.8309942
-4.6965717
-4.5621492
-4.4277268
-4.2933043
-4.1588818
-4.0244593
-3.8900368
-3.7556144
-3.6211919
-3.4867694
-3.3523469
-3.2179244
-3.083502
-2.9490795
-2.814657
-2.6802345
-2.545812
-2.4113896
-2.2769671
-2.1425446
-2.0081221
-1.8736996
-1.7392772
-1.6048547
-1.4704322
-1.3360097
-1.2015872
-1.0671648
-0.93274228
-0.7983198
-5.9945611
-5.8688853
-5.7432095
-5.6175338
-5.491858
-5.3661822
-5.2405064
-5.1148306
-4.9891548
-4.863479
-4.7378032
-4.6121275
-4.4864517
-4.3607759
-4.2351001
-4.1094243
-3.9837485
-3.8580727
-3.7323969
-3.6067211
-3.4810454
-3.3553696
-3.2296938
-3.104018
-2.9783422
-2.8526664
-2.7269906
-2.6013148
-2.4756391
-2.3499633
-2.2242875
-2.0986117
-1.9729359
-1.8472601
-1.7215843
-1.5959085
-1.4702328
-1.344557
-1.2188812
-1.0932054
-5.9483283
-5.8313987
-5.7144691
-5.5975395
-5.48061
-5.3636804
-5.2467508
-5.1298212
-5.0128916
-4.895962
-4.7790324
-4.6621028
-4.5451732
-4.4282436
-4.3113141
-4.1943845
-4.0774549
-3.9605253
-3.8435957
-3.7266661
-3.6097365
-3.4928069
-3.3758773
-3.2589477
-3.1420182
-3.0250886
-2.908159
-2.7912294
-2.6742998
-2.5573702
-2.4404406
-2.323511
-2.2065814
-2.0896518
-1.9727223
-1.8557927
-1.7388631
-1.6219335
-1.5050039
-1.3880743
-5.9020988
-5.7939148
-5.6857308
-5.5775468
-5.4693628
-5.3611788
-5.2529948
-5.1448108
-5.0366268
-4.9284427
-4.8202587
-4.7120747
-4.6038907
-4.4957067
-4.3875227
-4.2793387
-4.1711547
-4.0629707
-3.9547867
-3.8466027
-3.7384187
-3.6302347
-3.5220506
-3.4138666
-3.3056826
-3.1974986
-3.0893146
-2.9811306
-2.8729466
-2.7647626
-2.6565786
-2.5483946
-2.4402106
-2.3320266
-2.2238426
-2.1156585
-2.0074745
-1.8992905
-1.7911065
-1.6829225
-5.8558734
-5.7564342
-5.656995
-5.5575558
-5.4581166
-5.3586774
-5.2592382
-5.159799
-5.0603598
-4.9609206
-4.8614814
-4.7620422
-4.662603
-4.5631638
-4.4637246
-4.3642854
-4.2648462
-4.165407
-4.0659678
-3.9665286
-3.8670894
-3.7676502
-3.668211
-3.5687718
-3.4693326
-3.3698933
-3.2704541
-3.1710149
-3.0715757
-2.9721365
-2.8726973
-2.7732581
-2.6738189
-2.5743797
-2.4749405
-2.3755013
-2.2760621
-2.1766229
-2.0771837
-1.9777445
-5.8096533
-5.7189579
-5.6282625
-5.5375671
-5.4468717
-5.3561763
-5.2654809
-5.1747855
-5.0840901
-4.9933947
-4.9026993
-4.8120039
-4.7213085
-4.6306131
-4.5399177
-4.4492223
-4.3585269
-4.2678315
-4.1771361
-4.0864407
-3.9957453
-3.9050499
-3.8143544
-3.723659
-3.6329636
-3.5422682
-3.4515728
-3.3608774
-3.270182
-3.1794866
-3.0887912
-2.9980958
-2.9074004
-2.816705
-2.7260096
-2.6353142
-2.5446188
-2.4539234
-2.363228
-2.2725326
-5.7634402
-5.6814872
-5.5995343
-5.5175814
-5.4356285
-5.3536755
-5.2717226
-5.1897697
-5.1078168
-5.0258638
-4.9439109
-4.861958
-4.7800051
-4.6980521
-4.6160992
-4.5341463
-4.4521934
-4.3702404
-4.2882875
-4.2063346
-4.1243816
-4.0424287
-3.9604758
-3.8785229
-3.7965699
-3.714617
-3.6326641
-3.5507112
-3.4687582
-3.3868053
-3.3048524
-3.2228995
-3.1409465
-3.0589936
-2.9770407
-2.8950878
-2.8131348
-2.7311819
-2.649229
-2.567276
-5.7172366
-5.6440243
-5.5708121
-5.4975998
-5.4243876
-5.3511753
-5.2779631
-5.2047508
-5.1315386
-5.0583263
-4.9851141
-4.9119018
-4.8386896
-4.7654773
-4.6922651
-4.6190528
-4.5458405
-4.4726283
-4.399416
-4.3262038
-4.2529915
-4.1797793
-4.106567
-4.0333548
-3.9601425
-3.8869303
-3.813718
-3.7405058
-3.6672935
-3.5940813
-3.520869
-3.4476568
-3.3744445
-3.3012323
-3.22802
-3.1548078
-3.0815955
-3.0083833
-2.935171
-2.8619588
-5.6710464
-5.6065722
-5.5420981
-5.477624
-5.4131499
-5.3486758
-5.2842017
-5.2197276
-5.1552535
-5.0907794
-5.0263052
-4.9618311
-4.897357
-4.8328829
-4.7684088
-4.7039347
-4.6394606
-4.5749865
-4.5105124
-4.4460383
-4.3815641
-4.31709
-4.2526159
-4.1881418
-4.1236677
-4.0591936
-3.9947195
-3.9302454
-3.8657713
-3.8012972
-3.736823
-3.6723489
-3.6078748
-3.5434007
-3.4789266
-3.4144525
-3.3499784
-3.2855043
-3.2210302
-3.1565561
-5.6248759
-5.5691362
-5.5133965
-5.4576568
-5.4019171
-5.3461774
-5.2904377
-5.234698
-5.1789583
-5.1232186
-5.0674789
-5.0117392
-4.9559995
-4.9002598
-4.8445201
-4.7887804
-4.7330407
-4.677301
-4.6215613
-4.5658216
-4.5100819
-4.4543422
-4.3986025
-4.3428628
-4.2871231
-4.2313834
-4.1756437
-4.119904
-4.0641643
-4.0084246
-3.9526849
-3.8969451
-3.8412054
-3.7854657
-3.729726
-3.6739863
-3.6182466
-3.5625069
-3.5067672
-3.4510275
-5.5787361
-5.531725
-5.4847139
-5.4377028
-5.3906917
-5.3436806
-5.2966695
-5.2496584
-5.2026473
-5.1556361
-5.108625
-5.0616139
-5.0146028
-4.9675917
-4.9205806
-4.8735695
-4.8265584
-4.7795473
-4.7325361
-4.685525
-4.6385139
-4.5915028
-4.5444917
-4.4974806
-4.4504695
-4.4034584
-4.3564473
-4.3094361
-4.262425
-4.2154139
-4.1684028
-4.1213917
-4.0743806
-4.0273695
-3.9803584
-3.9333473
-3.8863361
-3.839325
-3.7923139
-3.7453028
-5.5326484
-5.4943561
-5.4560637
-5.4177714
-5.379479
-5.3411867
-5.3028943
-5.264602
-5.2263096
-5.1880173
-5.1497249
-5.1114326
-5.0731402
-5.0348479
-4.9965555
-4.9582632
-4.9199708
-4.8816785
-4.8433861
-4.8050938
-4.7668014
-4.7285091
-4.6902167
-4.6519244
-4.613632
-4.5753397
-4.5370473
-4.498755
-4.4604626
-4.4221703
-4.3838779
-4.3455856
-4.3072932
-4.2690009
-4.2307085
-4.1924162
-4.1541238
-4.1158315
-4.0775391
-4.0392468
-5.4866591
-5.4570669
-5.4274747
-5.3978825
-5.3682903
-5.3386981
-5.3091059
-5.2795137
-5.2499215
-5.2203293
-5.1907371
-5.1611449
-5.1315527
-5.1019605
-5.0723683
-5.0427761
-5.0131839
-4.9835917
-4.9539995
-4.9244073
-4.8948151
-4.8652229
-4.8356307
-4.8060385
-4.7764463
-4.7468541
-4.7172619
-4.6876697
-4.6580775
-4.6284853
-4.5988931
-4.5693009
-4.5397087
-4.5101165
-4.4805243
-4.4509321
-4.4213399
-4.3917477
-4.3621555
-4.3325633
7.3508817
7.3508817
7.3508817
7.3508817
7.3508817
7.3508817
7.3508817
7.3508817
7.3508817
7.3508817
7.3508817
7.3508817
7.3508817
7.3508817
7.3508817
7.3508817
7.3508817
7.3508817
7.3508817
7.3508817
7.3508817
7.3508817
7.3508817
7.3508817
7.3508817
7.3508817
7.3508817
7.3508817
7.3508817
7.3508817
7.3508817
7.3508817
7.3508817
7.3508817
7.3508817
7.3508817
7.3508817
7.3508817
7.3508817
7.3508817
7.0515228
7.0515228
7.0515228
7.0515228
7.0515228
7.0515228
7.0515228
7.0515228
7.0515228
7.0515228
7.0515228
7.0515228
7.0515228
7.0515228
7.0515228
7.0515228
7.0515228
7.0515228
7.0515228
7.0515228
7.0515228
7.0515228
7.0515228
7.0515228
7.0515228
7.0515228
7.0515228
7.0515228
7.0515228
7.0515228
7.0515228
7.0515228
7.0515228
7.0515228
7.0515228
7.0515228
7.0515228
7.0515228
7.0515228
7.0515228
6.7521645
6.7521645
6.7521645
6.7521645
6.7521645
6.7521645
6.7521645
6.7521645
6.7521645
6.7521645
6.7521645
6.7521645
6.7521645
6.7521645
6.7521645
6.7521645
6.7521645
6.7521645
6.7521645
6.7521645
6.7521645
6.7521645
6.7521645
6.7521645
6.7521645
6.7521645
6.7521645
6.7521645
6.7521645
6.7521645
6.7521645
6.7521645
6.7521645
6.7521645
6.7521645
6.7521645
6.7521645
6.7521645
6.7521645
6.7521645
6.452807
6.452807
6.452807
6.452807
6.452807
6.452807
6.452807
6.452807
6.452807
6.452807
6.452807
6.452807
6.452807
6.452807
6.452807
6.452807
6.452807
6.452807
6.452807
6.452807
6.452807
6.452807
6.452807
6.452807
6.452807
6.452807
6.452807
6.452807
6.452807
6.452807
6.452807
6.452807
6.452807
6.452807
6.452807
6.452807
6.452807
6.452807
6.452807
6.452807
6.1534501
6.1534501
6.1534501
6.1534501
6.1534501
6.1534501
6.1534501
6.1534501
6.1534501
6.1534501
6.1534501
6.1534501
6.1534501
6.1534501
6.1534501
6.1534501
6.1534501
6.1534501
6.1534501
6.1534501
6.1534501
6.1534501
6.1534501
6.1534501
6.1534501
6.1534501
6.1534501
6.1534501
6.1534501
6.1534501
6.1534501
6.1534501
6.1534501
6.1534501
6.1534501
6.1534501
6.1534501
6.1534501
6.1534501
6.1534501
5.8540939
5.8540939
5.8540939
5.8540939
5.8540939
5.8540939
5.8540939
5.8540939
5.8540939
5.8540939
5.8540939
5.8540939
5.8540939
5.8540939
5.8540939
5.8540939
5.8540939
5.8540939
5.8540939
5.8540939
5.8540939
5.8540939
5.8540939
5.8540939
5.8540939
5.8540939
5.8540939
5.8540939
5.8540939
5.8540939
5.8540939
5.8540939
5.8540939
5.8540939
5.8540939
5.8540939
5.8540939
5.8540939
5.8540939
5.8540939
5.5547387
5.5547387
5.5547387
5.5547387
5.5547387
5.5547387
5.5547387
5.5547387
5.5547387
5.5547387
5.5547387
5.5547387
5.5547387
5.5547387
5.5547387
5.5547387
5.5547387
5.5547387
5.5547387
5.5547387
5.5547387
5.5547387
5.5547387
5.5547387
5.5547387
5.5547387
5.5547387
5.5547387
5.5547387
5.5547387
5.5547387
5.5547387
5.5547387
5.5547387
5.5547387
5.5547387
5.5547387
5.5547387
5.5547387
5.5547387
5.2553844
5.2553844
5.2553844
5.2553844
5.2553844
5.2553844
5.2553844
5.2553844
5.2553844
5.2553844
5.2553844
5.2553844
5.2553844
5.2553844
5.2553844
5.2553844
5.2553844
5.2553844
5.2553844
5.2553844
5.2553844
5.2553844
5.2553844
5.2553844
5.2553844
5.2553844
5.2553844
5.2553844
5.2553844
5.2553844
5.2553844
5.2553844
5.2553844
5.2553844
5.2553844
5.2553844
5.2553844
5.2553844
5.2553844
5.2553844
4.9560311
4.9560311
4.9560311
4.9560311
4.9560311
4.9560311
4.9560311
4.9560311
4.9560311
4.9560311
4.9560311
4.9560311
4.9560311
4.9560311
4.9560311
4.9560311
4.9560311
4.9560311
4.9560311
4.9560311
4.9560311
4.9560311
4.9560311
4.9560311
4.9560311
4.9560311
4.9560311
4.9560311
4.9560311
4.9560311
4.9560311
4.9560311
4.9560311
4.9560311
4.9560311
4.9560311
4.9560311
4.9560311
4.9560311
4.9560311
4.6566789
4.6566789
4.6566789
4.6566789
4.6566789
4.6566789
4.6566789
4.6566789
4.6566789
4.6566789
4.6566789
4.6566789
4.6566789
4.6566789
4.6566789
4.6566789
4.6566789
4.6566789
4.6566789
4.6566789
4.6566789
4.6566789
4.6566789
4.6566789
4.6566789
4.6566789
4.6566789
4.6566789
4.6566789
4.6566789
4.6566789
4.6566789
4.6566789
4.6566789
4.6566789
4.6566789
4.6566789
4.6566789
4.6566789
4.6566789
4.3573278
4.3573278
4.3573278
4.3573278
4.3573278
4.3573278
4.3573278
4.3573278
4.3573278
4.3573278
4.3573278
4.3573278
4.3573278
4.3573278
4.3573278
4.3573278
4.3573278
4.3573278
4.3573278
4.3573278
4.3573278
4.3573278
4.3573278
4.3573278
4.3573278
4.3573278
4.3573278
4.3573278
4.3573278
4.3573278
4.3573278
4.3573278
4.3573278
4.3573278
4.3573278
4.3573278
4.3573278
4.3573278
4.3573278
4.3573278
4.057978
4.057978
4.057978
4.057978
4.057978
4.057978
4.057978
4.057978
4.057978
4.057978
4.057978
4.057978
4.057978
4.057978
4.057978
4.057978
4.057978
4.057978
4.057978
4.057978
4.057978
4.057978
4.057978
4.057978
4.057978
4.057978
4.057978
4.057978
4.057978
4.057978
4.057978
4.057978
4.057978
4.057978
4.057978
4.057978
4.057978
4.057978
4.057978
4.057978
3.7586296
3.7586296
3.7586296
3.7586296
3.7586296
3.7586296
3.7586296
3.7586296
3.7586296
3.7586296
3.7586296
3.7586296
3.7586296
3.7586296
3.7586296
3.7586296
3.7586296
3.7586296
3.7586296
3.7586296
3.7586296
3.7586296
3.7586296
3.7586296
3.7586296
3.7586296
3.7586296
3.7586296
3.7586296
3.7586296
3.7586296
3.7586296
3.7586296
3.7586296
3.7586296
3.7586296
3.7586296
3.7586296
3.7586296
3.7586296
3.4592827
3.4592827
3.4592827
3.4592827
3.4592827
3.4592827
3.4592827
3.4592827
3.4592827
3.4592827
3.4592827
3.4592827
3.4592827
3.4592827
3.4592827
3.4592827
3.4592827
3.4592827
3.4592827
3.4592827
3.4592827
3.4592827
3.4592827
3.4592827
3.4592827
3.4592827
3.4592827
3.4592827
3.4592827
3.4592827
3.4592827
3.4592827
3.4592827
3.4592827
3.4592827
3.4592827
3.4592827
3.4592827
3.4592827
3.4592827
3.1599375
3.1599375
3.1599375
3.1599375
3.1599375
3.1599375
3.1599375
3.1599375
3.1599375
3.1599375
3.1599375
3.1599375
3.1599375
3.1599375
3.1599375
3.1599375
3.1599375
3.1599375
3.1599375
3.1599375
3.1599375
3.1599375
3.1599375
3.1599375
3.1599375
3.1599375
3.1599375
3.1599375
3.1599375
3.1599375
3.1599375
3.1599375
3.1599375
3.1599375
3.1599375
3.1599375
3.1599375
3.1599375
3.1599375
3.1599375
2.8605942
2.8605942
2.8605942
2.8605942
2.8605942
2.8605942
2.8605942
2.8605942
2.8605942
2.8605942
2.8605942
2.8605942
2.8605942
2.8605942
2.8605942
2.8605942
2.8605942
2.8605942
2.8605942
2.8605942
2.8605942
2.8605942
2.8605942
2.8605942
2.8605942
2.8605942
2.8605942
2.8605942
2.8605942
2.8605942
2.8605942
2.8605942
2.8605942
2.8605942
2.8605942
2.8605942
2.8605942
2.8605942
2.8605942
2.8605942
2.5612529
2.5612529
2.5612529
2.5612529
2.5612529
2.5612529
2.5612529
2.5612529
2.5612529
2.5612529
2.5612529
2.5612529
2.5612529
2.5612529
2.5612529
2.5612529
2.5612529
2.5612529
2.5612529
2.5612529
2.5612529
2.5612529
2.5612529
2.5612529
2.5612529
2.5612529
2.5612529
2.5612529
2.5612529
2.5612529
2.5612529
2.5612529
2.5612529
2.5612529
2.5612529
2.5612529
2.5612529
2.5612529
2.5612529
2.5612529
2.2619139
2.2619139
2.2619139
2.2619139
2.2619139
2.2619139
2.2619139
2.2619139
2.2619139
2.2619139
2.2619139
2.2619139
2.2619139
2.2619139
2.2619139
2.2619139
2.2619139
2.2619139
2.2619139
2.2619139
2.2619139
2.2619139
2.2619139
2.2619139
2.2619139
2.2619139
2.2619139
2.2619139
2.2619139
2.2619139
2.2619139
2.2619139
2.2619139
2.2619139
2.2619139
2.2619139
2.2619139
2.2619139
2.2619139
2.2619139
1.9625775
1.9625775
1.9625775
1.9625775
1.9625775
1.9625775
1.9625775
1.9625775
1.9625775
1.9625775
1.9625775
1.9625775
1.9625775
1.9625775
1.9625775
1.9625775
1.9625775
1.9625775
1.9625775
1.9625775
1.9625775
1.9625775
1.9625775
1.9625775
1.9625775
1.9625775
1.9625775
1.9625775
1.9625775
1.9625775
1.9625775
1.9625775
1.9625775
1.9625775
1.9625775
1.9625775
1.9625775
1.9625775
1.9625775
1.9625775
1.663244
1.663244
1.663244
1.663244
1.663244
1.663244
1.663244
1.663244
1.663244
1.663244
1.663244
1.663244
1.663244
1.663244
1.663244
1.663244
1.663244
1.663244
1.663244
1.663244
1.663244
1.663244
1.663244
1.663244
1.663244
1.663244
1.663244
1.663244
1.663244
1.663244
1.663244
1.663244
1.663244
1.663244
1.663244
1.663244
1.663244
1.663244
1.663244
1.663244
1.3639136
1.3639136
1.3639136
1.3639136
1.3639136
1.3639136
1.3639136
1.3639136
1.3639136
1.3639136
1.3639136
1.3639136
1.3639136
1.3639136
1.3639136
1.3639136
1.3639136
1.3639136
1.3639136
1.3639136
1.3639136
1.3639136
1.3639136
1.3639136
1.3639136
1.3639136
1.3639136
1.3639136
1.3639136
1.3639136
1.3639136
1.3639136
1.3639136
1.3639136
1.3639136
1.3639136
1.3639136
1.3639136
1.3639136
1.3639136
1.0645869
1.0645869
1.0645869
1.0645869
1.0645869
1.0645869
1.0645869
1.0645869
1.0645869
1.0645869
1.0645869
1.0645869
1.0645869
1.0645869
1.0645869
1.0645869
1.0645869
1.0645869
1.0645869
1.0645869
1.0645869
1.0645869
1.0645869
1.0645869
1.0645869
1.0645869
1.0645869
1.0645869
1.0645869
1.0645869
1.0645869
1.0645869
1.0645869
1.0645869
1.0645869
1.0645869
1.0645869
1.0645869
1.0645869
1.0645869
0.76526435
0.76526435
0.76526435
0.76526435
0.76526435
0.76526435
0.76526435
0.76526435
0.76526435
0.76526435
0.76526435
0.76526435
0.76526435
0.76526435
0.76526435
0.76526435
0.76526435
0.76526435
0.76526435
0.76526435
0.76526435
0.76526435
0.76526435
0.76526435
0.76526435
0.76526435
0.76526435
0.76526435
0.76526435
0.76526435
0.76526435
0.76526435
0.76526435
0.76526435
0.76526435
0.76526435
0.76526435
0.76526435
0.76526435
0.76526435
0.46594651
0.46594651
0.46594651
0.46594651
0.46594651
0.46594651
0.46594651
0.46594651
0.46594651
0.46594651
0.46594651
0.46594651
0.46594651
0.46594651
0.46594651
0.46594651
0.46594651
0.46594651
0.46594651
0.46594651
0.46594651
0.46594651
0.46594651
0.46594651
0.46594651
0.46594651
0.46594651
0.46594651
0.46594651
0.46594651
0.46594651
0.46594651
0.46594651
0.46594651
0.46594651
0.46594651
0.46594651
0.46594651
0.46594651
0.46594651
0.16663412
0.16663412
0.16663412
0.16663412
0.16663412
0.16663412
0.16663412
0.16663412
0.16663412
0.16663412
0.16663412
0.16663412
0.16663412
0.16663412
0.16663412
0.16663412
0.16663412
0.16663412
0.16663412
0.16663412
0.16663412
0.16663412
0.16663412
0.16663412
0.16663412
0.16663412
0.16663412
0.16663412
0.16663412
0.16663412
0.16663412
0.16663412
0.16663412
0.16663412
0.16663412
0.16663412
0.16663412
0.16663412
0.16663412
0.16663412
-0.13267196
-0.13267196
-0.13267196
-0.13267196
-0.13267196
-0.13267196
-0.13267196
-0.13267196
-0.13267196
-0.13267196
-0.13267196
-0.13267196
-0.13267196
-0.13267196
-0.13267196
-0.13267196
-0.13267196
-0.13267196
-0.13267196
-0.13267196
-0.13267196
-0.13267196
-0.13267196
-0.13267196
-0.13267196
-0.13267196
-0.13267196
-0.13267196
-0.13267196
-0.13267196
-0.13267196
-0.13267196
-0.13267196
-0.13267196
-0.13267196
-0.13267196
-0.13267196
-0.13267196
-0.13267196
-0.13267196
-0.43197068
-0.43197068
-0.43197068
-0.43197068
-0.43197068
-0.43197068
-0.43197068
-0.43197068
-0.43197068
-0.43197068
-0.43197068
-0.43197068
-0.43197068
-0.43197068
-0.43197068
-0.43197068
-0.43197068
-0.43197068
-0.43197068
-0.43197068
-0.43197068
-0.43197068
-0.43197068
-0.43197068
-0.43197068
-0.43197068
-0.43197068
-0.43197068
-0.43197068
-0.43197068
-0.43197068
-0.43197068
-0.43197068
-0.43197068
-0.43197068
-0.43197068
-0.43197068
-0.43197068
-0.43197068
-0.43197068
-0.73126074
-0.73126074
-0.73126074
-0.73126074
-0.73126074
-0.73126074
-0.73126074
-0.73126074
-0.73126074
-0.73126074
-0.73126074
-0.73126074
-0.73126074
-0.73126074
-0.73126074
-0.73126074
-0.73126074
-0.73126074
-0.73126074
-0.73126074
-0.73126074
-0.73126074
-0.73126074
-0.73126074
-0.73126074
-0.73126074
-0.73126074
-0.73126074
-0.73126074
-0.73126074
-0.73126074
-0.73126074
-0.73126074
-0.73126074
-0.73126074
-0.73126074
-0.73126074
-0.73126074
-0.73126074
-0.73126074
-1.0305405
-1.0305405
-1.0305405
-1.0305405
-1.0305405
-1.0305405
-1.0305405
-1.0305405
-1.0305405
-1.0305405
-1.0305405
-1.0305405
-1.0305405
-1.0305405
-1.0305405
-1.0305405
-1.0305405
-1.0305405
-1.0305405
-1.0305405
-1.0305405
-1.0305405
-1.0305405
-1.0305405
-1.0305405
-1.0305405
-1.0305405
-1.0305405
-1.0305405
-1.0305405
-1.0305405
-1.0305405
-1.0305405
-1.0305405
-1.0305405
-1.0305405
-1.0305405
-1.0305405
-1.0305405
-1.0305405
-1.3298079
-1.3298079
-1.3298079
-1.3298079
-1.3298079
-1.3298079
-1.3298079
-1.3298079
-1.3298079
-1.3298079
-1.3298079
-1.3298079
-1.3298079
-1.3298079
-1.3298079
-1.3298079
-1.3298079
-1.3298079
-1.3298079
-1.3298079
-1.3298079
-1.3298079
-1.3298079
-1.3298079
-1.3298079
-1.3298079
-1.3298079
-1.3298079
-1.3298079
-1.3298079
-1.3298079
-1.3298079
-1.3298079
-1.3298079
-1.3298079
-1.3298079
-1.3298079
-1.3298079
-1.3298079
-1.3298079
-1.6290603
-1.6290603
-1.6290603
-1.6290603
-1.6290603
-1.6290603
-1.6290603
-1.6290603
-1.6290603
-1.6290603
-1.6290603
-1.6290603
-1.6290603
-1.6290603
-1.6290603
-1.6290603
-1.6290603
-1.6290603
-1.6290603
-1.6290603
-1.6290603
-1.6290603
-1.6290603
-1.6290603
-1.6290603
-1.6290603
-1.6290603
-1.6290603
-1.6290603
-1.6290603
-1.6290603
-1.6290603
-1.6290603
-1.6290603
-1.6290603
-1.6290603
-1.6290603
-1.6290603
-1.6290603
-1.6290603
-1.9282943
-1.9282943
-1.9282943
-1.9282943
-1.9282943
-1.9282943
-1.9282943
-1.9282943
-1.9282943
-1.9282943
-1.9282943
-1.9282943
-1.9282943
-1.9282943
-1.9282943
-1.9282943
-1.9282943
-1.9282943
-1.9282943
-1.9282943
-1.9282943
-1.9282943
-1.9282943
-1.9282943
-1.9282943
-1.9282943
-1.9282943
-1.9282943
-1.9282943
-1.9282943
-1.9282943
-1.9282943
-1.9282943
-1.9282943
-1.9282943
-1.9282943
-1.9282943
-1.9282943
-1.9282943
-1.9282943
-2.227505
-2.227505
-2.227505
-2.227505
-2.227505
-2.227505
-2.227505
-2.227505
-2.227505
-2.227505
-2.227505
-2.227505
-2.227505
-2.227505
-2.227505
-2.227505
-2.227505
-2.227505
-2.227505
-2.227505
-2.227505
-2.227505
-2.227505
-2.227505
-2.227505
-2.227505
-2.227505
-2.227505
-2.227505
-2.227505
-2.227505
-2.227505
-2.227505
-2.227505
-2.227505
-2.227505
-2.227505
-2.227505
-2.227505
-2.227505
-2.5266863
-2.5266863
-2.5266863
-2.5266863
-2.5266863
-2.5266863
-2.5266863
-2.5266863
-2.5266863
-2.5266863
-2.5266863
-2.5266863
-2.5266863
-2.5266863
-2.5266863
-2.5266863
-2.5266863
-2.5266863
-2.5266863
-2.5266863
-2.5266863
-2.5266863
-2.5266863
-2.5266863
-2.5266863
-2.5266863
-2.5266863
-2.5266863
-2.5266863
-2.5266863
-2.5266863
-2.5266863
-2.5266863
-2.5266863
-2.5266863
-2.5266863
-2.5266863
-2.5266863
-2.5266863
-2.5266863
-2.8258291
-2.8258291
-2.8258291
-2.8258291
-2.8258291
-2.8258291
-2.8258291
-2.8258291
-2.8258291
-2.8258291
-2.8258291
-2.8258291
-2.8258291
-2.8258291
-2.8258291
-2.8258291
-2.8258291
-2.8258291
-2.8258291
-2.8258291
-2.8258291
-2.8258291
-2.8258291
-2.8258291
-2.8258291
-2.8258291
-2.8258291
-2.8258291
-2.8258291
-2.8258291
-2.8258291
-2.8258291
-2.8258291
-2.8258291
-2.8258291
-2.8258291
-2.8258291
-2.8258291
-2.8258291
-2.8258291
-3.1249208
-3.1249208
-3.1249208
-3.1249208
-3.1249208
-3.1249208
-3.1249208
-3.1249208
-3.1249208
-3.1249208
-3.1249208
-3.1249208
-3.1249208
-3.1249208
-3.1249208
-3.1249208
-3.1249208
-3.1249208
-3.1249208
-3.1249208
-3.1249208
-3.1249208
-3.1249208
-3.1249208
-3.1249208
-3.1249208
-3.1249208
-3.1249208
-3.1249208
-3.1249208
-3.1249208
-3.1249208
-3.1249208
-3.1249208
-3.1249208
-3.1249208
-3.1249208
-3.1249208
-3.1249208
-3.1249208
-3.4239418
-3.4239418
-3.4239418
-3.4239418
-3.4239418
-3.4239418
-3.4239418
-3.4239418
-3.4239418
-3.4239418
-3.4239418
-3.4239418
-3.4239418
-3.4239418
-3.4239418
-3.4239418
-3.4239418
-3.4239418
-3.4239418
-3.4239418
-3.4239418
-3.4239418
-3.4239418
-3.4239418
-3.4239418
-3.4239418
-3.4239418
-3.4239418
-3.4239418
-3.4239418
-3.4239418
-3.4239418
-3.4239418
-3.4239418
-3.4239418
-3.4239418
-3.4239418
-3.4239418
-3.4239418
-3.4239418
-3.7228617
-3.7228617
-3.7228617
-3.7228617
-3.7228617
-3.7228617
-3.7228617
-3.7228617
-3.7228617
-3.7228617
-3.7228617
-3.7228617
-3.7228617
-3.7228617
-3.7228617
-3.7228617
-3.7228617
-3.7228617
-3.7228617
-3.7228617
-3.7228617
-3.7228617
-3.7228617
-3.7228617
-3.7228617
-3.7228617
-3.7228617
-3.7228617
-3.7228617
-3.7228617
-3.7228617
-3.7228617
-3.7228617
-3.7228617
-3.7228617
-3.7228617
-3.7228617
-3.7228617
-3.7228617
-3.7228617
-4.0216295
-4.0216295
-4.0216295
-4.0216295
-4.0216295
-4.0216295
-4.0216295
-4.0216295
-4.0216295
-4.0216295
-4.0216295
-4.0216295
-4.0216295
-4.0216295
-4.0216295
-4.0216295
-4.0216295
-4.0216295
-4.0216295
-4.0216295
-4.0216295
-4.0216295
-4.0216295
-4.0216295
-4.0216295
-4.0216295
-4.0216295
-4.0216295
-4.0216295
-4.0216295
-4.0216295
-4.0216295
-4.0216295
-4.0216295
-4.0216295
-4.0216295
-4.0216295
-4.0216295
-4.0216295
-4.0216295
-4.3201529
-4.3201529
-4.3201529
-4.3201529
-4.3201529
-4.3201529
-4.3201529
-4.3201529
-4.3201529
-4.3201529
-4.3201529
-4.3201529
-4.3201529
-4.3201529
-4.3201529
-4.3201529
-4.3201529
-4.3201529
-4.3201529
-4.3201529
-4.3201529
-4.3201529
-4.3201529
-4.3201529
-4.3201529
-4.3201529
-4.3201529
-4.3201529
-4.3201529
-4.3201529
-4.3201529
-4.3201529
-4.3201529
-4.3201529
-4.3201529
-4.3201529
-4.3201529
-4.3201529
-4.3201529
-4.3201529
7.1655818
6.7949396
6.4242974
6.0536552
5.683013
5.3123708
4.9417285
4.5710863
4.2004441
3.8298019
3.4591597
3.0885175
2.7178752
2.347233
1.9765908
1.6059486
1.2353064
0.86466417
0.49402196
0.12337974
-0.24726247
-0.61790469
-0.9885469
-1.3591891
-1.7298313
-2.1004735
-2.4711158
-2.841758
-3.2124002
-3.5830424
-3.9536846
-4.3243268
-4.694969
-5.0656113
-5.4362535
-5.8068957
-6.1775379
-6.5481801
-6.9188223
-7.2894645
6.8705988
6.5087061
6.1468135
5.7849209
5.4230282
5.0611356
4.699243
4.3373503
3.9754577
3.6135651
3.2516725
2.8897798
2.5278872
2.1659946
1.8041019
1.4422093
1.0803167
0.71842402
0.35653139
-0.0053612436
-0.36725387
-0.72914651
-1.0910391
-1.4529318
-1.8148244
-2.176717
-2.5386096
-2.9005023
-3.2623949
-3.6242875
-3.9861802
-4.3480728
-4.7099654
-5.0718581
-5.4337507
-5.7956433
-6.157536
-6.5194286
-6.8813212
-7.2432138
6.5756164
6.2224733
5.8693303
5.5161872
5.1630441
4.809901
4.456758
4.1036149
3.7504718
3.3973288
3.0441857
2.6910426
2.3378996
1.9847565
1.6316134
1.2784704
0.92532729
0.57218421
0.21904114
-0.13410193
-0.48724499
-0.84038805
-1.1935311
-1.5466742
-1.8998172
-2.2529603
-2.6061034
-2.9592464
-3.3123895
-3.6655326
-4.0186756
-4.3718187
-4.7249618
-5.0781049
-5.4312479
-5.784391
-6.1375341
-6.4906771
-6.8438202
-7.1969633
6.2806348
5.9362412
5.5918477
5.2474542
4.9030607
4.5586671
4.2142736
3.8698801
3.5254866
3.181093
2.8366995
2.492306
2.1479124
1.8035189
1.4591254
1.1147318
0.7703383
0.42594477
0.08155124
-0.26284229
-0.60723581
-0.95162932
-1.2960228
-1.6404164
-1.9848099
-2.3292034
-2.6735969
-3.0179905
-3.362384
-3.7067775
-4.051171
-4.3955646
-4.7399581
-5.0843516
-5.4287451
-5.7731387
-6.1175322
-6.4619257
-6.8063193
-7.1507128
5.9856539
5.6500099
5.3143659
4.9787219
4.6430779
4.3074339
3.9717898
3.6361458
3.3005018
2.9648578
2.6292138
2.2935698
1.9579258
1.6222818
1.2866378
0.95099375
0.61534974
0.27970573
-0.055938283
-0.39158229
-0.7272263
-1.0628703
-1.3985143
-1.7341583
-2.0698023
-2.4054463
-2.7410904
-3.0767344
-3.4123784
-3.7480224
-4.0836664
-4.4193104
-4.7549544
-5.0905984
-5.4262424
-5.7618864
-6.0975305
-6.4331745
-6.7688185
-7.1044625
5.6906739
5.3637794
5.0368849
4.7099903
4.3830958
4.0562013
3.7293068
3.4024123
3.0755178
2.7486232
2.4217287
2.0948342
1.7679397
1.4410452
1.1141507
0.78725615
0.46036164
0.13346712
-0.1934274
-0.52032192
-0.84721644
-1.174111
-1.5010055
-1.8279
-2.1547945
-2.4816891
-2.8085836
-3.1354781
-3.4623726
-3.7892671
-4.1161617
-4.4430562
-4.7699507
-5.0968452
-5.4237397
-5.7506343
-6.0775288
-6.4044233
-6.7313178
-7.0582123
5.3956949
5.0775499
4.7594048
4.4412597
4.1231147
3.8049696
3.4868246
3.1686795
2.8505345
2.5323894
2.2142443
1.8960993
1.5779542
1.2598092
0.94166414
0.6235191
0.30537404
-0.012771016
-0.33091607
-0.64906113
-0.96720619
-1.2853513
-1.6034963
-1.9216414
-2.2397864
-2.5579315
-2.8760765
-3.1942216
-3.5123667
-3.8305117
-4.1486568
-4.4668018
-4.7849469
-5.1030919
-5.421237
-5.739382
-6.0575271
-6.3756722
-6.6938172
-7.0119623
5.1007169
4.7913213
4.4819257
4.1725301
3.8631344
3.5537388
3.2443432
2.9349476
2.6255519
2.3161563
2.0067607
1.6973651
1.3879695
1.0785738
0.76917822
0.4597826
0.15038698
-0.15900865
-0.46840427
-0.77779989
-1.0871955
-1.3965912
-1.7059868
-2.0153824
-2.324778
-2.6341736
-2.9435693
-3.2529649
-3.5623605
-3.8717561
-4.1811518
-4.4905474
-4.799943
-5.1093386
-5.4187342
-5.7281299
-6.0375255
-6.3469211
-6.6563167
-6.9657124
4.8057401
4.5050938
4.2044476
3.9038014
3.6031552
3.302509
3.0018627
2.7012165
2.4005703
2.0999241
1.7992778
1.4986316
1.1979854
0.89733917
0.59669295
0.29604672
-0.0045995004
-0.30524572
-0.60589195
-0.90653817
-1.2071844
-1.5078306
-1.8084768
-2.1091231
-2.4097693
-2.7104155
-3.0110617
-3.311708
-3.6123542
-3.9130004
-4.2136466
-4.5142929
-4.8149391
-5.1155853
-5.4162315
-5.7168777
-6.017524
-6.3181702
-6.6188164
-6.9194626
4.5107644
4.2188676
3.9269707
3.6350738
3.343177
3.0512801
2.7593833
2.4674864
2.1755895
1.8836927
1.5917958
1.299899
1.0080021
0.71610523
0.42420837
0.13231152
-0.15958534
-0.4514822
-0.74337906
-1.0352759
-1.3271728
-1.6190696
-1.9109665
-2.2028633
-2.4947602
-2.7866571
-3.0785539
-3.3704508
-3.6623476
-3.9542445
-4.2461414
-4.5380382
-4.8299351
-5.1218319
-5.4137288
-5.7056257
-5.9975225
-6.2894194
-6.5813162
-6.8732131
4.2157901
3.9326426
3.649495
3.3663475
3.0832
2.8000524
2.5169049
2.2337573
1.9506098
1.6674623
1.3843147
1.1011672
0.81801965
0.53487211
0.25172458
-0.031422955
-0.31457049
-0.59771803
-0.88086555
-1.1640131
-1.4471606
-1.7303081
-2.0134557
-2.2966032
-2.5797507
-2.8628983
-3.1460458
-3.4291934
-3.7123409
-3.9954884
-4.278636
-4.5617835
-4.844931
-5.1280786
-5.4112261
-5.6943736
-5.9775212
-6.2606687
-6.5438162
-6.8269638
3.9208172
3.646419
3.3720207
3.0976225
2.8232242
2.548826
2.2744277
2.0000294
1.7256312
1.4512329
1.1768347
0.90243641
0.62803814
0.35363989
0.079241636
-0.19515662
-0.46955487
-0.74395313
-1.0183514
-1.2927496
-1.5671479
-1.8415461
-2.1159444
-2.3903426
-2.6647409
-2.9391391
-3.2135374
-3.4879356
-3.7623339
-4.0367321
-4.3111304
-4.5855286
-4.8599269
-5.1343251
-5.4087234
-5.6831217
-5.9575199
-6.2319182
-6.5063164
-6.7807147
3.6258459
3.3601969
3.0945479
2.8288988
2.5632498
2.2976008
2.0319518
1.7663028
1.5006537
1.2350047
0.96935572
0.70370669
0.43805767
0.17240865
-0.093240374
-0.35888939
-0.62453841
-0.89018745
-1.1558365
-1.4214855
-1.6871345
-1.9527835
-2.2184325
-2.4840816
-2.7497306
-3.0153796
-3.2810286
-3.5466776
-3.8123267
-4.0779757
-4.3436247
-4.6092737
-4.8749227
-5.1405718
-5.4062208
-5.6718698
-5.9375188
-6.2031678
-6.4688168
-6.7344659
3.3308763
3.0739765
2.8170767
2.5601768
2.303277
2.0463771
1.7894773
1.5325775
1.2756776
1.0187778
0.761878
0.50497816
0.24807832
-0.0088215164
-0.26572135
-0.52262119
-0.77952103
-1.0364209
-1.2933208
-1.5502206
-1.8071204
-2.0640203
-2.3209201
-2.5778199
-2.8347198
-3.0916196
-3.3485195
-3.6054193
-3.8623191
-4.119219
-4.3761188
-4.6330186
-4.8899185
-5.1468183
-5.4037182
-5.660618
-5.9175178
-6.1744177
-6.4313175
-6.6882173
3.0359088
2.787758
2.5396073
2.2914566
2.0433059
1.7951552
1.5470045
1.2988538
1.0507031
0.80255236
0.55440166
0.30625094
0.05810023
-0.19005048
-0.4382012
-0.68635191
-0.93450263
-1.1826534
-1.4308041
-1.6789548
-1.9271055
-2.1752562
-2.4234069
-2.6715577
-2.9197084
-3.1678591
-3.4160098
-3.6641605
-3.9123112
-4.1604619
-4.4086127
-4.6567634
-4.9049141
-5.1530648
-5.4012155
-5.6493662
-5.8975169
-6.1456676
-6.3938184
-6.6419691
2.7409433
2.5015417
2.26214
2.0227384
1.7833367
1.5439351
1.3045334
1.0651318
0.82573013
0.58632849
0.34692684
0.10752518
-0.13187647
-0.37127812
-0.61067978
-0.85008144
-1.0894831
-1.3288848
-1.5682864
-1.8076881
-2.0470897
-2.2864914
-2.525893
-2.7652947
-3.0046963
-3.244098
-3.4834996
-3.7229013
-3.962303
-4.2017046
-4.4411063
-4.6805079
-4.9199096
-5.1593112
-5.3987129
-5.6381145
-5.8775162
-6.1169178
-6.3563195
-6.5957211
2.4459803
2.2153277
1.984675
1.7540223
1.5233697
1.292717
1.0620644
0.83141169
0.60075903
0.37010637
0.1394537
-0.091198961
-0.32185163
-0.55250429
-0.78315696
-1.0138096
-1.2444623
-1.475115
-1.7057676
-1.9364203
-2.167073
-2.3977256
-2.6283783
-2.8590309
-3.0896836
-3.3203363
-3.5509889
-3.7816416
-4.0122943
-4.2429469
-4.4735996
-4.7042523
-4.9349049
-5.1655576
-5.3962103
-5.6268629
-5.8575156
-6.0881683
-6.3188209
-6.5494736
2.15102
1.9291163
1.7072125
1.4853088
1.263405
1.0415012
0.81959748
0.59769373
0.37578997
0.15388622
-0.068017539
-0.28992129
-0.51182505
-0.73372881
-0.95563256
-1.1775363
-1.3994401
-1.6213438
-1.8432476
-2.0651513
-2.2870551
-2.5089588
-2.7308626
-2.9527664
-3.1746701
-3.3965739
-3.6184776
-3.8403814
-4.0622851
-4.2841889
-4.5060927
-4.7279964
-4.9499002
-5.1718039
-5.3937077
-5.6156114
-5.8375152
-6.0594189
-6.2813227
-6.5032265
1.8560627
1.6429078
1.4297529
1.2165979
1.003443
0.79028803
0.57713309
0.36397816
0.15082322
-0.062331716
-0.27548665
-0.48864159
-0.70179653
-0.91495146
-1.1281064
-1.3412613
-1.5544163
-1.7675712
-1.9807261
-2.1938811
-2.407036
-2.6201909
-2.8333459
-3.0465008
-3.2596557
-3.4728107
-3.6859656
-3.8991206
-4.1122755
-4.3254304
-4.5385854
-4.7517403
-4.9648952
-5.1780502
-5.3912051
-5.60436
-5.817515
-6.0306699
-6.2438249
-6.4569798
1.5611088
1.3567026
1.1522964
0.94789016
0.74348394
0.53907772
0.3346715
0.13026528
-0.074140933
-0.27854715
-0.48295337
-0.68735959
-0.8917658
-1.096172
-1.3005782
-1.5049844
-1.7093907
-1.9137969
-2.1182031
-2.3226093
-2.5270155
-2.7314217
-2.935828
-3.1402342
-3.3446404
-3.5490466
-3.7534528
-3.9578591
-4.1622653
-4.3666715
-4.5710777
-4.7754839
-4.9798901
-5.1842964
-5.3887026
-5.5931088
-5.797515
-6.0019212
-6.2063275
-6.4107337
1.2661588
1.0705012
0.87484356
0.67918593
0.48352832
0.2878707
0.092213091
-0.10344452
-0.29910214
-0.49475975
-0.69041737
-0.88607497
-1.0817326
-1.2773902
-1.4730478
-1.6687054
-1.864363
-2.0600206
-2.2556782
-2.4513359
-2.6469935
-2.8426511
-3.0383087
-3.2339663
-3.4296239
-3.6252815
-3.8209392
-4.0165968
-4.2122544
-4.407912
-4.6035696
-4.7992272
-4.9948849
-5.1905425
-5.3862001
-5.5818577
-5.7775153
-5.9731729
-6.1688305
-6.3644882
0.97121317
0.78430403
0.59739487
0.41048573
0.22357658
0.036667444
-0.1502417
-0.33715084
-0.52405998
-0.71096912
-0.89787828
-1.0847874
-1.2716966
-1.4586057
-1.6455148
-1.832424
-2.0193331
-2.2062423
-2.3931514
-2.5800605
-2.7669697
-2.9538788
-3.140788
-3.3276971
-3.5146062
-3.7015154
-3.8884245
-4.0753337
-4.2622428
-4.449152
-4.6360611
-4.8229702
-5.0098794
-5.1967885
-5.3836977
-5.5706068
-5.7575159
-5.9444251
-6.1313342
-6.3182434
0.67627258
0.49811176
0.31995094
0.14179013
-0.036370694
-0.21453151
-0.39269233
-0.57085315
-0.74901397
-0.9271748
-1.1053356
-1.2834965
-1.4616573
-1.6398181
-1.8179789
-1.9961397
-2.1743006
-2.3524614
-2.5306222
-2.708783
-2.8869438
-3.0651047
-3.2432655
-3.4214263
-3.5995871
-3.7777479
-3.9559087
-4.1340696
-4.3122304
-4.4903912
-4.668552
-4.8467128
-5.0248737
-5.2030345
-5.3811953
-5.5593561
-5.7375169
-5.9156778
-6.0938386
-6.2719994
0.38133785
0.21192518
0.042512513
-0.12690016
-0.29631282
-0.4657255
-0.63513816
-0.80455084
-0.97396351
-1.1433762
-1.3127889
-1.4822015
-1.6516142
-1.8210269
-1.9904395
-2.1598522
-2.3292649
-2.4986775
-2.6680902
-2.8375029
-3.0069156
-3.1763282
-3.3457409
-3.5151536
-3.6845662
-3.8539789
-4.0233916
-4.1928042
-4.3622169
-4.5316296
-4.7010422
-4.8704549
-5.0398676
-5.2092803
-5.3786929
-5.5481056
-5.7175183
-5.8869309
-6.0563436
-6.2257563
0.086409922
-0.074254799
-0.23491952
-0.39558424
-0.55624896
-0.71691368
-0.87757841
-1.0382431
-1.1989079
-1.3595726
-1.5202373
-1.680902
-1.8415667
-2.0022315
-2.1628962
-2.3235609
-2.4842256
-2.6448904
-2.8055551
-2.9662198
-3.1268845
-3.2875492
-3.448214
-3.6088787
-3.7695434
-3.9302081
-4.0908728
-4.2515376
-4.4122023
-4.572867
-4.7335317
-4.8941964
-5.0548612
-5.2155259
-5.3761906
-5.5368553
-5.6975201
-5.8581848
-6.0188495
-6.1795142
-0.20851003
-0.36042704
-0.51234405
-0.66426106
-0.81617807
-0.96809508
-1.1200121
-1.2719291
-1.4238461
-1.5757631
-1.7276801
-1.8795971
-2.0315142
-2.1834312
-2.3353482
-2.4872652
-2.6391822
-2.7910992
-2.9430162
-3.0949332
-3.2468502
-3.3987672
-3.5506843
-3.7026013
-3.8545183
-4.0064353
-4.1583523
-4.3102693
-4.4621863
-4.6141033
-4.7660203
-4.9179373
-5.0698543
-5.2217714
-5.3736884
-5.5256054
-5.6775224
-5.8294394
-5.9813564
-6.1332734
-0.50342056
-0.64659014
-0.78975971
-0.93292929
-1.0760989
-1.2192684
-1.362438
-1.5056076
-1.6487772
-1.7919468
-1.9351163
-2.0782859
-2.2214555
-2.3646251
-2.5077946
-2.6509642
-2.7941338
-2.9373034
-3.080473
-3.2236425
-3.3668121
-3.5099817
-3.6531513
-3.7963208
-3.9394904
-4.08266
-4.2258296
-4.3689992
-4.5121687
-4.6553383
-4.7985079
-4.9416775
-5.084847
-5.2280166
-5.3711862
-5.5143558
-5.6575254
-5.8006949
-5.9438645
-6.0870341
-0.7983198
-0.93274228
-1.0671648
-1.2015872
-1.3360097
-1.4704322
-1.6048547
-1.7392772
-1.8736996
-2.0081221
-2.1425446
-2.2769671
-2.4113896
-2.545812
-2.6802345
-2.814657
-2.9490795
-3.083502
-3.2179244
-3.3523469
-3.4867694
-3.6211919
-3.7556144
-3.8900368
-4.0244593
-4.1588818
-4.2933043
-4.4277268
-4.5621492
-4.6965717
-4.8309942
-4.9654167
-5.0998392
-5.2342617
-5.3686841
-5.5031066
-5.6375291
-5.7719516
-5.9063741
-6.0407965
-1.0932054
-1.2188812
-1.344557
-1.4702328
-1.5959085
-1.7215843
-1.8472601
-1.9729359
-2.0986117
-2.2242875
-2.3499633
-2.4756391
-2.6013148
-2.7269906
-2.8526664
-2.9783422
-3.104018
-3.2296938
-3.3553696
-3.4810454
-3.6067211
-3.7323969
-3.8580727
-3.9837485
-4.1094243
-4.2351001
-4.3607759
-4.4864517
-4.6121275
-4.7378032
-4.863479
-4.9891548
-5.1148306
-5.2405064
-5.3661822
-5.491858
-5.6175338
-5.7432095
-5.8688853
-5.9945611
-1.3880743
-1.5050039
-1.6219335
-1.7388631
-1.8557927
-1.9727223
-2.0896518
-2.2065814
-2.323511
-2.4404406
-2.5573702
-2.6742998
-2.7912294
-2.908159
-3.0250886
-3.1420182
-3.2589477
-3.3758773
-3.4928069
-3.6097365
-3.7266661
-3.8435957
-3.9605253
-4.0774549
-4.1943845
-4.3113141
-4.4282436
-4.5451732
-4.6621028
-4.7790324
-4.895962
-5.0128916
-5.1298212
-5.2467508
-5.3636804
-5.48061
-5.5975395
-5.7144691
-5.8313987
-5.9483283
-1.6829225
-1.7911065
-1.8992905
-2.0074745
-2.1156585
-2.2238426
-2.3320266
-2.4402106
-2.5483946
-2.6565786
-2.7647626
-2.8729466
-2.9811306
-3.0893146
-3.1974986
-3.3056826
-3.4138666
-3.5220506
-3.6302347
-3.7384187
-3.8466027
-3.9547867
-4.0629707
-4.1711547
-4.2793387
-4.3875227
-4.4957067
-4.6038907
-4.7120747
-4.8202587
-4.9284427
-5.0366268
-5.1448108
-5.2529948
-5.3611788
-5.4693628
-5.5775468
-5.6857308
-5.7939148
-5.9020988
-1.9777445
-2.0771837
-2.1766229
-2.2760621
-2.3755013
-2.4749405
-2.5743797
-2.6738189
-2.7732581
-2.8726973
-2.9721365
-3.0715757
-3.1710149
-3.2704541
-3.3698933
-3.4693326
-3.5687718
-3.668211
-3.7676502
-3.8670894
-3.9665286
-4.0659678
-4.165407
-4.2648462
-4.3642854
-4.4637246
-4.5631638
-4.662603
-4.7620422
-4.8614814
-4.9609206
-5.0603598
-5.159799
-5.2592382
-5.3586774
-5.4581166
-5.5575558
-5.656995
-5.7564342
-5.8558734
-2.2725326
-2.363228
-2.4539234
-2.5446188
-2.6353142
-2.7260096
-2.816705
-2.9074004
-2.9980958
-3.0887912
-3.1794866
-3.270182
-3.3608774
-3.4515728
-3.5422682
-3.6329636
-3.723659
-3.8143544
-3.9050499
-3.9957453
-4.0864407
-4.1771361
-4.2678315
-4.3585269
-4.4492223
-4.5399177
-4.6306131
-4.7213085
-4.8120039
-4.9026993
-4.9933947
-5.0840901
-5.1747855
-5.2654809
-5.3561763
-5.4468717
-5.5375671
-5.6282625
-5.7189579
-5.8096533
-2.567276
-2.649229
-2.7311819
-2.8131348
-2.8950878
-2.9770407
-3.0589936
-3.1409465
-3.2228995
-3.3048524
-3.3868053
-3.4687582
-3.5507112
-3.6326641
-3.714617
-3.7965699
-3.8785229
-3.9604758
-4.0424287
-4.1243816
-4.2063346
-4.2882875
-4.3702404
-4.4521934
-4.5341463
-4.6160992
-4.6980521
-4.7800051
-4.861958
-4.9439109
-5.0258638
-5.1078168
-5.1897697
-5.2717226
-5.3536755
-5.4356285
-5.5175814
-5.5995343
-5.6814872
-5.7634402
-2.8619588
-2.935171
-3.0083833
-3.0815955
-3.1548078
-3.22802
-3.3012323
-3.3744445
-3.4476568
-3.520869
-3.5940813
-3.6672935
-3.7405058
-3.813718
-3.8869303
-3.9601425
-4.0333548
-4.106567
-4.1797793
-4.2529915
-4.3262038
-4.399416
-4.4726283
-4.5458405
-4.6190528
-4.6922651
-4.7654773
-4.8386896
-4.9119018
-4.9851141
-5.0583263
-5.1315386
-5.2047508
-5.2779631
-5.3511753
-5.4243876
-5.4975998
-5.5708121
-5.6440243
-5.7172366
-3.1565561
-3.2210302
-3.2855043
-3.3499784
-3.4144525
-3.4789266
-3.5434007
-3.6078748
-3.6723489
-3.736823
-3.8012972
-3.8657713
-3.9302454
-3.9947195
-4.0591936
-4.1236677
-4.1881418
-4.2526159
-4.31709
-4.3815641
-4.4460383
-4.5105124
-4.5749865
-4.6394606
-4.7039347
-4.7684088
-4.8328829
-4.897357
-4.9618311
-5.0263052
-5.0907794
-5.1552535
-5.2197276
-5.2842017
-5.3486758
-5.4131499
-5.477624
-5.5420981
-5.6065722
-5.6710464
-3.4510275
-3.5067672
-3.5625069
-3.6182466
-3.6739863
-3.729726
-3.7854657
-3.8412054
-3.8969451
-3.9526849
-4.0084246
-4.0641643
-4.119904
-4.1756437
-4.2313834
-4.2871231
-4.3428628
-4.3986025
-4.4543422
-4.5100819
-4.5658216
-4.6215613
-4.677301
-4.7330407
-4.7887804
-4.8445201
-4.9002598
-4.9559995
-5.0117392
-5.0674789
-5.1232186
-5.1789583
-5.234698
-5.2904377
-5.3461774
-5.4019171
-5.4576568
-5.5133965
-5.5691362
-5.6248759
-3.7453028
-3.7923139
-3.839325
-3.8863361
-3.9333473
-3.9803584
-4.0273695
-4.0743806
-4.1213917
-4.1684028
-4.2154139
-4.262425
-4.3094361
-4.3564473
-4.4034584
-4.4504695
-4.4974806
-4.5444917
-4.5915028
-4.6385139
-4.685525
-4.7325361
-4.7795473
-4.8265584
-4.8735695
-4.9205806
-4.9675917
-5.0146028
-5.0616139
-5.108625
-5.1556361
-5.2026473
-5.2496584
-5.2966695
-5.3436806
-5.3906917
-5.4377028
-5.4847139
-5.531725
-5.5787361
-4.0392468
-4.0775391
-4.1158315
-4.1541238
-4.1924162
-4.2307085
-4.2690009
-4.3072932
-4.3455856
-4.3838779
-4.4221703
-4.4604626
-4.498755
-4.5370473
-4.5753397
-4.613632
-4.6519244
-4.6902167
-4.7285091
-4.7668014
-4.8050938
-4.8433861
-4.8816785
-4.9199708
-4.9582632
-4.9965555
-5.0348479
-5.0731402
-5.1114326
-5.1497249
-5.1880173
-5.2263096
-5.264602
-5.3028943
-5.3411867
-5.379479
-5.4177714
-5.4560637
-5.4943561
-5.5326484
-4.3325633
-4.3621555
-4.3917477
-4.4213399
-4.4509321
-4.4805243
-4.5101165
-4.5397087
-4.5693009
-4.5988931
-4.6284853
-4.6580775
-4.6876697
-4.7172619
-4.7468541
-4.7764463
-4.8060385
-4.8356307
-4.8652229
-4.8948151
-4.9244073
-4.9539995
-4.9835917
-5.0131839
-5.0427761
-5.0723683
-5.1019605
-5.1315527
-5.1611449
-5.1907371
-5.2203293
-5.2499215
-5.2795137
-5.3091059
-5.3386981
-5.3682903
-5.3978825
-5.4274747
-5.4570669
-5.4866591
7.3125
7.3125
7.3125
7.3125
7.3125
7.3125
7.3125
7.3125
7.3125
7.3125
7.3125
7.3125
7.3125
7.3125
7.3125
7.3125
7.3125
7.3125
7.3125
7.3125
7.3125
7.3125
7.3125
7.3125
7.3125
7.3125
7.3125
7.3125
7.3125
7.3125
7.3125
7.3125
7.3125
7.3125
7.3125
7.3125
7.3125
7.3125
7.3125
7.3125
6.9375
6.9375
6.9375
6.9375
6.9375
6.9375
6.9375
6.9375
6.9375
6.9375
6.9375
6.9375
6.9375
6.9375
6.9375
6.9375
6.9375
6.9375
6.9375
6.9375
6.9375
6.9375
6.9375
6.9375
6.9375
6.9375
6.9375
6.9375
6.9375
6.9375
6.9375
6.9375
6.9375
6.9375
6.9375
6.9375
6.9375
6.9375
6.9375
6.9375
6.5625
6.5625
6.5625
6.5625
6.5625
6.5625
6.5625
6.5625
6.5625
6.5625
6.5625
6.5625
6.5625
6.5625
6.5625
6.5625
6.5625
6.5625
6.5625
6.5625
6.5625
6.5625
6.5625
6.5625
6.5625
6.5625
6.5625
6.5625
6.5625
6.5625
6.5625
6.5625
6.5625
6.5625
6.5625
6.5625
6.5625
6.5625
6.5625
6.5625
6.1875
6.1875
6.1875
6.1875
6.1875
6.1875
6.1875
6.1875
6.1875
6.1875
6.1875
6.1875
6.1875
6.1875
6.1875
6.1875
6.1875
6.1875
6.1875
6.1875
6.1875
6.1875
6.1875
6.1875
6.1875
6.1875
6.1875
6.1875
6.1875
6.1875
6.1875
6.1875
6.1875
6.1875
6.1875
6.1875
6.1875
6.1875
6.1875
6.1875
5.8125
5.8125
5.8125
5.8125
5.8125
5.8125
5.8125
5.8125
5.8125
5.8125
5.8125
5.8125
5.8125
5.8125
5.8125
5.8125
5.8125
5.8125
5.8125
5.8125
5.8125
5.8125
5.8125
5.8125
5.8125
5.8125
5.8125
5.8125
5.8125
5.8125
5.8125
5.8125
5.8125
5.8125
5.8125
5.8125
5.8125
5.8125
5.8125
5.8125
5.4375
5.4375
5.4375
5.4375
5.4375
5.4375
5.4375
5.4375
5.4375
5.4375
5.4375
5.4375
5.4375
5.4375
5.4375
5.4375
5.4375
5.4375
5.4375
5.4375
5.4375
5.4375
5.4375
5.4375
5.4375
5.4375
5.4375
5.4375
5.4375
5.4375
5.4375
5.4375
5.4375
5.4375
5.4375
5.4375
5.4375
5.4375
5.4375
5.4375
5.0625
5.0625
5.0625
5.0625
5.0625
5.0625
5.0625
5.0625
5.0625
5.0625
5.0625
5.0625
5.0625
5.0625
5.0625
5.0625
5.0625
5.0625
5.0625
5.0625
5.0625
5.0625
5.0625
5.0625
5.0625
5.0625
5.0625
5.0625
5.0625
5.0625
5.0625
5.0625
5.0625
5.0625
5.0625
5.0625
5.0625
5.0625
5.0625
5.0625
4.6875
4.6875
4.6875
4.6875
4.6875
4.6875
4.6875
4.6875
4.6875
4.6875
4.6875
4.6875
4.6875
4.6875
4.6875
4.6875
4.6875
4.6875
4.6875
4.6875
4.6875
4.6875
4.6875
4.6875
4.6875
4.6875
4.6875
4.6875
4.6875
4.6875
4.6875
4.6875
4.6875
4.6875
4.6875
4.6875
4.6875
4.6875
4.6875
4.6875
4.3125
4.3125
4.3125
4.3125
4.3125
4.3125
4.3125
4.3125
4.3125
4.3125
4.3125
4.3125
4.3125
4.3125
4.3125
4.3125
4.3125
4.3125
4.3125
4.3125
4.3125
4.3125
4.3125
4.3125
4.3125
4.3125
4.3125
4.3125
4.3125
4.3125
4.3125
4.3125
4.3125
4.3125
4.3125
4.3125
4.3125
4.3125
4.3125
4.3125
3.9375
3.9375
3.9375
3.9375
3.9375
3.9375
3.9375
3.9375
3.9375
3.9375
3.9375
3.9375
3.9375
3.9375
3.9375
3.9375
3.9375
3.9375
3.9375
3.9375
3.9375
3.9375
3.9375
3.9375
3.9375
3.9375
3.9375
3.9375
3.9375
3.9375
3.9375
3.9375
3.9375
3.9375
3.9375
3.9375
3.9375
3.9375
3.9375
3.9375
3.5625
3.5625
3.5625
3.5625
3.5625
3.5625
3.5625
3.5625
3.5625
3.5625
3.5625
3.5625
3.5625
3.5625
3.5625
3.5625
3.5625
3.5625
3.5625
3.5625
3.5625
3.5625
3.5625
3.5625
3.5625
3.5625
3.5625
3.5625
3.5625
3.5625
3.5625
3.5625
3.5625
3.5625
3.5625
3.5625
3.5625
3.5625
3.5625
3.5625
3.1875
3.1875
3.1875
3.1875
3.1875
3.1875
3.1875
3.1875
3.1875
3.1875
3.1875
3.1875
3.1875
3.1875
3.1875
3.1875
3.1875
3.1875
3.1875
3.1875
3.1875
3.1875
3.1875
3.1875
3.1875
3.1875
3.1875
3.1875
3.1875
3.1875
3.1875
3.1875
3.1875
3.1875
3.1875
3.1875
3.1875
3.1875
3.1875
3.1875
2.8125
2.8125
2.8125
2.8125
2.8125
2.8125
2.8125
2.8125
2.8125
2.8125
2.8125
2.8125
2.8125
2.8125
2.8125
2.8125
2.8125
2.8125
2.8125
2.8125
2.8125
2.8125
2.8125
2.8125
2.8125
2.8125
2.8125
2.8125
2.8125
2.8125
2.8125
2.8125
2.8125
2.8125
2.8125
2.8125
2.8125
2.8125
2.8125
2.8125
2.4375
2.4375
2.4375
2.4375
2.4375
2.4375
2.4375
2.4375
2.4375
2.4375
2.4375
2.4375
2.4375
2.4375
2.4375
2.4375
2.4375
2.4375
2.4375
2.4375
2.4375
2.4375
2.4375
2.4375
2.4375
2.4375
2.4375
2.4375
2.4375
2.4375
2.4375
2.4375
2.4375
2.4375
2.4375
2.4375
2.4375
2.4375
2.4375
2.4375
2.0625
2.0625
2.0625
2.0625
2.0625
2.0625
2.0625
2.0625
2.0625
2.0625
2.0625
2.0625
2.0625
2.0625
2.0625
2.0625
2.0625
2.0625
2.0625
2.0625
2.0625
2.0625
2.0625
2.0625
2.0625
2.0625
2.0625
2.0625
2.0625
2.0625
2.0625
2.0625
2.0625
2.0625
2.0625
2.0625
2.0625
2.0625
2.0625
2.0625
1.6875
1.6875
1.6875
1.6875
1.6875
1.6875
1.6875
1.6875
1.6875
1.6875
1.6875
1.6875
1.6875
1.6875
1.6875
1.6875
1.6875
1.6875
1.6875
1.6875
1.6875
1.6875
1.6875
1.6875
1.6875
1.6875
1.6875
1.6875
1.6875
1.6875
1.6875
1.6875
1.6875
1.6875
1.6875
1.6875
1.6875
1.6875
1.6875
1.6875
1.3125
1.3125
1.3125
1.3125
1.3125
1.3125
1.3125
1.3125
1.3125
1.3125
1.3125
1.3125
1.3125
1.3125
1.3125
1.3125
1.3125
1.3125
1.3125
1.3125
1.3125
1.3125
1.3125
1.3125
1.3125
1.3125
1.3125
1.3125
1.3125
1.3125
1.3125
1.3125
1.3125
1.3125
1.3125
1.3125
1.3125
1.3125
1.3125
1.3125
0.9375
0.9375
0.9375
0.9375
0.9375
0.9375
0.9375
0.9375
0.9375
0.9375
0.9375
0.9375
0.9375
0.9375
0.9375
0.9375
0.9375
0.9375
0.9375
0.9375
0.9375
0.9375
0.9375
0.9375
0.9375
0.9375
0.9375
0.9375
0.9375
0.9375
0.9375
0.9375
0.9375
0.9375
0.9375
0.9375
0.9375
0.9375
0.9375
0.9375
0.5625
0.5625
0.5625
0.5625
0.5625
0.5625
0.5625
0.5625
0.5625
0.5625
0.5625
0.5625
0.5625
0.5625
0.5625
0.5625
0.5625
0.5625
0.5625
0.5625
0.5625
0.5625
0.5625
0.5625
0.5625
0.5625
0.5625
0.5625
0.5625
0.5625
0.5625
0.5625
0.5625
0.5625
0.5625
0.5625
0.5625
0.5625
0.5625
0.5625
0.1875
0.1875
0.1875
0.1875
0.1875
0.1875
0.1875
0.1875
0.1875
0.1875
0.1875
0.1875
0.1875
0.1875
0.1875
0.1875
0.1875
0.1875
0.1875
0.1875
0.1875
0.1875
0.1875
0.1875
0.1875
0.1875
0.1875
0.1875
0.1875
0.1875
0.1875
0.1875
0.1875
0.1875
0.1875
0.1875
0.1875
0.1875
0.1875
0.1875
-0.1875
-0.1875
-0.1875
-0.1875
-0.1875
-0.1875
-0.1875
-0.1875
-0.1875
-0.1875
-0.1875
-0.1875
-0.1875
-0.1875
-0.1875
-0.1875
-0.1875
-0.1875
-0.1875
-0.1875
-0.1875
-0.1875
-0.1875
-0.1875
-0.1875
-0.1875
-0.1875
-0.1875
-0.1875
-0.1875
-0.1875
-0.1875
-0.1875
-0.1875
-0.1875
-0.1875
-0.1875
-0.1875
-0.1875
-0.1875
-0.5625
-0.5625
-0.5625
-0.5625
-0.5625
-0.5625
-0.5625
-0.5625
-0.5625
-0.5625
-0.5625
-0.5625
-0.5625
-0.5625
-0.5625
-0.5625
-0.5625
-0.5625
-0.5625
-0.5625
-0.5625
-0.5625
-0.5625
-0.5625
-0.5625
-0.5625
-0.5625
-0.5625
-0.5625
-0.5625
-0.5625
-0.5625
-0.5625
-0.5625
-0.5625
-0.5625
-0.5625
-0.5625
-0.5625
-0.5625
-0.9375
-0.9375
-0.9375
-0.9375
-0.9375
-0.9375
-0.9375
-0.9375
-0.9375
-0.9375
-0.9375
-0.9375
-0.9375
-0.9375
-0.9375
-0.9375
-0.9375
-0.9375
-0.9375
-0.9375
-0.9375
-0.9375
-0.9375
-0.9375
-0.9375
-0.9375
-0.9375
-0.9375
-0.9375
-0.9375
-0.9375
-0.9375
-0.9375
-0.9375
-0.9375
-0.9375
-0.9375
-0.9375
-0.9375
-0.9375
-1.3125
-1.3125
-1.3125
-1.3125
-1.3125
-1.3125
-1.3125
-1.3125
-1.3125
-1.3125
-1.3125
-1.3125
-1.3125
-1.3125
-1.3125
-1.3125
-1.3125
-1.3125
-1.3125
-1.3125
-1.3125
-1.3125
-1.3125
-1.3125
-1.3125
-1.3125
-1.3125
-1.3125
-1.3125
-1.3125
-1.3125
-1.3125
-1.3125
-1.3125
-1.3125
-1.3125
-1.3125
-1.3125
-1.3125
-1.3125
-1.6875
-1.6875
-1.6875
-1.6875
-1.6875
-1.6875
-1.6875
-1.6875
-1.6875
-1.6875
-1.6875
-1.6875
-1.6875
-1.6875
-1.6875
-1.6875
-1.6875
-1.6875
-1.6875
-1.6875
-1.6875
-1.6875
-1.6875
-1.6875
-1.6875
-1.6875
-1.6875
-1.6875
-1.6875
-1.6875
-1.6875
-1.6875
-1.6875
-1.6875
-1.6875
-1.6875
-1.6875
-1.6875
-1.6875
-1.6875
-2.0625
-2.0625
-2.0625
-2.0625
-2.0625
-2.0625
-2.0625
-2.0625
-2.0625
-2.0625
-2.0625
-2.0625
-2.0625
-2.0625
-2.0625
-2.0625
-2.0625
-2.0625
-2.0625
-2.0625
-2.0625
-2.0625
-2.0625
-2.0625
-2.0625
-2.0625
-2.0625
-2.0625
-2.0625
-2.0625
-2.0625
-2.0625
-2.0625
-2.0625
-2.0625
-2.0625
-2.0625
-2.0625
-2.0625
-2.0625
-2.4375
-2.4375
-2.4375
-2.4375
-2.4375
-2.4375
-2.4375
-2.4375
-2.4375
-2.4375
-2.4375
-2.4375
-2.4375
-2.4375
-2.4375
-2.4375
-2.4375
-2.4375
-2.4375
-2.4375
-2.4375
-2.4375
-2.4375
-2.4375
-2.4375
-2.4375
-2.4375
-2.4375
-2.4375
-2.4375
-2.4375
-2.4375
-2.4375
-2.4375
-2.4375
-2.4375
-2.4375
-2.4375
-2.4375
-2.4375
-2.8125
-2.8125
-2.8125
-2.8125
-2.8125
-2.8125
-2.8125
-2.8125
-2.8125
-2.8125
-2.8125
-2.8125
-2.8125
-2.8125
-2.8125
-2.8125
-2.8125
-2.8125
-2.8125
-2.8125
-2.8125
-2.8125
-2.8125
-2.8125
-2.8125
-2.8125
-2.8125
-2.8125
-2.8125
-2.8125
-2.8125
-2.8125
-2.8125
-2.8125
-2.8125
-2.8125
-2.8125
-2.8125
-2.8125
-2.8125
-3.1875
-3.1875
-3.1875
-3.1875
-3.1875
-3.1875
-3.1875
-3.1875
-3.1875
-3.1875
-3.1875
-3.1875
-3.1875
-3.1875
-3.1875
-3.1875
-3.1875
-3.1875
-3.1875
-3.1875
-3.1875
-3.1875
-3.1875
-3.1875
-3.1875
-3.1875
-3.1875
-3.1875
-3.1875
-3.1875
-3.1875
-3.1875
-3.1875
-3.1875
-3.1875
-3.1875
-3.1875
-3.1875
-3.1875
-3.1875
-3.5625
-3.5625
-3.5625
-3.5625
-3.5625
-3.5625
-3.5625
-3.5625
-3.5625
-3.5625
-3.5625
-3.5625
-3.5625
-3.5625
-3.5625
-3.5625
-3.5625
-3.5625
-3.5625
-3.5625
-3.5625
-3.5625
-3.5625
-3.5625
-3.5625
-3.5625
-3.5625
-3.5625
-3.5625
-3.5625
-3.5625
-3.5625
-3.5625
-3.5625
-3.5625
-3.5625
-3.5625
-3.5625
-3.5625
-3.5625
-3.9375
-3.9375
-3.9375
-3.9375
-3.9375
-3.9375
-3.9375
-3.9375
-3.9375
-3.9375
-3.9375
-3.9375
-3.9375
-3.9375
-3.9375
-3.9375
-3.9375
-3.9375
-3.9375
-3.9375
-3.9375
-3.9375
-3.9375
-3.9375
-3.9375
-3.9375
-3.9375
-3.9375
-3.9375
-3.9375
-3.9375
-3.9375
-3.9375
-3.9375
-3.9375
-3.9375
-3.9375
-3.9375
-3.9375
-3.9375
-4.3125
-4.3125
-4.3125
-4.3125
-4.3125
-4.3125
-4.3125
-4.3125
-4.3125
-4.3125
-4.3125
-4.3125
-4.3125
-4.3125
-4.3125
-4.3125
-4.3125
-4.3125
-4.3125
-4.3125
-4.3125
-4.3125
-4.3125
-4.3125
-4.3125
-4.3125
-4.3125
-4.3125
-4.3125
-4.3125
-4.3125
-4.3125
-4.3125
-4.3125
-4.3125
-4.3125
-4.3125
-4.3125
-4.3125
-4.3125
-4.6875
-4.6875
-4.6875
-4.6875
-4.6875
-4.6875
-4.6875
-4.6875
-4.6875
-4.6875
-4.6875
-4.6875
-4.6875
-4.6875
-4.6875
-4.6875
-4.6875
-4.6875
-4.6875
-4.6875
-4.6875
-4.6875
-4.6875
-4.6875
-4.6875
-4.6875
-4.6875
-4.6875
-4.6875
-4.6875
-4.6875
-4.6875
-4.6875
-4.6875
-4.6875
-4.6875
-4.6875
-4.6875
-4.6875
-4.6875
-5.0625
-5.0625
-5.0625
-5.0625
-5.0625
-5.0625
-5.0625
-5.0625
-5.0625
-5.0625
-5.0625
-5.0625
-5.0625
-5.0625
-5.0625
-5.0625
-5.0625
-5.0625
-5.0625
-5.0625
-5.0625
-5.0625
-5.0625
-5.0625
-5.0625
-5.0625
-5.0625
-5.0625
-5.0625
-5.0625
-5.0625
-5.0625
-5.0625
-5.0625
-5.0625
-5.0625
-5.0625
-5.0625
-5.0625
-5.0625
-5.4375
-5.4375
-5.4375
-5.4375
-5.4375
-5.4375
-5.4375
-5.4375
-5.4375
-5.4375
-5.4375
-5.4375
-5.4375
-5.4375
-5.4375
-5.4375
-5.4375
-5.4375
-5.4375
-5.4375
-5.4375
-5.4375
-5.4375
-5.4375
-5.4375
-5.4375
-5.4375
-5.4375
-5.4375
-5.4375
-5.4375
-5.4375
-5.4375
-5.4375
-5.4375
-5.4375
-5.4375
-5.4375
-5.4375
-5.4375
-5.8125
-5.8125
-5.8125
-5.8125
-5.8125
-5.8125
-5.8125
-5.8125
-5.8125
-5.8125
-5.8125
-5.8125
-5.8125
-5.8125
-5.8125
-5.8125
-5.8125
-5.8125
-5.8125
-5.8125
-5.8125
-5.8125
-5.8125
-5.8125
-5.8125
-5.8125
-5.8125
-5.8125
-5.8125
-5.8125
-5.8125
-5.8125
-5.8125
-5.8125
-5.8125
-5.8125
-5.8125
-5.8125
-5.8125
-5.8125
-6.1875
-6.1875
-6.1875
-6.1875
-6.1875
-6.1875
-6.1875
-6.1875
-6.1875
-6.1875
-6.1875
-6.1875
-6.1875
-6.1875
-6.1875
-6.1875
-6.1875
-6.1875
-6.1875
-6.1875
-6.1875
-6.1875
-6.1875
-6.1875
-6.1875
-6.1875
-6.1875
-6.1875
-6.1875
-6.1875
-6.1875
-6.1875
-6.1875
-6.1875
-6.1875
-6.1875
-6.1875
-6.1875
-6.1875
-6.1875
-6.5625
-6.5625
-6.5625
-6.5625
-6.5625
-6.5625
-6.5625
-6.5625
-6.5625
-6.5625
-6.5625
-6.5625
-6.5625
-6.5625
-6.5625
-6.5625
-6.5625
-6.5625
-6.5625
-6.5625
-6.5625
-6.5625
-6.5625
-6.5625
-6.5625
-6.5625
-6.5625
-6.5625
-6.5625
-6.5625
-6.5625
-6.5625
-6.5625
-6.5625
-6.5625
-6.5625
-6.5625
-6.5625
-6.5625
-6.5625
-6.9375
-6.9375
-6.9375
-6.9375
-6.9375
-6.9375
-6.9375
-6.9375
-6.9375
-6.9375
-6.9375
-6.9375
-6.9375
-6.9375
-6.9375
-6.9375
-6.9375
-6.9375
-6.9375
-6.9375
-6.9375
-6.9375
-6.9375
-6.9375
-6.9375
-6.9375
-6.9375
-6.9375
-6.9375
-6.9375
-6.9375
-6.9375
-6.9375
-6.9375
-6.9375
-6.9375
-6.9375
-6.9375
-6.9375
-6.9375
-7.3125
-7.3125
-7.3125
-7.3125
-7.3125
-7.3125
-7.3125
-7.3125
-7.3125
-7.3125
-7.3125
-7.3125
-7.3125
-7.3125
-7.3125
-7.3125
-7.3125
-7.3125
-7.3125
-7.3125
-7.3125
-7.3125
-7.3125
-7.3125
-7.3125
-7.3125
-7.3125
-7.3125
-7.3125
-7.3125
-7.3125
-7.3125
-7.3125
-7.3125
-7.3125
-7.3125
-7.3125
-7.3125
-7.3125
-7.3125
-7.3125
-7.3125
-7.3125
-7.3125
-7.3125
-7.3125
-7.3125
-7.3125
-7.3125
-7.3125
-7.3125
-7.3125
-7.3125
-7.3125
-7.3125
-7.3125
-7.3125
-7.3125
-7.3125
-7.3125
-7.3125
-7.3125
-7.3125
-7.3125
-7.3125
-7.3125
-7.3125
-7.3125
-7.3125
-7.3125
-7.3125
-7.3125
-7.3125
-7.3125
-7.3125
-7.3125
-7.3125
-7.3125
-7.3125
-7.3125
-6.9375
-6.9375
-6.9375
-6.9375
-6.9375
-6.9375
-6.9375
-6.9375
-6.9375
-6.9375
-6.9375
-6.9375
-6.9375
-6.9375
-6.9375
-6.9375
-6.9375
-6.9375
-6.9375
-6.9375
-6.9375
-6.9375
-6.9375
-6.9375
-6.9375
-6.9375
-6.9375
-6.9375
-6.9375
-6.9375
-6.9375
-6.9375
-6.9375
-6.9375
-6.9375
-6.9375
-6.9375
-6.9375
-6.9375
-6.9375
-6.5625
-6.5625
-6.5625
-6.5625
-6.5625
-6.5625
-6.5625
-6.5625
-6.5625
-6.5625
-6.5625
-6.5625
-6.5625
-6.5625
-6.5625
-6.5625
-6.5625
-6.5625
-6.5625
-6.5625
-6.5625
-6.5625
-6.5625
-6.5625
-6.5625
-6.5625
-6.5625
-6.5625
-6.5625
-6.5625
-6.5625
-6.5625
-6.5625
-6.5625
-6.5625
-6.5625
-6.5625
-6.5625
-6.5625
-6.5625
-6.1875
-6.1875
-6.1875
-6.1875
-6.1875
-6.1875
-6.1875
-6.1875
-6.1875
-6.1875
-6.1875
-6.1875
-6.1875
-6.1875
-6.1875
-6.1875
-6.1875
-6.1875
-6.1875
-6.1875
-6.1875
-6.1875
-6.1875
-6.1875
-6.1875
-6.1875
-6.1875
-6.1875
-6.1875
-6.1875
-6.1875
-6.1875
-6.1875
-6.1875
-6.1875
-6.1875
-6.1875
-6.1875
-6.1875
-6.1875
-5.8125
-5.8125
-5.8125
-5.8125
-5.8125
-5.8125
-5.8125
-5.8125
-5.8125
-5.8125
-5.8125
-5.8125
-5.8125
-5.8125
-5.8125
-5.8125
-5.8125
-5.8125
-5.8125
-5.8125
-5.8125
-5.8125
-5.8125
-5.8125
-5.8125
-5.8125
-5.8125
-5.8125
-5.8125
-5.8125
-5.8125
-5.8125
-5.8125
-5.8125
-5.8125
-5.8125
-5.8125
-5.8125
-5.8125
-5.8125
-5.4375
-5.4375
-5.4375
-5.4375
-5.4375
-5.4375
-5.4375
-5.4375
-5.4375
-5.4375
-5.4375
-5.4375
-5.4375
-5.4375
-5.4375
-5.4375
-5.4375
-5.4375
-5.4375
-5.4375
-5.4375
-5.4375
-5.4375
-5.4375
-5.4375
-5.4375
-5.4375
-5.4375
-5.4375
-5.4375
-5.4375
-5.4375
-5.4375
-5.4375
-5.4375
-5.4375
-5.4375
-5.4375
-5.4375
-5.4375
-5.0625
-5.0625
-5.0625
-5.0625
-5.0625
-5.0625
-5.0625
-5.0625
-5.0625
-5.0625
-5.0625
-5.0625
-5.0625
-5.0625
-5.0625
-5.0625
-5.0625
-5.0625
-5.0625
-5.0625
-5.0625
-5.0625
-5.0625
-5.0625
-5.0625
-5.0625
-5.0625
-5.0625
-5.0625
-5.0625
-5.0625
-5.0625
-5.0625
-5.0625
-5.0625
-5.0625
-5.0625
-5.0625
-5.0625
-5.0625
-4.6875
-4.6875
-4.6875
-4.6875
-4.6875
-4.6875
-4.6875
-4.6875
-4.6875
-4.6875
-4.6875
-4.6875
-4.6875
-4.6875
-4.6875
-4.6875
-4.6875
-4.6875
-4.6875
-4.6875
-4.6875
-4.6875
-4.6875
-4.6875
-4.6875
-4.6875
-4.6875
-4.6875
-4.6875
-4.6875
-4.6875
-4.6875
-4.6875
-4.6875
-4.6875
-4.6875
-4.6875
-4.6875
-4.6875
-4.6875
-4.3125
-4.3125
-4.3125
-4.3125
-4.3125
-4.3125
-4.3125
-4.3125
-4.3125
-4.3125
-4.3125
-4.3125
-4.3125
-4.3125
-4.3125
-4.3125
-4.3125
-4.3125
-4.3125
-4.3125
-4.3125
-4.3125
-4.3125
-4.3125
-4.3125
-4.3125
-4.3125
-4.3125
-4.3125
-4.3125
-4.3125
-4.3125
-4.3125
-4.3125
-4.3125
-4.3125
-4.3125
-4.3125
-4.3125
-4.3125
-3.9375
-3.9375
-3.9375
-3.9375
-3.9375
-3.9375
-3.9375
-3.9375
-3.9375
-3.9375
-3.9375
-3.9375
-3.9375
-3.9375
-3.9375
-3.9375
-3.9375
-3.9375
-3.9375
-3.9375
-3.9375
-3.9375
-3.9375
-3.9375
-3.9375
-3.9375
-3.9375
-3.9375
-3.9375
-3.9375
-3.9375
-3.9375
-3.9375
-3.9375
-3.9375
-3.9375
-3.9375
-3.9375
-3.9375
-3.9375
-3.5625
-3.5625
-3.5625
-3.5625
-3.5625
-3.5625
-3.5625
-3.5625
-3.5625
-3.5625
-3.5625
-3.5625
-3.5625
-3.5625
-3.5625
-3.5625
-3.5625
-3.5625
-3.5625
-3.5625
-3.5625
-3.5625
-3.5625
-3.5625
-3.5625
-3.5625
-3.5625
-3.5625
-3.5625
-3.5625
-3.5625
-3.5625
-3.5625
-3.5625
-3.5625
-3.5625
-3.5625
-3.5625
-3.5625
-3.5625
-3.1875
-3.1875
-3.1875
-3.1875
-3.1875
-3.1875
-3.1875
-3.1875
-3.1875
-3.1875
-3.1875
-3.1875
-3.1875
-3.1875
-3.1875
-3.1875
-3.1875
-3.1875
-3.1875
-3.1875
-3.1875
-3.1875
-3.1875
-3.1875
-3.1875
-3.1875
-3.1875
-3.1875
-3.1875
-3.1875
-3.1875
-3.1875
-3.1875
-3.1875
-3.1875
-3.1875
-3.1875
-3.1875
-3.1875
-3.1875
-2.8125
-2.8125
-2.8125
-2.8125
-2.8125
-2.8125
-2.8125
-2.8125
-2.8125
-2.8125
-2.8125
-2.8125
-2.8125
-2.8125
-2.8125
-2.8125
-2.8125
-2.8125
-2.8125
-2.8125
-2.8125
-2.8125
-2.8125
-2.8125
-2.8125
-2.8125
-2.8125
-2.8125
-2.8125
-2.8125
-2.8125
-2.8125
-2.8125
-2.8125
-2.8125
-2.8125
-2.8125
-2.8125
-2.8125
-2.8125
-2.4375
-2.4375
-2.4375
-2.4375
-2.4375
-2.4375
-2.4375
-2.4375
-2.4375
-2.4375
-2.4375
-2.4375
-2.4375
-2.4375
-2.4375
-2.4375
-2.4375
-2.4375
-2.4375
-2.4375
-2.4375
-2.4375
-2.4375
-2.4375
-2.4375
-2.4375
-2.4375
-2.4375
-2.4375
-2.4375
-2.4375
-2.4375
-2.4375
-2.4375
-2.4375
-2.4375
-2.4375
-2.4375
-2.4375
-2.4375
-2.0625
-2.0625
-2.0625
-2.0625
-2.0625
-2.0625
-2.0625
-2.0625
-2.0625
-2.0625
-2.0625
-2.0625
-2.0625
-2.0625
-2.0625
-2.0625
-2.0625
-2.0625
-2.0625
-2.0625
-2.0625
-2.0625
-2.0625
-2.0625
-2.0625
-2.0625
-2.0625
-2.0625
-2.0625
-2.0625
-2.0625
-2.0625
-2.0625
-2.0625
-2.0625
-2.0625
-2.0625
-2.0625
-2.0625
-2.0625
-1.6875
-1.6875
-1.6875
-1.6875
-1.6875
-1.6875
-1.6875
-1.6875
-1.6875
-1.6875
-1.6875
-1.6875
-1.6875
-1.6875
-1.6875
-1.6875
-1.6875
-1.6875
-1.6875
-1.6875
-1.6875
-1.6875
-1.6875
-1.6875
-1.6875
-1.6875
-1.6875
-1.6875
-1.6875
-1.6875
-1.6875
-1.6875
-1.6875
-1.6875
-1.6875
-1.6875
-1.6875
-1.6875
-1.6875
-1.6875
-1.3125
-1.3125
-1.3125
-1.3125
-1.3125
-1.3125
-1.3125
-1.3125
-1.3125
-1.3125
-1.3125
-1.3125
-1.3125
-1.3125
-1.3125
-1.3125
-1.3125
-1.3125
-1.3125
-1.3125
-1.3125
-1.3125
-1.3125
-1.3125
-1.3125
-1.3125
-1.3125
-1.3125
-1.3125
-1.3125
-1.3125
-1.3125
-1.3125
-1.3125
-1.3125
-1.3125
-1.3125
-1.3125
-1.3125
-1.3125
-0.9375
-0.9375
-0.9375
-0.9375
-0.9375
-0.9375
-0.9375
-0.9375
-0.9375
-0.9375
-0.9375
-0.9375
-0.9375
-0.9375
-0.9375
-0.9375
-0.9375
-0.9375
-0.9375
-0.9375
-0.9375
-0.9375
-0.9375
-0.9375
-0.9375
-0.9375
-0.9375
-0.9375
-0.9375
-0.9375
-0.9375
-0.9375
-0.9375
-0.9375
-0.9375
-0.9375
-0.9375
-0.9375
-0.9375
-0.9375
-0.5625
-0.5625
-0.5625
-0.5625
-0.5625
-0.5625
-0.5625
-0.5625
-0.5625
-0.5625
-0.5625
-0.5625
-0.5625
-0.5625
-0.5625
-0.5625
-0.5625
-0.5625
-0.5625
-0.5625
-0.5625
-0.5625
-0.5625
-0.5625
-0.5625
-0.5625
-0.5625
-0.5625
-0.5625
-0.5625
-0.5625
-0.5625
-0.5625
-0.5625
-0.5625
-0.5625
-0.5625
-0.5625
-0.5625
-0.5625
-0.1875
-0.1875
-0.1875
-0.1875
-0.1875
-0.1875
-0.1875
-0.1875
-0.1875
-0.1875
-0.1875
-0.1875
-0.1875
-0.1875
-0.1875
-0.1875
-0.1875
-0.1875
-0.1875
-0.1875
-0.1875
-0.1875
-0.1875
-0.1875
-0.1875
-0.1875
-0.1875
-0.1875
-0.1875
-0.1875
-0.1875
-0.1875
-0.1875
-0.1875
-0.1875
-0.1875
-0.1875
-0.1875
-0.1875
-0.1875
0.1875
0.1875
0.1875
0.1875
0.1875
0.1875
0.1875
0.1875
0.1875
0.1875
0.1875
0.1875
0.1875
0.1875
0.1875
0.1875
0.1875
0.1875
0.1875
0.1875
0.1875
0.1875
0.1875
0.1875
0.1875
0.1875
0.1875
0.1875
0.1875
0.1875
0.1875
0.1875
0.1875
0.1875
0.1875
0.1875
0.1875
0.1875
0.1875
0.1875
0.5625
0.5625
0.5625
0.5625
0.5625
0.5625
0.5625
0.5625
0.5625
0.5625
0.5625
0.5625
0.5625
0.5625
0.5625
0.5625
0.5625
0.5625
0.5625
0.5625
0.5625
0.5625
0.5625
0.5625
0.5625
0.5625
0.5625
0.5625
0.5625
0.5625
0.5625
0.5625
0.5625
0.5625
0.5625
0.5625
0.5625
0.5625
0.5625
0.5625
0.9375
0.9375
0.9375
0.9375
0.9375
0.9375
0.9375
0.9375
0.9375
0.9375
0.9375
0.9375
0.9375
0.9375
0.9375
0.9375
0.9375
0.9375
0.9375
0.9375
0.9375
0.9375
0.9375
0.9375
0.9375
0.9375
0.9375
0.9375
0.9375
0.9375
0.9375
0.9375
0.9375
0.9375
0.9375
0.9375
0.9375
0.9375
0.9375
0.9375
1.3125
1.3125
1.3125
1.3125
1.3125
1.3125
1.3125
1.3125
1.3125
1.3125
1.3125
1.3125
1.3125
1.3125
1.3125
1.3125
1.3125
1.3125
1.3125
1.3125
1.3125
1.3125
1.3125
1.3125
1.3125
1.3125
1.3125
1.3125
1.3125
1.3125
1.3125
1.3125
1.3125
1.3125
1.3125
1.3125
1.3125
1.3125
1.3125
1.3125
1.6875
1.6875
1.6875
1.6875
1.6875
1.6875
1.6875
1.6875
1.6875
1.6875
1.6875
1.6875
1.6875
1.6875
1.6875
1.6875
1.6875
1.6875
1.6875
1.6875
1.6875
1.6875
1.6875
1.6875
1.6875
1.6875
1.6875
1.6875
1.6875
1.6875
1.6875
1.6875
1.6875
1.6875
1.6875
1.6875
1.6875
1.6875
1.6875
1.6875
2.0625
2.0625
2.0625
2.0625
2.0625
2.0625
2.0625
2.0625
2.0625
2.0625
2.0625
2.0625
2.0625
2.0625
2.0625
2.0625
2.0625
2.0625
2.0625
2.0625
2.0625
2.0625
2.0625
2.0625
2.0625
2.0625
2.0625
2.0625
2.0625
2.0625
2.0625
2.0625
2.0625
2.0625
2.0625
2.0625
2.0625
2.0625
2.0625
2.0625
2.4375
2.4375
2.4375
2.4375
2.4375
2.4375
2.4375
2.4375
2.4375
2.4375
2.4375
2.4375
2.4375
2.4375
2.4375
2.4375
2.4375
2.4375
2.4375
2.4375
2.4375
2.4375
2.4375
2.4375
2.4375
2.4375
2.4375
2.4375
2.4375
2.4375
2.4375
2.4375
2.4375
2.4375
2.4375
2.4375
2.4375
2.4375
2.4375
2.4375
2.8125
2.8125
2.8125
2.8125
2.8125
2.8125
2.8125
2.8125
2.8125
2.8125
2.8125
2.8125
2.8125
2.8125
2.8125
2.8125
2.8125
2.8125
2.8125
2.8125
2.8125
2.8125
2.8125
2.8125
2.8125
2.8125
2.8125
2.8125
2.8125
2.8125
2.8125
2.8125
2.8125
2.8125
2.8125
2.8125
2.8125
2.8125
2.8125
2.8125
3.1875
3.1875
3.1875
3.1875
3.1875
3.1875
3.1875
3.1875
3.1875
3.1875
3.1875
3.1875
3.1875
3.1875
3.1875
3.1875
3.1875
3.1875
3.1875
3.1875
3.1875
3.1875
3.1875
3.1875
3.1875
3.1875
3.1875
3.1875
3.1875
3.1875
3.1875
3.1875
3.1875
3.1875
3.1875
3.1875
3.1875
3.1875
3.1875
3.1875
3.5625
3.5625
3.5625
3.5625
3.5625
3.5625
3.5625
3.5625
3.5625
3.5625
3.5625
3.5625
3.5625
3.5625
3.5625
3.5625
3.5625
3.5625
3.5625
3.5625
3.5625
3.5625
3.5625
3.5625
3.5625
3.5625
3.5625
3.5625
3.5625
3.5625
3.5625
3.5625
3.5625
3.5625
3.5625
3.5625
3.5625
3.5625
3.5625
3.5625
3.9375
3.9375
3.9375
3.9375
3.9375
3.9375
3.9375
3.9375
3.9375
3.9375
3.9375
3.9375
3.9375
3.9375
3.9375
3.9375
3.9375
3.9375
3.9375
3.9375
3.9375
3.9375
3.9375
3.9375
3.9375
3.9375
3.9375
3.9375
3.9375
3.9375
3.9375
3.9375
3.9375
3.9375
3.9375
3.9375
3.9375
3.9375
3.9375
3.9375
4.3125
4.3125
4.3125
4.3125
4.3125
4.3125
4.3125
4.3125
4.3125
4.3125
4.3125
4.3125
4.3125
4.3125
4.3125
4.3125
4.3125
4.3125
4.3125
4.3125
4.3125
4.3125
4.3125
4.3125
4.3125
4.3125
4.3125
4.3125
4.3125
4.3125
4.3125
4.3125
4.3125
4.3125
4.3125
4.3125
4.3125
4.3125
4.3125
4.3125
4.6875
4.6875
4.6875
4.6875
4.6875
4.6875
4.6875
4.6875
4.6875
4.6875
4.6875
4.6875
4.6875
4.6875
4.6875
4.6875
4.6875
4.6875
4.6875
4.6875
4.6875
4.6875
4.6875
4.6875
4.6875
4.6875
4.6875
4.6875
4.6875
4.6875
4.6875
4.6875
4.6875
4.6875
4.6875
4.6875
4.6875
4.6875
4.6875
4.6875
5.0625
5.0625
5.0625
5.0625
5.0625
5.0625
5.0625
5.0625
5.0625
5.0625
5.0625
5.0625
5.0625
5.0625
5.0625
5.0625
5.0625
5.0625
5.0625
5.0625
5.0625
5.0625
5.0625
5.0625
5.0625
5.0625
5.0625
5.0625
5.0625
5.0625
5.0625
5.0625
5.0625
5.0625
5.0625
5.0625
5.0625
5.0625
5.0625
5.0625
5.4375
5.4375
5.4375
5.4375
5.4375
5.4375
5.4375
5.4375
5.4375
5.4375
5.4375
5.4375
5.4375
5.4375
5.4375
5.4375
5.4375
5.4375
5.4375
5.4375
5.4375
5.4375
5.4375
5.4375
5.4375
5.4375
5.4375
5.4375
5.4375
5.4375
5.4375
5.4375
5.4375
5.4375
5.4375
5.4375
5.4375
5.4375
5.4375
5.4375
5.8125
5.8125
5.8125
5.8125
5.8125
5.8125
5.8125
5.8125
5.8125
5.8125
5.8125
5.8125
5.8125
5.8125
5.8125
5.8125
5.8125
5.8125
5.8125
5.8125
5.8125
5.8125
5.8125
5.8125
5.8125
5.8125
5.8125
5.8125
5.8125
5.8125
5.8125
5.8125
5.8125
5.8125
5.8125
5.8125
5.8125
5.8125
5.8125
5.8125
6.1875
6.1875
6.1875
6.1875
6.1875
6.1875
6.1875
6.1875
6.1875
6.1875
6.1875
6.1875
6.1875
6.1875
6.1875
6.1875
6.1875
6.1875
6.1875
6.1875
6.1875
6.1875
6.1875
6.1875
6.1875
6.1875
6.1875
6.1875
6.1875
6.1875
6.1875
6.1875
6.1875
6.1875
6.1875
6.1875
6.1875
6.1875
6.1875
6.1875
6.5625
6.5625
6.5625
6.5625
6.5625
6.5625
6.5625
6.5625
6.5625
6.5625
6.5625
6.5625
6.5625
6.5625
6.5625
6.5625
6.5625
6.5625
6.5625
6.5625
6.5625
6.5625
6.5625
6.5625
6.5625
6.5625
6.5625
6.5625
6.5625
6.5625
6.5625
6.5625
6.5625
6.5625
6.5625
6.5625
6.5625
6.5625
6.5625
6.5625
6.9375
6.9375
6.9375
6.9375
6.9375
6.9375
6.9375
6.9375
6.9375
6.9375
6.9375
6.9375
6.9375
6.9375
6.9375
6.9375
6.9375
6.9375
6.9375
6.9375
6.9375
6.9375
6.9375
6.9375
6.9375
6.9375
6.9375
6.9375
6.9375
6.9375
6.9375
6.9375
6.9375
6.9375
6.9375
6.9375
6.9375
6.9375
6.9375
6.9375
7.3125
7.3125
7.3125
7.3125
7.3125
7.3125
7.3125
7.3125
7.3125
7.3125
7.3125
7.3125
7.3125
7.3125
7.3125
7.3125
7.3125
7.3125
7.3125
7.3125
7.3125
7.3125
7.3125
7.3125
7.3125
7.3125
7.3125
7.3125
7.3125
7.3125
7.3125
7.3125
7.3125
7.3125
7.3125
7.3125
7.3125
7.3125
7.3125
7.3125
)
;

boundaryField
{
    FrontBack
    {
        type            empty;
    }
    Cylinder
    {
        type            calculated;
        value           nonuniform List<scalar> 
160
(
-5.4748845
-5.4748845
-5.4748845
-5.4748845
-5.4748845
-5.4748845
-5.4748845
-5.4748845
-5.4748845
-5.4748845
-5.4748845
-5.4748845
-5.4748845
-5.4748845
-5.4748845
-5.4748845
-5.4748845
-5.4748845
-5.4748845
-5.4748845
-5.4748845
-5.4748845
-5.4748845
-5.4748845
-5.4748845
-5.4748845
-5.4748845
-5.4748845
-5.4748845
-5.4748845
-5.4748845
-5.4748845
-5.4748845
-5.4748845
-5.4748845
-5.4748845
-5.4748845
-5.4748845
-5.4748845
-5.4748845
-5.4623845
-5.4373845
-5.4123845
-5.3873845
-5.3623845
-5.3373845
-5.3123845
-5.2873845
-5.2623845
-5.2373845
-5.2123845
-5.1873845
-5.1623845
-5.1373845
-5.1123845
-5.0873845
-5.0623845
-5.0373845
-5.0123845
-4.9873845
-4.9623845
-4.9373845
-4.9123845
-4.8873845
-4.8623845
-4.8373845
-4.8123845
-4.7873845
-4.7623845
-4.7373845
-4.7123845
-4.6873845
-4.6623845
-4.6373845
-4.6123845
-4.5873845
-4.5623845
-4.5373845
-4.5123845
-4.4873845
-4.4748845
-4.4748845
-4.4748845
-4.4748845
-4.4748845
-4.4748845
-4.4748845
-4.4748845
-4.4748845
-4.4748845
-4.4748845
-4.4748845
-4.4748845
-4.4748845
-4.4748845
-4.4748845
-4.4748845
-4.4748845
-4.4748845
-4.4748845
-4.4748845
-4.4748845
-4.4748845
-4.4748845
-4.4748845
-4.4748845
-4.4748845
-4.4748845
-4.4748845
-4.4748845
-4.4748845
-4.4748845
-4.4748845
-4.4748845
-4.4748845
-4.4748845
-4.4748845
-4.4748845
-4.4748845
-4.4748845
-4.4873845
-4.5123845
-4.5373845
-4.5623845
-4.5873845
-4.6123845
-4.6373845
-4.6623845
-4.6873845
-4.7123845
-4.7373845
-4.7623845
-4.7873845
-4.8123845
-4.8373845
-4.8623845
-4.8873845
-4.9123845
-4.9373845
-4.9623845
-4.9873845
-5.0123845
-5.0373845
-5.0623845
-5.0873845
-5.1123845
-5.1373845
-5.1623845
-5.1873845
-5.2123845
-5.2373845
-5.2623845
-5.2873845
-5.3123845
-5.3373845
-5.3623845
-5.3873845
-5.4123845
-5.4373845
-5.4623845
)
;
    }
    Bottom
    {
        type            calculated;
        value           nonuniform List<scalar> 
120
(
-7.5
-7.5
-7.5
-7.5
-7.5
-7.5
-7.5
-7.5
-7.5
-7.5
-7.5
-7.5
-7.5
-7.5
-7.5
-7.5
-7.5
-7.5
-7.5
-7.5
-7.5
-7.5
-7.5
-7.5
-7.5
-7.5
-7.5
-7.5
-7.5
-7.5
-7.5
-7.5
-7.5
-7.5
-7.5
-7.5
-7.5
-7.5
-7.5
-7.5
-7.5
-7.5
-7.5
-7.5
-7.5
-7.5
-7.5
-7.5
-7.5
-7.5
-7.5
-7.5
-7.5
-7.5
-7.5
-7.5
-7.5
-7.5
-7.5
-7.5
-7.5
-7.5
-7.5
-7.5
-7.5
-7.5
-7.5
-7.5
-7.5
-7.5
-7.5
-7.5
-7.5
-7.5
-7.5
-7.5
-7.5
-7.5
-7.5
-7.5
-7.5
-7.5
-7.5
-7.5
-7.5
-7.5
-7.5
-7.5
-7.5
-7.5
-7.5
-7.5
-7.5
-7.5
-7.5
-7.5
-7.5
-7.5
-7.5
-7.5
-7.5
-7.5
-7.5
-7.5
-7.5
-7.5
-7.5
-7.5
-7.5
-7.5
-7.5
-7.5
-7.5
-7.5
-7.5
-7.5
-7.5
-7.5
-7.5
-7.5
)
;
    }
    Top
    {
        type            calculated;
        value           nonuniform List<scalar> 
120
(
7.5
7.5
7.5
7.5
7.5
7.5
7.5
7.5
7.5
7.5
7.5
7.5
7.5
7.5
7.5
7.5
7.5
7.5
7.5
7.5
7.5
7.5
7.5
7.5
7.5
7.5
7.5
7.5
7.5
7.5
7.5
7.5
7.5
7.5
7.5
7.5
7.5
7.5
7.5
7.5
7.5
7.5
7.5
7.5
7.5
7.5
7.5
7.5
7.5
7.5
7.5
7.5
7.5
7.5
7.5
7.5
7.5
7.5
7.5
7.5
7.5
7.5
7.5
7.5
7.5
7.5
7.5
7.5
7.5
7.5
7.5
7.5
7.5
7.5
7.5
7.5
7.5
7.5
7.5
7.5
7.5
7.5
7.5
7.5
7.5
7.5
7.5
7.5
7.5
7.5
7.5
7.5
7.5
7.5
7.5
7.5
7.5
7.5
7.5
7.5
7.5
7.5
7.5
7.5
7.5
7.5
7.5
7.5
7.5
7.5
7.5
7.5
7.5
7.5
7.5
7.5
7.5
7.5
7.5
7.5
)
;
    }
    Inlet
    {
        type            calculated;
        value           nonuniform List<scalar> 
40
(
7.3125
6.9375
6.5625
6.1875
5.8125
5.4375
5.0625
4.6875
4.3125
3.9375
3.5625
3.1875
2.8125
2.4375
2.0625
1.6875
1.3125
0.9375
0.5625
0.1875
-0.1875
-0.5625
-0.9375
-1.3125
-1.6875
-2.0625
-2.4375
-2.8125
-3.1875
-3.5625
-3.9375
-4.3125
-4.6875
-5.0625
-5.4375
-5.8125
-6.1875
-6.5625
-6.9375
-7.3125
)
;
    }
    Outlet
    {
        type            calculated;
        value           nonuniform List<scalar> 
40
(
-7.3125
-6.9375
-6.5625
-6.1875
-5.8125
-5.4375
-5.0625
-4.6875
-4.3125
-3.9375
-3.5625
-3.1875
-2.8125
-2.4375
-2.0625
-1.6875
-1.3125
-0.9375
-0.5625
-0.1875
0.1875
0.5625
0.9375
1.3125
1.6875
2.0625
2.4375
2.8125
3.1875
3.5625
3.9375
4.3125
4.6875
5.0625
5.4375
5.8125
6.1875
6.5625
6.9375
7.3125
)
;
    }
}


// ************************************************************************* //
