/*--------------------------------*- C++ -*----------------------------------*\
  =========                 |
  \\      /  F ield         | OpenFOAM: The Open Source CFD Toolbox
   \\    /   O peration     | Website:  https://openfoam.org
    \\  /    A nd           | Version:  11
     \\/     M anipulation  |
\*---------------------------------------------------------------------------*/
FoamFile
{
    format      ascii;
    class       volScalarField;
    location    "5";
    object      mag(U);
}
// * * * * * * * * * * * * * * * * * * * * * * * * * * * * * * * * * * * * * //

dimensions      [0 1 -1 0 0 0 0];

internalField   nonuniform List<scalar> 
9600
(
0.968782
0.966493
0.963097
0.957091
0.952747
0.952361
0.950728
0.943185
0.934918
0.93255
0.933662
0.935407
0.930253
0.898626
0.86393
0.85208
0.851903
0.856046
0.870982
0.902958
0.928804
0.950022
0.971701
0.99369
1.01664
1.04719
1.09244
1.14787
1.19188
1.2064
1.20281
1.19029
1.16114
1.10888
1.06364
1.02921
1.00361
0.987377
0.975626
0.956943
0.971922
0.97071
0.969666
0.968176
0.965029
0.962446
0.960937
0.958951
0.956633
0.955274
0.955534
0.956794
0.957119
0.952185
0.943995
0.940769
0.941035
0.943311
0.949904
0.967444
0.989471
1.00635
1.01995
1.03588
1.05569
1.08014
1.11424
1.16136
1.21177
1.24564
1.25418
1.24837
1.22522
1.18099
1.14071
1.09898
1.07208
1.04029
1.02616
0.996843
0.970768
0.969498
0.968528
0.967368
0.964662
0.961899
0.960852
0.960251
0.958639
0.955231
0.95511
0.956461
0.959778
0.961945
0.960783
0.952624
0.950059
0.951572
0.959987
0.977015
0.996338
1.01238
1.02201
1.03424
1.05438
1.07961
1.11085
1.15423
1.20521
1.24382
1.25554
1.25271
1.23715
1.19535
1.15192
1.11033
1.0818
1.05211
1.03838
1.0188
0.970475
0.968861
0.967584
0.966003
0.963032
0.960679
0.959878
0.959089
0.956437
0.954738
0.955217
0.95647
0.961019
0.967261
0.969812
0.969729
0.970976
0.975893
0.988779
1.00074
1.01412
1.0277
1.03609
1.04293
1.05698
1.07953
1.10899
1.14671
1.193
1.23748
1.26298
1.26454
1.24931
1.21081
1.17021
1.1287
1.09858
1.06493
1.05011
1.02118
0.970075
0.968426
0.966731
0.964772
0.96226
0.960232
0.959056
0.958268
0.957766
0.956049
0.955327
0.956143
0.959969
0.971599
0.981269
0.985458
0.988106
0.992742
1.00126
1.00833
1.01703
1.02875
1.03779
1.04359
1.05548
1.07706
1.10665
1.14323
1.18727
1.23221
1.26301
1.26989
1.25902
1.22365
1.18204
1.13785
1.10682
1.07297
1.05535
1.02985
0.96949
0.96762
0.965597
0.963565
0.961354
0.959227
0.957512
0.95746
0.957233
0.955468
0.955694
0.957026
0.96135
0.973801
0.985144
0.989243
0.993353
1.00172
1.01195
1.02099
1.02903
1.03766
1.0453
1.05011
1.05771
1.0746
1.10192
1.13749
1.17964
1.22484
1.26295
1.27928
1.27217
1.23979
1.1984
1.15236
1.12057
1.08343
1.06644
1.03717
0.968748
0.966941
0.964715
0.962722
0.960437
0.958145
0.95712
0.957269
0.956509
0.95577
0.956225
0.958096
0.963432
0.976058
0.986904
0.994103
1.00112
1.01029
1.01928
1.02703
1.03315
1.03917
1.04551
1.05043
1.05689
1.07084
1.09731
1.13233
1.17412
1.21837
1.25959
1.28515
1.28462
1.25426
1.2162
1.16889
1.13502
1.09657
1.07693
1.04606
0.968002
0.966059
0.963633
0.961522
0.959189
0.957164
0.956743
0.956747
0.955682
0.955687
0.956697
0.959214
0.965104
0.977221
0.988127
0.997721
1.00467
1.01333
1.02173
1.03017
1.0379
1.04407
1.04954
1.05364
1.05891
1.06894
1.09159
1.12348
1.1654
1.21269
1.257
1.2894
1.29755
1.27292
1.23657
1.18672
1.14882
1.10703
1.08546
1.05248
0.967042
0.965115
0.962752
0.960683
0.958224
0.956653
0.956659
0.956012
0.955358
0.9558
0.957317
0.96028
0.966954
0.979065
0.9888
0.999358
1.00754
1.017
1.025
1.03215
1.03919
1.04441
1.04852
1.05324
1.05735
1.0666
1.08625
1.11658
1.15928
1.20469
1.2537
1.29005
1.30768
1.28955
1.25621
1.20643
1.16699
1.12138
1.0993
1.06453
0.96621
0.964289
0.961823
0.95943
0.957057
0.956153
0.955929
0.955177
0.95499
0.955745
0.95776
0.96105
0.968452
0.979391
0.989343
1.00181
1.0119
1.02056
1.02662
1.03238
1.03899
1.04488
1.04862
1.05231
1.05659
1.06463
1.08184
1.10798
1.14854
1.19822
1.24951
1.29171
1.31869
1.31003
1.28241
1.23282
1.19045
1.14166
1.11675
1.07671
0.965182
0.963323
0.960873
0.958423
0.956472
0.955687
0.955311
0.954653
0.954884
0.955831
0.958332
0.961735
0.968873
0.980913
0.991363
1.00239
1.0127
1.02296
1.03061
1.0366
1.04017
1.04363
1.04545
1.04713
1.05185
1.05709
1.07303
1.09852
1.13904
1.18767
1.24431
1.29134
1.32724
1.32744
1.30574
1.25514
1.21129
1.15699
1.1303
1.08796
0.964345
0.962422
0.959769
0.957261
0.955598
0.954693
0.954393
0.954032
0.954462
0.955969
0.95842
0.962269
0.970103
0.981334
0.992024
1.00267
1.01546
1.02652
1.03415
1.03902
1.04039
1.04226
1.04334
1.04318
1.04496
1.04978
1.06431
1.08598
1.12316
1.17295
1.23405
1.28976
1.33461
1.34801
1.33425
1.28926
1.24374
1.18507
1.15355
1.1072
0.963141
0.961289
0.958625
0.956331
0.954934
0.953756
0.954004
0.953621
0.954567
0.956161
0.958658
0.963419
0.970522
0.98046
0.993122
1.00531
1.01679
1.02741
1.03603
1.04285
1.04482
1.04437
1.04142
1.03777
1.03669
1.03703
1.04795
1.06683
1.10323
1.15074
1.21572
1.27973
1.33793
1.36388
1.3634
1.32084
1.27492
1.20839
1.17251
1.11944
0.962145
0.960258
0.957553
0.955269
0.953924
0.952711
0.953003
0.953332
0.954139
0.956066
0.959167
0.963417
0.97093
0.981114
0.993674
1.00652
1.01734
1.02894
1.03963
1.04658
1.04851
1.04603
1.04145
1.03564
1.03071
1.02743
1.03477
1.0482
1.07881
1.12339
1.18713
1.25933
1.33026
1.37666
1.39239
1.36082
1.31657
1.24685
1.20407
1.1463
0.960809
0.959053
0.956304
0.954253
0.953069
0.951963
0.952317
0.953184
0.95416
0.956271
0.95959
0.963604
0.9719
0.982011
0.992953
1.00732
1.0191
1.03081
1.04091
1.04782
1.05166
1.0512
1.0454
1.03587
1.02748
1.01982
1.02016
1.0266
1.05197
1.09112
1.15406
1.22667
1.31024
1.37345
1.41479
1.39869
1.36256
1.28643
1.23959
1.16647
0.959784
0.95795
0.955434
0.95309
0.951955
0.951126
0.951371
0.952177
0.954481
0.955592
0.959164
0.964784
0.971073
0.982053
0.993011
1.00752
1.02035
1.03211
1.04244
1.05048
1.05445
1.0545
1.04833
1.0378
1.02562
1.01399
1.01002
1.01084
1.02791
1.06053
1.12012
1.19195
1.28081
1.35662
1.42283
1.43393
1.41414
1.33965
1.28685
1.20313
0.958431
0.956567
0.954334
0.951881
0.951025
0.950397
0.950618
0.951776
0.953839
0.956299
0.959804
0.964829
0.971351
0.982337
0.993907
1.00918
1.02135
1.03467
1.0461
1.05377
1.05579
1.05562
1.05054
1.039
1.025
1.01119
1.00213
0.996015
1.00766
1.02966
1.08791
1.15545
1.25385
1.33388
1.41887
1.45164
1.46337
1.39672
1.34612
1.24221
0.957242
0.955341
0.953256
0.950561
0.949588
0.949052
0.950463
0.950429
0.952474
0.956638
0.959692
0.96569
0.970705
0.981622
0.99424
1.0103
1.02353
1.03794
1.04831
1.05662
1.05899
1.05827
1.05181
1.04104
1.02548
1.0072
0.99591
0.985359
0.991826
1.00235
1.05581
1.11537
1.22388
1.30858
1.4154
1.45953
1.50307
1.45416
1.41684
1.30051
0.955863
0.953878
0.952213
0.949518
0.948357
0.948279
0.949425
0.950143
0.952147
0.955855
0.960038
0.966883
0.97202
0.983511
0.994125
1.01226
1.02784
1.04187
1.05281
1.06186
1.06448
1.06263
1.05613
1.04379
1.02768
1.00597
0.993147
0.974034
0.978601
0.975209
1.02287
1.06775
1.18153
1.26778
1.41083
1.46332
1.53877
1.50644
1.49084
1.37019
0.954239
0.95214
0.95055
0.94775
0.947087
0.946507
0.947842
0.950016
0.951066
0.955438
0.958847
0.966317
0.972679
0.984412
0.996203
1.01221
1.02793
1.04349
1.05726
1.06649
1.06957
1.06786
1.06213
1.04809
1.0328
1.00726
0.991062
0.964345
0.965868
0.951454
0.986673
1.01847
1.12255
1.20947
1.38121
1.44905
1.5743
1.55489
1.57225
1.44827
0.952694
0.950819
0.948983
0.9469
0.945905
0.946252
0.946514
0.948827
0.950946
0.955889
0.959478
0.967357
0.973934
0.985857
0.999898
1.01499
1.03214
1.047
1.05993
1.07094
1.07666
1.07344
1.06866
1.05401
1.03923
1.01054
0.993727
0.959813
0.9544
0.932759
0.949723
0.973154
1.04631
1.14471
1.30976
1.39297
1.57782
1.58395
1.65585
1.54195
0.950415
0.948455
0.946798
0.945047
0.943596
0.944792
0.944675
0.947726
0.949071
0.954272
0.959944
0.967043
0.975814
0.986355
1.00126
1.01676
1.0343
1.05024
1.06341
1.07318
1.08056
1.07789
1.0743
1.05965
1.04592
1.01632
0.997894
0.960966
0.944114
0.92234
0.912654
0.934751
0.960173
1.08302
1.17907
1.30012
1.48374
1.5463
1.69469
1.64222
0.948474
0.947196
0.944736
0.944175
0.942214
0.943548
0.94364
0.946944
0.94952
0.954202
0.960414
0.967927
0.978942
0.989351
1.00559
1.02188
1.03792
1.05532
1.07119
1.0799
1.08849
1.08571
1.08202
1.06595
1.05314
1.0236
1.00198
0.96831
0.936835
0.916914
0.883616
0.90136
0.888222
1.00345
1.01432
1.17411
1.30733
1.47089
1.61326
1.67964
0.9448
0.944402
0.941367
0.941617
0.939368
0.941023
0.941434
0.943794
0.948356
0.951993
0.961369
0.967855
0.979436
0.991296
1.00745
1.02425
1.0432
1.05857
1.07606
1.08456
1.09451
1.09233
1.09
1.07341
1.05968
1.03428
1.00441
0.976509
0.935719
0.913543
0.869003
0.870164
0.836044
0.907479
0.863765
1.0338
1.20086
1.38849
1.46182
1.60382
0.942617
0.942423
0.939304
0.939552
0.938299
0.939402
0.941251
0.942708
0.948811
0.952026
0.961974
0.970751
0.982723
0.996894
1.013
1.02969
1.04999
1.06524
1.08444
1.09394
1.10274
1.10239
1.09998
1.08767
1.06781
1.04983
1.01542
0.988029
0.943236
0.914539
0.869826
0.846628
0.81139
0.820674
0.779168
0.905437
1.10113
1.23376
1.37025
1.48395
0.938146
0.938218
0.934851
0.934747
0.934696
0.934498
0.939096
0.9394
0.946483
0.951807
0.959765
0.971838
0.983036
0.998504
1.01723
1.03419
1.05533
1.07278
1.08883
1.10226
1.10896
1.11196
1.10602
1.0993
1.07701
1.05994
1.02667
0.998579
0.960781
0.915801
0.886757
0.829623
0.81156
0.770327
0.734232
0.797566
0.933738
1.09876
1.25889
1.33773
0.935999
0.935773
0.934313
0.931316
0.934266
0.932151
0.93774
0.940951
0.94551
0.954989
0.961917
0.975301
0.989462
1.00487
1.02358
1.04386
1.06191
1.08539
1.09781
1.11528
1.11987
1.1258
1.11826
1.11383
1.09291
1.07411
1.04777
1.00799
0.983125
0.927562
0.900327
0.835244
0.813521
0.762309
0.709134
0.718879
0.778575
0.943752
1.0937
1.24273
0.931175
0.928456
0.928805
0.925506
0.928268
0.929371
0.930115
0.938435
0.941877
0.951832
0.961957
0.975269
0.990225
1.00925
1.02713
1.05152
1.06893
1.09316
1.10669
1.12408
1.13022
1.13649
1.13113
1.1239
1.11138
1.08428
1.06778
1.02549
0.998746
0.944512
0.915889
0.853504
0.815308
0.774984
0.712037
0.679349
0.669229
0.772567
0.920462
1.06435
0.930603
0.926797
0.926279
0.926065
0.923624
0.92985
0.93092
0.938087
0.945069
0.954645
0.966043
0.981928
0.997133
1.01796
1.03786
1.0615
1.08277
1.10477
1.12322
1.137
1.14898
1.14883
1.15288
1.1378
1.13442
1.10551
1.09053
1.05163
1.0259
0.973592
0.939878
0.890428
0.83414
0.793978
0.741696
0.685286
0.624608
0.63778
0.710611
0.861383
0.920377
0.922021
0.917118
0.919877
0.918273
0.922242
0.926706
0.932943
0.941046
0.953362
0.965748
0.98185
1.00242
1.01996
1.04698
1.06706
1.09576
1.11176
1.13837
1.1449
1.16462
1.1602
1.16894
1.15379
1.15116
1.12581
1.11184
1.07659
1.05218
1.01134
0.960237
0.922534
0.866004
0.815127
0.774243
0.730656
0.654708
0.603584
0.580244
0.67064
0.91479
0.917618
0.916442
0.916944
0.91937
0.923375
0.928336
0.937707
0.94777
0.958343
0.977358
0.990512
1.01703
1.03349
1.06506
1.08273
1.1157
1.1301
1.15885
1.16588
1.18482
1.18293
1.19032
1.17795
1.17532
1.15501
1.13813
1.11829
1.08034
1.05602
1.0072
0.959642
0.918159
0.858378
0.799553
0.772091
0.721417
0.655578
0.592162
0.558991
0.902743
0.902647
0.901864
0.904951
0.906928
0.91352
0.921316
0.930557
0.946501
0.957647
0.980349
0.996092
1.02436
1.04453
1.07528
1.09786
1.12852
1.14771
1.17281
1.18453
1.19941
1.20347
1.20573
1.20385
1.19036
1.18687
1.16335
1.14789
1.12459
1.08839
1.05982
1.01277
0.955838
0.919827
0.857296
0.791973
0.753132
0.714439
0.670267
0.587646
0.899888
0.902118
0.901219
0.905611
0.908332
0.915656
0.926649
0.936612
0.953923
0.969811
0.991337
1.01422
1.03957
1.06623
1.09501
1.12255
1.15095
1.17427
1.19543
1.21347
1.2212
1.23433
1.22984
1.23147
1.22517
1.21174
1.20388
1.18898
1.16386
1.14741
1.11567
1.07407
1.03666
0.984168
0.927855
0.878347
0.82795
0.755621
0.724018
0.676136
0.880279
0.88579
0.886019
0.893242
0.899202
0.908466
0.921998
0.936974
0.954019
0.97848
0.998425
1.02894
1.05352
1.08498
1.11341
1.14572
1.16902
1.19956
1.21597
1.23397
1.24811
1.25108
1.25504
1.25658
1.2458
1.24132
1.23811
1.21828
1.21023
1.19814
1.16538
1.14366
1.11353
1.0544
1.02564
0.963097
0.906059
0.855271
0.806558
0.72904
0.874571
0.880431
0.885597
0.891358
0.903215
0.916946
0.931537
0.955307
0.972353
1.00368
1.02422
1.06147
1.0843
1.12278
1.15003
1.18268
1.21073
1.23625
1.25576
1.2752
1.28468
1.29103
1.29751
1.2939
1.28776
1.29287
1.27755
1.27236
1.27396
1.25466
1.24033
1.23064
1.19473
1.16792
1.1376
1.07598
1.04777
0.975218
0.938748
0.871164
0.856348
0.865009
0.872763
0.887356
0.897178
0.919736
0.937577
0.96482
0.990428
1.02161
1.05136
1.0872
1.11558
1.15713
1.18213
1.22093
1.24587
1.27239
1.29339
1.31103
1.31912
1.32882
1.33346
1.32839
1.33421
1.33009
1.33263
1.32181
1.33733
1.31308
1.32782
1.29963
1.30917
1.26834
1.26866
1.2193
1.20755
1.14408
1.12139
1.05256
0.858241
0.869151
0.887069
0.91046
0.931275
0.962723
0.986254
1.02447
1.05025
1.08969
1.12172
1.16026
1.19505
1.23319
1.26399
1.29963
1.3226
1.34932
1.36264
1.37799
1.37999
1.38572
1.38002
1.38173
1.37284
1.37854
1.37033
1.37651
1.37258
1.37624
1.37272
1.37551
1.36864
1.37096
1.359
1.36159
1.34076
1.33103
1.29686
1.26832
0.828875
0.860033
0.874636
0.901821
0.930232
0.963556
1.0018
1.03973
1.08294
1.12434
1.16723
1.2083
1.24707
1.28464
1.31729
1.34765
1.3708
1.39169
1.4003
1.41073
1.40503
1.40806
1.39167
1.39323
1.37384
1.38141
1.36564
1.37644
1.3651
1.3764
1.35714
1.35928
1.33094
1.33637
1.32097
1.34652
1.33314
1.36018
1.31848
1.35279
0.90729
0.953671
0.999326
1.0491
1.09221
1.13328
1.17841
1.21616
1.25835
1.29247
1.33003
1.35586
1.38753
1.40269
1.42797
1.43664
1.45628
1.45551
1.46667
1.45509
1.45202
1.4335
1.41449
1.39458
1.3657
1.34744
1.32247
1.31343
1.28951
1.27457
1.24217
1.19061
1.1104
1.00137
0.893691
0.817058
0.730097
0.687062
0.599528
0.620277
1.03646
1.07523
1.11218
1.15164
1.18978
1.22501
1.25668
1.2853
1.30844
1.32694
1.34748
1.34745
1.36095
1.35842
1.36239
1.35838
1.3486
1.33255
1.30842
1.28281
1.24046
1.20467
1.13747
1.08924
1.00155
0.948277
0.847609
0.774014
0.678283
0.411968
0.0984954
0.0529455
0.0396362
0.0269706
0.0651278
0.100072
0.135536
0.172668
0.199315
0.228846
0.997482
0.994618
0.979204
0.954791
0.929937
0.917781
0.931524
0.98288
1.01521
1.01751
1.01108
1.00757
1.006
1.00551
1.00638
1.00733
1.00836
1.00938
1.00977
1.0103
1.01071
1.01101
1.01119
1.01135
1.01113
1.01113
1.01099
1.01077
1.01065
1.01032
1.01033
1.01008
1.0101
1.00984
1.00978
1.00955
1.00933
1.00924
1.00935
1.01271
1.00651
0.997759
0.979268
0.95224
0.924331
0.908482
0.918833
0.976654
1.01667
1.02085
1.01407
1.00874
1.00659
1.00574
1.0065
1.00753
1.0084
1.00937
1.00982
1.01041
1.01079
1.01112
1.01135
1.01166
1.01146
1.01146
1.01131
1.01101
1.01096
1.01055
1.01059
1.01028
1.01036
1.0101
1.01006
1.00983
1.00961
1.00918
1.00855
1.00683
1.01152
0.999283
0.982043
0.951702
0.919514
0.899357
0.906884
0.971906
1.0187
1.02344
1.01624
1.00949
1.00718
1.00649
1.00686
1.00782
1.00875
1.00986
1.01033
1.01096
1.01132
1.01161
1.0117
1.01202
1.01196
1.01193
1.01182
1.01145
1.01141
1.01098
1.01103
1.01061
1.0107
1.01037
1.0104
1.01011
1.01001
1.00989
1.01032
1.01263
1.01457
1.00383
0.982923
0.950326
0.91468
0.890526
0.892315
0.96199
1.01883
1.0254
1.01877
1.01046
1.00768
1.00689
1.00684
1.0078
1.00879
1.01009
1.01053
1.01118
1.01141
1.01173
1.0118
1.01198
1.01207
1.01208
1.01215
1.01178
1.01179
1.0114
1.01146
1.01098
1.01104
1.01067
1.0107
1.0103
1.01005
1.00976
1.00908
1.00719
1.0234
1.00626
0.986412
0.951235
0.911057
0.882613
0.879322
0.95101
1.01835
1.02652
1.02031
1.01086
1.00817
1.00743
1.00722
1.00823
1.00931
1.01048
1.01086
1.01171
1.012
1.01237
1.01234
1.01233
1.01244
1.01227
1.01255
1.01217
1.01228
1.01186
1.01197
1.01143
1.01144
1.01102
1.01106
1.01077
1.01065
1.01047
1.01077
1.01224
1.02714
1.01156
0.98855
0.951802
0.907841
0.87551
0.865279
0.935076
1.01495
1.02658
1.02119
1.01127
1.00829
1.0077
1.00728
1.00825
1.00928
1.01055
1.01099
1.0118
1.01199
1.01264
1.01275
1.01263
1.01279
1.01251
1.01289
1.0125
1.01263
1.01218
1.01232
1.0118
1.01177
1.01128
1.01123
1.01087
1.01073
1.01037
1.00986
1.00824
1.03739
1.01635
0.992647
0.954673
0.905996
0.869879
0.85342
0.917202
1.00928
1.02595
1.02137
1.01103
1.00819
1.00771
1.00756
1.00873
1.00972
1.01091
1.01139
1.0122
1.01247
1.01314
1.01321
1.01313
1.0133
1.01291
1.01335
1.01292
1.01313
1.01265
1.01277
1.01228
1.01226
1.01186
1.01188
1.01151
1.01146
1.01117
1.01131
1.01219
1.04244
1.02328
0.99692
0.957425
0.904596
0.864809
0.842217
0.895313
0.99939
1.02377
1.02023
1.01034
1.00764
1.0074
1.00741
1.00868
1.00955
1.01092
1.01164
1.01236
1.01261
1.01322
1.01336
1.01347
1.01373
1.0134
1.01373
1.01334
1.01354
1.01306
1.01317
1.01273
1.01267
1.01223
1.01216
1.0117
1.01162
1.01114
1.01077
1.00944
1.05518
1.03194
1.00288
0.962041
0.904233
0.860577
0.833345
0.872852
0.985341
1.02015
1.01806
1.00859
1.00658
1.00701
1.0072
1.00894
1.00987
1.01135
1.01203
1.01286
1.01322
1.0137
1.0137
1.0139
1.01415
1.01401
1.01423
1.01388
1.01402
1.01356
1.01362
1.01325
1.01318
1.01283
1.01273
1.01231
1.01227
1.01189
1.01196
1.01235
1.06201
1.04155
1.01035
0.966846
0.903923
0.855977
0.825434
0.849113
0.965313
1.01381
1.01399
1.00588
1.00499
1.00628
1.00664
1.00871
1.00983
1.01138
1.01219
1.01323
1.01353
1.01412
1.01413
1.01441
1.01453
1.01454
1.01457
1.01429
1.01431
1.01392
1.01382
1.01341
1.01323
1.01293
1.01279
1.0124
1.01239
1.01192
1.01173
1.01074
1.07702
1.05522
1.02007
0.972666
0.904118
0.850552
0.819058
0.826218
0.940164
1.00495
1.0091
1.00204
1.00272
1.00506
1.0058
1.00864
1.00999
1.01171
1.01243
1.01383
1.01412
1.01483
1.01486
1.01524
1.01519
1.01532
1.01519
1.01505
1.01477
1.01453
1.01429
1.01395
1.01377
1.01351
1.01343
1.01316
1.01314
1.01277
1.01274
1.01274
1.08818
1.06905
1.03245
0.979281
0.904122
0.843424
0.812118
0.803643
0.909418
0.991594
1.00203
0.996713
0.999755
1.00332
1.00477
1.00832
1.00971
1.01168
1.01261
1.01408
1.0142
1.01525
1.01544
1.01592
1.01593
1.01611
1.01577
1.01582
1.01536
1.01525
1.01491
1.01458
1.01445
1.01412
1.01394
1.01354
1.01332
1.01295
1.01277
1.01211
1.1071
1.08948
1.04865
0.986819
0.90391
0.83404
0.803024
0.782579
0.874325
0.974242
0.993266
0.990196
0.996012
1.001
1.00338
1.00782
1.00969
1.01194
1.01304
1.01457
1.01475
1.01589
1.01621
1.0167
1.01672
1.01696
1.01656
1.01672
1.01618
1.01616
1.01593
1.01563
1.01547
1.01501
1.01481
1.01432
1.01408
1.01363
1.01352
1.01344
1.12666
1.11051
1.06936
0.995832
0.903318
0.821744
0.788807
0.760714
0.836554
0.952364
0.981072
0.982143
0.991228
0.99811
1.00151
1.00688
1.00924
1.01176
1.01349
1.01507
1.01546
1.01654
1.01685
1.01732
1.01738
1.01764
1.01711
1.01729
1.01667
1.01642
1.01615
1.01583
1.01574
1.01516
1.01505
1.01449
1.01428
1.0138
1.01359
1.01337
1.15295
1.14149
1.09735
1.00601
0.901224
0.805297
0.768254
0.736422
0.797924
0.927139
0.966285
0.972559
0.98554
0.994627
0.998915
1.00563
1.00892
1.01185
1.01421
1.01568
1.01641
1.01747
1.01784
1.01829
1.01823
1.01858
1.01791
1.01807
1.01745
1.01727
1.0169
1.01645
1.01637
1.01577
1.01576
1.01516
1.01514
1.01463
1.0145
1.01415
1.18655
1.17679
1.13178
1.01665
0.895009
0.782119
0.739139
0.706936
0.758026
0.898065
0.948433
0.961199
0.978988
0.990068
0.995976
1.00374
1.00781
1.0112
1.01428
1.01597
1.01728
1.0183
1.0188
1.01941
1.01923
1.0197
1.01892
1.01911
1.01832
1.01824
1.01787
1.01735
1.01723
1.0165
1.01649
1.01568
1.01564
1.01492
1.01479
1.01447
1.22676
1.22808
1.17755
1.02584
0.88062
0.749477
0.698885
0.670656
0.717548
0.867399
0.928104
0.949262
0.97215
0.985035
0.993424
1.00167
1.00686
1.01071
1.01428
1.01602
1.01784
1.01905
1.01976
1.02057
1.02029
1.02099
1.0202
1.02071
1.0198
1.02003
1.01942
1.01911
1.01887
1.01799
1.01783
1.01692
1.01687
1.01607
1.01598
1.01547
1.28336
1.29209
1.22222
1.02477
0.848768
0.701165
0.643766
0.626674
0.675863
0.836763
0.906595
0.936869
0.964672
0.979367
0.991025
0.999512
1.00597
1.00997
1.0142
1.01618
1.01847
1.01943
1.02035
1.02114
1.02089
1.02158
1.02078
1.02144
1.02039
1.02087
1.01997
1.01993
1.01938
1.01868
1.01837
1.0175
1.01736
1.01662
1.01657
1.01612
1.355
1.37215
1.24029
1.00212
0.791423
0.631891
0.572913
0.575847
0.636631
0.808599
0.885343
0.923387
0.957461
0.973826
0.989024
0.997776
1.0058
1.01012
1.01475
1.01652
1.01915
1.01976
1.02109
1.02163
1.02174
1.02238
1.02169
1.02243
1.02131
1.02199
1.02099
1.02134
1.02062
1.02024
1.01985
1.01909
1.01878
1.01798
1.01773
1.01724
1.44319
1.41632
1.23305
0.93605
0.695457
0.535263
0.489511
0.522144
0.605939
0.783442
0.864383
0.91053
0.949288
0.967714
0.987211
0.996509
1.0058
1.01054
1.01546
1.01728
1.02036
1.02073
1.02255
1.02264
1.02311
1.0235
1.02292
1.02351
1.02257
1.02321
1.02217
1.0225
1.02162
1.02138
1.02079
1.02023
1.01978
1.01915
1.01881
1.01841
1.5307
1.4438
1.17966
0.816808
0.557741
0.418863
0.409119
0.482838
0.592081
0.766946
0.847034
0.899463
0.941654
0.962759
0.985459
0.995478
1.00595
1.01157
1.01659
1.01872
1.02198
1.02259
1.02465
1.02466
1.02553
1.02547
1.02529
1.0253
1.02466
1.02492
1.02413
1.02417
1.02332
1.02294
1.0222
1.02158
1.02091
1.02043
1.01988
1.01973
1.60962
1.42491
1.0457
0.632763
0.394244
0.325773
0.374211
0.480848
0.599305
0.760948
0.835908
0.893041
0.935857
0.960084
0.98311
0.994933
1.0064
1.01224
1.01817
1.0206
1.02372
1.02434
1.02612
1.02575
1.02689
1.02624
1.02664
1.02597
1.02581
1.02518
1.02494
1.02433
1.02403
1.02342
1.02292
1.02236
1.02173
1.02148
1.02085
1.02096
1.6278
1.38222
0.86045
0.463702
0.339178
0.365307
0.434677
0.530683
0.633032
0.765612
0.833879
0.893659
0.93343
0.96051
0.982922
0.996142
1.00773
1.01386
1.01971
1.02221
1.02495
1.02565
1.02742
1.02684
1.02818
1.02708
1.02804
1.02684
1.02754
1.02616
1.02652
1.0253
1.02551
1.02444
1.02433
1.02342
1.02297
1.02255
1.02194
1.02211
1.56941
1.32232
0.815942
0.565481
0.527771
0.539063
0.56836
0.61405
0.685857
0.785295
0.84304
0.902167
0.93527
0.96562
0.985382
1.0004
1.01018
1.01746
1.02171
1.02516
1.02683
1.02796
1.02919
1.02887
1.03021
1.02914
1.03029
1.02875
1.02981
1.02806
1.02884
1.02725
1.0278
1.02633
1.02662
1.02521
1.02503
1.024
1.02348
1.02327
1.48281
1.32318
0.998778
0.872301
0.78679
0.73951
0.705489
0.704141
0.751309
0.819933
0.866722
0.919981
0.944164
0.977451
0.989907
1.00934
1.0141
1.02402
1.026
1.03106
1.03137
1.03413
1.03371
1.03477
1.03473
1.03452
1.03491
1.03376
1.03411
1.03237
1.03266
1.03092
1.0312
1.02953
1.02963
1.02783
1.0277
1.02609
1.02579
1.02517
1.41344
1.34355
1.13383
1.07036
0.942075
0.868325
0.797307
0.790191
0.822471
0.867467
0.905151
0.945618
0.9622
0.994799
0.998859
1.02247
1.02134
1.03408
1.03299
1.03976
1.03749
1.04188
1.03899
1.04168
1.03914
1.04034
1.03876
1.03886
1.03768
1.03694
1.03604
1.03501
1.03444
1.03307
1.03252
1.03078
1.0304
1.02866
1.02846
1.02745
1.34698
1.29819
1.14472
1.10699
0.975857
0.915066
0.862342
0.883127
0.895082
0.924205
0.95391
0.977451
0.99117
1.01509
1.01548
1.03599
1.03336
1.04497
1.04178
1.04871
1.04422
1.04889
1.0442
1.04736
1.04318
1.04506
1.04192
1.04274
1.0401
1.04056
1.03812
1.03852
1.03645
1.03628
1.03464
1.0339
1.03282
1.03178
1.03149
1.03066
1.22188
1.16244
1.08607
1.04445
0.931282
0.918755
0.896443
0.929085
0.957293
0.983164
1.00621
1.01862
1.02897
1.03822
1.04185
1.05023
1.05125
1.05474
1.05369
1.05599
1.05269
1.05402
1.05035
1.05113
1.04795
1.0484
1.0461
1.04613
1.044
1.04385
1.04169
1.04191
1.03946
1.03982
1.03715
1.03722
1.035
1.03482
1.0335
1.03302
1.05938
0.968296
0.956088
0.900831
0.872013
0.892462
0.90239
0.952049
0.984662
1.02942
1.05313
1.07005
1.07226
1.07429
1.0742
1.07304
1.07662
1.07038
1.07359
1.06787
1.06871
1.06375
1.06372
1.05941
1.05956
1.05582
1.05639
1.05263
1.0529
1.04987
1.04952
1.04736
1.04625
1.04489
1.0427
1.04204
1.03973
1.03961
1.03769
1.03792
0.849116
0.776573
0.782748
0.75814
0.773664
0.815957
0.865519
0.940382
0.989695
1.05273
1.08268
1.11109
1.11677
1.12148
1.11087
1.10949
1.1055
1.0995
1.09714
1.09131
1.08933
1.08316
1.0818
1.07574
1.07498
1.06912
1.06918
1.0634
1.06417
1.05888
1.05969
1.05493
1.05531
1.0511
1.05009
1.04729
1.0453
1.04397
1.04192
1.04212
0.612031
0.617349
0.607326
0.585688
0.619401
0.689733
0.781458
0.878955
0.970049
1.04805
1.09418
1.13045
1.14747
1.15599
1.14976
1.14608
1.1356
1.13289
1.12162
1.11911
1.11019
1.10676
1.09862
1.09575
1.08818
1.08562
1.07997
1.0771
1.07376
1.07053
1.06892
1.06547
1.06431
1.0605
1.05935
1.0557
1.05448
1.05205
1.05064
1.04982
0.529995
0.529251
0.479568
0.435561
0.445464
0.516745
0.622639
0.75675
0.902542
1.00745
1.08794
1.13097
1.15801
1.17508
1.17811
1.17281
1.16501
1.15944
1.14893
1.14212
1.13362
1.12767
1.11878
1.1146
1.10519
1.10277
1.09412
1.09256
1.08532
1.0844
1.07817
1.07752
1.07165
1.07064
1.06611
1.06435
1.06138
1.05957
1.05823
1.05689
0.606752
0.558772
0.526526
0.460353
0.395742
0.380682
0.411044
0.556853
0.741301
0.907818
1.03338
1.10859
1.15028
1.17893
1.19081
1.19793
1.19247
1.18719
1.18143
1.17045
1.16467
1.15479
1.148
1.13825
1.13234
1.12385
1.11815
1.11147
1.10642
1.10122
1.09565
1.09292
1.08654
1.08537
1.07885
1.07789
1.07208
1.0713
1.06775
1.06724
0.706704
0.678427
0.669742
0.648163
0.608514
0.548784
0.435841
0.383389
0.500777
0.714748
0.906873
1.04188
1.12298
1.16998
1.19737
1.21279
1.21833
1.21783
1.21309
1.20843
1.19887
1.1931
1.18324
1.17508
1.16724
1.15742
1.15022
1.14109
1.13511
1.12545
1.12109
1.11335
1.10942
1.10312
1.09939
1.09547
1.09188
1.08949
1.08647
1.08476
0.837771
0.827802
0.851941
0.862984
0.827782
0.79843
0.759816
0.685893
0.525866
0.499769
0.682849
0.89363
1.02916
1.12214
1.17174
1.20777
1.22275
1.23236
1.23474
1.23495
1.23014
1.22552
1.2212
1.21616
1.21013
1.20452
1.19466
1.18917
1.17911
1.17276
1.16394
1.15743
1.14831
1.14132
1.13426
1.12686
1.12155
1.11331
1.10942
1.10532
1.05139
1.05179
1.03954
0.99951
0.947997
0.930369
0.921605
0.91557
0.868913
0.756745
0.612319
0.568284
0.707777
0.898468
1.01798
1.10209
1.15546
1.19432
1.2175
1.23359
1.23918
1.24075
1.23936
1.23624
1.23308
1.22955
1.22646
1.2228
1.21983
1.21571
1.21216
1.20873
1.20368
1.19935
1.19304
1.18628
1.17714
1.16821
1.15803
1.15063
1.22772
1.16012
1.09231
1.02626
0.942941
0.859261
0.819454
0.817048
0.815237
0.824366
0.81693
0.769618
0.627788
0.500088
0.5403
0.686907
0.857762
0.969403
1.06613
1.13125
1.17572
1.20068
1.21647
1.22437
1.23103
1.23332
1.23448
1.235
1.23485
1.23325
1.23194
1.23081
1.22915
1.22783
1.22672
1.22249
1.2202
1.2149
1.20907
1.20301
1.26374
1.14034
1.00209
0.862311
0.740566
0.635854
0.545086
0.506011
0.511407
0.523673
0.527585
0.507142
0.482906
0.468462
0.39826
0.295608
0.245018
0.359841
0.519546
0.683594
0.839361
0.958813
1.04872
1.09945
1.14741
1.17638
1.20554
1.21642
1.22743
1.22977
1.23192
1.2314
1.22981
1.22732
1.23296
1.23089
1.23416
1.23452
1.23912
1.24352
0.465114
0.27409
0.127618
0.0322987
0.0541307
0.107153
0.15079
0.202579
0.250277
0.290527
0.31983
0.326598
0.304043
0.279671
0.281345
0.276106
0.256428
0.17477
0.113852
0.00963228
0.108715
0.25924
0.399487
0.558598
0.662665
0.747922
0.820204
0.884267
0.941407
0.993972
1.04235
1.07906
1.11404
1.1411
1.16268
1.18619
1.20564
1.22238
1.2341
1.23962
0.26834
0.309279
0.336574
0.359374
0.377142
0.392609
0.405787
0.415031
0.416222
0.408616
0.386731
0.354014
0.327779
0.291304
0.244896
0.194483
0.147111
0.116369
0.106315
0.0960752
0.0984129
0.166765
0.176555
0.088334
0.336286
0.499811
0.568898
0.627558
0.674191
0.714961
0.750331
0.787468
0.824817
0.865403
0.904149
0.944047
0.98407
1.0314
1.0816
1.13647
1.01871
1.01849
1.01985
1.02001
1.02076
1.02065
1.02114
1.02077
1.02106
1.02053
1.02048
1.01945
1.019
1.01722
1.01548
1.01267
1.0087
1.00419
0.997522
0.99106
0.984653
0.98305
0.985349
0.992906
1.00176
1.00936
1.01092
1.01041
1.01028
1.01022
1.0102
1.01029
1.01028
1.01016
1.01001
1.00981
1.0096
1.00936
1.0091
1.00894
1.00133
1.00186
1.00088
1.00138
1.00078
1.00141
1.00104
1.00177
1.00136
1.00235
1.00225
1.00343
1.00421
1.00578
1.00809
1.01066
1.0147
1.01843
1.02294
1.02668
1.02842
1.0287
1.02738
1.02288
1.0152
1.01186
1.01133
1.01145
1.01154
1.01157
1.01156
1.01147
1.01125
1.01102
1.01079
1.01044
1.01013
1.00987
1.00957
1.00947
1.01702
1.01736
1.01873
1.01895
1.01976
1.01957
1.01997
1.0194
1.01943
1.01837
1.01818
1.01673
1.01569
1.01396
1.01177
1.0095
1.00647
1.00418
1.00148
1.00197
1.00297
1.00607
1.00775
1.0092
1.00971
1.01016
1.01042
1.01069
1.01082
1.01098
1.01118
1.01132
1.01128
1.01107
1.01092
1.01077
1.01044
1.01019
1.00999
1.00984
1.00326
1.00401
1.00346
1.00389
1.00351
1.00416
1.00409
1.00512
1.00524
1.00651
1.00712
1.00869
1.00999
1.01192
1.01421
1.01643
1.01915
1.02148
1.0235
1.02458
1.02493
1.02465
1.02296
1.02041
1.01778
1.01571
1.01424
1.01325
1.01287
1.01257
1.01239
1.01217
1.01181
1.01161
1.01124
1.01091
1.01071
1.01041
1.01028
1.01024
1.01546
1.01611
1.01711
1.01733
1.01788
1.01767
1.01776
1.0172
1.01694
1.01604
1.01547
1.0143
1.01302
1.01176
1.00997
1.00868
1.00715
1.00664
1.00634
1.00746
1.00807
1.0095
1.00984
1.01067
1.01139
1.01185
1.01185
1.01182
1.01174
1.01187
1.01208
1.01203
1.01187
1.01178
1.01164
1.01125
1.01095
1.0107
1.01049
1.01042
1.00547
1.00603
1.00584
1.00643
1.00643
1.00728
1.00747
1.00855
1.00901
1.01005
1.01093
1.01217
1.01334
1.01459
1.0159
1.01712
1.01825
1.01931
1.02002
1.02091
1.02123
1.0211
1.02012
1.01847
1.01722
1.0166
1.01563
1.01427
1.01365
1.01333
1.0131
1.01266
1.01226
1.012
1.01162
1.01143
1.01118
1.01095
1.01088
1.01083
1.01452
1.01514
1.01579
1.01602
1.01625
1.01607
1.01594
1.01558
1.01519
1.01459
1.01381
1.0132
1.01211
1.01141
1.01044
1.00997
1.00939
1.00949
1.00935
1.00988
1.01041
1.01116
1.01137
1.01192
1.01248
1.01272
1.01281
1.01282
1.01279
1.01289
1.01289
1.01279
1.01273
1.01243
1.01201
1.01169
1.01142
1.01117
1.01111
1.01098
1.00764
1.00812
1.00829
1.0089
1.00925
1.00995
1.01049
1.0112
1.01178
1.01258
1.01327
1.01406
1.01482
1.01547
1.0162
1.01682
1.01738
1.01791
1.01843
1.019
1.01908
1.01872
1.01779
1.01688
1.01656
1.01634
1.01541
1.01449
1.01409
1.01386
1.01352
1.01304
1.01288
1.01258
1.01225
1.01197
1.01165
1.01151
1.01146
1.01137
1.01385
1.0144
1.01474
1.01497
1.01501
1.01512
1.01496
1.01487
1.01444
1.01417
1.01362
1.01339
1.01296
1.01283
1.01252
1.01257
1.01249
1.01245
1.01196
1.01208
1.01238
1.01257
1.0127
1.01309
1.01357
1.01375
1.01381
1.01377
1.01376
1.01378
1.0137
1.01359
1.01331
1.01292
1.01262
1.01225
1.01191
1.01171
1.01166
1.01155
1.00969
1.01024
1.01057
1.01124
1.01165
1.01223
1.01275
1.01331
1.01385
1.01441
1.01495
1.01551
1.01597
1.01647
1.01687
1.01723
1.01741
1.01762
1.01798
1.01802
1.01783
1.01738
1.01672
1.01636
1.01632
1.01588
1.0151
1.01471
1.01447
1.01416
1.01389
1.01377
1.01359
1.01329
1.01301
1.01268
1.01229
1.01204
1.01197
1.01175
1.01357
1.0142
1.01437
1.01467
1.01485
1.015
1.01497
1.01507
1.01484
1.01472
1.01454
1.01453
1.01456
1.01467
1.01478
1.01491
1.01482
1.01438
1.01405
1.01402
1.0141
1.01415
1.01418
1.01445
1.01474
1.01483
1.01478
1.01476
1.01473
1.01461
1.01439
1.01418
1.01389
1.01359
1.01333
1.01301
1.01259
1.01235
1.01223
1.01217
1.01157
1.01233
1.01266
1.01321
1.01353
1.01409
1.01443
1.01498
1.01531
1.0158
1.01615
1.01665
1.01691
1.0173
1.01751
1.01761
1.01765
1.01782
1.01791
1.01789
1.01757
1.0171
1.01666
1.01651
1.01629
1.01585
1.01546
1.01525
1.01505
1.01486
1.01477
1.01466
1.01438
1.014
1.01373
1.01348
1.01308
1.0127
1.01252
1.01237
1.01376
1.01444
1.01464
1.01512
1.01525
1.01563
1.01575
1.01593
1.01595
1.01611
1.01616
1.01634
1.0164
1.01645
1.01647
1.01651
1.01646
1.01621
1.01599
1.01593
1.01586
1.01585
1.01588
1.01602
1.01606
1.016
1.01596
1.0159
1.01571
1.01539
1.01518
1.01508
1.01486
1.01446
1.0141
1.01381
1.01344
1.01313
1.01303
1.01297
1.01308
1.01391
1.01425
1.01487
1.01517
1.01573
1.01608
1.01658
1.01692
1.0174
1.01766
1.01802
1.01819
1.01841
1.01837
1.01836
1.01826
1.01834
1.01836
1.01818
1.01778
1.0175
1.01725
1.01707
1.01674
1.0165
1.01631
1.01632
1.01616
1.01594
1.01571
1.01559
1.01534
1.01497
1.01462
1.01436
1.01401
1.01354
1.01329
1.01322
1.0145
1.01518
1.01546
1.01601
1.01619
1.01666
1.01682
1.01724
1.0174
1.01776
1.01788
1.01813
1.01813
1.01829
1.01814
1.01806
1.01793
1.01789
1.01778
1.01767
1.01759
1.01752
1.01751
1.01752
1.0174
1.01718
1.01703
1.01692
1.01673
1.01653
1.01636
1.01623
1.01594
1.01546
1.01503
1.0148
1.01458
1.01423
1.01403
1.01398
1.01453
1.01526
1.01561
1.01614
1.01649
1.01693
1.01726
1.01771
1.01801
1.01841
1.01861
1.01893
1.019
1.01917
1.0191
1.01918
1.01914
1.01928
1.01915
1.019
1.01865
1.01851
1.01825
1.01815
1.01786
1.01772
1.01757
1.01751
1.01731
1.01703
1.01682
1.01677
1.01658
1.01614
1.01563
1.01529
1.01501
1.01458
1.01425
1.01415
1.01549
1.01622
1.01652
1.01704
1.0173
1.01777
1.01801
1.01846
1.01865
1.01904
1.01912
1.01942
1.01944
1.01965
1.01957
1.01969
1.01966
1.01976
1.01967
1.01955
1.01934
1.01929
1.01919
1.01907
1.01876
1.01854
1.01838
1.01842
1.01823
1.0179
1.01758
1.01749
1.0173
1.01689
1.01638
1.01608
1.01592
1.01562
1.01523
1.01493
1.01628
1.01697
1.01744
1.01798
1.01837
1.01886
1.01916
1.01956
1.01977
1.02007
1.02014
1.02039
1.02041
1.02067
1.02066
1.02088
1.02084
1.02092
1.02061
1.02047
1.02017
1.02012
1.01997
1.01984
1.01945
1.01923
1.019
1.019
1.01882
1.01859
1.01821
1.01805
1.01785
1.01743
1.01683
1.01644
1.01614
1.01585
1.01558
1.01531
1.01723
1.01802
1.01846
1.01903
1.01943
1.01991
1.0202
1.02057
1.02072
1.021
1.02107
1.02139
1.02149
1.0218
1.02183
1.0221
1.02205
1.02206
1.02177
1.02167
1.02145
1.02144
1.02127
1.0211
1.02071
1.0205
1.02026
1.0202
1.02
1.01975
1.0193
1.0191
1.01889
1.01848
1.01792
1.01757
1.0173
1.01696
1.01667
1.01643
1.01841
1.01921
1.01974
1.0203
1.02071
1.02115
1.0214
1.02171
1.02179
1.02203
1.02213
1.02249
1.02261
1.0229
1.02292
1.02316
1.02305
1.02303
1.02273
1.02264
1.0224
1.0224
1.02211
1.02187
1.02148
1.02136
1.02107
1.02101
1.02076
1.02052
1.02012
1.01988
1.01946
1.01896
1.01843
1.01809
1.01769
1.01731
1.017
1.01676
1.01959
1.02045
1.021
1.02156
1.02195
1.02235
1.02257
1.02287
1.023
1.02335
1.02355
1.02394
1.02405
1.02433
1.02435
1.02462
1.02451
1.02455
1.02425
1.02422
1.02404
1.02405
1.02367
1.02348
1.02315
1.02305
1.02266
1.0225
1.02211
1.02189
1.02159
1.02136
1.02075
1.02024
1.0198
1.01951
1.01908
1.01874
1.01836
1.01806
1.02079
1.02167
1.02225
1.02274
1.0231
1.02348
1.02373
1.02413
1.02439
1.02485
1.02506
1.02537
1.02542
1.02562
1.02565
1.02584
1.02573
1.02571
1.02538
1.02537
1.02509
1.02503
1.02461
1.02452
1.02416
1.02401
1.02365
1.0235
1.023
1.02283
1.02261
1.02235
1.02158
1.02095
1.02037
1.01993
1.01949
1.01933
1.01891
1.01846
1.02195
1.02304
1.02349
1.02408
1.02448
1.02499
1.02539
1.02592
1.0263
1.02675
1.02691
1.02713
1.02719
1.02745
1.02755
1.02773
1.02763
1.02761
1.02735
1.02736
1.02706
1.02699
1.02668
1.0266
1.02616
1.02607
1.02574
1.02554
1.02497
1.02482
1.02453
1.02428
1.02356
1.02297
1.02223
1.02173
1.02124
1.02111
1.02069
1.02021
1.02317
1.0244
1.02464
1.02553
1.0259
1.02659
1.02705
1.02763
1.02801
1.02837
1.0285
1.02874
1.0289
1.02926
1.02939
1.02948
1.02925
1.02918
1.02901
1.02895
1.02856
1.02846
1.02816
1.02801
1.02756
1.02747
1.02701
1.02674
1.02614
1.02599
1.02552
1.02534
1.02464
1.02394
1.02295
1.02237
1.02181
1.02168
1.0213
1.02089
1.0252
1.02644
1.02679
1.02774
1.02815
1.02904
1.02939
1.03008
1.03038
1.03085
1.03102
1.03142
1.03169
1.03217
1.03226
1.03222
1.03193
1.03197
1.03184
1.03166
1.03128
1.03118
1.03089
1.0307
1.03028
1.03014
1.02958
1.02933
1.02886
1.02875
1.02824
1.02801
1.02728
1.0265
1.02547
1.02488
1.02425
1.02402
1.02363
1.02335
1.02751
1.02866
1.0292
1.03008
1.03045
1.03123
1.03152
1.03227
1.0325
1.03305
1.03316
1.03367
1.034
1.03445
1.03434
1.03427
1.0341
1.0342
1.03392
1.03377
1.03341
1.03324
1.03283
1.03268
1.03229
1.03199
1.03128
1.03109
1.0306
1.03041
1.0298
1.02942
1.02838
1.02757
1.02658
1.02605
1.02522
1.02486
1.02429
1.02408
1.03086
1.032
1.0328
1.03365
1.03416
1.03494
1.03543
1.03614
1.03648
1.03691
1.03718
1.0378
1.03804
1.03835
1.03819
1.03834
1.03822
1.03824
1.03797
1.03792
1.03744
1.03713
1.03669
1.03661
1.03606
1.0356
1.03493
1.03478
1.03433
1.0342
1.03351
1.0329
1.03175
1.03101
1.02999
1.02942
1.02853
1.02817
1.02753
1.02732
1.03315
1.03439
1.03521
1.0361
1.03671
1.03774
1.03827
1.03891
1.0392
1.03978
1.04027
1.04071
1.04082
1.04106
1.04112
1.04127
1.04103
1.04099
1.04075
1.04058
1.04006
1.03985
1.03931
1.03899
1.03824
1.03788
1.03722
1.03705
1.03657
1.03636
1.03547
1.03478
1.03348
1.03263
1.03144
1.03086
1.02987
1.02941
1.02861
1.02829
1.03745
1.03932
1.04005
1.04137
1.04216
1.04326
1.04358
1.04447
1.04484
1.04575
1.04608
1.04634
1.0466
1.04688
1.0471
1.04707
1.04694
1.04676
1.04653
1.04625
1.046
1.04564
1.04488
1.04438
1.04372
1.04338
1.04271
1.04253
1.04188
1.04146
1.04054
1.03981
1.03834
1.03732
1.03606
1.03545
1.03454
1.0342
1.03336
1.03292
1.0413
1.0438
1.04443
1.04605
1.04637
1.0474
1.04786
1.04886
1.04936
1.05
1.0501
1.0509
1.05093
1.05147
1.05136
1.05153
1.05134
1.05102
1.05091
1.05053
1.05026
1.04934
1.04878
1.04785
1.04717
1.04655
1.0461
1.04564
1.04498
1.04436
1.04333
1.04226
1.04083
1.03964
1.03824
1.03744
1.03655
1.03607
1.03518
1.03457
1.04913
1.05195
1.05241
1.054
1.05423
1.05582
1.05612
1.05735
1.05743
1.05832
1.05856
1.05925
1.05926
1.05967
1.05949
1.05968
1.05919
1.05919
1.05868
1.05836
1.05778
1.05711
1.05634
1.05536
1.05495
1.05432
1.05405
1.05344
1.05286
1.05168
1.05033
1.04893
1.04742
1.04586
1.04427
1.04314
1.04201
1.04124
1.04014
1.03938
1.05588
1.05836
1.0594
1.06083
1.06174
1.06316
1.06371
1.06485
1.06528
1.06635
1.06656
1.06731
1.06746
1.06797
1.06832
1.06857
1.06868
1.06838
1.06814
1.06777
1.06708
1.06637
1.06525
1.06437
1.06338
1.06248
1.06163
1.06049
1.05957
1.05792
1.05658
1.05458
1.0532
1.05133
1.05011
1.04867
1.04776
1.04671
1.0459
1.04492
1.06638
1.06948
1.06966
1.07198
1.07252
1.07429
1.07458
1.07599
1.07605
1.07738
1.07731
1.07806
1.07782
1.07824
1.07788
1.07767
1.07686
1.0764
1.07545
1.075
1.0738
1.07311
1.07166
1.07097
1.06974
1.06915
1.06814
1.06745
1.06642
1.06529
1.06373
1.06192
1.06009
1.05824
1.05643
1.05478
1.0531
1.05173
1.0502
1.04929
1.08176
1.0865
1.08771
1.08993
1.09084
1.09254
1.09327
1.09467
1.09512
1.09643
1.09671
1.09769
1.09784
1.09861
1.09878
1.09927
1.09911
1.0992
1.0987
1.09841
1.09766
1.09704
1.09571
1.0945
1.09297
1.09148
1.08987
1.08795
1.08599
1.08347
1.08109
1.07794
1.07514
1.07206
1.06957
1.0671
1.0652
1.06321
1.06163
1.06001
1.10315
1.10506
1.10577
1.10758
1.10786
1.1094
1.10933
1.11076
1.11055
1.1119
1.11127
1.11211
1.11073
1.11103
1.10916
1.10918
1.10699
1.10671
1.10441
1.10414
1.10151
1.1006
1.09771
1.09665
1.09391
1.09309
1.09078
1.09004
1.08783
1.08679
1.08427
1.08262
1.07986
1.07796
1.07532
1.07358
1.07132
1.06972
1.06765
1.06607
1.1491
1.15306
1.1519
1.15431
1.15364
1.15486
1.15461
1.15543
1.15509
1.15583
1.15528
1.15618
1.15556
1.15648
1.15565
1.15662
1.15559
1.15622
1.15466
1.15496
1.15323
1.15311
1.15106
1.15034
1.14774
1.14619
1.14284
1.14037
1.13633
1.13304
1.12827
1.12423
1.11886
1.11446
1.10885
1.10446
1.09901
1.09507
1.09034
1.08721
1.20017
1.1948
1.19208
1.18977
1.18804
1.18635
1.18505
1.18343
1.18231
1.18053
1.17928
1.17724
1.17575
1.17346
1.17154
1.16889
1.16692
1.16428
1.16227
1.15904
1.15656
1.1527
1.14964
1.14501
1.14175
1.13722
1.13423
1.13012
1.12758
1.12396
1.12181
1.11832
1.11581
1.11158
1.10815
1.10328
1.09993
1.09589
1.09413
1.09257
1.24806
1.25599
1.25936
1.26617
1.267
1.27172
1.27191
1.27569
1.2757
1.27907
1.27886
1.28191
1.28148
1.28433
1.2835
1.28577
1.28417
1.28568
1.28354
1.28444
1.28195
1.2825
1.27987
1.27996
1.27642
1.27497
1.26988
1.26664
1.25975
1.25464
1.24601
1.23931
1.22944
1.22202
1.21216
1.2052
1.19584
1.18849
1.1775
1.16664
1.24647
1.24964
1.25379
1.25533
1.25516
1.25932
1.26505
1.27027
1.27653
1.28072
1.28618
1.28884
1.29278
1.29397
1.29639
1.29687
1.29847
1.29894
1.29982
1.2991
1.29779
1.29393
1.28999
1.28303
1.27769
1.26867
1.263
1.25299
1.24765
1.23706
1.23235
1.22203
1.21837
1.20926
1.20505
1.19393
1.18321
1.166
1.15032
1.1373
1.18224
1.22156
1.26691
1.30611
1.34774
1.38431
1.42228
1.45595
1.49008
1.52043
1.55083
1.57739
1.60357
1.62573
1.64685
1.6631
1.67822
1.68788
1.69748
1.70202
1.70799
1.70898
1.71194
1.70937
1.7088
1.7019
1.697
1.6852
1.67642
1.66021
1.64726
1.62676
1.61053
1.587
1.56792
1.54131
1.51784
1.49093
1.46625
1.4408
1.00906
1.00976
1.00973
1.00984
1.01003
1.0101
1.00995
1.01023
1.0104
1.01046
1.01071
1.01102
1.01118
1.01143
1.01168
1.01176
1.01163
1.01136
1.01077
1.01057
1.01013
1.00943
1.00855
1.00732
1.00586
1.00407
1.00174
0.999121
0.996253
0.993772
0.99085
0.988358
0.985131
0.980869
0.979577
0.976431
0.976975
0.975093
0.975638
0.973824
1.00951
1.01007
1.01003
1.01029
1.01036
1.0104
1.0103
1.01061
1.01083
1.01109
1.01138
1.0117
1.01178
1.01159
1.01184
1.0118
1.01156
1.01138
1.01095
1.01073
1.01007
1.00934
1.00842
1.00719
1.00566
1.00393
1.0016
0.998854
0.996045
0.993393
0.990404
0.987831
0.984858
0.980615
0.979279
0.975902
0.976454
0.974657
0.974975
0.973313
1.00971
1.01008
1.01003
1.01035
1.01034
1.0103
1.01036
1.01069
1.01096
1.01127
1.01156
1.01175
1.01167
1.01118
1.01125
1.01109
1.01079
1.01047
1.01011
1.00994
1.0092
1.00833
1.0073
1.00595
1.00429
1.00258
1.00026
0.997391
0.994615
0.991839
0.988934
0.986089
0.983366
0.980021
0.978175
0.975668
0.975357
0.973818
0.973947
0.972911
1.01019
1.0103
1.01023
1.01057
1.01054
1.01057
1.01067
1.01101
1.01133
1.01162
1.01183
1.01186
1.01171
1.01127
1.01126
1.01105
1.01071
1.01024
1.00995
1.00983
1.00905
1.00814
1.0071
1.00569
1.00391
1.00207
0.999851
0.99682
0.994177
0.991206
0.988178
0.985284
0.982632
0.979745
0.977616
0.975612
0.9745
0.973265
0.972855
0.972303
1.0103
1.01037
1.01029
1.01058
1.01053
1.0107
1.01083
1.01112
1.01135
1.01163
1.01174
1.01166
1.01135
1.01094
1.011
1.01073
1.01035
1.00986
1.00956
1.00929
1.00835
1.00735
1.00621
1.00469
1.00285
1.0008
0.998563
0.995437
0.992734
0.989622
0.986645
0.983429
0.980928
0.978662
0.976505
0.974856
0.973295
0.972158
0.971766
0.971577
1.01068
1.0107
1.01062
1.01088
1.01088
1.01123
1.01128
1.01148
1.01166
1.01189
1.01197
1.01189
1.01164
1.01133
1.01137
1.0111
1.01079
1.01037
1.00992
1.00951
1.00864
1.0076
1.00639
1.00483
1.00294
1.00077
0.99853
0.995498
0.992644
0.989293
0.985971
0.982987
0.980319
0.978099
0.97598
0.97438
0.972649
0.971388
0.970828
0.970935
1.01086
1.01084
1.01077
1.0109
1.01101
1.01144
1.01144
1.01163
1.01177
1.01192
1.01189
1.01172
1.01148
1.01124
1.01123
1.01089
1.01056
1.01014
1.0098
1.0093
1.00827
1.00711
1.00579
1.00415
1.00221
1.00001
0.997503
0.994676
0.991428
0.988101
0.984894
0.98156
0.978872
0.976693
0.97474
0.973176
0.971559
0.970074
0.96977
0.970079
1.01102
1.01116
1.01102
1.01123
1.01149
1.01197
1.01193
1.01223
1.01228
1.01236
1.01223
1.0121
1.01196
1.0119
1.01185
1.01149
1.0112
1.01088
1.01057
1.01004
1.00899
1.00781
1.00642
1.00474
1.00274
1.0004
0.997905
0.994825
0.991601
0.988182
0.98446
0.981381
0.978481
0.976115
0.973989
0.97241
0.970926
0.969393
0.968947
0.969465
1.01138
1.01149
1.01143
1.01156
1.01195
1.01227
1.01228
1.01249
1.01252
1.01253
1.01236
1.01219
1.01217
1.01217
1.01206
1.01167
1.01144
1.01109
1.01082
1.01005
1.00895
1.00777
1.00628
1.00449
1.00238
1
0.997106
0.994013
0.990577
0.987129
0.983756
0.980076
0.977089
0.974586
0.97237
0.970898
0.969606
0.968026
0.967791
0.968449
1.01143
1.01169
1.01166
1.01202
1.01232
1.01263
1.01264
1.01298
1.01296
1.01306
1.01282
1.01279
1.01288
1.01293
1.01278
1.01257
1.0125
1.01219
1.0118
1.01104
1.01001
1.00884
1.00725
1.00536
1.00309
1.00039
0.997557
0.99418
0.99073
0.987123
0.98305
0.979782
0.976618
0.973969
0.971492
0.96987
0.968795
0.967242
0.966831
0.967634
1.01194
1.01228
1.01253
1.01278
1.01295
1.01317
1.01325
1.01337
1.01328
1.01345
1.01324
1.01322
1.0133
1.01332
1.01305
1.01291
1.01286
1.01242
1.01193
1.01098
1.00988
1.00866
1.00704
1.00498
1.00247
0.999807
0.996501
0.993115
0.989397
0.985615
0.982164
0.978136
0.974938
0.97227
0.969671
0.968039
0.967286
0.965968
0.965543
0.966415
1.01213
1.01253
1.01276
1.01295
1.01305
1.01323
1.01337
1.01344
1.01355
1.01391
1.01378
1.01382
1.0139
1.01386
1.01364
1.01362
1.01354
1.01322
1.01265
1.01176
1.01076
1.00954
1.0079
1.00571
1.00313
0.999969
0.996695
0.99306
0.98919
0.985369
0.980901
0.977605
0.974229
0.97145
0.968821
0.966964
0.966268
0.965038
0.964652
0.965549
1.0128
1.01322
1.01348
1.01359
1.01363
1.01385
1.01406
1.0141
1.01417
1.01451
1.01429
1.01434
1.01428
1.01421
1.01398
1.01397
1.0138
1.01325
1.01257
1.01159
1.01051
1.00909
1.00727
1.00504
1.00211
0.999062
0.995346
0.991642
0.987678
0.983421
0.979882
0.975516
0.972168
0.969477
0.966985
0.965168
0.964556
0.963556
0.963324
0.964226
1.01309
1.01352
1.01366
1.01372
1.01375
1.01395
1.01417
1.01425
1.01436
1.01467
1.0146
1.01479
1.01471
1.01474
1.01465
1.01457
1.01427
1.01367
1.01306
1.01218
1.01104
1.00959
1.00781
1.00545
1.00258
0.999081
0.995425
0.991493
0.987171
0.98308
0.97824
0.974858
0.971243
0.96839
0.96588
0.96394
0.963353
0.962336
0.96211
0.963182
1.01388
1.01428
1.01437
1.01447
1.0145
1.01479
1.01504
1.01513
1.01519
1.01533
1.01533
1.01538
1.01519
1.0153
1.01514
1.01491
1.01449
1.01378
1.01304
1.01202
1.01072
1.00919
1.00708
1.00471
1.00146
0.998082
0.99404
0.989849
0.985625
0.980854
0.977142
0.972487
0.968871
0.966063
0.963712
0.961892
0.961406
0.960507
0.96047
0.961675
1.01407
1.01448
1.01456
1.01469
1.01469
1.01491
1.01512
1.01523
1.01532
1.01547
1.01556
1.01565
1.01554
1.01579
1.01559
1.01535
1.01501
1.01432
1.01359
1.01251
1.01114
1.00945
1.00746
1.00481
1.00176
0.997943
0.993907
0.989583
0.984845
0.980435
0.975196
0.971634
0.967706
0.964684
0.962257
0.960335
0.959851
0.958942
0.959039
0.960444
1.01489
1.01538
1.01552
1.01577
1.01574
1.01594
1.0162
1.01643
1.01659
1.01666
1.01678
1.01675
1.01656
1.01668
1.01634
1.01619
1.01574
1.01492
1.01405
1.01272
1.01112
1.00931
1.00691
1.00426
1.00072
0.996851
0.992497
0.987765
0.983209
0.977755
0.973952
0.968827
0.964985
0.962032
0.959692
0.957958
0.957683
0.956934
0.957462
0.958911
1.01511
1.01557
1.01568
1.01597
1.01592
1.01608
1.01629
1.01653
1.01669
1.01687
1.01712
1.01707
1.01691
1.01708
1.0169
1.01675
1.0162
1.01554
1.01458
1.0132
1.01157
1.00939
1.00703
1.00399
1.00058
0.996374
0.991883
0.987238
0.981841
0.977192
0.971423
0.967623
0.963479
0.960094
0.957878
0.956016
0.955792
0.95505
0.955843
0.957457
1.01612
1.01662
1.01671
1.01717
1.01718
1.01739
1.01758
1.01794
1.01817
1.01853
1.01876
1.0186
1.01851
1.0187
1.01818
1.01783
1.01717
1.01633
1.01513
1.01363
1.01167
1.00941
1.00666
1.00358
0.999641
0.99526
0.990568
0.985124
0.980173
0.97398
0.969974
0.964198
0.960342
0.957423
0.954919
0.953352
0.953461
0.952852
0.954101
0.955836
1.01645
1.01691
1.01692
1.01739
1.01742
1.01775
1.01787
1.01817
1.01826
1.0186
1.01871
1.01868
1.01887
1.01883
1.01823
1.01804
1.01724
1.0165
1.01529
1.01377
1.0119
1.00937
1.00662
1.00306
0.999142
0.994576
0.989231
0.984165
0.978026
0.973103
0.96655
0.962557
0.958141
0.954411
0.952582
0.950794
0.951152
0.950414
0.951879
0.95397
1.01784
1.01834
1.01836
1.01889
1.01906
1.01963
1.01969
1.01992
1.01991
1.02035
1.02047
1.02072
1.02082
1.02043
1.0199
1.0194
1.01835
1.01745
1.01592
1.01436
1.01207
1.00945
1.00625
1.00256
0.99825
0.992927
0.987827
0.98145
0.976183
0.969247
0.9648
0.958414
0.954666
0.951738
0.9491
0.947895
0.948497
0.947885
0.949837
0.952199
1.01823
1.01874
1.01879
1.01933
1.01945
1.02001
1.02003
1.02026
1.02016
1.02052
1.02048
1.02065
1.02055
1.02024
1.0199
1.01926
1.01817
1.01737
1.01583
1.01411
1.01191
1.00903
1.00568
1.00168
0.996811
0.991871
0.985492
0.979945
0.973064
0.96762
0.960333
0.956169
0.951283
0.947461
0.946009
0.94406
0.945419
0.944787
0.946849
0.949743
1.01998
1.02064
1.02079
1.02141
1.02157
1.02215
1.02224
1.02263
1.0226
1.02297
1.02282
1.02299
1.02283
1.02258
1.02219
1.02115
1.02014
1.01903
1.01702
1.01521
1.01238
1.00927
1.00544
1.00081
0.996053
0.989755
0.983926
0.976667
0.970875
0.963202
0.95803
0.951101
0.947416
0.944339
0.941746
0.940933
0.942204
0.941971
0.944585
0.947866
1.02054
1.0212
1.02123
1.02188
1.02191
1.02245
1.02242
1.0228
1.02274
1.02302
1.02275
1.02275
1.02246
1.02225
1.02175
1.02088
1.02011
1.01865
1.01668
1.0145
1.01163
1.00824
1.00392
0.999486
0.993509
0.987837
0.980243
0.97402
0.966108
0.960057
0.952242
0.947825
0.942455
0.938713
0.937519
0.935741
0.937905
0.938017
0.940614
0.944699
1.02293
1.02364
1.02364
1.0244
1.02444
1.02505
1.02508
1.0256
1.02564
1.02595
1.02575
1.02581
1.02554
1.02517
1.02441
1.02343
1.02236
1.02059
1.01828
1.01602
1.01245
1.00853
1.00403
0.998306
0.992678
0.98509
0.978444
0.970091
0.963337
0.954773
0.94886
0.941276
0.937784
0.934681
0.932203
0.931795
0.933867
0.934741
0.937945
0.942768
1.02362
1.02431
1.02424
1.02491
1.02483
1.02541
1.02529
1.02575
1.02559
1.0258
1.02547
1.02542
1.0249
1.02431
1.02341
1.02246
1.02129
1.01928
1.01731
1.01452
1.01066
1.00679
1.00127
0.996077
0.988572
0.981969
0.973029
0.965632
0.956539
0.949742
0.94116
0.936479
0.930592
0.926972
0.926232
0.924982
0.927877
0.929369
0.932561
0.938437
1.02677
1.02762
1.02762
1.02834
1.02834
1.02901
1.02896
1.02947
1.02936
1.02967
1.02944
1.02945
1.02884
1.02812
1.02716
1.02583
1.0241
1.02192
1.01926
1.0159
1.01182
1.00682
1.00135
0.994162
0.987334
0.978242
0.97041
0.960637
0.952618
0.943025
0.936227
0.928051
0.924482
0.921616
0.919441
0.919765
0.922819
0.925187
0.929256
0.936236
1.02763
1.02849
1.02833
1.02906
1.02886
1.02947
1.02921
1.02966
1.02931
1.0295
1.029
1.02885
1.02804
1.02735
1.0262
1.02456
1.02273
1.0201
1.01717
1.01348
1.00859
1.00383
0.996487
0.9902
0.980975
0.973014
0.962369
0.953596
0.943142
0.935177
0.925687
0.920789
0.914169
0.911048
0.910839
0.910309
0.91427
0.917499
0.921567
0.930182
1.03213
1.03321
1.03301
1.03393
1.0337
1.03448
1.03425
1.03489
1.03453
1.03479
1.03421
1.0341
1.03319
1.03224
1.03063
1.02881
1.02635
1.02322
1.01969
1.01476
1.00993
1.0028
0.995896
0.986995
0.978552
0.967374
0.958108
0.946537
0.937082
0.926154
0.918389
0.909961
0.905872
0.90345
0.902539
0.903164
0.907964
0.91212
0.917218
0.927056
1.03382
1.03444
1.03412
1.0347
1.03437
1.03491
1.03451
1.03486
1.03422
1.03431
1.03344
1.03317
1.0319
1.03078
1.02899
1.02686
1.02383
1.0206
1.01586
1.01131
1.00428
0.997737
0.988474
0.980416
0.968679
0.958981
0.946169
0.935663
0.923179
0.913524
0.903421
0.897148
0.890946
0.888515
0.888868
0.889666
0.895563
0.901079
0.906016
0.916945
1.03851
1.03976
1.03957
1.04077
1.04053
1.04158
1.04112
1.04166
1.04107
1.0412
1.04021
1.03947
1.03773
1.03613
1.03384
1.03089
1.02768
1.02295
1.01841
1.01131
1.00478
0.995191
0.986604
0.974737
0.964082
0.95046
0.938929
0.924619
0.913594
0.901173
0.891962
0.883442
0.878927
0.877486
0.878313
0.879905
0.887357
0.894402
0.900919
0.914106
1.04404
1.04462
1.04407
1.04452
1.04378
1.04409
1.04313
1.04318
1.04186
1.04147
1.03966
1.03865
1.03617
1.03453
1.03092
1.0282
1.02301
1.01889
1.0116
1.00539
0.995481
0.986865
0.974457
0.963568
0.948877
0.936196
0.920383
0.907418
0.892441
0.880749
0.869683
0.862506
0.857131
0.855821
0.857804
0.860211
0.868764
0.877934
0.884986
0.900071
1.04822
1.0495
1.04909
1.05012
1.04959
1.05037
1.04964
1.04994
1.04882
1.04836
1.04674
1.04526
1.04292
1.03997
1.03658
1.03174
1.02694
1.01964
1.01288
1.0026
0.99342
0.980227
0.96871
0.952841
0.939043
0.92175
0.906749
0.889429
0.875941
0.861813
0.851201
0.843389
0.839297
0.839534
0.843399
0.847019
0.858192
0.869726
0.879289
0.895687
1.05867
1.05914
1.05813
1.05857
1.05717
1.05741
1.05542
1.05519
1.05233
1.05143
1.04761
1.04593
1.04092
1.03821
1.0317
1.02759
1.01897
1.01264
1.00114
0.991973
0.977371
0.965236
0.947831
0.932933
0.913268
0.896192
0.876359
0.859583
0.841964
0.827754
0.816225
0.809084
0.805512
0.806546
0.81209
0.8172
0.82969
0.844252
0.855183
0.875705
1.06452
1.06526
1.06456
1.06501
1.06398
1.06373
1.06208
1.06081
1.05843
1.05607
1.05305
1.04953
1.0457
1.04056
1.03534
1.02761
1.01991
1.00852
0.997667
0.982243
0.968282
0.949325
0.93228
0.910845
0.891417
0.869063
0.849088
0.828747
0.811483
0.796472
0.785864
0.779986
0.778653
0.782506
0.792361
0.799631
0.816092
0.834431
0.851048
0.870003
1.08395
1.08401
1.08154
1.08175
1.07834
1.07784
1.07311
1.07186
1.0659
1.06394
1.05675
1.05382
1.04489
1.04006
1.02831
1.02044
1.00496
0.99338
0.974037
0.958791
0.936223
0.917296
0.892428
0.870009
0.843739
0.81976
0.794847
0.77262
0.753082
0.737844
0.727615
0.7228
0.723279
0.730472
0.74347
0.753316
0.772902
0.796638
0.815549
0.845763
1.09351
1.0924
1.09198
1.08944
1.08672
1.08258
1.07906
1.07424
1.07011
1.06445
1.05913
1.05158
1.04368
1.03291
1.02142
1.00655
0.990791
0.971601
0.951678
0.928554
0.904533
0.87747
0.850005
0.820285
0.791026
0.762618
0.736017
0.71311
0.694676
0.681565
0.675334
0.675272
0.68339
0.696429
0.719149
0.735979
0.758536
0.787287
0.81525
0.838355
1.15225
1.14496
1.1314
1.12479
1.11373
1.11007
1.10101
1.09829
1.08848
1.08349
1.07017
1.0609
1.04284
1.02856
1.00546
0.985859
0.957657
0.932726
0.899818
0.869455
0.831436
0.797486
0.757906
0.722341
0.686263
0.652128
0.623377
0.596028
0.580532
0.564283
0.567525
0.56672
0.583358
0.600152
0.636421
0.663908
0.690866
0.72292
0.773345
0.804814
1.13461
1.12896
1.13249
1.13206
1.13472
1.13277
1.12757
1.11815
1.1035
1.08629
1.06341
1.03964
1.01009
0.980621
0.945135
0.910132
0.868951
0.828809
0.78327
0.741959
0.695129
0.65628
0.609812
0.577293
0.535898
0.513967
0.484799
0.481154
0.469884
0.488628
0.501641
0.532994
0.572883
0.613055
0.656519
0.702596
0.749911
0.788442
0.820232
0.871981
1.41624
1.39297
1.35666
1.3233
1.27815
1.23697
1.18688
1.1425
1.08892
1.04289
0.98692
0.94021
0.881944
0.834476
0.774038
0.725932
0.664165
0.615875
0.554184
0.504713
0.446803
0.396492
0.348097
0.303129
0.276358
0.250961
0.266525
0.286763
0.305365
0.361371
0.423425
0.471756
0.559594
0.599179
0.689952
0.731703
0.813696
0.867705
0.936311
0.984219
0.999979
1
0.999999
0.999998
0.999999
0.999999
1
1
1
1
1
1
1
1.00001
1.00001
1.00001
1.00001
1.00001
1.00001
1.00001
1.00001
1.00001
1.00001
1.00001
1.00001
1.00001
1.00001
1.00001
1.00001
1.00001
1.00001
1.00001
1.00001
1.00001
1.00001
1.00001
1.00001
1.00001
1
0.999983
0.99998
1.00002
1.00001
1.00001
1.00001
1.00001
1.00001
1
1
1
0.999999
0.999998
0.999996
0.999995
0.999993
0.999992
0.99999
0.999989
0.999987
0.999986
0.999984
0.999983
0.999981
0.99998
0.999979
0.999978
0.999977
0.999976
0.999976
0.999976
0.999976
0.999976
0.999976
0.999976
0.999977
0.999977
0.999979
0.999981
0.999984
0.999938
0.999982
1.00004
1.00003
1.00002
1.00001
1.00001
1.00001
1.00001
1.00001
1.00001
1.00001
1.00001
1
1
1
0.999999
0.999998
0.999996
0.999994
0.999993
0.999991
0.999989
0.999987
0.999985
0.999984
0.999981
0.999979
0.999977
0.999975
0.999972
0.99997
0.999967
0.999965
0.999964
0.999963
0.999962
0.999963
0.999964
0.99997
0.999894
0.999991
1.00008
1.00007
1.00006
1.00006
1.00005
1.00004
1.00004
1.00003
1.00003
1.00003
1.00002
1.00002
1.00002
1.00001
1.00001
1
0.999996
0.999991
0.999985
0.999979
0.999972
0.999966
0.999959
0.999952
0.999946
0.99994
0.999934
0.999929
0.999924
0.99992
0.999917
0.999913
0.99991
0.999908
0.999907
0.999907
0.999911
0.99992
0.999808
1
1.00015
1.00013
1.00011
1.0001
1.00009
1.00008
1.00007
1.00006
1.00006
1.00005
1.00004
1.00003
1.00002
1.00001
1
0.999996
0.999985
0.999975
0.999965
0.999955
0.999944
0.999934
0.999924
0.999914
0.999901
0.999891
0.99988
0.999869
0.999859
0.999849
0.99984
0.999832
0.999827
0.999823
0.999822
0.999825
0.999835
0.999851
0.999701
1.00003
1.0002
1.00019
1.00018
1.00017
1.00016
1.00015
1.00014
1.00014
1.00013
1.00012
1.00011
1.0001
1.00009
1.00008
1.00007
1.00005
1.00004
1.00003
1.00001
1
0.999985
0.999969
0.999952
0.999936
0.999921
0.999906
0.999892
0.999878
0.999865
0.99985
0.999838
0.999828
0.999819
0.999812
0.999807
0.999805
0.999805
0.99981
0.999624
1.0001
1.00034
1.00034
1.00034
1.00033
1.00033
1.00033
1.00032
1.00032
1.00031
1.0003
1.00029
1.00028
1.00027
1.00026
1.00024
1.00023
1.00021
1.00019
1.00017
1.00015
1.00013
1.0001
1.00008
1.00005
1.00002
0.999993
0.999964
0.999934
0.999905
0.999877
0.99985
0.999823
0.999796
0.999773
0.999754
0.999739
0.999727
0.999733
0.999502
1.00017
1.00044
1.00043
1.00042
1.00041
1.00041
1.0004
1.00039
1.00039
1.00038
1.00037
1.00036
1.00035
1.00033
1.00031
1.00029
1.00027
1.00025
1.00022
1.0002
1.00016
1.00013
1.0001
1.00006
1.00003
0.999991
0.999953
0.999914
0.999875
0.999836
0.9998
0.999765
0.999733
0.999705
0.999679
0.999659
0.999647
0.999638
0.999636
0.999369
1.00022
1.00052
1.0005
1.00048
1.00046
1.00044
1.00042
1.00041
1.00039
1.00037
1.00034
1.00032
1.00029
1.00027
1.00024
1.0002
1.00017
1.00014
1.0001
1.00006
1.00002
0.999978
0.999934
0.999888
0.999843
0.999797
0.99975
0.999705
0.999661
0.999618
0.999576
0.999537
0.999503
0.999473
0.999448
0.999426
0.999417
0.99942
0.999424
0.999093
1.00027
1.00061
1.00059
1.00056
1.00053
1.00051
1.00048
1.00045
1.00042
1.00039
1.00036
1.00033
1.00029
1.00025
1.00021
1.00017
1.00012
1.00007
1.00002
0.99997
0.999914
0.999858
0.999799
0.999739
0.999677
0.999616
0.999556
0.999498
0.999443
0.99939
0.999343
0.999299
0.99926
0.999227
0.9992
0.999181
0.999167
0.999158
0.999152
0.998782
1.00036
1.00077
1.00075
1.00073
1.0007
1.00068
1.00066
1.00063
1.0006
1.00057
1.00054
1.0005
1.00046
1.00042
1.00037
1.00032
1.00027
1.00021
1.00015
1.00009
1.00002
0.999954
0.999882
0.999809
0.999735
0.99966
0.999586
0.999512
0.999441
0.999373
0.999307
0.999246
0.99919
0.999137
0.999092
0.999054
0.999025
0.999007
0.999004
0.998591
1.00057
1.00102
1.00101
1.00099
1.00097
1.00095
1.00093
1.00091
1.00089
1.00086
1.00084
1.0008
1.00076
1.00072
1.00067
1.00062
1.00056
1.0005
1.00043
1.00035
1.00028
1.00019
1.0001
1.00001
0.999924
0.999828
0.999729
0.999631
0.999533
0.999434
0.99934
0.99925
0.999168
0.999094
0.999029
0.998973
0.99893
0.998898
0.99889
0.998447
1.00072
1.00121
1.00119
1.00117
1.00116
1.00114
1.00112
1.00109
1.00107
1.00104
1.001
1.00096
1.00092
1.00086
1.00081
1.00074
1.00067
1.0006
1.00052
1.00043
1.00034
1.00024
1.00014
1.00003
0.999912
0.999797
0.999682
0.999567
0.999452
0.999341
0.999233
0.999131
0.999036
0.998951
0.998874
0.99881
0.998762
0.998733
0.998716
0.998214
1.00079
1.00131
1.00129
1.00126
1.00123
1.0012
1.00117
1.00113
1.00108
1.00104
1.00098
1.00093
1.00086
1.00079
1.00072
1.00064
1.00056
1.00046
1.00036
1.00025
1.00014
1.00002
0.999897
0.999771
0.999642
0.99951
0.99938
0.999251
0.999125
0.999005
0.99889
0.998781
0.998681
0.998592
0.998516
0.998454
0.998408
0.998376
0.998356
0.997806
1.00088
1.00143
1.0014
1.00137
1.00134
1.0013
1.00126
1.00122
1.00117
1.00111
1.00105
1.00099
1.00091
1.00084
1.00076
1.00067
1.00057
1.00046
1.00034
1.00022
1.00009
0.999947
0.999805
0.999658
0.999508
0.999357
0.999204
0.999053
0.998904
0.998761
0.998623
0.998495
0.998377
0.998271
0.998179
0.998102
0.998042
0.998002
0.997978
0.997393
1.00108
1.00168
1.00167
1.00164
1.00161
1.00158
1.00154
1.0015
1.00145
1.0014
1.00134
1.00127
1.00121
1.00113
1.00103
1.00093
1.00083
1.0007
1.00057
1.00043
1.00029
1.00013
0.999972
0.999806
0.999633
0.999458
0.999281
0.999103
0.998926
0.998754
0.998588
0.99843
0.998286
0.998156
0.998042
0.997945
0.997867
0.997813
0.997781
0.997149
1.00137
1.002
1.00197
1.00195
1.00192
1.00189
1.00185
1.0018
1.00175
1.00169
1.00163
1.00156
1.00148
1.00138
1.00128
1.00116
1.00104
1.0009
1.00075
1.0006
1.00043
1.00025
1.00007
0.999874
0.999675
0.999474
0.99927
0.999068
0.99887
0.998674
0.998486
0.998313
0.998146
0.997995
0.997861
0.99775
0.997657
0.997601
0.997556
0.996902
1.00154
1.00218
1.00217
1.00214
1.00211
1.00207
1.00202
1.00197
1.00191
1.00184
1.00177
1.00169
1.00159
1.00148
1.00136
1.00123
1.00109
1.00094
1.00076
1.00059
1.00039
1.0002
0.999989
0.999774
0.999551
0.999322
0.999089
0.998857
0.998625
0.998402
0.998187
0.997976
0.99779
0.997622
0.997472
0.997344
0.997245
0.997162
0.997125
0.996424
1.00171
1.00238
1.00235
1.00232
1.00229
1.00225
1.0022
1.00215
1.00208
1.00201
1.00194
1.00184
1.00173
1.00161
1.00148
1.00133
1.00117
1.00101
1.00082
1.00062
1.0004
1.00019
0.999941
0.999689
0.99943
0.999167
0.998901
0.998634
0.998377
0.998121
0.997875
0.997656
0.997434
0.99723
0.997053
0.996903
0.996777
0.996706
0.996625
0.995942
1.00199
1.00267
1.00267
1.00263
1.00259
1.00255
1.00249
1.00243
1.00236
1.00229
1.00219
1.00209
1.00197
1.00184
1.00169
1.00154
1.00136
1.00118
1.00097
1.00075
1.0005
1.00025
0.999985
0.999713
0.99943
0.999136
0.998839
0.998538
0.998234
0.997943
0.997661
0.997375
0.997135
0.996919
0.996723
0.996555
0.996427
0.996298
0.996262
0.9955
1.00229
1.00298
1.00295
1.00292
1.00289
1.00284
1.00279
1.00273
1.00266
1.00258
1.00248
1.00237
1.00224
1.0021
1.00193
1.00175
1.00155
1.00137
1.00114
1.00089
1.00063
1.00034
1.00004
0.999721
0.999393
0.999061
0.998724
0.998387
0.998065
0.997741
0.997428
0.997157
0.996868
0.996598
0.996368
0.996176
0.996002
0.995935
0.995804
0.995108
1.00257
1.00327
1.00325
1.00323
1.00318
1.00313
1.00307
1.003
1.00292
1.00283
1.00272
1.0026
1.00246
1.0023
1.00213
1.00195
1.00174
1.00152
1.00127
1.001
1.0007
1.0004
1.00007
0.999733
0.999383
0.999014
0.998643
0.998268
0.997879
0.997507
0.997147
0.996771
0.996473
0.996207
0.995954
0.995744
0.995589
0.99539
0.995377
0.994545
1.00285
1.00353
1.00351
1.00347
1.00344
1.00339
1.00334
1.00326
1.00318
1.0031
1.00298
1.00285
1.00271
1.00255
1.00236
1.00214
1.00192
1.00168
1.00141
1.00111
1.00079
1.00044
1.00008
0.999691
0.999286
0.998878
0.998456
0.998033
0.997636
0.997232
0.996843
0.996509
0.996132
0.995784
0.995496
0.995237
0.995002
0.994943
0.994727
0.994058
1.00313
1.00385
1.00383
1.0038
1.00375
1.00371
1.00364
1.00356
1.00348
1.00337
1.00325
1.00312
1.00295
1.00277
1.00258
1.00238
1.00214
1.00188
1.00158
1.00127
1.00093
1.00056
1.00015
0.999746
0.999315
0.99886
0.998405
0.997946
0.997458
0.996989
0.996535
0.99607
0.995705
0.995366
0.995038
0.994778
0.994596
0.9943
0.99432
0.993453
1.00347
1.00415
1.00413
1.00409
1.00406
1.004
1.00394
1.00386
1.00378
1.00368
1.00355
1.00341
1.00326
1.00308
1.00287
1.00262
1.00235
1.00207
1.00175
1.00138
1.00101
1.00061
1.00019
0.999723
0.999241
0.998751
0.998232
0.99771
0.99722
0.996729
0.996249
0.995811
0.995336
0.994915
0.994564
0.99423
0.993919
0.993857
0.99357
0.992911
1.00375
1.00446
1.00444
1.00442
1.00437
1.00432
1.00425
1.00417
1.00409
1.00398
1.00385
1.00369
1.00351
1.00331
1.00311
1.00289
1.00262
1.00233
1.002
1.00165
1.00125
1.00081
1.00031
0.999808
0.999279
0.998721
0.998173
0.997614
0.997024
0.996441
0.995884
0.99535
0.99489
0.994438
0.994025
0.993706
0.993486
0.993134
0.993138
0.992228
1.0041
1.0048
1.00478
1.00473
1.0047
1.00464
1.00458
1.0045
1.00441
1.00429
1.00416
1.00401
1.00386
1.00366
1.00342
1.00315
1.00285
1.00251
1.00215
1.00174
1.0013
1.00083
1.00034
0.999817
0.999254
0.998675
0.998045
0.997411
0.996799
0.996197
0.995596
0.995004
0.994436
0.993951
0.993508
0.993092
0.992695
0.992569
0.992254
0.99158
1.0044
1.00508
1.00507
1.00506
1.00501
1.00496
1.00489
1.00481
1.00473
1.00463
1.00449
1.00432
1.00411
1.00393
1.00371
1.00347
1.00319
1.00288
1.00252
1.0021
1.00162
1.0011
1.00053
0.999908
0.999262
0.998585
0.997926
0.997244
0.996539
0.995837
0.99516
0.994553
0.993955
0.993369
0.992876
0.992458
0.992182
0.991806
0.991749
0.990785
1.00475
1.00548
1.00546
1.00541
1.00538
1.00532
1.00525
1.00518
1.00508
1.00495
1.0048
1.00466
1.00452
1.0043
1.00406
1.00375
1.00343
1.00305
1.00264
1.0022
1.00173
1.00118
1.00061
1.00001
0.999357
0.998665
0.997906
0.997146
0.996393
0.995641
0.994908
0.994138
0.99347
0.992867
0.992278
0.991787
0.991292
0.991088
0.990764
0.990072
1.00506
1.00574
1.00572
1.0057
1.00567
1.00563
1.00557
1.0055
1.00541
1.00531
1.0052
1.00502
1.00481
1.0046
1.00436
1.00413
1.00385
1.00352
1.00312
1.00264
1.00207
1.00148
1.00081
1.00008
0.999304
0.9985
0.997708
0.996872
0.996016
0.995171
0.994344
0.99361
0.992852
0.992172
0.991595
0.991052
0.990687
0.990218
0.99008
0.989123
1.00547
1.00617
1.00616
1.00613
1.00609
1.00604
1.00598
1.00591
1.00581
1.00568
1.00551
1.00535
1.0052
1.00502
1.00479
1.00448
1.00413
1.00373
1.00329
1.00283
1.00233
1.00171
1.00103
1.00031
0.999533
0.998712
0.99781
0.996906
0.996
0.995078
0.994171
0.993241
0.992415
0.991602
0.990863
0.990251
0.989672
0.989409
0.989034
0.988356
1.00572
1.00643
1.00641
1.00639
1.00637
1.00633
1.00627
1.00622
1.00613
1.00603
1.00594
1.00578
1.0056
1.00535
1.00509
1.00489
1.00461
1.00426
1.00384
1.00327
1.00262
1.00194
1.00121
1.00038
0.999487
0.99852
0.997555
0.996531
0.995478
0.994448
0.993434
0.992521
0.991615
0.990831
0.990095
0.989451
0.988911
0.98835
0.988159
0.987114
1.00619
1.00689
1.00687
1.00683
1.0068
1.00676
1.00673
1.00668
1.0066
1.00648
1.00629
1.00613
1.00594
1.00578
1.0056
1.00529
1.00495
1.00458
1.00413
1.00366
1.00312
1.00242
1.00159
1.00072
0.999787
0.998827
0.997777
0.996702
0.995612
0.994473
0.993364
0.992207
0.991173
0.990166
0.989295
0.988486
0.987856
0.987389
0.986908
0.986331
1.00644
1.00714
1.00713
1.00713
1.00711
1.00708
1.00704
1.00701
1.00694
1.00684
1.00674
1.00659
1.00642
1.0062
1.00597
1.00577
1.00552
1.00517
1.00475
1.00414
1.00342
1.00264
1.0018
1.00087
0.999849
0.998705
0.997518
0.996281
0.994983
0.993738
0.992471
0.991358
0.990227
0.989244
0.988335
0.987549
0.986815
0.986244
0.985927
0.984736
1.00692
1.00762
1.00759
1.00755
1.00751
1.0075
1.0075
1.0075
1.00745
1.00734
1.00715
1.00697
1.00677
1.0066
1.00645
1.00623
1.00596
1.00564
1.00519
1.00468
1.00407
1.00329
1.00236
1.00136
1.00021
0.999063
0.99785
0.996538
0.995239
0.993805
0.992417
0.990988
0.98978
0.988561
0.987458
0.986463
0.985654
0.985011
0.984478
0.983832
1.00718
1.0079
1.00788
1.00787
1.00784
1.00781
1.00783
1.00786
1.00784
1.00776
1.00761
1.00741
1.00725
1.00709
1.00698
1.00681
1.0066
1.00632
1.00596
1.00539
1.00456
1.00366
1.00267
1.00159
1.00045
0.999122
0.997707
0.996259
0.994645
0.993121
0.991516
0.990066
0.988593
0.987422
0.986318
0.985361
0.984359
0.983823
0.983041
0.981987
1.00769
1.0084
1.00836
1.00829
1.00822
1.00823
1.00832
1.00842
1.00843
1.00834
1.00816
1.00789
1.00767
1.00762
1.00757
1.00743
1.0072
1.00698
1.00664
1.00602
1.00531
1.00444
1.00347
1.00234
1.00103
0.999644
0.998108
0.996548
0.995028
0.993202
0.991435
0.989572
0.988129
0.986748
0.985178
0.984248
0.98279
0.982553
0.981539
0.980912
1.00794
1.00864
1.00864
1.00861
1.00856
1.00849
1.00865
1.00881
1.00886
1.00881
1.00866
1.0084
1.00814
1.00812
1.00818
1.00816
1.00798
1.00778
1.00764
1.00707
1.00606
1.00512
1.0041
1.00291
1.00156
0.999965
0.998352
0.996654
0.994698
0.992794
0.990783
0.988858
0.986875
0.985499
0.983629
0.98289
0.981051
0.981084
0.979617
0.978774
1.00858
1.00927
1.00921
1.00911
1.00902
1.00894
1.00921
1.00948
1.00957
1.00955
1.0095
1.00918
1.00877
1.009
1.00921
1.00923
1.00904
1.0088
1.00888
1.00819
1.00727
1.00638
1.00534
1.00415
1.00274
1.0011
0.998968
0.997144
0.9953
0.992888
0.990721
0.988238
0.986066
0.984529
0.982247
0.981462
0.979361
0.979693
0.978013
0.97756
1.00822
1.00918
1.00945
1.00945
1.00943
1.00946
1.0098
1.00995
1.01005
1.01008
1.01001
1.01014
1.00986
1.01009
1.0103
1.01035
1.01022
1.01003
1.01017
1.00933
1.00854
1.00779
1.00685
1.00565
1.00427
1.00246
1.0002
0.998474
0.995987
0.993489
0.991084
0.988549
0.985698
0.983031
0.980894
0.979144
0.97787
0.977382
0.97647
0.974106
1.01286
1.00869
1.00918
1.00915
1.00938
1.0095
1.00962
1.00979
1.00984
1.01003
1.01009
1.01035
1.01046
1.0106
1.01066
1.01059
1.01069
1.01061
1.01031
1.00998
1.00968
1.00927
1.00873
1.00758
1.00682
1.00605
1.005
1.00521
1.00594
1.00844
1.01269
1.01059
0.984598
0.944262
0.930389
0.937079
0.956102
0.976326
0.989808
0.989807
1.01328
1.00829
1.00923
1.00871
1.00909
1.00909
1.00922
1.00937
1.00944
1.00963
1.00972
1.00991
1.01003
1.01014
1.01023
1.01006
1.01012
1.01003
1.00967
1.00943
1.00912
1.00856
1.0079
1.00692
1.00626
1.00537
1.00406
1.00393
1.00467
1.00553
1.0071
1.00455
0.986029
0.956301
0.944203
0.946425
0.95845
0.974083
0.98531
0.984643
1.01329
1.00836
1.00924
1.00823
1.00884
1.00872
1.00888
1.00903
1.00913
1.00931
1.00935
1.00948
1.0096
1.00967
1.00972
1.00954
1.0096
1.00953
1.00919
1.00897
1.00848
1.0078
1.0072
1.0064
1.00558
1.00456
1.00334
1.00335
1.00374
1.00317
1.00292
0.999596
0.986544
0.964682
0.954762
0.955285
0.961793
0.973585
0.981958
0.982269
1.01295
1.00852
1.00908
1.00792
1.0086
1.0084
1.00863
1.00878
1.00885
1.00897
1.009
1.00909
1.00918
1.00918
1.00918
1.00904
1.00907
1.00894
1.00856
1.00828
1.00775
1.00711
1.00653
1.00577
1.00486
1.00404
1.00315
1.00308
1.00271
1.00106
1.00002
0.996269
0.986284
0.97049
0.962208
0.962772
0.965797
0.973957
0.980133
0.981005
1.0121
1.00842
1.00883
1.00767
1.00838
1.00808
1.00841
1.00853
1.00853
1.00862
1.00864
1.00873
1.00882
1.0088
1.00882
1.00871
1.00863
1.00836
1.00793
1.00758
1.00705
1.0064
1.00581
1.00521
1.00448
1.00405
1.00337
1.00278
1.00152
0.999032
0.997727
0.99394
0.985883
0.974693
0.967545
0.968747
0.969918
0.974888
0.979023
0.980288
1.01119
1.00814
1.00838
1.00747
1.00818
1.00777
1.00821
1.00822
1.00822
1.00833
1.00836
1.00844
1.0085
1.00849
1.00852
1.00839
1.00817
1.00777
1.00732
1.00697
1.00644
1.00584
1.00549
1.00502
1.00438
1.00401
1.00335
1.00203
1.0002
0.997425
0.995769
0.992311
0.985658
0.977826
0.971567
0.973702
0.974089
0.976445
0.978355
0.979148
1.0111
1.00779
1.00796
1.00731
1.00795
1.00757
1.00799
1.00793
1.00798
1.00809
1.0081
1.00817
1.00823
1.0082
1.00816
1.00797
1.00765
1.00722
1.00682
1.00652
1.00607
1.00561
1.00542
1.00496
1.00408
1.00353
1.00272
1.00092
0.998946
0.996356
0.994296
0.991301
0.985694
0.980268
0.974553
0.977374
0.977771
0.978174
0.978125
0.977929
1.01109
1.00747
1.00767
1.00707
1.00768
1.00734
1.00773
1.00767
1.00776
1.00787
1.00787
1.00791
1.00791
1.00783
1.0077
1.00746
1.00714
1.00678
1.00649
1.00627
1.00592
1.00555
1.00531
1.0047
1.00362
1.0029
1.00196
0.999967
0.997941
0.995709
0.993332
0.990778
0.985808
0.982221
0.976847
0.979697
0.98053
0.979899
0.977945
0.977491
1.01094
1.00715
1.00748
1.00675
1.00737
1.00702
1.00743
1.00736
1.0075
1.00756
1.00754
1.00756
1.00748
1.00736
1.00722
1.00703
1.00678
1.0065
1.00629
1.00617
1.00583
1.0054
1.00509
1.0044
1.00318
1.00223
1.00116
0.999231
0.997347
0.995395
0.992739
0.990638
0.985873
0.983812
0.978575
0.981586
0.982492
0.982054
0.978232
0.977603
1.01054
1.00692
1.0073
1.00641
1.00706
1.00669
1.00715
1.00705
1.00722
1.00722
1.00718
1.00717
1.00709
1.00703
1.00694
1.00682
1.00661
1.00643
1.00628
1.00614
1.00568
1.00513
1.00477
1.004
1.00272
1.00159
1.00049
0.998856
0.997133
0.995355
0.99247
0.990928
0.986052
0.985284
0.979695
0.983599
0.98373
0.984659
0.979399
0.97841
1.01023
1.00672
1.00705
1.00602
1.00678
1.00637
1.00691
1.00676
1.00695
1.00692
1.00687
1.00685
1.00682
1.00681
1.00676
1.00669
1.00651
1.00633
1.00612
1.00591
1.00543
1.00472
1.00421
1.00349
1.00236
1.00121
1.00017
0.998739
0.996979
0.995425
0.992392
0.991442
0.986378
0.98671
0.980398
0.985281
0.984248
0.987172
0.981091
0.979739
1.01003
1.00639
1.00672
1.00557
1.00651
1.00606
1.00668
1.00647
1.00669
1.00662
1.00661
1.00665
1.00664
1.00666
1.00662
1.00653
1.00636
1.00608
1.00573
1.00546
1.00497
1.00427
1.00372
1.00307
1.00207
1.00092
0.999874
0.998505
0.996641
0.995422
0.992276
0.991835
0.986671
0.987946
0.980955
0.986297
0.984325
0.989332
0.982781
0.980392
1.00972
1.00594
1.0062
1.00516
1.00624
1.00582
1.00647
1.00623
1.00648
1.00641
1.0065
1.00659
1.00658
1.00657
1.00648
1.00635
1.00617
1.0058
1.00539
1.00507
1.0046
1.00393
1.00337
1.00268
1.00164
1.00045
0.999322
0.998066
0.996191
0.995302
0.992067
0.99209
0.986898
0.988916
0.981329
0.987017
0.98426
0.991214
0.984261
0.981037
1.00925
1.00534
1.00571
1.00491
1.00603
1.00564
1.00628
1.0061
1.00639
1.00634
1.0065
1.00658
1.00656
1.00649
1.00638
1.00623
1.00603
1.00561
1.00521
1.00479
1.00426
1.00365
1.00305
1.00227
1.00117
0.99998
0.998853
0.997787
0.995932
0.99528
0.992029
0.992471
0.987271
0.989778
0.981575
0.987805
0.98395
0.992576
0.985471
0.982442
1.00836
1.00484
1.00551
1.00485
1.00593
1.00551
1.00616
1.00598
1.00634
1.00631
1.00648
1.00652
1.00644
1.00631
1.00615
1.00596
1.00572
1.00526
1.00486
1.00439
1.00386
1.0033
1.00267
1.00189
1.00089
0.999815
0.998719
0.997787
0.99592
0.995453
0.992243
0.992985
0.98778
0.990575
0.981869
0.988596
0.983399
0.993033
0.985489
0.986798
1.00677
1.00464
1.00555
1.00494
1.00591
1.00542
1.00608
1.00587
1.00628
1.00623
1.00637
1.00633
1.00616
1.00597
1.00579
1.00555
1.00532
1.00488
1.0045
1.00403
1.00356
1.00305
1.0024
1.00169
1.00082
0.999867
0.998764
0.997891
0.996033
0.995735
0.992608
0.993449
0.988367
0.99128
0.982448
0.989296
0.982202
0.992704
0.984127
0.992771
1.00445
1.00443
1.00564
1.0051
1.00592
1.00541
1.00606
1.00581
1.00623
1.00609
1.00618
1.00608
1.00589
1.00568
1.00549
1.00524
1.00501
1.00463
1.00425
1.00379
1.00334
1.00284
1.00217
1.00151
1.00071
0.999786
0.998661
0.997864
0.996086
0.995914
0.992943
0.993777
0.988988
0.991796
0.983517
0.990003
0.980998
0.991711
0.982408
0.998242
1.0021
1.00432
1.00572
1.00527
1.00596
1.00546
1.00612
1.0058
1.00625
1.00604
1.00608
1.00595
1.00578
1.00557
1.00539
1.00512
1.00488
1.00452
1.00411
1.00364
1.00316
1.00264
1.00197
1.00135
1.00057
0.999627
0.998522
0.997848
0.996188
0.996075
0.993372
0.994095
0.989806
0.992245
0.985193
0.990876
0.981161
0.99113
0.980395
1.00142
0.999857
1.00439
1.00595
1.00551
1.00604
1.00549
1.00605
1.00576
1.00622
1.00595
1.00593
1.0058
1.00565
1.00544
1.00522
1.00493
1.00466
1.00432
1.00384
1.0034
1.00292
1.00238
1.00171
1.00117
1.00041
0.999468
0.99842
0.997872
0.996342
0.996231
0.993882
0.994457
0.990756
0.992627
0.987125
0.991991
0.983042
0.992955
0.983934
0.994169
0.997516
1.00495
1.00653
1.00565
1.0059
1.00536
1.00572
1.00559
1.00614
1.00578
1.0057
1.00558
1.00548
1.00524
1.00497
1.00465
1.00438
1.00405
1.00358
1.0032
1.00274
1.00217
1.00153
1.00104
1.00034
0.999409
0.998428
0.997971
0.996588
0.996448
0.994488
0.994835
0.991845
0.993
0.989071
0.993083
0.987509
0.996035
0.993415
0.97615
0.995404
1.00633
1.00683
1.00568
1.00562
1.00516
1.00534
1.00537
1.00596
1.00561
1.00541
1.0053
1.00523
1.00499
1.0047
1.00436
1.00415
1.00383
1.00335
1.00306
1.00259
1.00198
1.00134
1.00089
1.00021
0.999312
0.998395
0.997994
0.996767
0.996583
0.995024
0.995132
0.992918
0.993229
0.990878
0.993688
0.991958
0.997529
1.00985
0.95572
0.994043
1.00753
1.00671
1.00569
1.00529
1.00497
1.00502
1.00516
1.00576
1.00546
1.00519
1.00509
1.00503
1.00481
1.0045
1.00418
1.004
1.00368
1.00316
1.00293
1.00246
1.0018
1.00115
1.00072
1.00007
0.999206
0.998353
0.997986
0.996918
0.99667
0.995517
0.995339
0.993985
0.993369
0.992696
0.993757
0.996327
0.997174
1.0197
0.94097
0.9936
1.00842
1.00633
1.00568
1.00496
1.00483
1.00477
1.00503
1.00556
1.00529
1.005
1.00491
1.00484
1.00463
1.00431
1.00401
1.00388
1.00354
1.00296
1.00278
1.00231
1.00162
1.00097
1.00052
0.999907
0.999105
0.998313
0.997945
0.997039
0.996701
0.995933
0.995454
0.994958
0.993407
0.994533
0.993534
1.0002
0.994923
1.02288
0.936363
0.993968
1.00879
1.00582
1.00563
1.00461
1.00471
1.00453
1.00486
1.00528
1.00505
1.00477
1.00469
1.0046
1.00439
1.00408
1.00379
1.00369
1.00334
1.00273
1.00256
1.00212
1.00143
1.00079
1.00034
0.999752
0.99902
0.998295
0.9979
0.997152
0.996713
0.996299
0.995506
0.995794
0.993432
0.99627
0.993041
1.00238
0.990795
1.02202
0.939499
0.994938
1.00876
1.00524
1.00557
1.00431
1.00463
1.00435
1.00475
1.00501
1.00483
1.00457
1.00449
1.00437
1.00415
1.00388
1.00359
1.00351
1.00317
1.00255
1.00238
1.00195
1.00129
1.00067
1.00023
0.99966
0.998987
0.998326
0.997892
0.997287
0.996733
0.99662
0.995501
0.996442
0.993416
0.997501
0.99229
1.0029
0.987122
1.02019
0.947123
0.996303
1.00843
1.0046
1.00542
1.00402
1.00456
1.00417
1.0046
1.0047
1.0046
1.00435
1.00427
1.00414
1.00392
1.00367
1.0034
1.0033
1.00297
1.00236
1.00218
1.00175
1.00114
1.00055
1.00009
0.999554
0.998936
0.998336
0.997861
0.997395
0.996725
0.996875
0.995468
0.996911
0.993357
0.998162
0.991534
1.00284
0.98416
1.01643
0.956619
0.997803
1.0076
1.00404
1.00528
1.00384
1.00452
1.00403
1.00448
1.00445
1.00441
1.00418
1.0041
1.00394
1.00374
1.0035
1.00324
1.00312
1.00281
1.00222
1.00202
1.0016
1.00102
1.00047
1.00003
0.9995
0.998931
0.998384
0.997869
0.997523
0.996734
0.997088
0.995426
0.997227
0.993272
0.998448
0.99068
1.00246
0.982984
1.01198
0.965523
0.999118
1.00677
1.00365
1.00511
1.00369
1.00443
1.00388
1.00434
1.0042
1.00421
1.00399
1.00391
1.00375
1.00355
1.00332
1.00307
1.00293
1.00262
1.00207
1.00185
1.00144
1.00091
1.00038
0.999948
0.999449
0.998916
0.998425
0.997877
0.997637
0.996745
0.997265
0.995404
0.997453
0.993243
0.998565
0.990132
1.00169
0.983477
1.0083
0.972775
1.00017
1.00603
1.00342
1.00493
1.0036
1.00435
1.00377
1.00421
1.004
1.00404
1.00384
1.00374
1.00358
1.00338
1.00317
1.00292
1.00275
1.00245
1.00195
1.0017
1.0013
1.00081
1.00032
0.999885
0.999412
0.998901
0.998459
0.997882
0.997724
0.996756
0.99738
0.995399
0.997559
0.993237
0.998514
0.990013
1.00088
0.984554
1.00493
0.978271
1.00094
1.00536
1.00327
1.00471
1.00349
1.00423
1.00366
1.00406
1.00381
1.00387
1.00366
1.00357
1.0034
1.00321
1.003
1.00277
1.00257
1.00229
1.00184
1.00157
1.00119
1.00074
1.00028
0.999852
0.999402
0.998922
0.998517
0.997931
0.997838
0.99681
0.997521
0.995416
0.997673
0.993373
0.998452
0.99033
1.00016
0.985981
1.00227
0.982535
1.0015
1.00485
1.0032
1.0045
1.00343
1.00412
1.00357
1.00393
1.00367
1.00373
1.00353
1.00344
1.00326
1.00308
1.00287
1.00264
1.00243
1.00215
1.00174
1.00145
1.00107
1.00066
1.00022
0.999805
0.999365
0.998907
0.998529
0.997935
0.997885
0.996835
0.997577
0.995449
0.997673
0.993496
0.998266
0.990731
0.999428
0.987357
1.00019
0.985586
1.00186
1.00442
1.00315
1.00428
1.00334
1.00398
1.00346
1.00378
1.00352
1.00356
1.00337
1.00327
1.00311
1.00292
1.00272
1.00248
1.00227
1.002
1.00163
1.00134
1.00098
1.00058
1.00017
0.999774
0.999361
0.998922
0.998579
0.997986
0.997975
0.996909
0.997671
0.995549
0.997714
0.993761
0.99814
0.991347
0.998852
0.988796
0.998743
0.987944
1.00211
1.00412
1.00313
1.0041
1.00329
1.00387
1.00339
1.00367
1.00341
1.00344
1.00327
1.00316
1.003
1.00281
1.00262
1.00238
1.00217
1.0019
1.00155
1.00126
1.0009
1.00053
1.00014
0.999745
0.999352
0.998923
0.998598
0.998013
0.998009
0.996967
0.997686
0.995656
0.997664
0.993975
0.997935
0.991868
0.99831
0.989938
0.997676
0.989591
1.00226
1.00386
1.00311
1.00389
1.00322
1.0037
1.00328
1.00351
1.00327
1.00329
1.00312
1.00301
1.00284
1.00267
1.00247
1.00224
1.00201
1.00176
1.00144
1.00114
1.0008
1.00045
1.00008
0.999707
0.999326
0.998927
0.998615
0.998057
0.998057
0.997048
0.997736
0.995817
0.997669
0.994297
0.997814
0.992517
0.997922
0.991093
0.997025
0.990972
1.00235
1.00369
1.0031
1.00375
1.00318
1.0036
1.00322
1.00341
1.00318
1.00319
1.00302
1.00291
1.00275
1.00257
1.00238
1.00216
1.00192
1.00168
1.00137
1.00108
1.00075
1.00041
1.00005
0.999693
0.999324
0.998939
0.998634
0.998096
0.998081
0.997122
0.997736
0.995944
0.997611
0.994534
0.997643
0.992994
0.997577
0.991913
0.996561
0.991864
1.00235
1.00351
1.00307
1.00357
1.00311
1.00344
1.00312
1.00327
1.00306
1.00304
1.00289
1.00277
1.00261
1.00244
1.00224
1.00203
1.0018
1.00155
1.00125
1.00098
1.00067
1.00034
1
0.999657
0.999313
0.998943
0.998655
0.998143
0.998127
0.99722
0.997782
0.996134
0.99762
0.994886
0.997564
0.993604
0.997356
0.992802
0.996341
0.992732
1.00238
1.00341
1.00305
1.00346
1.00307
1.00335
1.00306
1.00318
1.00299
1.00296
1.00281
1.00269
1.00253
1.00236
1.00217
1.00195
1.00172
1.00147
1.0012
1.00092
1.00062
1.0003
0.999971
0.999636
0.9993
0.998944
0.998653
0.998177
0.998121
0.997293
0.997756
0.996259
0.997552
0.995098
0.997425
0.99397
0.997147
0.993326
0.996161
0.993211
1.00234
1.00327
1.003
1.00331
1.003
1.00321
1.00297
1.00304
1.00287
1.00283
1.00268
1.00256
1.0024
1.00223
1.00204
1.00184
1.00161
1.00137
1.0011
1.00083
1.00054
1.00024
0.999932
0.999616
0.999294
0.998962
0.99868
0.998236
0.998174
0.997403
0.997815
0.996458
0.997588
0.995441
0.997408
0.994509
0.997064
0.994039
0.996183
0.993857
1.00233
1.00321
1.00298
1.00324
1.00296
1.00314
1.00292
1.00298
1.00282
1.00276
1.00263
1.0025
1.00234
1.00217
1.00199
1.00178
1.00156
1.00132
1.00106
1.00079
1.00051
1.00021
0.999915
0.999605
0.999291
0.998968
0.99868
0.99827
0.99817
0.997469
0.9978
0.996562
0.997548
0.995604
0.997328
0.994756
0.996965
0.994352
0.99616
0.994085
1.00226
1.00308
1.00291
1.00308
1.00287
1.00299
1.0028
1.00283
1.00268
1.00261
1.00248
1.00235
1.0022
1.00203
1.00185
1.00165
1.00143
1.00121
1.00096
1.0007
1.00044
1.00016
0.999875
0.999584
0.99929
0.998983
0.998724
0.998326
0.99825
0.997581
0.997894
0.996768
0.997625
0.995954
0.99737
0.995284
0.996992
0.99501
0.996309
0.994658
)
;

boundaryField
{
    FrontBack
    {
        type            empty;
    }
    Cylinder
    {
        type            calculated;
        value           uniform 0;
    }
    Bottom
    {
        type            calculated;
        value           uniform 0;
    }
    Top
    {
        type            calculated;
        value           uniform 0;
    }
    Inlet
    {
        type            calculated;
        value           uniform 1;
    }
    Outlet
    {
        type            calculated;
        value           nonuniform List<scalar> 
40
(
1.00226
1.00308
1.00291
1.00308
1.00287
1.00299
1.0028
1.00283
1.00268
1.00261
1.00248
1.00235
1.0022
1.00203
1.00185
1.00165
1.00143
1.00121
1.00096
1.0007
1.00044
1.00016
0.999875
0.999584
0.99929
0.998983
0.998724
0.998326
0.99825
0.997581
0.997894
0.996768
0.997625
0.995954
0.99737
0.995284
0.996992
0.99501
0.996309
0.994658
)
;
    }
}


// ************************************************************************* //
