/*--------------------------------*- C++ -*----------------------------------*\
  =========                 |
  \\      /  F ield         | OpenFOAM: The Open Source CFD Toolbox
   \\    /   O peration     | Website:  https://openfoam.org
    \\  /    A nd           | Version:  11
     \\/     M anipulation  |
\*---------------------------------------------------------------------------*/
FoamFile
{
    format      ascii;
    class       volScalarField;
    location    "7.5";
    object      mag(U);
}
// * * * * * * * * * * * * * * * * * * * * * * * * * * * * * * * * * * * * * //

dimensions      [0 1 -1 0 0 0 0];

internalField   nonuniform List<scalar> 
9600
(
0.96491
0.961669
0.9576
0.954509
0.949873
0.942483
0.936577
0.934527
0.930442
0.924244
0.919625
0.919435
0.921581
0.924903
0.929785
0.937374
0.945813
0.958602
0.979421
0.999429
1.00806
1.00753
1.00255
0.986328
0.953168
0.922601
0.894835
0.869583
0.847186
0.831339
0.823074
0.823313
0.837725
0.871413
0.916286
0.984461
1.09005
1.23407
1.3399
1.30758
0.967669
0.966553
0.964385
0.961337
0.958522
0.956032
0.952276
0.949811
0.948103
0.947015
0.947211
0.948141
0.95044
0.954568
0.963602
0.973071
0.982004
0.996716
1.01415
1.03398
1.05497
1.06607
1.06675
1.06389
1.05628
1.0395
1.01139
0.98102
0.951087
0.925515
0.907084
0.896614
0.894148
0.89749
0.919865
0.976104
1.06626
1.17839
1.36166
1.38672
0.966088
0.965237
0.963236
0.960133
0.957593
0.955642
0.952407
0.949624
0.948052
0.947132
0.947053
0.948343
0.9511
0.954978
0.963452
0.974255
0.985564
0.999199
1.01361
1.03019
1.0511
1.06999
1.07859
1.07872
1.07432
1.06217
1.03341
1.00069
0.968055
0.938118
0.914015
0.900757
0.897834
0.901247
0.920133
0.95922
1.04046
1.11052
1.27421
1.36124
0.96584
0.964772
0.96249
0.959126
0.956688
0.954653
0.951453
0.948931
0.947758
0.946817
0.946888
0.948177
0.951392
0.955873
0.964288
0.974936
0.986087
1.0006
1.01623
1.03045
1.04721
1.06671
1.08121
1.08606
1.08436
1.07651
1.0562
1.02877
1.00078
0.971066
0.944494
0.918081
0.90508
0.900733
0.913772
0.939148
1.02273
1.08846
1.22733
1.35317
0.964869
0.963718
0.961234
0.957986
0.955918
0.953754
0.951061
0.949087
0.947914
0.947223
0.947419
0.948743
0.951628
0.957602
0.963925
0.973909
0.987061
1.00235
1.01881
1.03271
1.04545
1.06122
1.07842
1.0898
1.0935
1.09003
1.07847
1.05284
1.0226
0.988304
0.956962
0.927748
0.911305
0.904485
0.912095
0.923767
0.979595
1.04158
1.14209
1.29701
0.964154
0.962859
0.960427
0.957308
0.954861
0.952931
0.950716
0.948587
0.947554
0.947017
0.947035
0.94834
0.95141
0.958581
0.964816
0.974076
0.98778
1.00269
1.01841
1.03327
1.04719
1.06099
1.07677
1.08998
1.09739
1.09587
1.08779
1.06626
1.04138
1.00902
0.979704
0.944077
0.921256
0.903512
0.906971
0.90766
0.949768
1.01927
1.10904
1.2642
0.962984
0.961653
0.959164
0.956036
0.95375
0.952024
0.949926
0.948204
0.947172
0.946979
0.947269
0.949195
0.952244
0.958514
0.96511
0.974899
0.988661
1.00289
1.01878
1.03462
1.04976
1.06132
1.07564
1.08788
1.099
1.09959
1.0957
1.07954
1.05806
1.02403
0.995755
0.958451
0.932951
0.907513
0.904956
0.901314
0.917499
0.98266
1.0323
1.19597
0.962153
0.960791
0.958231
0.95524
0.95306
0.951313
0.949388
0.947874
0.946901
0.946879
0.947197
0.949017
0.952328
0.958692
0.966203
0.975624
0.988962
1.00283
1.01955
1.03466
1.05107
1.06202
1.07554
1.08659
1.10012
1.1025
1.10074
1.08683
1.07123
1.03756
1.01186
0.971816
0.947249
0.913218
0.903295
0.894134
0.893155
0.944591
0.982211
1.13632
0.960885
0.95951
0.95687
0.95409
0.951884
0.950416
0.948543
0.947289
0.946517
0.946543
0.94708
0.949437
0.952732
0.958904
0.966944
0.97618
0.989924
1.00346
1.02051
1.03443
1.05275
1.06414
1.0774
1.08558
1.09978
1.10382
1.10591
1.09371
1.08084
1.05018
1.0262
0.984265
0.959457
0.921085
0.903542
0.89286
0.879508
0.910626
0.926487
1.06385
0.959973
0.958516
0.955963
0.953317
0.951066
0.949785
0.947894
0.946738
0.946045
0.946501
0.946883
0.949587
0.953276
0.958903
0.967545
0.977098
0.990329
1.00367
1.02121
1.0352
1.05318
1.06508
1.07888
1.08568
1.09831
1.10426
1.11017
1.10041
1.0906
1.06302
1.03971
0.995268
0.970688
0.934048
0.90781
0.890459
0.863581
0.881891
0.883722
0.996806
0.958619
0.957162
0.954492
0.952222
0.950078
0.94865
0.947044
0.946144
0.945278
0.946143
0.947075
0.949294
0.953774
0.959099
0.968811
0.977566
0.991109
1.00343
1.02339
1.036
1.05366
1.06508
1.08082
1.0876
1.09941
1.10406
1.11297
1.10576
1.09947
1.07414
1.05406
1.01112
0.981796
0.947864
0.910575
0.890684
0.856217
0.864954
0.852918
0.934828
0.957622
0.956111
0.953474
0.951212
0.949277
0.94766
0.946225
0.945617
0.944503
0.945641
0.947205
0.949026
0.954154
0.959253
0.969062
0.978124
0.992938
1.00375
1.02294
1.03647
1.05533
1.06603
1.08232
1.0887
1.10056
1.10363
1.11457
1.11014
1.10731
1.08537
1.06835
1.03167
0.988669
0.964059
0.921796
0.898192
0.853008
0.849596
0.827755
0.880523
0.95624
0.954676
0.952198
0.949788
0.948035
0.946803
0.945017
0.944849
0.944582
0.944464
0.947203
0.949207
0.954831
0.958774
0.969965
0.978481
0.994662
1.00482
1.02335
1.03666
1.05725
1.06708
1.08362
1.08952
1.1025
1.10481
1.11648
1.11381
1.11482
1.09804
1.07654
1.05377
1.00514
0.978372
0.932768
0.907719
0.860197
0.843395
0.820148
0.84355
0.955161
0.953507
0.950903
0.948826
0.946842
0.945748
0.944437
0.943442
0.943799
0.943961
0.946423
0.948683
0.955297
0.958968
0.970757
0.978485
0.995167
1.00589
1.02523
1.03692
1.05756
1.0673
1.08527
1.09087
1.10521
1.10653
1.11844
1.11743
1.11851
1.11241
1.08612
1.06803
1.02635
0.998362
0.950504
0.916362
0.88283
0.839836
0.818339
0.812485
0.953699
0.952101
0.949235
0.947717
0.945343
0.944315
0.943667
0.942669
0.942853
0.943193
0.946749
0.947835
0.955695
0.959462
0.97142
0.979113
0.996073
1.00707
1.02702
1.03816
1.05825
1.06753
1.08675
1.09262
1.10727
1.10956
1.11775
1.1249
1.12011
1.1213
1.09997
1.08489
1.04504
1.01593
0.977518
0.9299
0.903866
0.851779
0.82081
0.807442
0.952449
0.950811
0.947793
0.946196
0.944138
0.943042
0.941944
0.941565
0.941838
0.94175
0.946035
0.947208
0.955517
0.95942
0.971882
0.979861
0.997198
1.00835
1.02857
1.0394
1.05949
1.06825
1.0864
1.09485
1.10624
1.11611
1.11747
1.12918
1.1253
1.12989
1.11085
1.09905
1.06491
1.03275
1.00135
0.950282
0.920289
0.888581
0.834485
0.808102
0.950572
0.949098
0.946069
0.944721
0.942607
0.941961
0.941127
0.939931
0.94147
0.940637
0.945861
0.946783
0.955683
0.959761
0.972536
0.980603
0.998428
1.00983
1.03028
1.04188
1.06004
1.07163
1.08357
1.09886
1.1049
1.12021
1.12129
1.13251
1.12964
1.13826
1.12295
1.11315
1.08596
1.04866
1.0241
0.980304
0.935266
0.910403
0.86738
0.822212
0.949305
0.947629
0.944323
0.943084
0.94057
0.940092
0.939626
0.937681
0.940407
0.939012
0.944611
0.945781
0.955359
0.959574
0.973006
0.981458
0.998911
1.01211
1.02979
1.04693
1.05865
1.07629
1.08342
1.0989
1.10542
1.12118
1.12389
1.1376
1.13383
1.14517
1.13498
1.12455
1.10827
1.06901
1.04103
1.01001
0.959021
0.926812
0.890789
0.847046
0.947681
0.945961
0.942804
0.940952
0.939792
0.937716
0.938693
0.936122
0.939453
0.938032
0.944079
0.945029
0.954835
0.960758
0.972688
0.985211
0.997301
1.0178
1.0285
1.05094
1.06028
1.07782
1.08563
1.10025
1.10566
1.1209
1.12513
1.14066
1.1444
1.14642
1.15104
1.13683
1.12843
1.09687
1.06076
1.03453
0.989155
0.952671
0.918302
0.869546
0.945725
0.943858
0.941082
0.938264
0.937863
0.935017
0.936566
0.933763
0.937482
0.936108
0.942658
0.944756
0.952036
0.962885
0.97003
0.988157
0.998222
1.01937
1.03095
1.05252
1.0624
1.07975
1.08698
1.1004
1.10759
1.11688
1.13163
1.13593
1.15557
1.15172
1.16259
1.15232
1.14304
1.12089
1.08941
1.06172
1.01841
0.976063
0.94816
0.895087
0.943868
0.941448
0.939349
0.936057
0.935964
0.932649
0.934853
0.932117
0.935953
0.935902
0.93968
0.947293
0.950361
0.963836
0.971214
0.989071
0.999708
1.022
1.03368
1.05493
1.06514
1.08213
1.08991
1.09948
1.11128
1.11531
1.13228
1.13755
1.15588
1.16268
1.17087
1.16613
1.16532
1.14433
1.11415
1.08789
1.05498
1.00698
0.981049
0.927104
0.941325
0.938671
0.936791
0.932915
0.933132
0.929509
0.931403
0.930112
0.930988
0.936123
0.935751
0.945594
0.949427
0.963568
0.971064
0.989797
1.00116
1.02372
1.03539
1.05764
1.06737
1.08294
1.09346
1.09919
1.11254
1.11632
1.12825
1.14128
1.15184
1.16854
1.18285
1.17758
1.18277
1.17186
1.14263
1.11331
1.09034
1.04055
1.01526
0.96109
0.938942
0.936212
0.934456
0.930447
0.930621
0.928876
0.927025
0.930291
0.927958
0.934986
0.935094
0.945422
0.949144
0.964041
0.97225
0.991983
1.00328
1.02674
1.03826
1.06025
1.07143
1.08487
1.09627
1.10152
1.11096
1.11824
1.1247
1.14238
1.15312
1.16625
1.1916
1.19252
1.19605
1.19507
1.18051
1.1428
1.12461
1.07741
1.05386
0.996905
0.935451
0.932329
0.930413
0.927958
0.924221
0.926504
0.922619
0.92705
0.924694
0.931296
0.932431
0.944026
0.947947
0.963543
0.97216
0.992939
1.00486
1.02855
1.0418
1.06203
1.07462
1.08719
1.0976
1.1047
1.10978
1.11829
1.12477
1.13594
1.15409
1.16497
1.18879
1.20704
1.213
1.21088
1.21445
1.17972
1.16193
1.11501
1.09432
1.03765
0.931856
0.930537
0.926373
0.92567
0.92207
0.922753
0.92255
0.923318
0.925773
0.92967
0.93283
0.943516
0.948641
0.965498
0.975276
0.99623
1.00904
1.03113
1.04793
1.06595
1.0793
1.09174
1.10073
1.10682
1.11206
1.11725
1.12289
1.13141
1.14888
1.16728
1.18544
1.20693
1.23162
1.22842
1.24365
1.21829
1.20568
1.15908
1.13881
1.08194
0.92598
0.92508
0.921219
0.918312
0.918831
0.915595
0.918755
0.91737
0.922402
0.925926
0.93036
0.942466
0.948269
0.965058
0.976467
0.996896
1.01332
1.03398
1.05138
1.06879
1.08535
1.09365
1.10423
1.11042
1.11382
1.11602
1.121
1.12944
1.14006
1.15805
1.18534
1.20384
1.23942
1.24305
1.2661
1.25314
1.25442
1.20895
1.19153
1.13094
0.923467
0.919806
0.918514
0.914051
0.915863
0.912427
0.914798
0.918364
0.91721
0.928102
0.92959
0.942695
0.950788
0.968354
0.981558
1.00049
1.02094
1.03866
1.05818
1.07603
1.0887
1.10193
1.10819
1.11474
1.11619
1.11755
1.12135
1.12399
1.13368
1.14797
1.17649
1.19574
1.23842
1.25317
1.29099
1.28092
1.29782
1.26307
1.25105
1.18975
0.917777
0.912963
0.911595
0.906827
0.905658
0.908797
0.904449
0.912738
0.912015
0.920954
0.926908
0.938475
0.950159
0.965923
0.98333
1.0025
1.02231
1.04407
1.06107
1.08136
1.09245
1.10574
1.11252
1.11832
1.11913
1.11768
1.11829
1.11864
1.12454
1.13452
1.16039
1.18159
1.23048
1.24776
1.30212
1.30534
1.33725
1.31593
1.31725
1.2586
0.913536
0.910644
0.906102
0.906523
0.901358
0.905676
0.904376
0.909067
0.913495
0.920816
0.929499
0.939912
0.955266
0.970671
0.989597
1.00808
1.03199
1.04863
1.07189
1.08499
1.10189
1.10928
1.12144
1.1219
1.12301
1.1229
1.11844
1.11628
1.11553
1.12113
1.14019
1.16053
1.20613
1.23098
1.29576
1.31534
1.37306
1.36434
1.38709
1.33544
0.900403
0.90139
0.895683
0.896679
0.895007
0.89412
0.899496
0.900043
0.909262
0.914086
0.928439
0.937274
0.956915
0.969429
0.995985
1.01168
1.03789
1.0541
1.08068
1.09004
1.10954
1.11831
1.12644
1.12868
1.12902
1.12782
1.12047
1.11405
1.10856
1.10996
1.1164
1.13291
1.16958
1.20058
1.26957
1.29701
1.38278
1.39572
1.45474
1.41602
0.895984
0.89356
0.892452
0.88918
0.892678
0.891484
0.898854
0.899509
0.912292
0.916119
0.934806
0.943412
0.965932
0.979059
1.00649
1.02167
1.05188
1.06681
1.09121
1.10238
1.1212
1.12899
1.13575
1.14006
1.13904
1.13696
1.12952
1.11884
1.10721
1.10113
1.09683
1.10514
1.12658
1.15605
1.21837
1.25987
1.35217
1.38309
1.48584
1.49127
0.883475
0.879216
0.879382
0.873607
0.880495
0.876583
0.888023
0.889649
0.902892
0.911763
0.929359
0.942747
0.966525
0.982028
1.01147
1.02742
1.05706
1.07462
1.09796
1.11105
1.12723
1.13611
1.14348
1.1477
1.14748
1.14511
1.13829
1.12892
1.11217
1.0987
1.08348
1.07961
1.08258
1.10311
1.14183
1.19138
1.26528
1.33121
1.40394
1.49479
0.878014
0.873291
0.87579
0.871213
0.876219
0.879124
0.887558
0.894556
0.908537
0.920385
0.939318
0.95869
0.977677
1.00173
1.02621
1.0494
1.0733
1.09335
1.11375
1.12899
1.14239
1.15268
1.15839
1.165
1.164
1.16548
1.15765
1.14944
1.13334
1.11682
1.08958
1.07248
1.05182
1.05521
1.05687
1.0976
1.12247
1.19583
1.21637
1.26821
0.858991
0.855363
0.858749
0.857874
0.863347
0.870544
0.877133
0.893944
0.902401
0.924352
0.93977
0.965851
0.985259
1.01336
1.03582
1.0634
1.08533
1.10819
1.1263
1.14234
1.15352
1.16628
1.17043
1.17901
1.1803
1.18453
1.17968
1.17693
1.16025
1.14607
1.11684
1.09182
1.0523
1.02226
0.992123
0.972858
0.968219
0.952288
0.897466
0.726479
0.83843
0.846669
0.844132
0.851598
0.856164
0.868186
0.881239
0.897714
0.91664
0.938268
0.960528
0.985927
1.01077
1.03792
1.06482
1.08965
1.11328
1.13401
1.15236
1.16652
1.17849
1.18891
1.19483
1.20354
1.20686
1.21418
1.21239
1.21347
1.20096
1.18718
1.16463
1.12792
1.09261
1.02893
0.976168
0.899032
0.830068
0.734879
0.521838
0.280375
0.817414
0.823953
0.831246
0.835595
0.849929
0.860215
0.88297
0.897209
0.926021
0.94546
0.976869
0.99999
1.03219
1.05694
1.08767
1.11067
1.13719
1.15487
1.17449
1.18551
1.19916
1.20522
1.21456
1.21944
1.22509
1.22911
1.23252
1.23249
1.2264
1.21394
1.19091
1.15563
1.11618
1.05879
0.99289
0.918886
0.795679
0.678294
0.452404
0.184315
0.811981
0.815817
0.836165
0.847072
0.872521
0.890775
0.920555
0.94228
0.973353
0.999105
1.03181
1.05998
1.09209
1.12036
1.14909
1.17332
1.19444
1.21021
1.22182
1.22756
1.22951
1.22943
1.23054
1.22936
1.23322
1.23593
1.23804
1.23739
1.2321
1.21768
1.19927
1.15752
1.12532
1.04774
0.984079
0.904054
0.796004
0.718579
0.565727
0.429267
0.781053
0.793285
0.821298
0.832318
0.863599
0.882987
0.923288
0.95051
0.993801
1.02438
1.06644
1.09612
1.13318
1.15838
1.18772
1.2053
1.22333
1.23045
1.23526
1.2331
1.22708
1.22194
1.2124
1.2135
1.21913
1.21331
1.21099
1.1883
1.16375
1.11744
1.06515
1.00578
0.934193
0.848668
0.714744
0.616936
0.469667
0.363955
0.26953
0.437459
0.829001
0.86199
0.911108
0.946657
0.992504
1.02504
1.06819
1.09866
1.13795
1.16311
1.19673
1.21329
1.23808
1.24474
1.2628
1.26268
1.2717
1.25827
1.25537
1.22905
1.21543
1.17943
1.16291
1.12553
1.10567
1.06089
1.02925
0.941491
0.813314
0.641901
0.482379
0.348103
0.237502
0.156624
0.10997
0.121441
0.138688
0.242734
0.324528
0.413117
0.934393
0.972007
1.00576
1.04157
1.0762
1.1078
1.13593
1.16052
1.17885
1.19325
1.20765
1.19989
1.20962
1.193
1.19788
1.17052
1.16418
1.11962
1.0991
1.0339
0.998205
0.907084
0.853303
0.74052
0.683621
0.536297
0.151528
0.0324267
0.0501325
0.118491
0.150682
0.179893
0.196548
0.202616
0.199518
0.20648
0.212827
0.221411
0.229487
0.233889
1.50601
1.53034
1.26749
0.769395
0.553325
0.585778
0.701201
0.815907
0.932494
0.976611
0.997106
1.00863
1.0126
1.0171
1.01764
1.02025
1.01989
1.02072
1.02024
1.02032
1.02012
1.01972
1.01951
1.019
1.01871
1.01803
1.01764
1.01707
1.01684
1.01644
1.01627
1.01569
1.01546
1.01492
1.01467
1.01418
1.01387
1.01366
1.01403
1.0153
1.54769
1.53257
1.20451
0.678526
0.50064
0.565364
0.692143
0.807784
0.924973
0.973221
0.997407
1.00931
1.01322
1.01866
1.01828
1.02129
1.02079
1.02157
1.02088
1.02105
1.02063
1.02034
1.02002
1.01968
1.01924
1.01872
1.01816
1.0177
1.01728
1.01705
1.01681
1.01647
1.01608
1.01557
1.01515
1.01465
1.01436
1.01397
1.01342
1.01078
1.54915
1.54179
1.20214
0.651325
0.480559
0.55972
0.697804
0.821022
0.930095
0.974591
1.0002
1.01276
1.01517
1.02106
1.01979
1.02283
1.02163
1.02279
1.02172
1.02214
1.02143
1.02123
1.02053
1.02039
1.01965
1.01939
1.01856
1.01828
1.01763
1.01748
1.01712
1.01693
1.0165
1.01599
1.01549
1.01498
1.01484
1.01459
1.01495
1.01631
1.54367
1.54022
1.17098
0.634328
0.493013
0.57666
0.709715
0.822924
0.929781
0.976565
1.00241
1.01515
1.01697
1.02309
1.02104
1.02421
1.02259
1.02388
1.02246
1.0232
1.02186
1.02209
1.02093
1.02104
1.02004
1.02015
1.01896
1.01888
1.01792
1.01795
1.01739
1.01741
1.01682
1.01649
1.01588
1.01541
1.01506
1.01467
1.01416
1.0126
1.50313
1.53791
1.20632
0.702797
0.556698
0.614864
0.738129
0.848537
0.941316
0.982859
1.00744
1.0196
1.02009
1.02592
1.0231
1.02616
1.0237
1.02536
1.0234
1.02437
1.02266
1.02315
1.02171
1.02209
1.02083
1.02115
1.01985
1.01986
1.01872
1.01873
1.01799
1.01803
1.01741
1.01718
1.0165
1.01616
1.01572
1.01545
1.01529
1.01581
1.46486
1.51508
1.22602
0.785136
0.638365
0.665222
0.770423
0.86162
0.950675
0.991191
1.01335
1.02397
1.02328
1.0287
1.02512
1.02787
1.0249
1.02644
1.0241
1.02525
1.02324
1.02384
1.02233
1.02273
1.0215
1.02185
1.02062
1.02073
1.01954
1.0196
1.01866
1.01886
1.01809
1.01795
1.01698
1.01666
1.01593
1.0157
1.01515
1.0143
1.39728
1.4771
1.25919
0.879418
0.732564
0.724038
0.812664
0.895106
0.969698
1.00398
1.02261
1.0308
1.02825
1.03268
1.02794
1.03026
1.02685
1.02812
1.02544
1.02644
1.02426
1.0248
1.02306
1.02333
1.02211
1.02239
1.0212
1.02129
1.02009
1.02005
1.01913
1.01925
1.01855
1.01857
1.01781
1.01755
1.01667
1.01654
1.01591
1.01571
1.33043
1.40973
1.25029
0.949837
0.802917
0.777552
0.848876
0.915307
0.989158
1.02133
1.03364
1.03877
1.03376
1.03679
1.0309
1.03256
1.02887
1.02985
1.02681
1.02766
1.02515
1.02559
1.0237
1.02392
1.02257
1.02278
1.02161
1.02169
1.02047
1.0204
1.01949
1.01955
1.0188
1.01892
1.01813
1.01806
1.01717
1.01701
1.01646
1.01591
1.23968
1.33165
1.22056
0.985923
0.849047
0.824784
0.886976
0.952941
1.01431
1.04249
1.04783
1.04921
1.0408
1.0421
1.03478
1.03576
1.03161
1.03206
1.02879
1.02939
1.02672
1.02705
1.02497
1.02516
1.0237
1.02388
1.02264
1.02267
1.02146
1.02133
1.02033
1.02032
1.01968
1.01982
1.01925
1.01912
1.01821
1.01787
1.01709
1.01654
1.14527
1.24065
1.16735
0.993378
0.867107
0.858258
0.917852
0.979975
1.04312
1.06746
1.06495
1.06096
1.04886
1.04771
1.0388
1.03844
1.03409
1.03396
1.03065
1.0311
1.02837
1.02873
1.02658
1.02673
1.0251
1.02524
1.02396
1.02399
1.02272
1.02252
1.02136
1.02109
1.02018
1.02012
1.01965
1.01947
1.01887
1.01849
1.018
1.01761
1.0469
1.14629
1.10275
0.971256
0.873857
0.878537
0.947463
1.01886
1.07551
1.09414
1.08675
1.075
1.05899
1.05449
1.04362
1.04171
1.03711
1.03592
1.03278
1.03285
1.03013
1.03029
1.0281
1.02805
1.02634
1.02624
1.02487
1.02473
1.02342
1.02316
1.02217
1.02177
1.02099
1.02071
1.02026
1.01999
1.01964
1.01926
1.0184
1.01797
0.942935
1.03172
1.02666
0.923975
0.866656
0.881334
0.952542
1.04162
1.11523
1.12444
1.113
1.0905
1.07065
1.06234
1.04899
1.04494
1.04014
1.03757
1.03447
1.03392
1.03127
1.03113
1.02903
1.02858
1.02703
1.02657
1.02541
1.02502
1.02392
1.02339
1.02262
1.02193
1.02132
1.0207
1.02044
1.02002
1.01999
1.01965
1.0193
1.01899
0.845738
0.925016
0.944387
0.872483
0.844349
0.868617
0.948839
1.05902
1.15368
1.1596
1.14252
1.10907
1.08419
1.07283
1.05606
1.04982
1.04456
1.04009
1.03701
1.03543
1.03291
1.03222
1.03051
1.0295
1.02843
1.02737
1.02662
1.02572
1.02525
1.02427
1.02397
1.02287
1.02264
1.02157
1.02137
1.02063
1.0207
1.02006
1.01995
1.01926
0.759142
0.828209
0.866989
0.817859
0.79844
0.83362
0.92329
1.0567
1.17635
1.2008
1.17471
1.13126
1.09778
1.08474
1.06394
1.05537
1.04972
1.04358
1.04058
1.03804
1.03565
1.03434
1.03316
1.03148
1.031
1.02919
1.02896
1.02742
1.02737
1.02578
1.02553
1.02428
1.0241
1.023
1.02274
1.02165
1.02138
1.02068
1.02051
1.02022
0.724889
0.773718
0.800757
0.764934
0.74175
0.780724
0.875697
1.03485
1.18384
1.24067
1.21141
1.15708
1.11137
1.09642
1.07242
1.06137
1.05508
1.04773
1.04456
1.04109
1.03883
1.03696
1.03587
1.03378
1.03327
1.03114
1.03081
1.02917
1.02893
1.02752
1.02716
1.02596
1.02564
1.02461
1.02432
1.02326
1.02264
1.02158
1.02119
1.02057
0.732206
0.762195
0.761708
0.720025
0.69174
0.723427
0.813281
0.982231
1.17285
1.25947
1.2527
1.18265
1.12605
1.10558
1.08071
1.0661
1.05873
1.05079
1.04707
1.04305
1.04039
1.0384
1.0369
1.03487
1.03413
1.03203
1.03144
1.02987
1.02939
1.02819
1.02765
1.02667
1.02619
1.02532
1.02494
1.0242
1.02351
1.02253
1.02187
1.02155
0.767336
0.785531
0.769232
0.717844
0.681219
0.703184
0.769091
0.921711
1.13688
1.25445
1.28404
1.21359
1.14342
1.11471
1.09096
1.07172
1.06289
1.05435
1.04942
1.04536
1.04157
1.04017
1.03749
1.03613
1.03472
1.03306
1.03191
1.03075
1.0297
1.02907
1.02803
1.02745
1.02659
1.02602
1.0253
1.02487
1.02424
1.02371
1.02268
1.02235
0.808557
0.815011
0.798849
0.761016
0.732741
0.75422
0.788514
0.900569
1.07917
1.23217
1.28454
1.24684
1.16054
1.12294
1.10113
1.07945
1.06848
1.05974
1.05399
1.04935
1.04505
1.04357
1.04009
1.03868
1.0371
1.03569
1.03384
1.03296
1.03103
1.03048
1.02894
1.02841
1.02744
1.02697
1.02612
1.02555
1.02478
1.02442
1.02379
1.02354
0.843013
0.845909
0.83792
0.808566
0.804106
0.841127
0.876676
0.943326
1.02863
1.16549
1.25481
1.26221
1.17469
1.12897
1.10816
1.08765
1.07391
1.06533
1.05818
1.0538
1.04947
1.04663
1.04442
1.04178
1.04064
1.03897
1.03746
1.03651
1.03461
1.03366
1.03194
1.03085
1.02977
1.02879
1.02813
1.02707
1.02648
1.02544
1.02501
1.02449
0.877129
0.874787
0.876397
0.855815
0.855078
0.884891
0.925766
0.964406
1.01107
1.07197
1.18774
1.23586
1.18406
1.12898
1.10825
1.09185
1.07532
1.06823
1.05987
1.05527
1.05152
1.04796
1.04619
1.0431
1.04204
1.04022
1.03905
1.03791
1.03659
1.03563
1.03442
1.03318
1.03208
1.03072
1.0301
1.02864
1.02811
1.02674
1.02638
1.02562
0.912605
0.90698
0.914996
0.902202
0.896755
0.913859
0.94153
0.961222
0.988489
1.01481
1.08709
1.17693
1.1839
1.12627
1.10372
1.09277
1.07601
1.06932
1.06165
1.0559
1.05278
1.04922
1.04708
1.04411
1.04264
1.04105
1.03975
1.03873
1.03747
1.03666
1.03558
1.03471
1.03368
1.03238
1.03165
1.03017
1.02953
1.02839
1.02788
1.02724
0.952687
0.944071
0.953431
0.949675
0.936545
0.938231
0.951591
0.949683
0.957662
0.958012
0.983515
1.09097
1.15234
1.1167
1.09376
1.09176
1.07743
1.0704
1.06571
1.05864
1.05598
1.05146
1.04949
1.0466
1.04392
1.04277
1.04057
1.0398
1.03813
1.03757
1.03633
1.03574
1.03467
1.03372
1.03284
1.03148
1.03094
1.02962
1.02919
1.0284
0.992147
0.990546
0.99684
1.00092
0.980898
0.964867
0.956662
0.937449
0.923975
0.906288
0.896815
0.981406
1.0888
1.09624
1.0783
1.08249
1.07681
1.06919
1.06908
1.06196
1.05972
1.0561
1.05376
1.05168
1.04854
1.04692
1.04409
1.04285
1.04078
1.03996
1.03824
1.03766
1.0362
1.03542
1.03447
1.03327
1.03268
1.03139
1.03091
1.0302
1.03217
1.03872
1.04495
1.0536
1.02932
1.0039
0.966474
0.924839
0.88542
0.857523
0.81395
0.86358
1.00482
1.06085
1.05239
1.06073
1.06767
1.06227
1.06656
1.06145
1.06006
1.05785
1.05528
1.05414
1.05183
1.05046
1.04837
1.04684
1.04451
1.04326
1.04156
1.04029
1.03905
1.03753
1.03679
1.03521
1.03454
1.03306
1.03231
1.03161
1.07931
1.09249
1.10369
1.10832
1.08769
1.05082
0.97879
0.906787
0.834505
0.797026
0.737677
0.75461
0.915661
1.00117
1.01742
1.03316
1.05127
1.05004
1.05854
1.0572
1.05725
1.05747
1.05564
1.05499
1.05346
1.05205
1.05058
1.04951
1.04793
1.04663
1.04525
1.04357
1.0426
1.04083
1.04003
1.03829
1.0373
1.03581
1.03478
1.03433
1.13501
1.15543
1.17729
1.17229
1.16487
1.07506
0.969498
0.868064
0.76289
0.710703
0.657899
0.646866
0.812734
0.933991
0.979843
1.00193
1.02747
1.0327
1.04593
1.05024
1.05194
1.05514
1.05498
1.05521
1.05441
1.05361
1.05204
1.05105
1.04975
1.04857
1.04753
1.04626
1.04497
1.0437
1.04235
1.04087
1.0395
1.03804
1.03668
1.03604
1.19747
1.23094
1.26079
1.26193
1.1958
1.07354
0.923113
0.78829
0.659237
0.591262
0.558887
0.548592
0.713162
0.866638
0.928172
0.965023
0.999167
1.01448
1.03141
1.04087
1.04511
1.05077
1.05245
1.05419
1.05455
1.05459
1.05379
1.05231
1.05166
1.05058
1.04969
1.04859
1.04756
1.0463
1.04525
1.04387
1.04264
1.04126
1.04006
1.03959
1.27191
1.31691
1.3426
1.32911
1.19889
1.02656
0.823585
0.648003
0.509333
0.439001
0.442562
0.474002
0.641976
0.797416
0.86295
0.929415
0.967589
0.993568
1.01442
1.02836
1.03666
1.04428
1.04823
1.0519
1.05362
1.05477
1.05525
1.05498
1.05394
1.05317
1.05212
1.05094
1.04983
1.04866
1.04753
1.04628
1.04492
1.04358
1.0426
1.04191
1.37144
1.42331
1.42906
1.34684
1.1443
0.883941
0.630718
0.432504
0.322533
0.299017
0.36485
0.444621
0.599802
0.744026
0.811003
0.890804
0.931449
0.964876
0.993698
1.01132
1.02637
1.03593
1.04377
1.04881
1.05183
1.05428
1.05551
1.05643
1.05635
1.05613
1.05498
1.05426
1.0531
1.05201
1.05082
1.04928
1.04837
1.04681
1.04617
1.0456
1.49672
1.52553
1.46704
1.28187
0.949429
0.611477
0.349051
0.239828
0.289057
0.350699
0.424232
0.475386
0.591959
0.714571
0.776058
0.850671
0.900415
0.937313
0.971578
0.991608
1.01409
1.02469
1.03534
1.0428
1.04709
1.05161
1.05362
1.05586
1.05611
1.05685
1.05605
1.05568
1.05501
1.05351
1.05262
1.05074
1.05001
1.04832
1.04772
1.04711
1.57905
1.53378
1.36278
1.05385
0.710025
0.51807
0.504119
0.545534
0.583355
0.588457
0.573284
0.563537
0.631575
0.707416
0.767542
0.835967
0.874042
0.918313
0.948286
0.970918
0.993069
1.00959
1.0204
1.03249
1.03824
1.04528
1.04824
1.05293
1.05432
1.05713
1.05782
1.05803
1.05856
1.05712
1.0571
1.05526
1.05489
1.05306
1.05255
1.05201
1.46663
1.28296
1.00934
0.927271
0.918761
0.930839
0.93476
0.912157
0.845481
0.765295
0.701557
0.676657
0.713965
0.745213
0.794894
0.83828
0.872822
0.907684
0.934858
0.961048
0.976151
0.99851
1.00955
1.02249
1.03169
1.03967
1.04486
1.05035
1.05359
1.05628
1.05919
1.05898
1.06112
1.05994
1.06097
1.05929
1.05947
1.05756
1.05749
1.05703
1.09073
0.932912
0.930293
1.01607
1.03828
1.05608
1.04909
0.988409
0.9068
0.859289
0.824581
0.816589
0.830444
0.833503
0.858616
0.878956
0.908266
0.925507
0.947228
0.971352
0.981874
1.0022
1.01301
1.02586
1.03476
1.04301
1.04865
1.05362
1.05848
1.05966
1.06399
1.06323
1.06563
1.06464
1.06597
1.06425
1.06487
1.0632
1.06292
1.06253
0.67034
0.777097
0.829358
0.917277
0.941205
0.962146
0.960964
0.914581
0.897555
0.889419
0.872231
0.884637
0.896353
0.918111
0.933034
0.951606
0.967129
0.975499
0.989147
0.999823
1.00844
1.01968
1.02683
1.03605
1.04116
1.04929
1.05187
1.0575
1.05968
1.06288
1.06445
1.0664
1.06639
1.068
1.06763
1.0681
1.06705
1.06713
1.0679
1.06848
0.417565
0.483508
0.556491
0.635402
0.695231
0.747925
0.781084
0.808932
0.838986
0.853975
0.869074
0.89132
0.909754
0.940959
0.962657
0.987263
1.0088
1.02182
1.03608
1.04137
1.04471
1.04882
1.05024
1.05409
1.05818
1.06049
1.06614
1.06775
1.07218
1.07432
1.07536
1.0789
1.07685
1.08065
1.07849
1.08225
1.08016
1.0805
1.07956
1.07928
0.101501
0.0652216
0.20372
0.295499
0.388889
0.476867
0.553116
0.62752
0.690956
0.755448
0.80584
0.856908
0.900009
0.93844
0.967021
0.996965
1.02164
1.03842
1.05995
1.07255
1.08277
1.0935
1.09268
1.09695
1.09504
1.09583
1.09775
1.09693
1.10315
1.10211
1.10704
1.10562
1.10762
1.10724
1.10809
1.10844
1.10758
1.10193
1.10031
1.09607
0.318375
0.319232
0.215531
0.0934287
0.141417
0.202311
0.271273
0.351219
0.43072
0.538586
0.642548
0.715722
0.793307
0.864339
0.913463
0.966136
1.00569
1.0358
1.06407
1.08405
1.10162
1.11934
1.13036
1.1418
1.14775
1.15391
1.15545
1.15554
1.15342
1.15311
1.15611
1.1548
1.15943
1.15523
1.15912
1.15489
1.15537
1.15424
1.15127
1.14862
0.547259
0.595748
0.571307
0.486687
0.371835
0.246655
0.14796
0.0627809
0.0868556
0.186067
0.30028
0.415181
0.514613
0.60167
0.705723
0.790804
0.873232
0.942461
0.999456
1.04704
1.08432
1.11206
1.13577
1.1508
1.16034
1.1694
1.17273
1.17777
1.17921
1.18038
1.18305
1.18163
1.18117
1.17949
1.17815
1.17776
1.17748
1.18138
1.18645
1.19558
0.482087
0.516717
0.533023
0.535902
0.526785
0.529638
0.524068
0.530716
0.518413
0.482238
0.474263
0.553187
0.583553
0.46442
0.376778
0.371476
0.411856
0.464783
0.532377
0.607625
0.686408
0.768977
0.840405
0.902705
0.958929
1.01123
1.05533
1.09581
1.12847
1.15461
1.17686
1.20123
1.21856
1.23883
1.25073
1.26518
1.27169
1.27882
1.27888
1.287
0.262672
0.279546
0.319199
0.356372
0.399619
0.449801
0.499572
0.552835
0.596439
0.633102
0.663176
0.679314
0.679061
0.665092
0.638833
0.617636
0.586395
0.549975
0.499006
0.457025
0.353124
0.112352
0.408945
0.547174
0.582971
0.630903
0.667261
0.709118
0.743627
0.792101
0.832939
0.884769
0.92886
0.977438
1.01837
1.06245
1.10519
1.16048
1.21714
1.27824
1.02136
1.02098
1.02052
1.01917
1.0179
1.01503
1.01233
1.00754
1.00252
0.995889
0.991094
0.987965
0.988976
0.993176
1.00144
1.00954
1.01546
1.01602
1.01591
1.01534
1.01507
1.01499
1.01492
1.01486
1.01477
1.01464
1.01448
1.01431
1.01412
1.01392
1.01369
1.01343
1.01314
1.01283
1.0125
1.01216
1.0118
1.01141
1.01097
1.01065
1.00591
1.00701
1.00787
1.01008
1.0118
1.01524
1.01809
1.02242
1.02577
1.02948
1.03046
1.0308
1.02996
1.02713
1.02174
1.017
1.01571
1.01567
1.01594
1.01621
1.01637
1.01643
1.01644
1.01633
1.01609
1.01583
1.01562
1.0154
1.01516
1.0149
1.01463
1.01432
1.01398
1.01365
1.01328
1.01285
1.01238
1.01185
1.01143
1.01124
1.01956
1.01892
1.01796
1.01649
1.01484
1.01242
1.01031
1.00758
1.00651
1.00654
1.00854
1.00994
1.01199
1.01311
1.01385
1.01414
1.01458
1.01526
1.01573
1.01599
1.01614
1.01618
1.01625
1.01627
1.01617
1.01596
1.0157
1.01555
1.01537
1.01517
1.01484
1.01458
1.01424
1.0139
1.01352
1.01323
1.01279
1.01237
1.01205
1.0119
1.01021
1.01251
1.01387
1.01639
1.01844
1.02122
1.02338
1.02604
1.0272
1.02791
1.02803
1.02775
1.02641
1.02429
1.02201
1.01965
1.01817
1.01765
1.01753
1.01748
1.01735
1.0172
1.01707
1.01688
1.01662
1.01637
1.01614
1.01588
1.01566
1.01541
1.01516
1.01493
1.01457
1.01418
1.01378
1.01339
1.01299
1.01251
1.01229
1.01216
1.01711
1.01619
1.01516
1.01393
1.01272
1.01164
1.011
1.01094
1.01181
1.01259
1.01349
1.01392
1.0146
1.01516
1.0157
1.01587
1.0161
1.01623
1.01655
1.01648
1.01652
1.01662
1.01667
1.01665
1.01643
1.01632
1.01619
1.01607
1.01578
1.01557
1.01535
1.01515
1.01476
1.01446
1.01408
1.01383
1.01341
1.01306
1.0128
1.01269
1.01364
1.01587
1.01684
1.01885
1.01987
1.02154
1.02247
1.02379
1.02431
1.02471
1.02475
1.02435
1.02353
1.02247
1.02139
1.02025
1.0195
1.01916
1.01885
1.01833
1.01799
1.01775
1.01766
1.01746
1.01707
1.01676
1.01647
1.01623
1.01601
1.01575
1.01562
1.01535
1.01491
1.0145
1.01409
1.01379
1.01347
1.01313
1.01294
1.01274
1.0157
1.01493
1.01442
1.01393
1.01358
1.0135
1.01366
1.01422
1.01489
1.01549
1.01585
1.0161
1.01647
1.0168
1.01696
1.01712
1.01722
1.01733
1.01733
1.01733
1.01726
1.01731
1.01723
1.01713
1.01702
1.01687
1.01671
1.01654
1.01627
1.0161
1.01583
1.01561
1.01526
1.01487
1.01452
1.01425
1.01396
1.01364
1.01336
1.01323
1.01583
1.01746
1.01816
1.01942
1.02002
1.02105
1.02153
1.02219
1.02243
1.0226
1.02241
1.02215
1.0217
1.02131
1.0207
1.02031
1.02008
1.01986
1.01938
1.01876
1.01854
1.01849
1.01831
1.01785
1.01749
1.01725
1.01693
1.01673
1.01653
1.01641
1.01614
1.01574
1.01536
1.01487
1.01445
1.01425
1.014
1.01371
1.01343
1.01322
1.01599
1.01597
1.01588
1.01609
1.0162
1.01643
1.01664
1.01691
1.01708
1.01733
1.0175
1.01781
1.018
1.01814
1.01816
1.0183
1.0184
1.01845
1.01835
1.01826
1.0182
1.01812
1.01804
1.01793
1.01775
1.0176
1.0174
1.01707
1.01681
1.01671
1.01652
1.01624
1.01587
1.01543
1.01509
1.01479
1.01451
1.01412
1.0139
1.01367
1.01763
1.01888
1.01938
1.02014
1.0205
1.02093
1.0211
1.02127
1.02126
1.02134
1.02137
1.02136
1.0212
1.02092
1.02069
1.02054
1.02046
1.02019
1.01977
1.01942
1.01933
1.01912
1.01874
1.01843
1.0182
1.01788
1.01767
1.01745
1.01717
1.01694
1.01669
1.0164
1.0159
1.01544
1.01518
1.01487
1.01452
1.01415
1.01384
1.01359
1.01747
1.01788
1.01793
1.01818
1.01826
1.01842
1.01848
1.01863
1.01874
1.01895
1.01912
1.01932
1.01942
1.01946
1.01945
1.01956
1.01964
1.01958
1.01942
1.01932
1.01926
1.01917
1.01904
1.01886
1.01867
1.01842
1.01805
1.01785
1.01773
1.01751
1.01736
1.01706
1.01659
1.01616
1.01583
1.01546
1.01506
1.01472
1.01443
1.01424
1.01899
1.01995
1.02029
1.02067
1.02082
1.02101
1.02107
1.0212
1.02125
1.02141
1.02146
1.02146
1.02126
1.02115
1.02114
1.02119
1.02108
1.02083
1.02049
1.02035
1.02006
1.01973
1.0195
1.01934
1.01906
1.0188
1.01855
1.01828
1.01795
1.01773
1.01749
1.01719
1.01671
1.01634
1.016
1.01559
1.01514
1.0148
1.01454
1.01441
1.01907
1.01945
1.01958
1.01979
1.01989
1.02007
1.02018
1.02037
1.02051
1.02065
1.02076
1.02084
1.02086
1.02087
1.02096
1.02102
1.02098
1.02086
1.02075
1.02064
1.02047
1.02029
1.02016
1.01998
1.01958
1.01926
1.0191
1.01902
1.01876
1.0185
1.01832
1.01801
1.01753
1.01715
1.01676
1.01634
1.01594
1.01559
1.01535
1.01525
1.02019
1.02087
1.02108
1.02139
1.02152
1.02174
1.02179
1.02197
1.02203
1.02222
1.02218
1.02221
1.02208
1.02221
1.02219
1.02222
1.02191
1.0218
1.0215
1.02133
1.02094
1.02076
1.0206
1.02052
1.0201
1.01979
1.0195
1.01935
1.019
1.01875
1.0185
1.01822
1.01773
1.01736
1.01694
1.01653
1.01609
1.01579
1.01553
1.01546
1.0205
1.02091
1.02107
1.02138
1.02156
1.02179
1.02193
1.02211
1.0222
1.02233
1.02235
1.02243
1.02247
1.02262
1.02263
1.02264
1.02246
1.02237
1.02221
1.02208
1.02177
1.02158
1.02141
1.02121
1.02086
1.02062
1.02044
1.02029
1.01999
1.0197
1.01944
1.01914
1.01865
1.0182
1.01778
1.01736
1.01697
1.01664
1.01643
1.0163
1.02143
1.022
1.02222
1.02257
1.0227
1.02298
1.02303
1.02325
1.02331
1.02346
1.02336
1.02345
1.02338
1.02358
1.02348
1.02346
1.02318
1.02312
1.02284
1.02266
1.02228
1.02215
1.02197
1.0218
1.02129
1.021
1.02077
1.02067
1.02027
1.01996
1.01962
1.01943
1.01894
1.01852
1.01796
1.01757
1.01712
1.01685
1.01657
1.01644
1.02204
1.02267
1.02288
1.02326
1.02344
1.02373
1.02384
1.02405
1.02411
1.02426
1.02423
1.02433
1.02437
1.02457
1.02451
1.02447
1.02422
1.02416
1.02391
1.0237
1.02328
1.02316
1.02298
1.02283
1.02239
1.0221
1.02189
1.02182
1.02145
1.02111
1.02068
1.02042
1.01995
1.01951
1.01898
1.01858
1.01812
1.0178
1.01751
1.01736
1.0231
1.0238
1.0241
1.02441
1.02456
1.02479
1.02487
1.02508
1.02501
1.02511
1.025
1.02518
1.0252
1.02539
1.02525
1.02516
1.02485
1.0248
1.02459
1.02441
1.02398
1.02377
1.02353
1.02337
1.02292
1.0226
1.02232
1.02222
1.02184
1.02151
1.02103
1.02076
1.02025
1.01986
1.01923
1.01882
1.01831
1.01799
1.01766
1.0175
1.02432
1.02508
1.02526
1.02568
1.02579
1.02613
1.02621
1.02646
1.02636
1.02648
1.02641
1.02667
1.02669
1.02687
1.0266
1.02652
1.02619
1.02617
1.02591
1.02577
1.02534
1.02514
1.02487
1.02475
1.0243
1.02404
1.02373
1.0236
1.02314
1.02284
1.0223
1.02194
1.02147
1.0212
1.02055
1.02006
1.01951
1.01917
1.01879
1.01861
1.02547
1.02611
1.02633
1.0267
1.02678
1.02709
1.02712
1.02729
1.02719
1.02738
1.02738
1.02769
1.02762
1.02772
1.02745
1.02744
1.02713
1.02703
1.0267
1.02653
1.02611
1.02589
1.02556
1.02531
1.02483
1.02464
1.02437
1.02417
1.0237
1.02341
1.02279
1.02234
1.0218
1.0215
1.02089
1.02039
1.01977
1.0194
1.01898
1.01882
1.02705
1.02772
1.02793
1.02838
1.02842
1.02883
1.02878
1.02901
1.0289
1.02914
1.02917
1.02943
1.02929
1.02936
1.02911
1.02916
1.02883
1.02876
1.02841
1.02829
1.02791
1.02777
1.02732
1.02698
1.02658
1.02649
1.02613
1.02585
1.02541
1.02508
1.02442
1.02398
1.02341
1.0231
1.02245
1.02195
1.02127
1.02091
1.02046
1.02031
1.02815
1.02886
1.02896
1.02941
1.02947
1.0299
1.02981
1.03009
1.02999
1.03032
1.03031
1.03053
1.03039
1.03045
1.03018
1.0302
1.02985
1.02977
1.02931
1.02918
1.02888
1.02867
1.02806
1.02772
1.02736
1.0272
1.02685
1.0266
1.02612
1.02568
1.02502
1.02454
1.02391
1.02349
1.02288
1.02233
1.02161
1.02123
1.02077
1.0206
1.03001
1.03088
1.03092
1.03158
1.03163
1.03206
1.03193
1.03233
1.03222
1.03261
1.03247
1.03279
1.03261
1.0327
1.03241
1.0325
1.03215
1.03203
1.0315
1.0315
1.03116
1.03096
1.03031
1.03003
1.02954
1.02935
1.02906
1.02891
1.02836
1.02781
1.02719
1.02668
1.02598
1.02549
1.02486
1.02425
1.02352
1.02313
1.02266
1.02247
1.03129
1.03234
1.03234
1.03306
1.03288
1.03332
1.03325
1.03371
1.03357
1.03392
1.03378
1.03412
1.03381
1.03397
1.0337
1.03379
1.03333
1.03316
1.03268
1.03267
1.0322
1.03206
1.03138
1.03104
1.03042
1.03029
1.03002
1.02988
1.02923
1.02866
1.02796
1.02737
1.02666
1.0261
1.02538
1.02474
1.02401
1.02359
1.02311
1.02291
1.03389
1.0351
1.03507
1.0357
1.0355
1.03611
1.03602
1.03657
1.03638
1.03685
1.03668
1.03699
1.03676
1.03704
1.03667
1.03674
1.03622
1.03623
1.03574
1.03571
1.03522
1.03508
1.03429
1.03397
1.03336
1.0333
1.0329
1.03277
1.03206
1.03155
1.03071
1.03015
1.02937
1.02876
1.02796
1.02728
1.02653
1.02607
1.02559
1.02535
1.03566
1.03682
1.03668
1.03744
1.03726
1.03791
1.03778
1.03834
1.03809
1.03852
1.03822
1.03866
1.03838
1.03858
1.03811
1.03823
1.0377
1.0378
1.03723
1.03721
1.03657
1.03628
1.03558
1.0353
1.03473
1.03459
1.03417
1.03398
1.03321
1.03266
1.03172
1.03117
1.03029
1.02965
1.0287
1.028
1.02722
1.02672
1.02624
1.02602
1.03937
1.04035
1.0403
1.04102
1.04084
1.04155
1.04137
1.04199
1.04168
1.04223
1.04198
1.04255
1.04217
1.04252
1.04199
1.04228
1.04175
1.042
1.04138
1.04134
1.0405
1.04026
1.03948
1.03933
1.03871
1.03861
1.03808
1.03781
1.03699
1.03636
1.03542
1.03478
1.03385
1.03315
1.03219
1.03147
1.03062
1.03007
1.02958
1.02928
1.04138
1.04246
1.04234
1.04298
1.04278
1.04349
1.04327
1.04394
1.04357
1.04417
1.04377
1.04435
1.04387
1.04427
1.04371
1.04407
1.04353
1.04382
1.04306
1.04308
1.04205
1.04196
1.04113
1.0411
1.04047
1.04045
1.03976
1.03943
1.03844
1.03786
1.0368
1.03613
1.03514
1.03441
1.03334
1.03253
1.03154
1.03098
1.03042
1.03014
1.04574
1.04648
1.04656
1.04731
1.04729
1.04811
1.04807
1.04893
1.04871
1.04949
1.04912
1.04976
1.04928
1.04985
1.0493
1.04982
1.04922
1.04959
1.04873
1.04872
1.04767
1.04759
1.04665
1.04683
1.04609
1.0462
1.04522
1.04491
1.04368
1.0431
1.04182
1.04127
1.04004
1.03935
1.03805
1.03722
1.03611
1.03554
1.03493
1.03464
1.04747
1.0481
1.04833
1.04904
1.04925
1.04997
1.05009
1.05094
1.05082
1.05161
1.05132
1.05203
1.0518
1.05244
1.05211
1.05262
1.05201
1.05225
1.0513
1.05127
1.05017
1.05016
1.0493
1.04949
1.04874
1.04869
1.04754
1.04711
1.04564
1.04518
1.0437
1.04324
1.04172
1.04107
1.03954
1.03873
1.03749
1.03689
1.03618
1.03592
1.05256
1.05384
1.05412
1.05512
1.05519
1.05626
1.05617
1.05718
1.05695
1.05787
1.05753
1.05855
1.05825
1.05929
1.05877
1.05953
1.05878
1.05924
1.05816
1.05831
1.05709
1.0573
1.05638
1.05683
1.05587
1.05605
1.0547
1.05447
1.0529
1.05249
1.05091
1.05031
1.04859
1.04771
1.04594
1.04507
1.04358
1.04295
1.04202
1.04176
1.05787
1.05906
1.05946
1.06052
1.0608
1.06192
1.06211
1.06319
1.06315
1.06405
1.06395
1.06492
1.06484
1.06586
1.06541
1.06627
1.06538
1.06597
1.06488
1.0653
1.0643
1.06476
1.06388
1.06418
1.06303
1.06279
1.06105
1.06037
1.05846
1.05775
1.0558
1.05504
1.05303
1.05216
1.05019
1.04929
1.04769
1.04702
1.04608
1.04583
1.06339
1.06458
1.06528
1.06673
1.06737
1.0688
1.06937
1.0706
1.07111
1.07207
1.07238
1.07327
1.07331
1.07414
1.07381
1.07442
1.07365
1.07392
1.07261
1.07268
1.07113
1.0714
1.06999
1.07042
1.06897
1.0692
1.06744
1.06737
1.06549
1.06532
1.06338
1.06302
1.06081
1.0601
1.05761
1.05669
1.05438
1.05362
1.05197
1.05165
1.06905
1.07139
1.07357
1.07477
1.07664
1.07779
1.07952
1.08063
1.08222
1.08317
1.08478
1.08564
1.08717
1.08795
1.08906
1.08967
1.09024
1.09074
1.09114
1.09178
1.09202
1.09253
1.0921
1.09202
1.09073
1.09003
1.08795
1.08682
1.08421
1.08285
1.07987
1.07835
1.07505
1.07334
1.06993
1.06832
1.0654
1.06427
1.0624
1.06201
1.07981
1.08228
1.08376
1.08636
1.08815
1.0905
1.09209
1.09401
1.09528
1.09664
1.09757
1.09836
1.09923
1.09954
1.10027
1.09993
1.10017
1.09903
1.09854
1.09683
1.09595
1.09427
1.09345
1.09194
1.09104
1.08962
1.08871
1.0875
1.08651
1.08549
1.08418
1.08289
1.08089
1.07928
1.0767
1.07512
1.07262
1.0716
1.06966
1.06927
1.10059
1.10532
1.1094
1.11358
1.11657
1.12
1.12292
1.12582
1.12872
1.1314
1.1341
1.13645
1.13864
1.14038
1.14222
1.14367
1.14563
1.14707
1.14893
1.15012
1.15128
1.15174
1.1516
1.15099
1.14963
1.14811
1.1457
1.14334
1.14009
1.13689
1.13287
1.12895
1.12414
1.11955
1.11421
1.10951
1.10437
1.10031
1.09599
1.09292
1.14844
1.14623
1.14778
1.14765
1.14998
1.1505
1.15276
1.15322
1.155
1.1552
1.15622
1.15632
1.15679
1.15692
1.15699
1.15662
1.15592
1.15452
1.15276
1.15056
1.14816
1.14556
1.14288
1.14013
1.13757
1.13486
1.13244
1.12996
1.12772
1.12553
1.1235
1.1214
1.11911
1.11633
1.11302
1.10904
1.10478
1.10097
1.09866
1.09883
1.20316
1.21723
1.22544
1.23664
1.24142
1.25088
1.25464
1.26302
1.26615
1.27364
1.2761
1.28266
1.28436
1.29006
1.29105
1.29608
1.29654
1.30095
1.30083
1.30441
1.30349
1.30579
1.30369
1.3042
1.30048
1.29911
1.29386
1.29038
1.28355
1.27808
1.26967
1.26249
1.25282
1.24474
1.23488
1.22714
1.21789
1.21016
1.19952
1.18844
1.28645
1.28089
1.28568
1.28756
1.29631
1.29939
1.30818
1.31057
1.31831
1.31964
1.32585
1.32595
1.33012
1.32895
1.33121
1.32927
1.33042
1.32857
1.32873
1.32604
1.32357
1.31865
1.31322
1.30662
1.29942
1.29235
1.28468
1.27716
1.26949
1.26166
1.2543
1.24663
1.24062
1.23376
1.2279
1.21831
1.20629
1.18916
1.17216
1.15928
1.32851
1.36157
1.40821
1.44701
1.48743
1.52146
1.55809
1.58742
1.62024
1.64573
1.67443
1.6965
1.72046
1.73878
1.75699
1.77053
1.782
1.79022
1.79549
1.79964
1.80089
1.80246
1.80048
1.79893
1.79284
1.78709
1.77639
1.76736
1.75213
1.73926
1.71927
1.70257
1.67857
1.65929
1.63273
1.61097
1.58209
1.55782
1.53038
1.5067
1.01086
1.0118
1.01169
1.01156
1.01165
1.01183
1.01199
1.01216
1.0123
1.01245
1.01233
1.01243
1.01244
1.01283
1.01311
1.01277
1.0126
1.01246
1.01185
1.01121
1.01068
1.00991
1.00884
1.00755
1.00604
1.00404
1.00146
0.998903
0.996048
0.993194
0.989676
0.98641
0.983274
0.977841
0.977196
0.972948
0.973534
0.970763
0.97181
0.969494
1.0113
1.01189
1.01166
1.01162
1.01175
1.01192
1.01202
1.01229
1.01254
1.01277
1.01266
1.01264
1.01266
1.01289
1.01321
1.01303
1.01281
1.0125
1.01183
1.01145
1.01068
1.00991
1.00879
1.00743
1.00587
1.00383
1.00124
0.998582
0.995662
0.99264
0.98867
0.985866
0.98231
0.977166
0.976736
0.972136
0.972941
0.969801
0.970951
0.969031
1.01191
1.01219
1.01192
1.01206
1.01213
1.01226
1.01242
1.01269
1.0129
1.01306
1.01308
1.01305
1.01285
1.01272
1.01302
1.0128
1.01253
1.01223
1.01152
1.01112
1.01
1.00913
1.00785
1.00633
1.00469
1.00255
0.999944
0.997329
0.994282
0.990726
0.987964
0.984043
0.981338
0.976883
0.975286
0.971931
0.971604
0.969325
0.969592
0.968155
1.01209
1.01218
1.01193
1.01212
1.01211
1.01223
1.01248
1.01279
1.01294
1.01289
1.01301
1.01302
1.01266
1.01226
1.01236
1.01207
1.01178
1.01141
1.01078
1.01036
1.00923
1.00819
1.00684
1.00535
1.00355
1.00144
0.998951
0.995892
0.992599
0.98967
0.985847
0.983238
0.97957
0.976473
0.974489
0.971917
0.970741
0.969023
0.968504
0.967488
1.01255
1.0125
1.01234
1.01258
1.01244
1.01264
1.01291
1.01323
1.0133
1.01319
1.01332
1.01332
1.01304
1.01258
1.01245
1.01196
1.01161
1.01109
1.01061
1.01013
1.00893
1.00784
1.00633
1.0047
1.00285
1.00053
0.997764
0.994855
0.991663
0.987833
0.985273
0.981296
0.978871
0.975919
0.97297
0.971192
0.969522
0.968083
0.967313
0.966405
1.01257
1.01247
1.01238
1.01261
1.01254
1.01283
1.01303
1.01325
1.01328
1.01327
1.01335
1.01316
1.0128
1.01246
1.01214
1.01155
1.01112
1.01063
1.01028
1.0097
1.00859
1.00748
1.00597
1.0044
1.00237
1.00004
0.997427
0.994165
0.990537
0.987568
0.983569
0.980816
0.977223
0.974878
0.972342
0.97035
0.968685
0.967366
0.966392
0.965696
1.01297
1.01289
1.01291
1.01308
1.01308
1.01343
1.01357
1.01366
1.01364
1.01377
1.01376
1.01358
1.01337
1.01304
1.01261
1.01215
1.01184
1.01132
1.01089
1.01019
1.00907
1.00794
1.00622
1.00446
1.00238
0.999899
0.996942
0.993805
0.990448
0.986248
0.983424
0.979196
0.976782
0.97384
0.97094
0.969192
0.967409
0.965991
0.965204
0.964542
1.01295
1.01285
1.01292
1.0131
1.01318
1.0136
1.01361
1.01368
1.01368
1.01379
1.01359
1.01334
1.01314
1.01279
1.01256
1.01214
1.01187
1.01138
1.01095
1.0101
1.00904
1.00794
1.00625
1.00457
1.00232
0.999773
0.996938
0.99351
0.989577
0.98642
0.981982
0.978975
0.975243
0.972876
0.970278
0.968053
0.966381
0.965029
0.964195
0.963724
1.01338
1.01337
1.01359
1.01374
1.01393
1.0142
1.0141
1.01429
1.01421
1.01425
1.01409
1.01398
1.01372
1.01355
1.01342
1.01322
1.01291
1.01244
1.01189
1.01093
1.00989
1.0087
1.00679
1.00482
1.00251
0.999728
0.99657
0.993084
0.989746
0.985225
0.981974
0.977436
0.974751
0.971338
0.96861
0.966518
0.964818
0.963416
0.962888
0.962426
1.01336
1.01351
1.01376
1.01393
1.01418
1.01427
1.0142
1.01436
1.01426
1.01418
1.01387
1.01378
1.01369
1.01363
1.01346
1.01323
1.01291
1.01249
1.01191
1.01089
1.00983
1.00862
1.00678
1.00493
1.00251
0.99962
0.996461
0.992856
0.988663
0.985349
0.980402
0.977158
0.972951
0.970428
0.967721
0.965447
0.963772
0.962361
0.96173
0.961503
1.01404
1.01423
1.01449
1.01468
1.01493
1.0149
1.01492
1.0151
1.01491
1.01489
1.0147
1.01475
1.01466
1.01466
1.01453
1.01435
1.01394
1.01357
1.01287
1.01177
1.01068
1.0093
1.00729
1.00507
1.00251
0.999418
0.995979
0.992196
0.988653
0.98377
0.980243
0.975344
0.972351
0.96849
0.965768
0.963534
0.962001
0.96063
0.96026
0.960084
1.01422
1.01444
1.01467
1.01481
1.01497
1.0149
1.01502
1.01508
1.01484
1.0148
1.01475
1.01485
1.01474
1.01465
1.01442
1.01423
1.01389
1.01356
1.01278
1.01174
1.01064
1.00918
1.00718
1.00511
1.00244
0.999255
0.995639
0.991979
0.987171
0.983699
0.9783
0.974929
0.970261
0.9676
0.96473
0.962472
0.960939
0.9596
0.959002
0.959079
1.01509
1.01526
1.01541
1.01551
1.0156
1.01564
1.01587
1.01583
1.01569
1.01584
1.01584
1.01596
1.0158
1.01576
1.01551
1.01524
1.01494
1.01453
1.01357
1.01251
1.01143
1.00972
1.00748
1.00513
1.00214
0.998793
0.995042
0.990845
0.987088
0.981683
0.977964
0.972785
0.969623
0.96538
0.962558
0.960399
0.958979
0.957776
0.957412
0.957513
1.01526
1.01542
1.0155
1.01556
1.01562
1.01567
1.01582
1.01571
1.01565
1.01588
1.01587
1.01594
1.01566
1.01555
1.01533
1.01523
1.01487
1.01429
1.01335
1.0125
1.01131
1.00959
1.00741
1.00513
1.00211
0.998567
0.994511
0.990639
0.985282
0.981498
0.975706
0.972152
0.967137
0.964417
0.961328
0.95906
0.957618
0.956469
0.955905
0.956347
1.01611
1.01625
1.01628
1.01639
1.01648
1.0166
1.01668
1.01663
1.01682
1.017
1.01695
1.01702
1.0168
1.01683
1.01666
1.01656
1.01595
1.01519
1.01423
1.01316
1.01193
1.01003
1.00768
1.00508
1.00163
0.997921
0.993782
0.988955
0.984975
0.979039
0.975144
0.969557
0.966286
0.961816
0.958806
0.956682
0.95541
0.954405
0.954069
0.954614
1.01622
1.01631
1.01634
1.01645
1.01652
1.01661
1.01663
1.01662
1.01687
1.01699
1.01691
1.01683
1.0166
1.01671
1.0166
1.01641
1.01576
1.01506
1.01405
1.01307
1.01169
1.00972
1.00744
1.00478
1.00144
0.997517
0.992926
0.988692
0.982814
0.978739
0.972502
0.968648
0.963457
0.960515
0.957334
0.955093
0.953731
0.952783
0.952236
0.953174
1.01711
1.01724
1.01731
1.01751
1.0176
1.0177
1.01778
1.01797
1.01818
1.01818
1.01811
1.01816
1.01804
1.01817
1.0179
1.01759
1.01674
1.016
1.01487
1.01369
1.01213
1.00992
1.00747
1.00457
1.00063
0.996522
0.99197
0.986524
0.982243
0.975767
0.971584
0.965491
0.96208
0.957546
0.954449
0.952395
0.951259
0.950496
0.950134
0.951257
1.01721
1.01735
1.01741
1.01758
1.01764
1.01775
1.01785
1.01808
1.01819
1.01812
1.018
1.018
1.01801
1.01808
1.01763
1.01725
1.01652
1.01582
1.01465
1.01356
1.01182
1.00957
1.00719
1.00393
1.00021
0.995994
0.990889
0.98634
0.979895
0.975341
0.968597
0.964351
0.959025
0.955779
0.952565
0.950392
0.949267
0.948593
0.94802
0.949515
1.01833
1.01857
1.01865
1.01886
1.01893
1.01917
1.01939
1.01963
1.01958
1.01955
1.01962
1.01976
1.01972
1.01956
1.01902
1.01867
1.01776
1.01691
1.01559
1.01427
1.01231
1.00989
1.00707
1.00369
0.999344
0.994712
0.989719
0.983616
0.978941
0.971836
0.967267
0.960675
0.956978
0.952446
0.94918
0.947258
0.946426
0.946065
0.945731
0.947405
1.01852
1.01877
1.01881
1.01901
1.01906
1.01931
1.0195
1.01967
1.01957
1.01956
1.01962
1.0198
1.01964
1.01946
1.01907
1.01859
1.01773
1.01693
1.01564
1.01426
1.01222
1.0096
1.00693
1.00304
0.99885
0.994228
0.98839
0.983546
0.976264
0.971146
0.963935
0.95918
0.953531
0.949872
0.946716
0.944669
0.943771
0.943625
0.943084
0.945281
1.02001
1.02033
1.02038
1.02063
1.02076
1.02109
1.02122
1.02136
1.02137
1.02166
1.02181
1.02179
1.02146
1.02113
1.02067
1.0202
1.01936
1.01848
1.01684
1.01532
1.01278
1.01012
1.00679
1.00269
0.997897
0.992575
0.987113
0.980123
0.974793
0.966849
0.961839
0.954777
0.950648
0.946014
0.942674
0.940917
0.94033
0.940722
0.940472
0.942986
1.02031
1.02059
1.02062
1.02089
1.02097
1.02128
1.02133
1.02144
1.02148
1.0218
1.02183
1.02164
1.02128
1.02115
1.02084
1.02044
1.01946
1.01834
1.01682
1.01508
1.01265
1.0097
1.00637
1.00167
0.99688
0.991807
0.985024
0.979551
0.97134
0.965717
0.95791
0.952624
0.946553
0.942468
0.939428
0.937514
0.93686
0.937527
0.937171
0.940249
1.02221
1.02253
1.0226
1.02295
1.02308
1.02342
1.02347
1.02375
1.02395
1.02422
1.02399
1.0238
1.02357
1.02346
1.02291
1.02214
1.02095
1.01991
1.01806
1.01623
1.01316
1.01025
1.00598
1.00111
0.996056
0.989568
0.983426
0.975441
0.96917
0.960275
0.954741
0.94712
0.9425
0.937969
0.934576
0.933031
0.932835
0.934041
0.934179
0.937548
1.02263
1.02289
1.02295
1.02328
1.02337
1.02364
1.02365
1.0239
1.024
1.02414
1.02384
1.02379
1.02375
1.02344
1.02276
1.02204
1.021
1.01971
1.01788
1.01551
1.01282
1.00928
1.00497
0.999761
0.993916
0.987972
0.980156
0.973671
0.964665
0.958465
0.949739
0.943943
0.937463
0.932968
0.930231
0.92849
0.928255
0.929776
0.929801
0.933817
1.02508
1.02537
1.02551
1.0259
1.02605
1.02639
1.0265
1.02681
1.02677
1.0268
1.02662
1.02677
1.0264
1.02592
1.0252
1.02434
1.0229
1.02148
1.01902
1.0169
1.01335
1.0096
1.00446
0.998616
0.993004
0.985096
0.978044
0.968945
0.961434
0.951692
0.945419
0.937195
0.932037
0.927691
0.92419
0.923117
0.92334
0.925478
0.926131
0.930659
1.02568
1.0259
1.02597
1.02629
1.02639
1.02666
1.02669
1.02691
1.02677
1.0268
1.02667
1.02675
1.02617
1.02591
1.02507
1.02402
1.02277
1.02085
1.0188
1.01593
1.0123
1.00801
1.00239
0.996805
0.989412
0.98224
0.973311
0.965468
0.955584
0.948282
0.938561
0.932133
0.925273
0.920495
0.918115
0.91655
0.917013
0.919634
0.920063
0.925677
1.02895
1.0292
1.02929
1.02971
1.02989
1.03027
1.03032
1.03056
1.03052
1.03071
1.03049
1.03023
1.02962
1.02919
1.02796
1.0271
1.02511
1.02342
1.02041
1.01733
1.01302
1.00799
1.00212
0.994984
0.98787
0.978587
0.97044
0.959848
0.950824
0.940291
0.932616
0.923697
0.918127
0.913884
0.910277
0.910105
0.910773
0.914284
0.915508
0.921935
1.02976
1.02988
1.02993
1.03021
1.03029
1.03054
1.03049
1.03063
1.03047
1.03057
1.03028
1.03011
1.0296
1.02891
1.02799
1.02658
1.0249
1.02255
1.01948
1.01597
1.01095
1.00583
0.998482
0.991628
0.982532
0.974054
0.963319
0.953727
0.942621
0.933455
0.92306
0.915789
0.90861
0.903554
0.901544
0.900411
0.901772
0.906103
0.907157
0.914695
1.03423
1.03447
1.03462
1.0349
1.03502
1.03533
1.03543
1.03575
1.03571
1.0358
1.03529
1.03515
1.03412
1.03359
1.03184
1.03053
1.02799
1.02534
1.02174
1.01719
1.0119
1.00499
0.99774
0.989039
0.979973
0.969004
0.958947
0.946502
0.935832
0.923894
0.914625
0.905074
0.899033
0.894791
0.891474
0.892287
0.893717
0.899285
0.90149
0.909908
1.03546
1.0355
1.03558
1.03554
1.03563
1.03572
1.03576
1.03592
1.03584
1.0357
1.03542
1.03486
1.03421
1.03302
1.03149
1.02975
1.02683
1.02408
1.01928
1.01489
1.00782
1.0012
0.991994
0.983329
0.971744
0.961243
0.948246
0.936525
0.923202
0.912205
0.900575
0.892444
0.884765
0.879737
0.878109
0.878138
0.880737
0.887492
0.88979
0.899317
1.04111
1.04153
1.04146
1.04199
1.04216
1.0426
1.0427
1.04292
1.0426
1.04275
1.04192
1.04161
1.04012
1.03889
1.03681
1.03423
1.03103
1.02667
1.02186
1.0153
1.00822
0.999295
0.989951
0.978477
0.967094
0.953872
0.940812
0.925956
0.913209
0.899391
0.888459
0.877965
0.87148
0.867594
0.865566
0.867426
0.870219
0.878859
0.882692
0.894021
1.04529
1.04517
1.04525
1.04514
1.04524
1.04493
1.04496
1.04443
1.04425
1.04352
1.04277
1.04174
1.03998
1.0385
1.0354
1.03296
1.02809
1.02415
1.01707
1.01083
1.00112
0.992197
0.979936
0.96853
0.95384
0.940222
0.923904
0.909353
0.893306
0.879812
0.866706
0.857545
0.849885
0.845291
0.844463
0.846488
0.850424
0.860458
0.865432
0.878691
1.05064
1.05133
1.05123
1.05189
1.05185
1.05228
1.05223
1.05229
1.05207
1.05146
1.05078
1.04924
1.04775
1.04499
1.0422
1.03775
1.03307
1.02631
1.01918
1.0097
0.999713
0.987337
0.974688
0.959594
0.944586
0.927321
0.910485
0.892584
0.876652
0.860709
0.848025
0.83715
0.830562
0.827685
0.827767
0.831655
0.83694
0.84934
0.856773
0.871004
1.06096
1.06113
1.06082
1.061
1.06059
1.06055
1.05978
1.05927
1.0578
1.05658
1.05415
1.05208
1.04839
1.04527
1.03984
1.03527
1.02741
1.02077
1.00984
1.00039
0.986336
0.973912
0.956543
0.941075
0.921107
0.902901
0.881786
0.863306
0.843603
0.827252
0.812858
0.802814
0.7962
0.793561
0.795014
0.800383
0.806756
0.821472
0.830181
0.847611
1.06804
1.06831
1.06809
1.06841
1.06822
1.06803
1.06753
1.06635
1.0652
1.06282
1.06102
1.05739
1.05473
1.04945
1.04513
1.03746
1.03033
1.01949
1.00861
0.99416
0.979362
0.961301
0.942947
0.92171
0.900653
0.877469
0.855562
0.8335
0.813304
0.795695
0.781728
0.771997
0.766925
0.766763
0.771185
0.779488
0.788662
0.806507
0.82049
0.836681
1.08996
1.08986
1.08834
1.08871
1.08663
1.08636
1.08309
1.08183
1.0774
1.07517
1.06964
1.0661
1.05905
1.0533
1.04367
1.03449
1.02112
1.0079
0.990315
0.97344
0.951542
0.931624
0.905787
0.883392
0.854577
0.830598
0.802695
0.77869
0.755685
0.737184
0.722762
0.713929
0.710059
0.712338
0.719883
0.731099
0.743627
0.765211
0.780598
0.81096
1.10133
1.10111
1.10214
1.1002
1.09846
1.09505
1.09225
1.08807
1.08455
1.07957
1.07482
1.06793
1.06056
1.05028
1.03913
1.02439
1.00899
0.989288
0.969884
0.945572
0.922479
0.894209
0.867167
0.83589
0.806003
0.775542
0.745122
0.720019
0.696059
0.679214
0.666892
0.661674
0.66353
0.671045
0.685194
0.703527
0.719724
0.747146
0.770111
0.793036
1.17384
1.16705
1.15333
1.14712
1.13623
1.13271
1.12419
1.12168
1.11274
1.10787
1.0954
1.0861
1.06885
1.05438
1.03186
1.01196
0.984033
0.9588
0.926068
0.895983
0.858999
0.82339
0.783654
0.745783
0.706837
0.670058
0.636887
0.607125
0.583062
0.564484
0.558641
0.55082
0.561858
0.572606
0.595404
0.622615
0.644099
0.678449
0.718535
0.747349
1.15774
1.15216
1.15783
1.15773
1.16203
1.16088
1.15782
1.14889
1.13614
1.11888
1.09755
1.07345
1.04519
1.0152
0.98085
0.945267
0.905559
0.864915
0.820761
0.776183
0.72966
0.685341
0.639097
0.598893
0.55562
0.525817
0.492168
0.476417
0.455197
0.465183
0.463669
0.491254
0.518145
0.556663
0.591786
0.636362
0.679067
0.707874
0.753415
0.782084
1.4802
1.4594
1.42061
1.38938
1.34212
1.30254
1.2496
1.20681
1.15063
1.10607
1.04786
1.00229
0.942095
0.895405
0.833225
0.78597
0.722368
0.674581
0.609503
0.561262
0.496911
0.448475
0.389819
0.341493
0.300495
0.261919
0.257832
0.250615
0.254648
0.318517
0.356111
0.409244
0.483561
0.522617
0.606935
0.650215
0.725591
0.773319
0.843402
0.883392
0.999981
1
1
1
1.00001
1.00001
1.00001
1.00001
1.00001
1.00001
1.00001
1.00001
1.00001
1.00001
1
1
1
1
1
1
1
1
1
1
1
1
1
1
1
1
1
1
0.999999
0.999998
0.999997
0.999996
0.999995
0.999996
0.999998
0.999976
0.999985
1.00002
1.00001
1.00001
1.00001
1.00001
1
1
1
1
1
1
1
1
1
1
1
0.999999
0.999998
0.999997
0.999996
0.999994
0.999993
0.999992
0.999991
0.999989
0.999988
0.999986
0.999985
0.999985
0.999985
0.999984
0.999983
0.999983
0.999984
0.999985
0.999986
0.999986
0.999986
0.999941
0.999994
1.00005
1.00004
1.00004
1.00004
1.00004
1.00004
1.00004
1.00004
1.00003
1.00003
1.00003
1.00003
1.00002
1.00002
1.00002
1.00001
1.00001
1.00001
1
0.999998
0.999994
0.99999
0.999987
0.999984
0.999982
0.999979
0.999977
0.999974
0.999969
0.999965
0.99996
0.999956
0.999953
0.999949
0.999945
0.999945
0.999948
0.999955
0.999875
1.00002
1.00012
1.00011
1.0001
1.00009
1.00009
1.00009
1.00008
1.00008
1.00007
1.00007
1.00006
1.00006
1.00005
1.00005
1.00004
1.00003
1.00003
1.00002
1.00001
1
0.999994
0.999985
0.999975
0.999965
0.999955
0.999944
0.999933
0.999923
0.999912
0.999903
0.999894
0.999887
0.999881
0.999877
0.999875
0.999874
0.999872
0.999877
0.999769
1.00004
1.00017
1.00016
1.00014
1.00013
1.00012
1.00012
1.00011
1.0001
1.0001
1.00009
1.00008
1.00007
1.00006
1.00005
1.00004
1.00003
1.00002
1.00001
0.999997
0.999984
0.999971
0.999957
0.999943
0.999929
0.999915
0.999902
0.999888
0.999876
0.999865
0.999853
0.999844
0.999836
0.999828
0.999821
0.999817
0.999815
0.999818
0.999828
0.99968
1.00007
1.00026
1.00025
1.00024
1.00023
1.00022
1.00021
1.0002
1.00019
1.00018
1.00017
1.00016
1.00015
1.00013
1.00012
1.00011
1.00009
1.00008
1.00006
1.00004
1.00002
1
0.999982
0.999961
0.99994
0.999919
0.999897
0.999875
0.999852
0.999828
0.999806
0.999784
0.999765
0.999749
0.999735
0.999724
0.99972
0.999721
0.999729
0.999537
1.00014
1.00036
1.00035
1.00033
1.00032
1.00031
1.0003
1.00029
1.00028
1.00027
1.00026
1.00024
1.00023
1.00021
1.00019
1.00017
1.00015
1.00013
1.0001
1.00007
1.00005
1.00002
0.999986
0.999953
0.99992
0.999887
0.999855
0.999822
0.999792
0.999762
0.999734
0.999708
0.999683
0.99966
0.999642
0.99963
0.999622
0.999619
0.99962
0.999395
1.00019
1.00045
1.00044
1.00043
1.00041
1.0004
1.00039
1.00037
1.00036
1.00034
1.00032
1.0003
1.00028
1.00026
1.00024
1.00021
1.00019
1.00016
1.00013
1.00009
1.00006
1.00002
0.999989
0.999952
0.999914
0.999874
0.999834
0.999793
0.999753
0.999715
0.999677
0.99964
0.99961
0.999582
0.999558
0.999536
0.999525
0.999516
0.999521
0.999245
1.00027
1.00058
1.00056
1.00055
1.00055
1.00054
1.00052
1.00051
1.00049
1.00048
1.00046
1.00044
1.00041
1.00038
1.00035
1.00032
1.00028
1.00025
1.00021
1.00016
1.00012
1.00007
1.00002
0.99997
0.999916
0.999863
0.999809
0.999756
0.999706
0.999654
0.999606
0.999568
0.999523
0.999481
0.999447
0.999418
0.999395
0.999388
0.99938
0.99907
1.00035
1.00069
1.00069
1.00067
1.00066
1.00065
1.00063
1.00062
1.0006
1.00058
1.00056
1.00053
1.0005
1.00047
1.00044
1.0004
1.00036
1.00031
1.00027
1.00021
1.00016
1.0001
1.00004
0.999986
0.999925
0.99986
0.999795
0.99973
0.999661
0.999598
0.999535
0.999465
0.999416
0.999372
0.999332
0.999297
0.999274
0.999251
0.999252
0.998873
1.00043
1.00081
1.00078
1.00076
1.00074
1.00072
1.0007
1.00068
1.00065
1.00063
1.00059
1.00056
1.00052
1.00048
1.00044
1.00039
1.00034
1.00028
1.00022
1.00016
1.00009
1.00002
0.999952
0.999871
0.999789
0.99971
0.999632
0.999554
0.999486
0.999413
0.999346
0.999297
0.999231
0.999171
0.999121
0.999084
0.999055
0.999053
0.999032
0.998637
1.0005
1.00092
1.0009
1.00087
1.00084
1.00081
1.00078
1.00075
1.00072
1.00068
1.00064
1.0006
1.00055
1.00049
1.00044
1.00038
1.00032
1.00025
1.00017
1.00009
1.00001
0.999934
0.999846
0.999764
0.999678
0.999586
0.999496
0.999405
0.999307
0.999222
0.999138
0.999041
0.998984
0.998936
0.998888
0.998847
0.99882
0.998781
0.998792
0.998326
1.00061
1.00107
1.00105
1.00103
1.001
1.00097
1.00094
1.00091
1.00087
1.00083
1.00079
1.00074
1.00069
1.00063
1.00056
1.00049
1.00042
1.00034
1.00026
1.00017
1.00008
0.999978
0.999878
0.999765
0.999651
0.999544
0.999434
0.999325
0.999233
0.999134
0.999042
0.998982
0.998883
0.998791
0.998722
0.998664
0.998618
0.998618
0.998576
0.998106
1.00079
1.00131
1.0013
1.00128
1.00126
1.00123
1.00121
1.00118
1.00115
1.00111
1.00107
1.00102
1.00096
1.00089
1.00083
1.00076
1.00069
1.0006
1.0005
1.0004
1.00029
1.00018
1.00005
0.999935
0.999815
0.999683
0.999554
0.999423
0.999275
0.999142
0.999012
0.99886
0.99877
0.998692
0.998607
0.998541
0.998485
0.998413
0.998434
0.997875
1.00098
1.00152
1.00151
1.00149
1.00148
1.00146
1.00143
1.00141
1.00137
1.00133
1.00129
1.00123
1.00118
1.00112
1.00105
1.00096
1.00086
1.00077
1.00066
1.00053
1.00041
1.00027
1.00014
0.999982
0.999825
0.999674
0.999512
0.999352
0.999215
0.999071
0.998929
0.998824
0.998675
0.998535
0.998433
0.998334
0.99826
0.998244
0.998183
0.997613
1.00112
1.00171
1.00168
1.00166
1.00163
1.00159
1.00156
1.00152
1.00147
1.00142
1.00136
1.00129
1.00121
1.00112
1.00104
1.00096
1.00085
1.00073
1.00061
1.00048
1.00034
1.00018
1.00001
0.999852
0.999686
0.999506
0.999336
0.999165
0.998973
0.998794
0.99863
0.998445
0.998322
0.998212
0.998093
0.998014
0.99796
0.997854
0.997875
0.997216
1.00125
1.00187
1.00184
1.0018
1.00177
1.00172
1.00167
1.00162
1.00156
1.00149
1.00141
1.00134
1.00126
1.00117
1.00105
1.00091
1.00078
1.00063
1.00047
1.0003
1.00013
0.999957
0.999788
0.999597
0.999399
0.99921
0.999
0.998796
0.998616
0.998439
0.998253
0.998108
0.997936
0.997782
0.997666
0.99754
0.997425
0.997439
0.997326
0.996699
1.00141
1.00209
1.00207
1.00205
1.002
1.00196
1.00192
1.00186
1.0018
1.00173
1.00167
1.00158
1.00146
1.00136
1.00125
1.00114
1.00101
1.00087
1.00071
1.00054
1.00035
1.00015
0.999919
0.999694
0.999463
0.999219
0.998997
0.998772
0.998529
0.998292
0.998082
0.997858
0.997671
0.997499
0.99734
0.997237
0.997185
0.997031
0.997061
0.996312
1.00175
1.00249
1.00247
1.00242
1.00239
1.00234
1.0023
1.00224
1.00218
1.00212
1.00204
1.00197
1.00189
1.00177
1.00164
1.00147
1.0013
1.00112
1.00094
1.00074
1.00053
1.00032
1.0001
0.999863
0.999618
0.999371
0.999086
0.998803
0.998536
0.998279
0.998019
0.997791
0.997562
0.997366
0.997184
0.996998
0.996816
0.996807
0.996672
0.995927
1.00201
1.00277
1.00275
1.00273
1.00269
1.00265
1.00261
1.00255
1.00248
1.00243
1.00234
1.00222
1.00208
1.00197
1.00183
1.0017
1.00154
1.00137
1.00117
1.00095
1.0007
1.00044
1.00015
0.999853
0.999541
0.99922
0.998939
0.998639
0.998327
0.998023
0.997728
0.997476
0.997236
0.996982
0.996784
0.996635
0.996528
0.996361
0.996362
0.995476
1.00221
1.00303
1.003
1.00294
1.00289
1.00283
1.00277
1.0027
1.00263
1.00253
1.00242
1.00233
1.00223
1.00208
1.00193
1.00171
1.00151
1.00128
1.00104
1.0008
1.00055
1.00027
0.999993
0.999707
0.99941
0.999098
0.998735
0.998398
0.998067
0.997731
0.997413
0.997057
0.996772
0.996532
0.996279
0.996072
0.995855
0.995827
0.995665
0.994881
1.0024
1.00324
1.00322
1.00318
1.00315
1.00311
1.00305
1.00298
1.00291
1.00283
1.00273
1.00259
1.00243
1.00228
1.00209
1.00197
1.00178
1.00156
1.00132
1.00103
1.0007
1.00037
1.00002
0.999625
0.999227
0.99883
0.998467
0.998068
0.997677
0.997307
0.996932
0.996621
0.99628
0.995988
0.995765
0.99554
0.995446
0.995197
0.99522
0.994229
1.00279
1.00368
1.00365
1.00361
1.00355
1.00348
1.00342
1.00335
1.00326
1.00315
1.00301
1.00289
1.00278
1.00263
1.00247
1.0022
1.00195
1.00168
1.00139
1.00113
1.00085
1.00052
1.00017
0.999812
0.999432
0.999029
0.99858
0.998163
0.997738
0.997297
0.996894
0.996462
0.996101
0.995729
0.995378
0.995112
0.994821
0.994774
0.994556
0.99368
1.00306
1.00398
1.00395
1.00391
1.00388
1.00383
1.00377
1.0037
1.00362
1.00353
1.00345
1.00331
1.00314
1.00294
1.00273
1.00258
1.00237
1.0021
1.00181
1.00146
1.00103
1.00062
1.0002
0.999741
0.99927
0.998777
0.998309
0.997796
0.997298
0.996835
0.996361
0.995948
0.995517
0.995198
0.994902
0.994627
0.994438
0.994163
0.994136
0.992991
1.00346
1.00442
1.00439
1.00434
1.00428
1.00422
1.00415
1.00408
1.00397
1.00385
1.00368
1.00353
1.00338
1.00324
1.00304
1.00273
1.00245
1.00215
1.0018
1.00149
1.00119
1.0008
1.00035
0.999871
0.999372
0.998888
0.998345
0.997832
0.997308
0.99675
0.99624
0.995712
0.99525
0.994735
0.994315
0.993952
0.993663
0.993548
0.99334
0.992437
1.00369
1.00467
1.00464
1.00461
1.00457
1.00451
1.00444
1.00436
1.00427
1.00417
1.00408
1.00394
1.00377
1.00353
1.0033
1.00311
1.00286
1.00254
1.00219
1.00175
1.00124
1.00075
1.00026
0.999739
0.999193
0.998562
0.997968
0.997334
0.996695
0.996122
0.995516
0.994993
0.994455
0.994045
0.993636
0.993308
0.992995
0.992731
0.992591
0.991367
1.00417
1.00518
1.00515
1.00509
1.00503
1.00498
1.00491
1.00483
1.00472
1.00459
1.00442
1.00426
1.00406
1.00388
1.00366
1.00336
1.00302
1.0027
1.0023
1.00194
1.00157
1.00109
1.00054
0.999954
0.999312
0.998722
0.998061
0.997406
0.996779
0.996066
0.995446
0.994741
0.994187
0.993578
0.993057
0.992582
0.992252
0.991975
0.991826
0.990809
1.00448
1.0055
1.00548
1.00547
1.00543
1.00535
1.00529
1.0052
1.00509
1.00497
1.00487
1.00471
1.00453
1.00431
1.00407
1.00379
1.00352
1.00317
1.00278
1.00229
1.00169
1.00112
1.00052
0.999863
0.999236
0.998487
0.997743
0.996987
0.996154
0.995476
0.994698
0.994108
0.993364
0.992801
0.992297
0.991853
0.991449
0.991175
0.990888
0.989679
1.005
1.00603
1.00599
1.00593
1.00587
1.00583
1.00576
1.00567
1.00556
1.00543
1.00528
1.00509
1.00488
1.00466
1.00438
1.0041
1.00373
1.00336
1.00291
1.00244
1.00202
1.00145
1.00081
1.00015
0.999349
0.998595
0.99779
0.996947
0.996227
0.995305
0.994534
0.993626
0.992981
0.992256
0.991572
0.991031
0.990575
0.990244
0.990078
0.988983
1.00531
1.00636
1.00636
1.00633
1.0063
1.00622
1.00617
1.00607
1.00597
1.00584
1.00569
1.00553
1.00532
1.00511
1.00489
1.0046
1.00427
1.0039
1.00347
1.00298
1.00227
1.0016
1.00089
1.00008
0.999303
0.998423
0.997573
0.996693
0.995608
0.994778
0.99384
0.993089
0.992159
0.991417
0.990786
0.990157
0.989686
0.989243
0.98893
0.987639
1.00589
1.00693
1.00686
1.00682
1.00676
1.00673
1.00664
1.00655
1.00644
1.00632
1.00618
1.00597
1.00579
1.00556
1.00524
1.00491
1.00456
1.00415
1.00366
1.00308
1.00261
1.00192
1.00116
1.00038
0.999484
0.998565
0.997486
0.996419
0.995545
0.994429
0.993422
0.992335
0.991499
0.990631
0.989815
0.989194
0.988583
0.988202
0.987928
0.986839
1.0062
1.00724
1.00726
1.00723
1.00719
1.00714
1.0071
1.00701
1.0069
1.00677
1.00658
1.00644
1.0062
1.00595
1.00577
1.0055
1.00516
1.00476
1.00431
1.00374
1.00296
1.00224
1.00142
1.00049
0.999494
0.998436
0.997478
0.996448
0.995197
0.994119
0.993003
0.992011
0.990923
0.98995
0.989096
0.98823
0.987634
0.98707
0.986717
0.985279
1.00682
1.00786
1.00779
1.00776
1.00771
1.00767
1.00758
1.00751
1.00741
1.00728
1.00714
1.00691
1.00675
1.00654
1.00621
1.0059
1.00553
1.00514
1.0046
1.00403
1.00343
1.00259
1.00169
1.00073
0.999708
0.998617
0.997341
0.99599
0.994757
0.993442
0.992184
0.9909
0.989779
0.988738
0.987784
0.987084
0.986318
0.985731
0.985308
0.984358
1.00714
1.00819
1.00821
1.00815
1.00812
1.00809
1.00808
1.008
1.00791
1.00778
1.00758
1.00743
1.00719
1.00695
1.00677
1.00653
1.00621
1.00581
1.00535
1.00469
1.00389
1.00309
1.00213
1.00107
0.999917
0.998671
0.997405
0.996233
0.994889
0.993503
0.99208
0.990769
0.989501
0.988286
0.987168
0.985991
0.985272
0.984644
0.98418
0.982492
1.00778
1.00882
1.00873
1.00872
1.00865
1.00863
1.00858
1.00857
1.00844
1.00832
1.00816
1.00793
1.00774
1.00754
1.00731
1.00703
1.00671
1.00636
1.00581
1.00523
1.00446
1.00351
1.00249
1.00137
1.00013
0.998808
0.997417
0.995722
0.994125
0.992534
0.99096
0.989391
0.987985
0.986691
0.985515
0.984685
0.98346
0.983004
0.982169
0.981406
1.00812
1.00916
1.00918
1.00912
1.00908
1.00901
1.0091
1.00906
1.00901
1.00887
1.00869
1.0085
1.00826
1.00808
1.00791
1.00774
1.00745
1.0071
1.00671
1.006
1.00515
1.00419
1.00312
1.00194
1.0006
0.999141
0.997575
0.996134
0.994479
0.992766
0.990973
0.989289
0.987654
0.986263
0.984683
0.983539
0.982338
0.981931
0.980933
0.97924
1.00879
1.00982
1.00968
1.00971
1.00967
1.00958
1.00974
1.00976
1.00957
1.00938
1.00929
1.00911
1.00888
1.00866
1.0086
1.00847
1.00818
1.0078
1.00751
1.00678
1.00584
1.00485
1.00375
1.0025
1.00109
0.999489
0.997768
0.995869
0.993993
0.992019
0.990132
0.987909
0.985961
0.984776
0.982533
0.982154
0.979832
0.980129
0.978476
0.977973
1.00913
1.01016
1.0101
1.01009
1.01009
1.0099
1.01023
1.01028
1.01021
1.00996
1.00988
1.00975
1.00941
1.00946
1.00928
1.00933
1.00899
1.00858
1.00868
1.00768
1.0067
1.0057
1.00461
1.00329
1.00176
1.00002
0.99813
0.996298
0.994284
0.992079
0.989763
0.987784
0.985508
0.984029
0.981618
0.980625
0.978577
0.978834
0.976839
0.975421
1.01005
1.01104
1.01062
1.01073
1.01086
1.01058
1.01103
1.01122
1.01102
1.01057
1.01073
1.01057
1.01028
1.01034
1.01037
1.01048
1.01027
1.00957
1.00996
1.00888
1.00795
1.00696
1.00584
1.00457
1.00298
1.00112
0.998956
0.996799
0.994518
0.991933
0.989786
0.986734
0.983639
0.98236
0.979129
0.978821
0.975796
0.976504
0.97434
0.973972
1.00945
1.01097
1.01104
1.01118
1.0112
1.01097
1.01158
1.0117
1.01153
1.01135
1.01147
1.01139
1.01112
1.01147
1.01152
1.01165
1.01133
1.01087
1.01125
1.00987
1.00924
1.00836
1.00728
1.00601
1.00442
1.00245
0.999996
0.99784
0.99527
0.992571
0.989285
0.986934
0.983403
0.980641
0.978429
0.976055
0.974821
0.974051
0.972905
0.96994
1.01362
1.01374
1.01301
1.01347
1.01389
1.01418
1.01451
1.0149
1.01521
1.01571
1.01589
1.01632
1.01647
1.0171
1.01735
1.01809
1.01815
1.01888
1.01894
1.01947
1.01946
1.01959
1.01956
1.01889
1.01871
1.01632
1.01484
1.01094
1.00586
0.993673
0.979117
0.93331
0.81594
0.716388
0.636021
0.636902
0.841846
1.25952
1.49787
1.44615
1.01358
1.01313
1.01252
1.01326
1.01361
1.01388
1.01431
1.01455
1.01495
1.01521
1.01551
1.01568
1.01598
1.01636
1.0167
1.01721
1.0173
1.01782
1.01786
1.0182
1.0183
1.01834
1.01814
1.01762
1.017
1.01495
1.01315
1.00979
1.00453
0.99393
0.98662
0.942107
0.825538
0.744881
0.698724
0.719019
0.893738
1.22923
1.4095
1.34306
1.01471
1.01238
1.01241
1.01306
1.01332
1.01364
1.01391
1.01417
1.01451
1.01477
1.01505
1.01516
1.01549
1.01568
1.01607
1.01642
1.0166
1.01697
1.01696
1.01713
1.01714
1.01692
1.01692
1.01613
1.01555
1.01391
1.012
1.00919
1.00493
0.997442
0.995395
0.958236
0.842035
0.772297
0.749219
0.782056
0.92065
1.18659
1.30176
1.26246
1.01579
1.0122
1.01252
1.01269
1.01296
1.01325
1.01345
1.01378
1.01406
1.01436
1.01454
1.01472
1.01496
1.01506
1.01541
1.01562
1.01585
1.01616
1.01611
1.0162
1.01615
1.01571
1.01586
1.01466
1.01429
1.01305
1.01113
1.00911
1.00623
1.00275
1.00473
0.977143
0.863031
0.795149
0.786117
0.826961
0.936015
1.12518
1.21176
1.19544
1.01589
1.01219
1.01251
1.01233
1.01264
1.01291
1.01312
1.01348
1.01367
1.01398
1.01411
1.01432
1.01448
1.01458
1.01487
1.01494
1.01511
1.01526
1.01523
1.01527
1.01525
1.01466
1.01474
1.01337
1.01316
1.01223
1.01046
1.00947
1.00798
1.00833
1.01392
0.994965
0.886112
0.813364
0.811561
0.855616
0.941845
1.0783
1.14785
1.14406
1.01562
1.01211
1.01237
1.01203
1.01239
1.01264
1.01281
1.01316
1.01327
1.0136
1.01367
1.01391
1.01402
1.01419
1.01444
1.01444
1.01456
1.01457
1.01456
1.01447
1.0144
1.0137
1.01367
1.01253
1.01229
1.01141
1.01005
1.01002
1.0097
1.0133
1.02172
1.00986
0.908862
0.829167
0.829286
0.87315
0.944259
1.04314
1.1018
1.10501
1.0153
1.01193
1.01214
1.01181
1.0122
1.01238
1.01248
1.01284
1.01287
1.01317
1.01316
1.01344
1.01351
1.01371
1.01387
1.01388
1.01401
1.01389
1.01386
1.01363
1.01351
1.01278
1.01272
1.01185
1.01136
1.01036
1.00966
1.01043
1.01098
1.01708
1.02715
1.02024
0.929852
0.845451
0.843182
0.884271
0.944878
1.01831
1.06746
1.07348
1.01504
1.01162
1.01187
1.01166
1.012
1.01211
1.01223
1.01256
1.01252
1.01278
1.01276
1.01304
1.01305
1.01321
1.01328
1.01327
1.01339
1.01318
1.01317
1.01284
1.01268
1.01199
1.01179
1.011
1.01038
1.00938
1.00926
1.01045
1.01154
1.01902
1.0298
1.02507
0.94787
0.863999
0.856797
0.892518
0.944546
1.0013
1.04166
1.04756
1.01469
1.0113
1.01161
1.01146
1.01174
1.01181
1.01193
1.01219
1.01213
1.01237
1.01235
1.01262
1.01259
1.01271
1.01275
1.01273
1.0128
1.01248
1.01245
1.01205
1.01182
1.01115
1.01079
1.01006
1.00952
1.00871
1.00878
1.01004
1.01145
1.0191
1.02929
1.02506
0.962026
0.883968
0.871973
0.900308
0.944248
0.989583
1.02226
1.02692
1.01457
1.01104
1.01133
1.01116
1.01144
1.01149
1.0116
1.01176
1.01173
1.01197
1.01196
1.0122
1.01218
1.0123
1.01234
1.01224
1.01225
1.01191
1.0118
1.01137
1.01107
1.01045
1.01009
1.00937
1.00886
1.0082
1.00809
1.00926
1.01071
1.0175
1.02618
1.02215
0.972467
0.90345
0.888653
0.908909
0.944611
0.981588
1.00786
1.01111
1.01451
1.01088
1.01112
1.01083
1.0111
1.01113
1.01125
1.01139
1.01139
1.01159
1.01158
1.01176
1.01174
1.01185
1.01184
1.01166
1.01164
1.01133
1.01115
1.01075
1.01044
1.00991
1.00956
1.00875
1.00818
1.00756
1.00711
1.00799
1.00958
1.0148
1.02162
1.01796
0.979448
0.921143
0.905412
0.918371
0.945895
0.976119
0.997461
0.99957
1.01436
1.01076
1.01098
1.0105
1.01075
1.01075
1.01089
1.01103
1.01103
1.01119
1.01116
1.0113
1.01128
1.01131
1.01125
1.011
1.01099
1.01074
1.01049
1.01016
1.00987
1.00939
1.009
1.00811
1.0075
1.00683
1.00602
1.00675
1.00842
1.01201
1.01656
1.01331
0.98358
0.936249
0.921105
0.928235
0.948364
0.972611
0.989985
0.991439
1.01404
1.01055
1.01083
1.01015
1.01047
1.01039
1.01056
1.01067
1.01065
1.01078
1.01074
1.01083
1.01081
1.01079
1.01072
1.01045
1.01045
1.01025
1.00995
1.00963
1.0093
1.00876
1.0083
1.00741
1.00675
1.00599
1.00502
1.00575
1.00725
1.00904
1.01152
1.00837
0.985588
0.948517
0.934869
0.938154
0.951932
0.970891
0.984817
0.98572
1.01355
1.01024
1.01056
1.00985
1.01025
1.01006
1.01025
1.0103
1.01028
1.01037
1.0103
1.01036
1.01036
1.01033
1.0103
1.01005
1.01004
1.00984
1.00949
1.00916
1.00869
1.00801
1.00747
1.00661
1.00597
1.00528
1.00436
1.00494
1.00593
1.00602
1.00691
1.00344
0.986376
0.958413
0.946266
0.947562
0.956058
0.970292
0.981468
0.981954
1.01326
1.00992
1.01024
1.00955
1.01002
1.00975
1.01
1.00999
1.00997
1.01005
1.00996
1.01001
1.01004
1.01
1.00998
1.00975
1.00968
1.00941
1.00895
1.00857
1.00799
1.00719
1.00659
1.00588
1.00533
1.00491
1.00414
1.0042
1.0044
1.00323
1.00301
0.999175
0.986527
0.96598
0.955235
0.955677
0.960327
0.970217
0.978986
0.979427
1.01306
1.00962
1.00993
1.00921
1.00972
1.00941
1.00972
1.00964
1.00962
1.0097
1.00963
1.00968
1.00971
1.00962
1.00958
1.00933
1.00915
1.00877
1.00818
1.00775
1.00723
1.00648
1.00597
1.00544
1.00492
1.00457
1.00392
1.00332
1.00273
1.00084
0.99984
0.99595
0.986147
0.9713
0.962083
0.962326
0.96469
0.970833
0.976999
0.977422
1.01284
1.00935
1.00962
1.00884
1.00938
1.00905
1.00939
1.0093
1.0093
1.00936
1.0093
1.00937
1.00938
1.00926
1.00917
1.00887
1.00857
1.00815
1.00754
1.00713
1.00668
1.00609
1.00576
1.00528
1.00457
1.00411
1.00352
1.00243
1.00125
0.999028
0.997354
0.993698
0.985704
0.975003
0.967188
0.967852
0.969088
0.972409
0.975814
0.975973
1.01254
1.00907
1.00932
1.00849
1.00907
1.00871
1.00906
1.00896
1.00901
1.00905
1.00901
1.00906
1.00901
1.00884
1.0087
1.00839
1.00801
1.00761
1.00711
1.00677
1.00635
1.00587
1.00563
1.0051
1.00423
1.00365
1.00308
1.00172
1.00012
0.997797
0.9956
0.992338
0.985554
0.977914
0.971064
0.972455
0.973183
0.97459
0.975444
0.975327
1.01216
1.00878
1.00907
1.0082
1.0088
1.00841
1.00875
1.00864
1.00874
1.00875
1.00869
1.00866
1.00854
1.00835
1.00818
1.00788
1.0075
1.00714
1.0068
1.00653
1.00611
1.00566
1.0054
1.00486
1.00397
1.00329
1.00266
1.00109
0.999197
0.996979
0.994354
0.991575
0.985559
0.980289
0.973916
0.976059
0.976576
0.976782
0.975632
0.975512
1.01169
1.00845
1.00883
1.00794
1.00855
1.00807
1.00845
1.00829
1.00841
1.00838
1.00828
1.00821
1.00804
1.00786
1.00769
1.00743
1.0071
1.00681
1.00654
1.00633
1.00594
1.00545
1.00513
1.00458
1.00367
1.00284
1.00204
1.00038
0.998346
0.996361
0.99343
0.991117
0.985635
0.982283
0.976127
0.978749
0.97908
0.978857
0.976175
0.976104
1.01126
1.00811
1.00856
1.00763
1.00826
1.00776
1.00821
1.00799
1.00812
1.00802
1.0079
1.00783
1.00767
1.00756
1.00744
1.00724
1.00696
1.0067
1.00642
1.0062
1.00579
1.00519
1.0048
1.00418
1.00318
1.00214
1.00115
0.999579
0.997481
0.995783
0.99263
0.990881
0.985633
0.983783
0.977766
0.980785
0.980749
0.981078
0.97707
0.976556
1.01102
1.00781
1.00821
1.00722
1.0079
1.00742
1.00795
1.00768
1.00783
1.0077
1.00762
1.00757
1.00748
1.00742
1.00732
1.00713
1.0069
1.00658
1.00625
1.00598
1.00551
1.00485
1.0044
1.00372
1.00265
1.00148
1.00041
0.999012
0.996897
0.995454
0.992198
0.990966
0.985831
0.985159
0.97911
0.982444
0.981792
0.98366
0.978632
0.976811
1.01094
1.00752
1.00781
1.00672
1.00752
1.00708
1.00765
1.00738
1.00756
1.00742
1.0074
1.00738
1.00732
1.00728
1.00717
1.00696
1.00671
1.00634
1.00596
1.00564
1.00516
1.00449
1.00399
1.00329
1.00223
1.00103
0.999901
0.998681
0.996521
0.995343
0.991978
0.991282
0.986081
0.986341
0.979942
0.983823
0.982456
0.986403
0.980454
0.977048
1.01086
1.0072
1.00731
1.00623
1.00717
1.00674
1.00727
1.00703
1.00725
1.00708
1.00716
1.00714
1.00708
1.00699
1.00683
1.00663
1.00638
1.00596
1.0056
1.00528
1.00479
1.00414
1.00362
1.00292
1.00188
1.00073
0.999554
0.998461
0.996286
0.995363
0.991928
0.991661
0.986436
0.987502
0.980454
0.985006
0.982911
0.988726
0.982536
0.977614
1.01052
1.0067
1.00684
1.00589
1.0069
1.00651
1.00702
1.00678
1.00706
1.00692
1.007
1.00699
1.00691
1.00679
1.00662
1.00641
1.00619
1.00575
1.00538
1.00502
1.00451
1.00389
1.00332
1.00257
1.00153
1.00045
0.999192
0.998204
0.99601
0.995345
0.991839
0.991996
0.986718
0.988417
0.980663
0.985999
0.983134
0.990009
0.983959
0.979271
1.0096
1.0061
1.00649
1.00571
1.00672
1.00631
1.00687
1.00661
1.00693
1.00681
1.00693
1.00687
1.00677
1.00662
1.00644
1.00622
1.006
1.00554
1.00514
1.00472
1.00418
1.00358
1.00295
1.00218
1.00115
1.00015
0.99885
0.997955
0.995794
0.995341
0.991876
0.992318
0.98711
0.989277
0.980992
0.986795
0.983081
0.99019
0.983387
0.984803
1.00845
1.00556
1.00632
1.00567
1.00662
1.0062
1.00681
1.00653
1.00688
1.00677
1.0069
1.00681
1.00666
1.00649
1.0063
1.00605
1.0058
1.00534
1.00489
1.00441
1.00387
1.00329
1.00264
1.00187
1.00087
0.999937
0.998613
0.997817
0.995677
0.995406
0.992007
0.992666
0.987531
0.989933
0.98154
0.987365
0.982484
0.989749
0.981287
0.991849
1.0069
1.00513
1.00629
1.0057
1.00653
1.00608
1.00672
1.00643
1.00677
1.00663
1.00676
1.00662
1.00644
1.00623
1.00601
1.00574
1.00545
1.00502
1.00456
1.00405
1.00355
1.00301
1.00235
1.00163
1.00069
0.999815
0.998506
0.997794
0.995752
0.995582
0.992367
0.993048
0.988174
0.990605
0.982597
0.987989
0.981119
0.988968
0.979051
0.998382
1.00499
1.00495
1.00634
1.00577
1.00648
1.00602
1.00667
1.00639
1.00673
1.00652
1.00663
1.00645
1.00626
1.00601
1.00579
1.00549
1.00518
1.00478
1.00432
1.00381
1.00331
1.00279
1.00212
1.00146
1.00056
0.999705
0.998397
0.997797
0.995838
0.995753
0.992745
0.993435
0.988875
0.991136
0.983997
0.988972
0.981016
0.989061
0.97797
1.00069
1.00265
1.00502
1.00641
1.00586
1.00646
1.00595
1.00654
1.00629
1.00665
1.00637
1.00642
1.00623
1.00606
1.00578
1.00555
1.00522
1.0049
1.00452
1.00407
1.00359
1.00309
1.00256
1.0019
1.0013
1.00046
0.99959
0.998345
0.997826
0.996041
0.995951
0.993282
0.993829
0.989813
0.991718
0.985731
0.990333
0.982618
0.991488
0.982322
0.992885
1.00007
1.00537
1.00662
1.00605
1.00647
1.00596
1.00637
1.0062
1.00664
1.00631
1.00627
1.00608
1.00594
1.00566
1.0054
1.00505
1.00473
1.00437
1.00389
1.00345
1.00294
1.00236
1.0017
1.00114
1.00032
0.999462
0.998247
0.997832
0.99617
0.996093
0.993754
0.9942
0.990759
0.992157
0.987474
0.991701
0.985874
0.994824
0.991889
0.976189
0.997533
1.00615
1.00703
1.0062
1.0063
1.00585
1.00606
1.00599
1.0065
1.00616
1.006
1.00583
1.00572
1.00544
1.00513
1.00479
1.00448
1.00413
1.00362
1.00326
1.00275
1.00213
1.00146
1.00096
1.00019
0.999323
0.998212
0.997829
0.99638
0.996232
0.994323
0.994536
0.991831
0.992575
0.989204
0.992701
0.989446
0.996941
1.00413
0.959216
0.995567
1.00721
1.00721
1.00632
1.00608
1.00573
1.00578
1.00585
1.00638
1.00605
1.00582
1.00565
1.00556
1.00528
1.00494
1.00459
1.00435
1.00398
1.00344
1.00312
1.00262
1.00196
1.00128
1.0008
1.00005
0.999217
0.998148
0.997823
0.996503
0.996325
0.994777
0.994792
0.992811
0.992798
0.990886
0.993122
0.992995
0.997185
1.01268
0.94614
0.994519
1.00805
1.00704
1.00631
1.00573
1.00553
1.00546
1.00563
1.00613
1.00581
1.00553
1.00539
1.00529
1.00502
1.00468
1.00433
1.00412
1.00377
1.00319
1.00292
1.00243
1.00174
1.00107
1.0006
0.999903
0.999084
0.998143
0.997778
0.996692
0.996386
0.995285
0.994976
0.993809
0.992978
0.992528
0.993158
0.99648
0.996294
1.01639
0.941405
0.994162
1.00866
1.00671
1.0063
1.00544
1.00541
1.00524
1.00551
1.00594
1.00566
1.00535
1.00521
1.00511
1.00485
1.0045
1.00416
1.004
1.00363
1.00301
1.00278
1.0023
1.00158
1.00089
1.00044
0.99975
0.999
0.998092
0.99775
0.996776
0.996417
0.995638
0.995066
0.994638
0.992997
0.994208
0.992955
0.999196
0.993266
1.01667
0.941473
0.994711
1.00887
1.0062
1.00618
1.00508
1.00524
1.00498
1.00531
1.00561
1.00539
1.00508
1.00496
1.00482
1.00458
1.00424
1.00392
1.00377
1.0034
1.00276
1.00256
1.00209
1.00139
1.00073
1.00026
0.999637
0.998903
0.99814
0.997695
0.996973
0.99642
0.996065
0.995105
0.995446
0.993056
0.995678
0.992599
1.00048
0.989984
1.01498
0.947456
0.99536
1.00885
1.00569
1.00611
1.00482
1.00517
1.00482
1.00521
1.0054
1.00523
1.00492
1.0048
1.00465
1.00441
1.00409
1.00377
1.00364
1.00327
1.00261
1.0024
1.00195
1.00126
1.00061
1.00015
0.999519
0.998859
0.998115
0.997678
0.997037
0.996422
0.996301
0.995096
0.996001
0.992975
0.996742
0.991854
1.00079
0.986593
1.01379
0.95345
0.996883
1.00848
1.00503
1.00588
1.00449
1.00504
1.00458
1.00502
1.00503
1.00494
1.00466
1.00454
1.00438
1.00414
1.00384
1.00353
1.00339
1.00304
1.0024
1.00217
1.00174
1.0011
1.00049
1.00001
0.999449
0.998787
0.9982
0.997624
0.997246
0.996383
0.996649
0.995049
0.996504
0.99296
0.997301
0.991296
1.00074
0.984523
1.01016
0.962987
0.997751
1.0081
1.00461
1.00581
1.00434
1.00501
1.00447
1.00493
1.00487
1.00482
1.00453
1.00442
1.00424
1.004
1.00372
1.00342
1.00327
1.00291
1.0023
1.00206
1.00161
1.00101
1.00042
0.999958
0.999379
0.998784
0.998202
0.997632
0.997305
0.996391
0.996792
0.995018
0.996783
0.99284
0.997625
0.990404
1.00059
0.983451
1.00883
0.967813
0.999605
1.00693
1.00404
1.00547
1.00406
1.00485
1.0042
1.0047
1.00446
1.00451
1.00421
1.00413
1.00392
1.00369
1.00344
1.00314
1.00296
1.00263
1.00208
1.00181
1.00138
1.00084
1.0003
0.99983
0.999356
0.998707
0.998354
0.997561
0.997587
0.996316
0.997162
0.994893
0.997159
0.992776
0.997769
0.989914
0.999824
0.984514
1.00432
0.977032
)
;

boundaryField
{
    FrontBack
    {
        type            empty;
    }
    Cylinder
    {
        type            calculated;
        value           uniform 0;
    }
    Bottom
    {
        type            calculated;
        value           uniform 0;
    }
    Top
    {
        type            calculated;
        value           uniform 0;
    }
    Inlet
    {
        type            calculated;
        value           uniform 1;
    }
    Outlet
    {
        type            calculated;
        value           nonuniform List<scalar> 
40
(
0.999605
1.00693
1.00404
1.00547
1.00406
1.00485
1.0042
1.0047
1.00446
1.00451
1.00421
1.00413
1.00392
1.00369
1.00344
1.00314
1.00296
1.00263
1.00208
1.00181
1.00138
1.00084
1.0003
0.99983
0.999356
0.998707
0.998354
0.997561
0.997587
0.996316
0.997162
0.994893
0.997159
0.992776
0.997769
0.989914
0.999824
0.984514
1.00432
0.977032
)
;
    }
}


// ************************************************************************* //
