/*--------------------------------*- C++ -*----------------------------------*\
  =========                 |
  \\      /  F ield         | OpenFOAM: The Open Source CFD Toolbox
   \\    /   O peration     | Website:  https://openfoam.org
    \\  /    A nd           | Version:  11
     \\/     M anipulation  |
\*---------------------------------------------------------------------------*/
FoamFile
{
    format      ascii;
    class       volScalarField;
    location    "8";
    object      Ccx;
}
// * * * * * * * * * * * * * * * * * * * * * * * * * * * * * * * * * * * * * //

dimensions      [0 1 0 0 0 0 0];

internalField   nonuniform List<scalar> 
9600
(
-3.07527
-2.82821
-2.58113
-2.33404
-2.08696
-1.83987
-1.59276
-1.34566
-1.09855
-0.851435
-0.604315
-0.357191
-0.110063
0.137063
0.3842
0.631331
0.878474
1.12561
1.37275
1.61989
1.86703
2.11417
2.36131
2.60844
2.85559
3.10272
3.34985
3.59698
3.84411
4.09123
4.33835
4.58546
4.83258
5.07968
5.32678
5.57388
5.82096
6.06805
6.31512
6.56219
-2.96206
-2.72088
-2.47969
-2.23847
-1.99723
-1.75598
-1.51471
-1.27343
-1.03213
-0.790817
-0.549497
-0.308163
-0.0668183
0.174535
0.415892
0.657263
0.898627
1.14001
1.38139
1.62277
1.86415
2.10553
2.34691
2.58829
2.82965
3.07103
3.31238
3.55373
3.79508
4.03641
4.27773
4.51905
4.76035
5.00163
5.2429
5.48415
5.72539
5.96661
6.2078
6.44898
-2.84886
-2.61357
-2.37824
-2.14289
-1.90751
-1.6721
-1.43666
-1.2012
-0.965711
-0.730207
-0.49468
-0.259134
-0.0235771
0.212003
0.447591
0.683185
0.918796
1.15441
1.39003
1.62565
1.86127
2.09689
2.33251
2.56812
2.80373
3.03932
3.27491
3.51049
3.74605
3.98159
4.21712
4.45263
4.68811
4.92357
5.15901
5.39442
5.62981
5.86515
6.10048
6.33577
-2.73565
-2.50624
-2.2768
-2.04731
-1.81778
-1.58821
-1.35861
-1.12896
-0.899298
-0.669593
-0.439858
-0.21011
0.0196721
0.249471
0.479282
0.709112
0.938953
1.16881
1.39866
1.62853
1.85839
2.08826
2.31811
2.54796
2.7778
3.00763
3.23745
3.46725
3.69703
3.92677
4.15651
4.38621
4.61588
4.84552
5.07513
5.3047
5.53423
5.76372
5.99316
6.22256
-2.62244
-2.39893
-2.17536
-1.95173
-1.72806
-1.50433
-1.28056
-1.05674
-0.832875
-0.608979
-0.385045
-0.161079
0.062917
0.286934
0.510981
0.735038
0.959119
1.1832
1.4073
1.6314
1.85551
2.07961
2.30371
2.52779
2.75188
2.97593
3.19998
3.424
3.64799
3.87196
4.09589
4.31979
4.54365
4.76747
4.99125
5.21497
5.43865
5.66227
5.88584
6.10935
-2.50923
-2.29161
-2.07391
-1.85616
-1.63834
-1.42044
-1.20251
-0.98451
-0.766461
-0.548362
-0.330228
-0.112051
0.106162
0.324405
0.542668
0.760973
0.979272
1.1976
1.41594
1.63428
1.85263
2.07097
2.28931
2.50764
2.72594
2.94425
3.16251
3.38075
3.59897
3.81715
4.03528
4.25338
4.47143
4.68942
4.90736
5.12525
5.34307
5.56083
5.77853
5.99614
-2.39602
-2.18429
-1.97247
-1.76058
-1.5486
-1.33656
-1.12445
-0.912277
-0.70004
-0.487752
-0.27541
-0.0630192
0.149403
0.361869
0.57437
0.786891
0.999441
1.212
1.42458
1.63716
1.84975
2.06233
2.27491
2.48747
2.70003
2.91255
3.12505
3.33751
3.54994
3.76233
3.97467
4.18696
4.39919
4.61137
4.82348
5.03552
5.2475
5.45939
5.6712
5.88293
-2.28281
-2.07697
-1.87103
-1.665
-1.45888
-1.25268
-1.0464
-0.840046
-0.633623
-0.427139
-0.220594
-0.0139951
0.192651
0.399336
0.606065
0.812818
1.0196
1.2264
1.43322
1.64004
1.84687
2.05369
2.26051
2.46732
2.6741
2.88085
3.08758
3.29427
3.50091
3.70751
3.91405
4.12054
4.32696
4.53332
4.7396
4.9458
5.15192
5.35795
5.56388
5.76973
-2.1696
-1.96965
-1.76959
-1.56942
-1.36916
-1.1688
-0.968349
-0.767817
-0.567209
-0.366523
-0.165777
0.0350321
0.235892
0.43681
0.637756
0.838748
1.03976
1.2408
1.44186
1.64292
1.84399
2.04505
2.24611
2.44715
2.64817
2.84916
3.0501
3.25102
3.45188
3.6527
3.85344
4.05413
4.25473
4.45527
4.65571
4.85607
5.05634
5.25651
5.45657
5.65652
-2.05639
-1.86233
-1.66815
-1.47385
-1.27943
-1.08492
-0.890295
-0.69559
-0.500789
-0.305913
-0.110957
0.0840562
0.27914
0.47427
0.669454
0.86467
1.05993
1.2552
1.4505
1.6458
1.84111
2.03642
2.23172
2.42699
2.62225
2.81746
3.01264
3.20777
3.40286
3.59787
3.79283
3.98771
4.18251
4.37721
4.57183
4.76634
4.96076
5.15507
5.34925
5.54331
-1.94319
-1.75501
-1.5667
-1.37827
-1.18971
-1.00103
-0.812248
-0.623358
-0.434372
-0.245301
-0.0561442
0.133086
0.322384
0.51174
0.701145
0.890597
1.08009
1.2696
1.45913
1.64869
1.83823
2.02779
2.21732
2.40683
2.59632
2.78577
2.97518
3.16453
3.35383
3.54306
3.73222
3.92129
4.11027
4.29916
4.48795
4.67663
4.86518
5.05362
5.24193
5.4301
-1.82998
-1.6477
-1.46527
-1.2827
-1.09998
-0.917152
-0.734198
-0.551127
-0.367959
-0.184685
-0.00133097
0.182113
0.365628
0.549204
0.732842
0.916522
1.10025
1.284
1.46777
1.65156
1.83536
2.01915
2.20292
2.38667
2.57039
2.75407
2.93771
3.12129
3.3048
3.48825
3.6716
3.85487
4.03804
4.22111
4.40407
4.5869
4.76961
4.95218
5.13461
5.31689
-1.71678
-1.54038
-1.36382
-1.18712
-1.01027
-0.833269
-0.656145
-0.478903
-0.301542
-0.124073
0.0534878
0.23114
0.408872
0.586673
0.764533
0.942452
1.1204
1.2984
1.47641
1.65444
1.83248
2.01051
2.18852
2.36651
2.54446
2.72238
2.90024
3.07804
3.25578
3.43343
3.61099
3.78846
3.96582
4.14306
4.32018
4.49718
4.67403
4.85074
5.02729
5.20369
-1.60357
-1.43307
-1.26238
-1.09154
-0.920541
-0.74939
-0.578097
-0.406673
-0.235124
-0.0634639
0.108303
0.280166
0.452115
0.624137
0.79623
0.968374
1.14057
1.31279
1.48506
1.65732
1.8296
2.00186
2.17413
2.34635
2.51854
2.69068
2.86278
3.0348
3.20675
3.37861
3.55038
3.72204
3.89359
4.06501
4.23631
4.40745
4.57846
4.7493
4.91998
5.09048
-1.49036
-1.32574
-1.16094
-0.995967
-0.830817
-0.665507
-0.500048
-0.334444
-0.168709
-0.00285237
0.163119
0.329192
0.495356
0.661606
0.827924
0.9943
1.16073
1.3272
1.49369
1.6602
1.82672
1.99323
2.15972
2.32619
2.49262
2.65899
2.82531
2.99156
3.15772
3.3238
3.48977
3.65563
3.82136
3.98697
4.15242
4.31773
4.48289
4.64786
4.81266
4.97728
-1.37715
-1.21843
-1.0595
-0.900389
-0.741095
-0.581629
-0.421999
-0.262217
-0.102295
0.0577613
0.217934
0.378218
0.538601
0.699072
0.859615
1.02023
1.18089
1.34159
1.50233
1.66308
1.82384
1.98459
2.14533
2.30603
2.46669
2.6273
2.78785
2.94832
3.1087
3.26898
3.42915
3.58921
3.74913
3.90891
4.06855
4.22801
4.38731
4.54642
4.70535
4.86407
-1.26395
-1.11111
-0.958067
-0.804816
-0.651375
-0.497745
-0.34395
-0.189991
-0.0358785
0.11837
0.272751
0.427241
0.581844
0.736535
0.891308
1.04615
1.20105
1.356
1.51097
1.66596
1.82096
1.97595
2.13092
2.28587
2.44076
2.59561
2.75038
2.90507
3.05967
3.21416
3.36854
3.52279
3.67691
3.83087
3.98466
4.13829
4.29173
4.44499
4.59803
4.75087
-1.15074
-1.0038
-0.856628
-0.709243
-0.561651
-0.413869
-0.265901
-0.117763
0.0305356
0.17898
0.327563
0.476269
0.625086
0.774002
0.923001
1.07208
1.22121
1.37039
1.5196
1.66884
1.81808
1.96731
2.11653
2.2657
2.41484
2.56391
2.71291
2.86183
3.01065
3.15935
3.30794
3.45638
3.60468
3.75282
3.90079
4.04857
4.19616
4.34354
4.49071
4.63766
-1.03754
-0.896484
-0.755189
-0.613669
-0.471931
-0.32999
-0.187854
-0.0455349
0.0969475
0.23959
0.382376
0.525293
0.668328
0.811465
0.954695
1.098
1.24137
1.38478
1.52824
1.67172
1.8152
1.95867
2.10213
2.24554
2.38891
2.53222
2.67545
2.81859
2.96162
3.10454
3.24733
3.38997
3.53245
3.67477
3.81691
3.95885
4.10058
4.2421
4.3834
4.52446
-0.924337
-0.78917
-0.653754
-0.518096
-0.382211
-0.24611
-0.109807
0.0266889
0.163361
0.300201
0.43719
0.574318
0.711568
0.848934
0.986387
1.12393
1.26152
1.39919
1.53688
1.6746
1.81232
1.95003
2.08772
2.22539
2.36299
2.50053
2.63798
2.77535
2.9126
3.04973
3.18672
3.32355
3.46023
3.59672
3.73303
3.86913
4.00501
4.14067
4.27608
4.41125
-0.811134
-0.681857
-0.552316
-0.422523
-0.292492
-0.162233
-0.0317589
0.0989124
0.229775
0.360809
0.492003
0.623344
0.754809
0.886393
1.01808
1.14985
1.28169
1.41358
1.54552
1.67748
1.80944
1.94139
2.07333
2.20522
2.33707
2.46884
2.60052
2.73211
2.86357
2.99491
3.12611
3.25714
3.388
3.51867
3.64915
3.7794
3.90944
4.03923
4.16877
4.29805
-0.697932
-0.574544
-0.45088
-0.326951
-0.202774
-0.0783552
0.0462856
0.171138
0.296187
0.421417
0.546815
0.672365
0.798051
0.923857
1.04977
1.17577
1.30185
1.42798
1.55416
1.68035
1.80656
1.93275
2.05893
2.18507
2.31114
2.43715
2.56306
2.68886
2.81455
2.9401
3.0655
3.19073
3.31578
3.44063
3.56527
3.68969
3.81387
3.9378
4.06146
4.18485
-0.58473
-0.467232
-0.349445
-0.231382
-0.113054
0.00551977
0.12433
0.243362
0.362597
0.482026
0.601628
0.721385
0.841291
0.961322
1.08146
1.2017
1.32201
1.44238
1.56279
1.68323
1.80368
1.92412
2.04453
2.16491
2.28522
2.40546
2.52559
2.64563
2.76553
2.88529
3.00489
3.12432
3.24356
3.36259
3.4814
3.59997
3.7183
3.83636
3.95415
4.07164
-0.47153
-0.359921
-0.248011
-0.135811
-0.0233386
0.0893959
0.202375
0.315583
0.429009
0.542631
0.656437
0.770409
0.884531
0.998781
1.11315
1.22762
1.34217
1.45678
1.57143
1.68611
1.80081
1.91548
2.03014
2.14475
2.25929
2.37376
2.48813
2.60239
2.71651
2.83048
2.94428
3.05791
3.17133
3.28454
3.39752
3.51025
3.62273
3.73493
3.84683
3.95845
-0.35833
-0.252612
-0.146578
-0.0402428
0.0663777
0.173269
0.280418
0.387806
0.495418
0.603237
0.711247
0.81943
0.927768
1.03625
1.14484
1.25354
1.36233
1.47117
1.58007
1.68899
1.79793
1.90685
2.01575
2.12459
2.23337
2.34207
2.45067
2.55915
2.66749
2.77567
2.88368
2.9915
3.09911
3.2065
3.31365
3.42054
3.52716
3.63349
3.73953
3.84525
-0.245132
-0.145303
-0.0451459
0.0553244
0.156092
0.257143
0.358459
0.460026
0.561826
0.663841
0.766055
0.86845
0.971005
1.07371
1.17653
1.27946
1.38248
1.48557
1.58871
1.69187
1.79505
1.89821
2.00135
2.10443
2.20745
2.31038
2.41321
2.51591
2.61847
2.72086
2.82308
2.92509
3.02689
3.12846
3.22977
3.33082
3.43159
3.53206
3.63222
3.73205
-0.131935
-0.0379952
0.0562846
0.15089
0.245806
0.341014
0.4365
0.532246
0.628231
0.724445
0.820863
0.917469
1.01424
1.11117
1.20822
1.30538
1.40264
1.49997
1.59734
1.69475
1.79217
1.88958
1.98695
2.08428
2.18153
2.2787
2.37575
2.47267
2.56945
2.66605
2.76247
2.85868
2.95467
3.05042
3.1459
3.24111
3.33603
3.43063
3.52491
3.61885
-0.01874
0.0693098
0.157714
0.246455
0.335517
0.424884
0.514538
0.604462
0.694638
0.785046
0.875669
0.966485
1.05748
1.14862
1.23991
1.33131
1.4228
1.51436
1.60598
1.69763
1.78929
1.88094
1.97256
2.06412
2.15561
2.24701
2.33829
2.42944
2.52043
2.61125
2.70187
2.79228
2.88245
2.97238
3.06203
3.1514
3.24046
3.3292
3.4176
3.50566
0.094454
0.176615
0.259141
0.342017
0.425227
0.508752
0.592575
0.676678
0.761042
0.845646
0.930473
1.0155
1.10071
1.18608
1.2716
1.35723
1.44295
1.52876
1.61462
1.70051
1.78641
1.8723
1.95816
2.04397
2.12969
2.21532
2.30083
2.3862
2.47142
2.55645
2.64127
2.72587
2.81024
2.89434
2.97816
3.06169
3.1449
3.22777
3.3103
3.39246
0.207646
0.283916
0.360567
0.437577
0.514934
0.592618
0.67061
0.748891
0.827442
0.906244
0.985274
1.06451
1.14395
1.22354
1.30328
1.38314
1.46311
1.54315
1.62326
1.70339
1.78353
1.86366
1.94377
2.02381
2.10378
2.18364
2.26337
2.34297
2.4224
2.50164
2.58067
2.65947
2.73802
2.8163
2.8943
2.97198
3.04934
3.12635
3.203
3.27927
0.320835
0.391216
0.461987
0.533137
0.604639
0.676481
0.748642
0.821101
0.893841
0.966839
1.04008
1.11353
1.18717
1.26099
1.33496
1.40906
1.48326
1.55754
1.63189
1.70626
1.78065
1.85503
1.92937
2.00365
2.07786
2.15196
2.22592
2.29974
2.37339
2.44684
2.52008
2.59307
2.66581
2.73827
2.81044
2.88228
2.95378
3.02493
3.0957
3.16608
0.434021
0.498513
0.563408
0.62869
0.694341
0.760341
0.82667
0.893309
0.960235
1.02743
1.09487
1.16253
1.2304
1.29844
1.36664
1.43497
1.50341
1.57193
1.64052
1.70914
1.77777
1.84639
1.91498
1.9835
2.05194
2.12027
2.18847
2.25651
2.32438
2.39204
2.45949
2.52668
2.59361
2.66025
2.72658
2.79257
2.85823
2.92351
2.9884
3.05289
0.547205
0.605804
0.664825
0.724241
0.784039
0.844196
0.904695
0.965513
1.02663
1.08802
1.14966
1.21154
1.27362
1.33589
1.39832
1.46088
1.52356
1.58633
1.64915
1.71202
1.7749
1.83776
1.90058
1.96335
2.02603
2.08859
2.15102
2.21329
2.27537
2.33725
2.39889
2.46029
2.5214
2.58222
2.64272
2.70288
2.76268
2.82209
2.88111
2.93971
0.660384
0.713095
0.766235
0.819787
0.873732
0.928048
0.982713
1.03771
1.09302
1.1486
1.20445
1.26054
1.31685
1.37334
1.42999
1.48679
1.54371
1.60071
1.65779
1.7149
1.77202
1.82912
1.8862
1.9432
2.00012
2.05692
2.11358
2.17007
2.22638
2.28246
2.33831
2.3939
2.4492
2.5042
2.55887
2.61319
2.66713
2.72068
2.77382
2.82653
0.773559
0.820379
0.867639
0.91533
0.963422
1.01189
1.06073
1.1099
1.15939
1.20918
1.25923
1.30953
1.36006
1.41078
1.46167
1.5127
1.56386
1.6151
1.66642
1.71777
1.76914
1.82049
1.87181
1.92306
1.97421
2.02525
2.07614
2.12686
2.17738
2.22768
2.27774
2.32752
2.37701
2.42619
2.47502
2.5235
2.57158
2.61927
2.66654
2.71336
0.886728
0.927657
0.969046
1.01086
1.0531
1.09573
1.13873
1.18209
1.22576
1.26974
1.31401
1.35852
1.40326
1.44821
1.49333
1.5386
1.584
1.62949
1.67505
1.72065
1.76626
1.81186
1.85743
1.90292
1.94832
1.99359
2.03871
2.08365
2.12839
2.17291
2.21717
2.26115
2.30483
2.34818
2.39118
2.43381
2.47605
2.51787
2.55926
2.60019
0.999889
1.03493
1.07044
1.10639
1.14277
1.17956
1.21673
1.25426
1.29213
1.3303
1.36877
1.4075
1.44646
1.48563
1.52498
1.56449
1.60413
1.64387
1.68367
1.72353
1.76339
1.80324
1.84305
1.88279
1.92242
1.96194
2.00129
2.04046
2.07942
2.11815
2.15661
2.19479
2.23266
2.27019
2.30735
2.34414
2.38053
2.41648
2.45199
2.48703
1.11304
1.14219
1.17182
1.2019
1.23243
1.26337
1.29471
1.32642
1.35847
1.39085
1.42352
1.45645
1.48964
1.52304
1.55662
1.59037
1.62425
1.65824
1.6923
1.7264
1.76052
1.79462
1.82868
1.86266
1.89654
1.93029
1.96388
1.99728
2.03046
2.0634
2.09607
2.12845
2.1605
2.1922
2.22354
2.25448
2.28502
2.3151
2.34473
2.37387
1.22618
1.24944
1.27318
1.2974
1.32207
1.34717
1.37267
1.39856
1.42479
1.45136
1.47824
1.50539
1.53279
1.56042
1.58824
1.61624
1.64436
1.6726
1.70091
1.72927
1.75765
1.78601
1.81432
1.84255
1.87068
1.89867
1.92649
1.95412
1.98152
2.00868
2.03555
2.06212
2.08836
2.11424
2.13975
2.16485
2.18951
2.21374
2.23748
2.26073
1.33931
1.35667
1.37453
1.39288
1.41169
1.43094
1.45061
1.47066
1.49109
1.51185
1.53292
1.55429
1.57591
1.59777
1.61983
1.64206
1.66445
1.68694
1.70951
1.73214
1.75478
1.77741
1.79998
1.82247
1.84485
1.86708
1.88915
1.911
1.93263
1.954
1.97507
1.99583
2.01625
2.03631
2.05598
2.07522
2.09404
2.11238
2.13024
2.1476
6.6857
6.68586
6.68602
6.68617
6.68632
6.68645
6.68658
6.6867
6.68681
6.68691
6.68701
6.68709
6.68717
6.68723
6.68729
6.68734
6.68737
6.6874
6.68742
6.68743
6.68743
6.68742
6.6874
6.68737
6.68733
6.68728
6.68723
6.68716
6.68708
6.687
6.6869
6.6868
6.68669
6.68657
6.68644
6.6863
6.68615
6.686
6.68584
6.68568
6.56971
6.57021
6.57068
6.57114
6.57157
6.57198
6.57237
6.57273
6.57306
6.57337
6.57365
6.5739
6.57413
6.57433
6.5745
6.57464
6.57476
6.57484
6.5749
6.57493
6.57493
6.5749
6.57484
6.57475
6.57464
6.5745
6.57432
6.57412
6.57389
6.57364
6.57336
6.57305
6.57271
6.57235
6.57197
6.57155
6.57112
6.57067
6.57019
6.56969
6.45372
6.45456
6.45535
6.45611
6.45683
6.45751
6.45815
6.45875
6.45931
6.45982
6.46029
6.46072
6.4611
6.46143
6.46172
6.46196
6.46215
6.46229
6.46238
6.46243
6.46243
6.46238
6.46228
6.46214
6.46195
6.46171
6.46142
6.46109
6.46071
6.46028
6.45981
6.4593
6.45874
6.45814
6.4575
6.45681
6.45609
6.45533
6.45453
6.4537
6.33773
6.3389
6.34002
6.34108
6.34209
6.34305
6.34394
6.34478
6.34556
6.34628
6.34694
6.34753
6.34806
6.34853
6.34893
6.34926
6.34953
6.34973
6.34987
6.34994
6.34993
6.34986
6.34973
6.34953
6.34926
6.34892
6.34852
6.34805
6.34752
6.34692
6.34626
6.34555
6.34477
6.34393
6.34303
6.34207
6.34106
6.34
6.33888
6.33771
6.22175
6.22325
6.22469
6.22605
6.22735
6.22858
6.22973
6.23081
6.23181
6.23274
6.23358
6.23435
6.23503
6.23563
6.23614
6.23657
6.23692
6.23718
6.23735
6.23744
6.23744
6.23735
6.23717
6.23691
6.23657
6.23614
6.23562
6.23502
6.23433
6.23357
6.23272
6.2318
6.2308
6.22971
6.22856
6.22733
6.22603
6.22466
6.22323
6.22173
6.10577
6.1076
6.10936
6.11102
6.11261
6.11411
6.11552
6.11684
6.11807
6.1192
6.12023
6.12116
6.12199
6.12273
6.12336
6.12388
6.1243
6.12462
6.12483
6.12494
6.12494
6.12483
6.12462
6.1243
6.12388
6.12335
6.12272
6.12198
6.12115
6.12021
6.11918
6.11805
6.11682
6.1155
6.11409
6.11259
6.111
6.10933
6.10758
6.10574
5.98979
5.99195
5.99402
5.996
5.99787
5.99964
6.00131
6.00287
6.00432
6.00565
6.00687
6.00798
6.00896
6.00983
6.01057
6.01119
6.01169
6.01207
6.01232
6.01244
6.01244
6.01231
6.01206
6.01168
6.01119
6.01056
6.00982
6.00895
6.00796
6.00686
6.00564
6.0043
6.00285
6.00129
5.99962
5.99785
5.99597
5.994
5.99192
5.98976
5.8738
5.8763
5.87869
5.88097
5.88313
5.88517
5.8871
5.8889
5.89057
5.89211
5.89352
5.89479
5.89593
5.89692
5.89779
5.89851
5.89908
5.89951
5.8998
5.89994
5.89994
5.8998
5.89951
5.89907
5.8985
5.89778
5.89691
5.89592
5.89478
5.89351
5.89209
5.89055
5.88888
5.88708
5.88515
5.88311
5.88095
5.87866
5.87627
5.87377
5.75782
5.76065
5.76336
5.76594
5.76839
5.77071
5.77289
5.77493
5.77682
5.77857
5.78016
5.78161
5.78289
5.78403
5.785
5.78582
5.78647
5.78695
5.78728
5.78745
5.78745
5.78728
5.78695
5.78646
5.78581
5.78499
5.78401
5.78288
5.78159
5.78015
5.77855
5.7768
5.77491
5.77287
5.77069
5.76837
5.76592
5.76333
5.76062
5.75779
5.64184
5.645
5.64803
5.65091
5.65365
5.65625
5.65868
5.66096
5.66308
5.66503
5.66681
5.66842
5.66986
5.67113
5.67222
5.67313
5.67385
5.6744
5.67477
5.67495
5.67495
5.67476
5.6744
5.67385
5.67312
5.67221
5.67111
5.66985
5.66841
5.66679
5.66501
5.66305
5.66094
5.65866
5.65622
5.65363
5.65089
5.648
5.64497
5.64181
5.52586
5.52935
5.5327
5.53589
5.53892
5.54178
5.54448
5.54699
5.54933
5.55149
5.55346
5.55524
5.55683
5.55823
5.55943
5.56044
5.56124
5.56185
5.56225
5.56245
5.56245
5.56225
5.56184
5.56123
5.56043
5.55942
5.55822
5.55682
5.55523
5.55344
5.55147
5.54931
5.54697
5.54445
5.54175
5.53889
5.53586
5.53267
5.52932
5.52582
5.40987
5.41371
5.41737
5.42087
5.42418
5.42732
5.43027
5.43302
5.43559
5.43795
5.44011
5.44206
5.44381
5.44534
5.44665
5.44775
5.44863
5.4493
5.44974
5.44996
5.44996
5.44973
5.44929
5.44862
5.44774
5.44664
5.44532
5.44379
5.44204
5.44009
5.43793
5.43556
5.433
5.43024
5.42729
5.42415
5.42084
5.41734
5.41367
5.40984
5.29389
5.29806
5.30204
5.30584
5.30944
5.31285
5.31606
5.31906
5.32184
5.32441
5.32676
5.32888
5.33077
5.33244
5.33387
5.33507
5.33602
5.33675
5.33722
5.33746
5.33746
5.33722
5.33674
5.33602
5.33506
5.33386
5.33242
5.33076
5.32886
5.32674
5.32439
5.32182
5.31903
5.31603
5.31282
5.30941
5.30581
5.30201
5.29802
5.29386
5.17791
5.18241
5.18671
5.19082
5.19471
5.19839
5.20185
5.20509
5.2081
5.21087
5.2134
5.21569
5.21774
5.21954
5.22109
5.22238
5.22341
5.22419
5.22471
5.22497
5.22497
5.22471
5.22419
5.2234
5.22237
5.22108
5.21953
5.21773
5.21567
5.21338
5.21085
5.20807
5.20506
5.20182
5.19836
5.19468
5.19078
5.18668
5.18237
5.17787
5.06193
5.06676
5.07138
5.07579
5.07998
5.08393
5.08765
5.09112
5.09435
5.09733
5.10006
5.10252
5.10472
5.10665
5.10831
5.1097
5.1108
5.11164
5.1122
5.11248
5.11248
5.11219
5.11163
5.1108
5.10968
5.1083
5.10663
5.1047
5.10249
5.10003
5.09731
5.09432
5.09109
5.08761
5.08389
5.07994
5.07575
5.07135
5.06672
5.06189
4.94596
4.95112
4.95606
4.96077
4.96524
4.96947
4.97344
4.97716
4.98061
4.98379
4.98671
4.98934
4.99169
4.99375
4.99553
4.99701
4.9982
4.99909
4.99969
4.99998
4.99998
4.99968
4.99908
4.99819
4.997
4.99551
4.99374
4.99167
4.98932
4.98668
4.98377
4.98058
4.97713
4.97341
4.96943
4.9652
4.96073
4.95602
4.95107
4.94591
4.82998
4.83547
4.84073
4.84575
4.85051
4.85501
4.85924
4.86319
4.86687
4.87026
4.87336
4.87616
4.87866
4.88086
4.88275
4.88433
4.88559
4.88654
4.88717
4.88749
4.88749
4.88717
4.88653
4.88558
4.88431
4.88273
4.88084
4.87864
4.87614
4.87333
4.87023
4.86684
4.86316
4.8592
4.85497
4.85046
4.8457
4.84069
4.83543
4.82993
4.714
4.71983
4.72541
4.73073
4.73578
4.74055
4.74503
4.74923
4.75313
4.75672
4.76001
4.76298
4.76564
4.76797
4.76997
4.77164
4.77299
4.77399
4.77466
4.775
4.775
4.77466
4.77399
4.77298
4.77163
4.76995
4.76795
4.76561
4.76296
4.75998
4.75669
4.75309
4.74919
4.74499
4.7405
4.73573
4.73068
4.72536
4.71978
4.71395
4.59803
4.60419
4.61009
4.61571
4.62105
4.62609
4.63083
4.63527
4.63939
4.64319
4.64667
4.64981
4.65261
4.65508
4.65719
4.65896
4.66038
4.66145
4.66216
4.66251
4.66251
4.66215
4.66144
4.66037
4.65895
4.65717
4.65505
4.65259
4.64978
4.64663
4.64316
4.63935
4.63523
4.63079
4.62604
4.621
4.61566
4.61003
4.60414
4.59797
4.48206
4.48855
4.49477
4.50069
4.50632
4.51164
4.51664
4.52131
4.52565
4.52966
4.53332
4.53663
4.53959
4.54219
4.54442
4.54628
4.54778
4.5489
4.54966
4.55003
4.55003
4.54965
4.5489
4.54777
4.54627
4.5444
4.54216
4.53956
4.5366
4.53329
4.52962
4.52561
4.52126
4.51659
4.51159
4.50626
4.50064
4.49471
4.48849
4.48199
4.36608
4.37291
4.37945
4.38567
4.39159
4.39718
4.40244
4.40735
4.41192
4.41613
4.41998
4.42346
4.42657
4.4293
4.43164
4.43361
4.43518
4.43636
4.43715
4.43755
4.43754
4.43715
4.43635
4.43517
4.43359
4.43162
4.42927
4.42654
4.42343
4.41994
4.41609
4.41187
4.4073
4.40239
4.39713
4.39153
4.38561
4.37938
4.37285
4.36601
4.25011
4.25728
4.26413
4.27066
4.27686
4.28273
4.28824
4.29339
4.29819
4.3026
4.30664
4.31029
4.31355
4.31641
4.31887
4.32093
4.32258
4.32382
4.32465
4.32506
4.32506
4.32464
4.32381
4.32257
4.32091
4.31885
4.31638
4.31352
4.31025
4.3066
4.30256
4.29814
4.29334
4.28818
4.28267
4.2768
4.27059
4.26406
4.2572
4.25004
4.13415
4.14164
4.14881
4.15565
4.16214
4.16828
4.17404
4.17944
4.18445
4.18908
4.1933
4.19713
4.20053
4.20353
4.2061
4.20826
4.20998
4.21128
4.21215
4.21258
4.21258
4.21214
4.21127
4.20997
4.20823
4.20608
4.2035
4.2005
4.19708
4.19325
4.18903
4.1844
4.17938
4.17398
4.16821
4.16207
4.15558
4.14874
4.14157
4.13407
4.01818
4.02601
4.0335
4.04064
4.04742
4.05383
4.05985
4.06549
4.07073
4.07555
4.07997
4.08396
4.08752
4.09065
4.09334
4.09559
4.09739
4.09874
4.09965
4.1001
4.1001
4.09964
4.09873
4.09737
4.09556
4.09331
4.09061
4.08748
4.08391
4.07992
4.0755
4.07067
4.06543
4.05979
4.05376
4.04735
4.04056
4.03342
4.02592
4.01809
3.90222
3.91038
3.91819
3.92563
3.9327
3.93938
3.94567
3.95154
3.957
3.96203
3.96663
3.97079
3.97451
3.97777
3.98058
3.98292
3.9848
3.98621
3.98715
3.98762
3.98762
3.98714
3.98619
3.98478
3.98289
3.98054
3.97773
3.97446
3.97074
3.96658
3.96197
3.95693
3.95147
3.94559
3.9393
3.93262
3.92555
3.9181
3.91028
3.90212
3.78626
3.79475
3.80288
3.81064
3.81799
3.82495
3.83148
3.8376
3.84328
3.84852
3.85331
3.85763
3.8615
3.8649
3.86782
3.87026
3.87221
3.87368
3.87466
3.87515
3.87515
3.87465
3.87366
3.87219
3.87022
3.86778
3.86485
3.86145
3.85758
3.85324
3.84845
3.8432
3.83752
3.8314
3.82486
3.8179
3.81054
3.80278
3.79465
3.78615
3.67031
3.67913
3.68758
3.69564
3.70328
3.71051
3.7173
3.72366
3.72956
3.73501
3.73998
3.74448
3.7485
3.75203
3.75506
3.7576
3.75963
3.76116
3.76217
3.76268
3.76268
3.76216
3.76114
3.7596
3.75756
3.75502
3.75198
3.74844
3.74442
3.73991
3.73493
3.72947
3.72357
3.71721
3.71041
3.70318
3.69552
3.68747
3.67901
3.67018
3.55436
3.56352
3.57228
3.58064
3.58857
3.59607
3.60313
3.60972
3.61585
3.6215
3.62666
3.63133
3.6355
3.63917
3.64231
3.64494
3.64705
3.64863
3.64969
3.65022
3.65021
3.64968
3.64861
3.64702
3.6449
3.64226
3.63911
3.63544
3.63126
3.62659
3.62141
3.61576
3.60962
3.60302
3.59596
3.58846
3.58052
3.57215
3.56338
3.55422
3.43841
3.44791
3.45699
3.46566
3.47388
3.48165
3.48896
3.49579
3.50215
3.508
3.51335
3.51819
3.52252
3.52631
3.52957
3.53229
3.53448
3.53612
3.53721
3.53776
3.53775
3.5372
3.5361
3.53444
3.53225
3.52951
3.52624
3.52244
3.51811
3.51326
3.5079
3.50204
3.49568
3.48884
3.48152
3.47374
3.46551
3.45685
3.44776
3.43825
3.32247
3.3323
3.34171
3.35068
3.35919
3.36723
3.3748
3.38188
3.38845
3.39451
3.40005
3.40506
3.40953
3.41346
3.41683
3.41965
3.42192
3.42361
3.42474
3.42531
3.4253
3.42472
3.42358
3.42187
3.4196
3.41677
3.41338
3.40944
3.40496
3.39994
3.39439
3.38832
3.38174
3.37466
3.36708
3.35903
3.35052
3.34154
3.33213
3.3223
3.20655
3.21671
3.22644
3.23571
3.24451
3.25283
3.26065
3.26796
3.27476
3.28102
3.28675
3.29193
3.29656
3.30062
3.30411
3.30702
3.30936
3.31112
3.31228
3.31287
3.31286
3.31226
3.31108
3.30931
3.30696
3.30403
3.30053
3.29645
3.29182
3.28663
3.28089
3.27461
3.26781
3.26048
3.25265
3.24433
3.23552
3.22624
3.21651
3.20634
3.09063
3.10113
3.11118
3.12075
3.12984
3.13843
3.14651
3.15407
3.16109
3.16756
3.17347
3.17882
3.1836
3.18779
3.1914
3.19441
3.19682
3.19863
3.19984
3.20044
3.20043
3.19981
3.19859
3.19676
3.19433
3.19131
3.18768
3.18348
3.17868
3.17333
3.1674
3.16091
3.15388
3.14632
3.13823
3.12962
3.12053
3.11095
3.1009
3.09039
2.97474
2.98557
2.99593
3.00581
3.01519
3.02406
3.03239
3.04019
3.04743
3.05411
3.06021
3.06573
3.07066
3.07498
3.0787
3.0818
3.0843
3.08617
3.0874
3.08802
3.08801
3.08737
3.08611
3.08423
3.08171
3.07859
3.07485
3.07051
3.06557
3.06003
3.05391
3.04722
3.03996
3.03216
3.02381
3.01494
3.00554
2.99566
2.98529
2.97445
2.85886
2.87002
2.88071
2.8909
2.90056
2.9097
2.9183
2.92633
2.9338
2.94069
2.94698
2.95266
2.95774
2.9622
2.96603
2.96923
2.97179
2.97372
2.975
2.97563
2.97562
2.97496
2.97365
2.97171
2.96912
2.96589
2.96204
2.95756
2.95246
2.94675
2.94044
2.93355
2.92606
2.91801
2.9094
2.90025
2.89058
2.88038
2.86969
2.85852
2.74301
2.75451
2.76552
2.77601
2.78597
2.79538
2.80423
2.81251
2.8202
2.82729
2.83377
2.83963
2.84486
2.84945
2.85339
2.85669
2.85933
2.8613
2.86262
2.86327
2.86325
2.86257
2.86122
2.85921
2.85654
2.85322
2.84924
2.84463
2.83938
2.83349
2.82699
2.81988
2.81217
2.80388
2.79501
2.78558
2.77561
2.76511
2.7541
2.74259
2.6272
2.63904
2.65037
2.66117
2.67142
2.68111
2.69022
2.69874
2.70665
2.71395
2.72062
2.72665
2.73202
2.73674
2.7408
2.74419
2.7469
2.74894
2.75028
2.75094
2.75092
2.75022
2.74883
2.74675
2.744
2.74057
2.73648
2.73172
2.72631
2.72025
2.71356
2.70624
2.6983
2.68976
2.68063
2.67094
2.66066
2.64985
2.63852
2.62667
2.51146
2.52364
2.5353
2.5464
2.55695
2.56692
2.57628
2.58505
2.59318
2.60069
2.60754
2.61374
2.61927
2.62412
2.62829
2.63177
2.63455
2.63663
2.63801
2.63869
2.63866
2.63792
2.63648
2.63434
2.63151
2.62797
2.62375
2.61886
2.61328
2.60705
2.60015
2.59263
2.58446
2.57567
2.56628
2.5563
2.54574
2.53462
2.52296
2.51077
2.39582
2.40835
2.42033
2.43176
2.4426
2.45284
2.46248
2.47149
2.47985
2.48757
2.49461
2.50097
2.50665
2.51163
2.51591
2.51947
2.52232
2.52445
2.52586
2.52654
2.52649
2.52572
2.52424
2.52202
2.51909
2.51545
2.5111
2.50605
2.50032
2.4939
2.48681
2.47905
2.47065
2.46162
2.45196
2.44169
2.43084
2.41941
2.40743
2.3949
2.28038
2.29326
2.30559
2.31733
2.32848
2.33902
2.34892
2.35818
2.36679
2.37471
2.38194
2.38848
2.39429
2.3994
2.40377
2.40742
2.41033
2.41249
2.41391
2.41458
2.41451
2.41369
2.41214
2.40984
2.4068
2.40304
2.39855
2.39335
2.38744
2.38083
2.37353
2.36555
2.35692
2.34762
2.33769
2.32714
2.31598
2.30424
2.29192
2.27905
2.16535
2.17862
2.19131
2.20341
2.21489
2.22575
2.23595
2.24548
2.25432
2.26246
2.26989
2.27659
2.28255
2.28775
2.29222
2.29591
2.29884
2.30102
2.3024
2.30305
2.30291
2.30202
2.30035
2.29794
2.29477
2.29085
2.28621
2.28082
2.27472
2.2679
2.26037
2.25216
2.24327
2.23371
2.22349
2.21265
2.20118
2.18911
2.17647
2.16325
6.5621
6.31503
6.06796
5.82088
5.57379
5.3267
5.0796
4.8325
4.58539
4.33828
4.09117
3.84405
3.59693
3.34981
3.10268
2.85555
2.60842
2.36129
2.11416
1.86703
1.61989
1.37276
1.12563
0.878496
0.631365
0.384237
0.137112
-0.110012
-0.357133
-0.604251
-0.851365
-1.09847
-1.34558
-1.59268
-1.83978
-2.08687
-2.33396
-2.58104
-2.82811
-3.07518
6.44889
6.20771
5.96651
5.7253
5.48406
5.24281
5.00155
4.76027
4.51897
4.27766
4.03635
3.79502
3.55368
3.31234
3.07099
2.82962
2.58826
2.34689
2.10552
1.86415
1.62277
1.3814
1.14003
0.898657
0.657293
0.415933
0.174579
-0.0667678
-0.308105
-0.549434
-0.790751
-1.03206
-1.27335
-1.51463
-1.75589
-1.99715
-2.23838
-2.4796
-2.72079
-2.96197
6.33568
6.10039
5.86507
5.62972
5.39434
5.15893
4.92349
4.68804
4.45256
4.21705
3.98153
3.74599
3.51044
3.27487
3.03929
2.8037
2.5681
2.33249
2.09688
1.86127
1.62565
1.39004
1.15443
0.918819
0.683219
0.447628
0.212047
-0.023522
-0.259077
-0.494616
-0.730138
-0.96564
-1.20112
-1.43658
-1.67201
-1.90742
-2.1428
-2.37816
-2.61348
-2.84876
6.22247
5.99307
5.76363
5.53414
5.30461
5.07505
4.84544
4.61581
4.38614
4.15644
3.92671
3.69697
3.46719
3.2374
3.00759
2.77777
2.54793
2.31809
2.08824
1.85839
1.62853
1.39867
1.16882
0.93898
0.709145
0.479323
0.249515
0.0197231
-0.210049
-0.439799
-0.669524
-0.899223
-1.12889
-1.35853
-1.58813
-1.8177
-2.04723
-2.27671
-2.50616
-2.73556
6.10926
5.88575
5.66219
5.43856
5.21489
4.99116
4.76739
4.54358
4.31972
4.09583
3.8719
3.64794
3.42395
3.19993
2.9759
2.75184
2.52777
2.30369
2.0796
1.85551
1.63141
1.40731
1.18322
0.959142
0.735072
0.511018
0.286981
0.0629678
-0.161022
-0.384981
-0.608911
-0.832805
-1.05666
-1.28048
-1.50425
-1.72797
-1.95165
-2.17527
-2.39884
-2.62235
5.99606
5.77844
5.56075
5.34299
5.12516
4.90728
4.68934
4.47135
4.2533
4.03521
3.81708
3.59891
3.3807
3.16247
2.9442
2.72592
2.50761
2.28929
2.07096
1.85263
1.63429
1.41595
1.19762
0.979302
0.760999
0.542712
0.324449
0.106212
-0.111993
-0.330166
-0.548297
-0.766388
-0.984432
-1.20243
-1.42037
-1.63825
-1.85607
-2.07383
-2.29152
-2.50914
5.88285
5.67112
5.45931
5.24741
5.03544
4.8234
4.61129
4.39912
4.18689
3.9746
3.76226
3.54988
3.33746
3.125
2.91251
2.69999
2.48745
2.27489
2.06232
1.84975
1.63717
1.42459
1.21202
0.999463
0.786925
0.574407
0.361916
0.149457
-0.0629667
-0.275348
-0.487685
-0.69997
-0.912202
-1.12438
-1.33648
-1.54852
-1.76049
-1.97239
-2.1842
-2.39594
5.76965
5.5638
5.35786
5.15184
4.94572
4.73952
4.53324
4.32689
4.12047
3.91399
3.70745
3.50085
3.29421
3.08753
2.88081
2.67407
2.46729
2.26049
2.05368
1.84687
1.64005
1.43323
1.22642
1.01962
0.812852
0.606102
0.399383
0.192701
-0.0139388
-0.220532
-0.427072
-0.633555
-0.839973
-1.04632
-1.2526
-1.4588
-1.66492
-1.87095
-2.07689
-2.28273
5.65644
5.45649
5.25643
5.05626
4.85599
4.65564
4.45519
4.25466
4.05405
3.85338
3.65263
3.45183
3.25097
3.05006
2.84912
2.64814
2.44713
2.24609
2.04504
1.84399
1.64293
1.44187
1.24082
1.03979
0.838777
0.637796
0.436851
0.235945
0.0350887
-0.165716
-0.366459
-0.567137
-0.767744
-0.968273
-1.16872
-1.36908
-1.56934
-1.76951
-1.96957
-2.16952
5.54324
5.34917
5.15499
4.96068
4.76627
4.57175
4.37714
4.18243
3.98764
3.79276
3.59781
3.4028
3.20772
3.0126
2.81742
2.62221
2.42697
2.2317
2.03641
1.84111
1.64581
1.45051
1.25522
1.05995
0.864704
0.669491
0.474317
0.27919
0.0841147
-0.110899
-0.305847
-0.500721
-0.695516
-0.890223
-1.08484
-1.27936
-1.47377
-1.66807
-1.86226
-2.05632
5.43003
5.24186
5.05355
4.86511
4.67655
4.48787
4.29909
4.1102
3.92122
3.73215
3.543
3.35377
3.16448
2.97513
2.78573
2.59628
2.40681
2.2173
2.02777
1.83823
1.64869
1.45915
1.26962
1.08011
0.89063
0.701185
0.511784
0.322434
0.133142
-0.0560834
-0.245235
-0.434306
-0.623287
-0.812175
-1.00096
-1.18963
-1.37819
-1.56663
-1.75494
-1.94312
5.31682
5.13454
4.95211
4.76954
4.58683
4.40399
4.22104
4.03797
3.85481
3.67154
3.48819
3.30475
3.12124
2.93766
2.75403
2.57036
2.38664
2.2029
2.01913
1.83535
1.65157
1.46779
1.28402
1.10027
0.916555
0.73288
0.549251
0.365677
0.182168
-0.00126773
-0.184623
-0.367889
-0.55106
-0.734125
-0.917077
-1.09991
-1.28262
-1.46519
-1.64763
-1.82991
5.20362
5.02722
4.85067
4.67396
4.49711
4.32011
4.14299
3.96575
3.78839
3.61093
3.43337
3.25572
3.07799
2.9002
2.72234
2.54443
2.36648
2.1885
2.01049
1.83247
1.65445
1.47643
1.29842
1.12043
0.942482
0.764574
0.586716
0.408921
0.231195
0.0535481
-0.124012
-0.301475
-0.478831
-0.656076
-0.833198
-1.01019
-1.18705
-1.36375
-1.54031
-1.71671
5.09042
4.91991
4.74923
4.57839
4.40738
4.23624
4.06494
3.89352
3.72197
3.55031
3.37855
3.2067
3.03475
2.86273
2.69065
2.51851
2.34632
2.1741
2.00186
1.82959
1.65733
1.48506
1.31282
1.14059
0.968408
0.796267
0.624183
0.452164
0.280221
0.108362
-0.0634001
-0.235059
-0.406605
-0.578027
-0.749319
-0.92047
-1.09147
-1.26232
-1.433
-1.60351
4.97722
4.8126
4.6478
4.48282
4.31767
4.15236
3.9869
3.82129
3.65556
3.48971
3.32374
3.15767
2.99151
2.82527
2.65896
2.49258
2.32616
2.1597
1.99322
1.82671
1.66021
1.4937
1.32722
1.16076
0.994333
0.82796
0.661649
0.495407
0.329246
0.163178
-0.00278977
-0.168645
-0.334378
-0.49998
-0.66544
-0.83075
-0.995898
-1.16088
-1.32568
-1.4903
4.86402
4.70529
4.54636
4.38724
4.22794
4.06848
3.90885
3.74907
3.58915
3.42909
3.26892
3.10864
2.94827
2.7878
2.62726
2.46666
2.306
2.14531
1.98458
1.82383
1.66309
1.50234
1.34161
1.18091
1.02026
0.859654
0.699114
0.538649
0.378272
0.217992
0.0578206
-0.102231
-0.262152
-0.421932
-0.581561
-0.74103
-0.900326
-1.05944
-1.21837
-1.3771
4.75082
4.59798
4.44493
4.29167
4.13822
3.9846
3.8308
3.67684
3.52273
3.36848
3.21411
3.05962
2.90502
2.75034
2.59557
2.44073
2.28584
2.13091
1.97594
1.82095
1.66597
1.51098
1.35601
1.20108
1.04618
0.891347
0.73658
0.581892
0.427297
0.272806
0.118431
-0.0358169
-0.189926
-0.343885
-0.497684
-0.65131
-0.804756
-0.958008
-1.11106
-1.2639
4.63762
4.49066
4.34349
4.1961
4.04851
3.90072
3.75276
3.60462
3.45632
3.30788
3.1593
3.01059
2.86178
2.71287
2.56387
2.41481
2.26568
2.1165
1.9673
1.81807
1.66884
1.51962
1.37041
1.22124
1.07211
0.923039
0.774045
0.625134
0.476321
0.327619
0.17904
0.0305959
-0.117701
-0.265839
-0.413806
-0.561593
-0.709185
-0.856575
-1.00375
-1.1507
4.52442
4.38335
4.24205
4.10053
3.95879
3.81685
3.67471
3.53239
3.38991
3.24727
3.10448
2.96157
2.81854
2.6754
2.53218
2.38888
2.24552
2.10211
1.95866
1.8152
1.67172
1.52825
1.3848
1.24139
1.09803
0.954731
0.811509
0.668376
0.525345
0.382432
0.239648
0.0970079
-0.0454765
-0.187794
-0.329931
-0.471875
-0.613615
-0.755141
-0.89644
-1.0375
4.41122
4.27605
4.14062
4.00496
3.86908
3.73297
3.59666
3.46017
3.3235
3.18666
3.04967
2.91255
2.7753
2.63794
2.50049
2.36296
2.22536
2.08771
1.95002
1.81232
1.6746
1.53689
1.3992
1.26155
1.12396
0.986425
0.848974
0.711616
0.574369
0.437244
0.300257
0.16342
0.0267465
-0.109749
-0.246055
-0.382159
-0.518047
-0.653709
-0.789132
-0.924306
4.29802
4.16874
4.03919
3.90939
3.77936
3.64909
3.51862
3.38795
3.25709
3.12605
2.99486
2.86352
2.73206
2.60048
2.4688
2.33704
2.2052
2.07331
1.94138
1.80944
1.67748
1.54553
1.4136
1.28171
1.14988
1.01812
0.886437
0.754858
0.623392
0.492056
0.360864
0.229831
0.0989694
-0.0317056
-0.162181
-0.292443
-0.42248
-0.552277
-0.681825
-0.81111
4.18483
4.06144
3.93777
3.81383
3.68964
3.56522
3.44058
3.31573
3.19068
3.06545
2.94005
2.8145
2.68882
2.56302
2.43711
2.31111
2.18504
2.05891
1.93275
1.80656
1.68036
1.55416
1.428
1.30187
1.17581
1.04981
0.9239
0.798097
0.672414
0.546867
0.421471
0.29624
0.171191
0.046337
-0.0783074
-0.202729
-0.326913
-0.450848
-0.574519
-0.697916
4.07164
3.95413
3.83634
3.71827
3.59993
3.48135
3.36254
3.24351
3.12427
3.00484
2.88524
2.76548
2.64558
2.52555
2.40542
2.28519
2.16488
2.04452
1.92411
1.80368
1.68324
1.5628
1.4424
1.32204
1.20173
1.0815
0.961362
0.841336
0.721436
0.601677
0.482076
0.362649
0.243412
0.124378
0.00556405
-0.113016
-0.231349
-0.34942
-0.467215
-0.584723
3.95845
3.84683
3.73491
3.6227
3.51022
3.39748
3.2845
3.17128
3.05786
2.94423
2.83043
2.71646
2.60234
2.48809
2.37372
2.25926
2.14472
2.03012
1.91547
1.8008
1.68612
1.57144
1.4568
1.34219
1.22765
1.11319
0.998823
0.884575
0.770456
0.656486
0.542681
0.429057
0.315631
0.202418
0.0894343
-0.0233051
-0.135786
-0.247994
-0.359914
-0.471533
3.84526
3.73953
3.63348
3.52714
3.42051
3.31361
3.20646
3.09906
2.99145
2.88363
2.77562
2.66744
2.5591
2.45063
2.34203
2.23334
2.12457
2.01573
1.90684
1.79792
1.689
1.58008
1.47119
1.36235
1.25357
1.14488
1.03629
0.927812
0.819476
0.711294
0.603284
0.495464
0.387849
0.280456
0.173303
0.0664038
-0.0402251
-0.14657
-0.252614
-0.358345
3.73208
3.63223
3.53206
3.43158
3.3308
3.22975
3.12842
3.02685
2.92505
2.82303
2.72082
2.61842
2.51587
2.41317
2.31035
2.20742
2.10441
2.00133
1.8982
1.79504
1.69188
1.58872
1.48559
1.38251
1.27949
1.17657
1.07375
0.971048
0.868494
0.7661
0.663886
0.561868
0.460065
0.358493
0.257169
0.156111
0.0553333
-0.045148
-0.145317
-0.24516
3.6189
3.52494
3.43064
3.33603
3.2411
3.14588
3.05039
2.95464
2.85864
2.76243
2.66601
2.56941
2.47263
2.37571
2.27866
2.1815
2.08425
1.98693
1.88956
1.79216
1.69476
1.59736
1.49999
1.40267
1.30541
1.20825
1.11121
1.01429
0.917511
0.820905
0.724485
0.62827
0.532278
0.436527
0.341033
0.245815
0.150889
0.0562708
-0.0380235
-0.131979
3.50572
3.41765
3.32923
3.24047
3.1514
3.06202
2.97236
2.88243
2.79225
2.70183
2.61121
2.52039
2.4294
2.33825
2.24697
2.15558
2.0641
1.97254
1.88093
1.78929
1.69763
1.60599
1.51438
1.42282
1.33134
1.23994
1.14866
1.05752
0.966526
0.875708
0.785083
0.694671
0.604489
0.514558
0.424894
0.335516
0.246441
0.157686
0.0692663
-0.0188013
3.39254
3.31036
3.22782
3.14493
3.0617
2.97816
2.89433
2.81022
2.72585
2.64124
2.55641
2.47138
2.38616
2.30079
2.21529
2.12966
2.04394
1.95814
1.87229
1.78641
1.70051
1.61463
1.52878
1.44298
1.35726
1.27163
1.18612
1.10075
1.01554
0.930509
0.845679
0.761068
0.676698
0.592586
0.508752
0.425214
0.341989
0.259096
0.176552
0.0943723
3.27938
3.20308
3.12641
3.04938
2.97201
2.89431
2.8163
2.73801
2.65945
2.58064
2.50161
2.42237
2.34294
2.26334
2.1836
2.10375
2.02379
1.94375
1.86365
1.78353
1.70339
1.62327
1.54317
1.46313
1.38317
1.30331
1.22357
1.14398
1.06455
0.985306
0.906271
0.827462
0.748902
0.67061
0.592605
0.514906
0.437533
0.360502
0.283832
0.207539
3.16621
3.09581
3.02502
2.95385
2.88232
2.81046
2.73829
2.66581
2.59306
2.52006
2.44681
2.37336
2.29971
2.22589
2.15192
2.07783
2.00363
1.92935
1.85502
1.78065
1.70627
1.6319
1.55756
1.48328
1.40909
1.335
1.26103
1.18721
1.11356
1.0401
0.96686
0.893852
0.821102
0.748629
0.676453
0.604593
0.53307
0.461902
0.391105
0.320699
3.05307
2.98855
2.92363
2.85832
2.79264
2.72662
2.66028
2.59362
2.52668
2.45947
2.39202
2.32435
2.25648
2.18844
2.12024
2.05191
1.98348
1.91496
1.84638
1.77777
1.70914
1.64053
1.57195
1.50343
1.435
1.36667
1.29847
1.23043
1.16256
1.09489
1.02744
0.960236
0.893297
0.826642
0.760294
0.694274
0.6286
0.563292
0.49837
0.433849
2.93992
2.8813
2.82224
2.7628
2.70297
2.64279
2.58227
2.52143
2.4603
2.39889
2.33724
2.27535
2.21327
2.15099
2.08856
2.026
1.96333
1.90057
1.83775
1.77489
1.71202
1.64916
1.58634
1.52358
1.46091
1.39835
1.33592
1.27365
1.21156
1.14967
1.08802
1.02662
0.965485
0.904647
0.844127
0.783945
0.72412
0.664674
0.605623
0.546989
2.8268
2.77405
2.72088
2.66729
2.61331
2.55897
2.50427
2.44925
2.39393
2.33832
2.28246
2.22636
2.17005
2.11355
2.05689
2.00009
1.94318
1.88618
1.82911
1.77201
1.7149
1.6578
1.60073
1.54373
1.48682
1.43002
1.37336
1.31687
1.26055
1.20445
1.14859
1.09299
1.03766
0.982641
0.927949
0.873603
0.819628
0.76604
0.712863
0.660114
2.7137
2.66683
2.61952
2.57179
2.52367
2.47516
2.42629
2.37709
2.32757
2.27777
2.22769
2.17738
2.12684
2.07612
2.02523
1.97419
1.92304
1.87179
1.82048
1.76914
1.71778
1.66643
1.61512
1.56388
1.51272
1.46169
1.4108
1.36007
1.30954
1.25922
1.20915
1.15934
1.10983
1.06062
1.01175
0.963249
0.915119
0.867391
0.820083
0.773218
2.60062
2.55964
2.5182
2.47633
2.43404
2.39137
2.34833
2.30494
2.26123
2.21722
2.17294
2.12841
2.08365
2.0387
1.99357
1.94829
1.9029
1.85741
1.81185
1.76626
1.72065
1.67506
1.6295
1.58402
1.53862
1.49335
1.44822
1.40326
1.35851
1.31398
1.26969
1.22569
1.18198
1.13859
1.09554
1.05287
1.01058
0.968718
0.927279
0.886295
2.48759
2.45248
2.41691
2.3809
2.34445
2.30761
2.27039
2.23282
2.19491
2.1567
2.1182
2.07945
2.04047
2.00129
1.96192
1.92241
1.88277
1.84303
1.80323
1.76339
1.72353
1.68368
1.64388
1.60415
1.56451
1.525
1.48563
1.44645
1.40747
1.36872
1.33022
1.292
1.2541
1.21652
1.1793
1.14246
1.10602
1.07001
1.03444
0.99933
2.37461
2.34538
2.31568
2.28551
2.25491
2.2239
2.1925
2.16073
2.12863
2.0962
2.06349
2.03052
1.99731
1.96389
1.93029
1.89653
1.86265
1.82867
1.79461
1.76052
1.7264
1.69231
1.65825
1.62427
1.59039
1.55663
1.52303
1.48961
1.45639
1.42342
1.39071
1.35829
1.32618
1.29441
1.26302
1.23201
1.20141
1.17124
1.14153
1.11231
2.26173
2.23837
2.21453
2.19021
2.16545
2.14026
2.11467
2.08871
2.06239
2.03576
2.00883
1.98163
1.95419
1.92653
1.89868
1.87068
1.84254
1.81431
1.786
1.75764
1.72928
1.70092
1.67261
1.64438
1.61624
1.58823
1.56038
1.53273
1.50528
1.47808
1.45115
1.42452
1.39821
1.37224
1.34666
1.32147
1.29671
1.27239
1.24854
1.22518
2.14903
2.13153
2.11353
2.09505
2.07611
2.05674
2.03696
2.01679
1.99627
1.97541
1.95426
1.93282
1.91113
1.88922
1.86712
1.84486
1.82247
1.79997
1.7774
1.75478
1.73214
1.70952
1.68695
1.66445
1.64205
1.61979
1.5977
1.57579
1.5541
1.53266
1.51151
1.49065
1.47012
1.44996
1.43018
1.4108
1.39187
1.37338
1.35538
1.33789
-3.19876
-3.19892
-3.19909
-3.19924
-3.19938
-3.19952
-3.19965
-3.19977
-3.19988
-3.19998
-3.20008
-3.20016
-3.20024
-3.20031
-3.20037
-3.20041
-3.20046
-3.20048
-3.2005
-3.20051
-3.20051
-3.2005
-3.20049
-3.20046
-3.20042
-3.20037
-3.20032
-3.20025
-3.20017
-3.20009
-3.19999
-3.19989
-3.19978
-3.19966
-3.19954
-3.1994
-3.19925
-3.1991
-3.19894
-3.19878
-3.08277
-3.08327
-3.08375
-3.08421
-3.08464
-3.08505
-3.08544
-3.0858
-3.08613
-3.08644
-3.08672
-3.08698
-3.08721
-3.08741
-3.08758
-3.08772
-3.08784
-3.08793
-3.08798
-3.08801
-3.08801
-3.08799
-3.08793
-3.08784
-3.08773
-3.08759
-3.08741
-3.08721
-3.08699
-3.08673
-3.08645
-3.08615
-3.08581
-3.08545
-3.08507
-3.08466
-3.08423
-3.08377
-3.08329
-3.08279
-2.96679
-2.96762
-2.96842
-2.96918
-2.9699
-2.97058
-2.97122
-2.97182
-2.97238
-2.9729
-2.97337
-2.97379
-2.97417
-2.9745
-2.97479
-2.97503
-2.97522
-2.97537
-2.97547
-2.97551
-2.97551
-2.97547
-2.97538
-2.97523
-2.97504
-2.9748
-2.97451
-2.97418
-2.9738
-2.97338
-2.97291
-2.9724
-2.97184
-2.97124
-2.9706
-2.96992
-2.9692
-2.96844
-2.96764
-2.96681
-2.8508
-2.85197
-2.85308
-2.85415
-2.85516
-2.85611
-2.85701
-2.85785
-2.85863
-2.85935
-2.86001
-2.86061
-2.86114
-2.8616
-2.86201
-2.86234
-2.86261
-2.86282
-2.86295
-2.86301
-2.86302
-2.86295
-2.86282
-2.86262
-2.86235
-2.86201
-2.86161
-2.86115
-2.86062
-2.86002
-2.85937
-2.85865
-2.85787
-2.85703
-2.85613
-2.85518
-2.85417
-2.8531
-2.85199
-2.85082
-2.73482
-2.73632
-2.73775
-2.73912
-2.74042
-2.74164
-2.7428
-2.74388
-2.74488
-2.74581
-2.74665
-2.74742
-2.7481
-2.7487
-2.74922
-2.74965
-2.75
-2.75026
-2.75043
-2.75052
-2.75052
-2.75043
-2.75026
-2.75
-2.74966
-2.74923
-2.74871
-2.74811
-2.74743
-2.74667
-2.74582
-2.7449
-2.74389
-2.74281
-2.74166
-2.74044
-2.73914
-2.73777
-2.73634
-2.73484
-2.61883
-2.62066
-2.62241
-2.62409
-2.62568
-2.62717
-2.62859
-2.62991
-2.63113
-2.63226
-2.6333
-2.63423
-2.63507
-2.63581
-2.63643
-2.63696
-2.63738
-2.6377
-2.63791
-2.63802
-2.63802
-2.63791
-2.6377
-2.63739
-2.63697
-2.63644
-2.63581
-2.63508
-2.63424
-2.63331
-2.63228
-2.63115
-2.62992
-2.6286
-2.62719
-2.6257
-2.62411
-2.62244
-2.62069
-2.61886
-2.50285
-2.50501
-2.50708
-2.50906
-2.51093
-2.51271
-2.51438
-2.51594
-2.51738
-2.51872
-2.51994
-2.52105
-2.52204
-2.5229
-2.52364
-2.52427
-2.52477
-2.52515
-2.52539
-2.52552
-2.52552
-2.5254
-2.52515
-2.52478
-2.52428
-2.52365
-2.52291
-2.52205
-2.52106
-2.51996
-2.51873
-2.5174
-2.51596
-2.5144
-2.51273
-2.51096
-2.50908
-2.50711
-2.50504
-2.50287
-2.38686
-2.38936
-2.39175
-2.39403
-2.39619
-2.39824
-2.40017
-2.40196
-2.40364
-2.40518
-2.40659
-2.40786
-2.409
-2.41
-2.41086
-2.41158
-2.41216
-2.41259
-2.41288
-2.41303
-2.41303
-2.41288
-2.41259
-2.41216
-2.41159
-2.41087
-2.41001
-2.40902
-2.40788
-2.4066
-2.40519
-2.40365
-2.40198
-2.40019
-2.39826
-2.39622
-2.39405
-2.39178
-2.38939
-2.38689
-2.27087
-2.2737
-2.27642
-2.279
-2.28145
-2.28377
-2.28595
-2.28799
-2.28989
-2.29164
-2.29323
-2.29468
-2.29597
-2.2971
-2.29807
-2.29889
-2.29955
-2.30004
-2.30037
-2.30053
-2.30053
-2.30037
-2.30004
-2.29955
-2.2989
-2.29808
-2.29711
-2.29598
-2.29469
-2.29325
-2.29165
-2.28991
-2.28801
-2.28598
-2.2838
-2.28148
-2.27903
-2.27644
-2.27373
-2.2709
-2.15489
-2.15805
-2.16108
-2.16397
-2.16672
-2.1693
-2.17174
-2.17402
-2.17614
-2.17809
-2.17988
-2.1815
-2.18294
-2.1842
-2.18529
-2.1862
-2.18693
-2.18748
-2.18785
-2.18803
-2.18803
-2.18786
-2.18749
-2.18694
-2.18621
-2.1853
-2.18421
-2.18295
-2.18151
-2.1799
-2.17811
-2.17616
-2.17404
-2.17176
-2.16933
-2.16674
-2.164
-2.16111
-2.15808
-2.15492
-2.03891
-2.0424
-2.04575
-2.04894
-2.05198
-2.05484
-2.05753
-2.06005
-2.06239
-2.06455
-2.06653
-2.06831
-2.0699
-2.0713
-2.07251
-2.07351
-2.07432
-2.07493
-2.07534
-2.07554
-2.07554
-2.07534
-2.07494
-2.07433
-2.07352
-2.07252
-2.07132
-2.06992
-2.06832
-2.06654
-2.06457
-2.06242
-2.06008
-2.05756
-2.05487
-2.052
-2.04897
-2.04578
-2.04244
-2.03894
-1.92292
-1.92675
-1.93042
-1.93392
-1.93723
-1.94037
-1.94332
-1.94608
-1.94864
-1.95101
-1.95317
-1.95512
-1.95687
-1.9584
-1.95972
-1.96083
-1.96171
-1.96238
-1.96282
-1.96304
-1.96304
-1.96282
-1.96238
-1.96172
-1.96084
-1.95974
-1.95842
-1.95689
-1.95514
-1.95319
-1.95103
-1.94867
-1.94611
-1.94335
-1.9404
-1.93726
-1.93395
-1.93045
-1.92679
-1.92296
-1.80694
-1.8111
-1.81509
-1.81889
-1.8225
-1.82591
-1.82912
-1.83211
-1.8349
-1.83747
-1.83982
-1.84194
-1.84384
-1.84551
-1.84694
-1.84814
-1.8491
-1.84982
-1.85031
-1.85055
-1.85055
-1.85031
-1.84983
-1.84911
-1.84815
-1.84695
-1.84552
-1.84386
-1.84196
-1.83984
-1.83749
-1.83492
-1.83214
-1.82914
-1.82594
-1.82253
-1.81892
-1.81513
-1.81114
-1.80698
-1.69096
-1.69546
-1.69976
-1.70386
-1.70776
-1.71144
-1.7149
-1.71814
-1.72116
-1.72393
-1.72647
-1.72876
-1.73081
-1.73261
-1.73416
-1.73545
-1.73649
-1.73727
-1.73779
-1.73805
-1.73805
-1.7378
-1.73728
-1.7365
-1.73546
-1.73417
-1.73263
-1.73083
-1.72878
-1.72649
-1.72395
-1.72118
-1.71817
-1.71494
-1.71148
-1.7078
-1.7039
-1.6998
-1.6955
-1.691
-1.57498
-1.57981
-1.58443
-1.58884
-1.59302
-1.59698
-1.6007
-1.60418
-1.60741
-1.61039
-1.61312
-1.61558
-1.61778
-1.61971
-1.62138
-1.62277
-1.62388
-1.62472
-1.62528
-1.62556
-1.62556
-1.62528
-1.62472
-1.62389
-1.62278
-1.62139
-1.61973
-1.6178
-1.6156
-1.61314
-1.61042
-1.60744
-1.60421
-1.60073
-1.59701
-1.59306
-1.58888
-1.58447
-1.57985
-1.57502
-1.45899
-1.46416
-1.4691
-1.47381
-1.47829
-1.48251
-1.48649
-1.49021
-1.49366
-1.49685
-1.49976
-1.5024
-1.50475
-1.50682
-1.5086
-1.51008
-1.51127
-1.51217
-1.51277
-1.51307
-1.51307
-1.51277
-1.51218
-1.51128
-1.51009
-1.50861
-1.50684
-1.50477
-1.50242
-1.49979
-1.49688
-1.4937
-1.49024
-1.48653
-1.48255
-1.47833
-1.47386
-1.46915
-1.46421
-1.45904
-1.34301
-1.34851
-1.35377
-1.35879
-1.36355
-1.36805
-1.37228
-1.37624
-1.37992
-1.38331
-1.38642
-1.38922
-1.39172
-1.39392
-1.39582
-1.3974
-1.39867
-1.39962
-1.40026
-1.40058
-1.40058
-1.40026
-1.39963
-1.39868
-1.39741
-1.39583
-1.39394
-1.39174
-1.38924
-1.38644
-1.38334
-1.37995
-1.37628
-1.37232
-1.36809
-1.36359
-1.35883
-1.35382
-1.34856
-1.34306
-1.22703
-1.23287
-1.23844
-1.24377
-1.24882
-1.25359
-1.25808
-1.26228
-1.26618
-1.26978
-1.27307
-1.27604
-1.27869
-1.28103
-1.28304
-1.28472
-1.28606
-1.28707
-1.28775
-1.28809
-1.28809
-1.28775
-1.28708
-1.28607
-1.28473
-1.28306
-1.28105
-1.27872
-1.27607
-1.2731
-1.26981
-1.26621
-1.26232
-1.25812
-1.25363
-1.24886
-1.24381
-1.23849
-1.23292
-1.22709
-1.11105
-1.11722
-1.12312
-1.12874
-1.13408
-1.13913
-1.14387
-1.14831
-1.15244
-1.15624
-1.15972
-1.16286
-1.16567
-1.16814
-1.17026
-1.17203
-1.17346
-1.17453
-1.17524
-1.1756
-1.1756
-1.17525
-1.17453
-1.17347
-1.17205
-1.17028
-1.16816
-1.1657
-1.16289
-1.15975
-1.15628
-1.15248
-1.14835
-1.14392
-1.13917
-1.13413
-1.12879
-1.12317
-1.11727
-1.11111
-0.995075
-1.00158
-1.00779
-1.01372
-1.01935
-1.02467
-1.02967
-1.03435
-1.0387
-1.04271
-1.04637
-1.04969
-1.05265
-1.05525
-1.05748
-1.05935
-1.06085
-1.06198
-1.06273
-1.06311
-1.06311
-1.06274
-1.06199
-1.06087
-1.05937
-1.0575
-1.05527
-1.05268
-1.04972
-1.0464
-1.04274
-1.03874
-1.03439
-1.02972
-1.02472
-1.0194
-1.01377
-1.00785
-1.00164
-0.995138
-0.8791
-0.885932
-0.892468
-0.8987
-0.904617
-0.910209
-0.915468
-0.920388
-0.924958
-0.929173
-0.933026
-0.936511
-0.939624
-0.942357
-0.944709
-0.946673
-0.94825
-0.949435
-0.950227
-0.950623
-0.950626
-0.950233
-0.949446
-0.948263
-0.946692
-0.944732
-0.942384
-0.939654
-0.936546
-0.933064
-0.929215
-0.925003
-0.920436
-0.91552
-0.910263
-0.904674
-0.89876
-0.892531
-0.885998
-0.879168
-0.763124
-0.770289
-0.777145
-0.78368
-0.789886
-0.795751
-0.801268
-0.806427
-0.811221
-0.815641
-0.819683
-0.823338
-0.826601
-0.829469
-0.831936
-0.833996
-0.83565
-0.836893
-0.837723
-0.83814
-0.838142
-0.83773
-0.836904
-0.835667
-0.834017
-0.831959
-0.829498
-0.826635
-0.823375
-0.819725
-0.815687
-0.81127
-0.806479
-0.801324
-0.79581
-0.78995
-0.783746
-0.777214
-0.770361
-0.763198
-0.647149
-0.654648
-0.661823
-0.668663
-0.675157
-0.681295
-0.687068
-0.692468
-0.697484
-0.702112
-0.70634
-0.710166
-0.713582
-0.716583
-0.719164
-0.721321
-0.723052
-0.724353
-0.725222
-0.725658
-0.72566
-0.72523
-0.724365
-0.723069
-0.721344
-0.719191
-0.716615
-0.713618
-0.710208
-0.706386
-0.702162
-0.697538
-0.692526
-0.687131
-0.68136
-0.675226
-0.668735
-0.661898
-0.654726
-0.647231
-0.531176
-0.539008
-0.546502
-0.553646
-0.560429
-0.56684
-0.572871
-0.57851
-0.58375
-0.588583
-0.593
-0.596996
-0.600564
-0.603699
-0.606394
-0.608648
-0.610457
-0.611814
-0.612723
-0.613178
-0.613182
-0.612731
-0.611828
-0.610476
-0.608674
-0.606425
-0.603734
-0.600605
-0.597042
-0.593051
-0.588638
-0.58381
-0.578574
-0.572938
-0.566913
-0.560505
-0.553726
-0.546585
-0.539094
-0.531265
-0.415204
-0.42337
-0.431183
-0.438631
-0.445703
-0.452387
-0.458675
-0.464555
-0.470018
-0.475056
-0.479663
-0.483829
-0.487548
-0.490817
-0.493628
-0.495979
-0.497862
-0.49928
-0.500227
-0.500701
-0.500705
-0.500235
-0.499296
-0.497885
-0.496005
-0.493662
-0.490856
-0.487594
-0.48388
-0.479719
-0.475119
-0.470084
-0.464626
-0.458751
-0.452468
-0.445787
-0.438719
-0.431275
-0.423465
-0.415302
-0.299234
-0.307734
-0.315866
-0.323619
-0.33098
-0.337938
-0.344481
-0.350602
-0.356289
-0.361533
-0.366328
-0.370664
-0.374536
-0.377938
-0.380865
-0.38331
-0.385272
-0.386748
-0.387733
-0.388229
-0.388232
-0.387744
-0.386765
-0.385297
-0.383342
-0.380902
-0.377982
-0.374587
-0.370721
-0.366391
-0.361602
-0.356364
-0.350681
-0.344566
-0.338027
-0.331074
-0.323718
-0.315968
-0.30784
-0.299344
-0.183267
-0.1921
-0.200552
-0.208609
-0.216259
-0.22349
-0.230291
-0.236651
-0.242562
-0.248014
-0.252995
-0.257503
-0.261527
-0.265063
-0.268104
-0.270647
-0.272685
-0.27422
-0.275245
-0.275759
-0.275764
-0.275256
-0.274239
-0.272713
-0.270682
-0.268147
-0.265113
-0.261585
-0.257567
-0.253067
-0.24809
-0.242646
-0.236742
-0.230386
-0.22359
-0.216364
-0.208719
-0.200667
-0.192219
-0.183389
-0.0673014
-0.0764688
-0.0852397
-0.0936012
-0.101541
-0.109045
-0.116104
-0.122706
-0.128839
-0.134496
-0.139667
-0.144346
-0.148521
-0.152192
-0.155348
-0.157987
-0.160105
-0.161695
-0.16276
-0.163295
-0.163299
-0.162774
-0.161718
-0.160136
-0.158027
-0.155397
-0.15225
-0.148586
-0.144419
-0.139748
-0.134584
-0.128934
-0.122807
-0.116212
-0.109159
-0.10166
-0.0937265
-0.0853688
-0.0766025
-0.0674392
0.0486601
0.03916
0.0300677
0.0214025
0.0131738
0.00539564
-0.0019201
-0.00876193
-0.0151201
-0.0209826
-0.0263433
-0.0311917
-0.0355217
-0.0393245
-0.0425978
-0.0453336
-0.0475269
-0.0491781
-0.0502815
-0.0508356
-0.0508408
-0.0502972
-0.0492041
-0.0475631
-0.0453792
-0.042654
-0.0393911
-0.0355968
-0.0312758
-0.026436
-0.0210835
-0.015229
-0.00887816
-0.00204253
0.00526502
0.0130371
0.0212617
0.0299215
0.0390076
0.0485047
0.164619
0.154784
0.145374
0.136402
0.127884
0.119832
0.112259
0.105176
0.0985938
0.0925249
0.0869752
0.0819558
0.077473
0.073535
0.0701466
0.0673155
0.0650422
0.0633329
0.0621908
0.061615
0.0616089
0.0621726
0.0633035
0.065
0.0672601
0.0700813
0.0734594
0.0773858
0.0818593
0.0868678
0.0924073
0.0984689
0.105042
0.112116
0.119683
0.127728
0.136239
0.145206
0.15461
0.164441
0.280574
0.270404
0.260674
0.251397
0.242589
0.234264
0.226433
0.219108
0.212304
0.206024
0.200288
0.195097
0.190461
0.186387
0.182884
0.179954
0.177603
0.175836
0.174654
0.174058
0.174051
0.174632
0.175799
0.177554
0.179892
0.182806
0.186298
0.190359
0.194981
0.200161
0.205889
0.212155
0.218952
0.226267
0.23409
0.242408
0.251209
0.260477
0.270204
0.280368
0.396523
0.38602
0.375968
0.366386
0.35729
0.348688
0.3406
0.333034
0.326002
0.319519
0.313591
0.308228
0.303438
0.299232
0.29561
0.292583
0.290155
0.288327
0.287104
0.286489
0.286481
0.287078
0.288285
0.290095
0.292507
0.29552
0.299124
0.303317
0.308092
0.313442
0.319356
0.32583
0.332848
0.340404
0.348484
0.357075
0.366164
0.37574
0.385784
0.396283
0.512467
0.501626
0.491256
0.481369
0.47198
0.463105
0.454758
0.44695
0.439695
0.433003
0.426884
0.421349
0.416406
0.412063
0.408326
0.4052
0.402692
0.400804
0.399542
0.398905
0.398893
0.39951
0.400752
0.40262
0.40511
0.408214
0.411933
0.416259
0.421184
0.426704
0.432808
0.439486
0.446728
0.454523
0.462859
0.471726
0.481105
0.490984
0.50135
0.512181
0.628401
0.617228
0.606536
0.596342
0.586662
0.577512
0.568905
0.560855
0.553374
0.546472
0.540164
0.534455
0.529359
0.524878
0.521023
0.517799
0.515211
0.513264
0.511958
0.5113
0.511286
0.51192
0.5132
0.515122
0.517684
0.520886
0.524718
0.529175
0.534255
0.539941
0.546232
0.553116
0.560583
0.568619
0.577214
0.586353
0.596021
0.606208
0.616892
0.62806
0.744329
0.732818
0.721805
0.711303
0.701332
0.691906
0.683039
0.674745
0.667036
0.659926
0.653426
0.647544
0.642291
0.637673
0.633698
0.630375
0.627705
0.625695
0.624349
0.623666
0.62365
0.624299
0.625615
0.627591
0.630228
0.633525
0.637469
0.642059
0.647288
0.653145
0.659625
0.666715
0.674403
0.682682
0.691534
0.700946
0.71091
0.721398
0.732405
0.743909
0.860243
0.848396
0.837058
0.82625
0.815985
0.806282
0.797154
0.788614
0.780679
0.773358
0.766663
0.760606
0.755193
0.750437
0.746343
0.742915
0.740166
0.738091
0.736699
0.735994
0.735972
0.736635
0.737981
0.740014
0.742728
0.746112
0.75017
0.754893
0.760269
0.7663
0.772964
0.78026
0.788177
0.796693
0.805807
0.815493
0.825746
0.836546
0.847874
0.859715
0.976141
0.963953
0.952294
0.941178
0.930617
0.920635
0.911244
0.902458
0.89429
0.886758
0.879866
0.87363
0.868057
0.863158
0.858941
0.85541
0.85257
0.850433
0.848994
0.848256
0.848226
0.848903
0.850284
0.852365
0.855145
0.858626
0.862793
0.867644
0.873174
0.879371
0.886228
0.89373
0.901866
0.910632
0.92
0.929968
0.940514
0.951621
0.963274
0.975455
1.09201
1.07949
1.0675
1.05607
1.04522
1.03495
1.02529
1.01626
1.00786
1.00011
0.99302
0.9866
0.980864
0.975812
0.971465
0.967822
0.9649
0.962682
0.961188
0.960419
0.960378
0.961055
0.962462
0.964594
0.967444
0.971004
0.975282
0.980262
0.985946
0.992308
0.999349
1.00706
1.01543
1.02443
1.03407
1.04432
1.05516
1.06658
1.07856
1.09109
1.20786
1.195
1.18268
1.17093
1.15977
1.14922
1.1393
1.13001
1.12136
1.11339
1.10609
1.09948
1.09356
1.08836
1.08387
1.08011
1.07708
1.07478
1.07322
1.0724
1.07233
1.073
1.07443
1.07659
1.07949
1.08314
1.08751
1.09263
1.09844
1.10498
1.11221
1.12013
1.12873
1.13799
1.1479
1.15843
1.16958
1.18133
1.19365
1.20653
1.32367
1.31045
1.2978
1.28573
1.27427
1.26342
1.25321
1.24365
1.23475
1.22655
1.21902
1.2122
1.20609
1.20071
1.19605
1.19215
1.18897
1.18656
1.1849
1.18401
1.18387
1.1845
1.18591
1.18807
1.191
1.19471
1.19916
1.20437
1.21033
1.21703
1.22446
1.2326
1.24143
1.25097
1.26117
1.27202
1.28351
1.29561
1.3083
1.32157
-14.8532
-14.8532
-14.8532
-14.8532
-14.8532
-14.8532
-14.8532
-14.8532
-14.8532
-14.8532
-14.8532
-14.8532
-14.8532
-14.8532
-14.8532
-14.8532
-14.8532
-14.8532
-14.8532
-14.8532
-14.8532
-14.8532
-14.8532
-14.8532
-14.8532
-14.8532
-14.8532
-14.8532
-14.8532
-14.8532
-14.8532
-14.8532
-14.8532
-14.8532
-14.8532
-14.8532
-14.8532
-14.8532
-14.8532
-14.8532
-14.5596
-14.5596
-14.5596
-14.5596
-14.5596
-14.5596
-14.5596
-14.5596
-14.5596
-14.5596
-14.5596
-14.5596
-14.5596
-14.5596
-14.5596
-14.5596
-14.5596
-14.5596
-14.5596
-14.5596
-14.5596
-14.5596
-14.5596
-14.5596
-14.5596
-14.5596
-14.5596
-14.5596
-14.5596
-14.5596
-14.5596
-14.5596
-14.5596
-14.5596
-14.5596
-14.5596
-14.5596
-14.5596
-14.5596
-14.5596
-14.266
-14.266
-14.266
-14.266
-14.266
-14.266
-14.266
-14.266
-14.266
-14.266
-14.266
-14.266
-14.266
-14.266
-14.266
-14.266
-14.266
-14.266
-14.266
-14.266
-14.266
-14.266
-14.266
-14.266
-14.266
-14.266
-14.266
-14.266
-14.266
-14.266
-14.266
-14.266
-14.266
-14.266
-14.266
-14.266
-14.266
-14.266
-14.266
-14.266
-13.9724
-13.9724
-13.9724
-13.9724
-13.9724
-13.9724
-13.9724
-13.9724
-13.9724
-13.9724
-13.9724
-13.9724
-13.9724
-13.9724
-13.9724
-13.9724
-13.9724
-13.9724
-13.9724
-13.9725
-13.9724
-13.9724
-13.9724
-13.9724
-13.9724
-13.9724
-13.9724
-13.9724
-13.9724
-13.9724
-13.9724
-13.9724
-13.9724
-13.9724
-13.9724
-13.9724
-13.9724
-13.9724
-13.9724
-13.9724
-13.6789
-13.6789
-13.6789
-13.6789
-13.6789
-13.6789
-13.6789
-13.6789
-13.6789
-13.6789
-13.6789
-13.6789
-13.6789
-13.6789
-13.6789
-13.6789
-13.6789
-13.6789
-13.6789
-13.6789
-13.6789
-13.6789
-13.6789
-13.6789
-13.6789
-13.6789
-13.6789
-13.6789
-13.6789
-13.6789
-13.6789
-13.6789
-13.6789
-13.6789
-13.6789
-13.6789
-13.6789
-13.6789
-13.6789
-13.6789
-13.3853
-13.3853
-13.3853
-13.3853
-13.3853
-13.3853
-13.3853
-13.3853
-13.3853
-13.3853
-13.3853
-13.3853
-13.3853
-13.3853
-13.3853
-13.3853
-13.3853
-13.3853
-13.3853
-13.3853
-13.3853
-13.3853
-13.3853
-13.3853
-13.3853
-13.3853
-13.3853
-13.3853
-13.3853
-13.3853
-13.3853
-13.3853
-13.3853
-13.3853
-13.3853
-13.3853
-13.3853
-13.3853
-13.3853
-13.3853
-13.0917
-13.0917
-13.0917
-13.0917
-13.0917
-13.0917
-13.0917
-13.0917
-13.0917
-13.0917
-13.0917
-13.0917
-13.0917
-13.0917
-13.0917
-13.0917
-13.0917
-13.0917
-13.0917
-13.0917
-13.0917
-13.0917
-13.0917
-13.0917
-13.0917
-13.0917
-13.0917
-13.0917
-13.0917
-13.0917
-13.0917
-13.0917
-13.0917
-13.0917
-13.0917
-13.0917
-13.0917
-13.0917
-13.0917
-13.0917
-12.7981
-12.7981
-12.7981
-12.7981
-12.7981
-12.7981
-12.7981
-12.7981
-12.7981
-12.7981
-12.7981
-12.7981
-12.7981
-12.7981
-12.7981
-12.7981
-12.7981
-12.7981
-12.7981
-12.7981
-12.7981
-12.7981
-12.7981
-12.7981
-12.7981
-12.7981
-12.7981
-12.7981
-12.7981
-12.7981
-12.7981
-12.7981
-12.7981
-12.7981
-12.7981
-12.7981
-12.7981
-12.7981
-12.7981
-12.7981
-12.5045
-12.5045
-12.5045
-12.5045
-12.5045
-12.5045
-12.5045
-12.5045
-12.5045
-12.5045
-12.5045
-12.5045
-12.5045
-12.5045
-12.5045
-12.5045
-12.5045
-12.5045
-12.5045
-12.5045
-12.5045
-12.5045
-12.5045
-12.5045
-12.5045
-12.5045
-12.5045
-12.5045
-12.5045
-12.5045
-12.5045
-12.5045
-12.5045
-12.5045
-12.5045
-12.5045
-12.5045
-12.5045
-12.5045
-12.5045
-12.2109
-12.2109
-12.2109
-12.2109
-12.2109
-12.2109
-12.2109
-12.2109
-12.2109
-12.2109
-12.2109
-12.2109
-12.2109
-12.2109
-12.2109
-12.2109
-12.2109
-12.2109
-12.2109
-12.2109
-12.2109
-12.2109
-12.2109
-12.2109
-12.2109
-12.2109
-12.2109
-12.2109
-12.2109
-12.2109
-12.2109
-12.2109
-12.2109
-12.2109
-12.2109
-12.2109
-12.2109
-12.2109
-12.2109
-12.2109
-11.9173
-11.9173
-11.9173
-11.9173
-11.9173
-11.9173
-11.9173
-11.9173
-11.9173
-11.9173
-11.9173
-11.9173
-11.9173
-11.9173
-11.9173
-11.9173
-11.9173
-11.9173
-11.9173
-11.9173
-11.9173
-11.9173
-11.9173
-11.9173
-11.9173
-11.9173
-11.9173
-11.9173
-11.9173
-11.9173
-11.9173
-11.9173
-11.9173
-11.9173
-11.9173
-11.9173
-11.9173
-11.9173
-11.9173
-11.9173
-11.6237
-11.6238
-11.6237
-11.6237
-11.6237
-11.6237
-11.6238
-11.6237
-11.6237
-11.6237
-11.6237
-11.6237
-11.6238
-11.6237
-11.6237
-11.6237
-11.6237
-11.6237
-11.6237
-11.6237
-11.6237
-11.6237
-11.6237
-11.6237
-11.6237
-11.6237
-11.6237
-11.6238
-11.6237
-11.6237
-11.6237
-11.6237
-11.6237
-11.6238
-11.6237
-11.6237
-11.6237
-11.6237
-11.6238
-11.6237
-11.3302
-11.3302
-11.3302
-11.3302
-11.3302
-11.3302
-11.3302
-11.3302
-11.3302
-11.3302
-11.3302
-11.3302
-11.3302
-11.3302
-11.3302
-11.3302
-11.3302
-11.3302
-11.3302
-11.3302
-11.3302
-11.3302
-11.3302
-11.3302
-11.3302
-11.3302
-11.3302
-11.3302
-11.3302
-11.3302
-11.3302
-11.3302
-11.3302
-11.3302
-11.3302
-11.3302
-11.3302
-11.3302
-11.3302
-11.3302
-11.0366
-11.0366
-11.0366
-11.0366
-11.0366
-11.0366
-11.0366
-11.0366
-11.0366
-11.0366
-11.0366
-11.0366
-11.0366
-11.0366
-11.0366
-11.0366
-11.0366
-11.0366
-11.0366
-11.0366
-11.0366
-11.0366
-11.0366
-11.0366
-11.0366
-11.0366
-11.0366
-11.0366
-11.0366
-11.0366
-11.0366
-11.0366
-11.0366
-11.0366
-11.0366
-11.0366
-11.0366
-11.0366
-11.0366
-11.0366
-10.743
-10.743
-10.743
-10.743
-10.743
-10.743
-10.743
-10.743
-10.743
-10.743
-10.743
-10.743
-10.743
-10.743
-10.743
-10.743
-10.743
-10.743
-10.743
-10.743
-10.743
-10.743
-10.743
-10.743
-10.743
-10.743
-10.743
-10.743
-10.743
-10.743
-10.743
-10.743
-10.743
-10.743
-10.743
-10.743
-10.743
-10.743
-10.743
-10.743
-10.4494
-10.4494
-10.4494
-10.4494
-10.4494
-10.4494
-10.4494
-10.4494
-10.4494
-10.4494
-10.4494
-10.4494
-10.4494
-10.4494
-10.4494
-10.4494
-10.4494
-10.4494
-10.4494
-10.4494
-10.4494
-10.4494
-10.4494
-10.4494
-10.4494
-10.4494
-10.4494
-10.4494
-10.4494
-10.4494
-10.4494
-10.4494
-10.4494
-10.4494
-10.4494
-10.4494
-10.4494
-10.4494
-10.4494
-10.4494
-10.1558
-10.1558
-10.1558
-10.1558
-10.1558
-10.1558
-10.1558
-10.1558
-10.1558
-10.1558
-10.1558
-10.1558
-10.1558
-10.1558
-10.1558
-10.1558
-10.1558
-10.1558
-10.1558
-10.1558
-10.1558
-10.1558
-10.1558
-10.1558
-10.1558
-10.1558
-10.1558
-10.1558
-10.1558
-10.1558
-10.1558
-10.1558
-10.1558
-10.1558
-10.1558
-10.1558
-10.1558
-10.1558
-10.1558
-10.1558
-9.86222
-9.86222
-9.86222
-9.86222
-9.86222
-9.86222
-9.86222
-9.86222
-9.86222
-9.86222
-9.86222
-9.86222
-9.86222
-9.86222
-9.86222
-9.86222
-9.86222
-9.86222
-9.86222
-9.86222
-9.86222
-9.86222
-9.86222
-9.86222
-9.86222
-9.86222
-9.86222
-9.86222
-9.86222
-9.86222
-9.86222
-9.86222
-9.86222
-9.86222
-9.86222
-9.86222
-9.86222
-9.86222
-9.86222
-9.86222
-9.56865
-9.56865
-9.56865
-9.56865
-9.56865
-9.56865
-9.56865
-9.56865
-9.56865
-9.56865
-9.56865
-9.56865
-9.56865
-9.56865
-9.56865
-9.56865
-9.56865
-9.56865
-9.56865
-9.56865
-9.56865
-9.56865
-9.56865
-9.56865
-9.56865
-9.56865
-9.56865
-9.56865
-9.56865
-9.56865
-9.56865
-9.56865
-9.56865
-9.56865
-9.56865
-9.56865
-9.56865
-9.56865
-9.56865
-9.56865
-9.27506
-9.27506
-9.27506
-9.27506
-9.27506
-9.27506
-9.27506
-9.27506
-9.27506
-9.27506
-9.27506
-9.27506
-9.27506
-9.27506
-9.27506
-9.27506
-9.27506
-9.27506
-9.27506
-9.27506
-9.27506
-9.27506
-9.27506
-9.27506
-9.27506
-9.27506
-9.27506
-9.27506
-9.27506
-9.27506
-9.27506
-9.27506
-9.27506
-9.27506
-9.27506
-9.27506
-9.27506
-9.27506
-9.27506
-9.27506
-8.98147
-8.98148
-8.98148
-8.98148
-8.98147
-8.98148
-8.98148
-8.98148
-8.98148
-8.98148
-8.98148
-8.98148
-8.98147
-8.98148
-8.98148
-8.98148
-8.98148
-8.98148
-8.98148
-8.98147
-8.98148
-8.98148
-8.98148
-8.98148
-8.98148
-8.98148
-8.98147
-8.98148
-8.98148
-8.98148
-8.98148
-8.98148
-8.98148
-8.98147
-8.98148
-8.98148
-8.98148
-8.98148
-8.98147
-8.98148
-8.68789
-8.68789
-8.68789
-8.68789
-8.68789
-8.68789
-8.68789
-8.68789
-8.68789
-8.68789
-8.68789
-8.68789
-8.68789
-8.68789
-8.68789
-8.68789
-8.68789
-8.68789
-8.68789
-8.68789
-8.68789
-8.68789
-8.68789
-8.68789
-8.68789
-8.68789
-8.68789
-8.68789
-8.68789
-8.68789
-8.68789
-8.68789
-8.68789
-8.68789
-8.68789
-8.68789
-8.68789
-8.68789
-8.68789
-8.68789
-8.3943
-8.3943
-8.3943
-8.3943
-8.3943
-8.3943
-8.3943
-8.3943
-8.3943
-8.3943
-8.3943
-8.3943
-8.3943
-8.3943
-8.3943
-8.3943
-8.3943
-8.3943
-8.3943
-8.39431
-8.3943
-8.3943
-8.3943
-8.3943
-8.3943
-8.3943
-8.3943
-8.39431
-8.3943
-8.3943
-8.3943
-8.3943
-8.3943
-8.3943
-8.3943
-8.3943
-8.3943
-8.3943
-8.3943
-8.3943
-8.10072
-8.10072
-8.10072
-8.10072
-8.10072
-8.10072
-8.10072
-8.10072
-8.10072
-8.10072
-8.10072
-8.10072
-8.10072
-8.10072
-8.10072
-8.10072
-8.10072
-8.10072
-8.10072
-8.10072
-8.10072
-8.10072
-8.10072
-8.10072
-8.10072
-8.10072
-8.10072
-8.10072
-8.10072
-8.10072
-8.10072
-8.10072
-8.10072
-8.10072
-8.10072
-8.10072
-8.10072
-8.10072
-8.10072
-8.10072
-7.80713
-7.80713
-7.80713
-7.80713
-7.80713
-7.80713
-7.80713
-7.80713
-7.80713
-7.80713
-7.80713
-7.80713
-7.80713
-7.80713
-7.80713
-7.80713
-7.80713
-7.80713
-7.80713
-7.80713
-7.80714
-7.80713
-7.80713
-7.80713
-7.80713
-7.80713
-7.80713
-7.80713
-7.80713
-7.80713
-7.80713
-7.80713
-7.80713
-7.80713
-7.80713
-7.80713
-7.80713
-7.80713
-7.80713
-7.80713
-7.51354
-7.51354
-7.51354
-7.51354
-7.51354
-7.51354
-7.51354
-7.51354
-7.51354
-7.51354
-7.51354
-7.51354
-7.51354
-7.51354
-7.51354
-7.51354
-7.51354
-7.51354
-7.51354
-7.51355
-7.51354
-7.51354
-7.51354
-7.51354
-7.51354
-7.51354
-7.51354
-7.51354
-7.51354
-7.51354
-7.51354
-7.51354
-7.51354
-7.51354
-7.51354
-7.51354
-7.51354
-7.51354
-7.51354
-7.51354
-7.21996
-7.21996
-7.21996
-7.21996
-7.21996
-7.21996
-7.21996
-7.21996
-7.21996
-7.21996
-7.21996
-7.21996
-7.21996
-7.21996
-7.21996
-7.21996
-7.21996
-7.21996
-7.21996
-7.21996
-7.21996
-7.21996
-7.21996
-7.21996
-7.21996
-7.21996
-7.21996
-7.21996
-7.21996
-7.21996
-7.21996
-7.21996
-7.21996
-7.21996
-7.21996
-7.21996
-7.21996
-7.21996
-7.21996
-7.21996
-6.92637
-6.92638
-6.92638
-6.92638
-6.92637
-6.92638
-6.92638
-6.92638
-6.92637
-6.92638
-6.92638
-6.92638
-6.92638
-6.92637
-6.92638
-6.92638
-6.92638
-6.92638
-6.92638
-6.92638
-6.92637
-6.92638
-6.92638
-6.92638
-6.92638
-6.92638
-6.92637
-6.92638
-6.92638
-6.92638
-6.92638
-6.92637
-6.92638
-6.92638
-6.92638
-6.92637
-6.92638
-6.92638
-6.92638
-6.92637
-6.63279
-6.63279
-6.63279
-6.63279
-6.63279
-6.63279
-6.63279
-6.63279
-6.63279
-6.63279
-6.63279
-6.63279
-6.63279
-6.63278
-6.63279
-6.63279
-6.63279
-6.63279
-6.63279
-6.63279
-6.63279
-6.63279
-6.63279
-6.63279
-6.63279
-6.63279
-6.63279
-6.63279
-6.63279
-6.63279
-6.63279
-6.63279
-6.63279
-6.63279
-6.63279
-6.63279
-6.63279
-6.63279
-6.63279
-6.63279
-6.3392
-6.3392
-6.3392
-6.3392
-6.3392
-6.3392
-6.3392
-6.3392
-6.3392
-6.3392
-6.3392
-6.3392
-6.3392
-6.3392
-6.3392
-6.3392
-6.3392
-6.3392
-6.3392
-6.3392
-6.3392
-6.3392
-6.3392
-6.3392
-6.3392
-6.3392
-6.3392
-6.3392
-6.3392
-6.3392
-6.3392
-6.3392
-6.3392
-6.3392
-6.3392
-6.3392
-6.3392
-6.3392
-6.3392
-6.3392
-6.04561
-6.04561
-6.04561
-6.04561
-6.04561
-6.04561
-6.04561
-6.04561
-6.04561
-6.04561
-6.04561
-6.04561
-6.04562
-6.04561
-6.04561
-6.04561
-6.04561
-6.04561
-6.04561
-6.04562
-6.04561
-6.04561
-6.04561
-6.04561
-6.04561
-6.04561
-6.04561
-6.04562
-6.04561
-6.04561
-6.04561
-6.04561
-6.04561
-6.04561
-6.04561
-6.04561
-6.04561
-6.04561
-6.04561
-6.04561
-5.75202
-5.75202
-5.75202
-5.75202
-5.75202
-5.75202
-5.75202
-5.75202
-5.75202
-5.75202
-5.75202
-5.75202
-5.75202
-5.75202
-5.75202
-5.75202
-5.75202
-5.75202
-5.75202
-5.75202
-5.75202
-5.75202
-5.75202
-5.75202
-5.75202
-5.75202
-5.75202
-5.75202
-5.75202
-5.75202
-5.75202
-5.75202
-5.75202
-5.75202
-5.75202
-5.75202
-5.75202
-5.75202
-5.75202
-5.75202
-5.45844
-5.45844
-5.45844
-5.45844
-5.45844
-5.45844
-5.45844
-5.45844
-5.45844
-5.45844
-5.45844
-5.45844
-5.45844
-5.45844
-5.45844
-5.45844
-5.45844
-5.45844
-5.45844
-5.45844
-5.45844
-5.45844
-5.45844
-5.45844
-5.45844
-5.45844
-5.45844
-5.45844
-5.45844
-5.45844
-5.45844
-5.45844
-5.45844
-5.45844
-5.45844
-5.45844
-5.45844
-5.45844
-5.45844
-5.45844
-5.16485
-5.16485
-5.16486
-5.16486
-5.16485
-5.16485
-5.16485
-5.16486
-5.16485
-5.16485
-5.16486
-5.16486
-5.16486
-5.16485
-5.16486
-5.16486
-5.16486
-5.16486
-5.16486
-5.16485
-5.16486
-5.16486
-5.16486
-5.16486
-5.16486
-5.16486
-5.16486
-5.16485
-5.16486
-5.16486
-5.16486
-5.16485
-5.16486
-5.16486
-5.16486
-5.16485
-5.16486
-5.16486
-5.16486
-5.16485
-4.87126
-4.87126
-4.87126
-4.87126
-4.87126
-4.87126
-4.87126
-4.87126
-4.87126
-4.87126
-4.87126
-4.87126
-4.87127
-4.87127
-4.87126
-4.87126
-4.87126
-4.87126
-4.87126
-4.87127
-4.87127
-4.87126
-4.87126
-4.87126
-4.87126
-4.87126
-4.87126
-4.87127
-4.87126
-4.87126
-4.87126
-4.87126
-4.87126
-4.87126
-4.87126
-4.87126
-4.87126
-4.87126
-4.87126
-4.87126
-4.57768
-4.57768
-4.57768
-4.57768
-4.57768
-4.57768
-4.57768
-4.57768
-4.57768
-4.57768
-4.57768
-4.57768
-4.57768
-4.57768
-4.57768
-4.57768
-4.57768
-4.57768
-4.57768
-4.57768
-4.57768
-4.57768
-4.57768
-4.57768
-4.57768
-4.57768
-4.57768
-4.57768
-4.57768
-4.57768
-4.57768
-4.57768
-4.57768
-4.57768
-4.57768
-4.57768
-4.57768
-4.57768
-4.57768
-4.57768
-4.28409
-4.28409
-4.28409
-4.28409
-4.28409
-4.28409
-4.28409
-4.28409
-4.28409
-4.28409
-4.28409
-4.28409
-4.28409
-4.28409
-4.28409
-4.28409
-4.28409
-4.28409
-4.28409
-4.28409
-4.28409
-4.28409
-4.28409
-4.28409
-4.28409
-4.28409
-4.28409
-4.28409
-4.28409
-4.28409
-4.28409
-4.28409
-4.28409
-4.28409
-4.28409
-4.28409
-4.28409
-4.28409
-4.28409
-4.28409
-3.99051
-3.99051
-3.99051
-3.99051
-3.99051
-3.99051
-3.99051
-3.99051
-3.99051
-3.99051
-3.99051
-3.99051
-3.99051
-3.99051
-3.99051
-3.99051
-3.99051
-3.99051
-3.99051
-3.99051
-3.99051
-3.99051
-3.99051
-3.99051
-3.99051
-3.99051
-3.99051
-3.99051
-3.99051
-3.99051
-3.99051
-3.99051
-3.99051
-3.99051
-3.99051
-3.99051
-3.99051
-3.99051
-3.99051
-3.99051
-3.69692
-3.69692
-3.69692
-3.69692
-3.69692
-3.69692
-3.69692
-3.69692
-3.69692
-3.69692
-3.69692
-3.69692
-3.69692
-3.69692
-3.69692
-3.69692
-3.69692
-3.69692
-3.69692
-3.69692
-3.69692
-3.69692
-3.69692
-3.69692
-3.69692
-3.69692
-3.69692
-3.69693
-3.69692
-3.69692
-3.69692
-3.69692
-3.69692
-3.69692
-3.69693
-3.69692
-3.69692
-3.69692
-3.69692
-3.69692
-3.40333
-3.40333
-3.40334
-3.40334
-3.40334
-3.40333
-3.40334
-3.40333
-3.40334
-3.40333
-3.40334
-3.40334
-3.40334
-3.40334
-3.40333
-3.40334
-3.40334
-3.40334
-3.40334
-3.40333
-3.40334
-3.40334
-3.40334
-3.40334
-3.40333
-3.40333
-3.40334
-3.40334
-3.40334
-3.40334
-3.40334
-3.40334
-3.40334
-3.40334
-3.40334
-3.40334
-3.40334
-3.40334
-3.40334
-3.40334
6.84666
6.84666
6.84666
6.84666
6.84666
6.84666
6.84666
6.84666
6.84666
6.84666
6.84666
6.84666
6.84666
6.84666
6.84666
6.84666
6.84666
6.84666
6.84666
6.84666
6.84666
6.84666
6.84666
6.84666
6.84666
6.84666
6.84666
6.84666
6.84666
6.84666
6.84666
6.84666
6.84666
6.84666
6.84666
6.84666
6.84666
6.84666
6.84666
6.84666
7.05307
7.05307
7.05307
7.05307
7.05307
7.05307
7.05307
7.05307
7.05307
7.05307
7.05307
7.05307
7.05307
7.05307
7.05307
7.05307
7.05307
7.05307
7.05307
7.05308
7.05307
7.05307
7.05307
7.05307
7.05307
7.05307
7.05307
7.05307
7.05307
7.05307
7.05307
7.05307
7.05307
7.05307
7.05307
7.05307
7.05307
7.05307
7.05307
7.05307
7.25949
7.25949
7.25949
7.25949
7.25949
7.25949
7.25949
7.25949
7.25949
7.25949
7.25949
7.25949
7.25949
7.25949
7.25949
7.25949
7.25949
7.25949
7.25949
7.25949
7.25949
7.25949
7.25949
7.25949
7.25949
7.25949
7.25949
7.25949
7.25949
7.25949
7.25949
7.25949
7.25949
7.25949
7.25949
7.25949
7.25949
7.25949
7.25949
7.25949
7.4659
7.4659
7.4659
7.4659
7.4659
7.4659
7.4659
7.4659
7.4659
7.4659
7.4659
7.4659
7.4659
7.4659
7.4659
7.4659
7.4659
7.4659
7.4659
7.46591
7.4659
7.4659
7.4659
7.4659
7.4659
7.4659
7.4659
7.4659
7.4659
7.4659
7.4659
7.4659
7.4659
7.4659
7.4659
7.4659
7.4659
7.4659
7.4659
7.4659
7.67232
7.67232
7.67232
7.67232
7.67232
7.67232
7.67232
7.67232
7.67232
7.67232
7.67232
7.67232
7.67232
7.67232
7.67232
7.67232
7.67232
7.67232
7.67232
7.67232
7.67232
7.67232
7.67232
7.67232
7.67232
7.67232
7.67232
7.67232
7.67232
7.67232
7.67232
7.67232
7.67232
7.67232
7.67232
7.67232
7.67232
7.67232
7.67232
7.67232
7.87873
7.87873
7.87873
7.87873
7.87873
7.87873
7.87873
7.87873
7.87873
7.87873
7.87873
7.87873
7.87873
7.87873
7.87873
7.87873
7.87873
7.87873
7.87873
7.87873
7.87873
7.87873
7.87873
7.87873
7.87873
7.87873
7.87873
7.87873
7.87873
7.87873
7.87873
7.87873
7.87873
7.87873
7.87873
7.87873
7.87873
7.87873
7.87873
7.87873
8.08515
8.08515
8.08515
8.08514
8.08515
8.08515
8.08515
8.08514
8.08515
8.08515
8.08515
8.08514
8.08515
8.08515
8.08515
8.08515
8.08515
8.08515
8.08515
8.08514
8.08515
8.08515
8.08515
8.08515
8.08515
8.08515
8.08515
8.08515
8.08515
8.08515
8.08515
8.08515
8.08514
8.08515
8.08515
8.08515
8.08514
8.08515
8.08515
8.08515
8.29156
8.29156
8.29156
8.29156
8.29156
8.29156
8.29156
8.29156
8.29156
8.29156
8.29156
8.29156
8.29156
8.29156
8.29156
8.29156
8.29156
8.29156
8.29156
8.29156
8.29156
8.29156
8.29156
8.29156
8.29156
8.29156
8.29156
8.29156
8.29156
8.29156
8.29156
8.29156
8.29156
8.29156
8.29156
8.29156
8.29156
8.29156
8.29156
8.29156
8.49798
8.49798
8.49797
8.49797
8.49797
8.49797
8.49798
8.49797
8.49797
8.49797
8.49798
8.49798
8.49797
8.49797
8.49797
8.49797
8.49797
8.49797
8.49797
8.49797
8.49798
8.49797
8.49797
8.49797
8.49797
8.49797
8.49797
8.49797
8.49798
8.49797
8.49797
8.49797
8.49797
8.49798
8.49797
8.49797
8.49797
8.49797
8.49798
8.49797
8.70439
8.70439
8.70438
8.70438
8.70438
8.70438
8.70439
8.70438
8.70438
8.70438
8.70439
8.70438
8.70438
8.70438
8.70438
8.70438
8.70438
8.70438
8.70438
8.70438
8.70439
8.70438
8.70438
8.70438
8.70438
8.70438
8.70438
8.70438
8.70438
8.70438
8.70438
8.70438
8.70439
8.70438
8.70438
8.70438
8.70439
8.70438
8.70438
8.70438
8.9108
8.9108
8.9108
8.9108
8.9108
8.9108
8.9108
8.9108
8.9108
8.9108
8.9108
8.9108
8.9108
8.9108
8.9108
8.9108
8.9108
8.9108
8.9108
8.9108
8.9108
8.9108
8.9108
8.9108
8.9108
8.9108
8.9108
8.9108
8.9108
8.9108
8.9108
8.9108
8.9108
8.9108
8.9108
8.9108
8.9108
8.9108
8.9108
8.9108
9.11722
9.11722
9.11722
9.11721
9.11722
9.11722
9.11722
9.11721
9.11722
9.11722
9.11722
9.11722
9.11722
9.11722
9.11722
9.11722
9.11722
9.11722
9.11722
9.11722
9.11722
9.11722
9.11722
9.11722
9.11722
9.11722
9.11722
9.11722
9.11722
9.11722
9.11722
9.11722
9.11721
9.11722
9.11722
9.11722
9.11721
9.11722
9.11722
9.11722
9.32362
9.32362
9.32362
9.32362
9.32362
9.32362
9.32362
9.32362
9.32362
9.32362
9.32362
9.32362
9.32362
9.32362
9.32362
9.32362
9.32362
9.32362
9.32362
9.32363
9.32362
9.32362
9.32362
9.32362
9.32362
9.32362
9.32362
9.32362
9.32362
9.32362
9.32362
9.32362
9.32362
9.32362
9.32362
9.32362
9.32362
9.32362
9.32362
9.32362
9.53004
9.53004
9.53004
9.53004
9.53004
9.53004
9.53004
9.53004
9.53004
9.53004
9.53004
9.53004
9.53004
9.53004
9.53004
9.53004
9.53004
9.53004
9.53004
9.53004
9.53004
9.53004
9.53004
9.53004
9.53004
9.53004
9.53004
9.53004
9.53004
9.53004
9.53004
9.53004
9.53004
9.53004
9.53004
9.53004
9.53004
9.53004
9.53004
9.53004
9.73645
9.73645
9.73645
9.73645
9.73645
9.73645
9.73645
9.73645
9.73645
9.73645
9.73645
9.73645
9.73645
9.73645
9.73645
9.73645
9.73645
9.73645
9.73645
9.73646
9.73645
9.73645
9.73645
9.73645
9.73645
9.73645
9.73645
9.73645
9.73645
9.73645
9.73645
9.73645
9.73645
9.73645
9.73645
9.73645
9.73645
9.73645
9.73645
9.73645
9.94288
9.94288
9.94288
9.94288
9.94288
9.94288
9.94288
9.94288
9.94288
9.94288
9.94288
9.94288
9.94288
9.94288
9.94288
9.94288
9.94288
9.94288
9.94288
9.94288
9.94288
9.94288
9.94288
9.94288
9.94288
9.94288
9.94288
9.94288
9.94288
9.94288
9.94288
9.94288
9.94288
9.94288
9.94288
9.94288
9.94288
9.94288
9.94288
9.94288
10.1493
10.1493
10.1493
10.1493
10.1493
10.1493
10.1493
10.1493
10.1493
10.1493
10.1493
10.1493
10.1493
10.1493
10.1493
10.1493
10.1493
10.1493
10.1493
10.1493
10.1493
10.1493
10.1493
10.1493
10.1493
10.1493
10.1493
10.1493
10.1493
10.1493
10.1493
10.1493
10.1493
10.1493
10.1493
10.1493
10.1493
10.1493
10.1493
10.1493
10.3557
10.3557
10.3557
10.3557
10.3557
10.3557
10.3557
10.3557
10.3557
10.3557
10.3557
10.3557
10.3557
10.3557
10.3557
10.3557
10.3557
10.3557
10.3557
10.3557
10.3557
10.3557
10.3557
10.3557
10.3557
10.3557
10.3557
10.3557
10.3557
10.3557
10.3557
10.3557
10.3557
10.3557
10.3557
10.3557
10.3557
10.3557
10.3557
10.3557
10.5621
10.5621
10.5621
10.5621
10.5621
10.5621
10.5621
10.5621
10.5621
10.5621
10.5621
10.5621
10.5621
10.5621
10.5621
10.5621
10.5621
10.5621
10.5621
10.5621
10.5621
10.5621
10.5621
10.5621
10.5621
10.5621
10.5621
10.5621
10.5621
10.5621
10.5621
10.5621
10.5621
10.5621
10.5621
10.5621
10.5621
10.5621
10.5621
10.5621
10.7685
10.7685
10.7685
10.7685
10.7685
10.7685
10.7685
10.7685
10.7685
10.7685
10.7685
10.7685
10.7685
10.7685
10.7685
10.7685
10.7685
10.7685
10.7685
10.7685
10.7685
10.7685
10.7685
10.7685
10.7685
10.7685
10.7685
10.7685
10.7685
10.7685
10.7685
10.7685
10.7685
10.7685
10.7685
10.7685
10.7685
10.7685
10.7685
10.7685
10.9749
10.9749
10.9749
10.9749
10.9749
10.9749
10.9749
10.9749
10.9749
10.9749
10.9749
10.9749
10.9749
10.9749
10.9749
10.9749
10.9749
10.9749
10.9749
10.9749
10.9749
10.9749
10.9749
10.9749
10.9749
10.9749
10.9749
10.9749
10.9749
10.9749
10.9749
10.9749
10.9749
10.9749
10.9749
10.9749
10.9749
10.9749
10.9749
10.9749
11.1814
11.1814
11.1813
11.1813
11.1814
11.1814
11.1814
11.1813
11.1814
11.1814
11.1814
11.1813
11.1814
11.1814
11.1814
11.1814
11.1814
11.1814
11.1814
11.1813
11.1814
11.1814
11.1814
11.1814
11.1814
11.1814
11.1814
11.1814
11.1814
11.1814
11.1814
11.1814
11.1814
11.1814
11.1814
11.1814
11.1814
11.1814
11.1814
11.1814
11.3878
11.3878
11.3878
11.3878
11.3878
11.3878
11.3878
11.3878
11.3878
11.3878
11.3878
11.3878
11.3878
11.3878
11.3878
11.3878
11.3878
11.3878
11.3878
11.3878
11.3878
11.3878
11.3878
11.3878
11.3878
11.3878
11.3878
11.3878
11.3878
11.3878
11.3878
11.3878
11.3878
11.3878
11.3878
11.3878
11.3878
11.3878
11.3878
11.3878
11.5942
11.5942
11.5942
11.5942
11.5942
11.5942
11.5942
11.5942
11.5942
11.5942
11.5942
11.5942
11.5942
11.5942
11.5942
11.5942
11.5942
11.5942
11.5942
11.5942
11.5942
11.5942
11.5942
11.5942
11.5942
11.5942
11.5942
11.5942
11.5942
11.5942
11.5942
11.5942
11.5942
11.5942
11.5942
11.5942
11.5942
11.5942
11.5942
11.5942
11.8006
11.8006
11.8006
11.8006
11.8006
11.8006
11.8006
11.8006
11.8006
11.8006
11.8006
11.8006
11.8006
11.8006
11.8006
11.8006
11.8006
11.8006
11.8006
11.8006
11.8006
11.8006
11.8006
11.8006
11.8006
11.8006
11.8006
11.8006
11.8006
11.8006
11.8006
11.8006
11.8006
11.8006
11.8006
11.8006
11.8006
11.8006
11.8006
11.8006
12.007
12.007
12.007
12.007
12.007
12.007
12.007
12.007
12.007
12.007
12.007
12.007
12.007
12.007
12.007
12.007
12.007
12.007
12.007
12.007
12.007
12.007
12.007
12.007
12.007
12.007
12.007
12.007
12.007
12.007
12.007
12.007
12.007
12.007
12.007
12.007
12.007
12.007
12.007
12.007
12.2134
12.2134
12.2134
12.2134
12.2134
12.2134
12.2134
12.2134
12.2134
12.2134
12.2134
12.2134
12.2134
12.2134
12.2134
12.2134
12.2134
12.2134
12.2134
12.2134
12.2134
12.2134
12.2134
12.2134
12.2134
12.2134
12.2134
12.2134
12.2134
12.2134
12.2134
12.2134
12.2134
12.2134
12.2134
12.2134
12.2134
12.2134
12.2134
12.2134
12.4198
12.4198
12.4198
12.4198
12.4198
12.4198
12.4198
12.4198
12.4198
12.4198
12.4198
12.4198
12.4198
12.4198
12.4198
12.4198
12.4198
12.4198
12.4198
12.4198
12.4198
12.4198
12.4198
12.4198
12.4198
12.4198
12.4198
12.4198
12.4198
12.4198
12.4198
12.4198
12.4198
12.4198
12.4198
12.4198
12.4198
12.4198
12.4198
12.4198
12.6262
12.6262
12.6262
12.6262
12.6262
12.6262
12.6262
12.6262
12.6262
12.6262
12.6263
12.6262
12.6262
12.6262
12.6262
12.6262
12.6262
12.6262
12.6262
12.6262
12.6262
12.6262
12.6262
12.6262
12.6262
12.6262
12.6262
12.6262
12.6262
12.6262
12.6262
12.6262
12.6262
12.6262
12.6262
12.6262
12.6262
12.6262
12.6262
12.6262
12.8327
12.8327
12.8327
12.8327
12.8327
12.8327
12.8327
12.8327
12.8327
12.8327
12.8327
12.8327
12.8327
12.8327
12.8327
12.8327
12.8327
12.8327
12.8327
12.8327
12.8327
12.8327
12.8327
12.8327
12.8327
12.8327
12.8327
12.8327
12.8327
12.8327
12.8327
12.8327
12.8327
12.8327
12.8327
12.8327
12.8327
12.8327
12.8327
12.8327
13.0391
13.0391
13.0391
13.0391
13.0391
13.0391
13.0391
13.0391
13.0391
13.0391
13.0391
13.0391
13.0391
13.0391
13.0391
13.0391
13.0391
13.0391
13.0391
13.0391
13.0391
13.0391
13.0391
13.0391
13.0391
13.0391
13.0391
13.0391
13.0391
13.0391
13.0391
13.0391
13.0391
13.0391
13.0391
13.0391
13.0391
13.0391
13.0391
13.0391
13.2455
13.2455
13.2455
13.2455
13.2455
13.2455
13.2455
13.2455
13.2455
13.2455
13.2455
13.2455
13.2455
13.2455
13.2455
13.2455
13.2455
13.2455
13.2455
13.2455
13.2455
13.2455
13.2455
13.2455
13.2455
13.2455
13.2455
13.2455
13.2455
13.2455
13.2455
13.2455
13.2455
13.2455
13.2455
13.2455
13.2455
13.2455
13.2455
13.2455
13.4519
13.4519
13.4519
13.4519
13.4519
13.4519
13.4519
13.4519
13.4519
13.4519
13.4519
13.4519
13.4519
13.4519
13.4519
13.4519
13.4519
13.4519
13.4519
13.4519
13.4519
13.4519
13.4519
13.4519
13.4519
13.4519
13.4519
13.4519
13.4519
13.4519
13.4519
13.4519
13.4519
13.4519
13.4519
13.4519
13.4519
13.4519
13.4519
13.4519
13.6583
13.6583
13.6583
13.6583
13.6583
13.6583
13.6583
13.6583
13.6583
13.6583
13.6583
13.6583
13.6583
13.6583
13.6583
13.6583
13.6583
13.6583
13.6583
13.6583
13.6583
13.6583
13.6583
13.6583
13.6583
13.6583
13.6583
13.6583
13.6583
13.6583
13.6583
13.6583
13.6583
13.6583
13.6583
13.6583
13.6583
13.6583
13.6583
13.6583
13.8647
13.8647
13.8647
13.8647
13.8647
13.8647
13.8647
13.8647
13.8647
13.8647
13.8647
13.8647
13.8647
13.8647
13.8647
13.8647
13.8647
13.8647
13.8647
13.8647
13.8647
13.8647
13.8647
13.8647
13.8647
13.8647
13.8647
13.8647
13.8647
13.8647
13.8647
13.8647
13.8647
13.8647
13.8647
13.8647
13.8647
13.8647
13.8647
13.8647
14.0711
14.0711
14.0711
14.0711
14.0711
14.0711
14.0711
14.0711
14.0711
14.0711
14.0711
14.0711
14.0711
14.0711
14.0711
14.0711
14.0711
14.0711
14.0711
14.0711
14.0711
14.0711
14.0711
14.0711
14.0711
14.0711
14.0711
14.0711
14.0711
14.0711
14.0711
14.0711
14.0711
14.0711
14.0711
14.0711
14.0711
14.0711
14.0711
14.0711
14.2775
14.2775
14.2775
14.2775
14.2775
14.2775
14.2775
14.2775
14.2775
14.2775
14.2775
14.2775
14.2775
14.2775
14.2775
14.2775
14.2775
14.2775
14.2775
14.2775
14.2775
14.2775
14.2775
14.2775
14.2775
14.2775
14.2775
14.2775
14.2775
14.2775
14.2775
14.2775
14.2775
14.2775
14.2775
14.2775
14.2775
14.2775
14.2775
14.2775
14.484
14.484
14.484
14.484
14.484
14.484
14.484
14.484
14.484
14.484
14.484
14.484
14.484
14.484
14.484
14.484
14.484
14.484
14.484
14.484
14.484
14.484
14.484
14.484
14.484
14.484
14.484
14.484
14.484
14.484
14.484
14.484
14.484
14.484
14.484
14.484
14.484
14.484
14.484
14.484
14.6904
14.6904
14.6904
14.6904
14.6904
14.6904
14.6904
14.6904
14.6904
14.6904
14.6904
14.6904
14.6904
14.6904
14.6904
14.6904
14.6904
14.6904
14.6904
14.6904
14.6904
14.6904
14.6904
14.6904
14.6904
14.6904
14.6904
14.6904
14.6904
14.6904
14.6904
14.6904
14.6904
14.6904
14.6904
14.6904
14.6904
14.6904
14.6904
14.6904
14.8968
14.8968
14.8968
14.8968
14.8968
14.8968
14.8968
14.8968
14.8968
14.8968
14.8968
14.8968
14.8968
14.8968
14.8968
14.8968
14.8968
14.8968
14.8968
14.8968
14.8968
14.8968
14.8968
14.8968
14.8968
14.8968
14.8968
14.8968
14.8968
14.8968
14.8968
14.8968
14.8968
14.8968
14.8968
14.8968
14.8968
14.8968
14.8968
14.8968
)
;

boundaryField
{
    FrontBack
    {
        type            empty;
    }
    Cylinder
    {
        type            calculated;
        value           nonuniform List<scalar> 
160
(
1.39698
1.41139
1.42632
1.44174
1.45762
1.47394
1.49068
1.50781
1.52529
1.54312
1.56126
1.57967
1.59835
1.61724
1.63632
1.65558
1.67497
1.69446
1.71403
1.73365
1.75327
1.77289
1.79246
1.81195
1.83134
1.85059
1.86968
1.88857
1.90725
1.92566
1.9438
1.96162
1.97911
1.99624
2.01297
2.0293
2.04517
2.06059
2.07552
2.08994
2.10381
2.11714
2.12989
2.14204
2.15358
2.16448
2.17474
2.18433
2.19325
2.20146
2.20897
2.21577
2.22184
2.22716
2.23175
2.23557
2.23864
2.24095
2.24249
2.24327
2.24327
2.24249
2.24096
2.23865
2.23557
2.23175
2.22716
2.22184
2.21577
2.20897
2.20146
2.19325
2.18433
2.17474
2.16448
2.15358
2.14204
2.12989
2.11714
2.10381
2.08994
2.07552
2.06059
2.04517
2.02929
2.01297
1.99624
1.97911
1.96162
1.9438
1.92566
1.90724
1.88858
1.86968
1.85059
1.83134
1.81195
1.79246
1.77289
1.75327
1.73364
1.71403
1.69446
1.67497
1.65557
1.63633
1.61724
1.59834
1.57968
1.56126
1.54312
1.52529
1.50781
1.49068
1.47394
1.45762
1.44174
1.42632
1.41139
1.39698
1.3831
1.36977
1.35703
1.34488
1.33333
1.32243
1.31218
1.30258
1.29367
1.28546
1.27794
1.27115
1.26508
1.25975
1.25517
1.25134
1.24826
1.24596
1.24442
1.24365
1.24365
1.24442
1.24596
1.24826
1.25134
1.25517
1.25975
1.26508
1.27114
1.27794
1.28546
1.29367
1.30258
1.31217
1.32243
1.33333
1.34487
1.35703
1.36978
1.3831
)
;
    }
    Bottom
    {
        type            calculated;
        value           nonuniform List<scalar> 
120
(
-3.13154
-2.88154
-2.63154
-2.38154
-2.13154
-1.88154
-1.63154
-1.38154
-1.13154
-0.881541
-0.631542
-0.381542
-0.131542
0.118458
0.368458
0.618458
0.868458
1.11846
1.36846
1.61846
1.86846
2.11846
2.36846
2.61846
2.86846
3.11846
3.36846
3.61846
3.86846
4.11846
4.36846
4.61846
4.86846
5.11846
5.36846
5.61846
5.86846
6.11846
6.36846
6.61846
-14.8532
-14.5596
-14.266
-13.9724
-13.6789
-13.3853
-13.0917
-12.7981
-12.5045
-12.2109
-11.9173
-11.6238
-11.3302
-11.0366
-10.743
-10.4494
-10.1558
-9.86222
-9.56865
-9.27506
-8.98147
-8.68789
-8.3943
-8.10072
-7.80713
-7.51354
-7.21996
-6.92637
-6.63279
-6.3392
-6.04561
-5.75202
-5.45844
-5.16486
-4.87127
-4.57768
-4.28409
-3.99051
-3.69692
-3.40334
6.84666
7.05307
7.25949
7.4659
7.67232
7.87873
8.08514
8.29156
8.49798
8.70438
8.9108
9.11722
9.32362
9.53004
9.73645
9.94288
10.1493
10.3557
10.5621
10.7685
10.9749
11.1813
11.3878
11.5942
11.8006
12.007
12.2134
12.4198
12.6262
12.8327
13.0391
13.2455
13.4519
13.6583
13.8647
14.0711
14.2775
14.484
14.6904
14.8968
)
;
    }
    Top
    {
        type            calculated;
        value           nonuniform List<scalar> 
120
(
6.61846
6.36846
6.11846
5.86846
5.61846
5.36846
5.11846
4.86846
4.61846
4.36846
4.11846
3.86846
3.61846
3.36846
3.11846
2.86846
2.61846
2.36846
2.11846
1.86846
1.61846
1.36846
1.11846
0.868458
0.618458
0.368458
0.118458
-0.131542
-0.381542
-0.631542
-0.881541
-1.13154
-1.38154
-1.63154
-1.88154
-2.13154
-2.38154
-2.63154
-2.88154
-3.13154
-14.8532
-14.5596
-14.266
-13.9724
-13.6789
-13.3853
-13.0917
-12.7981
-12.5045
-12.2109
-11.9173
-11.6237
-11.3302
-11.0366
-10.743
-10.4494
-10.1558
-9.86222
-9.56865
-9.27506
-8.98147
-8.68789
-8.3943
-8.10072
-7.80713
-7.51354
-7.21996
-6.92637
-6.63278
-6.3392
-6.04561
-5.75202
-5.45844
-5.16486
-4.87127
-4.57768
-4.28409
-3.99051
-3.69692
-3.40334
6.84666
7.05307
7.25949
7.4659
7.67232
7.87873
8.08514
8.29156
8.49798
8.70438
8.9108
9.11721
9.32362
9.53004
9.73645
9.94288
10.1493
10.3557
10.5621
10.7685
10.9749
11.1813
11.3878
11.5942
11.8006
12.007
12.2134
12.4198
12.6263
12.8327
13.0391
13.2455
13.4519
13.6583
13.8647
14.0711
14.2775
14.484
14.6904
14.8968
)
;
    }
    Inlet
    {
        type            calculated;
        value           uniform -15;
    }
    Outlet
    {
        type            calculated;
        value           uniform 15;
    }
}


// ************************************************************************* //
