/*--------------------------------*- C++ -*----------------------------------*\
  =========                 |
  \\      /  F ield         | OpenFOAM: The Open Source CFD Toolbox
   \\    /   O peration     | Website:  https://openfoam.org
    \\  /    A nd           | Version:  11
     \\/     M anipulation  |
\*---------------------------------------------------------------------------*/
FoamFile
{
    format      ascii;
    class       volScalarField;
    location    "8";
    object      mag(U);
}
// * * * * * * * * * * * * * * * * * * * * * * * * * * * * * * * * * * * * * //

dimensions      [0 1 -1 0 0 0 0];

internalField   nonuniform List<scalar> 
9600
(
0.964267
0.961739
0.957397
0.952475
0.949145
0.945242
0.93759
0.931707
0.928945
0.926576
0.921007
0.917973
0.919009
0.92191
0.926353
0.93301
0.94392
0.953289
0.964014
0.980626
1.00024
1.00843
1.00732
1.00342
0.994386
0.97236
0.935745
0.90357
0.873501
0.846805
0.824329
0.809813
0.802993
0.805644
0.826772
0.858116
0.917831
0.96633
1.1259
1.22046
0.967197
0.965847
0.964057
0.961698
0.958123
0.955813
0.953185
0.950186
0.947804
0.94599
0.946158
0.94711
0.949467
0.953539
0.95889
0.969852
0.98065
0.99173
1.00516
1.01721
1.03092
1.04931
1.06149
1.06337
1.06228
1.05819
1.04885
1.02886
1.00035
0.968491
0.937034
0.910728
0.89164
0.879403
0.876462
0.879415
0.910579
0.959469
1.06575
1.22403
0.965432
0.964361
0.962762
0.960676
0.95729
0.954934
0.953018
0.950369
0.947911
0.946429
0.946399
0.947066
0.949809
0.954145
0.959685
0.96928
0.980786
0.993866
1.00798
1.01975
1.02955
1.04258
1.05849
1.06943
1.07323
1.07273
1.06867
1.05666
1.02737
0.992154
0.955764
0.923454
0.898833
0.885588
0.883112
0.885336
0.902133
0.954488
1.00874
1.16274
0.96554
0.964073
0.962158
0.959722
0.956211
0.953869
0.952094
0.949436
0.947344
0.946231
0.946296
0.947411
0.950297
0.955052
0.960746
0.970246
0.981682
0.993716
1.00801
1.02221
1.03229
1.04072
1.05312
1.06638
1.07535
1.07849
1.07777
1.07111
1.05206
1.02296
0.992419
0.959203
0.929916
0.901271
0.888998
0.88104
0.890778
0.937716
0.986944
1.12618
0.964635
0.963064
0.961069
0.958296
0.955262
0.953283
0.951475
0.949256
0.947497
0.946727
0.947086
0.948235
0.950607
0.955438
0.96251
0.970555
0.981095
0.993561
1.00795
1.02319
1.03556
1.04251
1.04996
1.06037
1.07226
1.08067
1.08578
1.08416
1.0749
1.05044
1.01733
0.980024
0.945643
0.913698
0.897948
0.887261
0.887896
0.915804
0.941115
1.06379
0.964129
0.962385
0.959962
0.957498
0.95471
0.95234
0.950667
0.948712
0.946976
0.946461
0.946699
0.948425
0.950818
0.955575
0.963682
0.97148
0.981523
0.994256
1.00862
1.0221
1.03498
1.04373
1.05108
1.05858
1.06998
1.08009
1.08843
1.08915
1.0847
1.06646
1.04093
1.00466
0.97022
0.930947
0.907753
0.888842
0.880726
0.899178
0.915781
1.02636
0.963036
0.96115
0.958671
0.956244
0.953462
0.95135
0.949641
0.948119
0.946677
0.946472
0.947181
0.948867
0.95167
0.956374
0.964117
0.971648
0.982356
0.994947
1.00948
1.02126
1.03541
1.04464
1.05346
1.05846
1.06755
1.07687
1.08845
1.0925
1.09283
1.08011
1.05898
1.02358
0.991158
0.950602
0.920418
0.897682
0.880473
0.887197
0.888266
0.962416
0.962274
0.960293
0.957732
0.955266
0.952723
0.950765
0.949062
0.947771
0.946419
0.946354
0.947007
0.948914
0.951939
0.956564
0.964722
0.97243
0.983965
0.995034
1.0103
1.02123
1.03521
1.04429
1.0542
1.05911
1.06643
1.07455
1.08804
1.09395
1.09738
1.08724
1.074
1.0416
1.01107
0.971524
0.935006
0.910622
0.877455
0.876387
0.867873
0.926006
0.960911
0.959026
0.956325
0.954032
0.951517
0.94975
0.948193
0.947046
0.945942
0.946141
0.946912
0.949
0.952756
0.956978
0.965462
0.972805
0.985155
0.995309
1.01167
1.02185
1.03537
1.04368
1.05503
1.0603
1.0676
1.07384
1.08532
1.09323
1.10193
1.09429
1.08462
1.05691
1.02741
0.991789
0.948803
0.923713
0.884651
0.876163
0.855984
0.880417
0.960151
0.958177
0.955257
0.953167
0.950716
0.949085
0.947577
0.946662
0.945413
0.945852
0.947107
0.948753
0.953221
0.957686
0.965939
0.97335
0.986495
0.996281
1.01194
1.02228
1.03626
1.04346
1.05477
1.06016
1.06777
1.07324
1.08313
1.09147
1.1043
1.10016
1.09493
1.07285
1.04214
1.00913
0.964411
0.940776
0.896101
0.878857
0.844218
0.855608
0.958696
0.956791
0.953886
0.951739
0.949575
0.94823
0.946606
0.945983
0.945096
0.945035
0.947149
0.948482
0.953971
0.957643
0.967091
0.973774
0.988262
0.997137
1.01269
1.02265
1.03779
1.04382
1.05454
1.05909
1.06801
1.07338
1.08345
1.09012
1.10461
1.10451
1.10391
1.08913
1.05525
1.0291
0.981808
0.957205
0.906777
0.886376
0.845945
0.843045
0.957856
0.955861
0.952959
0.950633
0.948675
0.947542
0.945674
0.945205
0.944871
0.944212
0.94699
0.948354
0.954309
0.958022
0.96802
0.974657
0.988407
0.998376
1.01496
1.02324
1.03756
1.04354
1.05511
1.05905
1.06788
1.07274
1.08292
1.08903
1.10312
1.10938
1.10708
1.10149
1.07557
1.04786
0.998913
0.974423
0.924859
0.901019
0.851994
0.839831
0.95637
0.954382
0.95158
0.949462
0.947232
0.946419
0.945204
0.94366
0.944552
0.943847
0.946882
0.948058
0.954716
0.958543
0.968879
0.975495
0.989394
0.999243
1.01664
1.0249
1.03861
1.04383
1.05523
1.05885
1.06725
1.07189
1.08147
1.09023
1.09923
1.11464
1.11288
1.11291
1.08943
1.06967
1.02031
0.993443
0.94499
0.91417
0.866006
0.841898
0.955408
0.95341
0.950434
0.948259
0.946402
0.944968
0.944461
0.943005
0.943648
0.942976
0.94669
0.947775
0.954494
0.958544
0.969543
0.97655
0.990949
1.00024
1.01749
1.02582
1.04062
1.04488
1.05501
1.05789
1.06538
1.07175
1.07856
1.09279
1.09941
1.11427
1.11744
1.12406
1.10369
1.08534
1.04973
1.01027
0.968127
0.935379
0.884641
0.853089
0.953689
0.951933
0.948914
0.946775
0.945423
0.943692
0.94329
0.94192
0.943276
0.942254
0.946234
0.947525
0.954895
0.958899
0.970207
0.977441
0.992441
1.00176
1.01919
1.0275
1.04209
1.04675
1.05483
1.05845
1.06213
1.07144
1.07794
1.09086
1.09966
1.11549
1.12116
1.12774
1.12332
1.09703
1.077
1.03379
0.993246
0.962381
0.913481
0.863381
0.952513
0.950694
0.947693
0.945487
0.94387
0.942542
0.942195
0.940331
0.94225
0.941209
0.945538
0.946881
0.954621
0.958828
0.970721
0.978195
0.993678
1.00326
1.02039
1.03072
1.0419
1.05087
1.05356
1.05963
1.06184
1.06789
1.07429
1.08936
1.09887
1.1157
1.12649
1.13068
1.13809
1.1147
1.09336
1.06608
1.01743
0.981262
0.94429
0.891688
0.95081
0.948951
0.946003
0.943794
0.942538
0.94063
0.94136
0.939265
0.941506
0.940441
0.945232
0.946513
0.954812
0.95918
0.971556
0.979798
0.994112
1.0073
1.01948
1.03556
1.04185
1.05346
1.05594
1.05987
1.06132
1.06533
1.07107
1.0858
1.09716
1.11332
1.1321
1.13487
1.1466
1.13893
1.10867
1.08892
1.05061
1.00706
0.975053
0.918184
0.949377
0.947521
0.944263
0.942133
0.941077
0.938604
0.939806
0.937444
0.940062
0.938943
0.944321
0.945672
0.953913
0.960159
0.970129
0.983289
0.992526
1.01163
1.02092
1.03728
1.04477
1.05475
1.05741
1.06077
1.06185
1.06297
1.06735
1.0788
1.09546
1.10879
1.13371
1.14331
1.14928
1.15696
1.13368
1.10891
1.07924
1.03502
1.00691
0.946999
0.947608
0.9457
0.94335
0.940078
0.939636
0.937024
0.938595
0.936023
0.939051
0.938009
0.943089
0.947451
0.951504
0.962961
0.969499
0.985131
0.994876
1.01358
1.02383
1.03999
1.04767
1.0571
1.05964
1.06152
1.06155
1.06152
1.06515
1.07162
1.0891
1.10587
1.12854
1.15197
1.15581
1.16885
1.15771
1.13627
1.11054
1.06369
1.03831
0.979933
0.945725
0.943279
0.941538
0.93794
0.937745
0.934691
0.936515
0.933918
0.936681
0.938095
0.939297
0.947722
0.95111
0.962974
0.969808
0.986224
0.99629
1.01497
1.02684
1.04155
1.05198
1.05776
1.06364
1.06264
1.06093
1.06013
1.06164
1.06664
1.08052
1.10087
1.12111
1.1522
1.16464
1.17975
1.18088
1.1595
1.14326
1.09764
1.07335
1.01296
0.943675
0.941153
0.939479
0.935932
0.935951
0.932855
0.934201
0.933927
0.93285
0.938584
0.93873
0.947235
0.950828
0.963861
0.971302
0.988216
0.998884
1.01708
1.03121
1.04326
1.05673
1.06005
1.06629
1.06552
1.06156
1.05863
1.05833
1.06066
1.07229
1.08992
1.11345
1.14842
1.16899
1.18667
1.20364
1.18495
1.17653
1.13314
1.11228
1.05071
0.941114
0.938424
0.936777
0.933138
0.932852
0.931614
0.929156
0.932739
0.930464
0.936086
0.936319
0.946199
0.950062
0.963619
0.971325
0.989172
1.00106
1.01865
1.03496
1.046
1.05961
1.06399
1.06856
1.06755
1.06259
1.05741
1.05489
1.0538
1.06318
1.07957
1.10042
1.13585
1.17184
1.18756
1.21962
1.21252
1.21168
1.16993
1.15317
1.09148
0.938687
0.935864
0.934211
0.93193
0.928697
0.930545
0.927215
0.931111
0.928911
0.93542
0.935755
0.946164
0.95042
0.964772
0.973545
0.991334
1.00489
1.02196
1.03823
1.05173
1.06258
1.0691
1.07201
1.0712
1.06514
1.05761
1.05243
1.04796
1.05329
1.06664
1.08799
1.11574
1.16511
1.1874
1.22674
1.23213
1.24894
1.21275
1.19972
1.13603
0.935027
0.933398
0.929205
0.928646
0.924775
0.92685
0.923296
0.927776
0.925684
0.933217
0.933821
0.944536
0.949926
0.964387
0.975295
0.992248
1.00784
1.02617
1.04133
1.05567
1.06733
1.0733
1.07631
1.07505
1.06818
1.05877
1.05076
1.04238
1.04393
1.04851
1.07321
1.09666
1.14322
1.17722
1.23161
1.24229
1.27925
1.25496
1.25263
1.18723
0.931263
0.930379
0.926548
0.925347
0.923159
0.923644
0.921615
0.926037
0.924476
0.932345
0.934562
0.945204
0.952621
0.966193
0.979571
0.99583
1.01274
1.03074
1.04887
1.06135
1.07391
1.0795
1.0824
1.08073
1.07432
1.06233
1.05188
1.03769
1.03659
1.03191
1.05169
1.07186
1.12126
1.1535
1.22369
1.24363
1.30119
1.29236
1.30804
1.24595
0.926875
0.923691
0.922548
0.918562
0.918735
0.917495
0.916621
0.921843
0.920877
0.928199
0.932813
0.942504
0.952906
0.966344
0.981061
0.999143
1.01806
1.03374
1.05325
1.06886
1.07826
1.08583
1.08909
1.08591
1.07979
1.0667
1.05456
1.03658
1.02926
1.0183
1.03046
1.04186
1.08719
1.12065
1.19659
1.22825
1.31098
1.3172
1.3621
1.30782
0.924738
0.920577
0.919141
0.916499
0.912452
0.916843
0.913748
0.918981
0.921061
0.927324
0.933488
0.943365
0.956182
0.969278
0.985099
1.0049
1.02203
1.0435
1.05912
1.07629
1.087
1.09418
1.09743
1.09375
1.08831
1.07423
1.06029
1.03915
1.02544
1.00779
1.00848
1.01325
1.04514
1.07716
1.15124
1.19197
1.29419
1.3184
1.40692
1.36944
0.918034
0.915954
0.910621
0.911328
0.906714
0.908923
0.909332
0.911725
0.916594
0.922396
0.931307
0.940747
0.955384
0.969604
0.988485
1.00676
1.02767
1.04756
1.06544
1.08195
1.09318
1.10122
1.10499
1.10154
1.09528
1.08249
1.06619
1.04493
1.02438
1.00219
0.989156
0.984608
1.00013
1.02425
1.08691
1.13629
1.24272
1.28509
1.40981
1.41737
0.911944
0.912279
0.907142
0.90755
0.906189
0.905795
0.909039
0.910394
0.918982
0.922046
0.935811
0.942585
0.962741
0.97463
0.998014
1.01483
1.0383
1.05801
1.07707
1.09253
1.10421
1.11391
1.11608
1.114
1.10684
1.09622
1.07797
1.05575
1.03028
1.00479
0.980465
0.963674
0.960296
0.972535
1.00947
1.05946
1.15165
1.22341
1.34305
1.4347
0.901034
0.899359
0.898643
0.894301
0.898255
0.895161
0.904116
0.90288
0.915084
0.918458
0.934722
0.943563
0.963481
0.978258
1.00198
1.02239
1.04449
1.06713
1.08546
1.10115
1.1144
1.12435
1.12622
1.1268
1.12038
1.11116
1.09329
1.07208
1.04446
1.01459
0.980515
0.954705
0.929034
0.927854
0.931843
0.976875
1.02904
1.13393
1.20733
1.2993
0.899164
0.895148
0.89541
0.890397
0.895689
0.892502
0.901266
0.904115
0.914238
0.923809
0.938527
0.951532
0.9718
0.989682
1.01299
1.03453
1.05876
1.08118
1.09868
1.11664
1.12804
1.13856
1.14137
1.14308
1.13749
1.13037
1.11323
1.095
1.06533
1.0374
0.994656
0.963515
0.918134
0.900886
0.873116
0.893513
0.911238
0.987802
1.03058
0.911419
0.88656
0.881029
0.88299
0.879238
0.881671
0.884847
0.891475
0.896888
0.909716
0.918567
0.936881
0.953754
0.972804
0.995707
1.01885
1.04478
1.0665
1.09159
1.10862
1.12919
1.13899
1.15111
1.15402
1.15861
1.15248
1.14984
1.13386
1.12144
1.09138
1.06657
1.02167
0.985382
0.934371
0.894116
0.85523
0.824501
0.830153
0.827076
0.817009
0.628455
0.879389
0.878099
0.878075
0.878129
0.879903
0.885944
0.890995
0.904561
0.913984
0.930493
0.947491
0.968993
0.990012
1.01643
1.03775
1.06735
1.08767
1.11463
1.12986
1.14986
1.16023
1.17215
1.17542
1.1821
1.17719
1.17801
1.16653
1.15661
1.13403
1.1087
1.07469
1.02667
0.987489
0.924582
0.886557
0.818869
0.789845
0.752485
0.69824
0.513299
0.854159
0.86128
0.857376
0.864203
0.866824
0.876179
0.885896
0.900145
0.914573
0.933738
0.953892
0.977266
1.00079
1.02837
1.0533
1.08104
1.10375
1.1277
1.14633
1.16353
1.17515
1.18586
1.19263
1.19677
1.2015
1.20021
1.20148
1.18899
1.18436
1.15475
1.13566
1.0875
1.05126
0.991492
0.93801
0.880884
0.818946
0.752389
0.715234
0.581603
0.848119
0.850563
0.852686
0.855598
0.86467
0.873003
0.89017
0.90547
0.927006
0.947197
0.972787
0.997636
1.0257
1.05213
1.08192
1.10771
1.13473
1.15532
1.17702
1.18908
1.20621
1.21026
1.2238
1.22376
1.23343
1.23799
1.24002
1.24457
1.2363
1.23007
1.20583
1.18097
1.14266
1.09021
1.04545
0.963767
0.918742
0.836439
0.77335
0.69516
0.829739
0.831925
0.842582
0.845919
0.860147
0.873005
0.892359
0.912416
0.937185
0.963155
0.991567
1.02067
1.05114
1.08023
1.11194
1.13697
1.166
1.18344
1.20649
1.2168
1.22987
1.23788
1.24169
1.25414
1.25078
1.272
1.26679
1.28573
1.28358
1.28452
1.28435
1.25652
1.24567
1.20197
1.16074
1.10775
1.03651
0.972338
0.894864
0.810749
0.81633
0.824644
0.843739
0.858646
0.883753
0.906389
0.934148
0.960939
0.989964
1.02059
1.05172
1.08464
1.11579
1.14844
1.17712
1.20452
1.2276
1.24537
1.26016
1.26723
1.27234
1.27329
1.27221
1.27663
1.27275
1.28444
1.28211
1.30283
1.29576
1.32129
1.30538
1.32276
1.28594
1.28826
1.23007
1.21156
1.13452
1.10913
1.01601
0.997552
0.791019
0.803008
0.831055
0.846326
0.875944
0.901954
0.937677
0.971588
1.01123
1.0486
1.08792
1.12423
1.15893
1.19106
1.21878
1.24334
1.2618
1.27438
1.2815
1.28164
1.27896
1.27179
1.2662
1.25896
1.25829
1.2646
1.26458
1.26327
1.25301
1.24576
1.2177
1.21625
1.18007
1.17536
1.11249
1.09333
1.00921
0.997427
0.900047
0.927996
0.845172
0.878136
0.930057
0.965247
1.01259
1.04699
1.09093
1.12369
1.16391
1.19291
1.22653
1.24947
1.27334
1.28853
1.30259
1.31177
1.3195
1.31788
1.31322
1.30014
1.28195
1.26227
1.23298
1.21139
1.18062
1.16226
1.12308
1.09344
1.02302
0.895439
0.737728
0.58276
0.444983
0.360213
0.273714
0.258578
0.196068
0.195769
0.13972
0.192551
0.955198
0.993364
1.02846
1.06541
1.10135
1.13432
1.16402
1.18986
1.21024
1.22551
1.24112
1.24143
1.25185
1.24374
1.24804
1.22989
1.22088
1.19023
1.16395
1.12001
1.0745
1.0156
0.941485
0.87375
0.766668
0.720312
0.549509
0.159591
0.0116357
0.0290558
0.060921
0.117222
0.155062
0.188415
0.209868
0.23399
0.249841
0.267136
0.281786
0.272317
1.43938
1.53735
1.30865
0.736899
0.562889
0.634132
0.76619
0.878353
0.966457
1.00083
1.01873
1.0238
1.02409
1.02714
1.02382
1.02596
1.02333
1.02421
1.02238
1.02297
1.02142
1.02187
1.02079
1.02098
1.01983
1.01974
1.01864
1.01867
1.01791
1.01795
1.0172
1.01706
1.01623
1.01605
1.0153
1.0151
1.01458
1.01446
1.01485
1.01532
1.40885
1.48585
1.26749
0.798066
0.642608
0.676406
0.790026
0.889291
0.974317
1.00606
1.02316
1.02826
1.02689
1.02994
1.02592
1.02791
1.02478
1.02575
1.02351
1.02403
1.02236
1.02265
1.0213
1.02161
1.02033
1.02038
1.01911
1.01915
1.01824
1.01843
1.01767
1.01772
1.01678
1.01662
1.01579
1.01563
1.01507
1.01493
1.01437
1.01191
1.31676
1.44635
1.31318
0.879221
0.71089
0.720101
0.825838
0.915937
0.992798
1.0197
1.03194
1.03408
1.03101
1.03295
1.02802
1.0298
1.02621
1.02698
1.02457
1.02505
1.02315
1.02347
1.02201
1.02228
1.02093
1.02106
1.01974
1.0197
1.01874
1.01887
1.01807
1.01821
1.01719
1.01701
1.01616
1.0161
1.01553
1.01552
1.01561
1.01655
1.28181
1.37135
1.25969
0.931217
0.784327
0.768146
0.854332
0.932489
1.00829
1.03269
1.03976
1.03975
1.03505
1.03601
1.03033
1.03177
1.02784
1.02836
1.02573
1.0261
1.02404
1.02429
1.02282
1.02308
1.02185
1.02195
1.02062
1.02053
1.01957
1.01963
1.01889
1.01898
1.01809
1.01785
1.01678
1.01652
1.01583
1.01572
1.0151
1.01427
1.16924
1.31014
1.25696
0.966914
0.82735
0.806544
0.888772
0.966769
1.03431
1.05261
1.05259
1.04801
1.04054
1.03982
1.03305
1.0337
1.02948
1.02959
1.02701
1.02719
1.02502
1.02519
1.02356
1.02374
1.02248
1.02257
1.02135
1.02126
1.02021
1.02018
1.01945
1.01955
1.01873
1.01846
1.01749
1.01729
1.01651
1.0163
1.01585
1.01583
1.12055
1.21242
1.18157
0.974691
0.849345
0.838191
0.912348
0.987515
1.05818
1.07402
1.06634
1.05655
1.04682
1.04388
1.03597
1.03593
1.03142
1.03099
1.02835
1.02814
1.02588
1.02591
1.02411
1.02421
1.02287
1.02288
1.02166
1.02155
1.02049
1.02045
1.01971
1.01979
1.01915
1.01898
1.01795
1.01756
1.01694
1.01671
1.01623
1.01591
1.00918
1.13917
1.13536
0.969286
0.857699
0.857192
0.938501
1.027
1.09241
1.09972
1.0862
1.06788
1.0547
1.04917
1.03977
1.03853
1.03381
1.03276
1.03012
1.02942
1.02713
1.02689
1.02495
1.02494
1.02354
1.0235
1.02229
1.02206
1.02104
1.0209
1.02016
1.02017
1.01966
1.01966
1.01906
1.01859
1.0178
1.01741
1.01675
1.01585
0.953177
1.03441
1.04186
0.931714
0.852911
0.8616
0.942694
1.04616
1.12506
1.12727
1.10776
1.07941
1.06344
1.0547
1.04377
1.04153
1.03634
1.03429
1.03202
1.0307
1.02867
1.02818
1.02625
1.02617
1.02474
1.0246
1.02348
1.02314
1.0222
1.02188
1.0211
1.02085
1.0204
1.0201
1.01969
1.01919
1.01866
1.01805
1.01787
1.01732
0.850087
0.949183
0.980885
0.888158
0.841539
0.853514
0.940405
1.06276
1.16572
1.16051
1.13412
1.09325
1.07335
1.06123
1.04816
1.04464
1.03909
1.03608
1.03424
1.03233
1.0307
1.02988
1.0281
1.02774
1.02641
1.02591
1.02499
1.02419
1.02348
1.02281
1.02218
1.02151
1.02119
1.02068
1.02041
1.01989
1.01955
1.01874
1.01824
1.01721
0.800718
0.85459
0.895174
0.838502
0.807976
0.826598
0.920058
1.06397
1.19182
1.1988
1.16165
1.10811
1.08286
1.06787
1.05229
1.04737
1.04144
1.03726
1.03581
1.03316
1.03194
1.03065
1.02911
1.02829
1.0272
1.0263
1.02569
1.0245
1.02405
1.02307
1.02272
1.02167
1.02155
1.0208
1.02069
1.02006
1.01998
1.01944
1.01931
1.01882
0.750607
0.794683
0.8386
0.795967
0.765756
0.785005
0.880162
1.05153
1.20332
1.23911
1.19396
1.12685
1.09307
1.07601
1.05752
1.05095
1.04427
1.03891
1.0374
1.03408
1.03302
1.03127
1.02995
1.02878
1.02784
1.02666
1.02626
1.02482
1.0246
1.02345
1.02333
1.02221
1.02195
1.02113
1.02105
1.02055
1.02044
1.0197
1.01952
1.01875
0.753177
0.77023
0.787573
0.754138
0.720306
0.735036
0.826983
1.01376
1.19763
1.266
1.23057
1.14734
1.10351
1.08462
1.06349
1.05482
1.04769
1.04144
1.03923
1.03567
1.0345
1.03238
1.03138
1.02991
1.02908
1.02778
1.0274
1.02604
1.02579
1.02452
1.02423
1.02311
1.02273
1.02172
1.02142
1.02095
1.02089
1.02048
1.02026
1.01997
0.767707
0.782368
0.782234
0.739524
0.701225
0.707516
0.788556
0.969797
1.17842
1.26582
1.26635
1.16926
1.11524
1.09282
1.07041
1.05902
1.05197
1.04517
1.04205
1.03871
1.03715
1.03496
1.03372
1.03254
1.03109
1.03008
1.02928
1.02813
1.0276
1.02649
1.02597
1.0252
1.02447
1.02365
1.02283
1.02207
1.02152
1.02099
1.02066
1.02009
0.800435
0.811334
0.80348
0.76723
0.721194
0.73279
0.798228
0.952307
1.14487
1.24976
1.27759
1.19142
1.12467
1.09736
1.07609
1.06158
1.05464
1.04778
1.04393
1.04061
1.03855
1.03665
1.03481
1.0341
1.03222
1.03134
1.03027
1.02929
1.02837
1.02763
1.02673
1.02631
1.0254
1.02511
1.02409
1.02346
1.02244
1.02201
1.0213
1.02109
0.834253
0.846165
0.838205
0.809747
0.790291
0.821228
0.878074
0.991021
1.10247
1.20914
1.25775
1.20866
1.13271
1.09995
1.08146
1.06409
1.05565
1.04965
1.04485
1.04169
1.03932
1.03751
1.03553
1.03476
1.03289
1.03183
1.0308
1.0298
1.02891
1.02832
1.02732
1.02703
1.02597
1.02582
1.0249
1.02447
1.02324
1.0227
1.02194
1.02138
0.86973
0.873388
0.872975
0.851142
0.84389
0.882064
0.938757
1.01038
1.07697
1.14086
1.20844
1.21121
1.13912
1.10072
1.08522
1.0673
1.05698
1.05201
1.04644
1.04369
1.04076
1.03887
1.03676
1.03564
1.03418
1.0326
1.03172
1.03035
1.02935
1.02864
1.02761
1.02726
1.02633
1.02606
1.0253
1.02491
1.0242
1.02337
1.02287
1.02239
0.901535
0.903851
0.908506
0.892375
0.887399
0.913435
0.954525
1.00606
1.04804
1.0762
1.13562
1.18794
1.13876
1.09853
1.08598
1.07155
1.05952
1.05542
1.04942
1.04684
1.04391
1.04154
1.03964
1.03807
1.03704
1.03513
1.03439
1.03276
1.03155
1.03033
1.02918
1.02844
1.02751
1.02686
1.02624
1.02555
1.02512
1.02427
1.02377
1.02316
0.934586
0.933323
0.943784
0.933355
0.921882
0.933559
0.958112
0.984685
1.01319
1.01763
1.05518
1.13266
1.12803
1.09044
1.0807
1.07177
1.05974
1.05646
1.05055
1.04777
1.04544
1.04283
1.04123
1.03949
1.03854
1.03715
1.03621
1.03517
1.03399
1.03283
1.03144
1.03052
1.02946
1.02866
1.02768
1.02685
1.02623
1.02542
1.02495
1.02425
0.971728
0.972631
0.982939
0.978271
0.959305
0.949767
0.956121
0.959114
0.972665
0.957426
0.978017
1.06041
1.10701
1.07775
1.06951
1.06771
1.05646
1.05458
1.05008
1.04705
1.04624
1.04332
1.04205
1.04007
1.03924
1.03804
1.03705
1.03627
1.03519
1.03444
1.03318
1.03248
1.03121
1.03068
1.02933
1.0286
1.02737
1.02672
1.02603
1.0255
1.01073
1.01573
1.02501
1.02602
0.999188
0.968772
0.952124
0.936181
0.928614
0.906476
0.900152
0.985239
1.06515
1.05806
1.0539
1.06057
1.05291
1.05153
1.04974
1.04662
1.04629
1.04405
1.04295
1.04071
1.03971
1.0387
1.03752
1.03693
1.03573
1.03527
1.03403
1.03353
1.03221
1.0317
1.03041
1.02989
1.02864
1.02793
1.02716
1.02648
1.049
1.06307
1.07367
1.07808
1.04272
0.997641
0.947181
0.912562
0.878859
0.858784
0.824362
0.903872
1.00915
1.03551
1.03593
1.05082
1.04867
1.04792
1.04996
1.04683
1.04705
1.04558
1.04488
1.04304
1.041
1.03994
1.03848
1.03766
1.03654
1.03598
1.03496
1.03449
1.03333
1.0327
1.0315
1.03084
1.02989
1.02915
1.02856
1.02795
1.09296
1.11463
1.12988
1.13448
1.09492
1.01873
0.939104
0.876828
0.822514
0.801273
0.754174
0.82065
0.952604
1.00406
1.01165
1.03339
1.04045
1.04217
1.04748
1.04611
1.04709
1.04592
1.04557
1.04493
1.04368
1.04246
1.04118
1.03972
1.03866
1.03753
1.03665
1.03574
1.03479
1.03385
1.03294
1.03198
1.03107
1.03012
1.02956
1.02886
1.14395
1.17702
1.2009
1.20379
1.14473
1.02226
0.909616
0.822303
0.749541
0.72336
0.687846
0.750559
0.900124
0.959917
0.983766
1.01153
1.02769
1.03325
1.04154
1.04281
1.04559
1.04549
1.04559
1.04537
1.04482
1.04413
1.04349
1.04262
1.04146
1.04033
1.03911
1.03809
1.03697
1.03598
1.0351
1.03394
1.03319
1.03199
1.03146
1.03081
1.20384
1.25212
1.28712
1.27892
1.15405
0.997108
0.841064
0.735572
0.650663
0.623941
0.616716
0.685167
0.845926
0.916299
0.957057
0.989489
1.01088
1.02142
1.03243
1.03684
1.04209
1.04412
1.04508
1.04563
1.04561
1.0451
1.04443
1.04408
1.04318
1.04257
1.04135
1.04041
1.03934
1.03821
1.03716
1.03592
1.03464
1.0336
1.03258
1.03204
1.27421
1.33771
1.37751
1.31582
1.13376
0.918223
0.724569
0.60473
0.52609
0.513986
0.55256
0.630896
0.802083
0.878965
0.927288
0.966356
0.990225
1.00856
1.02109
1.02991
1.03696
1.04132
1.04332
1.04501
1.04555
1.04559
1.04491
1.04478
1.04404
1.04382
1.04313
1.04233
1.04151
1.04051
1.03942
1.03845
1.03689
1.03603
1.03503
1.03452
1.36398
1.43783
1.4412
1.30662
1.0343
0.755326
0.543251
0.437739
0.405103
0.433553
0.514993
0.612921
0.766246
0.840904
0.896784
0.945113
0.970302
0.997419
1.01011
1.02294
1.03045
1.03639
1.04055
1.0432
1.04487
1.0457
1.04563
1.04567
1.04537
1.04505
1.04451
1.04405
1.04304
1.0425
1.0412
1.04028
1.03885
1.03785
1.03694
1.0362
1.47908
1.5203
1.44981
1.22183
0.833681
0.516189
0.350449
0.338344
0.389379
0.448182
0.536715
0.632602
0.74884
0.813985
0.87708
0.926211
0.954198
0.985265
1.00004
1.01426
1.02455
1.03182
1.03799
1.0413
1.04447
1.04585
1.04682
1.04753
1.04723
1.04745
1.04665
1.04665
1.04564
1.04537
1.04385
1.04327
1.04167
1.04092
1.03986
1.03943
1.54995
1.51812
1.36021
1.07464
0.730816
0.527534
0.485276
0.517066
0.55243
0.561794
0.605481
0.674308
0.754978
0.809955
0.866299
0.910748
0.941647
0.972406
0.991688
1.00855
1.0202
1.02854
1.03647
1.04043
1.04488
1.04674
1.04762
1.04916
1.04856
1.04907
1.04799
1.04816
1.04687
1.0467
1.04503
1.04466
1.04314
1.04247
1.04156
1.04121
1.45375
1.34415
1.17574
1.10293
0.978506
0.905161
0.853136
0.798993
0.740034
0.688106
0.694802
0.726677
0.781146
0.825818
0.868961
0.905191
0.938496
0.962782
0.984093
1.00346
1.01409
1.02439
1.03235
1.03727
1.0414
1.04581
1.04639
1.04907
1.04858
1.04989
1.04895
1.04952
1.0483
1.04836
1.04671
1.0465
1.04552
1.04488
1.04479
1.04435
1.2067
1.14898
1.12589
1.15531
1.08694
1.06155
0.988182
0.912221
0.846311
0.797667
0.797032
0.801898
0.833533
0.861055
0.891249
0.912662
0.943933
0.961329
0.978648
0.996528
1.00808
1.01735
1.02704
1.03327
1.03686
1.0431
1.04392
1.04795
1.04802
1.05031
1.05002
1.05121
1.04993
1.05044
1.04887
1.04844
1.04754
1.04645
1.04602
1.04536
0.9281
1.01298
1.03588
1.08098
1.04769
1.04237
0.975769
0.932328
0.905264
0.890198
0.895905
0.90164
0.913312
0.921727
0.935604
0.943846
0.961195
0.974735
0.986798
0.999149
1.01203
1.01811
1.02788
1.03333
1.03931
1.04356
1.04783
1.05031
1.05296
1.05405
1.05522
1.0562
1.05574
1.05623
1.05535
1.05475
1.05422
1.05255
1.05205
1.0511
0.738394
0.804057
0.837425
0.88094
0.899444
0.905836
0.894185
0.907172
0.921118
0.92423
0.944512
0.961697
0.979227
0.997273
1.00504
1.00323
1.00509
1.00923
1.01457
1.01997
1.02815
1.03375
1.04026
1.04367
1.04938
1.05003
1.05558
1.05475
1.05856
1.05786
1.05885
1.05947
1.05849
1.05933
1.05784
1.05777
1.05689
1.05558
1.05534
1.05514
0.535009
0.534149
0.572747
0.636138
0.680577
0.724571
0.7829
0.837146
0.886455
0.919002
0.953253
0.98144
1.00494
1.03193
1.04865
1.06091
1.06557
1.05792
1.05558
1.05669
1.05262
1.05927
1.0558
1.06022
1.06059
1.0608
1.06425
1.06228
1.06515
1.06379
1.06456
1.06469
1.06356
1.06393
1.06209
1.06166
1.06062
1.05956
1.0599
1.05971
0.42455
0.326297
0.320016
0.36051
0.419838
0.508354
0.605057
0.707415
0.795446
0.87123
0.932611
0.981933
1.01217
1.03957
1.06513
1.08196
1.09848
1.10396
1.1063
1.09774
1.09172
1.08686
1.08164
1.07987
1.07733
1.07677
1.07694
1.07574
1.07687
1.07505
1.07595
1.07458
1.07371
1.07227
1.07148
1.06977
1.06899
1.06789
1.06964
1.06783
0.539405
0.417712
0.342659
0.219075
0.152505
0.223007
0.351811
0.489271
0.625573
0.755714
0.858961
0.935862
0.998487
1.03913
1.06864
1.09004
1.11038
1.12258
1.13575
1.13996
1.14436
1.13737
1.13102
1.12393
1.11706
1.11466
1.11182
1.10955
1.10829
1.10558
1.10457
1.10202
1.10026
1.09829
1.09639
1.0945
1.09118
1.0886
1.08568
1.08462
0.702002
0.582266
0.578897
0.566837
0.431787
0.236741
0.0936037
0.158514
0.34213
0.524197
0.676497
0.818358
0.915491
0.992084
1.04779
1.08557
1.11259
1.1328
1.14702
1.15721
1.16877
1.17457
1.18007
1.17917
1.17795
1.17123
1.16615
1.15968
1.15621
1.15169
1.14886
1.14691
1.14431
1.14272
1.14041
1.13754
1.13116
1.12578
1.11786
1.11378
0.839629
0.731465
0.722081
0.781168
0.797387
0.720467
0.552426
0.379016
0.207447
0.222288
0.394714
0.587759
0.731513
0.85525
0.933606
1.00845
1.05897
1.10207
1.13376
1.15601
1.17298
1.18623
1.19619
1.20255
1.20753
1.20984
1.21267
1.21068
1.20981
1.20675
1.2039
1.20125
1.19814
1.1948
1.19104
1.19055
1.18578
1.18294
1.17796
1.17221
0.788987
0.616489
0.507194
0.603668
0.707541
0.740136
0.738118
0.706673
0.615112
0.51615
0.387038
0.318062
0.382317
0.49331
0.59431
0.69342
0.781742
0.878675
0.957908
1.03069
1.08181
1.12716
1.15699
1.18278
1.19833
1.21142
1.21752
1.22124
1.22213
1.22223
1.21981
1.2146
1.21727
1.2152
1.21271
1.21341
1.21284
1.21388
1.21715
1.22354
0.107914
0.237611
0.355334
0.473162
0.550135
0.588838
0.596562
0.584644
0.553062
0.540271
0.538627
0.55851
0.587761
0.570455
0.55852
0.585915
0.537237
0.420317
0.415234
0.44904
0.510904
0.585444
0.685917
0.76857
0.840631
0.90643
0.962852
1.01603
1.05935
1.10292
1.1325
1.16654
1.18254
1.2101
1.22393
1.24413
1.2575
1.2702
1.27607
1.27785
0.256978
0.2833
0.286561
0.276706
0.277458
0.277463
0.288105
0.307266
0.336476
0.367438
0.412377
0.470381
0.522552
0.566267
0.595858
0.620432
0.63798
0.638177
0.644824
0.628712
0.589703
0.46665
0.257106
0.417828
0.545625
0.597145
0.644331
0.686907
0.724055
0.762352
0.800597
0.842078
0.886026
0.92759
0.969853
1.01051
1.05186
1.10225
1.15698
1.21689
1.02051
1.0195
1.0178
1.01541
1.0124
1.00793
1.003
0.996451
0.991841
0.988628
0.989567
0.993275
1.00117
1.00929
1.01589
1.0168
1.01679
1.01617
1.01575
1.01564
1.01561
1.01554
1.01548
1.01537
1.01523
1.01506
1.01489
1.0147
1.01448
1.01425
1.01399
1.01371
1.01341
1.01308
1.01274
1.01239
1.01202
1.01161
1.01114
1.01077
1.00798
1.01029
1.01238
1.01568
1.01876
1.02297
1.02636
1.0298
1.03066
1.03098
1.03016
1.02749
1.02244
1.0177
1.01632
1.01621
1.01648
1.01684
1.01709
1.01716
1.01716
1.01712
1.01696
1.01671
1.01646
1.01626
1.01605
1.01579
1.0155
1.01519
1.01489
1.01457
1.01424
1.0139
1.01349
1.01302
1.01249
1.01198
1.01163
1.01139
1.01843
1.01678
1.01503
1.01281
1.01043
1.008
1.00687
1.00724
1.00919
1.01052
1.01248
1.01354
1.01445
1.01477
1.01516
1.01588
1.01643
1.01679
1.01698
1.01701
1.01701
1.01703
1.017
1.01682
1.01659
1.01636
1.01617
1.01599
1.01572
1.01545
1.01514
1.01488
1.0145
1.01417
1.01382
1.01345
1.01292
1.01254
1.01224
1.01212
1.01338
1.01684
1.0185
1.0219
1.02393
1.02672
1.02767
1.02831
1.02839
1.02809
1.02677
1.02468
1.02243
1.02011
1.01866
1.01819
1.01812
1.01814
1.01806
1.0179
1.01773
1.01759
1.01746
1.01728
1.01706
1.01681
1.01652
1.01624
1.01599
1.01574
1.01551
1.01518
1.01476
1.0144
1.01401
1.01361
1.01312
1.01271
1.0125
1.01233
1.01576
1.01418
1.01316
1.01193
1.01138
1.01151
1.01232
1.01325
1.01404
1.01455
1.01505
1.01562
1.01635
1.01658
1.01677
1.01686
1.0172
1.01738
1.0175
1.01738
1.01744
1.01732
1.01726
1.01713
1.01698
1.01687
1.01663
1.0164
1.0161
1.01595
1.01573
1.01545
1.01505
1.01476
1.01438
1.01405
1.01356
1.01326
1.01301
1.01288
1.01642
1.01892
1.02001
1.02213
1.02296
1.02436
1.02479
1.02515
1.02517
1.02472
1.02392
1.02285
1.02182
1.02083
1.01997
1.01948
1.01934
1.01922
1.01881
1.01838
1.01815
1.01804
1.01804
1.01774
1.01741
1.01713
1.01682
1.01659
1.01634
1.01613
1.01593
1.01552
1.01512
1.01471
1.01433
1.01403
1.01363
1.01333
1.01313
1.0129
1.01501
1.0143
1.01413
1.01392
1.01425
1.01481
1.01552
1.01612
1.01642
1.01669
1.01694
1.0174
1.0177
1.01782
1.01788
1.01796
1.0181
1.01822
1.01815
1.01803
1.01793
1.01791
1.01777
1.0177
1.01753
1.01733
1.0171
1.01683
1.01662
1.01647
1.01622
1.01597
1.01554
1.01514
1.01478
1.01448
1.0141
1.01379
1.01362
1.0134
1.01784
1.01953
1.02029
1.02144
1.02197
1.02262
1.02283
1.02302
1.02276
1.02253
1.02208
1.0218
1.02135
1.02087
1.0204
1.0202
1.02008
1.0198
1.01926
1.01891
1.01886
1.01874
1.01845
1.01809
1.01788
1.01758
1.01729
1.01708
1.01686
1.01668
1.01633
1.016
1.01553
1.01505
1.01479
1.01452
1.01416
1.01388
1.01364
1.01335
1.01641
1.01656
1.01658
1.01694
1.01711
1.01745
1.01763
1.01788
1.01806
1.01833
1.01858
1.01882
1.0189
1.01893
1.01895
1.01913
1.01917
1.01913
1.01895
1.01885
1.01876
1.01871
1.0186
1.01841
1.0182
1.01797
1.01764
1.01737
1.01726
1.01714
1.01691
1.01658
1.01608
1.01565
1.01533
1.01499
1.01463
1.01434
1.01412
1.01374
1.01916
1.02028
1.0207
1.0212
1.02141
1.02163
1.02165
1.02174
1.0217
1.02176
1.02168
1.02156
1.02122
1.02093
1.0208
1.02078
1.02067
1.02027
1.0199
1.01974
1.0196
1.01924
1.01898
1.01878
1.0185
1.01821
1.01799
1.01767
1.01742
1.01724
1.017
1.01659
1.0161
1.01579
1.01544
1.01503
1.01467
1.01432
1.014
1.01368
1.01829
1.01861
1.01859
1.0188
1.01887
1.01911
1.01923
1.01947
1.01961
1.01983
1.01996
1.0201
1.02011
1.02013
1.02021
1.02035
1.02029
1.02013
1.01997
1.01991
1.01983
1.01968
1.01949
1.01926
1.01899
1.01867
1.01845
1.01832
1.01808
1.01792
1.0177
1.01722
1.01679
1.01643
1.01606
1.01564
1.01527
1.01491
1.01461
1.01434
1.02007
1.02075
1.021
1.02129
1.02141
1.02159
1.02165
1.02179
1.02184
1.02197
1.0219
1.02174
1.02152
1.0215
1.02152
1.02152
1.0213
1.02103
1.02081
1.02062
1.02028
1.02011
1.01991
1.01963
1.0193
1.01908
1.01878
1.01847
1.01822
1.01808
1.0178
1.01739
1.01694
1.01663
1.01619
1.01575
1.01532
1.015
1.01476
1.01453
1.01978
1.02008
1.02018
1.02043
1.02058
1.02081
1.02094
1.02112
1.02121
1.02137
1.02144
1.02149
1.0215
1.02159
1.02166
1.02159
1.02146
1.02135
1.02127
1.0211
1.02091
1.02077
1.02058
1.02022
1.01989
1.01976
1.0196
1.01932
1.01903
1.0189
1.01862
1.01817
1.01776
1.01741
1.01695
1.01653
1.0161
1.0158
1.01561
1.01539
1.02102
1.02156
1.02173
1.02202
1.02213
1.02234
1.0224
1.0226
1.02264
1.02274
1.02262
1.02262
1.02257
1.02271
1.02259
1.02248
1.0222
1.02212
1.02184
1.02167
1.02129
1.02122
1.02095
1.02067
1.02025
1.02008
1.0198
1.01958
1.01925
1.01912
1.01878
1.0184
1.01797
1.01762
1.0171
1.01668
1.01626
1.01599
1.01578
1.0156
1.02127
1.02166
1.02182
1.02213
1.02225
1.02246
1.02255
1.02272
1.02282
1.02295
1.02298
1.02309
1.02316
1.02326
1.02318
1.02308
1.02288
1.02282
1.02263
1.02244
1.02218
1.02208
1.02185
1.02157
1.02123
1.02103
1.02078
1.02052
1.02021
1.02002
1.01971
1.01928
1.01883
1.01846
1.01798
1.01753
1.01714
1.01686
1.01667
1.01644
1.02223
1.0228
1.02296
1.02327
1.02334
1.02357
1.0236
1.02382
1.0238
1.0239
1.02383
1.02399
1.02399
1.02411
1.02386
1.02379
1.02354
1.02352
1.02318
1.02295
1.0226
1.02255
1.02225
1.02193
1.02152
1.0214
1.02112
1.02085
1.02044
1.02029
1.01997
1.01962
1.01908
1.01868
1.01812
1.01774
1.01729
1.01706
1.01678
1.01658
1.02291
1.02347
1.02366
1.02399
1.02408
1.02435
1.02441
1.02464
1.02468
1.02481
1.02483
1.02502
1.02508
1.02513
1.0249
1.02478
1.02461
1.0246
1.02428
1.024
1.02367
1.02363
1.02335
1.02307
1.02264
1.02251
1.02229
1.02204
1.0216
1.02132
1.02096
1.02064
1.02011
1.01971
1.01915
1.01872
1.01825
1.01801
1.01771
1.01747
1.02398
1.02454
1.02476
1.02497
1.02509
1.02524
1.02531
1.02543
1.02544
1.02559
1.02561
1.02583
1.02581
1.02584
1.02552
1.02543
1.02527
1.02526
1.02491
1.0246
1.02421
1.02413
1.02385
1.02356
1.02309
1.02292
1.02268
1.02246
1.02202
1.02169
1.02125
1.02094
1.0204
1.01996
1.01935
1.01896
1.01845
1.01819
1.01783
1.0176
1.02516
1.02587
1.02596
1.0263
1.02633
1.02664
1.02665
1.02687
1.02682
1.02702
1.02703
1.02726
1.02717
1.02717
1.02688
1.02686
1.02663
1.02663
1.02625
1.02603
1.02562
1.02555
1.02521
1.02494
1.02449
1.02435
1.02404
1.02382
1.02335
1.02302
1.0225
1.02224
1.02173
1.02127
1.0206
1.02019
1.01961
1.01933
1.01897
1.01873
1.02614
1.02679
1.0268
1.02711
1.02719
1.0275
1.02752
1.02774
1.02771
1.02794
1.02796
1.02812
1.02796
1.02801
1.02776
1.02775
1.02739
1.02733
1.02693
1.02674
1.02632
1.02619
1.02574
1.02545
1.0251
1.02499
1.02461
1.02436
1.02392
1.02351
1.02288
1.02254
1.02202
1.02164
1.02094
1.02046
1.01985
1.01956
1.01915
1.01892
1.02767
1.02845
1.02833
1.02881
1.02884
1.02924
1.02915
1.02941
1.02932
1.02966
1.02961
1.02979
1.02963
1.02972
1.02951
1.0295
1.02917
1.0291
1.02868
1.02859
1.0282
1.02798
1.02743
1.02723
1.0269
1.0267
1.02628
1.0261
1.02565
1.0252
1.02455
1.02417
1.02366
1.02322
1.0225
1.022
1.02137
1.02106
1.02063
1.02042
1.0286
1.02936
1.0293
1.02993
1.02989
1.03027
1.03014
1.03046
1.03037
1.03073
1.03061
1.03087
1.03063
1.03071
1.03046
1.03045
1.03007
1.02988
1.02949
1.0295
1.02902
1.02872
1.0282
1.028
1.02759
1.0274
1.02703
1.02678
1.02626
1.02577
1.02514
1.02469
1.02413
1.02365
1.02291
1.02235
1.02172
1.02136
1.02092
1.02071
1.03059
1.03144
1.03146
1.03201
1.03193
1.03236
1.03225
1.03265
1.03253
1.03293
1.03281
1.03309
1.03277
1.03299
1.03273
1.03278
1.03226
1.03213
1.0318
1.0318
1.0313
1.03108
1.03047
1.0302
1.02971
1.02966
1.0293
1.029
1.0284
1.02799
1.02729
1.02676
1.02616
1.02564
1.02486
1.02428
1.02365
1.02325
1.02282
1.02259
1.03182
1.03272
1.0327
1.03321
1.03309
1.03363
1.03347
1.03391
1.03373
1.03418
1.03395
1.0342
1.03396
1.03423
1.03387
1.03387
1.03328
1.03326
1.03285
1.03285
1.03238
1.03212
1.03138
1.03112
1.03062
1.03065
1.03022
1.02992
1.02923
1.02878
1.028
1.0275
1.02679
1.02621
1.0254
1.02478
1.02413
1.02369
1.02325
1.02298
1.03433
1.03526
1.03526
1.03583
1.03576
1.03638
1.03624
1.03676
1.03655
1.037
1.03673
1.03719
1.0369
1.03717
1.03674
1.03682
1.0363
1.03633
1.03587
1.03594
1.03531
1.03503
1.03428
1.03406
1.03356
1.03357
1.03311
1.03284
1.03204
1.0316
1.03075
1.03028
1.02941
1.02884
1.02791
1.02732
1.0266
1.02616
1.02572
1.0254
1.03592
1.03685
1.03685
1.03746
1.03736
1.03796
1.03774
1.03822
1.03792
1.03843
1.03821
1.03865
1.03825
1.03853
1.03804
1.03822
1.03772
1.03785
1.03729
1.03725
1.0365
1.03634
1.03556
1.03541
1.03488
1.03489
1.03435
1.03401
1.0332
1.03268
1.03182
1.03127
1.03031
1.02967
1.02866
1.02807
1.02727
1.02685
1.02634
1.026
1.03931
1.04015
1.04015
1.04075
1.04073
1.04136
1.0412
1.04175
1.04155
1.04219
1.04196
1.04249
1.04207
1.04244
1.04195
1.04229
1.0418
1.04203
1.04129
1.04125
1.04038
1.04028
1.03947
1.03941
1.03881
1.03885
1.03816
1.03784
1.03689
1.03642
1.03544
1.03487
1.03388
1.03319
1.03216
1.03149
1.03064
1.0302
1.02964
1.02926
1.04094
1.04178
1.04172
1.04228
1.04222
1.04282
1.0427
1.04328
1.04311
1.04377
1.0435
1.04405
1.04358
1.04409
1.04358
1.04412
1.04356
1.04387
1.04302
1.04302
1.04208
1.04201
1.0412
1.04132
1.04062
1.04069
1.03978
1.03952
1.03842
1.03793
1.03683
1.03632
1.03517
1.03447
1.03326
1.03252
1.03159
1.03108
1.03046
1.03007
1.04492
1.04549
1.04594
1.04651
1.0469
1.04752
1.04771
1.04831
1.04832
1.04887
1.04872
1.0493
1.04897
1.04956
1.0492
1.04979
1.04923
1.04953
1.0486
1.04862
1.04757
1.0476
1.04682
1.04703
1.04625
1.04626
1.04515
1.04485
1.0435
1.04312
1.0418
1.04136
1.03999
1.03933
1.0379
1.03726
1.03614
1.03572
1.035
1.03474
1.04581
1.04664
1.04709
1.04796
1.04845
1.04931
1.04969
1.05036
1.05052
1.05104
1.05112
1.0517
1.0516
1.05225
1.05193
1.05248
1.05191
1.05208
1.05116
1.05111
1.05019
1.0503
1.04961
1.04981
1.04889
1.04877
1.04748
1.04712
1.04573
1.04529
1.04396
1.0434
1.04191
1.04122
1.03963
1.03897
1.03767
1.03727
1.03641
1.03621
1.05123
1.05237
1.05271
1.05382
1.05422
1.05529
1.05563
1.05656
1.05667
1.05763
1.0577
1.05872
1.05861
1.0595
1.05917
1.05985
1.05911
1.05943
1.05824
1.05839
1.05727
1.05768
1.05676
1.05715
1.05605
1.05609
1.05469
1.0545
1.05295
1.0526
1.05085
1.05023
1.04828
1.0475
1.04554
1.04476
1.04316
1.04265
1.04149
1.04113
1.05606
1.05709
1.05814
1.05895
1.05995
1.06075
1.06145
1.06219
1.0626
1.06346
1.06379
1.06478
1.06494
1.06585
1.06576
1.06633
1.06592
1.06618
1.06547
1.0658
1.06504
1.06559
1.06468
1.06497
1.06351
1.06329
1.06149
1.06095
1.05906
1.05839
1.05646
1.05564
1.05362
1.0527
1.05072
1.04987
1.04827
1.04776
1.04662
1.04638
1.06118
1.06297
1.06399
1.06568
1.06679
1.06825
1.06924
1.07043
1.0712
1.07222
1.0727
1.0736
1.07384
1.0745
1.07448
1.07468
1.0742
1.07394
1.07307
1.07272
1.07177
1.07165
1.07069
1.07056
1.06927
1.06904
1.06745
1.06725
1.06547
1.06526
1.06322
1.06275
1.0604
1.05962
1.05708
1.05616
1.05387
1.0531
1.05137
1.05096
1.06882
1.07173
1.07444
1.07621
1.07815
1.07985
1.08153
1.08303
1.08459
1.08588
1.08744
1.08858
1.08994
1.09075
1.09167
1.09208
1.09282
1.09305
1.09386
1.09395
1.09456
1.09424
1.09418
1.09329
1.09244
1.09102
1.08949
1.08774
1.08568
1.08372
1.08115
1.07903
1.07598
1.07379
1.07063
1.06882
1.06604
1.06481
1.06282
1.06214
1.08329
1.08656
1.08781
1.09081
1.09205
1.09483
1.09571
1.09802
1.09846
1.10029
1.10044
1.10181
1.10185
1.10275
1.10252
1.10269
1.10186
1.10126
1.10002
1.09893
1.09761
1.09628
1.09513
1.09349
1.09241
1.09066
1.08981
1.08816
1.08743
1.08579
1.08479
1.08269
1.0811
1.07866
1.07675
1.07445
1.0727
1.07094
1.06954
1.06834
1.11589
1.12126
1.12341
1.1278
1.129
1.13281
1.1339
1.13725
1.13849
1.14124
1.14235
1.14448
1.14535
1.14701
1.14789
1.14925
1.15027
1.15137
1.15232
1.15299
1.15341
1.15337
1.15289
1.15185
1.15054
1.14852
1.14638
1.14341
1.14055
1.13671
1.1331
1.12851
1.1241
1.11897
1.11406
1.10894
1.10416
1.09966
1.09551
1.09192
1.17096
1.16667
1.16699
1.16547
1.16669
1.16591
1.16708
1.16638
1.16714
1.16633
1.16672
1.16587
1.16599
1.16495
1.16449
1.16293
1.1618
1.15963
1.15808
1.15532
1.15321
1.14978
1.14712
1.14347
1.14076
1.13716
1.13466
1.13135
1.12911
1.12611
1.12415
1.12148
1.11932
1.11595
1.1124
1.10765
1.10341
1.09961
1.09775
1.09779
1.22909
1.24024
1.24568
1.25446
1.25717
1.26446
1.26637
1.27279
1.27428
1.27999
1.28107
1.2861
1.28674
1.29118
1.29131
1.29506
1.29461
1.29775
1.29677
1.29927
1.29768
1.29943
1.29714
1.2977
1.29382
1.29286
1.28735
1.28449
1.27723
1.27249
1.26357
1.25712
1.24694
1.23957
1.2293
1.22228
1.2128
1.20554
1.19462
1.18375
1.28108
1.27742
1.28
1.28327
1.29015
1.29464
1.30186
1.30558
1.31218
1.31456
1.32021
1.3208
1.32508
1.32389
1.32687
1.32472
1.32692
1.32486
1.32601
1.32322
1.32154
1.31658
1.31144
1.30497
1.29738
1.29035
1.28125
1.27488
1.26516
1.25908
1.24901
1.24381
1.23456
1.23094
1.22159
1.21535
1.19978
1.18579
1.16588
1.15548
1.26539
1.30653
1.35067
1.38878
1.42906
1.46467
1.50142
1.53352
1.5669
1.59506
1.62491
1.64879
1.67485
1.69392
1.71521
1.72852
1.74366
1.75094
1.76007
1.76304
1.76787
1.76814
1.76932
1.7668
1.7641
1.75798
1.7507
1.74032
1.7279
1.71371
1.69635
1.67938
1.65825
1.63942
1.61472
1.59302
1.56446
1.54015
1.51278
1.48911
1.01092
1.01189
1.01178
1.0117
1.01181
1.01195
1.01207
1.01227
1.01239
1.01256
1.01242
1.01246
1.01258
1.01287
1.01312
1.01276
1.01268
1.0123
1.01189
1.01127
1.01082
1.01004
1.00903
1.00775
1.00616
1.0041
1.00152
0.998979
0.996142
0.993163
0.989368
0.986097
0.983188
0.977877
0.977202
0.972852
0.973482
0.970667
0.971745
0.969429
1.0114
1.01199
1.01176
1.01175
1.01189
1.012
1.01217
1.01236
1.01264
1.01286
1.01269
1.01274
1.01264
1.01288
1.01329
1.01298
1.01277
1.01223
1.01187
1.01136
1.01081
1.00995
1.00895
1.00766
1.006
1.00393
1.00133
0.998458
0.995547
0.992624
0.988248
0.98562
0.981915
0.977085
0.976707
0.972022
0.972885
0.969707
0.970927
0.968975
1.01204
1.01234
1.01203
1.01217
1.01221
1.01236
1.01255
1.01271
1.01308
1.01332
1.01319
1.01311
1.01283
1.01296
1.01314
1.01292
1.01263
1.01212
1.01183
1.0111
1.01029
1.00931
1.00806
1.00663
1.00495
1.00267
1.00007
0.997395
0.994311
0.990568
0.987649
0.983819
0.981267
0.976656
0.975191
0.971762
0.971554
0.969201
0.969571
0.968259
1.0122
1.01229
1.01203
1.01222
1.01223
1.01242
1.01263
1.01281
1.01305
1.01319
1.01312
1.013
1.01254
1.01245
1.01241
1.01214
1.01183
1.01144
1.01103
1.01029
1.0093
1.0083
1.00698
1.00542
1.00362
1.00147
0.9989
0.995837
0.992526
0.989603
0.985718
0.983159
0.979465
0.976567
0.974407
0.971758
0.970641
0.968912
0.968483
0.967669
1.01266
1.01264
1.01244
1.01271
1.01265
1.01287
1.01307
1.01327
1.01331
1.01337
1.01341
1.01332
1.0129
1.01265
1.01246
1.01208
1.01183
1.01142
1.01085
1.01017
1.00897
1.0078
1.00624
1.00456
1.0027
1.00037
0.997691
0.994768
0.9915
0.98768
0.985186
0.981202
0.978859
0.975548
0.972873
0.971003
0.969359
0.967958
0.96719
0.96657
1.01266
1.01261
1.01249
1.01276
1.01261
1.01296
1.01314
1.01332
1.01327
1.01328
1.01336
1.01312
1.01265
1.01238
1.01217
1.0116
1.01124
1.01074
1.0103
1.00963
1.00841
1.00734
1.00582
1.00416
1.00215
0.999828
0.997051
0.99377
0.990191
0.987337
0.983334
0.980722
0.977164
0.975049
0.972234
0.970392
0.968671
0.967287
0.96628
0.965879
1.01309
1.01305
1.01308
1.01328
1.0132
1.01356
1.0136
1.01378
1.01374
1.01377
1.0138
1.0136
1.01331
1.01313
1.01276
1.01216
1.0118
1.01122
1.01076
1.01007
1.00883
1.00759
1.00588
1.0041
1.00199
0.999458
0.996566
0.993372
0.990057
0.985963
0.983229
0.979058
0.976648
0.97349
0.970756
0.968891
0.967215
0.965885
0.965027
0.964671
1.01304
1.01305
1.01312
1.01331
1.01335
1.01371
1.01363
1.01372
1.01377
1.01384
1.01368
1.01337
1.01324
1.01302
1.01261
1.01209
1.01178
1.01126
1.01082
1.01001
1.00888
1.0078
1.00613
1.0044
1.00214
0.999543
0.996558
0.993179
0.989239
0.986152
0.981779
0.978802
0.975026
0.972855
0.970096
0.968101
0.966414
0.965032
0.964099
0.963968
1.01351
1.01362
1.01373
1.01385
1.01403
1.01434
1.01416
1.01433
1.01434
1.01439
1.01424
1.01406
1.01387
1.01364
1.01344
1.01308
1.01285
1.01228
1.0117
1.01073
1.0096
1.00829
1.00642
1.00451
1.00211
0.999404
0.996275
0.992865
0.989446
0.984928
0.981825
0.977257
0.974582
0.971119
0.968444
0.966353
0.964721
0.963424
0.962684
0.962631
1.0135
1.01372
1.01385
1.01403
1.01421
1.01436
1.01423
1.01444
1.01435
1.01429
1.01399
1.01387
1.01373
1.01366
1.01344
1.01317
1.01302
1.01249
1.01189
1.01088
1.00982
1.00863
1.00675
1.0049
1.00235
0.999443
0.996243
0.992665
0.988412
0.985084
0.980292
0.976965
0.972793
0.970404
0.967579
0.965421
0.963729
0.962427
0.961623
0.961782
1.01417
1.01443
1.01462
1.01481
1.01495
1.01499
1.01498
1.01519
1.01499
1.01497
1.01473
1.01471
1.01464
1.01459
1.01443
1.01418
1.01399
1.01334
1.01262
1.01151
1.01045
1.00894
1.00688
1.00483
1.00209
0.999142
0.995723
0.99187
0.988414
0.983515
0.98013
0.975148
0.972286
0.968384
0.965596
0.963505
0.961888
0.960633
0.960083
0.960258
1.01435
1.01463
1.01479
1.01495
1.01503
1.01503
1.01509
1.01515
1.0149
1.01482
1.01468
1.0148
1.01473
1.0146
1.01445
1.01431
1.01401
1.01344
1.01277
1.01168
1.01057
1.00914
1.00711
1.00507
1.0023
0.999007
0.995562
0.991664
0.986998
0.983447
0.978224
0.974703
0.97014
0.967525
0.964566
0.96241
0.960827
0.959543
0.958918
0.959316
1.0152
1.01546
1.01554
1.01567
1.01576
1.01581
1.01592
1.01586
1.01571
1.01582
1.01583
1.01592
1.01579
1.01572
1.0155
1.01524
1.01479
1.01424
1.01338
1.01226
1.01111
1.00934
1.00717
1.00483
1.00178
0.99851
0.994676
0.990468
0.98669
0.981414
0.977749
0.972517
0.969329
0.965227
0.96237
0.960289
0.958891
0.957675
0.957215
0.957664
1.01537
1.01563
1.01561
1.01571
1.01575
1.0158
1.01587
1.01571
1.01565
1.01593
1.0159
1.01593
1.01569
1.01564
1.01544
1.01522
1.01488
1.01426
1.01338
1.0124
1.01122
1.00942
1.00729
1.00494
1.00192
0.998226
0.994377
0.990273
0.985097
0.98121
0.975539
0.971902
0.967158
0.964221
0.961168
0.958986
0.957582
0.95641
0.955922
0.956563
1.01624
1.01645
1.01638
1.01652
1.01656
1.01666
1.0167
1.01664
1.01686
1.01705
1.01697
1.01701
1.01682
1.01681
1.01652
1.01621
1.01569
1.01494
1.01389
1.01295
1.01157
1.00955
1.00726
1.00469
1.00111
0.997477
0.993223
0.988635
0.98451
0.978769
0.974745
0.969331
0.965852
0.961643
0.958728
0.956598
0.95535
0.954328
0.954019
0.954781
1.01633
1.01651
1.01642
1.01656
1.01656
1.01664
1.01662
1.01663
1.017
1.01703
1.01692
1.01681
1.01666
1.01674
1.01654
1.01635
1.01572
1.01492
1.01396
1.01302
1.01159
1.00958
1.00737
1.00461
1.00123
0.997157
0.992821
0.988448
0.982686
0.978419
0.972304
0.968457
0.963481
0.960355
0.957226
0.954997
0.953692
0.952734
0.952357
0.953418
1.01722
1.01741
1.01738
1.01761
1.01762
1.01774
1.0178
1.01802
1.01827
1.01814
1.01811
1.01808
1.01793
1.01808
1.01781
1.01741
1.01658
1.01573
1.01467
1.01352
1.01177
1.00965
1.0071
1.00422
1.00015
0.996123
0.991453
0.986225
0.981739
0.975452
0.971085
0.965364
0.961633
0.957408
0.954381
0.952253
0.951129
0.950355
0.950233
0.951489
1.01731
1.01749
1.01744
1.01764
1.01763
1.01779
1.01789
1.01817
1.01826
1.01808
1.01801
1.01799
1.01808
1.01813
1.01764
1.01724
1.01646
1.01577
1.0147
1.01345
1.01168
1.00938
1.00702
1.00374
0.999998
0.995621
0.990686
0.985995
0.979565
0.974971
0.968379
0.964169
0.958937
0.955575
0.952489
0.950269
0.949123
0.948443
0.948174
0.949814
1.01842
1.01869
1.01868
1.01892
1.01897
1.01927
1.01947
1.01964
1.01957
1.01953
1.01964
1.01962
1.01962
1.0194
1.01891
1.01848
1.0176
1.01671
1.01545
1.01404
1.01187
1.00962
1.00669
1.00331
0.998832
0.994321
0.989275
0.983296
0.978353
0.971441
0.966626
0.960441
0.956503
0.95232
0.949151
0.947175
0.946304
0.945906
0.945852
0.947728
1.01859
1.01886
1.0188
1.01906
1.0191
1.01941
1.01956
1.01966
1.01953
1.01948
1.01958
1.01969
1.01964
1.01941
1.01892
1.01839
1.01744
1.01668
1.0154
1.01389
1.01178
1.0092
1.00645
1.00247
0.998332
0.99364
0.98787
0.982791
0.975858
0.970736
0.963564
0.958879
0.953416
0.949712
0.946718
0.944613
0.943736
0.943488
0.943315
0.945603
1.02007
1.0204
1.02036
1.02071
1.02081
1.02116
1.02119
1.02129
1.02132
1.02155
1.02172
1.02164
1.02145
1.02107
1.02049
1.01998
1.01904
1.01811
1.01655
1.01485
1.01226
1.00983
1.00628
1.00235
0.997518
0.992051
0.986504
0.979761
0.974066
0.966476
0.961273
0.954415
0.950309
0.94608
0.942687
0.940939
0.940428
0.940607
0.940747
0.943252
1.02034
1.02065
1.02059
1.02095
1.02099
1.02128
1.02122
1.02134
1.02142
1.02173
1.02168
1.02149
1.02117
1.02095
1.02063
1.02003
1.01907
1.01805
1.01645
1.0146
1.01219
1.00918
1.00578
1.00111
0.996177
0.991023
0.984344
0.978691
0.971097
0.965256
0.95737
0.952244
0.946395
0.942232
0.939444
0.937567
0.937007
0.937435
0.937433
0.940465
1.02222
1.02258
1.0226
1.02303
1.02304
1.02332
1.02331
1.02371
1.02396
1.0241
1.02386
1.02374
1.02353
1.02338
1.02267
1.02192
1.0209
1.01968
1.01784
1.01595
1.01277
1.00989
1.00559
1.00066
0.995531
0.988984
0.98273
0.975028
0.968331
0.959999
0.95433
0.946724
0.942534
0.938108
0.93455
0.933265
0.933011
0.93405
0.934437
0.937823
1.0226
1.02292
1.02291
1.0233
1.02326
1.02351
1.02348
1.02388
1.02397
1.02397
1.02368
1.02359
1.02353
1.02304
1.02235
1.02176
1.02061
1.01926
1.01747
1.01498
1.01217
1.00871
1.00405
0.999025
0.99307
0.987002
0.979372
0.972889
0.964292
0.957591
0.949183
0.943577
0.937131
0.932729
0.93017
0.928461
0.928449
0.929877
0.930082
0.934116
1.02502
1.02541
1.02546
1.02586
1.02587
1.02628
1.02644
1.02684
1.02667
1.02671
1.02667
1.02678
1.02636
1.02576
1.02515
1.02417
1.02277
1.02131
1.01882
1.01658
1.01301
1.00913
1.00403
0.998105
0.992275
0.984503
0.977316
0.968411
0.96068
0.951702
0.94491
0.936736
0.932246
0.927721
0.924177
0.923583
0.923566
0.925763
0.926514
0.931122
1.02557
1.0259
1.02587
1.02622
1.02619
1.02658
1.02662
1.02687
1.02658
1.02657
1.02638
1.02642
1.02579
1.02548
1.02465
1.02352
1.02228
1.02027
1.01815
1.01523
1.01139
1.00714
1.00114
0.995813
0.988463
0.981045
0.972259
0.964527
0.954727
0.947036
0.938079
0.93184
0.924749
0.920333
0.918124
0.916605
0.917296
0.920035
0.920605
0.92629
1.02881
1.02919
1.02923
1.02966
1.02979
1.03023
1.03024
1.03045
1.03036
1.03062
1.03045
1.03021
1.02958
1.0291
1.02787
1.0269
1.02492
1.02299
1.02009
1.01675
1.01249
1.00718
1.00155
0.994372
0.987082
0.977806
0.969544
0.959199
0.950275
0.940088
0.932223
0.923344
0.918427
0.913939
0.910583
0.910647
0.911155
0.914799
0.91615
0.922586
1.02955
1.02988
1.02981
1.03019
1.03017
1.03052
1.03035
1.03044
1.03021
1.03033
1.02993
1.02964
1.02904
1.02836
1.02731
1.02589
1.02402
1.02158
1.01848
1.01487
1.00961
1.00456
0.997137
0.990516
0.98113
0.972582
0.962221
0.952578
0.941397
0.932667
0.922474
0.915441
0.907861
0.903433
0.901654
0.900639
0.90228
0.906649
0.907877
0.915312
1.03407
1.03455
1.03443
1.03497
1.03491
1.03536
1.03524
1.03564
1.03553
1.03561
1.0351
1.03488
1.03396
1.03318
1.03157
1.03008
1.02749
1.02476
1.02113
1.01628
1.0111
1.00408
0.997053
0.988096
0.979058
0.967982
0.957957
0.945696
0.935286
0.923515
0.91431
0.9047
0.899333
0.894943
0.892477
0.893056
0.894461
0.900246
0.902352
0.911053
1.03553
1.03561
1.03551
1.0356
1.03553
1.03565
1.03551
1.03569
1.03541
1.03527
1.03478
1.03425
1.03335
1.03225
1.03064
1.02868
1.02574
1.02284
1.01793
1.01333
1.00623
0.999707
0.990354
0.981637
0.969985
0.959814
0.946747
0.935094
0.922016
0.911293
0.899919
0.891945
0.884339
0.879892
0.878336
0.878756
0.881539
0.888177
0.890768
0.901207
1.04025
1.04104
1.04088
1.04161
1.04157
1.0422
1.0422
1.04257
1.04226
1.04235
1.04159
1.04114
1.03977
1.03841
1.03618
1.03346
1.03025
1.0257
1.02086
1.01414
1.00717
0.998036
0.988822
0.977351
0.965965
0.952396
0.939748
0.924869
0.912566
0.898711
0.888002
0.877952
0.872013
0.868078
0.866584
0.868523
0.8716
0.880485
0.884073
0.895663
1.04551
1.04569
1.0454
1.04549
1.04519
1.04512
1.04475
1.04445
1.04386
1.04322
1.04211
1.04104
1.03907
1.03736
1.03411
1.03154
1.0266
1.02245
1.01525
1.00894
0.999168
0.990273
0.977866
0.966556
0.951745
0.938548
0.921811
0.907941
0.891774
0.878853
0.866142
0.857055
0.849774
0.845792
0.845289
0.847937
0.851866
0.862515
0.867272
0.879927
1.04975
1.05066
1.05038
1.0512
1.05103
1.05161
1.05143
1.05159
1.05121
1.05068
1.04982
1.04827
1.04661
1.0437
1.04082
1.03619
1.03152
1.02455
1.01749
1.00772
0.997943
0.985527
0.972949
0.957804
0.942688
0.925508
0.909133
0.890923
0.875838
0.859799
0.847516
0.837374
0.831203
0.828465
0.828958
0.833645
0.838857
0.851842
0.85946
0.872893
1.06077
1.06126
1.06053
1.06106
1.06017
1.06044
1.05915
1.05885
1.05688
1.05571
1.05284
1.05073
1.0467
1.04348
1.03782
1.03308
1.02505
1.01833
1.00729
0.997894
0.983671
0.971271
0.953953
0.938331
0.918624
0.900629
0.879247
0.861944
0.841863
0.826383
0.812518
0.802737
0.79668
0.794623
0.796663
0.802899
0.809211
0.824643
0.8339
0.852167
1.06729
1.06754
1.06731
1.06768
1.06724
1.06716
1.06619
1.06518
1.0635
1.06132
1.05899
1.0555
1.0524
1.04715
1.04266
1.03478
1.0278
1.01649
1.00609
0.99102
0.976698
0.958313
0.940046
0.919077
0.897919
0.875105
0.853669
0.831417
0.81222
0.794869
0.781475
0.772409
0.767904
0.768354
0.773308
0.782903
0.791593
0.810461
0.824275
0.843752
1.08904
1.08885
1.08719
1.08744
1.08508
1.0847
1.08099
1.07973
1.07475
1.07268
1.06647
1.06331
1.0554
1.05026
1.03964
1.03125
1.01688
1.00441
0.986112
0.969726
0.947779
0.927694
0.902589
0.879465
0.85181
0.827431
0.80001
0.776959
0.75394
0.73639
0.722691
0.71461
0.711451
0.714766
0.722355
0.735934
0.746627
0.770132
0.786047
0.811985
1.09992
1.09953
1.10018
1.09801
1.09596
1.09221
1.08925
1.08474
1.08116
1.07581
1.07111
1.06386
1.05669
1.04597
1.0351
1.01998
1.0049
0.985142
0.965807
0.941816
0.918541
0.890493
0.863099
0.832506
0.802273
0.771995
0.742675
0.717551
0.694726
0.678835
0.667262
0.662993
0.666193
0.674289
0.688935
0.710267
0.726644
0.753365
0.777831
0.798709
1.16894
1.16204
1.14812
1.14166
1.13055
1.12694
1.1181
1.11574
1.10641
1.10195
1.08901
1.08026
1.06243
1.04864
1.02549
1.00616
0.97781
0.953117
0.920125
0.890044
0.852503
0.817194
0.777678
0.739467
0.70199
0.665293
0.633648
0.603491
0.582649
0.56366
0.558436
0.553501
0.565338
0.578359
0.598622
0.630898
0.653496
0.685607
0.726329
0.756976
1.1514
1.14712
1.15101
1.15157
1.15492
1.15419
1.15062
1.14194
1.12904
1.11188
1.09058
1.06638
1.03821
1.0081
0.973894
0.938386
0.898523
0.857924
0.813171
0.769168
0.722766
0.680101
0.633163
0.595377
0.552012
0.523727
0.490054
0.477217
0.455801
0.46781
0.470211
0.498468
0.528448
0.566485
0.603179
0.649388
0.692412
0.724885
0.768964
0.793972
1.46272
1.44238
1.40363
1.37326
1.3259
1.2872
1.23417
1.19219
1.13577
1.09188
1.03326
0.98822
0.927834
0.881584
0.81951
0.772178
0.709043
0.661177
0.597325
0.548675
0.48481
0.435647
0.378475
0.331815
0.290721
0.254179
0.252504
0.246067
0.256074
0.32361
0.370795
0.421321
0.49711
0.537633
0.624844
0.661175
0.748298
0.789117
0.864547
0.903884
0.99998
1
1
1
1
1
1
1
1
1
1
1
1
1
1
1
1
1
1
1
1
1
1
1
1
1
1
1
1
1
1
1
1
1
1
1
0.999999
1
1
0.999979
0.999983
1.00002
1.00002
1.00002
1.00001
1.00001
1.00001
1.00001
1.00001
1.00001
1.00001
1.00001
1.00001
1.00001
1.00001
1
1
1
1
1
1
0.999999
0.999998
0.999997
0.999995
0.999992
0.99999
0.999987
0.999986
0.999986
0.999985
0.999984
0.999983
0.999983
0.999983
0.999984
0.999984
0.999982
0.999984
0.999939
0.999987
1.00004
1.00003
1.00003
1.00003
1.00002
1.00002
1.00002
1.00002
1.00002
1.00002
1.00002
1.00001
1.00001
1.00001
1.00001
1
0.999998
0.999996
0.999993
0.99999
0.999987
0.999984
0.999981
0.999979
0.999978
0.999976
0.999975
0.999973
0.999972
0.999971
0.999969
0.999967
0.999965
0.999963
0.999961
0.999962
0.999966
0.999971
0.999893
1
1.0001
1.00009
1.00009
1.00008
1.00008
1.00008
1.00007
1.00007
1.00006
1.00006
1.00006
1.00005
1.00005
1.00004
1.00004
1.00003
1.00003
1.00002
1.00001
1.00001
1
0.999992
0.999985
0.999978
0.999971
0.999963
0.999955
0.999945
0.999935
0.999925
0.999915
0.999907
0.999901
0.999896
0.999893
0.999892
0.999894
0.999902
0.99979
1.00003
1.00016
1.00014
1.00013
1.00012
1.00012
1.00011
1.00011
1.0001
1.0001
1.00009
1.00008
1.00007
1.00006
1.00006
1.00005
1.00004
1.00002
1.00001
1
0.999991
0.999978
0.999965
0.999951
0.999936
0.999922
0.999909
0.999896
0.999885
0.999873
0.999863
0.999856
0.999847
0.99984
0.999834
0.999833
0.999831
0.999832
0.999838
0.999696
1.00005
1.00023
1.00022
1.00021
1.00019
1.00018
1.00017
1.00016
1.00015
1.00014
1.00013
1.00012
1.00011
1.0001
1.00009
1.00008
1.00007
1.00005
1.00004
1.00002
1
0.999988
0.999971
0.999954
0.999937
0.999919
0.9999
0.999881
0.999861
0.999842
0.999823
0.999804
0.999789
0.999777
0.999765
0.999755
0.999752
0.999751
0.999764
0.999572
1.00011
1.00034
1.00033
1.00032
1.00031
1.0003
1.00029
1.00028
1.00027
1.00026
1.00025
1.00023
1.00022
1.0002
1.00019
1.00017
1.00014
1.00012
1.0001
1.00007
1.00005
1.00002
0.999992
0.99996
0.999928
0.999898
0.999867
0.999836
0.999808
0.999779
0.999752
0.999731
0.999705
0.999681
0.999662
0.99965
0.999641
0.999644
0.999645
0.999419
1.00017
1.00044
1.00043
1.00042
1.0004
1.00039
1.00037
1.00036
1.00035
1.00033
1.00032
1.0003
1.00028
1.00026
1.00024
1.00021
1.00019
1.00016
1.00013
1.0001
1.00006
1.00003
0.999995
0.999961
0.999924
0.999886
0.999848
0.999809
0.999766
0.999729
0.999691
0.999647
0.99962
0.999597
0.999576
0.999558
0.99955
0.999537
0.999546
0.999262
1.00024
1.00055
1.00054
1.00053
1.00052
1.0005
1.00049
1.00048
1.00046
1.00044
1.00042
1.0004
1.00037
1.00035
1.00032
1.00028
1.00025
1.00022
1.00018
1.00014
1.00009
1.00005
1
0.999947
0.999893
0.999842
0.99979
0.99974
0.999696
0.999648
0.999604
0.999577
0.999531
0.999489
0.999455
0.999428
0.999406
0.999405
0.99939
0.999088
1.00033
1.00068
1.00068
1.00066
1.00065
1.00063
1.00062
1.00061
1.00059
1.00057
1.00055
1.00052
1.00049
1.00046
1.00043
1.00039
1.00035
1.0003
1.00025
1.0002
1.00015
1.00009
1.00003
0.99998
0.999923
0.999859
0.999795
0.99973
0.999658
0.999595
0.999532
0.999455
0.999411
0.999373
0.999335
0.999301
0.999277
0.999242
0.999253
0.998874
1.00043
1.00081
1.00078
1.00076
1.00075
1.00073
1.00071
1.00069
1.00067
1.00064
1.00062
1.00058
1.00055
1.00052
1.00047
1.00042
1.00037
1.00032
1.00026
1.0002
1.00013
1.00006
0.999995
0.999912
0.99983
0.999753
0.999674
0.999596
0.999532
0.999459
0.999393
0.999354
0.999279
0.999209
0.999157
0.999117
0.999085
0.999094
0.99906
0.998672
1.00051
1.00093
1.00091
1.00088
1.00085
1.00082
1.00079
1.00077
1.00073
1.0007
1.00066
1.00062
1.00057
1.00052
1.00047
1.00042
1.00035
1.00029
1.00021
1.00014
1.00006
0.999982
0.999892
0.999811
0.999727
0.999633
0.999544
0.999453
0.999349
0.99926
0.999172
0.999064
0.999012
0.998971
0.998921
0.998884
0.998859
0.998811
0.998836
0.99836
1.0006
1.00105
1.00103
1.00101
1.00098
1.00095
1.00092
1.00089
1.00085
1.00081
1.00076
1.00071
1.00066
1.00061
1.00054
1.00046
1.00039
1.00031
1.00023
1.00013
1.00004
0.999942
0.999847
0.999735
0.999622
0.999517
0.999404
0.999296
0.999211
0.999118
0.999029
0.998977
0.998876
0.998783
0.998721
0.998658
0.998613
0.998623
0.998567
0.998104
1.00074
1.00126
1.00125
1.00123
1.0012
1.00117
1.00115
1.00111
1.00108
1.00104
1.00099
1.00094
1.00087
1.0008
1.00074
1.00068
1.0006
1.00052
1.00043
1.00033
1.00023
1.00011
0.999982
0.999866
0.999748
0.999616
0.999494
0.99937
0.999226
0.999093
0.998974
0.99883
0.998745
0.99867
0.998581
0.998527
0.99848
0.998399
0.998426
0.997865
1.00095
1.00149
1.00149
1.00147
1.00145
1.00143
1.0014
1.00138
1.00134
1.0013
1.00126
1.00121
1.00116
1.0011
1.00103
1.00092
1.00083
1.00073
1.00061
1.00049
1.00036
1.00023
1.00011
0.999961
0.99981
0.999666
0.999505
0.999345
0.99921
0.99907
0.99892
0.998812
0.99867
0.99854
0.998445
0.998338
0.998249
0.998254
0.998182
0.997614
1.0011
1.00168
1.00166
1.00165
1.00162
1.0016
1.00157
1.00153
1.00149
1.00145
1.0014
1.00133
1.00124
1.00117
1.0011
1.00103
1.00093
1.00082
1.00071
1.00059
1.00044
1.00029
1.00011
0.999944
0.999774
0.999589
0.999423
0.999253
0.999066
0.998887
0.99873
0.998552
0.998417
0.998291
0.998168
0.998099
0.998048
0.997936
0.99796
0.997292
1.00124
1.00187
1.00184
1.00179
1.00176
1.00172
1.00167
1.00162
1.00157
1.0015
1.00143
1.00137
1.0013
1.0012
1.00108
1.00094
1.00081
1.00066
1.00051
1.00034
1.00019
1.00002
0.99986
0.999682
0.999498
0.99932
0.99911
0.998907
0.998722
0.998544
0.99836
0.998202
0.998041
0.997907
0.997789
0.997658
0.997544
0.997554
0.997455
0.996821
1.00137
1.00203
1.00201
1.00198
1.00194
1.0019
1.00185
1.0018
1.00173
1.00167
1.00159
1.0015
1.00137
1.00128
1.00116
1.00106
1.00093
1.00079
1.00063
1.00046
1.00027
1.00007
0.999841
0.99961
0.999371
0.999126
0.99892
0.998703
0.998477
0.998255
0.99805
0.997854
0.997676
0.997497
0.997359
0.997263
0.997216
0.99707
0.997097
0.996356
1.00164
1.00237
1.00235
1.00231
1.00226
1.00222
1.00217
1.00212
1.00206
1.00199
1.00191
1.00184
1.00177
1.00164
1.00152
1.00135
1.00118
1.00101
1.00082
1.00064
1.00045
1.00023
1.00002
0.9998
0.999575
0.999339
0.999053
0.998786
0.998528
0.99827
0.998027
0.99777
0.997545
0.997366
0.997171
0.996998
0.996837
0.996805
0.99669
0.995966
1.00195
1.00271
1.0027
1.00268
1.00265
1.00261
1.00257
1.00252
1.00246
1.00241
1.00234
1.00223
1.00209
1.00198
1.00182
1.00172
1.00157
1.0014
1.00121
1.00098
1.00073
1.00047
1.00019
0.999884
0.999564
0.99925
0.998972
0.998658
0.998348
0.998059
0.997767
0.997549
0.997295
0.997049
0.996874
0.996708
0.996587
0.996435
0.996409
0.995523
1.00221
1.00302
1.00299
1.00294
1.00289
1.00284
1.00278
1.00271
1.00264
1.00255
1.00244
1.00234
1.00224
1.0021
1.00197
1.00174
1.00153
1.00131
1.00108
1.00085
1.00063
1.00037
1.0001
0.999826
0.999536
0.999215
0.998866
0.998544
0.998215
0.997873
0.997561
0.997217
0.996949
0.996672
0.996399
0.996206
0.995982
0.995973
0.995808
0.99502
1.00237
1.00321
1.00318
1.00314
1.00311
1.00306
1.003
1.00293
1.00287
1.00279
1.00271
1.00257
1.00242
1.00226
1.00206
1.00196
1.00177
1.00155
1.00131
1.001
1.00065
1.00032
0.999964
0.999587
0.999203
0.998819
0.998451
0.998052
0.99766
0.997301
0.996925
0.996606
0.99628
0.996039
0.995831
0.995619
0.995519
0.99527
0.995296
0.994293
1.00271
1.0036
1.00358
1.00352
1.00347
1.00341
1.00335
1.00327
1.00319
1.00308
1.00292
1.0028
1.00267
1.00255
1.00239
1.00212
1.00186
1.00161
1.00133
1.00108
1.00082
1.0005
1.00015
0.999776
0.999384
0.999
0.998565
0.998165
0.997756
0.997313
0.996912
0.996493
0.996125
0.995734
0.995395
0.995112
0.994875
0.994797
0.994627
0.993776
1.00298
1.00391
1.00389
1.00386
1.00382
1.00377
1.0037
1.00364
1.00356
1.00347
1.0034
1.00327
1.00311
1.0029
1.0027
1.00255
1.00234
1.00207
1.00179
1.00142
1.00097
1.00056
1.00016
0.999735
0.999294
0.998789
0.998317
0.997808
0.997302
0.996858
0.996383
0.995979
0.995553
0.995253
0.994946
0.994697
0.994452
0.994234
0.994122
0.993009
1.00341
1.00439
1.00435
1.00429
1.00423
1.00418
1.00411
1.00404
1.00394
1.00383
1.00366
1.00352
1.00336
1.00322
1.003
1.00273
1.00244
1.00215
1.00181
1.00152
1.00123
1.00084
1.00039
0.999908
0.999389
0.998926
0.998397
0.997884
0.997389
0.996822
0.996337
0.995779
0.995346
0.994845
0.994438
0.994067
0.993823
0.993636
0.993523
0.99253
1.00363
1.00462
1.00461
1.00458
1.00455
1.00448
1.0044
1.00433
1.00423
1.00413
1.00403
1.00388
1.00373
1.00351
1.0033
1.00308
1.00284
1.00251
1.00218
1.00175
1.00123
1.00076
1.00027
0.999737
0.999228
0.998607
0.998014
0.997405
0.996741
0.9962
0.995584
0.995123
0.994542
0.994114
0.993722
0.993393
0.993077
0.992872
0.992665
0.991485
1.00407
1.0051
1.00506
1.005
1.00493
1.00489
1.00482
1.00474
1.00463
1.00451
1.00436
1.0042
1.00401
1.00381
1.00358
1.00332
1.00298
1.00266
1.00225
1.00187
1.00152
1.00104
1.00051
0.999967
0.999305
0.998704
0.998053
0.997379
0.996807
0.996067
0.995464
0.99472
0.994225
0.993643
0.993105
0.992669
0.992328
0.992057
0.991934
0.990856
1.00437
1.00544
1.00543
1.0054
1.00537
1.00528
1.00523
1.00514
1.00504
1.00492
1.00479
1.00464
1.00446
1.00426
1.00405
1.00377
1.0035
1.00315
1.00277
1.00232
1.0017
1.00114
1.00054
0.999863
0.999246
0.998522
0.997811
0.997099
0.99622
0.995576
0.994815
0.99425
0.99349
0.992913
0.992433
0.991944
0.991575
0.99125
0.990994
0.989727
1.00492
1.00599
1.00593
1.00589
1.00582
1.00578
1.0057
1.00561
1.0055
1.00537
1.00525
1.00505
1.00488
1.00466
1.00435
1.00405
1.00371
1.00334
1.00289
1.00239
1.00199
1.00141
1.00077
1.00013
0.999368
0.998615
0.997749
0.996875
0.996202
0.995285
0.994496
0.993599
0.992956
0.992261
0.991591
0.991109
0.99063
0.990359
0.99016
0.989041
1.00521
1.0063
1.00632
1.00628
1.00624
1.00617
1.00613
1.00604
1.00593
1.0058
1.00563
1.00549
1.00527
1.00503
1.00485
1.00459
1.00425
1.00388
1.00346
1.00297
1.00226
1.00164
1.00093
1.00013
0.99931
0.998434
0.997662
0.996824
0.995761
0.994922
0.994025
0.99326
0.992363
0.9916
0.99094
0.990262
0.989808
0.989363
0.989086
0.987681
1.0058
1.00691
1.00683
1.00679
1.00674
1.0067
1.0066
1.00651
1.0064
1.00628
1.00616
1.00594
1.00578
1.00556
1.00523
1.00489
1.00454
1.00414
1.00363
1.00311
1.0026
1.00188
1.00111
1.00031
0.999463
0.998557
0.997463
0.996357
0.995408
0.99433
0.993313
0.992272
0.991396
0.990562
0.989787
0.989248
0.98863
0.988213
0.987908
0.986873
1.00611
1.00722
1.00724
1.00719
1.00716
1.00711
1.00708
1.00698
1.00688
1.00675
1.00656
1.00642
1.00619
1.00594
1.00575
1.00548
1.00515
1.00475
1.00431
1.00369
1.00296
1.00227
1.00145
1.00053
0.999536
0.998479
0.997478
0.996515
0.99539
0.994287
0.993165
0.992117
0.991091
0.99011
0.989225
0.988285
0.987746
0.987226
0.986923
0.98526
1.00674
1.00785
1.00777
1.00776
1.00771
1.00767
1.00758
1.00751
1.00739
1.00726
1.00712
1.00691
1.00673
1.00651
1.00621
1.00589
1.00554
1.00514
1.00459
1.00405
1.0034
1.00255
1.00166
1.00069
0.999653
0.998552
0.997365
0.995951
0.994636
0.993347
0.992113
0.990905
0.989752
0.988708
0.9878
0.987133
0.986282
0.985714
0.985251
0.984344
1.00708
1.0082
1.00823
1.00816
1.00813
1.00809
1.00807
1.00799
1.00792
1.0078
1.00761
1.00743
1.0072
1.007
1.00678
1.00653
1.00621
1.00581
1.00536
1.00466
1.00392
1.00309
1.00213
1.00107
0.999929
0.998697
0.997379
0.996243
0.994913
0.993529
0.992097
0.990756
0.989489
0.988271
0.987149
0.986032
0.985399
0.984724
0.984254
0.982484
1.00773
1.00885
1.00875
1.00875
1.00869
1.00868
1.00864
1.00861
1.00846
1.00831
1.00814
1.00795
1.00777
1.00752
1.00733
1.00706
1.00675
1.00637
1.00581
1.00522
1.00442
1.0035
1.00248
1.00135
1.00012
0.998792
0.997395
0.995746
0.994189
0.992607
0.991081
0.989425
0.988045
0.986789
0.985519
0.984717
0.9834
0.983041
0.982195
0.98138
1.00808
1.00919
1.00922
1.00916
1.0091
1.00905
1.00912
1.00909
1.00904
1.0089
1.00873
1.00852
1.00827
1.00814
1.00795
1.00778
1.00742
1.00711
1.00673
1.00599
1.00511
1.00413
1.00307
1.00187
1.00051
0.999054
0.99752
0.996003
0.994329
0.992615
0.990746
0.989264
0.987654
0.986214
0.984696
0.98351
0.982316
0.981958
0.980889
0.979173
1.00877
1.00987
1.00972
1.00978
1.00978
1.00965
1.00981
1.00982
1.00962
1.0094
1.00933
1.0091
1.00895
1.00874
1.00866
1.00852
1.00829
1.00784
1.00752
1.00681
1.00587
1.00486
1.00375
1.00252
1.00112
0.999528
0.997808
0.99596
0.994075
0.992106
0.990354
0.987933
0.985932
0.984785
0.98248
0.982179
0.979811
0.980138
0.978532
0.977912
1.00912
1.01022
1.01016
1.01017
1.01018
1.01
1.0103
1.01035
1.01027
1.00997
1.00993
1.00983
1.0095
1.00942
1.00935
1.00939
1.00896
1.00866
1.00868
1.0076
1.00664
1.00565
1.00454
1.00323
1.0017
0.999943
0.998024
0.996189
0.994166
0.992022
0.9896
0.987764
0.98534
0.984056
0.981552
0.980659
0.978521
0.978856
0.976776
0.975335
1.01006
1.01113
1.01069
1.01084
1.01095
1.0107
1.01113
1.01132
1.01113
1.0106
1.0108
1.01062
1.01022
1.01067
1.01044
1.01054
1.01033
1.00968
1.00999
1.00888
1.00793
1.00697
1.00582
1.00453
1.00293
1.00104
0.998882
0.99677
0.99449
0.991821
0.989842
0.986711
0.983911
0.982256
0.979038
0.978672
0.975765
0.976474
0.974297
0.973882
1.00944
1.01106
1.01113
1.0113
1.01129
1.01111
1.0117
1.01179
1.01164
1.01141
1.01159
1.01141
1.01124
1.01157
1.01161
1.01169
1.01134
1.01093
1.01113
1.00988
1.00928
1.00842
1.00738
1.00611
1.00448
1.00257
1.00009
0.997876
0.995326
0.992667
0.989295
0.986904
0.982948
0.98049
0.978451
0.976135
0.974769
0.973991
0.97285
0.969837
1.01319
1.0147
1.01361
1.01448
1.01479
1.01518
1.01557
1.01594
1.01644
1.01688
1.01739
1.01758
1.01807
1.01836
1.0191
1.01953
1.02022
1.02042
1.02107
1.02106
1.02202
1.02162
1.02287
1.02206
1.02379
1.02157
1.02347
1.0197
1.01793
1.01026
0.988985
0.951193
0.852344
0.732644
0.594657
0.508629
0.658322
1.23245
1.56697
1.52434
1.01331
1.01401
1.01308
1.01409
1.01437
1.01472
1.01507
1.01544
1.01587
1.01632
1.01664
1.01694
1.01722
1.01769
1.01817
1.01877
1.01914
1.01962
1.02004
1.0204
1.0209
1.0208
1.02145
1.02068
1.02159
1.0193
1.01963
1.01557
1.01253
1.0013
0.982942
0.94007
0.831509
0.719225
0.596576
0.52449
0.67312
1.20235
1.56707
1.54035
1.01448
1.01316
1.01295
1.01381
1.01409
1.01441
1.01484
1.01511
1.01558
1.01587
1.01621
1.01636
1.01667
1.01703
1.01745
1.01797
1.01825
1.0187
1.01896
1.01931
1.01963
1.01965
1.01993
1.01939
1.01967
1.01733
1.01675
1.01277
1.00888
0.996491
0.983136
0.93829
0.825402
0.727886
0.634398
0.595189
0.749114
1.20488
1.52651
1.50568
1.01599
1.0127
1.01303
1.01354
1.0138
1.01415
1.01446
1.01475
1.01519
1.01546
1.01578
1.01587
1.01619
1.01642
1.0168
1.01723
1.01753
1.01796
1.0181
1.01832
1.01849
1.01843
1.01863
1.01809
1.01795
1.01576
1.01472
1.01099
1.00686
0.996102
0.987286
0.945808
0.831644
0.747474
0.686163
0.676582
0.820068
1.19599
1.44893
1.40505
1.01647
1.01268
1.01313
1.01315
1.01348
1.01379
1.01404
1.01438
1.01475
1.01503
1.01528
1.0154
1.01569
1.01581
1.01615
1.01645
1.01671
1.01712
1.01719
1.01737
1.0175
1.01729
1.01747
1.01659
1.01631
1.01456
1.01323
1.01014
1.00646
0.999
0.994793
0.959181
0.845371
0.770025
0.734528
0.747008
0.869079
1.17384
1.35385
1.30176
1.01635
1.01261
1.01304
1.01281
1.01321
1.01349
1.01374
1.01409
1.01436
1.01466
1.01485
1.015
1.01524
1.01535
1.01568
1.01584
1.01601
1.01631
1.01634
1.01651
1.01659
1.01618
1.01633
1.01514
1.015
1.01378
1.01225
1.01008
1.00738
1.00353
1.00453
0.975461
0.862747
0.790789
0.772713
0.799772
0.89963
1.14244
1.25755
1.22583
1.01596
1.01246
1.01282
1.01258
1.013
1.01323
1.01343
1.01378
1.01394
1.01424
1.01436
1.01455
1.01474
1.01488
1.01524
1.01532
1.01545
1.0156
1.01557
1.0156
1.01558
1.01502
1.01521
1.01404
1.01399
1.01307
1.01155
1.01041
1.00893
1.00856
1.01408
0.992514
0.882626
0.808277
0.800325
0.836039
0.919191
1.09134
1.17853
1.16716
1.01571
1.01224
1.01255
1.0124
1.01281
1.01296
1.01312
1.01347
1.01354
1.01383
1.01387
1.01411
1.01424
1.01441
1.01468
1.01472
1.01484
1.01487
1.0148
1.0147
1.01465
1.01404
1.01425
1.01319
1.01303
1.01209
1.01095
1.01077
1.01044
1.01328
1.02177
1.00781
0.903945
0.82413
0.820123
0.859687
0.930259
1.05397
1.12198
1.12117
1.01544
1.01196
1.0123
1.01223
1.01257
1.01268
1.01284
1.01318
1.01316
1.01345
1.01345
1.01371
1.01375
1.01391
1.01404
1.01404
1.01415
1.01405
1.01402
1.01385
1.01382
1.01317
1.01318
1.01222
1.0119
1.01093
1.01035
1.01104
1.01154
1.01698
1.02697
1.01861
0.924694
0.840582
0.835832
0.875021
0.936041
1.0259
1.08122
1.08429
1.01523
1.01168
1.01206
1.01196
1.01227
1.01238
1.0125
1.01278
1.01275
1.01303
1.01303
1.01329
1.01329
1.01342
1.01348
1.01346
1.01356
1.01336
1.01337
1.01311
1.013
1.01229
1.01206
1.01129
1.01091
1.01
1.00986
1.011
1.01194
1.01902
1.02959
1.02386
0.942892
0.85888
0.85077
0.88594
0.939028
1.00608
1.05119
1.05522
1.01517
1.01149
1.01186
1.01162
1.01194
1.01206
1.01215
1.01236
1.01235
1.01263
1.01262
1.01286
1.01284
1.01297
1.013
1.01298
1.01306
1.01279
1.01278
1.01242
1.01217
1.01148
1.01119
1.01052
1.01009
1.00932
1.00933
1.01064
1.01182
1.01935
1.02953
1.02462
0.957624
0.878591
0.866419
0.895277
0.940605
0.992576
1.0292
1.03295
1.01505
1.01142
1.0117
1.0113
1.01158
1.01166
1.01177
1.01197
1.01198
1.0122
1.01217
1.01237
1.01234
1.01246
1.01248
1.01242
1.01246
1.01216
1.01209
1.01167
1.0114
1.01082
1.01056
1.00985
1.00937
1.00877
1.00869
1.00992
1.01115
1.01825
1.02713
1.02256
0.969007
0.898134
0.883043
0.904543
0.94192
0.983327
1.01308
1.01622
1.01484
1.0113
1.01157
1.011
1.01125
1.01128
1.01143
1.01162
1.01161
1.01179
1.01175
1.01193
1.0119
1.01198
1.01196
1.01181
1.01181
1.0115
1.01133
1.01095
1.01072
1.01026
1.01001
1.00924
1.00872
1.00817
1.00783
1.00876
1.01015
1.01585
1.02304
1.01892
0.977057
0.916072
0.899941
0.914334
0.943948
0.977301
1.00119
1.00347
1.01443
1.01105
1.01134
1.01069
1.01099
1.01095
1.0111
1.01123
1.0112
1.01134
1.01131
1.01147
1.01143
1.01147
1.01142
1.01118
1.01115
1.0109
1.01069
1.01037
1.01015
1.0097
1.00941
1.00859
1.00796
1.00729
1.00659
1.00746
1.00905
1.01306
1.01797
1.01448
0.982133
0.931693
0.916076
0.924656
0.946871
0.973741
0.992683
0.993897
1.01401
1.01068
1.01101
1.01041
1.0108
1.01067
1.01081
1.01089
1.01086
1.01098
1.01093
1.01104
1.01103
1.01105
1.01099
1.01071
1.01071
1.01052
1.01029
1.00999
1.00963
1.00906
1.00864
1.00773
1.00707
1.00632
1.00541
1.00624
1.00772
1.00989
1.01276
1.00969
0.984924
0.944793
0.930436
0.934862
0.950289
0.971482
0.986792
0.98728
1.01372
1.01035
1.01069
1.01014
1.01057
1.01036
1.01054
1.01056
1.01055
1.01065
1.01058
1.01065
1.01064
1.0106
1.01056
1.01032
1.01032
1.01013
1.00979
1.00944
1.00895
1.00825
1.00766
1.0068
1.00622
1.00561
1.00463
1.00516
1.00618
1.00672
1.00803
1.00476
0.986053
0.95548
0.942525
0.944217
0.954028
0.969899
0.982447
0.982862
1.01351
1.01008
1.01044
1.00982
1.01026
1.01
1.01025
1.01023
1.0102
1.01028
1.01019
1.01024
1.01024
1.01018
1.01017
1.00994
1.00987
1.0096
1.0091
1.00868
1.00817
1.0074
1.0068
1.00607
1.00556
1.00506
1.00417
1.0042
1.00457
1.00386
1.00396
1.00023
0.986241
0.963505
0.952118
0.952483
0.958237
0.969335
0.979224
0.979755
1.01329
1.00986
1.01018
1.00943
1.0099
1.0096
1.00991
1.00985
1.00982
1.00989
1.00979
1.00987
1.00989
1.00982
1.00979
1.00952
1.00935
1.00899
1.0084
1.00798
1.0075
1.00678
1.00631
1.00572
1.0051
1.00461
1.00392
1.0035
1.00317
1.00154
1.00073
0.996822
0.985993
0.969314
0.95964
0.959762
0.962871
0.970148
0.977175
0.977505
1.01305
1.00963
1.00989
1.00904
1.00956
1.00925
1.00958
1.0095
1.0095
1.00956
1.00948
1.00955
1.00956
1.00946
1.00938
1.00908
1.00878
1.00838
1.00781
1.0074
1.00695
1.00633
1.00598
1.00545
1.00476
1.00429
1.00376
1.00291
1.00191
0.999758
0.998213
0.994504
0.985751
0.97357
0.965311
0.965935
0.967531
0.971912
0.976067
0.976011
1.01274
1.00935
1.00959
1.00869
1.00928
1.00891
1.00923
1.00913
1.00918
1.00922
1.00917
1.0092
1.00914
1.00896
1.00881
1.00849
1.00813
1.00774
1.00727
1.00694
1.00651
1.006
1.00574
1.00526
1.00456
1.00407
1.00355
1.00229
1.00075
0.998421
0.996322
0.992926
0.985682
0.976965
0.969626
0.970859
0.971756
0.973893
0.975514
0.975363
1.0123
1.009
1.00929
1.00842
1.00904
1.00861
1.00894
1.00882
1.0089
1.00891
1.00883
1.00881
1.00867
1.00847
1.00829
1.008
1.00763
1.0073
1.00693
1.00667
1.00628
1.00581
1.00554
1.00503
1.00422
1.00358
1.00292
1.00136
0.999491
0.997262
0.994697
0.991776
0.98551
0.979476
0.972747
0.974612
0.97527
0.975771
0.975416
0.97533
1.0118
1.00862
1.00902
1.00817
1.00878
1.00829
1.00868
1.00851
1.00861
1.00856
1.00847
1.00842
1.00825
1.00808
1.00793
1.00768
1.00736
1.00706
1.00674
1.00649
1.00609
1.00557
1.00525
1.00466
1.00371
1.00285
1.00202
1.0004
0.998385
0.996362
0.993498
0.991065
0.985455
0.981502
0.975233
0.977536
0.977998
0.977737
0.975772
0.975686
1.01143
1.0083
1.00876
1.00788
1.00848
1.008
1.00846
1.00824
1.00836
1.00828
1.00817
1.0081
1.00797
1.00786
1.00775
1.00752
1.00723
1.00692
1.00659
1.00632
1.00588
1.00529
1.00489
1.00424
1.00323
1.00219
1.00125
0.999706
0.997591
0.995816
0.992726
0.990831
0.985506
0.983113
0.97714
0.979847
0.979945
0.979999
0.976396
0.976131
1.0112
1.00805
1.00845
1.00746
1.00812
1.00762
1.00813
1.00787
1.00801
1.00789
1.0078
1.00774
1.00764
1.00756
1.00742
1.0072
1.00692
1.00658
1.00626
1.00598
1.00555
1.00492
1.0045
1.00385
1.00283
1.00173
1.0007
0.999294
0.997134
0.995599
0.992376
0.990946
0.98576
0.984622
0.978648
0.981687
0.981214
0.982628
0.977994
0.976415
1.01107
1.00777
1.00809
1.00697
1.00773
1.00726
1.00778
1.00751
1.00768
1.00752
1.00748
1.00743
1.00734
1.00728
1.00713
1.00692
1.00667
1.00632
1.00598
1.00573
1.00528
1.00464
1.00417
1.00351
1.0025
1.00134
1.00022
0.998952
0.996736
0.99547
0.992094
0.991186
0.985982
0.985856
0.979593
0.983149
0.982019
0.98544
0.97984
0.976551
1.01093
1.00744
1.00759
1.00647
1.00736
1.00692
1.00744
1.00717
1.00738
1.00721
1.00723
1.00719
1.00713
1.00705
1.00691
1.00671
1.00648
1.0061
1.00576
1.00546
1.00499
1.00433
1.00383
1.00312
1.00207
1.00091
0.999703
0.998569
0.996365
0.995351
0.991909
0.991462
0.986284
0.987021
0.980196
0.984402
0.98259
0.987917
0.981876
0.976969
1.01067
1.00699
1.00706
1.00608
1.00708
1.00669
1.00721
1.00696
1.00723
1.00708
1.00717
1.00714
1.00708
1.00697
1.00682
1.00662
1.00641
1.00596
1.00558
1.00521
1.00469
1.00402
1.00345
1.00269
1.0016
1.00049
0.999203
0.998206
0.995969
0.995237
0.991728
0.991763
0.98653
0.987963
0.980483
0.985474
0.982966
0.989407
0.983545
0.978139
1.01003
1.00639
1.00667
1.00585
1.00687
1.00646
1.00701
1.00675
1.00706
1.00693
1.00705
1.00701
1.00693
1.00678
1.0066
1.00638
1.00615
1.00568
1.00526
1.00484
1.0043
1.00368
1.00306
1.00228
1.00124
1.00021
0.99891
0.99799
0.995795
0.995267
0.991795
0.992118
0.986932
0.988875
0.980813
0.986357
0.983029
0.989739
0.983338
0.983117
1.00906
1.00583
1.00646
1.00577
1.00674
1.00632
1.0069
1.00663
1.00696
1.00685
1.00697
1.00689
1.00674
1.00657
1.00637
1.00613
1.00587
1.00541
1.00496
1.00451
1.00398
1.0034
1.00275
1.00199
1.00096
1.00004
0.998682
0.99787
0.995669
0.995355
0.991906
0.992479
0.987325
0.989582
0.981306
0.986971
0.982689
0.989369
0.981317
0.990158
1.00762
1.00532
1.00638
1.00577
1.00663
1.00618
1.0068
1.0065
1.00683
1.00668
1.00682
1.00668
1.00651
1.00629
1.00608
1.00582
1.00554
1.00511
1.00466
1.00417
1.00365
1.00311
1.00246
1.00173
1.00078
0.999887
0.998554
0.99781
0.995719
0.995507
0.992225
0.992851
0.987914
0.990268
0.982206
0.987535
0.981503
0.988645
0.97905
0.997259
1.00576
1.00505
1.0064
1.00581
1.00656
1.00612
1.00676
1.00648
1.0068
1.00662
1.00673
1.00655
1.00637
1.00613
1.00592
1.00563
1.00533
1.00491
1.00445
1.00395
1.00344
1.0029
1.00224
1.00155
1.00061
0.999765
0.998406
0.997798
0.995762
0.995663
0.992553
0.993225
0.988573
0.990831
0.98353
0.988418
0.980932
0.988503
0.977455
1.00052
1.00365
1.00506
1.00647
1.00588
1.0065
1.00602
1.00665
1.00639
1.00672
1.00647
1.00655
1.00636
1.00619
1.00592
1.00568
1.00537
1.00503
1.00466
1.00419
1.00369
1.00317
1.00264
1.00198
1.00135
1.00048
0.999613
0.998335
0.997785
0.995941
0.995834
0.993063
0.993625
0.989457
0.991434
0.985126
0.989744
0.982164
0.990592
0.980715
0.995393
1.00102
1.00533
1.00661
1.00603
1.00653
1.00602
1.0065
1.00632
1.00672
1.00641
1.0064
1.0062
1.00606
1.00577
1.00551
1.00517
1.00483
1.00446
1.00399
1.00353
1.00301
1.00245
1.00177
1.00121
1.00035
0.999508
0.998232
0.997817
0.996061
0.996007
0.99352
0.994013
0.990374
0.991916
0.986874
0.991178
0.984945
0.993944
0.989158
0.979723
0.998579
1.00592
1.00693
1.0062
1.00642
1.00594
1.00621
1.0061
1.00658
1.00624
1.00612
1.00593
1.00582
1.00553
1.00523
1.00489
1.00457
1.00421
1.00372
1.00332
1.00282
1.00221
1.00154
1.00103
1.00024
0.999366
0.998219
0.997808
0.996297
0.996147
0.994111
0.994369
0.991439
0.992382
0.98856
0.992337
0.988364
0.99651
1.00086
0.963627
0.996104
1.00692
1.00726
1.00636
1.00625
1.00585
1.00595
1.00597
1.00651
1.00616
1.00595
1.00577
1.00567
1.00539
1.00506
1.00471
1.00444
1.00407
1.00354
1.0032
1.0027
1.00204
1.00135
1.00086
1.00008
0.999259
0.998119
0.997814
0.996393
0.996264
0.99454
0.994658
0.992406
0.992653
0.990244
0.992937
0.991771
0.997199
1.01021
0.948652
0.995063
1.00779
1.00711
1.00638
1.0059
1.00567
1.00561
1.00575
1.00624
1.00592
1.00567
1.00551
1.0054
1.00513
1.00479
1.00443
1.0042
1.00385
1.00328
1.00299
1.0025
1.00181
1.00113
1.00066
0.999941
0.999112
0.998133
0.997757
0.996615
0.996309
0.995095
0.994847
0.993429
0.992868
0.991851
0.993069
0.995171
0.996715
1.01489
0.943554
0.994071
1.00848
1.00696
1.00639
1.00565
1.00554
1.0054
1.00563
1.00611
1.0058
1.0055
1.00535
1.00526
1.00498
1.00463
1.00429
1.0041
1.00372
1.00311
1.00287
1.00238
1.00166
1.00097
1.00052
0.999787
0.999038
0.998063
0.997751
0.996682
0.99638
0.995437
0.99499
0.994263
0.992936
0.99351
0.992967
0.998143
0.99438
1.01589
0.940615
0.994744
1.00881
1.00635
1.00631
1.00522
1.00538
1.0051
1.00544
1.00574
1.00551
1.0052
1.00506
1.00494
1.00467
1.00434
1.004
1.00385
1.00348
1.00284
1.00262
1.00215
1.00145
1.00078
1.00031
0.999667
0.99891
0.998122
0.997662
0.996912
0.996342
0.995921
0.994998
0.995141
0.992951
0.995066
0.992615
0.999848
0.991125
1.01456
0.947422
0.994876
1.00889
1.00604
1.00622
1.00503
1.00527
1.00497
1.00532
1.00557
1.00538
1.00508
1.00495
1.00481
1.00455
1.00423
1.0039
1.00376
1.00338
1.00272
1.00251
1.00204
1.00134
1.00066
1.00022
0.999553
0.998879
0.998088
0.997663
0.996968
0.99638
0.996157
0.995054
0.995712
0.992956
0.996227
0.992295
1.00043
0.987748
1.01344
0.950566
0.99682
1.00842
1.00512
1.00597
1.00457
1.00514
1.00463
1.0051
1.00509
1.00503
1.0047
1.00461
1.00442
1.00419
1.00389
1.00357
1.00343
1.00306
1.00243
1.0022
1.00176
1.00112
1.0005
1.00002
0.999472
0.998753
0.998233
0.997547
0.997289
0.99627
0.996681
0.994906
0.996501
0.992802
0.997195
0.991084
1.00029
0.984978
1.00969
0.9632
)
;

boundaryField
{
    FrontBack
    {
        type            empty;
    }
    Cylinder
    {
        type            calculated;
        value           uniform 0;
    }
    Bottom
    {
        type            calculated;
        value           uniform 0;
    }
    Top
    {
        type            calculated;
        value           uniform 0;
    }
    Inlet
    {
        type            calculated;
        value           uniform 1;
    }
    Outlet
    {
        type            calculated;
        value           nonuniform List<scalar> 
40
(
0.99682
1.00842
1.00512
1.00597
1.00457
1.00514
1.00463
1.0051
1.00509
1.00503
1.0047
1.00461
1.00442
1.00419
1.00389
1.00357
1.00343
1.00306
1.00243
1.0022
1.00176
1.00112
1.0005
1.00002
0.999472
0.998753
0.998233
0.997547
0.997289
0.99627
0.996681
0.994906
0.996501
0.992802
0.997195
0.991084
1.00029
0.984978
1.00969
0.9632
)
;
    }
}


// ************************************************************************* //
