/*--------------------------------*- C++ -*----------------------------------*\
  =========                 |
  \\      /  F ield         | OpenFOAM: The Open Source CFD Toolbox
   \\    /   O peration     | Website:  https://openfoam.org
    \\  /    A nd           | Version:  11
     \\/     M anipulation  |
\*---------------------------------------------------------------------------*/
FoamFile
{
    format      ascii;
    class       volScalarField;
    location    "1.5";
    object      mag(U);
}
// * * * * * * * * * * * * * * * * * * * * * * * * * * * * * * * * * * * * * //

dimensions      [0 1 -1 0 0 0 0];

internalField   nonuniform List<scalar> 
9600
(
0.978907
0.973856
0.940319
0.853651
0.819785
0.821898
0.845999
0.883852
0.914341
0.93914
0.959626
0.97709
0.99382
1.01038
1.02693
1.04523
1.06397
1.08201
1.09916
1.1095
1.11629
1.11447
1.10776
1.09489
1.07695
1.05768
1.03835
1.02326
1.01099
1.00128
0.995174
0.988836
0.985268
0.982057
0.980343
0.979207
0.981209
0.98152
0.980641
0.97117
0.976322
0.970936
0.949079
0.915199
0.908547
0.91477
0.943675
0.969417
0.978984
0.98357
0.988118
0.996155
1.00862
1.02184
1.03707
1.05335
1.06948
1.0864
1.1
1.10941
1.11262
1.1105
1.10373
1.08905
1.07286
1.05473
1.03562
1.01874
1.00374
0.992999
0.985994
0.977551
0.97606
0.970941
0.969917
0.96576
0.967295
0.96666
0.970406
0.964472
0.97909
0.976592
0.962478
0.928496
0.914369
0.917906
0.927617
0.940779
0.955257
0.970423
0.985713
0.999828
1.01414
1.02906
1.04445
1.06123
1.07881
1.09541
1.11064
1.1209
1.12637
1.12785
1.12233
1.10899
1.09232
1.07437
1.05633
1.04062
1.02782
1.01806
1.01146
1.00472
1.00266
0.996712
0.993812
0.992601
0.990547
0.991081
0.992
0.984512
0.984169
0.981585
0.970298
0.958172
0.957693
0.968564
0.988271
1.00382
1.00181
0.998398
0.999743
1.00233
1.01033
1.02477
1.03912
1.05559
1.07191
1.0887
1.10148
1.11388
1.1151
1.11318
1.10769
1.09541
1.07996
1.06369
1.04523
1.02866
1.01314
0.999269
0.991395
0.981005
0.97761
0.974438
0.974225
0.971562
0.969679
0.970964
0.978271
0.980038
0.98778
0.987463
0.983756
0.975603
0.97175
0.965646
0.957663
0.955943
0.962776
0.975499
0.989804
1.004
1.01828
1.03311
1.0476
1.06407
1.08086
1.09599
1.11082
1.12074
1.12431
1.12679
1.12268
1.11015
1.09364
1.07589
1.05866
1.04247
1.03069
1.01942
1.01353
1.00695
1.00448
0.998579
0.994971
0.990841
0.988433
0.989871
0.987845
0.980256
0.991869
0.992663
0.98824
0.981548
0.982216
0.987505
0.997127
1.01545
1.02007
1.01383
1.01173
1.01316
1.01667
1.02797
1.04172
1.0579
1.07394
1.09117
1.10407
1.11688
1.12036
1.11785
1.11163
1.10042
1.08641
1.07122
1.05375
1.03696
1.02179
1.00623
0.996208
0.985925
0.980167
0.977469
0.977161
0.975053
0.97468
0.976473
0.983211
0.984788
0.997367
0.996847
0.992461
0.990383
0.990974
0.990628
0.984521
0.974091
0.972271
0.979412
0.991846
1.00619
1.02132
1.03662
1.05119
1.06708
1.08313
1.0982
1.11274
1.12142
1.12445
1.12746
1.12403
1.11231
1.09637
1.07893
1.06181
1.04522
1.03333
1.02181
1.0151
1.00946
1.00549
1.00061
0.995476
0.990618
0.987523
0.986374
0.983491
0.975533
1.00049
0.999278
0.995059
0.995277
0.998066
0.998779
0.99998
1.00769
1.02034
1.02227
1.02124
1.02365
1.02636
1.03367
1.04561
1.06104
1.07693
1.094
1.10848
1.11932
1.12541
1.12425
1.1177
1.10664
1.09287
1.07753
1.06102
1.04369
1.02923
1.0132
1.00135
0.990685
0.983349
0.980246
0.980118
0.979119
0.979717
0.981547
0.98446
0.985074
1.0022
1.00055
0.99795
0.999406
1.0019
1.00483
1.0026
0.996774
0.987501
0.987067
0.995273
1.00813
1.02297
1.03904
1.05425
1.06985
1.08627
1.10082
1.11543
1.12461
1.12674
1.12921
1.12656
1.11594
1.10093
1.08333
1.06565
1.04856
1.03578
1.02488
1.01646
1.01166
1.00701
1.00201
0.995197
0.990515
0.986587
0.984803
0.979204
0.972243
1.00379
1.00145
0.999755
1.00099
1.00342
1.00621
1.0073
1.00978
1.01601
1.02047
1.0231
1.02816
1.03357
1.04128
1.05132
1.06522
1.08132
1.09756
1.113
1.12356
1.13067
1.13018
1.12389
1.1139
1.10064
1.08444
1.06759
1.04951
1.03583
1.0197
1.00729
0.995966
0.987114
0.983195
0.983131
0.982965
0.98321
0.983461
0.984313
0.984426
1.00523
1.00164
1.00026
1.00079
1.00446
1.01016
1.01098
1.01075
1.00779
1.00141
1.00204
1.01163
1.02506
1.04111
1.05707
1.07287
1.09003
1.10439
1.11895
1.12952
1.13156
1.13302
1.13066
1.12091
1.10648
1.08939
1.07203
1.05355
1.03897
1.02738
1.01826
1.01349
1.00718
1.00294
0.996304
0.989735
0.984899
0.980542
0.975932
0.973624
1.00484
1.0011
0.999742
1.00012
1.00537
1.01164
1.0137
1.01426
1.01786
1.02156
1.02352
1.02932
1.037
1.04671
1.05768
1.07121
1.08755
1.1032
1.11849
1.12951
1.13652
1.13681
1.13124
1.12174
1.10858
1.09112
1.07452
1.05646
1.04184
1.02588
1.01347
1.00131
0.991309
0.986802
0.986739
0.985659
0.984793
0.984538
0.984954
0.984019
1.00226
1.00002
0.998665
0.998806
1.00469
1.01325
1.01766
1.01973
1.01948
1.01657
1.01487
1.01938
1.02956
1.04445
1.06098
1.07694
1.09487
1.10984
1.12391
1.13568
1.13858
1.13918
1.13723
1.12717
1.11391
1.09667
1.07887
1.06079
1.04383
1.03078
1.02019
1.01486
1.0082
1.0033
0.996536
0.988649
0.982859
0.978692
0.976329
0.976191
1.00024
0.998618
0.997288
0.997419
1.00335
1.01432
1.02031
1.02189
1.0214
1.02348
1.02697
1.03239
1.04011
1.051
1.06421
1.07839
1.095
1.11091
1.12528
1.13662
1.14382
1.14439
1.14024
1.13029
1.11705
1.10008
1.08222
1.06395
1.04848
1.03227
1.01939
1.00659
0.996057
0.990212
0.989553
0.987618
0.986268
0.985492
0.985452
0.98319
0.998044
0.996714
0.995353
0.995858
1.00141
1.01422
1.02176
1.02623
1.02722
1.02681
1.02623
1.02911
1.03714
1.05022
1.06669
1.08288
1.1004
1.11648
1.13012
1.14237
1.14768
1.14819
1.14541
1.13592
1.12229
1.10513
1.08664
1.0693
1.05106
1.03614
1.02327
1.01523
1.00894
1.00382
0.996317
0.987285
0.982057
0.979293
0.978454
0.9786
0.996455
0.995765
0.994874
0.99566
1.00019
1.01296
1.02288
1.0291
1.03099
1.03017
1.03053
1.03563
1.04394
1.05631
1.0707
1.08624
1.10273
1.11874
1.13278
1.14507
1.15285
1.1542
1.14986
1.14077
1.12775
1.11029
1.09151
1.07283
1.05559
1.03968
1.02574
1.012
1.00111
0.993773
0.991461
0.989289
0.987569
0.985542
0.983944
0.981793
0.995602
0.99561
0.99533
0.996543
1.00048
1.012
1.02329
1.03106
1.03442
1.035
1.03551
1.03945
1.04515
1.05776
1.07281
1.08949
1.1074
1.12339
1.13735
1.15113
1.15854
1.1594
1.15618
1.14694
1.13393
1.11597
1.09659
1.07763
1.05949
1.04311
1.02854
1.01671
1.00956
1.00364
0.996449
0.98764
0.98264
0.980463
0.97945
0.979638
0.992821
0.993925
0.994298
0.996249
1.00015
1.01065
1.0231
1.03203
1.03754
1.03938
1.03884
1.04316
1.04937
1.06294
1.0773
1.09248
1.11187
1.12884
1.1425
1.15592
1.16467
1.16595
1.16211
1.15335
1.14078
1.12276
1.10237
1.08204
1.06338
1.04621
1.03186
1.01767
1.006
0.996643
0.993342
0.990678
0.987259
0.984462
0.981601
0.980712
0.989624
0.991389
0.992229
0.994777
0.998884
1.00906
1.02187
1.03242
1.03977
1.04348
1.04396
1.04878
1.05402
1.06605
1.08216
1.09733
1.11713
1.13514
1.14866
1.16139
1.17098
1.17349
1.16944
1.1601
1.14807
1.13
1.10942
1.08744
1.06843
1.05011
1.03499
1.02031
1.01057
1.00317
0.996716
0.989153
0.984119
0.981929
0.979353
0.97955
0.986661
0.988435
0.989727
0.992988
0.997205
1.00694
1.01984
1.03158
1.04121
1.04705
1.04903
1.05416
1.05926
1.07009
1.08743
1.10243
1.12173
1.14139
1.15544
1.16725
1.17752
1.18123
1.17742
1.1677
1.15549
1.1379
1.1171
1.09362
1.07381
1.05419
1.03888
1.02362
1.01129
1.00034
0.994353
0.990336
0.986221
0.983597
0.979942
0.97961
0.984446
0.985808
0.987332
0.990957
0.995288
1.00423
1.01688
1.02965
1.04121
1.04956
1.05388
1.05989
1.06624
1.07574
1.09331
1.10939
1.12671
1.14801
1.16333
1.17412
1.18451
1.18958
1.18684
1.17621
1.16347
1.146
1.1261
1.10197
1.08058
1.06009
1.04392
1.02746
1.01447
1.0037
0.996203
0.989602
0.984012
0.981994
0.978309
0.978761
0.98237
0.983176
0.984647
0.988488
0.993389
1.00131
1.01314
1.02708
1.03986
1.05148
1.05807
1.0657
1.07454
1.0839
1.09992
1.11832
1.1341
1.15451
1.17237
1.18232
1.19258
1.19799
1.19606
1.1862
1.1727
1.15475
1.1358
1.112
1.0893
1.06653
1.0489
1.03239
1.01906
1.00596
0.996134
0.989457
0.983329
0.981112
0.97668
0.977383
0.98176
0.981475
0.982415
0.98571
0.991156
0.998514
1.00903
1.02321
1.0371
1.05201
1.06219
1.07193
1.08323
1.09421
1.10848
1.12754
1.14453
1.16183
1.18167
1.19257
1.20054
1.20697
1.20651
1.19619
1.18349
1.1649
1.14556
1.12243
1.09956
1.07482
1.05492
1.03683
1.02276
1.00959
0.998819
0.991108
0.983163
0.980704
0.975191
0.975672
0.97984
0.979512
0.97989
0.982644
0.988361
0.995661
1.00432
1.01886
1.03368
1.05106
1.06624
1.07756
1.09202
1.10557
1.11981
1.13813
1.15699
1.17296
1.19045
1.20445
1.21124
1.21553
1.21799
1.20792
1.19421
1.17626
1.15702
1.13302
1.11012
1.08547
1.06356
1.04244
1.02655
1.01325
1.00137
0.993269
0.983889
0.980246
0.973301
0.972529
0.980576
0.980006
0.979074
0.980598
0.985241
0.992985
1.00049
1.01394
1.02928
1.04725
1.06779
1.08243
1.09859
1.11664
1.13282
1.15088
1.17005
1.18711
1.20185
1.21626
1.22499
1.22715
1.22893
1.22175
1.20801
1.18883
1.17019
1.1466
1.1223
1.09662
1.07427
1.05174
1.03242
1.01705
1.00334
0.9954
0.985571
0.981567
0.974678
0.972515
0.977398
0.978192
0.977087
0.977774
0.981442
0.989737
0.997955
1.00876
1.02417
1.04138
1.06427
1.08549
1.10394
1.12511
1.14665
1.16486
1.18446
1.20319
1.21762
1.22984
1.23936
1.2419
1.24168
1.23481
1.22311
1.20349
1.18383
1.16111
1.13724
1.11011
1.08577
1.06231
1.04103
1.02454
1.00788
0.997934
0.986457
0.981653
0.974337
0.972251
0.97853
0.980143
0.978883
0.978192
0.980051
0.986926
0.997097
1.00446
1.0196
1.03659
1.05676
1.083
1.10772
1.1304
1.15647
1.1792
1.19977
1.21945
1.23715
1.24742
1.25584
1.25861
1.25741
1.24978
1.23885
1.22045
1.20006
1.17579
1.15247
1.12674
1.10114
1.07632
1.05178
1.03272
1.01243
1.00028
0.987111
0.980798
0.97199
0.970085
0.973183
0.97504
0.976107
0.976167
0.977951
0.98162
0.994896
1.00253
1.01447
1.03343
1.05214
1.07736
1.1063
1.13347
1.16124
1.18973
1.2152
1.23584
1.25546
1.26894
1.27575
1.27754
1.27698
1.26909
1.25654
1.23863
1.21993
1.19593
1.17033
1.14374
1.11739
1.09373
1.06754
1.04652
1.02222
1.00546
0.988739
0.980149
0.970185
0.967965
0.974969
0.977183
0.979541
0.98003
0.982743
0.984315
0.993453
1.00532
1.0157
1.03157
1.05211
1.0763
1.1033
1.13362
1.16422
1.19512
1.22468
1.25112
1.27185
1.28802
1.29874
1.3006
1.29815
1.29112
1.27922
1.2597
1.23937
1.21728
1.19258
1.16659
1.13761
1.11307
1.08479
1.06259
1.0373
1.01815
0.998571
0.986606
0.973471
0.968216
0.968308
0.969699
0.972804
0.975769
0.979774
0.984308
0.99226
1.00509
1.01855
1.03405
1.05352
1.07975
1.10697
1.13556
1.16692
1.20041
1.23023
1.25912
1.28519
1.30347
1.31655
1.32354
1.32345
1.3161
1.30495
1.28711
1.26419
1.24093
1.216
1.19287
1.16207
1.13621
1.10587
1.08179
1.05464
1.03343
1.01076
0.996313
0.97941
0.971645
0.971872
0.974191
0.976719
0.981
0.986556
0.993273
1.00204
1.01492
1.0282
1.04538
1.06556
1.09107
1.11881
1.14949
1.17831
1.21002
1.24084
1.26823
1.29324
1.31524
1.33018
1.34023
1.34536
1.34267
1.33209
1.31805
1.29614
1.27339
1.24314
1.22048
1.19137
1.16603
1.13434
1.10677
1.07783
1.05515
1.03059
1.01102
0.991484
0.975943
0.960636
0.965093
0.967741
0.973094
0.979954
0.98992
1.00097
1.018
1.03547
1.05594
1.07725
1.10743
1.13675
1.16947
1.19946
1.23163
1.25981
1.28864
1.31015
1.3295
1.34314
1.35382
1.35848
1.36232
1.35548
1.34922
1.32915
1.31224
1.28277
1.25773
1.2259
1.19941
1.16837
1.14069
1.10828
1.08149
1.05378
1.03125
1.00969
0.988844
0.965726
0.971442
0.975813
0.983796
0.990698
1.00459
1.01605
1.03619
1.05512
1.08313
1.10394
1.13494
1.16417
1.20134
1.23011
1.26539
1.29212
1.32153
1.34145
1.3612
1.36802
1.37789
1.37608
1.3801
1.37157
1.37073
1.3584
1.34735
1.32589
1.30504
1.27513
1.24591
1.2128
1.18342
1.15146
1.12066
1.09057
1.06204
1.03733
1.01435
0.948668
0.958337
0.96318
0.975251
0.984275
1.00339
1.01617
1.04346
1.06196
1.09765
1.12128
1.15946
1.18743
1.22992
1.26027
1.30067
1.32521
1.361
1.37598
1.4018
1.40519
1.41883
1.41111
1.41263
1.39888
1.39631
1.38132
1.37587
1.35651
1.34489
1.31959
1.29893
1.26611
1.23648
1.20096
1.16877
1.13474
1.10242
1.07261
1.0444
0.957103
0.968421
0.976506
0.99242
1.00374
1.02852
1.04443
1.07788
1.09811
1.13916
1.1643
1.20768
1.23498
1.27943
1.30834
1.35098
1.37518
1.40976
1.42456
1.44899
1.45363
1.46687
1.46196
1.4649
1.45199
1.44776
1.43128
1.42347
1.40637
1.39518
1.37679
1.35753
1.33646
1.31008
1.28729
1.25356
1.22837
1.18999
1.16456
1.12491
0.940469
0.959152
0.968326
0.989816
1.0047
1.03549
1.05763
1.09437
1.12288
1.16465
1.19869
1.24191
1.27826
1.31933
1.3549
1.39402
1.42439
1.45627
1.47549
1.49622
1.50365
1.51334
1.51164
1.5144
1.51015
1.50931
1.50189
1.49113
1.48353
1.46746
1.45645
1.43094
1.41532
1.38344
1.36433
1.32463
1.3057
1.26311
1.24843
1.1995
0.961782
0.98471
1.00987
1.03826
1.07121
1.10419
1.14007
1.17607
1.21669
1.25621
1.29986
1.33992
1.38407
1.42054
1.46173
1.4912
1.52608
1.5439
1.56725
1.57071
1.58257
1.57407
1.57724
1.56171
1.56239
1.54647
1.54849
1.53832
1.54517
1.53497
1.53872
1.52429
1.52518
1.50519
1.49681
1.46632
1.44759
1.41149
1.38637
1.34868
0.9657
0.989457
1.01932
1.05401
1.09128
1.13476
1.1766
1.22426
1.26746
1.31573
1.35787
1.40396
1.44307
1.48365
1.51746
1.54878
1.57425
1.59208
1.60574
1.60841
1.60871
1.60044
1.58922
1.57826
1.56055
1.55505
1.53603
1.53836
1.51904
1.52625
1.51064
1.52392
1.50455
1.51742
1.49202
1.50021
1.46617
1.46501
1.4126
1.41927
1.07224
1.12845
1.18082
1.23279
1.27698
1.32503
1.36582
1.4119
1.44829
1.49005
1.51902
1.55409
1.57404
1.6027
1.61372
1.6402
1.6424
1.66302
1.65365
1.66352
1.64225
1.64014
1.60974
1.59718
1.56206
1.54319
1.50986
1.4903
1.46241
1.4465
1.41689
1.39254
1.349
1.31245
1.24577
1.2064
1.13772
1.10573
1.03514
1.04641
1.22734
1.26445
1.3016
1.34141
1.37976
1.41409
1.44394
1.46947
1.48949
1.50579
1.51371
1.52461
1.52828
1.53962
1.5331
1.53414
1.51114
1.50152
1.46358
1.44216
1.38744
1.35402
1.28203
1.23361
1.14416
1.08473
0.98616
0.921758
0.8186
0.745126
0.631645
0.527275
0.396343
0.306881
0.282473
0.293199
0.31701
0.318368
0.355189
0.389688
0.985409
0.982946
0.993856
0.977658
0.987777
0.980636
0.989349
0.986774
0.991176
0.992664
0.994792
0.996836
0.998645
1.00033
1.00183
1.00288
1.00407
1.00476
1.00512
1.00543
1.00583
1.00601
1.00599
1.00606
1.00609
1.00594
1.00594
1.00615
1.00643
1.00634
1.00603
1.00569
1.00529
1.00491
1.00455
1.00444
1.00387
1.00344
1.00064
1.00453
0.987144
0.984104
0.993292
0.978902
0.98714
0.980335
0.98851
0.986796
0.99028
0.992051
0.994103
0.996211
0.998177
1.00001
1.00157
1.00273
1.00364
1.00458
1.00507
1.00541
1.00568
1.00572
1.00594
1.00615
1.00622
1.00613
1.0061
1.00629
1.00646
1.00645
1.00623
1.0059
1.00561
1.00522
1.00485
1.00466
1.00438
1.00372
1.00165
1.0009
0.987735
0.985087
0.991836
0.980115
0.985506
0.980082
0.987488
0.98694
0.989598
0.991865
0.99403
0.996265
0.998381
1.00036
1.0019
1.00281
1.00381
1.00496
1.0055
1.00574
1.00574
1.00583
1.00621
1.00627
1.0064
1.00654
1.00657
1.0066
1.00658
1.00651
1.00627
1.00595
1.00563
1.0054
1.00515
1.00493
1.00468
1.00451
1.00392
1.00374
0.986456
0.985266
0.991272
0.980696
0.984984
0.979842
0.986472
0.986686
0.988906
0.991297
0.993682
0.995933
0.998168
1.00016
1.00161
1.00275
1.00406
1.00506
1.00542
1.00575
1.00611
1.00622
1.00619
1.00626
1.00654
1.00682
1.00686
1.00677
1.00662
1.00658
1.0064
1.0062
1.00597
1.00561
1.00535
1.00514
1.00477
1.00446
1.00381
1.00371
0.986037
0.985737
0.990637
0.980942
0.98378
0.979475
0.985345
0.986154
0.988386
0.991017
0.993666
0.996117
0.998526
1.00059
1.00204
1.00343
1.00459
1.00524
1.0056
1.00615
1.00663
1.00657
1.00628
1.00642
1.00696
1.00708
1.00702
1.00706
1.00689
1.00686
1.00663
1.00639
1.00605
1.00569
1.00554
1.00541
1.00524
1.00498
1.00445
1.00301
0.985422
0.985572
0.990339
0.981004
0.98305
0.979083
0.984345
0.985436
0.98778
0.99043
0.993246
0.995843
0.998305
1.00033
1.0021
1.00379
1.00478
1.00569
1.00593
1.00607
1.00658
1.0067
1.00653
1.00692
1.00727
1.00721
1.00716
1.00741
1.00736
1.00714
1.00685
1.00668
1.00637
1.00595
1.00575
1.00561
1.00542
1.00527
1.00513
1.00548
0.984234
0.985739
0.989485
0.981037
0.981934
0.978636
0.983103
0.984463
0.98717
0.990111
0.993103
0.995859
0.998419
1.00056
1.00242
1.00406
1.00539
1.00619
1.00634
1.00632
1.00645
1.00686
1.00726
1.00752
1.00745
1.00734
1.00759
1.00788
1.00778
1.00756
1.00726
1.00704
1.00656
1.00615
1.00596
1.00584
1.00572
1.00549
1.00504
1.00369
0.984208
0.98529
0.988842
0.981035
0.980879
0.978007
0.982049
0.98363
0.986357
0.989338
0.992472
0.995423
0.998175
1.00037
1.00238
1.00403
1.00527
1.00635
1.00673
1.00657
1.00647
1.00721
1.0077
1.00759
1.0075
1.00776
1.00825
1.00849
1.00827
1.00783
1.00758
1.00735
1.0068
1.00641
1.0062
1.00612
1.00598
1.00589
1.00591
1.00623
0.982931
0.98531
0.987875
0.980899
0.97989
0.977352
0.98079
0.982546
0.985607
0.988827
0.992065
0.995212
0.997978
1.00049
1.00273
1.00415
1.00519
1.00621
1.00675
1.00676
1.00713
1.0076
1.00788
1.00754
1.0077
1.00824
1.00856
1.00873
1.00848
1.00807
1.00787
1.00752
1.00686
1.00658
1.00642
1.00635
1.00617
1.00601
1.00568
1.00474
0.983265
0.984435
0.986869
0.98065
0.978847
0.976453
0.979488
0.981458
0.984479
0.987841
0.991267
0.994622
0.997644
1.00034
1.00259
1.00394
1.00498
1.00591
1.00666
1.00716
1.00783
1.00784
1.00781
1.00771
1.00821
1.00866
1.009
1.00904
1.00866
1.00823
1.00803
1.00768
1.0072
1.00695
1.00681
1.00668
1.00647
1.00637
1.0064
1.00657
0.981901
0.984177
0.985719
0.98022
0.977715
0.975443
0.978051
0.980247
0.983525
0.98704
0.990606
0.994085
0.997275
1.00037
1.0026
1.00379
1.00479
1.00576
1.00647
1.0076
1.00795
1.00772
1.00783
1.00837
1.00877
1.00936
1.00952
1.00944
1.00879
1.0084
1.00825
1.00784
1.00739
1.00722
1.00712
1.00698
1.00666
1.00648
1.00624
1.00578
0.982107
0.983345
0.98461
0.979785
0.976333
0.974109
0.976498
0.978993
0.982086
0.98582
0.989651
0.99333
0.996776
0.999998
1.0022
1.0035
1.00447
1.00552
1.00659
1.00755
1.00764
1.00761
1.00837
1.009
1.00948
1.00992
1.00997
1.00984
1.00913
1.00868
1.00857
1.00822
1.00787
1.00772
1.00765
1.00746
1.00717
1.00701
1.00672
1.00669
0.980982
0.982914
0.98344
0.979067
0.974798
0.972814
0.974631
0.977498
0.980809
0.984741
0.988726
0.992595
0.996473
0.999572
1.00172
1.0034
1.00461
1.00555
1.00659
1.00734
1.00781
1.00837
1.00913
1.00971
1.01026
1.01042
1.0104
1.00999
1.0093
1.00888
1.00871
1.00839
1.0081
1.00804
1.00799
1.00772
1.00738
1.00724
1.00688
1.00671
0.980974
0.98176
0.98215
0.978039
0.972985
0.971145
0.972572
0.975809
0.979097
0.983292
0.987532
0.991757
0.995777
0.998826
1.00097
1.00303
1.00494
1.00585
1.00638
1.00756
1.00846
1.0094
1.01022
1.01094
1.01111
1.01113
1.01073
1.01004
1.00935
1.00909
1.00893
1.00873
1.00857
1.00859
1.00855
1.00823
1.0079
1.00772
1.00739
1.00717
0.980106
0.980829
0.980661
0.976626
0.970911
0.969312
0.970352
0.97373
0.977462
0.981827
0.98637
0.991131
0.995208
0.997792
1.0001
1.00274
1.00517
1.00598
1.00649
1.00773
1.00917
1.01029
1.01157
1.0123
1.01224
1.012
1.01123
1.01033
1.00961
1.00928
1.00903
1.00879
1.00868
1.00881
1.00876
1.00846
1.00815
1.008
1.00766
1.00749
0.979632
0.979721
0.979077
0.974912
0.968473
0.96709
0.967964
0.971429
0.975329
0.980038
0.985122
0.99036
0.994232
0.996682
0.999189
1.00254
1.00526
1.00616
1.00691
1.00863
1.01013
1.01107
1.01254
1.01307
1.013
1.0127
1.01209
1.01091
1.01027
1.00996
1.00963
1.0094
1.00923
1.00942
1.00931
1.00896
1.00866
1.00843
1.00807
1.0079
0.978177
0.977804
0.976859
0.972746
0.965773
0.964529
0.965079
0.968758
0.972928
0.97806
0.983911
0.989523
0.993404
0.995637
0.998288
1.00202
1.00485
1.00638
1.00774
1.00964
1.01114
1.01204
1.01364
1.01379
1.01347
1.0129
1.01245
1.0117
1.01089
1.01056
1.01017
1.00983
1.00963
1.00979
1.00965
1.00933
1.00909
1.00882
1.00845
1.00832
0.977435
0.976095
0.974551
0.970164
0.962822
0.961386
0.961948
0.965604
0.970051
0.975927
0.98257
0.988201
0.992125
0.994962
0.997928
1.00124
1.00453
1.00697
1.00842
1.01036
1.01243
1.01402
1.01474
1.01458
1.01401
1.01311
1.01272
1.01217
1.01182
1.01155
1.01129
1.01081
1.01052
1.01058
1.0103
1.00988
1.00963
1.00926
1.0089
1.00879
0.975818
0.973256
0.971442
0.967138
0.959549
0.957838
0.958286
0.961848
0.966792
0.973684
0.980963
0.986724
0.990919
0.994322
0.997554
1.00051
1.00437
1.00734
1.00922
1.0117
1.01401
1.01571
1.01575
1.01545
1.01467
1.01374
1.01325
1.01255
1.01233
1.01231
1.01187
1.01151
1.01135
1.01142
1.01109
1.01059
1.01027
1.00979
1.00942
1.00931
0.974826
0.970455
0.967882
0.963593
0.955816
0.953659
0.953794
0.957403
0.96315
0.971137
0.978718
0.984723
0.989759
0.994059
0.997038
1.00008
1.004
1.00764
1.01071
1.01318
1.01542
1.01665
1.01663
1.01602
1.01551
1.01448
1.01411
1.01356
1.01316
1.01306
1.01259
1.0122
1.01218
1.01225
1.01192
1.01147
1.01105
1.01047
1.01008
1.00991
0.973211
0.966884
0.963504
0.959454
0.951583
0.948454
0.948493
0.952134
0.959073
0.967878
0.976006
0.982647
0.988445
0.993362
0.996637
0.999948
1.00381
1.00847
1.01283
1.01521
1.01642
1.01713
1.01685
1.01629
1.01589
1.01514
1.0149
1.01469
1.01436
1.01418
1.01357
1.0132
1.01306
1.0131
1.01282
1.01243
1.01195
1.01126
1.01088
1.01067
0.971699
0.963431
0.958727
0.954582
0.94641
0.94201
0.941897
0.94587
0.95402
0.963563
0.973055
0.980791
0.986946
0.992001
0.996314
0.999961
1.00453
1.01018
1.01503
1.01708
1.01713
1.01729
1.01687
1.01652
1.01641
1.01588
1.01544
1.01556
1.01544
1.01529
1.01478
1.01438
1.01434
1.01409
1.01385
1.0134
1.01295
1.01217
1.01176
1.01155
0.969753
0.959824
0.953439
0.948728
0.93993
0.934086
0.933756
0.938198
0.947486
0.958355
0.96997
0.978709
0.98507
0.990514
0.995984
1.00083
1.00607
1.01141
1.01678
1.01833
1.01806
1.01778
1.01742
1.0174
1.01727
1.01685
1.01628
1.01619
1.01621
1.01599
1.01561
1.01533
1.01535
1.01499
1.01473
1.01437
1.01383
1.01311
1.01264
1.01243
0.967768
0.956591
0.947786
0.941514
0.93206
0.924348
0.924005
0.928534
0.939098
0.952248
0.966272
0.976064
0.983079
0.989778
0.995752
1.00249
1.00809
1.01292
1.01746
1.0189
1.01882
1.01872
1.01864
1.0187
1.01869
1.0184
1.01784
1.01753
1.01734
1.0169
1.01658
1.01641
1.01643
1.01609
1.01585
1.01551
1.01487
1.01425
1.01368
1.01353
0.966129
0.9533
0.941409
0.932745
0.922772
0.912964
0.91179
0.916379
0.92829
0.944172
0.96091
0.973218
0.981925
0.989699
0.996594
1.0041
1.01
1.01489
1.01853
1.01971
1.01964
1.01968
1.01996
1.02035
1.02016
1.02025
1.01964
1.01948
1.0191
1.01862
1.01822
1.01811
1.01798
1.01764
1.01738
1.01691
1.01608
1.01552
1.01493
1.01487
0.963047
0.949402
0.934612
0.922763
0.911873
0.899909
0.896707
0.900788
0.913932
0.932655
0.952869
0.969324
0.981509
0.990733
0.998033
1.0055
1.01216
1.0169
1.01977
1.02073
1.02131
1.02114
1.02157
1.02174
1.0219
1.02205
1.02153
1.02159
1.0211
1.02079
1.0202
1.02023
1.01971
1.01945
1.01897
1.01828
1.01734
1.01675
1.01612
1.01604
0.958924
0.945016
0.928377
0.912061
0.89928
0.884677
0.877898
0.880356
0.894148
0.916117
0.94157
0.964364
0.980642
0.992407
1.00011
1.00774
1.0143
1.01851
1.02141
1.02249
1.02382
1.02349
1.02392
1.02362
1.0236
1.02379
1.02357
1.02365
1.02318
1.02273
1.02209
1.0218
1.02131
1.02088
1.0205
1.0196
1.01892
1.01821
1.01776
1.01767
0.955067
0.939394
0.922783
0.902255
0.885583
0.866919
0.854435
0.853327
0.866912
0.892382
0.92494
0.956747
0.978698
0.993541
1.003
1.01132
1.01683
1.02129
1.02445
1.02549
1.02707
1.0268
1.02672
1.02674
1.02631
1.02638
1.02594
1.02579
1.02489
1.02451
1.02409
1.02361
1.02368
1.02304
1.0228
1.02165
1.02109
1.02022
1.01974
1.01967
0.953815
0.933493
0.917579
0.895776
0.872563
0.846972
0.825573
0.817945
0.828921
0.858118
0.900617
0.944034
0.974642
0.99387
1.00608
1.01531
1.02062
1.02512
1.02839
1.02944
1.0309
1.03075
1.0309
1.0306
1.03067
1.03024
1.02964
1.02917
1.02836
1.028
1.02791
1.02715
1.02734
1.02651
1.02589
1.02467
1.02382
1.02287
1.02222
1.02212
0.955107
0.930126
0.913597
0.894107
0.863054
0.826686
0.791413
0.772708
0.776554
0.808676
0.863161
0.922976
0.967022
0.991838
1.0081
1.01944
1.02491
1.02926
1.03307
1.03408
1.03548
1.03562
1.03601
1.0356
1.0358
1.03507
1.03523
1.0347
1.03452
1.03345
1.03332
1.03218
1.03175
1.03069
1.02948
1.02837
1.02717
1.02629
1.0255
1.02525
0.959989
0.93233
0.912179
0.895918
0.860724
0.809868
0.75548
0.716643
0.707156
0.738783
0.8065
0.888374
0.95072
0.984666
1.00752
1.02236
1.02943
1.03397
1.03772
1.03964
1.04165
1.04238
1.04224
1.04175
1.04129
1.04129
1.04114
1.04024
1.03985
1.03843
1.03784
1.0371
1.03573
1.03506
1.03336
1.03254
1.03116
1.03024
1.02944
1.0289
0.969369
0.939989
0.916486
0.899936
0.867461
0.801321
0.724142
0.65491
0.621369
0.643723
0.72308
0.829467
0.916166
0.966204
0.999608
1.02116
1.03183
1.03849
1.04394
1.04726
1.04954
1.05058
1.04987
1.04925
1.04808
1.04757
1.04691
1.04494
1.0444
1.04272
1.04206
1.04142
1.04022
1.03946
1.03795
1.03659
1.03518
1.03366
1.03299
1.03235
0.985672
0.955259
0.935878
0.915086
0.879593
0.804417
0.704877
0.59996
0.525942
0.520953
0.602423
0.731856
0.848715
0.924009
0.975236
1.00936
1.02753
1.04056
1.04906
1.05358
1.05727
1.05868
1.05838
1.05847
1.05689
1.05575
1.05467
1.05212
1.05147
1.04975
1.04933
1.04853
1.0478
1.04589
1.04421
1.04154
1.04015
1.03866
1.03785
1.03767
1.0159
0.992244
0.984608
0.958446
0.902578
0.815815
0.700146
0.566088
0.441786
0.37956
0.436646
0.5814
0.732557
0.843237
0.920996
0.975622
1.00774
1.02949
1.04403
1.05261
1.0597
1.06439
1.0678
1.06954
1.07029
1.06835
1.06804
1.06529
1.06497
1.06307
1.06287
1.06036
1.05936
1.05575
1.05455
1.0521
1.05209
1.05064
1.05009
1.04934
1.10025
1.08666
1.07413
1.03252
0.942938
0.832115
0.701458
0.555066
0.398718
0.264042
0.233855
0.365556
0.549901
0.706255
0.820052
0.903582
0.95845
0.99599
1.02112
1.03823
1.05217
1.06135
1.07065
1.07428
1.07931
1.07908
1.08187
1.07965
1.08084
1.07821
1.07864
1.07489
1.07523
1.07244
1.07308
1.07084
1.0706
1.06821
1.06622
1.06491
1.21365
1.20498
1.1549
1.06902
0.959655
0.830191
0.689066
0.543431
0.393973
0.251969
0.136427
0.0843679
0.290799
0.494734
0.650804
0.771196
0.859789
0.92285
0.968195
0.999766
1.02531
1.04153
1.05864
1.06607
1.07772
1.0804
1.08778
1.08779
1.09299
1.09264
1.09635
1.09573
1.09789
1.09715
1.09896
1.09572
1.09295
1.08865
1.08444
1.08087
1.31444
1.25257
1.16621
1.05938
0.921866
0.773545
0.625113
0.482011
0.355222
0.259735
0.24325
0.255924
0.184016
0.120034
0.365444
0.538194
0.67669
0.783081
0.867119
0.92704
0.975883
1.00551
1.03445
1.04984
1.06938
1.07739
1.08802
1.09071
1.09744
1.10039
1.1073
1.11026
1.11598
1.11713
1.11997
1.12032
1.12095
1.12074
1.11927
1.11671
1.32741
1.19691
1.06414
0.923412
0.779691
0.633444
0.492435
0.362994
0.247141
0.190127
0.226615
0.30351
0.347218
0.345954
0.254672
0.154109
0.371362
0.54293
0.68388
0.783144
0.855057
0.911364
0.95842
0.991887
1.02235
1.04258
1.06084
1.07104
1.07901
1.08408
1.08824
1.09042
1.09913
1.10181
1.10794
1.11143
1.11727
1.12054
1.12847
1.13568
0.931664
0.776311
0.615171
0.463725
0.313564
0.16032
0.0107163
0.140841
0.253907
0.340042
0.392943
0.416679
0.471473
0.536384
0.532959
0.50072
0.501722
0.49468
0.131746
0.236856
0.388967
0.534499
0.650915
0.739351
0.797028
0.845497
0.889829
0.932128
0.969786
1.00305
1.02674
1.0527
1.06829
1.09141
1.10725
1.12616
1.14028
1.15049
1.15711
1.15784
0.438568
0.522883
0.595014
0.654075
0.701438
0.737261
0.760528
0.767957
0.765428
0.741787
0.718441
0.675402
0.639476
0.589279
0.546138
0.511831
0.508303
0.48528
0.393357
0.40266
0.435961
0.431184
0.370997
0.0122701
0.506836
0.586995
0.60666
0.651005
0.67119
0.706853
0.735927
0.777617
0.81566
0.856069
0.896142
0.933157
0.975975
1.01945
1.07357
1.12325
1.00814
1.01418
1.01464
1.01589
1.01562
1.01659
1.01628
1.01708
1.01667
1.01728
1.01702
1.01729
1.01723
1.01734
1.01734
1.01736
1.01735
1.01731
1.01724
1.0171
1.01693
1.01669
1.0164
1.01602
1.01551
1.0148
1.01381
1.01232
1.01002
1.0066
1.00177
0.994568
0.983892
0.973358
0.972244
0.980729
0.986354
0.993356
1.00116
1.00058
0.998883
0.995381
0.99605
0.995703
0.996328
0.995938
0.996184
0.996183
0.996079
0.996233
0.996139
0.996278
0.99625
0.996317
0.996329
0.996385
0.996384
0.996309
0.996248
0.996244
0.996228
0.996213
0.996247
0.996338
0.996518
0.996883
0.99755
0.998628
1.0003
1.00304
1.00744
1.01288
1.01749
1.02304
1.02635
1.02435
1.01578
1.00938
1.00632
1.00456
1.00333
1.00879
1.01013
1.01292
1.01316
1.01467
1.01425
1.01554
1.01496
1.0157
1.0154
1.01569
1.01562
1.01569
1.01565
1.01562
1.01558
1.01557
1.01546
1.01516
1.01481
1.01437
1.01377
1.01303
1.01205
1.01081
1.00924
1.0072
1.00453
1.00146
0.998662
0.995408
0.99121
0.99093
0.995438
1.00123
1.0016
1.00125
1.00259
1.00384
1.00513
1.00294
1.00189
1.00104
1.00041
1.0001
0.999295
0.999525
0.998775
0.999112
0.99865
0.998823
0.998615
0.998689
0.998673
0.99877
0.998757
0.998619
0.998572
0.998752
0.99897
0.999228
0.999651
1.00021
1.00096
1.00195
1.00322
1.00482
1.00666
1.00898
1.01209
1.01467
1.01502
1.01658
1.01844
1.01794
1.01443
1.01127
1.00948
1.00723
1.00119
1.00552
1.00731
1.00973
1.01067
1.01204
1.01223
1.01308
1.01303
1.01347
1.01346
1.01362
1.01363
1.01363
1.01353
1.01346
1.01345
1.01347
1.01328
1.01286
1.01239
1.0118
1.01106
1.01017
1.0091
1.00782
1.00639
1.00471
1.00277
1.00106
1.00001
0.99851
0.996806
0.997647
1.00092
1.00337
1.00288
1.00328
1.00489
1.00587
1.00706
1.00541
1.00467
1.00436
1.00379
1.00348
1.00284
1.00269
1.00216
1.00214
1.0018
1.00186
1.00173
1.0017
1.00155
1.00146
1.00132
1.00116
1.00122
1.00155
1.00185
1.0023
1.0029
1.00354
1.00442
1.00545
1.00656
1.00772
1.00872
1.01002
1.01162
1.01192
1.01127
1.01187
1.01311
1.01286
1.01097
1.00955
1.00824
1.007
1.00201
1.00465
1.00619
1.00791
1.00877
1.00992
1.01031
1.01104
1.01118
1.01162
1.01165
1.01179
1.0118
1.01179
1.01166
1.01163
1.01169
1.01165
1.01135
1.0109
1.01037
1.00971
1.00895
1.00812
1.00722
1.00623
1.00521
1.00407
1.0029
1.00222
1.00199
1.00112
1.00031
1.00134
1.00354
1.00447
1.00416
1.00513
1.00604
1.00648
1.0074
1.00654
1.00596
1.00571
1.00553
1.00577
1.0057
1.0054
1.00511
1.0049
1.00465
1.00452
1.00434
1.00427
1.00419
1.00403
1.00376
1.0036
1.00373
1.00404
1.00441
1.00485
1.00544
1.00608
1.00673
1.00739
1.00801
1.0085
1.00886
1.00957
1.01008
1.00984
1.00944
1.00964
1.00978
1.00949
1.00816
1.0074
1.00688
1.00657
1.00368
1.00506
1.00608
1.00747
1.00811
1.00888
1.00924
1.00973
1.00995
1.01023
1.01031
1.01043
1.01041
1.01037
1.01033
1.01038
1.01041
1.01026
1.00992
1.00944
1.00894
1.00837
1.00774
1.00712
1.00648
1.0059
1.00537
1.00474
1.00435
1.00437
1.0046
1.00423
1.00391
1.00505
1.00616
1.00616
1.00602
1.00627
1.00652
1.0066
1.00708
1.00693
1.00705
1.007
1.00692
1.00691
1.00711
1.00738
1.0074
1.00733
1.00718
1.00703
1.0069
1.00678
1.00654
1.00619
1.00592
1.00584
1.00594
1.00616
1.0065
1.00689
1.00731
1.0077
1.00805
1.00838
1.0086
1.00867
1.00879
1.00918
1.00928
1.00892
1.00865
1.0086
1.00846
1.00775
1.00703
1.00686
1.00674
1.00657
1.00537
1.006
1.00681
1.0076
1.00812
1.00879
1.00901
1.00931
1.0094
1.00956
1.0096
1.00968
1.00968
1.00976
1.00981
1.00981
1.00973
1.00955
1.00923
1.00882
1.00839
1.00793
1.00749
1.00712
1.00679
1.00656
1.0064
1.00625
1.00628
1.00661
1.00687
1.00665
1.00683
1.00749
1.00775
1.0076
1.00706
1.00703
1.00696
1.00673
1.00668
1.00701
1.0077
1.00814
1.00836
1.00854
1.00861
1.00862
1.00865
1.00876
1.00879
1.0088
1.00881
1.00872
1.00822
1.00779
1.00766
1.00763
1.00769
1.0079
1.00808
1.00829
1.00849
1.0086
1.00871
1.00876
1.0087
1.0086
1.0087
1.00887
1.00874
1.00845
1.0083
1.00826
1.00823
1.00784
1.00741
1.00729
1.00712
1.00695
1.00667
1.00711
1.00783
1.0084
1.00875
1.00913
1.0093
1.00955
1.00958
1.00973
1.00973
1.0098
1.00985
1.00989
1.00988
1.00979
1.00968
1.00952
1.00927
1.00892
1.00855
1.00823
1.00797
1.00784
1.00782
1.00784
1.00781
1.00782
1.00804
1.00835
1.00845
1.00843
1.00851
1.00857
1.00854
1.00815
1.00784
1.00769
1.00735
1.00716
1.00708
1.00764
1.00822
1.00882
1.00913
1.00949
1.00962
1.00988
1.00992
1.01005
1.01001
1.01
1.00991
1.00978
1.0096
1.0094
1.00924
1.00911
1.00904
1.00904
1.00907
1.0091
1.00909
1.00907
1.00904
1.00896
1.00881
1.00886
1.00909
1.00914
1.00909
1.00898
1.00895
1.009
1.00885
1.0084
1.00818
1.00803
1.00775
1.00735
1.00746
1.0081
1.00867
1.00927
1.00957
1.00995
1.01009
1.01033
1.01038
1.01053
1.01053
1.01055
1.01052
1.01047
1.0104
1.0103
1.01018
1.01003
1.00983
1.00957
1.0093
1.0091
1.00897
1.00892
1.00894
1.00894
1.00891
1.00915
1.0094
1.00946
1.00943
1.00928
1.00923
1.00927
1.00897
1.00856
1.00836
1.0082
1.00807
1.00778
1.00786
1.00857
1.00912
1.00971
1.01003
1.01041
1.01055
1.0108
1.01085
1.011
1.01099
1.011
1.01095
1.01088
1.01078
1.01065
1.0105
1.01034
1.01016
1.01003
1.00991
1.00976
1.00958
1.00942
1.00928
1.00914
1.00906
1.00919
1.00936
1.00941
1.00936
1.00923
1.00923
1.00931
1.00901
1.00875
1.00858
1.0084
1.00831
1.00822
1.00831
1.00911
1.00962
1.01022
1.01055
1.01093
1.01107
1.01129
1.01134
1.01153
1.0115
1.01155
1.0115
1.01145
1.01135
1.01124
1.01111
1.01095
1.01077
1.01056
1.01035
1.01016
1.00999
1.00985
1.00972
1.00959
1.00955
1.00969
1.00978
1.00979
1.00969
1.00954
1.0095
1.00953
1.00923
1.00898
1.00885
1.00866
1.00858
1.00859
1.0088
1.00965
1.01017
1.01077
1.01111
1.01149
1.01163
1.01185
1.01191
1.0121
1.01207
1.01213
1.01207
1.01204
1.01195
1.01185
1.0117
1.01155
1.01136
1.01116
1.01094
1.01074
1.01053
1.01039
1.01028
1.01018
1.0102
1.01036
1.01042
1.01041
1.01026
1.01005
1.00999
1.00995
1.00966
1.00941
1.00927
1.00908
1.00893
1.00893
1.00939
1.01029
1.01082
1.01134
1.01172
1.01207
1.01224
1.01248
1.01254
1.01273
1.01271
1.01279
1.01273
1.01271
1.01261
1.01252
1.01238
1.01223
1.01203
1.01184
1.0116
1.01138
1.01115
1.011
1.01091
1.01083
1.01089
1.01101
1.01105
1.01101
1.0108
1.01056
1.01047
1.01038
1.01009
1.00989
1.00975
1.00957
1.00936
1.0093
1.0101
1.01097
1.01143
1.012
1.01235
1.01275
1.01295
1.01319
1.01326
1.01344
1.01343
1.01351
1.01346
1.01346
1.01336
1.01329
1.01314
1.01299
1.01279
1.01258
1.01235
1.0121
1.01187
1.01175
1.01166
1.01159
1.01169
1.01181
1.01184
1.01178
1.0115
1.01123
1.01112
1.01101
1.01064
1.0104
1.01021
1.00998
1.0098
1.00974
1.01089
1.01171
1.01216
1.01279
1.01312
1.01355
1.01373
1.01402
1.01409
1.01427
1.01425
1.01435
1.01429
1.0143
1.0142
1.01414
1.01399
1.01385
1.01363
1.01341
1.01314
1.01287
1.01264
1.01255
1.01247
1.01243
1.01254
1.01265
1.01267
1.01255
1.0122
1.01188
1.01177
1.01161
1.01119
1.01095
1.01072
1.01052
1.01036
1.0103
1.01178
1.01261
1.01304
1.01372
1.01404
1.01446
1.01463
1.01493
1.01497
1.01517
1.01515
1.01528
1.01522
1.01526
1.01516
1.0151
1.01495
1.01481
1.01458
1.01436
1.01407
1.01379
1.01356
1.01344
1.01333
1.01333
1.01345
1.01352
1.01348
1.01324
1.01277
1.01243
1.01233
1.01215
1.0118
1.01162
1.01133
1.01101
1.01075
1.01063
1.01271
1.01353
1.01399
1.01464
1.01497
1.01541
1.01559
1.01595
1.01604
1.01628
1.01624
1.01641
1.01633
1.01637
1.01628
1.01622
1.01606
1.0159
1.01566
1.01539
1.01509
1.01478
1.01455
1.01438
1.01428
1.0143
1.0144
1.0144
1.01429
1.01391
1.01342
1.01315
1.01307
1.01282
1.01253
1.01238
1.01205
1.01152
1.01109
1.01085
1.01377
1.01467
1.01509
1.01579
1.01606
1.01663
1.01684
1.01717
1.01732
1.0175
1.01749
1.01767
1.01756
1.01764
1.01751
1.01745
1.0173
1.01712
1.01688
1.0166
1.01624
1.01597
1.01568
1.01551
1.0154
1.01541
1.01545
1.01538
1.01515
1.01463
1.01409
1.01389
1.01378
1.01337
1.01301
1.01282
1.01252
1.01202
1.01152
1.01125
1.01518
1.01601
1.01641
1.01709
1.01743
1.01788
1.0181
1.01848
1.0186
1.01895
1.0189
1.01911
1.01902
1.0191
1.01896
1.01891
1.01873
1.01854
1.01827
1.01797
1.01764
1.01734
1.01708
1.01689
1.01684
1.01689
1.01687
1.01677
1.01645
1.01578
1.01518
1.01508
1.01501
1.01445
1.01395
1.01367
1.01336
1.01304
1.01256
1.01215
1.01632
1.0172
1.01769
1.01846
1.01889
1.01951
1.01977
1.02022
1.02028
1.02062
1.02064
1.02074
1.02075
1.02074
1.02065
1.0206
1.02036
1.02023
1.01988
1.01964
1.01927
1.01902
1.01877
1.01863
1.01855
1.0185
1.01839
1.0182
1.01767
1.01684
1.01632
1.01634
1.01623
1.01555
1.0149
1.01453
1.01401
1.01367
1.01317
1.0127
1.01799
1.01896
1.01943
1.02026
1.02064
1.02134
1.02159
1.02215
1.02222
1.02265
1.02257
1.02285
1.0227
1.0228
1.02261
1.0226
1.02231
1.02221
1.02184
1.02166
1.02132
1.02112
1.02085
1.02068
1.02046
1.02027
1.02006
1.01971
1.01901
1.01825
1.01803
1.01813
1.01789
1.01732
1.01697
1.01658
1.01593
1.01549
1.01504
1.01476
1.02003
1.02121
1.02166
1.02255
1.02289
1.02364
1.02387
1.02446
1.02451
1.02499
1.0249
1.0252
1.02503
1.02517
1.02492
1.02494
1.02459
1.02454
1.02413
1.02402
1.02366
1.02354
1.02324
1.02301
1.02261
1.02225
1.02189
1.02135
1.02046
1.01983
1.01978
1.01968
1.01896
1.0183
1.01801
1.0174
1.01651
1.01583
1.01527
1.01498
1.02245
1.02378
1.02425
1.02529
1.02564
1.02644
1.02665
1.02725
1.02731
1.02778
1.02772
1.02802
1.02785
1.02805
1.02777
1.02788
1.02752
1.02753
1.02719
1.02713
1.02684
1.02676
1.02649
1.02615
1.02558
1.02511
1.02462
1.02384
1.02293
1.02257
1.02264
1.02238
1.02148
1.02089
1.02062
1.01996
1.01912
1.01845
1.01787
1.01748
1.02551
1.02696
1.02742
1.02853
1.02887
1.02979
1.02998
1.03066
1.03073
1.03124
1.03119
1.03153
1.03136
1.0316
1.03133
1.03147
1.03114
1.03124
1.03096
1.03098
1.03065
1.03053
1.02995
1.0293
1.02841
1.02782
1.02711
1.02613
1.02533
1.02518
1.0252
1.02439
1.02314
1.02261
1.0222
1.02116
1.02019
1.01952
1.01876
1.01826
1.02929
1.03065
1.0312
1.03239
1.03282
1.03387
1.03408
1.03494
1.03509
1.03568
1.03575
1.03614
1.03612
1.03637
1.03621
1.03646
1.03629
1.03656
1.03621
1.03616
1.03559
1.03532
1.03438
1.03354
1.03259
1.03213
1.0314
1.03049
1.02994
1.02988
1.02965
1.02843
1.0274
1.02704
1.02649
1.02526
1.02406
1.0231
1.02215
1.02161
1.03312
1.03445
1.03542
1.03677
1.03745
1.03857
1.03889
1.03988
1.03996
1.04071
1.04077
1.04122
1.04134
1.04159
1.04171
1.0419
1.04193
1.04211
1.0418
1.04174
1.04103
1.04047
1.03897
1.03793
1.037
1.03647
1.03502
1.03363
1.03294
1.03274
1.03172
1.03012
1.02923
1.02861
1.02737
1.026
1.02494
1.02399
1.02339
1.02306
1.03869
1.04097
1.04197
1.0438
1.04461
1.04614
1.04669
1.04796
1.04816
1.04921
1.04925
1.05001
1.04997
1.05054
1.05054
1.05079
1.05042
1.04993
1.04894
1.0482
1.04696
1.04582
1.04425
1.04416
1.04385
1.04337
1.04145
1.04082
1.0409
1.04093
1.03963
1.03843
1.03741
1.03614
1.03475
1.03366
1.03234
1.03082
1.02964
1.02864
1.04737
1.05074
1.05169
1.05324
1.05375
1.05502
1.05539
1.05656
1.05686
1.05807
1.05829
1.05936
1.05946
1.06017
1.06002
1.0604
1.0599
1.06012
1.05991
1.05995
1.05899
1.05833
1.05797
1.05843
1.05716
1.05492
1.0528
1.0523
1.05175
1.05009
1.04709
1.04536
1.04385
1.04202
1.04036
1.03856
1.03704
1.03542
1.03401
1.03262
1.06393
1.06545
1.06664
1.06823
1.06914
1.0705
1.07119
1.07218
1.07237
1.0732
1.07265
1.07334
1.07237
1.07285
1.07157
1.07114
1.0695
1.06934
1.0679
1.06669
1.064
1.06331
1.06274
1.0622
1.05933
1.05744
1.05651
1.05703
1.05583
1.05488
1.0528
1.05153
1.04945
1.04847
1.04688
1.04553
1.04359
1.04168
1.0393
1.03736
1.08156
1.08458
1.08557
1.08771
1.08805
1.08981
1.09005
1.09177
1.09213
1.09366
1.09408
1.09545
1.09566
1.09662
1.0965
1.09782
1.09871
1.10004
1.09964
1.09988
1.10046
1.1022
1.1013
1.09983
1.09753
1.09611
1.09354
1.09145
1.08896
1.08648
1.08258
1.07882
1.07451
1.07048
1.06584
1.06243
1.05817
1.05511
1.05197
1.0496
1.11602
1.11317
1.11232
1.11146
1.11153
1.11139
1.11135
1.11109
1.11066
1.11057
1.11039
1.11021
1.10947
1.10891
1.10889
1.10858
1.10681
1.10429
1.10216
1.10101
1.0989
1.09592
1.09309
1.09097
1.08822
1.0861
1.08355
1.0823
1.0799
1.07851
1.07678
1.0749
1.07231
1.06931
1.06578
1.06258
1.0592
1.05691
1.05446
1.05335
1.14359
1.15336
1.16042
1.16845
1.17227
1.17927
1.18209
1.18838
1.19032
1.19563
1.19715
1.20198
1.20309
1.20692
1.20691
1.21006
1.21075
1.21436
1.21476
1.21721
1.21645
1.21731
1.215
1.21427
1.21108
1.20836
1.20373
1.19953
1.1931
1.18738
1.17932
1.17226
1.16335
1.15573
1.14711
1.13945
1.13103
1.12243
1.1128
1.10208
1.16224
1.16161
1.16285
1.16653
1.17261
1.17818
1.18464
1.18989
1.19581
1.19993
1.20506
1.20748
1.21144
1.2122
1.21518
1.21478
1.21707
1.21611
1.21749
1.21506
1.21416
1.20926
1.20619
1.1994
1.1954
1.18812
1.1838
1.17611
1.17164
1.1635
1.15919
1.15117
1.14771
1.14001
1.13581
1.12581
1.11677
1.10211
1.08941
1.07778
1.17306
1.20451
1.2488
1.28341
1.32172
1.35385
1.38843
1.4175
1.44818
1.47372
1.50043
1.52246
1.54521
1.56339
1.58159
1.5949
1.60759
1.61516
1.62218
1.6246
1.62753
1.62638
1.62616
1.62152
1.61752
1.60831
1.60049
1.58693
1.57514
1.55702
1.54148
1.5195
1.50126
1.47644
1.45558
1.42789
1.40269
1.3738
1.34697
1.31878
1.00235
1.00482
1.00533
1.00555
1.00566
1.00565
1.0056
1.00557
1.00572
1.00593
1.00593
1.00591
1.00605
1.00625
1.00642
1.00651
1.00633
1.006
1.00564
1.00516
1.00459
1.0041
1.00336
1.00245
1.00153
1.00041
0.999169
0.997998
0.996797
0.995619
0.994575
0.993603
0.992502
0.991763
0.991642
0.990663
0.991954
0.98956
0.991828
0.984593
1.0038
1.00542
1.00554
1.00571
1.00583
1.00569
1.00568
1.00569
1.00581
1.00591
1.00602
1.00604
1.00606
1.00631
1.00654
1.00651
1.0063
1.00609
1.00562
1.00514
1.00459
1.00405
1.00326
1.00234
1.00147
1.00045
0.99916
0.997786
0.996524
0.995423
0.994376
0.993369
0.992233
0.991553
0.991443
0.990647
0.991901
0.989622
0.992118
0.984543
1.00448
1.0059
1.00576
1.00579
1.00593
1.00575
1.00577
1.00574
1.00585
1.00587
1.00602
1.00604
1.00602
1.00625
1.00643
1.00616
1.00587
1.00582
1.00555
1.00503
1.0044
1.00367
1.00281
1.00187
1.00087
0.999991
0.998637
0.997368
0.99609
0.995096
0.993928
0.992837
0.991743
0.99126
0.991255
0.990611
0.991928
0.989671
0.992364
0.984357
1.00592
1.00655
1.006
1.00592
1.00599
1.00579
1.00588
1.00586
1.00601
1.00601
1.00614
1.00612
1.00607
1.00626
1.00644
1.00612
1.00576
1.0058
1.00563
1.00509
1.00421
1.00327
1.00226
1.00133
1.00028
0.999454
0.998226
0.997173
0.995853
0.994778
0.993437
0.992274
0.991261
0.990926
0.991077
0.990509
0.991921
0.989915
0.992998
0.984549
1.00629
1.00666
1.00616
1.00615
1.00607
1.006
1.00618
1.00611
1.0063
1.00636
1.00638
1.00627
1.00624
1.00631
1.0065
1.00649
1.006
1.00598
1.00566
1.00503
1.00397
1.00301
1.00202
1.00118
1.00012
0.999214
0.998096
0.997039
0.995713
0.994454
0.992992
0.991773
0.990878
0.990554
0.990845
0.990341
0.99193
0.989972
0.994122
0.985417
1.00654
1.00652
1.00614
1.00619
1.00611
1.0062
1.00638
1.00626
1.00646
1.00661
1.00675
1.0066
1.00666
1.00649
1.00657
1.00687
1.00645
1.00601
1.00589
1.00495
1.00411
1.00331
1.00237
1.00138
1.00037
0.999217
0.998075
0.996835
0.99543
0.993904
0.99243
0.991335
0.990507
0.990132
0.990522
0.990048
0.992
0.990037
0.995968
0.986922
1.00653
1.00632
1.00612
1.00622
1.00615
1.0063
1.00646
1.00638
1.00662
1.00689
1.0071
1.00689
1.00691
1.00679
1.00655
1.00677
1.00679
1.00616
1.0061
1.00533
1.00461
1.00379
1.00277
1.00175
1.00057
0.999245
0.997954
0.996432
0.994936
0.99324
0.991787
0.99076
0.989925
0.989597
0.990176
0.989769
0.99213
0.990286
0.996863
0.990005
1.00644
1.00624
1.00623
1.00634
1.00626
1.0065
1.00665
1.00654
1.00675
1.00701
1.00728
1.0071
1.00686
1.00683
1.00662
1.00637
1.00643
1.00618
1.00606
1.00563
1.00493
1.00448
1.00338
1.00215
1.00113
0.999321
0.997957
0.996126
0.994476
0.992677
0.991254
0.990069
0.989215
0.988992
0.989758
0.989438
0.992323
0.990424
0.996774
0.993076
1.00646
1.00627
1.00643
1.00656
1.00651
1.00683
1.00694
1.00683
1.00703
1.00738
1.00769
1.00729
1.00685
1.0069
1.00697
1.00651
1.00639
1.00623
1.00604
1.00606
1.00569
1.00539
1.00412
1.0029
1.00123
0.999585
0.997827
0.995739
0.994009
0.99226
0.990901
0.989403
0.988497
0.988306
0.989403
0.988817
0.992665
0.990328
0.996919
0.997115
1.00651
1.0064
1.00687
1.00706
1.00704
1.00736
1.00747
1.0074
1.00748
1.00783
1.00807
1.00777
1.00715
1.0073
1.00752
1.00696
1.00674
1.00649
1.0061
1.0066
1.00627
1.00564
1.00445
1.00279
1.00108
0.999305
0.997278
0.995249
0.993414
0.991639
0.990234
0.988672
0.987905
0.987667
0.989108
0.987928
0.992852
0.990141
0.998402
1.00092
1.00664
1.00674
1.00721
1.00733
1.00753
1.00753
1.00778
1.00804
1.00788
1.00784
1.00809
1.00806
1.00775
1.00751
1.00789
1.00778
1.00729
1.00703
1.00651
1.00688
1.00645
1.00527
1.00431
1.00273
1.00082
0.998716
0.996672
0.994427
0.992591
0.990647
0.98919
0.987808
0.987075
0.986638
0.988702
0.987028
0.992889
0.989966
1.00034
1.00452
1.00687
1.00715
1.00723
1.00735
1.00757
1.00748
1.00776
1.00804
1.0078
1.00759
1.0078
1.00792
1.0078
1.00751
1.00781
1.00801
1.00802
1.00803
1.00733
1.00697
1.00642
1.00533
1.00429
1.00274
1.00076
0.998574
0.996003
0.99387
0.991788
0.989741
0.988116
0.986791
0.985988
0.985336
0.988095
0.985974
0.992841
0.989601
1.00179
1.00716
1.00713
1.00742
1.00739
1.00751
1.00768
1.00755
1.00782
1.00812
1.00797
1.00769
1.00781
1.00796
1.00808
1.0077
1.00775
1.00792
1.00792
1.00848
1.00809
1.00734
1.00661
1.00544
1.00438
1.00264
1.00086
0.998264
0.995831
0.993209
0.991104
0.988808
0.987063
0.985749
0.984703
0.983809
0.987252
0.98459
0.992302
0.988816
1.00247
1.00727
1.00733
1.0076
1.00774
1.00791
1.00806
1.00809
1.00835
1.00863
1.00857
1.00814
1.0081
1.00835
1.00878
1.0083
1.00811
1.00797
1.00766
1.00814
1.00821
1.00739
1.00667
1.00535
1.00409
1.00243
1.00043
0.998153
0.995176
0.99275
0.990204
0.987881
0.986008
0.984652
0.983327
0.982064
0.986125
0.98299
0.991308
0.988109
1.00204
1.00467
1.00761
1.00778
1.00796
1.00832
1.0086
1.00851
1.00858
1.00871
1.00929
1.0091
1.00892
1.00903
1.00952
1.00926
1.00879
1.00863
1.0081
1.00775
1.00787
1.00727
1.00651
1.00541
1.00385
1.00188
1.00005
0.997494
0.995001
0.991914
0.989354
0.986781
0.984804
0.983322
0.981782
0.980312
0.984898
0.981372
0.989808
0.987532
0.999409
1.00143
1.00797
1.00807
1.00828
1.00879
1.00902
1.00903
1.00879
1.00868
1.00933
1.00936
1.00923
1.00925
1.00987
1.00969
1.00933
1.00912
1.00844
1.00838
1.00792
1.00713
1.00641
1.00493
1.00324
1.00151
0.99935
0.996894
0.99393
0.991326
0.988174
0.985486
0.983315
0.981745
0.980014
0.978454
0.983512
0.97979
0.987707
0.986823
0.994964
0.998747
1.00849
1.00851
1.00864
1.00914
1.00942
1.00958
1.00931
1.00919
1.00943
1.00952
1.00951
1.0097
1.01026
1.01046
1.01009
1.00946
1.00888
1.00839
1.00811
1.00705
1.0062
1.005
1.00322
1.00107
0.998516
0.996046
0.993511
0.990059
0.987172
0.984131
0.9817
0.979899
0.978307
0.976591
0.981824
0.978263
0.985209
0.986091
0.990943
0.995492
1.00895
1.00892
1.0088
1.00915
1.00944
1.00974
1.00994
1.0098
1.01013
1.01025
1.01002
1.00965
1.01026
1.01064
1.01054
1.00992
1.00897
1.00838
1.00797
1.00718
1.00601
1.00436
1.00227
1.00032
0.997963
0.995009
0.991713
0.989076
0.985643
0.982525
0.979753
0.977935
0.976373
0.97462
0.979899
0.976887
0.982525
0.985348
0.987542
0.992127
1.00933
1.00934
1.00928
1.00964
1.00999
1.01052
1.01073
1.0109
1.0113
1.01118
1.01036
1.00988
1.01014
1.01062
1.01104
1.01095
1.00982
1.00896
1.00825
1.00701
1.00569
1.0042
1.00238
1.00008
0.996724
0.99388
0.991053
0.98732
0.983984
0.980648
0.977805
0.975781
0.974272
0.97255
0.977787
0.975612
0.97983
0.984541
0.985106
0.989256
1.00972
1.00978
1.00987
1.01019
1.01046
1.01069
1.01084
1.01129
1.01172
1.01167
1.01101
1.01046
1.01043
1.01053
1.01032
1.01071
1.01015
1.00922
1.00836
1.00702
1.00545
1.00361
1.00113
0.998515
0.99587
0.992606
0.98853
0.985377
0.981957
0.978476
0.975192
0.973175
0.971859
0.970189
0.975071
0.974234
0.976963
0.983388
0.983088
0.986535
1.0103
1.01067
1.0108
1.0113
1.01177
1.01174
1.01172
1.01157
1.01155
1.01194
1.01181
1.01118
1.01135
1.01112
1.01058
1.01058
1.01069
1.00998
1.00892
1.00732
1.00555
1.00319
1.00105
0.998383
0.994641
0.990987
0.987699
0.983608
0.979498
0.975965
0.973001
0.970671
0.969452
0.967954
0.972118
0.972909
0.974217
0.982185
0.981583
0.984608
1.01069
1.01099
1.01106
1.01164
1.01157
1.01175
1.01182
1.01186
1.01166
1.012
1.0122
1.01196
1.01169
1.01134
1.01059
1.01014
1.01018
1.00916
1.00807
1.00663
1.00464
1.00233
0.999632
0.996291
0.992839
0.989128
0.984531
0.980342
0.976544
0.972907
0.969253
0.967103
0.966137
0.964697
0.968111
0.970896
0.970824
0.980033
0.979646
0.982197
1.01098
1.01149
1.01191
1.01238
1.0124
1.01289
1.01331
1.01347
1.01299
1.01324
1.01356
1.01296
1.01219
1.01209
1.0121
1.01142
1.011
1.00953
1.0084
1.00678
1.00445
1.00195
0.999096
0.995595
0.991645
0.987304
0.982911
0.978594
0.973943
0.969579
0.966495
0.964329
0.963089
0.962057
0.964463
0.969418
0.96814
0.978268
0.978725
0.981234
1.01144
1.01214
1.01257
1.01304
1.01314
1.01347
1.01371
1.01392
1.01362
1.01345
1.01341
1.01311
1.01296
1.01248
1.01192
1.01085
1.00999
1.00844
1.00709
1.00533
1.00288
1.00034
0.996951
0.993204
0.988993
0.984274
0.979263
0.974036
0.969258
0.965208
0.96144
0.958943
0.958145
0.957399
0.958795
0.966191
0.963699
0.974445
0.975864
0.9786
1.01229
1.01323
1.01395
1.01489
1.01526
1.01545
1.01557
1.01596
1.01617
1.01561
1.0152
1.01474
1.01422
1.01345
1.01243
1.01147
1.01094
1.00951
1.00788
1.00568
1.00276
0.999809
0.996025
0.991928
0.987103
0.981858
0.976334
0.971108
0.965992
0.961257
0.957506
0.955205
0.954512
0.954196
0.954925
0.964087
0.961448
0.972437
0.975225
0.978869
1.01279
1.01384
1.01446
1.0155
1.01595
1.01645
1.01608
1.01606
1.0159
1.01545
1.01493
1.01437
1.01371
1.01364
1.01333
1.01221
1.01114
1.00883
1.0063
1.00408
1.00088
0.997583
0.993441
0.988697
0.983568
0.97791
0.97173
0.965616
0.959691
0.954617
0.950675
0.948184
0.947483
0.947565
0.94728
0.958688
0.95548
0.966744
0.970849
0.974998
1.01477
1.01581
1.01608
1.01662
1.01676
1.0173
1.01702
1.01722
1.01743
1.01773
1.01722
1.01685
1.01561
1.01486
1.01363
1.01209
1.01057
1.00829
1.00611
1.00381
1.00005
0.995921
0.991149
0.98595
0.980204
0.973691
0.966829
0.96019
0.95431
0.948933
0.945018
0.942508
0.942405
0.942938
0.942695
0.955564
0.953619
0.96433
0.970494
0.975869
1.0152
1.01606
1.01623
1.01666
1.01659
1.01702
1.01683
1.01693
1.01679
1.01722
1.01675
1.01625
1.01536
1.01428
1.01319
1.01159
1.01001
1.00812
1.00547
1.00224
0.997576
0.993189
0.988455
0.982158
0.9757
0.968449
0.961058
0.953905
0.94674
0.941135
0.936318
0.933779
0.933388
0.933893
0.932827
0.947111
0.945575
0.956359
0.963875
0.970549
1.01761
1.01856
1.01882
1.0193
1.0193
1.01965
1.01976
1.01985
1.01939
1.01951
1.01866
1.01811
1.01715
1.01601
1.01435
1.01205
1.00985
1.00676
1.00304
0.99881
0.994398
0.989322
0.983542
0.975568
0.969039
0.961071
0.953174
0.944797
0.937926
0.931531
0.927207
0.925054
0.925619
0.927113
0.926632
0.942587
0.943523
0.953581
0.963524
0.972348
1.01836
1.01928
1.01935
1.01987
1.01948
1.01973
1.01925
1.01921
1.01876
1.01925
1.0189
1.01863
1.01754
1.01601
1.01409
1.01156
1.00916
1.0058
1.00172
0.997398
0.992467
0.986084
0.978752
0.970771
0.963507
0.953872
0.944571
0.936034
0.927333
0.920536
0.915279
0.912497
0.912689
0.913797
0.913337
0.92988
0.932391
0.942101
0.953305
0.964691
1.02165
1.0222
1.02251
1.02293
1.02278
1.02302
1.02226
1.022
1.02135
1.02167
1.02056
1.01985
1.01753
1.01563
1.01311
1.01041
1.00726
1.00313
0.998292
0.992729
0.986599
0.978591
0.970504
0.961537
0.952808
0.940801
0.932484
0.922087
0.914135
0.906758
0.902403
0.900585
0.902036
0.905012
0.90571
0.923858
0.929359
0.939851
0.95281
0.967059
1.02268
1.02314
1.02322
1.02375
1.02416
1.02434
1.02353
1.02287
1.02196
1.02178
1.02074
1.02003
1.01776
1.01555
1.0123
1.00922
1.00498
0.999849
0.994297
0.98802
0.980162
0.971572
0.961604
0.952016
0.939381
0.928276
0.917083
0.905883
0.895569
0.888134
0.882387
0.880427
0.881819
0.885187
0.886112
0.904779
0.91223
0.924295
0.938535
0.954674
1.02809
1.02883
1.02848
1.02902
1.02861
1.02888
1.02774
1.02715
1.02538
1.02407
1.02213
1.02029
1.0169
1.01438
1.01031
1.00603
1.00055
0.994418
0.988035
0.979554
0.970837
0.960015
0.949304
0.936383
0.923872
0.910136
0.898738
0.885431
0.876704
0.86857
0.864118
0.864169
0.867056
0.873506
0.876176
0.897294
0.908842
0.922573
0.939591
0.95864
1.03144
1.03126
1.03087
1.03108
1.03067
1.03038
1.02951
1.02845
1.02699
1.02516
1.02183
1.0185
1.01472
1.01138
1.00576
1.00108
0.993812
0.9866
0.977794
0.967829
0.955845
0.943935
0.929722
0.914755
0.898111
0.884483
0.868195
0.854581
0.843755
0.834601
0.830586
0.83036
0.835052
0.842621
0.846836
0.869127
0.883331
0.89982
0.919382
0.940614
1.03601
1.03617
1.03556
1.03579
1.03485
1.03429
1.03251
1.0312
1.02859
1.02602
1.0224
1.01874
1.01416
1.00894
1.00269
0.995442
0.986845
0.977244
0.965939
0.951676
0.939057
0.921995
0.905765
0.887048
0.870217
0.853011
0.83664
0.822812
0.813174
0.805626
0.803682
0.806962
0.815307
0.827937
0.835139
0.861569
0.881892
0.899968
0.926034
0.947465
1.04772
1.04718
1.04578
1.04458
1.04196
1.03964
1.0357
1.03238
1.02757
1.02364
1.01793
1.01351
1.00558
0.999253
0.989053
0.980572
0.967208
0.955481
0.938893
0.923562
0.903776
0.883923
0.862668
0.84065
0.819619
0.799486
0.77993
0.766107
0.754735
0.747718
0.746272
0.751911
0.762659
0.77874
0.789863
0.820923
0.846077
0.867203
0.896018
0.924691
1.05207
1.05099
1.04859
1.04595
1.04208
1.03843
1.0339
1.02955
1.02476
1.01928
1.0132
1.00537
0.996982
0.985928
0.974279
0.959848
0.944127
0.925415
0.905521
0.883053
0.859265
0.834264
0.809662
0.783803
0.762235
0.74028
0.723394
0.711461
0.70406
0.70177
0.708955
0.719607
0.739671
0.76683
0.781653
0.819278
0.853996
0.882474
0.913263
0.94536
1.09083
1.08333
1.07333
1.06751
1.05917
1.05484
1.0467
1.04181
1.03164
1.02392
1.00977
0.998363
0.980171
0.964486
0.941665
0.921462
0.893616
0.867496
0.835249
0.805045
0.770912
0.738518
0.705958
0.674821
0.648717
0.620396
0.606273
0.589433
0.586543
0.584435
0.602026
0.615121
0.641694
0.686388
0.710339
0.752449
0.803513
0.840583
0.899825
0.931301
1.07504
1.06922
1.07102
1.06829
1.06716
1.05898
1.04996
1.03486
1.01822
0.996859
0.97388
0.947224
0.918592
0.886226
0.851841
0.816217
0.776935
0.741689
0.70033
0.666117
0.62518
0.595284
0.561196
0.541437
0.517948
0.514023
0.510412
0.523539
0.542207
0.570525
0.607179
0.655317
0.696531
0.748053
0.805263
0.843988
0.896477
0.936899
0.980938
1.02345
1.29138
1.26446
1.22644
1.18936
1.1434
1.10194
1.05242
1.00864
0.957096
0.912012
0.858749
0.812542
0.758075
0.711056
0.655755
0.605845
0.552775
0.501868
0.454126
0.405762
0.365854
0.326061
0.308884
0.29123
0.311446
0.337619
0.350366
0.410288
0.468498
0.518284
0.604633
0.642602
0.747423
0.778053
0.878634
0.921717
1.00984
1.05658
1.13269
1.17786
0.99981
0.999825
0.999826
0.999826
0.999827
0.999827
0.999827
0.999827
0.999828
0.999828
0.999828
0.999828
0.999829
0.999829
0.999829
0.999829
0.999829
0.99983
0.99983
0.999831
0.999831
0.999832
0.999832
0.999832
0.999833
0.999833
0.999834
0.999834
0.999835
0.999835
0.999836
0.999836
0.999837
0.999837
0.999837
0.999837
0.999837
0.999837
0.999837
0.999822
0.999095
0.999146
0.999142
0.999137
0.999135
0.999134
0.999133
0.999133
0.999132
0.999131
0.99913
0.999129
0.999128
0.999127
0.999125
0.999122
0.999121
0.999119
0.999118
0.999117
0.999116
0.999115
0.999114
0.999113
0.999111
0.99911
0.999109
0.999108
0.999107
0.999106
0.999105
0.999104
0.999103
0.999103
0.999102
0.999102
0.999104
0.999106
0.999115
0.999058
0.999518
0.999581
0.999576
0.999571
0.999569
0.999568
0.999568
0.999567
0.999567
0.999567
0.999567
0.999567
0.999567
0.999566
0.999564
0.999562
0.999561
0.99956
0.999559
0.999557
0.999556
0.999554
0.999553
0.999551
0.999549
0.999546
0.999544
0.999542
0.99954
0.999537
0.999535
0.999533
0.999531
0.999529
0.999528
0.999527
0.999529
0.999532
0.999541
0.999472
1.00122
1.00134
1.00133
1.00132
1.00132
1.00131
1.00131
1.00131
1.0013
1.0013
1.0013
1.00129
1.00129
1.00129
1.00128
1.00128
1.00127
1.00127
1.00126
1.00126
1.00125
1.00124
1.00124
1.00123
1.00123
1.00122
1.00122
1.00121
1.00121
1.00121
1.0012
1.0012
1.0012
1.00119
1.00119
1.00119
1.0012
1.0012
1.00121
1.00109
1.00094
1.00107
1.00107
1.00106
1.00105
1.00105
1.00105
1.00104
1.00104
1.00104
1.00103
1.00103
1.00102
1.00102
1.00102
1.00101
1.00101
1.001
1.00099
1.00098
1.00098
1.00097
1.00096
1.00095
1.00095
1.00094
1.00093
1.00092
1.00092
1.00091
1.0009
1.0009
1.00089
1.00089
1.00088
1.00088
1.00088
1.00089
1.00089
1.00076
0.999175
0.999347
0.999341
0.999331
0.999325
0.999319
0.999313
0.999307
0.999301
0.999294
0.999286
0.999278
0.999269
0.999259
0.999249
0.999238
0.999231
0.999215
0.999195
0.999182
0.999167
0.999151
0.999135
0.999118
0.999101
0.999084
0.999068
0.999051
0.999035
0.99902
0.999005
0.998992
0.99898
0.998969
0.998961
0.998955
0.998952
0.998954
0.998958
0.998781
0.999252
0.999432
0.999425
0.999416
0.999409
0.999402
0.999395
0.999387
0.999379
0.99937
0.999361
0.999351
0.999338
0.999325
0.999311
0.999297
0.999286
0.999272
0.999247
0.999231
0.999211
0.999192
0.999172
0.999152
0.999132
0.999112
0.999091
0.999072
0.999053
0.999036
0.999019
0.999003
0.998989
0.998977
0.998966
0.99896
0.998956
0.998957
0.99896
0.998776
1.00047
1.00067
1.00066
1.00065
1.00064
1.00064
1.00063
1.00062
1.0006
1.00059
1.00058
1.00056
1.00054
1.00052
1.0005
1.00047
1.00045
1.00043
1.0004
1.00037
1.00034
1.00031
1.00028
1.00025
1.00021
1.00018
1.00015
1.00012
1.00008
1.00005
1.00003
1
0.999977
0.999955
0.999937
0.999923
0.999913
0.999908
0.999905
0.999702
1.00061
1.00082
1.00081
1.0008
1.00079
1.00078
1.00077
1.00076
1.00074
1.00073
1.00071
1.00069
1.00067
1.00064
1.00062
1.00059
1.00055
1.00054
1.00051
1.00047
1.00043
1.0004
1.00036
1.00032
1.00028
1.00024
1.0002
1.00016
1.00013
1.00009
1.00006
1.00003
1
0.999974
0.999953
0.999936
0.999923
0.999916
0.999911
0.999703
1.00029
1.0005
1.00049
1.00048
1.00047
1.00046
1.00044
1.00043
1.00041
1.00039
1.00037
1.00034
1.00031
1.00028
1.00024
1.0002
1.00016
1.00014
1.0001
1.00005
1.00001
0.99996
0.999911
0.999862
0.999812
0.999761
0.999712
0.999663
0.999617
0.999573
0.99953
0.999492
0.999457
0.999424
0.999398
0.999375
0.999358
0.999346
0.999338
0.999124
1.00029
1.0005
1.0005
1.00049
1.00047
1.00046
1.00044
1.00043
1.0004
1.00038
1.00035
1.00032
1.00029
1.00025
1.00021
1.00017
1.00012
1.00009
1.00004
0.999986
0.999932
0.999877
0.99982
0.999761
0.999703
0.999645
0.999586
0.999529
0.999475
0.999421
0.99937
0.999322
0.999278
0.999238
0.999202
0.999172
0.999148
0.999131
0.99912
0.998901
1.00051
1.00072
1.00072
1.0007
1.00069
1.00068
1.00066
1.00064
1.00061
1.00059
1.00055
1.00052
1.00048
1.00044
1.00039
1.00034
1.00029
1.00025
1.00019
1.00013
1.00007
1
0.999939
0.999871
0.999803
0.999734
0.999666
0.999597
0.999531
0.999467
0.999408
0.999352
0.999302
0.999257
0.999216
0.999183
0.999157
0.999138
0.999125
0.998906
1.00068
1.00088
1.00088
1.00087
1.00085
1.00084
1.00081
1.00079
1.00076
1.00073
1.0007
1.00066
1.00061
1.00056
1.00051
1.00045
1.00039
1.00034
1.00027
1.0002
1.00013
1.00005
0.999977
0.999897
0.999817
0.999738
0.999659
0.999583
0.999509
0.999438
0.999371
0.99931
0.999254
0.999203
0.999158
0.999122
0.999092
0.999071
0.999056
0.998834
1.00072
1.00093
1.00092
1.00091
1.0009
1.00088
1.00086
1.00083
1.0008
1.00076
1.00072
1.00068
1.00063
1.00058
1.00052
1.00046
1.00039
1.00033
1.00025
1.00017
1.00009
1.00001
0.999929
0.999842
0.999753
0.999664
0.999575
0.999487
0.9994
0.999317
0.999238
0.999164
0.999096
0.999035
0.99898
0.998936
0.9989
0.998873
0.998854
0.998627
1.00082
1.00103
1.00102
1.00101
1.00099
1.00097
1.00095
1.00092
1.00088
1.00085
1.0008
1.00075
1.0007
1.00064
1.00058
1.00051
1.00044
1.00036
1.00028
1.00019
1.0001
1.00001
0.99991
0.999811
0.99971
0.999609
0.999508
0.999409
0.999313
0.999219
0.999131
0.999049
0.998974
0.998905
0.998846
0.998794
0.998751
0.998719
0.998696
0.998484
1.00093
1.00114
1.00113
1.00112
1.0011
1.00108
1.00106
1.00103
1.00099
1.00095
1.0009
1.00085
1.00079
1.00073
1.00066
1.00058
1.0005
1.00041
1.00032
1.00022
1.00012
1.00002
0.999912
0.999802
0.99969
0.999578
0.999467
0.999357
0.99925
0.999147
0.999048
0.998956
0.998871
0.998796
0.998727
0.998669
0.998623
0.998584
0.998562
0.998334
1.00105
1.00125
1.00125
1.00123
1.00121
1.00119
1.00116
1.00113
1.00109
1.00105
1.001
1.00094
1.00088
1.00081
1.00073
1.00065
1.00056
1.00046
1.00036
1.00026
1.00014
1.00003
0.999911
0.999789
0.999665
0.999539
0.999415
0.999293
0.999174
0.999059
0.998949
0.998845
0.998751
0.998665
0.99859
0.998525
0.998474
0.998435
0.998413
0.998171
1.00116
1.00137
1.00136
1.00134
1.00132
1.0013
1.00127
1.00124
1.00119
1.00115
1.00109
1.00103
1.00096
1.00089
1.00081
1.00072
1.00062
1.00052
1.0004
1.00029
1.00016
1.00004
0.999908
0.999773
0.999636
0.999498
0.999361
0.999224
0.999092
0.998964
0.998842
0.998727
0.998621
0.998525
0.998443
0.99837
0.998313
0.998273
0.998243
0.998003
1.00127
1.00148
1.00147
1.00146
1.00144
1.00141
1.00138
1.00135
1.0013
1.00125
1.00119
1.00113
1.00106
1.00098
1.00089
1.00079
1.00068
1.00057
1.00045
1.00032
1.00019
1.00005
0.999908
0.99976
0.999609
0.999457
0.999306
0.999155
0.999008
0.998867
0.998732
0.998605
0.998487
0.998382
0.998289
0.998208
0.998142
0.998094
0.998057
0.997826
1.00139
1.0016
1.00159
1.00158
1.00156
1.00153
1.0015
1.00146
1.00142
1.00136
1.0013
1.00123
1.00115
1.00107
1.00097
1.00087
1.00076
1.00063
1.0005
1.00036
1.00022
1.00007
0.999911
0.999748
0.999583
0.999416
0.999249
0.999084
0.998923
0.998766
0.998617
0.998476
0.998348
0.99823
0.998125
0.998036
0.997962
0.997905
0.997865
0.997648
1.00152
1.00172
1.00171
1.0017
1.00168
1.00165
1.00162
1.00158
1.00153
1.00148
1.00141
1.00134
1.00126
1.00117
1.00106
1.00095
1.00083
1.0007
1.00056
1.00041
1.00025
1.00009
0.999917
0.999739
0.999558
0.999375
0.999191
0.99901
0.998833
0.998661
0.998497
0.998342
0.998201
0.998068
0.997953
0.997856
0.997773
0.997709
0.997668
0.997459
1.00164
1.00185
1.00184
1.00182
1.0018
1.00178
1.00174
1.0017
1.00165
1.0016
1.00153
1.00145
1.00137
1.00127
1.00116
1.00104
1.00091
1.00077
1.00062
1.00046
1.00029
1.00011
0.999925
0.999732
0.999534
0.999334
0.999134
0.998935
0.99874
0.998551
0.998371
0.998201
0.998043
0.997899
0.997773
0.997664
0.997574
0.997504
0.997458
0.997243
1.00177
1.00198
1.00197
1.00195
1.00193
1.00191
1.00187
1.00183
1.00178
1.00172
1.00165
1.00157
1.00148
1.00138
1.00127
1.00114
1.001
1.00085
1.00069
1.00052
1.00033
1.00014
0.999938
0.999728
0.999512
0.999293
0.999074
0.998857
0.998643
0.998436
0.998239
0.998052
0.997878
0.997721
0.997581
0.997461
0.997362
0.997285
0.997234
0.997009
1.0019
1.00211
1.0021
1.00208
1.00207
1.00204
1.00201
1.00197
1.00192
1.00185
1.00178
1.0017
1.00161
1.0015
1.00138
1.00125
1.0011
1.00094
1.00077
1.00058
1.00038
1.00018
0.999954
0.999726
0.999491
0.999253
0.999014
0.998777
0.998543
0.998315
0.998099
0.997894
0.997703
0.997531
0.997376
0.997244
0.997136
0.997051
0.996995
0.996765
1.00203
1.00224
1.00223
1.00222
1.0022
1.00218
1.00215
1.00211
1.00205
1.00199
1.00192
1.00183
1.00174
1.00163
1.0015
1.00136
1.0012
1.00103
1.00085
1.00066
1.00045
1.00022
0.999976
0.999728
0.999474
0.999214
0.998953
0.998693
0.998438
0.99819
0.997953
0.997727
0.997519
0.997329
0.99716
0.997013
0.996893
0.996801
0.996738
0.996498
1.00217
1.00237
1.00237
1.00236
1.00234
1.00232
1.00229
1.00225
1.0022
1.00214
1.00206
1.00198
1.00187
1.00176
1.00163
1.00148
1.00132
1.00114
1.00095
1.00074
1.00051
1.00026
1
0.999736
0.999459
0.999175
0.998891
0.998607
0.998327
0.998059
0.997797
0.997552
0.997324
0.997114
0.996928
0.996767
0.996635
0.996532
0.996463
0.996216
1.0023
1.00251
1.00251
1.0025
1.00249
1.00247
1.00244
1.0024
1.00235
1.00229
1.00222
1.00213
1.00202
1.0019
1.00177
1.00161
1.00144
1.00126
1.00106
1.00083
1.00058
1.00032
1.00004
0.999747
0.999446
0.999138
0.998828
0.99852
0.998213
0.997919
0.997633
0.997366
0.997116
0.996887
0.996681
0.996503
0.996356
0.996241
0.996164
0.995918
1.00244
1.00265
1.00265
1.00265
1.00264
1.00262
1.0026
1.00256
1.00251
1.00245
1.00238
1.00229
1.00218
1.00206
1.00192
1.00176
1.00159
1.00139
1.00117
1.00093
1.00066
1.00038
1.00008
0.999765
0.999438
0.999104
0.998765
0.998429
0.998095
0.997771
0.997462
0.997168
0.996895
0.996643
0.996419
0.996222
0.996057
0.995929
0.995841
0.99558
1.00258
1.0028
1.00279
1.0028
1.00279
1.00278
1.00276
1.00273
1.00268
1.00262
1.00255
1.00246
1.00235
1.00222
1.00208
1.00192
1.00174
1.00153
1.0013
1.00104
1.00076
1.00046
1.00013
0.999791
0.999435
0.999069
0.9987
0.998332
0.99797
0.997615
0.997279
0.996961
0.996662
0.996388
0.996139
0.995921
0.995736
0.995595
0.995491
0.995236
1.00271
1.00292
1.00294
1.00296
1.00295
1.00295
1.00293
1.0029
1.00286
1.0028
1.00273
1.00263
1.00252
1.00239
1.00225
1.00209
1.0019
1.00168
1.00144
1.00117
1.00087
1.00054
1.00019
0.999825
0.999439
0.999043
0.99864
0.998237
0.997838
0.997454
0.997087
0.996735
0.996409
0.996112
0.995842
0.995601
0.995397
0.995232
0.995121
0.994826
1.00285
1.00307
1.00307
1.0031
1.00311
1.00311
1.00311
1.00309
1.00305
1.00299
1.00292
1.00283
1.00272
1.00259
1.00244
1.00227
1.00208
1.00186
1.0016
1.00132
1.001
1.00065
1.00027
0.999867
0.999442
0.999008
0.998568
0.998127
0.997698
0.997276
0.996876
0.996509
0.996154
0.995821
0.995527
0.995259
0.99502
0.994851
0.994689
0.994448
1.00298
1.0032
1.00324
1.00328
1.0033
1.0033
1.0033
1.00328
1.00324
1.00319
1.00311
1.00302
1.00291
1.00278
1.00264
1.00247
1.00227
1.00204
1.00178
1.00147
1.00113
1.00076
1.00035
0.999927
0.999471
0.998998
0.998522
0.998037
0.997557
0.997097
0.996666
0.996236
0.995857
0.995511
0.995193
0.994899
0.994641
0.994408
0.994272
0.993906
1.00309
1.00331
1.00335
1.0034
1.00345
1.00348
1.00349
1.00349
1.00346
1.00341
1.00333
1.00324
1.00313
1.00301
1.00286
1.00268
1.00248
1.00226
1.00199
1.00168
1.00133
1.00092
1.00048
0.999986
0.999475
0.998949
0.998422
0.997895
0.997383
0.996886
0.996416
0.996007
0.995588
0.995187
0.994828
0.994511
0.994189
0.993992
0.993713
0.993487
1.00319
1.00349
1.00354
1.00362
1.00367
1.0037
1.00371
1.00371
1.00368
1.00362
1.00355
1.00345
1.00334
1.00322
1.00308
1.00292
1.00272
1.00249
1.00221
1.00188
1.0015
1.00108
1.0006
1.00009
0.999549
0.998982
0.998409
0.997842
0.997239
0.996698
0.996184
0.995647
0.99522
0.994842
0.994459
0.99413
0.99383
0.993409
0.9933
0.992782
1.00328
1.00355
1.00363
1.00374
1.00383
1.00388
1.00392
1.00393
1.00391
1.00388
1.0038
1.0037
1.00359
1.00347
1.00332
1.00315
1.00297
1.00275
1.00248
1.00214
1.00175
1.00127
1.00075
1.00016
0.999543
0.998909
0.998254
0.99762
0.997021
0.996446
0.995884
0.995442
0.994944
0.994471
0.994057
0.99367
0.993296
0.992977
0.992622
0.992229
1.00328
1.00374
1.00384
1.004
1.00408
1.00415
1.00418
1.00419
1.00417
1.00412
1.00404
1.00395
1.00384
1.00369
1.00355
1.00342
1.00325
1.00304
1.00278
1.00246
1.00204
1.00154
1.00096
1.00035
0.999694
0.998993
0.998296
0.99761
0.996896
0.996225
0.9956
0.994971
0.994516
0.994107
0.993662
0.993248
0.99303
0.99221
0.992232
0.991198
1.00331
1.00384
1.00395
1.00414
1.00428
1.00434
1.0044
1.00445
1.00446
1.00442
1.00436
1.00427
1.00417
1.00404
1.00385
1.0037
1.00355
1.00337
1.00313
1.00275
1.00227
1.00173
1.00114
1.00045
0.999722
0.998962
0.998154
0.997366
0.996643
0.995943
0.995293
0.994712
0.994144
0.993683
0.99328
0.992733
0.992453
0.991703
0.991407
0.990618
1.00312
1.00389
1.00415
1.00448
1.00458
1.00469
1.00473
1.00474
1.00475
1.00474
1.00466
1.00456
1.00446
1.00432
1.00417
1.00407
1.00395
1.00379
1.00358
1.00325
1.0028
1.00223
1.00153
1.00078
0.999974
0.999083
0.998208
0.99736
0.996527
0.995712
0.994912
0.994271
0.993751
0.993247
0.992803
0.992257
0.992232
0.990987
0.991257
0.988886
1.00305
1.00435
1.0046
1.00476
1.00496
1.00499
1.00501
1.00512
1.00521
1.00517
1.00513
1.00508
1.0051
1.00495
1.00464
1.00457
1.00445
1.0043
1.00408
1.0037
1.00317
1.00253
1.00189
1.00111
1.00028
0.999354
0.998325
0.997332
0.996432
0.995534
0.994727
0.993882
0.99329
0.992845
0.992375
0.99176
0.991705
0.990109
0.990737
0.988377
0.999757
1.00345
1.00446
1.00513
1.00526
1.00538
1.00537
1.00537
1.00541
1.00551
1.00553
1.00555
1.00544
1.00545
1.00549
1.00541
1.00529
1.00513
1.00485
1.00441
1.00391
1.00329
1.00259
1.00174
1.00083
0.999728
0.998538
0.997494
0.996511
0.995398
0.994419
0.993551
0.992791
0.992223
0.991924
0.991102
0.99182
0.989522
0.991016
0.983669
1.00722
1.00014
1.00463
1.00355
1.00462
1.00458
1.00506
1.00537
1.00574
1.00596
1.00608
1.00595
1.00578
1.00578
1.00582
1.0058
1.00581
1.00584
1.00589
1.0055
1.00511
1.00486
1.00453
1.00375
1.00267
1.00149
1.00014
0.998737
0.997175
0.995274
0.992882
0.9922
0.986928
0.990441
0.980999
0.99047
0.975913
0.997141
0.981391
0.993632
1.00488
1.00117
1.00594
1.00352
1.00497
1.00433
1.00516
1.00526
1.00564
1.00557
1.00551
1.00558
1.00565
1.00564
1.00561
1.00557
1.00568
1.00562
1.00546
1.00516
1.00488
1.00454
1.00379
1.00324
1.00244
1.00108
0.999953
0.998782
0.997352
0.995776
0.993313
0.993214
0.987663
0.991275
0.981993
0.992416
0.976471
0.99637
0.981687
1.00094
1.00034
1.0021
1.00698
1.00379
1.00544
1.00417
1.00516
1.00499
1.00551
1.00536
1.00524
1.00538
1.00546
1.00543
1.00539
1.00528
1.00532
1.00512
1.00487
1.00471
1.00443
1.00387
1.00315
1.00274
1.00206
1.00094
0.999832
0.998593
0.997104
0.99586
0.993632
0.993591
0.98915
0.991681
0.984103
0.992236
0.978228
0.99348
0.981203
1.00285
0.994787
1.00371
1.00715
1.00465
1.00564
1.0046
1.00508
1.00495
1.00552
1.00539
1.00529
1.00541
1.00543
1.00537
1.0053
1.00514
1.00511
1.00492
1.00463
1.00437
1.00401
1.00355
1.00295
1.00248
1.0017
1.00059
0.99943
0.998263
0.996899
0.995958
0.994033
0.993875
0.990451
0.991955
0.986996
0.992399
0.983042
0.993157
0.984213
0.994918
0.993822
1.00507
1.00671
1.0048
1.00542
1.00467
1.00497
1.00496
1.0057
1.00558
1.00539
1.00547
1.00546
1.00534
1.00522
1.00501
1.00499
1.00478
1.00443
1.00417
1.00379
1.00329
1.00267
1.00216
1.00132
1.0001
0.999065
0.998241
0.997061
0.996246
0.994599
0.99423
0.991747
0.992187
0.989555
0.992735
0.990402
0.994941
0.997407
0.967568
0.994184
1.00683
1.00654
1.00458
1.00485
1.00408
1.00433
1.00451
1.00541
1.00526
1.00502
1.00509
1.00517
1.00508
1.00491
1.00465
1.00459
1.00436
1.00395
1.00383
1.00348
1.00289
1.00227
1.00185
1.00109
1.00001
0.99913
0.998495
0.997365
0.996559
0.995245
0.994873
0.993146
0.992404
0.991881
0.99269
0.995914
0.995257
1.02438
0.943298
0.994445
1.0085
1.00609
1.00434
1.00412
1.00378
1.00392
1.00424
1.00488
1.00473
1.00452
1.00459
1.00464
1.00455
1.00438
1.00421
1.00422
1.00402
1.0036
1.0036
1.00322
1.00264
1.00203
1.00162
1.00096
1.00003
0.999191
0.998546
0.997479
0.996766
0.995744
0.99523
0.994295
0.99269
0.994148
0.992102
1.00123
0.992671
1.03758
0.923649
0.994002
1.00907
1.00532
1.00439
1.00388
1.00382
1.00394
1.0043
1.00476
1.00461
1.00446
1.0045
1.00451
1.00442
1.00425
1.00411
1.00418
1.00396
1.00349
1.00349
1.00309
1.00246
1.00179
1.00133
1.00069
0.999833
0.999002
0.998353
0.997417
0.996806
0.996004
0.995298
0.995116
0.992829
0.996029
0.991287
1.00454
0.987169
1.03829
0.92342
0.995149
1.00879
1.00445
1.0047
1.00385
1.00396
1.00395
1.00431
1.00465
1.00453
1.0044
1.00443
1.00442
1.00432
1.00416
1.00402
1.00408
1.00385
1.0033
1.00325
1.00282
1.00216
1.00151
1.00102
1.00038
0.9996
0.998827
0.998207
0.99738
0.996797
0.996196
0.995323
0.995747
0.992906
0.997208
0.990531
1.00502
0.983157
1.03269
0.937235
0.997466
1.00753
1.00386
1.00478
1.00373
1.00401
1.00386
1.00422
1.00436
1.00433
1.00426
1.00426
1.00423
1.00412
1.00397
1.00381
1.00384
1.00359
1.00298
1.00288
1.00248
1.00189
1.0013
1.0008
1.0002
0.999508
0.998796
0.998189
0.997437
0.996845
0.996412
0.995374
0.996209
0.992984
0.997803
0.989807
1.0044
0.981066
1.02067
0.952504
0.999255
1.00639
1.00347
1.00465
1.00355
1.00395
1.00368
1.00402
1.00403
1.00405
1.00398
1.00396
1.0039
1.0038
1.00366
1.00351
1.00347
1.00326
1.00273
1.0026
1.00222
1.00171
1.00116
1.00068
1.0001
0.999475
0.998812
0.998213
0.99753
0.996928
0.996611
0.995432
0.996503
0.99307
0.998026
0.989452
1.00299
0.981447
1.01269
0.964791
1.00043
1.00547
1.00323
1.00448
1.00345
1.00392
1.00363
1.00393
1.0039
1.00392
1.00385
1.00382
1.00374
1.00364
1.0035
1.00335
1.00326
1.00306
1.00259
1.00241
1.00203
1.00156
1.00104
1.00057
1.00002
0.999427
0.998811
0.998232
0.997603
0.997003
0.996762
0.995498
0.996682
0.993194
0.998015
0.989601
1.00169
0.982939
1.00658
0.973472
1.0013
1.00473
1.0031
1.0043
1.0034
1.00388
1.00359
1.00383
1.00379
1.0038
1.00374
1.00369
1.00361
1.0035
1.00337
1.0032
1.00309
1.00287
1.00246
1.00223
1.00186
1.00141
1.00093
1.00045
0.999934
0.999377
0.998799
0.998249
0.997661
0.997072
0.996875
0.995584
0.996789
0.993376
0.997865
0.990028
1.00043
0.984679
1.0022
0.979483
1.0019
1.00423
1.00304
1.0041
1.00334
1.0038
1.00351
1.00371
1.00365
1.00365
1.0036
1.00354
1.00346
1.00334
1.00321
1.00304
1.0029
1.00267
1.00231
1.00205
1.00169
1.00127
1.00082
1.00036
0.999861
0.999337
0.998792
0.998266
0.997718
0.997142
0.996962
0.995699
0.996835
0.993618
0.997636
0.990594
0.999299
0.986402
0.999338
0.983683
1.00227
1.0039
1.00301
1.00391
1.00327
1.00369
1.00343
1.00359
1.00352
1.00352
1.00346
1.0034
1.0033
1.00319
1.00305
1.00288
1.0027
1.0025
1.00216
1.0019
1.00154
1.00115
1.00072
1.00028
0.999801
0.999305
0.99879
0.998285
0.997771
0.997217
0.997024
0.995838
0.996841
0.9939
0.997385
0.991226
0.998366
0.987979
0.997516
0.986656
1.00249
1.00366
1.003
1.00373
1.00322
1.00357
1.00335
1.00348
1.00341
1.0034
1.00333
1.00327
1.00316
1.00305
1.0029
1.00274
1.00255
1.00234
1.00203
1.00176
1.00141
1.00104
1.00063
1.0002
0.999747
0.999274
0.998786
0.998305
0.997814
0.997293
0.997074
0.995987
0.99683
0.994198
0.997149
0.991863
0.997635
0.989353
0.996396
0.988757
1.00263
1.00348
1.003
1.00358
1.00317
1.00346
1.00328
1.00336
1.00331
1.00327
1.00322
1.00313
1.00304
1.00291
1.00277
1.0026
1.00241
1.00218
1.00191
1.00163
1.0013
1.00093
1.00055
1.00013
0.999699
0.999249
0.998782
0.998325
0.997856
0.997363
0.99712
0.996138
0.99681
0.994506
0.996937
0.992481
0.997077
0.990527
0.995734
0.990309
1.00269
1.00335
1.00298
1.00344
1.00312
1.00336
1.0032
1.00326
1.00321
1.00316
1.0031
1.00301
1.00292
1.00279
1.00265
1.00247
1.00228
1.00205
1.00179
1.00151
1.00119
1.00084
1.00047
1.00007
0.999656
0.999225
0.998783
0.998341
0.9979
0.997429
0.997161
0.996294
0.996788
0.994816
0.996755
0.993068
0.99666
0.991529
0.995373
0.991453
1.00272
1.00325
1.00297
1.00332
1.00307
1.00325
1.00313
1.00316
1.00311
1.00306
1.00299
1.00291
1.0028
1.00267
1.00252
1.00235
1.00215
1.00194
1.00167
1.00141
1.00109
1.00076
1.0004
1.00002
0.999617
0.999203
0.998783
0.998361
0.997935
0.997497
0.997195
0.996449
0.996769
0.995117
0.996613
0.993604
0.996364
0.992377
0.995207
0.992334
1.00273
1.00315
1.00295
1.00321
1.00302
1.00315
1.00306
1.00307
1.00301
1.00297
1.00288
1.0028
1.00269
1.00256
1.00241
1.00224
1.00204
1.00182
1.00156
1.0013
1.001
1.00068
1.00033
0.999964
0.999581
0.999188
0.998783
0.998383
0.99797
0.997562
0.997234
0.996599
0.996762
0.995399
0.996514
0.994085
0.996177
0.993082
0.995164
0.993042
1.00272
1.00307
1.00293
1.00311
1.00298
1.00306
1.00299
1.00297
1.00293
1.00286
1.00279
1.00269
1.00259
1.00245
1.00231
1.00213
1.00194
1.00171
1.00147
1.0012
1.00091
1.00061
1.00027
0.999917
0.999548
0.999173
0.998786
0.998398
0.998009
0.997616
0.997282
0.996734
0.996771
0.995656
0.996453
0.994514
0.996067
0.993678
0.995181
0.993579
1.00269
1.00301
1.0029
1.00303
1.00293
1.00297
1.00292
1.00289
1.00284
1.00277
1.0027
1.0026
1.00249
1.00235
1.00221
1.00203
1.00184
1.00162
1.00138
1.00112
1.00084
1.00053
1.00022
0.999874
0.999523
0.999159
0.998794
0.998415
0.998046
0.997669
0.997335
0.996858
0.996793
0.995895
0.996421
0.9949
0.996012
0.994194
0.995268
0.994055
1.00266
1.00294
1.00286
1.00295
1.00287
1.0029
1.00284
1.00282
1.00276
1.00269
1.00261
1.00251
1.00239
1.00226
1.00211
1.00194
1.00174
1.00153
1.00129
1.00104
1.00077
1.00047
1.00016
0.999835
0.999498
0.999149
0.998795
0.998438
0.998076
0.997725
0.997384
0.996975
0.996824
0.996114
0.996414
0.995241
0.996
0.994628
0.995379
0.994446
1.00263
1.00288
1.00282
1.00288
1.00282
1.00283
1.00278
1.00274
1.00268
1.00262
1.00252
1.00243
1.00231
1.00218
1.00202
1.00185
1.00166
1.00145
1.00122
1.00097
1.0007
1.00042
1.00011
0.999803
0.999475
0.999144
0.998797
0.998461
0.998109
0.997776
0.997441
0.997078
0.99687
0.996306
0.996436
0.995534
0.99603
0.994993
0.995502
0.994762
1.0026
1.00282
1.00279
1.00281
1.00277
1.00276
1.00272
1.00267
1.00261
1.00253
1.00245
1.00234
1.00223
1.00209
1.00194
1.00177
1.00158
1.00137
1.00115
1.0009
1.00064
1.00037
1.00007
0.999772
0.999456
0.999134
0.998806
0.998475
0.998148
0.997817
0.997504
0.997164
0.996931
0.99647
0.996482
0.995788
0.996085
0.995315
0.995652
0.995065
1.00256
1.00278
1.00275
1.00275
1.00272
1.00269
1.00266
1.0026
1.00254
1.00246
1.00238
1.00227
1.00216
1.00201
1.00187
1.00169
1.00151
1.0013
1.00108
1.00084
1.00059
1.00032
1.00004
0.999744
0.999444
0.999126
0.998816
0.998494
0.998184
0.997862
0.997566
0.997247
0.996999
0.996618
0.996543
0.996014
0.996157
0.995594
0.995793
0.995315
1.00252
1.00273
1.0027
1.0027
1.00266
1.00264
1.00259
1.00254
1.00247
1.0024
1.0023
1.0022
1.00208
1.00194
1.00179
1.00162
1.00144
1.00124
1.00102
1.00079
1.00054
1.00027
1
0.999718
0.999425
0.999124
0.998818
0.998516
0.99821
0.997912
0.997614
0.997325
0.997064
0.99675
0.996607
0.996209
0.996237
0.995823
0.995921
0.995516
1.0025
1.00267
1.00265
1.00265
1.00261
1.00259
1.00254
1.00249
1.00241
1.00234
1.00224
1.00214
1.00201
1.00188
1.00173
1.00156
1.00138
1.00118
1.00097
1.00074
1.0005
1.00024
0.999975
0.999703
0.999412
0.999128
0.998828
0.99854
0.998241
0.997959
0.997669
0.997401
0.99714
0.996867
0.996689
0.996378
0.996332
0.996017
0.996046
0.995732
1.00248
1.00262
1.00261
1.00259
1.00257
1.00253
1.00248
1.00242
1.00235
1.00227
1.00218
1.00207
1.00195
1.00181
1.00166
1.00149
1.00131
1.00112
1.00091
1.00069
1.00045
1.0002
0.999942
0.999673
0.999399
0.999116
0.998836
0.998549
0.998274
0.99799
0.997724
0.997454
0.997214
0.996955
0.996776
0.996514
0.996432
0.996185
0.996183
0.995933
1.00246
1.00258
1.00257
1.00255
1.00252
1.00248
1.00244
1.00238
1.00231
1.00222
1.00213
1.00202
1.0019
1.00176
1.00162
1.00145
1.00127
1.00108
1.00087
1.00065
1.00042
1.00018
0.999929
0.999662
0.999398
0.999121
0.998853
0.998573
0.998309
0.998033
0.997782
0.997522
0.997293
0.997053
0.99687
0.996646
0.996538
0.996343
0.996309
0.996091
1.00243
1.00254
1.00252
1.00251
1.00248
1.00244
1.00238
1.00232
1.00224
1.00216
1.00206
1.00196
1.00183
1.0017
1.00154
1.00138
1.0012
1.00101
1.00081
1.0006
1.00037
1.00013
0.999889
0.999638
0.999375
0.999117
0.998846
0.998589
0.99832
0.998069
0.99781
0.997577
0.997342
0.997132
0.996939
0.996755
0.996628
0.996481
0.996426
0.996221
1.00241
1.0025
1.00248
1.00247
1.00244
1.0024
1.00235
1.00229
1.00221
1.00213
1.00203
1.00192
1.0018
1.00166
1.00151
1.00136
1.00118
1.00099
1.00079
1.00058
1.00036
1.00013
0.999885
0.999639
0.999383
0.99913
0.99887
0.998617
0.998359
0.998115
0.997871
0.997644
0.997422
0.99722
0.997034
0.996863
0.996734
0.996606
0.996547
0.996335
1.00238
1.00247
1.00246
1.00243
1.0024
1.00235
1.0023
1.00223
1.00216
1.00206
1.00197
1.00185
1.00173
1.00159
1.00145
1.00128
1.00111
1.00093
1.00073
1.00052
1.0003
1.00007
0.999843
0.999599
0.999358
0.999103
0.998861
0.998606
0.998368
0.998122
0.997895
0.997667
0.997464
0.997263
0.997096
0.996933
0.996818
0.996705
0.996651
0.996424
1.00233
1.00244
1.00243
1.0024
1.00237
1.00232
1.00227
1.0022
1.00213
1.00204
1.00194
1.00183
1.00171
1.00157
1.00143
1.00127
1.0011
1.00091
1.00072
1.00052
1.0003
1.00008
0.999852
0.999617
0.999378
0.999136
0.998895
0.998652
0.998416
0.998182
0.997958
0.997742
0.997541
0.997352
0.997185
0.997034
0.996916
0.996815
0.996756
0.996537
1.00229
1.00242
1.0024
1.00237
1.00233
1.00229
1.00223
1.00216
1.00208
1.00199
1.00189
1.00178
1.00165
1.00152
1.00137
1.00121
1.00104
1.00086
1.00066
1.00046
1.00025
1.00003
0.999803
0.999575
0.999337
0.999106
0.998864
0.998633
0.998398
0.998177
0.997957
0.997755
0.997557
0.997383
0.99722
0.997084
0.996968
0.996883
0.99683
0.996612
1.00227
1.0024
1.00238
1.00235
1.0023
1.00225
1.00219
1.00213
1.00205
1.00196
1.00186
1.00175
1.00162
1.00149
1.00134
1.00118
1.00101
1.00083
1.00064
1.00045
1.00024
1.00002
0.999806
0.999581
0.999354
0.999124
0.998894
0.998666
0.998441
0.998223
0.998011
0.99781
0.997623
0.997451
0.997297
0.997165
0.997055
0.996977
0.996925
0.996695
1.00225
1.00238
1.00236
1.00232
1.00228
1.00223
1.00217
1.0021
1.00202
1.00193
1.00183
1.00171
1.00159
1.00145
1.00131
1.00115
1.00098
1.00081
1.00062
1.00042
1.00022
1
0.999789
0.999565
0.999344
0.999114
0.99889
0.998663
0.998445
0.998229
0.998027
0.997829
0.99765
0.997481
0.997334
0.997204
0.997102
0.997028
0.996995
0.99679
1.00222
1.00236
1.00234
1.00229
1.00225
1.00219
1.00213
1.00206
1.00198
1.00189
1.00179
1.00168
1.00155
1.00142
1.00127
1.00111
1.00095
1.00077
1.00058
1.00038
1.00018
0.999972
0.999757
0.999538
0.999318
0.999095
0.998875
0.998656
0.998443
0.998236
0.99804
0.997851
0.997677
0.997517
0.997376
0.997254
0.997157
0.997091
0.997052
0.996844
1.00222
1.00236
1.00234
1.0023
1.00225
1.0022
1.00213
1.00205
1.00197
1.00188
1.00177
1.00166
1.00154
1.0014
1.00126
1.0011
1.00094
1.00076
1.00058
1.00039
1.00019
0.999987
0.999775
0.999561
0.999343
0.999125
0.998907
0.998693
0.998482
0.998277
0.99808
0.997895
0.997721
0.997564
0.997423
0.997302
0.997202
0.997126
0.997085
0.996903
1.00222
1.00234
1.00231
1.00228
1.00223
1.00217
1.0021
1.00202
1.00194
1.00185
1.00175
1.00164
1.00151
1.00138
1.00124
1.00108
1.00092
1.00075
1.00057
1.00038
1.00018
0.999981
0.999772
0.999562
0.999348
0.999134
0.998921
0.998711
0.998506
0.998307
0.998115
0.997936
0.997768
0.997616
0.99748
0.997364
0.997265
0.997183
0.997148
0.997032
)
;

boundaryField
{
    FrontBack
    {
        type            empty;
    }
    Cylinder
    {
        type            calculated;
        value           uniform 0;
    }
    Bottom
    {
        type            calculated;
        value           uniform 0;
    }
    Top
    {
        type            calculated;
        value           uniform 0;
    }
    Inlet
    {
        type            calculated;
        value           uniform 1;
    }
    Outlet
    {
        type            calculated;
        value           nonuniform List<scalar> 
40
(
1.00222
1.00234
1.00231
1.00228
1.00223
1.00217
1.0021
1.00202
1.00194
1.00185
1.00175
1.00164
1.00151
1.00138
1.00124
1.00108
1.00092
1.00075
1.00057
1.00038
1.00018
0.999981
0.999772
0.999562
0.999348
0.999134
0.998921
0.998711
0.998506
0.998307
0.998115
0.997936
0.997768
0.997616
0.99748
0.997364
0.997265
0.997183
0.997148
0.997032
)
;
    }
}


// ************************************************************************* //
