/*--------------------------------*- C++ -*----------------------------------*\
  =========                 |
  \\      /  F ield         | OpenFOAM: The Open Source CFD Toolbox
   \\    /   O peration     | Website:  https://openfoam.org
    \\  /    A nd           | Version:  11
     \\/     M anipulation  |
\*---------------------------------------------------------------------------*/
FoamFile
{
    format      ascii;
    class       volScalarField;
    location    "8.5";
    object      Ccy;
}
// * * * * * * * * * * * * * * * * * * * * * * * * * * * * * * * * * * * * * //

dimensions      [0 1 0 0 0 0 0];

internalField   nonuniform List<scalar> 
9600
(
-7.45525
-7.45541
-7.45557
-7.45573
-7.45587
-7.45601
-7.45613
-7.45625
-7.45637
-7.45647
-7.45656
-7.45665
-7.45672
-7.45679
-7.45685
-7.45689
-7.45694
-7.45697
-7.45699
-7.45699
-7.45699
-7.45699
-7.45697
-7.45693
-7.4569
-7.45685
-7.45679
-7.45672
-7.45665
-7.45656
-7.45647
-7.45637
-7.45625
-7.45613
-7.45601
-7.45587
-7.45573
-7.45557
-7.45541
-7.45525
-7.36541
-7.36591
-7.36639
-7.36685
-7.36729
-7.36769
-7.36808
-7.36843
-7.36877
-7.36908
-7.36936
-7.36961
-7.36984
-7.37004
-7.37021
-7.37036
-7.37047
-7.37056
-7.37062
-7.37065
-7.37065
-7.37062
-7.37056
-7.37047
-7.37036
-7.37021
-7.37004
-7.36984
-7.36961
-7.36936
-7.36908
-7.36877
-7.36843
-7.36808
-7.36769
-7.36728
-7.36685
-7.36639
-7.36591
-7.36541
-7.27558
-7.27642
-7.27721
-7.27797
-7.27869
-7.27938
-7.28002
-7.28061
-7.28117
-7.28169
-7.28216
-7.28258
-7.28296
-7.2833
-7.28358
-7.28382
-7.28401
-7.28416
-7.28425
-7.2843
-7.2843
-7.28425
-7.28416
-7.28401
-7.28382
-7.28358
-7.2833
-7.28296
-7.28258
-7.28216
-7.28169
-7.28117
-7.28061
-7.28002
-7.27938
-7.27869
-7.27797
-7.27721
-7.27642
-7.27558
-7.18575
-7.18692
-7.18803
-7.1891
-7.1901
-7.19106
-7.19196
-7.1928
-7.19358
-7.1943
-7.19495
-7.19555
-7.19608
-7.19655
-7.19695
-7.19728
-7.19755
-7.19775
-7.19789
-7.19796
-7.19796
-7.19789
-7.19775
-7.19755
-7.19728
-7.19695
-7.19655
-7.19608
-7.19555
-7.19495
-7.1943
-7.19358
-7.1928
-7.19196
-7.19106
-7.1901
-7.1891
-7.18803
-7.18692
-7.18575
-7.09592
-7.09742
-7.09885
-7.10022
-7.10152
-7.10274
-7.1039
-7.10498
-7.10598
-7.10691
-7.10775
-7.10852
-7.1092
-7.1098
-7.11031
-7.11074
-7.11109
-7.11135
-7.11152
-7.11161
-7.11161
-7.11152
-7.11135
-7.11109
-7.11074
-7.11031
-7.1098
-7.1092
-7.10852
-7.10775
-7.10691
-7.10598
-7.10498
-7.1039
-7.10274
-7.10152
-7.10022
-7.09885
-7.09742
-7.09592
-7.00609
-7.00792
-7.00967
-7.01135
-7.01293
-7.01443
-7.01584
-7.01716
-7.01838
-7.01952
-7.02055
-7.02148
-7.02232
-7.02305
-7.02368
-7.02421
-7.02463
-7.02495
-7.02516
-7.02526
-7.02526
-7.02516
-7.02495
-7.02463
-7.02421
-7.02368
-7.02305
-7.02232
-7.02148
-7.02055
-7.01952
-7.01838
-7.01716
-7.01584
-7.01443
-7.01293
-7.01135
-7.00967
-7.00792
-7.00609
-6.91625
-6.91842
-6.92049
-6.92247
-6.92434
-6.92612
-6.92778
-6.92934
-6.93079
-6.93213
-6.93335
-6.93445
-6.93544
-6.9363
-6.93705
-6.93767
-6.93817
-6.93854
-6.93879
-6.93892
-6.93892
-6.93879
-6.93854
-6.93817
-6.93767
-6.93705
-6.9363
-6.93544
-6.93445
-6.93335
-6.93213
-6.93079
-6.92934
-6.92778
-6.92612
-6.92434
-6.92247
-6.92049
-6.91842
-6.91626
-6.82643
-6.82892
-6.83131
-6.83359
-6.83576
-6.8378
-6.83972
-6.84153
-6.8432
-6.84474
-6.84615
-6.84742
-6.84855
-6.84956
-6.85042
-6.85113
-6.85171
-6.85214
-6.85243
-6.85258
-6.85258
-6.85243
-6.85214
-6.85171
-6.85114
-6.85042
-6.84956
-6.84855
-6.84742
-6.84615
-6.84474
-6.8432
-6.84153
-6.83972
-6.8378
-6.83576
-6.83359
-6.83131
-6.82892
-6.82642
-6.73659
-6.73942
-6.74213
-6.74472
-6.74717
-6.74949
-6.75167
-6.75371
-6.7556
-6.75735
-6.75894
-6.76039
-6.76168
-6.76281
-6.76378
-6.7646
-6.76525
-6.76574
-6.76607
-6.76623
-6.76623
-6.76607
-6.76574
-6.76525
-6.7646
-6.76378
-6.76281
-6.76167
-6.76039
-6.75894
-6.75735
-6.7556
-6.75371
-6.75167
-6.74949
-6.74717
-6.74472
-6.74213
-6.73942
-6.73659
-6.64676
-6.64993
-6.65295
-6.65584
-6.65858
-6.66117
-6.66361
-6.66589
-6.668
-6.66996
-6.67174
-6.67336
-6.6748
-6.67606
-6.67715
-6.67806
-6.67879
-6.67934
-6.6797
-6.67989
-6.67989
-6.6797
-6.67934
-6.67879
-6.67806
-6.67715
-6.67606
-6.6748
-6.67336
-6.67174
-6.66996
-6.668
-6.66589
-6.66361
-6.66117
-6.65858
-6.65584
-6.65295
-6.64993
-6.64676
-6.55693
-6.56043
-6.56377
-6.56697
-6.57
-6.57286
-6.57555
-6.57807
-6.58041
-6.58257
-6.58454
-6.58632
-6.58791
-6.58931
-6.59052
-6.59153
-6.59233
-6.59294
-6.59334
-6.59354
-6.59354
-6.59334
-6.59294
-6.59233
-6.59153
-6.59052
-6.58931
-6.58791
-6.58632
-6.58454
-6.58257
-6.58041
-6.57807
-6.57555
-6.57286
-6.57
-6.56697
-6.56377
-6.56043
-6.55693
-6.4671
-6.47093
-6.4746
-6.47809
-6.48141
-6.48455
-6.48749
-6.49025
-6.49282
-6.49518
-6.49734
-6.49929
-6.50104
-6.50257
-6.50389
-6.50499
-6.50587
-6.50654
-6.50698
-6.5072
-6.5072
-6.50698
-6.50654
-6.50587
-6.50499
-6.50389
-6.50257
-6.50104
-6.49929
-6.49734
-6.49518
-6.49282
-6.49025
-6.48749
-6.48455
-6.48141
-6.47809
-6.4746
-6.47093
-6.4671
-6.37727
-6.38144
-6.38542
-6.38922
-6.39283
-6.39623
-6.39944
-6.40244
-6.40522
-6.40779
-6.41014
-6.41227
-6.41416
-6.41582
-6.41726
-6.41845
-6.41941
-6.42014
-6.42062
-6.42086
-6.42086
-6.42062
-6.42014
-6.41942
-6.41845
-6.41726
-6.41582
-6.41416
-6.41227
-6.41014
-6.40779
-6.40522
-6.40244
-6.39944
-6.39623
-6.39283
-6.38922
-6.38542
-6.38144
-6.37727
-6.28744
-6.29194
-6.29624
-6.30035
-6.30424
-6.30792
-6.31138
-6.31462
-6.31763
-6.3204
-6.32294
-6.32523
-6.32728
-6.32908
-6.33062
-6.33192
-6.33296
-6.33374
-6.33426
-6.33452
-6.33452
-6.33426
-6.33374
-6.33296
-6.33192
-6.33063
-6.32908
-6.32728
-6.32523
-6.32294
-6.3204
-6.31763
-6.31462
-6.31138
-6.30792
-6.30424
-6.30035
-6.29624
-6.29194
-6.28744
-6.19761
-6.20244
-6.20707
-6.21147
-6.21565
-6.21961
-6.22333
-6.22681
-6.23004
-6.23302
-6.23574
-6.2382
-6.2404
-6.24233
-6.244
-6.24538
-6.2465
-6.24733
-6.24789
-6.24817
-6.24817
-6.24789
-6.24733
-6.2465
-6.24538
-6.244
-6.24233
-6.24041
-6.2382
-6.23574
-6.23302
-6.23004
-6.22681
-6.22333
-6.21961
-6.21565
-6.21147
-6.20707
-6.20244
-6.19761
-6.10778
-6.11295
-6.11789
-6.1226
-6.12707
-6.1313
-6.13527
-6.13899
-6.14245
-6.14563
-6.14854
-6.15118
-6.15353
-6.15559
-6.15737
-6.15885
-6.16004
-6.16093
-6.16153
-6.16183
-6.16183
-6.16153
-6.16093
-6.16004
-6.15885
-6.15737
-6.15559
-6.15353
-6.15118
-6.14854
-6.14563
-6.14245
-6.13899
-6.13527
-6.13129
-6.12707
-6.1226
-6.11789
-6.11295
-6.10778
-6.01795
-6.02346
-6.02871
-6.03373
-6.03849
-6.04299
-6.04722
-6.05118
-6.05485
-6.05825
-6.06135
-6.06415
-6.06665
-6.06885
-6.07074
-6.07232
-6.07359
-6.07454
-6.07517
-6.07549
-6.07549
-6.07517
-6.07454
-6.07359
-6.07232
-6.07074
-6.06885
-6.06665
-6.06415
-6.06135
-6.05824
-6.05485
-6.05118
-6.04722
-6.04299
-6.03849
-6.03373
-6.02871
-6.02345
-6.01796
-5.92813
-5.93396
-5.93954
-5.94486
-5.94991
-5.95468
-5.95917
-5.96336
-5.96726
-5.97086
-5.97415
-5.97712
-5.97977
-5.98211
-5.98411
-5.98579
-5.98713
-5.98814
-5.98882
-5.98915
-5.98915
-5.98882
-5.98814
-5.98713
-5.98579
-5.98411
-5.98211
-5.97977
-5.97712
-5.97415
-5.97086
-5.96726
-5.96336
-5.95917
-5.95468
-5.94991
-5.94486
-5.93954
-5.93396
-5.92813
-5.8383
-5.84447
-5.85036
-5.85598
-5.86132
-5.86637
-5.87111
-5.87555
-5.87967
-5.88348
-5.88695
-5.89009
-5.8929
-5.89536
-5.89748
-5.89926
-5.90068
-5.90175
-5.90246
-5.90281
-5.90281
-5.90246
-5.90175
-5.90068
-5.89926
-5.89748
-5.89536
-5.8929
-5.89009
-5.88695
-5.88348
-5.87967
-5.87555
-5.87111
-5.86637
-5.86132
-5.85598
-5.85036
-5.84447
-5.8383
-5.74847
-5.75497
-5.76119
-5.76711
-5.77274
-5.77806
-5.78306
-5.78774
-5.79209
-5.79609
-5.79975
-5.80307
-5.80602
-5.80862
-5.81086
-5.81273
-5.81423
-5.81535
-5.8161
-5.81648
-5.81648
-5.8161
-5.81535
-5.81423
-5.81273
-5.81086
-5.80862
-5.80602
-5.80307
-5.79975
-5.79609
-5.79209
-5.78774
-5.78306
-5.77806
-5.77274
-5.76711
-5.76119
-5.75497
-5.74847
-5.65865
-5.66548
-5.67202
-5.67825
-5.68416
-5.68975
-5.69501
-5.69993
-5.7045
-5.70871
-5.71256
-5.71604
-5.71915
-5.72189
-5.72423
-5.7262
-5.72777
-5.72895
-5.72974
-5.73014
-5.73014
-5.72974
-5.72895
-5.72777
-5.7262
-5.72423
-5.72189
-5.71915
-5.71604
-5.71256
-5.70871
-5.7045
-5.69993
-5.69501
-5.68975
-5.68416
-5.67825
-5.67202
-5.66548
-5.65865
-5.56882
-5.57599
-5.58285
-5.58938
-5.59558
-5.60144
-5.60696
-5.61211
-5.61691
-5.62133
-5.62537
-5.62902
-5.63228
-5.63515
-5.63761
-5.63967
-5.64132
-5.64256
-5.64339
-5.6438
-5.6438
-5.64339
-5.64256
-5.64132
-5.63967
-5.63761
-5.63515
-5.63228
-5.62902
-5.62537
-5.62133
-5.61691
-5.61211
-5.60696
-5.60144
-5.59558
-5.58938
-5.58285
-5.57599
-5.56882
-5.479
-5.4865
-5.49367
-5.50051
-5.507
-5.51314
-5.51891
-5.5243
-5.52932
-5.53395
-5.53817
-5.542
-5.54541
-5.54841
-5.55099
-5.55314
-5.55487
-5.55617
-5.55703
-5.55747
-5.55747
-5.55703
-5.55617
-5.55487
-5.55314
-5.55099
-5.54841
-5.54541
-5.542
-5.53817
-5.53395
-5.52932
-5.5243
-5.51891
-5.51314
-5.507
-5.50051
-5.49367
-5.4865
-5.479
-5.38918
-5.39701
-5.4045
-5.41164
-5.41843
-5.42483
-5.43086
-5.4365
-5.44174
-5.44657
-5.45098
-5.45497
-5.45854
-5.46167
-5.46437
-5.46662
-5.46842
-5.46978
-5.47068
-5.47114
-5.47114
-5.47068
-5.46978
-5.46842
-5.46662
-5.46437
-5.46167
-5.45854
-5.45497
-5.45098
-5.44657
-5.44174
-5.4365
-5.43086
-5.42484
-5.41843
-5.41164
-5.4045
-5.39701
-5.38918
-5.29936
-5.30753
-5.31533
-5.32278
-5.32985
-5.33653
-5.34282
-5.34869
-5.35415
-5.35919
-5.36379
-5.36795
-5.37167
-5.37494
-5.37775
-5.38009
-5.38197
-5.38339
-5.38433
-5.38481
-5.38481
-5.38433
-5.38339
-5.38197
-5.38009
-5.37775
-5.37494
-5.37168
-5.36795
-5.36379
-5.35919
-5.35415
-5.34869
-5.34282
-5.33653
-5.32985
-5.32278
-5.31534
-5.30752
-5.29936
-5.20954
-5.21804
-5.22617
-5.23392
-5.24128
-5.24823
-5.25477
-5.26089
-5.26657
-5.27181
-5.27661
-5.28094
-5.28481
-5.28821
-5.29113
-5.29357
-5.29553
-5.297
-5.29798
-5.29847
-5.29847
-5.29798
-5.297
-5.29553
-5.29357
-5.29113
-5.28821
-5.28481
-5.28094
-5.27661
-5.27181
-5.26657
-5.26089
-5.25477
-5.24823
-5.24127
-5.23392
-5.22617
-5.21804
-5.20954
-5.11972
-5.12855
-5.137
-5.14506
-5.1527
-5.15993
-5.16673
-5.17309
-5.17899
-5.18444
-5.18942
-5.19393
-5.19794
-5.20148
-5.20451
-5.20705
-5.20909
-5.21062
-5.21164
-5.21215
-5.21215
-5.21164
-5.21062
-5.20909
-5.20705
-5.20451
-5.20148
-5.19794
-5.19393
-5.18942
-5.18444
-5.17899
-5.17309
-5.16673
-5.15993
-5.1527
-5.14506
-5.137
-5.12855
-5.11972
-5.02991
-5.03907
-5.04784
-5.0562
-5.06413
-5.07164
-5.07869
-5.08529
-5.09142
-5.09707
-5.10224
-5.10691
-5.11108
-5.11475
-5.1179
-5.12054
-5.12265
-5.12424
-5.1253
-5.12582
-5.12582
-5.1253
-5.12424
-5.12265
-5.12054
-5.1179
-5.11475
-5.11108
-5.10691
-5.10224
-5.09707
-5.09142
-5.08529
-5.07869
-5.07164
-5.06413
-5.0562
-5.04784
-5.03907
-5.0299
-4.9401
-4.94959
-4.95868
-4.96734
-4.97557
-4.98334
-4.99065
-4.99749
-5.00384
-5.0097
-5.01506
-5.0199
-5.02423
-5.02802
-5.03129
-5.03403
-5.03622
-5.03786
-5.03896
-5.03951
-5.03951
-5.03896
-5.03786
-5.03622
-5.03403
-5.03129
-5.02803
-5.02423
-5.0199
-5.01506
-5.0097
-5.00384
-4.99749
-4.99065
-4.98334
-4.97557
-4.96734
-4.95868
-4.94959
-4.9401
-4.85028
-4.86012
-4.86952
-4.87849
-4.88701
-4.89505
-4.90262
-4.9097
-4.91628
-4.92234
-4.92788
-4.9329
-4.93738
-4.94131
-4.94469
-4.94752
-4.94978
-4.95149
-4.95262
-4.95319
-4.95319
-4.95262
-4.95149
-4.94979
-4.94752
-4.94469
-4.9413
-4.93738
-4.9329
-4.92788
-4.92234
-4.91627
-4.9097
-4.90262
-4.89505
-4.88701
-4.87849
-4.86953
-4.86012
-4.85028
-4.76048
-4.77065
-4.78037
-4.78964
-4.79844
-4.80676
-4.81459
-4.82191
-4.82871
-4.83498
-4.84071
-4.8459
-4.85053
-4.85459
-4.85809
-4.86101
-4.86336
-4.86512
-4.86629
-4.86688
-4.86688
-4.8663
-4.86512
-4.86336
-4.86101
-4.85809
-4.85459
-4.85052
-4.8459
-4.84071
-4.83498
-4.82871
-4.82191
-4.81459
-4.80676
-4.79844
-4.78964
-4.78037
-4.77064
-4.76048
-4.67067
-4.68117
-4.69122
-4.70079
-4.70989
-4.71848
-4.72657
-4.73412
-4.74115
-4.74763
-4.75355
-4.7589
-4.76369
-4.76789
-4.7715
-4.77452
-4.77694
-4.77875
-4.77997
-4.78058
-4.78058
-4.77997
-4.77876
-4.77694
-4.77452
-4.7715
-4.76789
-4.76369
-4.7589
-4.75355
-4.74763
-4.74115
-4.73413
-4.72657
-4.71848
-4.70989
-4.70079
-4.69122
-4.68117
-4.67067
-4.58087
-4.59171
-4.60208
-4.61196
-4.62134
-4.63021
-4.63855
-4.64635
-4.6536
-4.66028
-4.66639
-4.67192
-4.67685
-4.68118
-4.68491
-4.68803
-4.69053
-4.6924
-4.69366
-4.69428
-4.69428
-4.69366
-4.6924
-4.69053
-4.68803
-4.68491
-4.68119
-4.67685
-4.67192
-4.66639
-4.66028
-4.6536
-4.64635
-4.63855
-4.63021
-4.62134
-4.61196
-4.60208
-4.59171
-4.58088
-4.49108
-4.50225
-4.51294
-4.52313
-4.5328
-4.54194
-4.55054
-4.55858
-4.56605
-4.57294
-4.57924
-4.58494
-4.59003
-4.5945
-4.59834
-4.60155
-4.60413
-4.60606
-4.60735
-4.608
-4.608
-4.60735
-4.60606
-4.60413
-4.60155
-4.59834
-4.5945
-4.59003
-4.58494
-4.57924
-4.57294
-4.56605
-4.55858
-4.55054
-4.54194
-4.5328
-4.52313
-4.51294
-4.50226
-4.49108
-4.4013
-4.41281
-4.42381
-4.4343
-4.44427
-4.45369
-4.46254
-4.47083
-4.47852
-4.48562
-4.49211
-4.49798
-4.50322
-4.50782
-4.51178
-4.51509
-4.51774
-4.51974
-4.52107
-4.52173
-4.52173
-4.52107
-4.51974
-4.51774
-4.51509
-4.51178
-4.50782
-4.50322
-4.49798
-4.49211
-4.48562
-4.47852
-4.47083
-4.46254
-4.45369
-4.44427
-4.4343
-4.42381
-4.4128
-4.4013
-4.31153
-4.32337
-4.3347
-4.34549
-4.35575
-4.36544
-4.37456
-4.38308
-4.39101
-4.39831
-4.40499
-4.41104
-4.41643
-4.42116
-4.42524
-4.42864
-4.43138
-4.43343
-4.4348
-4.43548
-4.43548
-4.4348
-4.43343
-4.43138
-4.42865
-4.42524
-4.42117
-4.41643
-4.41104
-4.40499
-4.39831
-4.39101
-4.38308
-4.37456
-4.36544
-4.35575
-4.3455
-4.3347
-4.32337
-4.31153
-4.22177
-4.23395
-4.2456
-4.2567
-4.26725
-4.27721
-4.28659
-4.29537
-4.30351
-4.31103
-4.3179
-4.32411
-4.32966
-4.33453
-4.33873
-4.34223
-4.34504
-4.34715
-4.34856
-4.34927
-4.34927
-4.34856
-4.34715
-4.34504
-4.34223
-4.33873
-4.33453
-4.32966
-4.32411
-4.3179
-4.31103
-4.30351
-4.29536
-4.28659
-4.27721
-4.26725
-4.2567
-4.2456
-4.23394
-4.22177
-4.13203
-4.14454
-4.15652
-4.16793
-4.17877
-4.18902
-4.19866
-4.20767
-4.21605
-4.22377
-4.23084
-4.23722
-4.24293
-4.24794
-4.25226
-4.25585
-4.25874
-4.26092
-4.26237
-4.26309
-4.26309
-4.26237
-4.26092
-4.25874
-4.25586
-4.25225
-4.24794
-4.24293
-4.23722
-4.23084
-4.22377
-4.21605
-4.20767
-4.19866
-4.18901
-4.17877
-4.16793
-4.15652
-4.14455
-4.13203
-4.04231
-4.05517
-4.06747
-4.07919
-4.09033
-4.10086
-4.11076
-4.12002
-4.12863
-4.13658
-4.14383
-4.1504
-4.15626
-4.16141
-4.16585
-4.16955
-4.17252
-4.17475
-4.17624
-4.17699
-4.17699
-4.17624
-4.17475
-4.17252
-4.16955
-4.16585
-4.16141
-4.15626
-4.1504
-4.14383
-4.13657
-4.12863
-4.12002
-4.11076
-4.10086
-4.09033
-4.0792
-4.06747
-4.05517
-4.04232
-3.95264
-3.96583
-3.97847
-3.9905
-4.00194
-4.01276
-4.02293
-4.03244
-4.0413
-4.04945
-4.05692
-4.06367
-4.06969
-4.07499
-4.07955
-4.08336
-4.08642
-4.08871
-4.09025
-4.09102
-4.09102
-4.09025
-4.08871
-4.08642
-4.08336
-4.07955
-4.07499
-4.06969
-4.06366
-4.05692
-4.04945
-4.04129
-4.03245
-4.02293
-4.01276
-4.00195
-3.9905
-3.97847
-3.96584
-3.95264
-7.27001
-6.8995
-6.52898
-6.15845
-5.78792
-5.41738
-5.04684
-4.67629
-4.30573
-3.93518
-3.56462
-3.19405
-2.82348
-2.45291
-2.08233
-1.71176
-1.34118
-0.970602
-0.600021
-0.229441
0.14114
0.51172
0.8823
1.25288
1.62346
1.99403
2.3646
2.73517
3.10574
3.47631
3.84686
4.21742
4.58797
4.95852
5.32906
5.69959
6.07012
6.44065
6.81117
7.18168
-7.18452
-6.82302
-6.4615
-6.09996
-5.73841
-5.37684
-5.01525
-4.65365
-4.29203
-3.9304
-3.56876
-3.20711
-2.84545
-2.48378
-2.1221
-1.76042
-1.39873
-1.03704
-0.675346
-0.313649
0.0480476
0.409744
0.771438
1.13313
1.49482
1.8565
2.21817
2.57984
2.9415
3.30315
3.66479
4.02642
4.38803
4.74963
5.11121
5.47278
5.83434
6.19587
6.55739
6.91888
-7.09903
-6.74654
-6.39403
-6.04148
-5.6889
-5.33629
-4.98366
-4.63101
-4.27833
-3.92563
-3.57291
-3.22017
-2.86742
-2.51465
-2.16188
-1.80908
-1.45628
-1.10348
-0.75067
-0.397858
-0.0450444
0.307768
0.660576
1.01338
1.36618
1.71897
2.07175
2.42451
2.77726
3.13
3.48272
3.83541
4.18809
4.54074
4.89337
5.24597
5.59855
5.95109
6.30361
6.65609
-7.01354
-6.67007
-6.32655
-5.98299
-5.63939
-5.29575
-4.95208
-4.60837
-4.26463
-3.92085
-3.57706
-3.23323
-2.88939
-2.54552
-2.20164
-1.85774
-1.51384
-1.16992
-0.825993
-0.482066
-0.138136
0.205791
0.549715
0.893631
1.23754
1.58144
1.92531
2.26918
2.61302
2.95684
3.30064
3.64441
3.98814
4.33185
4.67553
5.01916
5.36276
5.70632
6.04983
6.39329
-6.92804
-6.59359
-6.25907
-5.9245
-5.58988
-5.25521
-4.92049
-4.58573
-4.25092
-3.91608
-3.5812
-3.2463
-2.91136
-2.57639
-2.24141
-1.9064
-1.57139
-1.23636
-0.901318
-0.566273
-0.231228
0.103816
0.438854
0.773883
1.1089
1.4439
1.77889
2.11385
2.44878
2.78369
3.11856
3.4534
3.78821
4.12297
4.45768
4.79235
5.12697
5.46154
5.79605
6.1305
-6.84256
-6.51711
-6.1916
-5.86602
-5.54037
-5.21467
-4.88891
-4.56309
-4.23722
-3.91131
-3.58535
-3.25936
-2.93333
-2.60726
-2.28118
-1.95507
-1.62894
-1.30279
-0.97664
-0.650481
-0.324319
0.00184032
0.327994
0.654136
0.980262
1.30637
1.63246
1.95852
2.28454
2.61053
2.93649
3.2624
3.58827
3.91408
4.23984
4.56554
4.89118
5.21676
5.54227
5.86771
-6.75706
-6.44064
-6.12413
-5.80753
-5.49086
-5.17413
-4.85732
-4.54045
-4.22352
-3.90653
-3.5895
-3.27242
-2.9553
-2.63814
-2.32095
-2.00373
-1.68649
-1.36923
-1.05196
-0.734689
-0.41741
-0.100135
0.217133
0.534388
0.851625
1.16884
1.48603
1.80319
2.12031
2.43739
2.75442
3.0714
3.38833
3.7052
4.022
4.33873
4.6554
4.97198
5.28849
5.60492
-6.67158
-6.36416
-6.05665
-5.74905
-5.44136
-5.13358
-4.82573
-4.51781
-4.20981
-3.90176
-3.59364
-3.28548
-2.97726
-2.669
-2.36071
-2.05239
-1.74404
-1.43567
-1.12729
-0.818894
-0.510501
-0.20211
0.106273
0.414641
0.72299
1.03131
1.3396
1.64786
1.95607
2.26423
2.57234
2.8804
3.18839
3.49631
3.80415
4.11193
4.41961
4.72721
5.03472
5.34213
-6.58608
-6.28768
-5.98918
-5.69056
-5.39185
-5.09304
-4.79415
-4.49517
-4.19611
-3.89699
-3.59779
-3.29854
-2.99923
-2.69988
-2.40048
-2.10105
-1.80159
-1.50211
-1.20261
-0.9031
-0.603591
-0.304084
-0.00458693
0.294895
0.594353
0.893783
1.19318
1.49253
1.79183
2.09108
2.39027
2.6894
2.98845
3.28742
3.58632
3.88512
4.18383
4.48244
4.78094
5.07934
-6.50059
-6.21121
-5.9217
-5.63208
-5.34234
-5.0525
-4.76256
-4.47253
-4.18241
-3.89221
-3.60194
-3.3116
-3.0212
-2.73075
-2.44025
-2.14971
-1.85914
-1.56855
-1.27793
-0.987308
-0.696681
-0.406058
-0.115446
0.175148
0.465717
0.756253
1.04675
1.3372
1.6276
1.91793
2.2082
2.4984
2.78851
3.07854
3.36847
3.65831
3.94804
4.23766
4.52717
4.81655
-6.41511
-6.13473
-5.85422
-5.57359
-5.29283
-5.01196
-4.73098
-4.44989
-4.16871
-3.88744
-3.60608
-3.32466
-3.04317
-2.76162
-2.48001
-2.19837
-1.91669
-1.63498
-1.35326
-1.07152
-0.789772
-0.508031
-0.226304
0.0554031
0.337082
0.618726
0.900324
1.18187
1.46336
1.74478
2.02613
2.3074
2.58858
2.86966
3.15064
3.43151
3.71226
3.99289
4.27339
4.55376
-6.32962
-6.05826
-5.78675
-5.5151
-5.24332
-4.97142
-4.69939
-4.42725
-4.15501
-3.88266
-3.61024
-3.33772
-3.06513
-2.79249
-2.51978
-2.24703
-1.97424
-1.70142
-1.42858
-1.15572
-0.882861
-0.610004
-0.337162
-0.0643431
0.208448
0.481197
0.7539
1.02655
1.29912
1.57164
1.84406
2.1164
2.38864
2.66078
2.9328
3.2047
3.47648
3.74812
4.01962
4.29097
-6.24413
-5.98178
-5.71928
-5.45662
-5.19382
-4.93087
-4.6678
-4.40461
-4.14131
-3.87789
-3.61438
-3.35078
-3.0871
-2.82336
-2.55955
-2.29569
-2.03179
-1.76785
-1.5039
-1.23993
-0.975948
-0.711977
-0.448021
-0.184084
0.0798126
0.343671
0.607475
0.871218
1.13489
1.39849
1.66199
1.9254
2.18871
2.45189
2.71496
2.9779
3.2407
3.50335
3.76585
4.02819
-6.15864
-5.90531
-5.65181
-5.39814
-5.14431
-4.89033
-4.63622
-4.38197
-4.1276
-3.87312
-3.61853
-3.36384
-3.10907
-2.85423
-2.59932
-2.34435
-2.08934
-1.83429
-1.57922
-1.32413
-1.06904
-0.813948
-0.558876
-0.303831
-0.048819
0.206144
0.461054
0.715894
0.970661
1.22534
1.47992
1.7344
1.98877
2.24301
2.49712
2.7511
3.00492
3.25858
3.51208
3.7654
-6.07315
-5.82884
-5.58433
-5.33965
-5.0948
-4.84979
-4.60463
-4.35934
-4.1139
-3.86834
-3.62267
-3.3769
-3.13104
-2.8851
-2.63908
-2.39301
-2.14689
-1.90073
-1.65454
-1.40833
-1.16212
-0.91592
-0.669732
-0.423572
-0.177453
0.06862
0.31463
0.560571
0.806428
1.05219
1.29786
1.54341
1.78884
2.03414
2.27929
2.5243
2.76914
3.01381
3.25831
3.50262
-5.98767
-5.75236
-5.51686
-5.28117
-5.0453
-4.80925
-4.57305
-4.33669
-4.1002
-3.86357
-3.62682
-3.38996
-3.153
-2.91597
-2.67885
-2.44167
-2.20443
-1.96716
-1.72986
-1.49254
-1.25521
-1.01789
-0.780587
-0.543314
-0.306083
-0.0689054
0.16821
0.405247
0.642198
0.87905
1.11579
1.35242
1.58891
1.82526
2.06146
2.2975
2.53336
2.76904
3.00454
3.23983
-5.90218
-5.67589
-5.44939
-5.22269
-4.99579
-4.76872
-4.54147
-4.31405
-4.08649
-3.85879
-3.63097
-3.40302
-3.17497
-2.94684
-2.71861
-2.49032
-2.26198
-2.03359
-1.80518
-1.57674
-1.34829
-1.11986
-0.891441
-0.663056
-0.434713
-0.206427
0.0217887
0.249925
0.477969
0.705907
0.933731
1.16142
1.38898
1.61638
1.84363
2.07069
2.29758
2.52428
2.75077
2.97705
-5.8167
-5.59942
-5.38192
-5.1642
-4.94629
-4.72818
-4.50988
-4.29142
-4.07279
-3.85402
-3.63511
-3.41609
-3.19694
-2.97771
-2.75838
-2.53898
-2.31953
-2.10003
-1.88049
-1.66094
-1.44138
-1.22182
-1.00229
-0.782795
-0.563343
-0.34395
-0.124629
0.0946046
0.313741
0.532766
0.751667
0.970432
1.18905
1.40751
1.6258
1.8439
2.06181
2.27952
2.49701
2.71428
-5.73121
-5.52295
-5.31445
-5.10572
-4.89678
-4.68763
-4.4783
-4.26878
-4.05909
-3.84924
-3.63926
-3.42914
-3.21891
-3.00857
-2.79814
-2.58764
-2.37707
-2.16646
-1.95581
-1.74514
-1.53446
-1.32379
-1.11315
-0.902533
-0.691969
-0.481469
-0.271047
-0.0607141
0.149515
0.359626
0.569606
0.779443
0.989122
1.19864
1.40797
1.61711
1.82604
2.03476
2.24324
2.4515
-5.64573
-5.44648
-5.24698
-5.04724
-4.84727
-4.6471
-4.44671
-4.24613
-4.04539
-3.84447
-3.64341
-3.4422
-3.24088
-3.03944
-2.83791
-2.6363
-2.43462
-2.23289
-2.03113
-1.82934
-1.62755
-1.42576
-1.224
-1.02227
-0.820596
-0.618988
-0.417463
-0.216031
-0.0147098
0.186488
0.387547
0.588455
0.789199
0.989764
1.19014
1.39031
1.59027
1.79
1.98949
2.18872
-5.56025
-5.37001
-5.17951
-4.98876
-4.79777
-4.60656
-4.41513
-4.2235
-4.03168
-3.8397
-3.64756
-3.45526
-3.26285
-3.07031
-2.87767
-2.68495
-2.49216
-2.29932
-2.10644
-1.91354
-1.72063
-1.52772
-1.33485
-1.14201
-0.949221
-0.756506
-0.563875
-0.371346
-0.178933
0.0133516
0.20549
0.39747
0.589277
0.780897
0.972317
1.16352
1.3545
1.54524
1.73573
1.92595
-5.47477
-5.29354
-5.11204
-4.93028
-4.74827
-4.56602
-4.38355
-4.20086
-4.01798
-3.83493
-3.6517
-3.46833
-3.28481
-3.10117
-2.91744
-2.73361
-2.54971
-2.36575
-2.18176
-1.99774
-1.81371
-1.62969
-1.44569
-1.26174
-1.07785
-0.894021
-0.710287
-0.526659
-0.343152
-0.159782
0.023436
0.206488
0.389357
0.572031
0.754494
0.936731
1.11874
1.30049
1.48197
1.66318
-5.38929
-5.21708
-5.04458
-4.87181
-4.69877
-4.52549
-4.35196
-4.17823
-4.00428
-3.83015
-3.65584
-3.48138
-3.30677
-3.13204
-2.9572
-2.78227
-2.60726
-2.43218
-2.25707
-2.08193
-1.90679
-1.73165
-1.55653
-1.38147
-1.20647
-1.03153
-0.856694
-0.681969
-0.50737
-0.332913
-0.158615
0.0155079
0.18944
0.363169
0.536675
0.709949
0.882975
1.05573
1.22822
1.40042
-5.30381
-5.14061
-4.97712
-4.81333
-4.64927
-4.48495
-4.32038
-4.15559
-3.99058
-3.82538
-3.65999
-3.49444
-3.32874
-3.16291
-2.99696
-2.83092
-2.6648
-2.49861
-2.33238
-2.16612
-1.99986
-1.83361
-1.66738
-1.5012
-1.33508
-1.16904
-1.0031
-0.837277
-0.671584
-0.506041
-0.340663
-0.175469
-0.0104719
0.154308
0.318861
0.483169
0.647214
0.810987
0.974473
1.13765
-5.21833
-5.06415
-4.90965
-4.75485
-4.59977
-4.44441
-4.2888
-4.13295
-3.97688
-3.8206
-3.66414
-3.5075
-3.3507
-3.19377
-3.03672
-2.87957
-2.72234
-2.56503
-2.40769
-2.25032
-2.09294
-1.93557
-1.77822
-1.62092
-1.46369
-1.30655
-1.1495
-0.99258
-0.835795
-0.679165
-0.522707
-0.366442
-0.210382
-0.0545463
0.10105
0.256389
0.411459
0.566245
0.720726
0.874896
-5.13286
-4.98769
-4.84219
-4.69638
-4.55027
-4.40388
-4.25723
-4.11032
-3.96318
-3.81584
-3.66829
-3.52056
-3.37267
-3.22463
-3.07648
-2.92822
-2.77987
-2.63146
-2.48299
-2.3345
-2.18601
-2.03752
-1.88906
-1.74065
-1.5923
-1.44405
-1.29591
-1.14788
-1
-0.852286
-0.704748
-0.557409
-0.410287
-0.263396
-0.116757
0.0296179
0.175711
0.321503
0.466988
0.612141
-5.04739
-4.91123
-4.77473
-4.63791
-4.50078
-4.36335
-4.22565
-4.08769
-3.94948
-3.81106
-3.67243
-3.53361
-3.39463
-3.2555
-3.11624
-2.97687
-2.83741
-2.69788
-2.5583
-2.41869
-2.27907
-2.13947
-1.99989
-1.86037
-1.72091
-1.58155
-1.4423
-1.30317
-1.1642
-1.0254
-0.886782
-0.748372
-0.610186
-0.472242
-0.334558
-0.197148
-0.0600346
0.0767718
0.213251
0.349393
-4.96192
-4.83477
-4.70727
-4.57944
-4.45128
-4.32282
-4.19407
-4.06505
-3.93579
-3.80629
-3.67658
-3.54667
-3.41659
-3.28636
-3.156
-3.02552
-2.89494
-2.76429
-2.6336
-2.50287
-2.37213
-2.24141
-2.11072
-1.98008
-1.84951
-1.71904
-1.58868
-1.45847
-1.3284
-1.19851
-1.06881
-0.939328
-0.810078
-0.681081
-0.552351
-0.423911
-0.295773
-0.167955
-0.0404767
0.0866533
-4.87646
-4.75832
-4.63982
-4.52097
-4.40179
-4.28229
-4.1625
-4.04242
-3.92209
-3.80152
-3.68072
-3.55973
-3.43855
-3.31722
-3.19575
-3.07416
-2.95247
-2.83071
-2.7089
-2.58705
-2.46519
-2.34335
-2.22154
-2.09979
-1.97811
-1.85653
-1.73507
-1.61375
-1.49259
-1.37161
-1.25083
-1.13028
-1.00997
-0.889913
-0.770138
-0.650663
-0.531501
-0.412674
-0.294197
-0.176084
-4.791
-4.68187
-4.57237
-4.46251
-4.3523
-4.24177
-4.13092
-4.01979
-3.90839
-3.79674
-3.68487
-3.57279
-3.46051
-3.34808
-3.2355
-3.1228
-3.01
-2.89712
-2.78419
-2.67122
-2.55825
-2.44529
-2.33236
-2.21949
-2.1067
-1.99401
-1.88144
-1.76902
-1.65677
-1.5447
-1.43285
-1.32122
-1.20984
-1.09874
-0.987919
-0.877409
-0.767222
-0.657387
-0.547906
-0.43881
-4.70554
-4.60543
-4.50493
-4.40405
-4.30281
-4.20124
-4.09935
-3.99716
-3.89469
-3.79197
-3.68901
-3.58584
-3.48247
-3.37893
-3.27525
-3.17143
-3.06752
-2.96352
-2.85947
-2.75539
-2.65129
-2.54721
-2.44317
-2.33918
-2.23528
-2.13148
-2.0278
-1.92428
-1.82093
-1.71778
-1.61485
-1.51215
-1.40971
-1.30754
-1.20568
-1.10414
-1.00294
-0.902083
-0.80161
-0.701525
-4.6201
-4.529
-4.43749
-4.3456
-4.25334
-4.16072
-4.06778
-3.97453
-3.881
-3.7872
-3.69316
-3.59889
-3.50443
-3.40978
-3.31499
-3.22007
-3.12504
-3.02992
-2.93475
-2.83955
-2.74433
-2.64913
-2.55396
-2.45886
-2.36384
-2.26894
-2.17416
-2.07954
-1.98509
-1.89086
-1.79683
-1.70307
-1.60956
-1.51635
-1.42344
-1.33086
-1.23863
-1.14678
-1.05529
-0.96423
-4.53467
-4.45257
-4.37006
-4.28715
-4.20386
-4.12021
-4.03622
-3.95191
-3.86731
-3.78243
-3.6973
-3.61194
-3.52638
-3.44063
-3.35473
-3.26869
-3.18254
-3.09631
-3.01002
-2.92369
-2.83735
-2.75103
-2.66474
-2.57852
-2.49239
-2.40638
-2.32049
-2.23477
-2.14923
-2.0639
-1.97881
-1.89396
-1.8094
-1.72512
-1.64118
-1.55756
-1.47431
-1.39144
-1.30897
-1.22691
-4.44924
-4.37616
-4.30264
-4.22871
-4.1544
-4.07971
-4.00467
-3.9293
-3.85362
-3.77766
-3.70144
-3.62499
-3.54833
-3.47147
-3.39446
-3.3173
-3.24004
-3.16268
-3.08527
-3.00782
-2.93036
-2.85291
-2.77551
-2.69817
-2.62092
-2.54379
-2.4668
-2.38998
-2.31335
-2.23693
-2.16076
-2.08484
-2.00921
-1.93388
-1.85888
-1.78425
-1.70997
-1.63609
-1.56262
-1.48958
-4.36384
-4.29976
-4.23524
-4.17029
-4.10494
-4.03921
-3.97311
-3.90668
-3.83993
-3.77289
-3.70558
-3.63803
-3.57027
-3.50231
-3.43418
-3.36591
-3.29752
-3.22904
-3.1605
-3.09193
-3.02334
-2.95477
-2.88624
-2.81779
-2.74942
-2.68118
-2.61309
-2.54516
-2.47743
-2.40993
-2.34267
-2.27568
-2.20899
-2.14261
-2.07658
-2.01089
-1.9456
-1.88071
-1.81624
-1.75222
-4.27846
-4.22339
-4.16786
-4.11189
-4.05551
-3.99873
-3.94157
-3.88407
-3.82625
-3.76813
-3.70973
-3.65107
-3.5922
-3.53312
-3.47388
-3.41448
-3.35497
-3.29537
-3.2357
-3.176
-3.11629
-3.05659
-2.99694
-2.93737
-2.87788
-2.81853
-2.75933
-2.7003
-2.64148
-2.58289
-2.52455
-2.4665
-2.40873
-2.3513
-2.29422
-2.23751
-2.1812
-2.12529
-2.06983
-2.01483
-4.19312
-4.14705
-4.10051
-4.05352
-4.0061
-3.95827
-3.91006
-3.86149
-3.81258
-3.76336
-3.71386
-3.66411
-3.61412
-3.56392
-3.51355
-3.46303
-3.41239
-3.36166
-3.31087
-3.26003
-3.20919
-3.15837
-3.10759
-3.05688
-3.00629
-2.95582
-2.9055
-2.85538
-2.80547
-2.75579
-2.70637
-2.65724
-2.60842
-2.55994
-2.51181
-2.46408
-2.41674
-2.36984
-2.32338
-2.27739
-4.10783
-4.07077
-4.03321
-3.99519
-3.95673
-3.91784
-3.87856
-3.83892
-3.79892
-3.75861
-3.718
-3.67713
-3.63601
-3.59469
-3.55319
-3.51154
-3.46976
-3.42789
-3.38595
-3.34398
-3.302
-3.26004
-3.21813
-3.17631
-3.13459
-3.093
-3.0516
-3.01037
-2.96935
-2.9286
-2.8881
-2.8479
-2.80803
-2.7685
-2.72934
-2.69057
-2.65221
-2.61432
-2.57686
-2.53989
-4.02266
-3.99458
-3.966
-3.93694
-3.90743
-3.87749
-3.84713
-3.81639
-3.78529
-3.75386
-3.72212
-3.69012
-3.65787
-3.6254
-3.59275
-3.55994
-3.52701
-3.49399
-3.4609
-3.42778
-3.39466
-3.36156
-3.32853
-3.29557
-3.26274
-3.23005
-3.19752
-3.1652
-3.1331
-3.10126
-3.06969
-3.03843
-3.00751
-2.97693
-2.94674
-2.91694
-2.8876
-2.85867
-2.83026
-2.80231
-3.93766
-3.91858
-3.89897
-3.87887
-3.85829
-3.83725
-3.8158
-3.79394
-3.7717
-3.74912
-3.72623
-3.70305
-3.67962
-3.65597
-3.63213
-3.60814
-3.58403
-3.55983
-3.53556
-3.51128
-3.487
-3.46276
-3.43858
-3.41451
-3.39056
-3.36676
-3.34315
-3.31974
-3.29656
-3.27366
-3.25104
-3.22873
-3.20677
-3.18517
-3.16395
-3.14317
-3.1228
-3.10292
-3.0835
-3.06459
7.36694
7.36711
7.36727
7.36742
7.36757
7.3677
7.36783
7.36795
7.36806
7.36816
7.36825
7.36834
7.36842
7.36848
7.36854
7.36859
7.36862
7.36865
7.36867
7.36868
7.36868
7.36867
7.36865
7.36863
7.36859
7.36854
7.36848
7.36842
7.36834
7.36825
7.36816
7.36806
7.36795
7.36783
7.3677
7.36757
7.36742
7.36727
7.36711
7.36694
7.09981
7.10031
7.10079
7.10124
7.10168
7.10209
7.10247
7.10283
7.10316
7.10347
7.10375
7.10401
7.10423
7.10443
7.1046
7.10475
7.10486
7.10495
7.10501
7.10504
7.10504
7.10501
7.10495
7.10486
7.10475
7.10461
7.10443
7.10423
7.104
7.10375
7.10347
7.10316
7.10283
7.10247
7.10208
7.10168
7.10124
7.10079
7.10031
7.09981
6.83268
6.83351
6.8343
6.83506
6.83579
6.83647
6.83711
6.83771
6.83826
6.83878
6.83925
6.83967
6.84005
6.84038
6.84067
6.84091
6.8411
6.84124
6.84134
6.84139
6.84139
6.84134
6.84124
6.8411
6.84091
6.84067
6.84038
6.84005
6.83967
6.83925
6.83878
6.83827
6.83771
6.83711
6.83647
6.83579
6.83507
6.8343
6.83351
6.83268
6.56555
6.56671
6.56783
6.56889
6.5699
6.57085
6.57175
6.57259
6.57337
6.57409
6.57474
6.57534
6.57587
6.57633
6.57674
6.57707
6.57734
6.57754
6.57768
6.57774
6.57774
6.57768
6.57754
6.57734
6.57707
6.57674
6.57633
6.57587
6.57534
6.57474
6.57408
6.57337
6.57259
6.57175
6.57085
6.5699
6.56889
6.56783
6.56671
6.56555
6.29842
6.29991
6.30135
6.30271
6.30401
6.30524
6.30639
6.30747
6.30847
6.30939
6.31024
6.311
6.31169
6.31228
6.3128
6.31324
6.31358
6.31384
6.31401
6.3141
6.3141
6.31401
6.31384
6.31358
6.31324
6.3128
6.31229
6.31169
6.311
6.31024
6.30939
6.30847
6.30747
6.30639
6.30524
6.30401
6.30271
6.30135
6.29991
6.29842
6.03128
6.03312
6.03487
6.03654
6.03812
6.03962
6.04104
6.04235
6.04357
6.0447
6.04574
6.04667
6.04751
6.04824
6.04887
6.0494
6.04982
6.05013
6.05034
6.05045
6.05045
6.05034
6.05013
6.04982
6.0494
6.04887
6.04824
6.04751
6.04667
6.04574
6.0447
6.04357
6.04235
6.04103
6.03962
6.03812
6.03654
6.03487
6.03312
6.03128
5.76415
5.76632
5.76839
5.77036
5.77224
5.77401
5.77568
5.77724
5.77868
5.78002
5.78124
5.78234
5.78333
5.78419
5.78494
5.78556
5.78606
5.78643
5.78668
5.78681
5.78681
5.78668
5.78643
5.78606
5.78556
5.78494
5.78419
5.78333
5.78234
5.78124
5.78002
5.77868
5.77723
5.77568
5.77401
5.77224
5.77036
5.76839
5.76632
5.76415
5.49702
5.49952
5.50191
5.50419
5.50635
5.5084
5.51032
5.51212
5.51379
5.51533
5.51674
5.51801
5.51915
5.52015
5.52101
5.52173
5.5223
5.52273
5.52302
5.52316
5.52316
5.52302
5.52273
5.5223
5.52172
5.52101
5.52015
5.51915
5.51801
5.51674
5.51533
5.51379
5.51212
5.51032
5.5084
5.50635
5.50419
5.50191
5.49952
5.49702
5.2299
5.23272
5.23543
5.23801
5.24047
5.24279
5.24497
5.247
5.24889
5.25064
5.25224
5.25368
5.25497
5.2561
5.25708
5.25789
5.25854
5.25903
5.25936
5.25952
5.25952
5.25936
5.25903
5.25854
5.25789
5.25708
5.2561
5.25497
5.25368
5.25224
5.25064
5.2489
5.247
5.24497
5.24279
5.24047
5.23801
5.23543
5.23273
5.2299
4.96277
4.96593
4.96896
4.97184
4.97459
4.97718
4.97961
4.98188
4.984
4.98596
4.98774
4.98935
4.99079
4.99206
4.99315
4.99406
4.99479
4.99534
4.9957
4.99588
4.99588
4.9957
4.99534
4.99479
4.99406
4.99315
4.99206
4.99079
4.98935
4.98774
4.98595
4.984
4.98189
4.97961
4.97718
4.97459
4.97185
4.96896
4.96593
4.96277
4.69564
4.69914
4.70249
4.70568
4.7087
4.71157
4.71426
4.71678
4.71911
4.72127
4.72324
4.72503
4.72662
4.72802
4.72922
4.73022
4.73103
4.73164
4.73204
4.73224
4.73224
4.73204
4.73164
4.73103
4.73022
4.72922
4.72802
4.72662
4.72503
4.72324
4.72127
4.71911
4.71678
4.71426
4.71157
4.70871
4.70568
4.70249
4.69914
4.69564
4.42852
4.43235
4.43601
4.43951
4.44282
4.44596
4.44891
4.45166
4.45422
4.45659
4.45875
4.4607
4.46244
4.46397
4.46529
4.46639
4.46727
4.46794
4.46838
4.4686
4.4686
4.46838
4.46794
4.46727
4.46639
4.4653
4.46397
4.46244
4.4607
4.45875
4.45658
4.45422
4.45166
4.44891
4.44596
4.44282
4.43951
4.43601
4.43235
4.42852
4.16139
4.16555
4.16954
4.17334
4.17694
4.18035
4.18356
4.18655
4.18933
4.1919
4.19425
4.19637
4.19827
4.19994
4.20137
4.20257
4.20352
4.20424
4.20473
4.20497
4.20497
4.20473
4.20424
4.20352
4.20257
4.20137
4.19994
4.19827
4.19637
4.19425
4.1919
4.18934
4.18655
4.18356
4.18035
4.17694
4.17333
4.16954
4.16555
4.16139
3.89427
3.89877
3.90307
3.90717
3.91107
3.91474
3.91821
3.92144
3.92445
3.92722
3.92976
3.93205
3.9341
3.9359
3.93745
3.93874
3.93977
3.94055
3.94107
3.94133
3.94133
3.94107
3.94055
3.93977
3.93874
3.93745
3.9359
3.9341
3.93205
3.92976
3.92723
3.92445
3.92145
3.9182
3.91475
3.91106
3.90717
3.90307
3.89877
3.89427
3.62715
3.63198
3.6366
3.64101
3.64519
3.64914
3.65286
3.65634
3.65956
3.66254
3.66527
3.66773
3.66993
3.67186
3.67352
3.67491
3.67602
3.67686
3.67742
3.6777
3.6777
3.67742
3.67686
3.67602
3.67491
3.67352
3.67186
3.66993
3.66773
3.66527
3.66254
3.65957
3.65634
3.65286
3.64914
3.64519
3.64101
3.6366
3.63198
3.62715
3.36003
3.3652
3.37013
3.37485
3.37932
3.38354
3.38751
3.39123
3.39468
3.39787
3.40078
3.40341
3.40576
3.40783
3.4096
3.41109
3.41227
3.41317
3.41376
3.41406
3.41406
3.41376
3.41317
3.41227
3.41109
3.4096
3.40782
3.40576
3.40341
3.40078
3.39787
3.39468
3.39123
3.38751
3.38354
3.37932
3.37485
3.37013
3.36519
3.36003
3.09292
3.09841
3.10367
3.10869
3.11344
3.11794
3.12217
3.12612
3.1298
3.13319
3.13629
3.13909
3.14159
3.14379
3.14568
3.14726
3.14853
3.14948
3.15011
3.15043
3.15043
3.15011
3.14948
3.14853
3.14726
3.14568
3.14379
3.14159
3.13909
3.13629
3.13319
3.1298
3.12612
3.12217
3.11794
3.11345
3.10868
3.10367
3.09841
3.09292
2.8258
2.83163
2.83721
2.84252
2.84757
2.85234
2.85683
2.86103
2.86492
2.86852
2.8718
2.87478
2.87743
2.87976
2.88177
2.88344
2.88478
2.88579
2.88647
2.8868
2.8868
2.88647
2.88579
2.88478
2.88344
2.88177
2.87976
2.87743
2.87478
2.8718
2.86852
2.86493
2.86103
2.85683
2.85234
2.84757
2.84253
2.83721
2.83163
2.8258
2.55869
2.56485
2.57075
2.57637
2.5817
2.58675
2.59149
2.59593
2.60005
2.60385
2.60732
2.61046
2.61327
2.61574
2.61785
2.61962
2.62104
2.62211
2.62282
2.62318
2.62318
2.62282
2.62211
2.62104
2.61962
2.61785
2.61573
2.61327
2.61046
2.60732
2.60385
2.60005
2.59593
2.59149
2.58675
2.5817
2.57637
2.57075
2.56485
2.55869
2.29158
2.29808
2.30429
2.31021
2.31584
2.32115
2.32616
2.33083
2.33517
2.33918
2.34284
2.34615
2.34911
2.35171
2.35394
2.35581
2.35731
2.35843
2.35918
2.35956
2.35956
2.35918
2.35843
2.3573
2.35581
2.35394
2.35171
2.34911
2.34615
2.34284
2.33918
2.33517
2.33083
2.32615
2.32115
2.31584
2.31021
2.30429
2.29808
2.29159
2.02448
2.03131
2.03784
2.04407
2.04998
2.05556
2.06082
2.06574
2.07031
2.07452
2.07836
2.08184
2.08496
2.08769
2.09004
2.092
2.09357
2.09475
2.09554
2.09594
2.09594
2.09554
2.09475
2.09357
2.092
2.09004
2.08769
2.08495
2.08185
2.07836
2.07451
2.07031
2.06574
2.06082
2.05556
2.04998
2.04406
2.03784
2.03131
2.02447
1.75737
1.76454
1.77139
1.77792
1.78412
1.78998
1.79549
1.80065
1.80544
1.80985
1.81389
1.81754
1.8208
1.82367
1.82613
1.82819
1.82984
1.83108
1.83191
1.83232
1.83232
1.83191
1.83108
1.82984
1.82819
1.82613
1.82367
1.8208
1.81754
1.81389
1.80986
1.80544
1.80065
1.79549
1.78998
1.78412
1.77792
1.77139
1.76454
1.75738
1.49028
1.49777
1.50495
1.51178
1.51827
1.5244
1.53017
1.53556
1.54058
1.54519
1.54942
1.55324
1.55666
1.55966
1.56223
1.56439
1.56611
1.56741
1.56828
1.56871
1.56871
1.56828
1.56741
1.56611
1.56438
1.56224
1.55965
1.55666
1.55324
1.54942
1.5452
1.54057
1.53556
1.53017
1.5244
1.51826
1.51178
1.50495
1.49777
1.49028
1.22319
1.23102
1.2385
1.24564
1.25242
1.25883
1.26485
1.27048
1.27572
1.28055
1.28496
1.28895
1.29251
1.29565
1.29834
1.30059
1.30239
1.30375
1.30465
1.3051
1.3051
1.30465
1.30375
1.30239
1.30059
1.29834
1.29565
1.29251
1.28895
1.28496
1.28054
1.27572
1.27048
1.26485
1.25882
1.25242
1.24564
1.2385
1.23101
1.22319
0.956099
0.964257
0.972068
0.979506
0.986578
0.993254
0.999535
1.00541
1.01087
1.0159
1.0205
1.02466
1.02838
1.03164
1.03445
1.03679
1.03867
1.04009
1.04103
1.0415
1.0415
1.04103
1.04009
1.03868
1.03679
1.03445
1.03164
1.02837
1.02466
1.0205
1.0159
1.01087
1.00541
0.999535
0.993256
0.986574
0.979508
0.972066
0.964261
0.956097
0.689016
0.697512
0.705636
0.713383
0.720736
0.72769
0.734225
0.740343
0.746022
0.751258
0.75605
0.760378
0.764246
0.767644
0.770564
0.773003
0.774964
0.776433
0.777415
0.777907
0.777907
0.777415
0.776433
0.774962
0.773006
0.770563
0.767641
0.764248
0.760378
0.75605
0.75126
0.74602
0.740341
0.734227
0.727688
0.720738
0.713385
0.705634
0.69751
0.689018
0.421945
0.43077
0.439215
0.447266
0.454909
0.462133
0.468925
0.475279
0.481184
0.48663
0.491604
0.496106
0.500121
0.503654
0.506686
0.509229
0.511259
0.512788
0.513809
0.51432
0.51432
0.513809
0.512788
0.511262
0.509224
0.506688
0.503654
0.500123
0.496106
0.491604
0.486626
0.481187
0.475279
0.468927
0.462133
0.454907
0.447266
0.439215
0.430772
0.421943
0.154879
0.164041
0.1728
0.18116
0.189086
0.196586
0.203636
0.21023
0.216353
0.222005
0.227168
0.231841
0.236012
0.239672
0.242823
0.245454
0.247568
0.249152
0.250212
0.250742
0.250742
0.250212
0.249152
0.247566
0.245456
0.242825
0.239672
0.23601
0.231838
0.227168
0.222007
0.216356
0.210227
0.203637
0.196583
0.189091
0.181155
0.172805
0.164036
0.154881
-0.112171
-0.102681
-0.0935985
-0.084943
-0.0767179
-0.0689533
-0.0616437
-0.0548133
-0.048459
-0.0426098
-0.0372535
-0.0324164
-0.028093
-0.0242954
-0.0210324
-0.018303
-0.0161168
-0.0144724
-0.0133745
-0.0128253
-0.0128253
-0.0133745
-0.0144724
-0.0161168
-0.018303
-0.0210322
-0.0242981
-0.028093
-0.0324139
-0.0372535
-0.0426072
-0.0484642
-0.0548081
-0.0616462
-0.0689509
-0.076723
-0.0849405
-0.0935984
-0.102678
-0.112171
-0.379214
-0.369388
-0.359984
-0.351025
-0.342519
-0.334474
-0.326913
-0.319835
-0.313269
-0.307203
-0.301667
-0.296658
-0.292182
-0.288254
-0.284871
-0.282051
-0.279783
-0.278084
-0.276948
-0.276379
-0.276379
-0.276948
-0.278081
-0.279786
-0.282051
-0.284874
-0.288252
-0.292182
-0.296655
-0.301667
-0.307209
-0.313263
-0.31984
-0.326913
-0.334474
-0.342516
-0.351025
-0.359986
-0.369388
-0.379211
-0.646234
-0.636078
-0.626358
-0.617093
-0.608296
-0.599984
-0.592161
-0.584851
-0.578054
-0.571788
-0.566062
-0.560877
-0.556259
-0.552192
-0.548699
-0.545778
-0.543439
-0.541679
-0.540501
-0.539919
-0.539916
-0.540504
-0.541679
-0.543439
-0.545778
-0.548699
-0.552192
-0.556256
-0.560883
-0.566062
-0.571786
-0.578057
-0.584848
-0.592161
-0.59998
-0.608296
-0.617096
-0.626358
-0.636075
-0.646237
-0.913236
-0.902743
-0.892709
-0.883142
-0.874059
-0.865469
-0.857391
-0.849838
-0.842821
-0.836351
-0.830436
-0.825087
-0.820306
-0.816114
-0.812504
-0.809487
-0.807071
-0.80525
-0.804043
-0.803433
-0.803433
-0.80404
-0.805253
-0.807068
-0.809487
-0.812508
-0.816111
-0.820309
-0.825084
-0.830436
-0.836351
-0.842821
-0.849842
-0.857391
-0.865472
-0.874056
-0.883142
-0.892709
-0.902746
-0.913236
-1.18021
-1.16939
-1.15904
-1.14917
-1.13979
-1.13093
-1.12259
-1.1148
-1.10756
-1.10089
-1.09478
-1.08926
-1.08434
-1.08001
-1.07628
-1.07317
-1.07067
-1.0688
-1.06755
-1.06692
-1.06692
-1.06755
-1.0688
-1.07068
-1.07317
-1.07628
-1.08001
-1.08434
-1.08926
-1.09478
-1.10089
-1.10756
-1.1148
-1.1226
-1.13093
-1.13979
-1.14916
-1.15904
-1.16939
-1.18022
-1.44716
-1.436
-1.42533
-1.41515
-1.40549
-1.39636
-1.38776
-1.37973
-1.37228
-1.36539
-1.3591
-1.3534
-1.34833
-1.34387
-1.34003
-1.33682
-1.33425
-1.33232
-1.33103
-1.33038
-1.33038
-1.33103
-1.33232
-1.33425
-1.33682
-1.34003
-1.34387
-1.34833
-1.35341
-1.35909
-1.36539
-1.37227
-1.37974
-1.38776
-1.39636
-1.40549
-1.41515
-1.42532
-1.43601
-1.44716
-1.71405
-1.70257
-1.69157
-1.68109
-1.67114
-1.66173
-1.65289
-1.64462
-1.63693
-1.62984
-1.62337
-1.6175
-1.61227
-1.60769
-1.60373
-1.60042
-1.59778
-1.59578
-1.59446
-1.59379
-1.59379
-1.59446
-1.59578
-1.59778
-1.60042
-1.60373
-1.60768
-1.61227
-1.6175
-1.62337
-1.62984
-1.63694
-1.64462
-1.65289
-1.66173
-1.67114
-1.68109
-1.69157
-1.70256
-1.71406
-1.98089
-1.96907
-1.95775
-1.94696
-1.93673
-1.92705
-1.91795
-1.90944
-1.90154
-1.89424
-1.88758
-1.88154
-1.87616
-1.87143
-1.86736
-1.86396
-1.86124
-1.85919
-1.85782
-1.85714
-1.85714
-1.85782
-1.85919
-1.86123
-1.86396
-1.86736
-1.87143
-1.87616
-1.88154
-1.88758
-1.89424
-1.90153
-1.90944
-1.91795
-1.92705
-1.93674
-1.94697
-1.95775
-1.96907
-1.98089
-2.24763
-2.23548
-2.22385
-2.21277
-2.20224
-2.19228
-2.18292
-2.17418
-2.16604
-2.15854
-2.15168
-2.14549
-2.13995
-2.13509
-2.13091
-2.12741
-2.12461
-2.1225
-2.1211
-2.12039
-2.12039
-2.1211
-2.1225
-2.12461
-2.12741
-2.13091
-2.13509
-2.13995
-2.14549
-2.15168
-2.15854
-2.16605
-2.17417
-2.18292
-2.19229
-2.20224
-2.21276
-2.22385
-2.23547
-2.24764
-2.51425
-2.50175
-2.48981
-2.47842
-2.4676
-2.45738
-2.44777
-2.43877
-2.43042
-2.42271
-2.41567
-2.4093
-2.4036
-2.39862
-2.39432
-2.39072
-2.38785
-2.38569
-2.38424
-2.38352
-2.38352
-2.38424
-2.38569
-2.38784
-2.39073
-2.39431
-2.39862
-2.40361
-2.40929
-2.41567
-2.42271
-2.43042
-2.43877
-2.44777
-2.45738
-2.46761
-2.47842
-2.48981
-2.50176
-2.51424
-2.78064
-2.76783
-2.75556
-2.74386
-2.73276
-2.72226
-2.7124
-2.70315
-2.69457
-2.68667
-2.67944
-2.67288
-2.66706
-2.66192
-2.65751
-2.65383
-2.65086
-2.64865
-2.64716
-2.64642
-2.64642
-2.64716
-2.64865
-2.65087
-2.65381
-2.65752
-2.66193
-2.66705
-2.6729
-2.67944
-2.68666
-2.69458
-2.70315
-2.7124
-2.72226
-2.73274
-2.74387
-2.75555
-2.76783
-2.78065
-3.04667
-3.0335
-3.02093
-3.00893
-2.99752
-2.98677
-2.97663
-2.96715
-2.95837
-2.95024
-2.94281
-2.93611
-2.93011
-2.92485
-2.92031
-2.91653
-2.9135
-2.91122
-2.90969
-2.90893
-2.90893
-2.90969
-2.91122
-2.9135
-2.91653
-2.92032
-2.92484
-2.93012
-2.9361
-2.94281
-2.95025
-2.95835
-2.96716
-2.97663
-2.98676
-2.99754
-3.00892
-3.02093
-3.03351
-3.04666
7.18168
6.81116
6.44065
6.07012
5.69959
5.32906
4.95852
4.58797
4.21742
3.84686
3.47631
3.10574
2.73517
2.3646
1.99403
1.62345
1.25288
0.882301
0.511721
0.14114
-0.229441
-0.600022
-0.970602
-1.34118
-1.71176
-2.08234
-2.45291
-2.82348
-3.19405
-3.56462
-3.93518
-4.30573
-4.67629
-5.04684
-5.41738
-5.78792
-6.15845
-6.52898
-6.8995
-7.27001
6.91888
6.55739
6.19587
5.83434
5.47278
5.11121
4.74963
4.38803
4.02642
3.66479
3.30315
2.9415
2.57985
2.21818
1.8565
1.49482
1.13313
0.771439
0.409744
0.0480477
-0.313649
-0.675346
-1.03704
-1.39873
-1.76042
-2.1221
-2.48378
-2.84545
-3.20711
-3.56876
-3.9304
-4.29203
-4.65365
-5.01526
-5.37684
-5.73841
-6.09996
-6.4615
-6.82302
-7.18452
6.65609
6.30361
5.9511
5.59855
5.24597
4.89337
4.54074
4.18809
3.83541
3.48272
3.13
2.77726
2.42451
2.07175
1.71897
1.36618
1.01338
0.660575
0.307768
-0.0450443
-0.397858
-0.75067
-1.10348
-1.45629
-1.80908
-2.16188
-2.51465
-2.86742
-3.22017
-3.57291
-3.92563
-4.27833
-4.63101
-4.98366
-5.33629
-5.6889
-6.04148
-6.39403
-6.74654
-7.09903
6.39329
6.04983
5.70631
5.36276
5.01916
4.67553
4.33185
3.98815
3.64441
3.30064
2.95684
2.61302
2.26918
1.92532
1.58144
1.23754
0.893631
0.549716
0.205792
-0.138136
-0.482066
-0.825993
-1.16992
-1.51384
-1.85774
-2.20164
-2.54552
-2.88939
-3.23323
-3.57706
-3.92085
-4.26463
-4.60837
-4.95207
-5.29575
-5.63939
-5.98299
-6.32655
-6.67007
-7.01353
6.1305
5.79605
5.46154
5.12697
4.79235
4.45768
4.12297
3.78821
3.4534
3.11856
2.78369
2.44878
2.11385
1.77889
1.4439
1.1089
0.773881
0.438857
0.103814
-0.231228
-0.566274
-0.901315
-1.23636
-1.57139
-1.9064
-2.24141
-2.57639
-2.91135
-3.2463
-3.5812
-3.91608
-4.25092
-4.58573
-4.92049
-5.25521
-5.58988
-5.9245
-6.25907
-6.59359
-6.92804
5.86771
5.54227
5.21676
4.89118
4.56554
4.23984
3.91408
3.58826
3.2624
2.93649
2.61053
2.28455
1.95852
1.63246
1.30637
0.98026
0.654138
0.327992
0.00184073
-0.324319
-0.650481
-0.976641
-1.30279
-1.62894
-1.95506
-2.28117
-2.60727
-2.93333
-3.25936
-3.58535
-3.91131
-4.23722
-4.56309
-4.88891
-5.21467
-5.54037
-5.86602
-6.1916
-6.51711
-6.84256
5.60492
5.28849
4.97198
4.6554
4.33873
4.022
3.7052
3.38833
3.0714
2.75442
2.43739
2.12031
1.80319
1.48603
1.16884
0.851626
0.534387
0.217133
-0.100134
-0.41741
-0.734689
-1.05196
-1.36923
-1.68648
-2.00373
-2.32095
-2.63814
-2.95529
-3.27242
-3.5895
-3.90653
-4.22352
-4.54045
-4.85732
-5.17413
-5.49086
-5.80753
-6.12412
-6.44064
-6.75706
5.34213
5.03472
4.72721
4.41961
4.11193
3.80415
3.49631
3.18839
2.8804
2.57234
2.26423
1.95607
1.64786
1.3396
1.03131
0.72299
0.414642
0.106271
-0.202109
-0.510501
-0.818894
-1.12729
-1.43567
-1.74404
-2.05239
-2.36071
-2.66901
-2.97726
-3.28547
-3.59364
-3.90176
-4.20981
-4.51781
-4.82573
-5.13358
-5.44136
-5.74905
-6.05665
-6.36416
-6.67158
5.07934
4.78094
4.48244
4.18383
3.88512
3.58632
3.28742
2.98845
2.6894
2.39027
2.09108
1.79183
1.49253
1.19318
0.893784
0.594352
0.294895
-0.00458657
-0.304084
-0.603591
-0.9031
-1.20261
-1.50211
-1.80159
-2.10105
-2.40048
-2.69988
-2.99923
-3.29854
-3.59779
-3.89698
-4.19611
-4.49517
-4.79414
-5.09304
-5.39185
-5.69056
-5.98918
-6.28768
-6.58608
4.81655
4.52717
4.23766
3.94804
3.65831
3.36847
3.07854
2.78851
2.4984
2.2082
1.91794
1.6276
1.3372
1.04675
0.756254
0.465718
0.175147
-0.115446
-0.406058
-0.696681
-0.987308
-1.27793
-1.56855
-1.85914
-2.14971
-2.44025
-2.73075
-3.0212
-3.3116
-3.60194
-3.89221
-4.18241
-4.47253
-4.76256
-5.0525
-5.34234
-5.63208
-5.9217
-6.21121
-6.5006
4.55376
4.27339
3.99289
3.71226
3.43151
3.15064
2.86966
2.58858
2.3074
2.02613
1.74478
1.46336
1.18187
0.900325
0.618724
0.337082
0.0554034
-0.226306
-0.508032
-0.789771
-1.07152
-1.35326
-1.63498
-1.91669
-2.19837
-2.48001
-2.76162
-3.04317
-3.32466
-3.60608
-3.88743
-4.16871
-4.44989
-4.73098
-5.01196
-5.29283
-5.57359
-5.85423
-6.13473
-6.41511
4.29097
4.01962
3.74812
3.47648
3.2047
2.9328
2.66078
2.38864
2.1164
1.84406
1.57163
1.29912
1.02655
0.753899
0.481198
0.208446
-0.0643415
-0.33716
-0.610006
-0.88286
-1.15572
-1.42858
-1.70142
-1.97424
-2.24703
-2.51978
-2.79248
-3.06513
-3.33772
-3.61023
-3.88266
-4.15501
-4.42725
-4.69939
-4.97142
-5.24332
-5.5151
-5.78675
-6.05826
-6.32962
4.02819
3.76585
3.50335
3.2407
2.9779
2.71496
2.45189
2.18871
1.9254
1.66199
1.39849
1.13489
0.871219
0.607476
0.34367
0.0798141
-0.184088
-0.448019
-0.711977
-0.975948
-1.23993
-1.5039
-1.76786
-2.03179
-2.29569
-2.55955
-2.82336
-3.08711
-3.35078
-3.61438
-3.87789
-4.1413
-4.40461
-4.6678
-4.93088
-5.19382
-5.45662
-5.71928
-5.98178
-6.24413
3.7654
3.51208
3.25858
3.00492
2.7511
2.49712
2.24301
1.98877
1.73441
1.47992
1.22534
0.970661
0.715894
0.461052
0.206145
-0.0488204
-0.303828
-0.558878
-0.813948
-1.06904
-1.32413
-1.57922
-1.83429
-2.08934
-2.34435
-2.59932
-2.85423
-3.10907
-3.36384
-3.61853
-3.87312
-4.1276
-4.38197
-4.63622
-4.89033
-5.14431
-5.39814
-5.65181
-5.90531
-6.15864
3.50262
3.25831
3.01381
2.76914
2.5243
2.27929
2.03414
1.78884
1.54341
1.29786
1.05219
0.806428
0.56057
0.314631
0.0686188
-0.177452
-0.423574
-0.669732
-0.91592
-1.16212
-1.40833
-1.65454
-1.90073
-2.14689
-2.39301
-2.63908
-2.8851
-3.13104
-3.3769
-3.62267
-3.86834
-4.1139
-4.35933
-4.60463
-4.84979
-5.0948
-5.33965
-5.58434
-5.82884
-6.07315
3.23983
3.00454
2.76904
2.53336
2.2975
2.06146
1.82526
1.58891
1.35242
1.11579
0.879051
0.642198
0.405247
0.168209
-0.0689042
-0.306083
-0.543315
-0.780587
-1.01789
-1.25521
-1.49254
-1.72986
-1.96716
-2.20443
-2.44167
-2.67885
-2.91596
-3.153
-3.38996
-3.62682
-3.86357
-4.1002
-4.33669
-4.57305
-4.80926
-5.0453
-5.28117
-5.51686
-5.75236
-5.98767
2.97705
2.75077
2.52428
2.29758
2.07069
1.84362
1.61638
1.38898
1.16142
0.933731
0.705907
0.47797
0.249925
0.0217897
-0.206428
-0.434714
-0.663054
-0.891442
-1.11986
-1.34829
-1.57674
-1.80518
-2.03359
-2.26198
-2.49032
-2.71861
-2.94684
-3.17497
-3.40303
-3.63096
-3.85879
-4.08649
-4.31405
-4.54147
-4.76871
-4.99579
-5.22269
-5.44939
-5.67589
-5.90218
2.71427
2.49701
2.27952
2.06181
1.8439
1.6258
1.40751
1.18905
0.970432
0.751667
0.532766
0.313741
0.0946046
-0.12463
-0.34395
-0.563341
-0.782796
-1.00229
-1.22182
-1.44138
-1.66094
-1.88049
-2.10003
-2.31952
-2.53898
-2.75838
-2.9777
-3.19694
-3.41608
-3.63511
-3.85402
-4.07279
-4.29141
-4.50988
-4.72818
-4.94629
-5.16421
-5.38192
-5.59942
-5.8167
2.4515
2.24324
2.03475
1.82604
1.61711
1.40797
1.19864
0.989122
0.779442
0.569606
0.359626
0.149514
-0.0607134
-0.271046
-0.48147
-0.69197
-0.902533
-1.11314
-1.32379
-1.53446
-1.74514
-1.95581
-2.16646
-2.37707
-2.58764
-2.79814
-3.00857
-3.21891
-3.42914
-3.63926
-3.84925
-4.05909
-4.26878
-4.4783
-4.68763
-4.89678
-5.10572
-5.31445
-5.52295
-5.73121
2.18872
1.98949
1.79
1.59027
1.39031
1.19014
0.989764
0.789199
0.588455
0.387547
0.186488
-0.0147098
-0.216031
-0.417462
-0.618988
-0.820595
-1.02227
-1.224
-1.42576
-1.62755
-1.82934
-2.03113
-2.23289
-2.43462
-2.6363
-2.83791
-3.03944
-3.24088
-3.4422
-3.64341
-3.84447
-4.04539
-4.24614
-4.44671
-4.64709
-4.84728
-5.04724
-5.24698
-5.44648
-5.64573
1.92595
1.73573
1.54524
1.3545
1.16352
0.972317
0.780896
0.589277
0.39747
0.20549
0.0133513
-0.178932
-0.371346
-0.563875
-0.756506
-0.949221
-1.14201
-1.33485
-1.52772
-1.72063
-1.91354
-2.10644
-2.29932
-2.49216
-2.68495
-2.87767
-3.07031
-3.26284
-3.45527
-3.64755
-3.8397
-4.03168
-4.2235
-4.41513
-4.60656
-4.79777
-4.98876
-5.17951
-5.37001
-5.56025
1.66318
1.48197
1.30049
1.11874
0.936732
0.754494
0.572031
0.389357
0.206488
0.023436
-0.159782
-0.343152
-0.526659
-0.710287
-0.894021
-1.07785
-1.26174
-1.44569
-1.62969
-1.81371
-1.99774
-2.18176
-2.36575
-2.54971
-2.73361
-2.91744
-3.10117
-3.28481
-3.46832
-3.6517
-3.83493
-4.01798
-4.20086
-4.38355
-4.56602
-4.74827
-4.93028
-5.11204
-5.29354
-5.47477
1.40042
1.22822
1.05573
0.882975
0.709948
0.536676
0.363168
0.189441
0.0155079
-0.158615
-0.332913
-0.50737
-0.681969
-0.856694
-1.03153
-1.20647
-1.38147
-1.55654
-1.73165
-1.90679
-2.08193
-2.25707
-2.43218
-2.60726
-2.78227
-2.9572
-3.13204
-3.30677
-3.48138
-3.65585
-3.83015
-4.00428
-4.17823
-4.35197
-4.52548
-4.69877
-4.87181
-5.04458
-5.21708
-5.38929
1.13765
0.974469
0.81099
0.647214
0.483168
0.31886
0.154309
-0.0104724
-0.175468
-0.340663
-0.506041
-0.671584
-0.837277
-1.0031
-1.16904
-1.33508
-1.5012
-1.66738
-1.83361
-1.99986
-2.16612
-2.33238
-2.49861
-2.6648
-2.83092
-2.99696
-3.16291
-3.32874
-3.49444
-3.65999
-3.82538
-3.99058
-4.15559
-4.32038
-4.48495
-4.64927
-4.81333
-4.97711
-5.14061
-5.30381
0.874896
0.720726
0.566244
0.411459
0.256392
0.101049
-0.0545454
-0.210382
-0.366441
-0.522708
-0.679165
-0.835795
-0.99258
-1.1495
-1.30655
-1.46369
-1.62092
-1.77822
-1.93557
-2.09294
-2.25032
-2.40769
-2.56504
-2.72234
-2.87957
-3.03672
-3.19377
-3.35071
-3.5075
-3.66414
-3.82061
-3.97688
-4.13296
-4.2888
-4.44441
-4.59977
-4.75485
-4.90965
-5.06415
-5.21833
0.612141
0.466988
0.321503
0.175711
0.0296166
-0.116756
-0.263397
-0.410287
-0.557409
-0.704748
-0.852286
-1
-1.14788
-1.29591
-1.44405
-1.5923
-1.74065
-1.88906
-2.03752
-2.18601
-2.3345
-2.48299
-2.63146
-2.77987
-2.92822
-3.07648
-3.22463
-3.37267
-3.52056
-3.66829
-3.81584
-3.96318
-4.11032
-4.25723
-4.40388
-4.55027
-4.69638
-4.84219
-4.98769
-5.13286
0.349393
0.213251
0.0767738
-0.0600346
-0.197149
-0.334557
-0.472243
-0.610185
-0.748374
-0.886781
-1.0254
-1.1642
-1.30317
-1.4423
-1.58155
-1.72091
-1.86037
-1.99989
-2.13947
-2.27907
-2.41869
-2.5583
-2.69788
-2.83741
-2.97687
-3.11624
-3.2555
-3.39463
-3.53361
-3.67243
-3.81106
-3.94949
-4.08768
-4.22565
-4.36335
-4.50078
-4.63791
-4.77473
-4.91123
-5.04739
0.0866508
-0.0404744
-0.167957
-0.295771
-0.42391
-0.552353
-0.68108
-0.810081
-0.939327
-1.06881
-1.19851
-1.3284
-1.45847
-1.58869
-1.71904
-1.84951
-1.98008
-2.11072
-2.24141
-2.37213
-2.50287
-2.6336
-2.7643
-2.89494
-3.02552
-3.15599
-3.28636
-3.41659
-3.54667
-3.67658
-3.80629
-3.93579
-4.06505
-4.19407
-4.32282
-4.45128
-4.57944
-4.70728
-4.83477
-4.96192
-0.176087
-0.294197
-0.412674
-0.531503
-0.650663
-0.770138
-0.889913
-1.00997
-1.13028
-1.25083
-1.37161
-1.49259
-1.61375
-1.73507
-1.85653
-1.97811
-2.09979
-2.22154
-2.34335
-2.46519
-2.58705
-2.7089
-2.83071
-2.95247
-3.07416
-3.19575
-3.31722
-3.43855
-3.55973
-3.68072
-3.80152
-3.92209
-4.04242
-4.1625
-4.28229
-4.40179
-4.52097
-4.63982
-4.75832
-4.87646
-0.43881
-0.547906
-0.657384
-0.767225
-0.877409
-0.987919
-1.09873
-1.20984
-1.32122
-1.43285
-1.5447
-1.65677
-1.76902
-1.88144
-1.99401
-2.1067
-2.21949
-2.33236
-2.44529
-2.55825
-2.67122
-2.78419
-2.89712
-3.01
-3.1228
-3.2355
-3.34808
-3.46051
-3.57278
-3.68487
-3.79674
-3.90839
-4.01979
-4.13092
-4.24177
-4.3523
-4.46251
-4.57237
-4.68187
-4.791
-0.701525
-0.80161
-0.902086
-1.00293
-1.10414
-1.20569
-1.30755
-1.40971
-1.51215
-1.61485
-1.71778
-1.82093
-1.92428
-2.0278
-2.13148
-2.23528
-2.33918
-2.44317
-2.54721
-2.65129
-2.75539
-2.85947
-2.96353
-3.06752
-3.17143
-3.27525
-3.37893
-3.48247
-3.58584
-3.68901
-3.79197
-3.89469
-3.99716
-4.09935
-4.20124
-4.30281
-4.40405
-4.50493
-4.60543
-4.70554
-0.964226
-1.05529
-1.14677
-1.23863
-1.33086
-1.42343
-1.51635
-1.60956
-1.70307
-1.79683
-1.89085
-1.98509
-2.07953
-2.17416
-2.26893
-2.36384
-2.45886
-2.55396
-2.64913
-2.74433
-2.83955
-2.93475
-3.02992
-3.12504
-3.22007
-3.31499
-3.40978
-3.50442
-3.59889
-3.69316
-3.7872
-3.881
-3.97453
-4.06778
-4.16072
-4.25334
-4.3456
-4.43749
-4.529
-4.6201
-1.22691
-1.30897
-1.39144
-1.47432
-1.55756
-1.64118
-1.72512
-1.8094
-1.89396
-1.97881
-2.0639
-2.14923
-2.23477
-2.32049
-2.40638
-2.49239
-2.57852
-2.66474
-2.75103
-2.83735
-2.92369
-3.01002
-3.09631
-3.18254
-3.26869
-3.35473
-3.44063
-3.52638
-3.61194
-3.6973
-3.78243
-3.86731
-3.95191
-4.03622
-4.12021
-4.20386
-4.28715
-4.37006
-4.45257
-4.53467
-1.48958
-1.56262
-1.63609
-1.70997
-1.78425
-1.85889
-1.93388
-2.00921
-2.08484
-2.16076
-2.23693
-2.31335
-2.38998
-2.4668
-2.54379
-2.62092
-2.69817
-2.77551
-2.85291
-2.93036
-3.00782
-3.08527
-3.16268
-3.24004
-3.3173
-3.39446
-3.47147
-3.54833
-3.62499
-3.70144
-3.77766
-3.85362
-3.9293
-4.00467
-4.07971
-4.1544
-4.22871
-4.30264
-4.37616
-4.44924
-1.75222
-1.81625
-1.88071
-1.9456
-2.0109
-2.07658
-2.14261
-2.20899
-2.27569
-2.34267
-2.40993
-2.47743
-2.54516
-2.61309
-2.68118
-2.74942
-2.81779
-2.88624
-2.95477
-3.02334
-3.09193
-3.1605
-3.22904
-3.29752
-3.36591
-3.43418
-3.50231
-3.57027
-3.63803
-3.70558
-3.77289
-3.83993
-3.90668
-3.97311
-4.03921
-4.10494
-4.17029
-4.23524
-4.29976
-4.36384
-2.01483
-2.06983
-2.1253
-2.1812
-2.23751
-2.29422
-2.3513
-2.40874
-2.46649
-2.52455
-2.58289
-2.64148
-2.7003
-2.75933
-2.81853
-2.87789
-2.93736
-2.99694
-3.05659
-3.11629
-3.176
-3.2357
-3.29537
-3.35497
-3.41448
-3.47388
-3.53312
-3.5922
-3.65107
-3.70973
-3.76813
-3.82625
-3.88408
-3.94157
-3.99873
-4.05551
-4.11189
-4.16786
-4.22339
-4.27846
-2.27739
-2.32338
-2.36984
-2.41674
-2.46408
-2.51181
-2.55995
-2.60842
-2.65724
-2.70637
-2.75579
-2.80547
-2.85538
-2.90551
-2.95581
-3.00629
-3.05688
-3.10758
-3.15837
-3.20919
-3.26003
-3.31087
-3.36166
-3.41239
-3.46303
-3.51355
-3.56392
-3.61412
-3.66411
-3.71386
-3.76336
-3.81258
-3.86148
-3.91006
-3.95827
-4.0061
-4.05352
-4.10051
-4.14705
-4.19312
-2.5399
-2.57686
-2.61431
-2.65222
-2.69058
-2.72933
-2.76849
-2.80803
-2.84791
-2.8881
-2.9286
-2.96935
-3.01037
-3.05159
-3.09301
-3.13459
-3.17631
-3.21813
-3.26004
-3.302
-3.34398
-3.38595
-3.42789
-3.46976
-3.51154
-3.55319
-3.59469
-3.63601
-3.67713
-3.718
-3.75861
-3.79892
-3.83892
-3.87856
-3.91784
-3.95673
-3.99519
-4.03321
-4.07077
-4.10783
-2.80232
-2.83025
-2.85868
-2.88759
-2.91695
-2.94674
-2.97693
-3.0075
-3.03844
-3.06969
-3.10126
-3.1331
-3.1652
-3.19752
-3.23005
-3.26274
-3.29557
-3.32853
-3.36156
-3.39466
-3.42778
-3.4609
-3.49399
-3.52701
-3.55994
-3.59275
-3.6254
-3.65787
-3.69012
-3.72212
-3.75386
-3.78529
-3.81639
-3.84713
-3.87748
-3.90743
-3.93694
-3.966
-3.99458
-4.02266
-3.06459
-3.0835
-3.10292
-3.12281
-3.14315
-3.16396
-3.18517
-3.20677
-3.22873
-3.25104
-3.27365
-3.29657
-3.31974
-3.34315
-3.36676
-3.39056
-3.41451
-3.43859
-3.46276
-3.487
-3.51128
-3.53556
-3.55983
-3.58403
-3.60815
-3.63213
-3.65597
-3.67962
-3.70305
-3.72623
-3.74912
-3.7717
-3.79394
-3.8158
-3.83725
-3.85829
-3.87887
-3.89897
-3.91858
-3.93766
7.3125
6.9375
6.5625
6.1875
5.8125
5.4375
5.0625
4.6875
4.3125
3.9375
3.5625
3.1875
2.8125
2.4375
2.0625
1.6875
1.3125
0.9375
0.5625
0.1875
-0.1875
-0.5625
-0.9375
-1.3125
-1.6875
-2.0625
-2.4375
-2.8125
-3.1875
-3.5625
-3.9375
-4.3125
-4.6875
-5.0625
-5.4375
-5.8125
-6.1875
-6.5625
-6.9375
-7.3125
7.3125
6.9375
6.5625
6.1875
5.8125
5.4375
5.0625
4.6875
4.3125
3.9375
3.5625
3.1875
2.8125
2.4375
2.0625
1.6875
1.3125
0.9375
0.5625
0.1875
-0.1875
-0.5625
-0.9375
-1.3125
-1.6875
-2.0625
-2.4375
-2.8125
-3.1875
-3.5625
-3.9375
-4.3125
-4.6875
-5.0625
-5.4375
-5.8125
-6.1875
-6.5625
-6.9375
-7.3125
7.3125
6.9375
6.5625
6.1875
5.8125
5.4375
5.0625
4.6875
4.3125
3.9375
3.5625
3.1875
2.8125
2.4375
2.0625
1.6875
1.3125
0.9375
0.5625
0.1875
-0.1875
-0.5625
-0.9375
-1.3125
-1.6875
-2.0625
-2.4375
-2.8125
-3.1875
-3.5625
-3.9375
-4.3125
-4.6875
-5.0625
-5.4375
-5.8125
-6.1875
-6.5625
-6.9375
-7.3125
7.3125
6.9375
6.5625
6.1875
5.8125
5.4375
5.0625
4.6875
4.3125
3.9375
3.5625
3.1875
2.8125
2.4375
2.0625
1.6875
1.3125
0.9375
0.5625
0.1875
-0.1875
-0.5625
-0.9375
-1.3125
-1.6875
-2.0625
-2.4375
-2.8125
-3.1875
-3.5625
-3.9375
-4.3125
-4.6875
-5.0625
-5.4375
-5.8125
-6.1875
-6.5625
-6.9375
-7.3125
7.3125
6.9375
6.5625
6.1875
5.8125
5.4375
5.0625
4.6875
4.3125
3.9375
3.5625
3.1875
2.8125
2.4375
2.0625
1.6875
1.3125
0.9375
0.5625
0.1875
-0.1875
-0.5625
-0.9375
-1.3125
-1.6875
-2.0625
-2.4375
-2.8125
-3.1875
-3.5625
-3.9375
-4.3125
-4.6875
-5.0625
-5.4375
-5.8125
-6.1875
-6.5625
-6.9375
-7.3125
7.3125
6.9375
6.5625
6.1875
5.8125
5.4375
5.0625
4.6875
4.3125
3.9375
3.5625
3.1875
2.8125
2.4375
2.0625
1.6875
1.3125
0.9375
0.5625
0.1875
-0.1875
-0.5625
-0.9375
-1.3125
-1.6875
-2.0625
-2.4375
-2.8125
-3.1875
-3.5625
-3.9375
-4.3125
-4.6875
-5.0625
-5.4375
-5.8125
-6.1875
-6.5625
-6.9375
-7.3125
7.3125
6.9375
6.5625
6.1875
5.8125
5.4375
5.0625
4.6875
4.3125
3.9375
3.5625
3.1875
2.8125
2.4375
2.0625
1.6875
1.3125
0.9375
0.5625
0.1875
-0.1875
-0.5625
-0.9375
-1.3125
-1.6875
-2.0625
-2.4375
-2.8125
-3.1875
-3.5625
-3.9375
-4.3125
-4.6875
-5.0625
-5.4375
-5.8125
-6.1875
-6.5625
-6.9375
-7.3125
7.3125
6.9375
6.5625
6.1875
5.8125
5.4375
5.0625
4.6875
4.3125
3.9375
3.5625
3.1875
2.8125
2.4375
2.0625
1.6875
1.3125
0.9375
0.5625
0.1875
-0.1875
-0.5625
-0.9375
-1.3125
-1.6875
-2.0625
-2.4375
-2.8125
-3.1875
-3.5625
-3.9375
-4.3125
-4.6875
-5.0625
-5.4375
-5.8125
-6.1875
-6.5625
-6.9375
-7.3125
7.3125
6.9375
6.5625
6.1875
5.8125
5.4375
5.0625
4.6875
4.3125
3.9375
3.5625
3.1875
2.8125
2.4375
2.0625
1.6875
1.3125
0.9375
0.5625
0.1875
-0.1875
-0.5625
-0.9375
-1.3125
-1.6875
-2.0625
-2.4375
-2.8125
-3.1875
-3.5625
-3.9375
-4.3125
-4.6875
-5.0625
-5.4375
-5.8125
-6.1875
-6.5625
-6.9375
-7.3125
7.3125
6.9375
6.5625
6.1875
5.8125
5.4375
5.0625
4.6875
4.3125
3.9375
3.5625
3.1875
2.8125
2.4375
2.0625
1.6875
1.3125
0.9375
0.5625
0.1875
-0.1875
-0.5625
-0.9375
-1.3125
-1.6875
-2.0625
-2.4375
-2.8125
-3.1875
-3.5625
-3.9375
-4.3125
-4.6875
-5.0625
-5.4375
-5.8125
-6.1875
-6.5625
-6.9375
-7.3125
7.3125
6.9375
6.5625
6.1875
5.8125
5.4375
5.0625
4.6875
4.3125
3.9375
3.5625
3.1875
2.8125
2.4375
2.0625
1.6875
1.3125
0.9375
0.5625
0.1875
-0.1875
-0.5625
-0.9375
-1.3125
-1.6875
-2.0625
-2.4375
-2.8125
-3.1875
-3.5625
-3.9375
-4.3125
-4.6875
-5.0625
-5.4375
-5.8125
-6.1875
-6.5625
-6.9375
-7.3125
7.3125
6.9375
6.5625
6.1875
5.8125
5.4375
5.0625
4.6875
4.3125
3.9375
3.5625
3.1875
2.8125
2.4375
2.0625
1.6875
1.3125
0.9375
0.5625
0.1875
-0.1875
-0.5625
-0.9375
-1.3125
-1.6875
-2.0625
-2.4375
-2.8125
-3.1875
-3.5625
-3.9375
-4.3125
-4.6875
-5.0625
-5.4375
-5.8125
-6.1875
-6.5625
-6.9375
-7.3125
7.3125
6.9375
6.5625
6.1875
5.8125
5.4375
5.0625
4.6875
4.3125
3.9375
3.5625
3.1875
2.8125
2.4375
2.0625
1.6875
1.3125
0.9375
0.5625
0.1875
-0.1875
-0.5625
-0.9375
-1.3125
-1.6875
-2.0625
-2.4375
-2.8125
-3.1875
-3.5625
-3.9375
-4.3125
-4.6875
-5.0625
-5.4375
-5.8125
-6.1875
-6.5625
-6.9375
-7.3125
7.3125
6.9375
6.5625
6.1875
5.8125
5.4375
5.0625
4.6875
4.3125
3.9375
3.5625
3.1875
2.8125
2.4375
2.0625
1.6875
1.3125
0.9375
0.5625
0.1875
-0.1875
-0.5625
-0.9375
-1.3125
-1.6875
-2.0625
-2.4375
-2.8125
-3.1875
-3.5625
-3.9375
-4.3125
-4.6875
-5.0625
-5.4375
-5.8125
-6.1875
-6.5625
-6.9375
-7.3125
7.3125
6.9375
6.5625
6.1875
5.8125
5.4375
5.0625
4.6875
4.3125
3.9375
3.5625
3.1875
2.8125
2.4375
2.0625
1.6875
1.3125
0.9375
0.5625
0.1875
-0.1875
-0.5625
-0.9375
-1.3125
-1.6875
-2.0625
-2.4375
-2.8125
-3.1875
-3.5625
-3.9375
-4.3125
-4.6875
-5.0625
-5.4375
-5.8125
-6.1875
-6.5625
-6.9375
-7.3125
7.3125
6.9375
6.5625
6.1875
5.8125
5.4375
5.0625
4.6875
4.3125
3.9375
3.5625
3.1875
2.8125
2.4375
2.0625
1.6875
1.3125
0.9375
0.5625
0.1875
-0.1875
-0.5625
-0.9375
-1.3125
-1.6875
-2.0625
-2.4375
-2.8125
-3.1875
-3.5625
-3.9375
-4.3125
-4.6875
-5.0625
-5.4375
-5.8125
-6.1875
-6.5625
-6.9375
-7.3125
7.3125
6.9375
6.5625
6.1875
5.8125
5.4375
5.0625
4.6875
4.3125
3.9375
3.5625
3.1875
2.8125
2.4375
2.0625
1.6875
1.3125
0.9375
0.5625
0.1875
-0.1875
-0.5625
-0.9375
-1.3125
-1.6875
-2.0625
-2.4375
-2.8125
-3.1875
-3.5625
-3.9375
-4.3125
-4.6875
-5.0625
-5.4375
-5.8125
-6.1875
-6.5625
-6.9375
-7.3125
7.3125
6.9375
6.5625
6.1875
5.8125
5.4375
5.0625
4.6875
4.3125
3.9375
3.5625
3.1875
2.8125
2.4375
2.0625
1.6875
1.3125
0.9375
0.5625
0.1875
-0.1875
-0.5625
-0.9375
-1.3125
-1.6875
-2.0625
-2.4375
-2.8125
-3.1875
-3.5625
-3.9375
-4.3125
-4.6875
-5.0625
-5.4375
-5.8125
-6.1875
-6.5625
-6.9375
-7.3125
7.3125
6.9375
6.5625
6.1875
5.8125
5.4375
5.0625
4.6875
4.3125
3.9375
3.5625
3.1875
2.8125
2.4375
2.0625
1.6875
1.3125
0.9375
0.5625
0.1875
-0.1875
-0.5625
-0.9375
-1.3125
-1.6875
-2.0625
-2.4375
-2.8125
-3.1875
-3.5625
-3.9375
-4.3125
-4.6875
-5.0625
-5.4375
-5.8125
-6.1875
-6.5625
-6.9375
-7.3125
7.3125
6.9375
6.5625
6.1875
5.8125
5.4375
5.0625
4.6875
4.3125
3.9375
3.5625
3.1875
2.8125
2.4375
2.0625
1.6875
1.3125
0.9375
0.5625
0.1875
-0.1875
-0.5625
-0.9375
-1.3125
-1.6875
-2.0625
-2.4375
-2.8125
-3.1875
-3.5625
-3.9375
-4.3125
-4.6875
-5.0625
-5.4375
-5.8125
-6.1875
-6.5625
-6.9375
-7.3125
7.3125
6.9375
6.5625
6.1875
5.8125
5.4375
5.0625
4.6875
4.3125
3.9375
3.5625
3.1875
2.8125
2.4375
2.0625
1.6875
1.3125
0.9375
0.5625
0.1875
-0.1875
-0.5625
-0.9375
-1.3125
-1.6875
-2.0625
-2.4375
-2.8125
-3.1875
-3.5625
-3.9375
-4.3125
-4.6875
-5.0625
-5.4375
-5.8125
-6.1875
-6.5625
-6.9375
-7.3125
7.3125
6.9375
6.5625
6.1875
5.8125
5.4375
5.0625
4.6875
4.3125
3.9375
3.5625
3.1875
2.8125
2.4375
2.0625
1.6875
1.3125
0.9375
0.5625
0.1875
-0.1875
-0.5625
-0.9375
-1.3125
-1.6875
-2.0625
-2.4375
-2.8125
-3.1875
-3.5625
-3.9375
-4.3125
-4.6875
-5.0625
-5.4375
-5.8125
-6.1875
-6.5625
-6.9375
-7.3125
7.3125
6.9375
6.5625
6.1875
5.8125
5.4375
5.0625
4.6875
4.3125
3.9375
3.5625
3.1875
2.8125
2.4375
2.0625
1.6875
1.3125
0.9375
0.5625
0.1875
-0.1875
-0.5625
-0.9375
-1.3125
-1.6875
-2.0625
-2.4375
-2.8125
-3.1875
-3.5625
-3.9375
-4.3125
-4.6875
-5.0625
-5.4375
-5.8125
-6.1875
-6.5625
-6.9375
-7.3125
7.3125
6.9375
6.5625
6.1875
5.8125
5.4375
5.0625
4.6875
4.3125
3.9375
3.5625
3.1875
2.8125
2.4375
2.0625
1.6875
1.3125
0.9375
0.5625
0.1875
-0.1875
-0.5625
-0.9375
-1.3125
-1.6875
-2.0625
-2.4375
-2.8125
-3.1875
-3.5625
-3.9375
-4.3125
-4.6875
-5.0625
-5.4375
-5.8125
-6.1875
-6.5625
-6.9375
-7.3125
7.3125
6.9375
6.5625
6.1875
5.8125
5.4375
5.0625
4.6875
4.3125
3.9375
3.5625
3.1875
2.8125
2.4375
2.0625
1.6875
1.3125
0.9375
0.5625
0.1875
-0.1875
-0.5625
-0.9375
-1.3125
-1.6875
-2.0625
-2.4375
-2.8125
-3.1875
-3.5625
-3.9375
-4.3125
-4.6875
-5.0625
-5.4375
-5.8125
-6.1875
-6.5625
-6.9375
-7.3125
7.3125
6.9375
6.5625
6.1875
5.8125
5.4375
5.0625
4.6875
4.3125
3.9375
3.5625
3.1875
2.8125
2.4375
2.0625
1.6875
1.3125
0.9375
0.5625
0.1875
-0.1875
-0.5625
-0.9375
-1.3125
-1.6875
-2.0625
-2.4375
-2.8125
-3.1875
-3.5625
-3.9375
-4.3125
-4.6875
-5.0625
-5.4375
-5.8125
-6.1875
-6.5625
-6.9375
-7.3125
7.3125
6.9375
6.5625
6.1875
5.8125
5.4375
5.0625
4.6875
4.3125
3.9375
3.5625
3.1875
2.8125
2.4375
2.0625
1.6875
1.3125
0.9375
0.5625
0.1875
-0.1875
-0.5625
-0.9375
-1.3125
-1.6875
-2.0625
-2.4375
-2.8125
-3.1875
-3.5625
-3.9375
-4.3125
-4.6875
-5.0625
-5.4375
-5.8125
-6.1875
-6.5625
-6.9375
-7.3125
7.3125
6.9375
6.5625
6.1875
5.8125
5.4375
5.0625
4.6875
4.3125
3.9375
3.5625
3.1875
2.8125
2.4375
2.0625
1.6875
1.3125
0.9375
0.5625
0.1875
-0.1875
-0.5625
-0.9375
-1.3125
-1.6875
-2.0625
-2.4375
-2.8125
-3.1875
-3.5625
-3.9375
-4.3125
-4.6875
-5.0625
-5.4375
-5.8125
-6.1875
-6.5625
-6.9375
-7.3125
7.3125
6.9375
6.5625
6.1875
5.8125
5.4375
5.0625
4.6875
4.3125
3.9375
3.5625
3.1875
2.8125
2.4375
2.0625
1.6875
1.3125
0.9375
0.5625
0.1875
-0.1875
-0.5625
-0.9375
-1.3125
-1.6875
-2.0625
-2.4375
-2.8125
-3.1875
-3.5625
-3.9375
-4.3125
-4.6875
-5.0625
-5.4375
-5.8125
-6.1875
-6.5625
-6.9375
-7.3125
7.3125
6.9375
6.5625
6.1875
5.8125
5.4375
5.0625
4.6875
4.3125
3.9375
3.5625
3.1875
2.8125
2.4375
2.0625
1.6875
1.3125
0.9375
0.5625
0.1875
-0.1875
-0.5625
-0.9375
-1.3125
-1.6875
-2.0625
-2.4375
-2.8125
-3.1875
-3.5625
-3.9375
-4.3125
-4.6875
-5.0625
-5.4375
-5.8125
-6.1875
-6.5625
-6.9375
-7.3125
7.3125
6.9375
6.5625
6.1875
5.8125
5.4375
5.0625
4.6875
4.3125
3.9375
3.5625
3.1875
2.8125
2.4375
2.0625
1.6875
1.3125
0.9375
0.5625
0.1875
-0.1875
-0.5625
-0.9375
-1.3125
-1.6875
-2.0625
-2.4375
-2.8125
-3.1875
-3.5625
-3.9375
-4.3125
-4.6875
-5.0625
-5.4375
-5.8125
-6.1875
-6.5625
-6.9375
-7.3125
7.3125
6.9375
6.5625
6.1875
5.8125
5.4375
5.0625
4.6875
4.3125
3.9375
3.5625
3.1875
2.8125
2.4375
2.0625
1.6875
1.3125
0.9375
0.5625
0.1875
-0.1875
-0.5625
-0.9375
-1.3125
-1.6875
-2.0625
-2.4375
-2.8125
-3.1875
-3.5625
-3.9375
-4.3125
-4.6875
-5.0625
-5.4375
-5.8125
-6.1875
-6.5625
-6.9375
-7.3125
7.3125
6.9375
6.5625
6.1875
5.8125
5.4375
5.0625
4.6875
4.3125
3.9375
3.5625
3.1875
2.8125
2.4375
2.0625
1.6875
1.3125
0.9375
0.5625
0.1875
-0.1875
-0.5625
-0.9375
-1.3125
-1.6875
-2.0625
-2.4375
-2.8125
-3.1875
-3.5625
-3.9375
-4.3125
-4.6875
-5.0625
-5.4375
-5.8125
-6.1875
-6.5625
-6.9375
-7.3125
7.3125
6.9375
6.5625
6.1875
5.8125
5.4375
5.0625
4.6875
4.3125
3.9375
3.5625
3.1875
2.8125
2.4375
2.0625
1.6875
1.3125
0.9375
0.5625
0.1875
-0.1875
-0.5625
-0.9375
-1.3125
-1.6875
-2.0625
-2.4375
-2.8125
-3.1875
-3.5625
-3.9375
-4.3125
-4.6875
-5.0625
-5.4375
-5.8125
-6.1875
-6.5625
-6.9375
-7.3125
7.3125
6.9375
6.5625
6.1875
5.8125
5.4375
5.0625
4.6875
4.3125
3.9375
3.5625
3.1875
2.8125
2.4375
2.0625
1.6875
1.3125
0.9375
0.5625
0.1875
-0.1875
-0.5625
-0.9375
-1.3125
-1.6875
-2.0625
-2.4375
-2.8125
-3.1875
-3.5625
-3.9375
-4.3125
-4.6875
-5.0625
-5.4375
-5.8125
-6.1875
-6.5625
-6.9375
-7.3125
7.3125
6.9375
6.5625
6.1875
5.8125
5.4375
5.0625
4.6875
4.3125
3.9375
3.5625
3.1875
2.8125
2.4375
2.0625
1.6875
1.3125
0.9375
0.5625
0.1875
-0.1875
-0.5625
-0.9375
-1.3125
-1.6875
-2.0625
-2.4375
-2.8125
-3.1875
-3.5625
-3.9375
-4.3125
-4.6875
-5.0625
-5.4375
-5.8125
-6.1875
-6.5625
-6.9375
-7.3125
7.3125
6.9375
6.5625
6.1875
5.8125
5.4375
5.0625
4.6875
4.3125
3.9375
3.5625
3.1875
2.8125
2.4375
2.0625
1.6875
1.3125
0.9375
0.5625
0.1875
-0.1875
-0.5625
-0.9375
-1.3125
-1.6875
-2.0625
-2.4375
-2.8125
-3.1875
-3.5625
-3.9375
-4.3125
-4.6875
-5.0625
-5.4375
-5.8125
-6.1875
-6.5625
-6.9375
-7.3125
7.3125
6.9375
6.5625
6.1875
5.8125
5.4375
5.0625
4.6875
4.3125
3.9375
3.5625
3.1875
2.8125
2.4375
2.0625
1.6875
1.3125
0.9375
0.5625
0.1875
-0.1875
-0.5625
-0.9375
-1.3125
-1.6875
-2.0625
-2.4375
-2.8125
-3.1875
-3.5625
-3.9375
-4.3125
-4.6875
-5.0625
-5.4375
-5.8125
-6.1875
-6.5625
-6.9375
-7.3125
7.3125
6.9375
6.5625
6.1875
5.8125
5.4375
5.0625
4.6875
4.3125
3.9375
3.5625
3.1875
2.8125
2.4375
2.0625
1.6875
1.3125
0.9375
0.5625
0.1875
-0.1875
-0.5625
-0.9375
-1.3125
-1.6875
-2.0625
-2.4375
-2.8125
-3.1875
-3.5625
-3.9375
-4.3125
-4.6875
-5.0625
-5.4375
-5.8125
-6.1875
-6.5625
-6.9375
-7.3125
7.3125
6.9375
6.5625
6.1875
5.8125
5.4375
5.0625
4.6875
4.3125
3.9375
3.5625
3.1875
2.8125
2.4375
2.0625
1.6875
1.3125
0.9375
0.5625
0.1875
-0.1875
-0.5625
-0.9375
-1.3125
-1.6875
-2.0625
-2.4375
-2.8125
-3.1875
-3.5625
-3.9375
-4.3125
-4.6875
-5.0625
-5.4375
-5.8125
-6.1875
-6.5625
-6.9375
-7.3125
7.3125
6.9375
6.5625
6.1875
5.8125
5.4375
5.0625
4.6875
4.3125
3.9375
3.5625
3.1875
2.8125
2.4375
2.0625
1.6875
1.3125
0.9375
0.5625
0.1875
-0.1875
-0.5625
-0.9375
-1.3125
-1.6875
-2.0625
-2.4375
-2.8125
-3.1875
-3.5625
-3.9375
-4.3125
-4.6875
-5.0625
-5.4375
-5.8125
-6.1875
-6.5625
-6.9375
-7.3125
7.3125
6.9375
6.5625
6.1875
5.8125
5.4375
5.0625
4.6875
4.3125
3.9375
3.5625
3.1875
2.8125
2.4375
2.0625
1.6875
1.3125
0.9375
0.5625
0.1875
-0.1875
-0.5625
-0.9375
-1.3125
-1.6875
-2.0625
-2.4375
-2.8125
-3.1875
-3.5625
-3.9375
-4.3125
-4.6875
-5.0625
-5.4375
-5.8125
-6.1875
-6.5625
-6.9375
-7.3125
7.3125
6.9375
6.5625
6.1875
5.8125
5.4375
5.0625
4.6875
4.3125
3.9375
3.5625
3.1875
2.8125
2.4375
2.0625
1.6875
1.3125
0.9375
0.5625
0.1875
-0.1875
-0.5625
-0.9375
-1.3125
-1.6875
-2.0625
-2.4375
-2.8125
-3.1875
-3.5625
-3.9375
-4.3125
-4.6875
-5.0625
-5.4375
-5.8125
-6.1875
-6.5625
-6.9375
-7.3125
7.3125
6.9375
6.5625
6.1875
5.8125
5.4375
5.0625
4.6875
4.3125
3.9375
3.5625
3.1875
2.8125
2.4375
2.0625
1.6875
1.3125
0.9375
0.5625
0.1875
-0.1875
-0.5625
-0.9375
-1.3125
-1.6875
-2.0625
-2.4375
-2.8125
-3.1875
-3.5625
-3.9375
-4.3125
-4.6875
-5.0625
-5.4375
-5.8125
-6.1875
-6.5625
-6.9375
-7.3125
7.3125
6.9375
6.5625
6.1875
5.8125
5.4375
5.0625
4.6875
4.3125
3.9375
3.5625
3.1875
2.8125
2.4375
2.0625
1.6875
1.3125
0.9375
0.5625
0.1875
-0.1875
-0.5625
-0.9375
-1.3125
-1.6875
-2.0625
-2.4375
-2.8125
-3.1875
-3.5625
-3.9375
-4.3125
-4.6875
-5.0625
-5.4375
-5.8125
-6.1875
-6.5625
-6.9375
-7.3125
7.3125
6.9375
6.5625
6.1875
5.8125
5.4375
5.0625
4.6875
4.3125
3.9375
3.5625
3.1875
2.8125
2.4375
2.0625
1.6875
1.3125
0.9375
0.5625
0.1875
-0.1875
-0.5625
-0.9375
-1.3125
-1.6875
-2.0625
-2.4375
-2.8125
-3.1875
-3.5625
-3.9375
-4.3125
-4.6875
-5.0625
-5.4375
-5.8125
-6.1875
-6.5625
-6.9375
-7.3125
7.3125
6.9375
6.5625
6.1875
5.8125
5.4375
5.0625
4.6875
4.3125
3.9375
3.5625
3.1875
2.8125
2.4375
2.0625
1.6875
1.3125
0.9375
0.5625
0.1875
-0.1875
-0.5625
-0.9375
-1.3125
-1.6875
-2.0625
-2.4375
-2.8125
-3.1875
-3.5625
-3.9375
-4.3125
-4.6875
-5.0625
-5.4375
-5.8125
-6.1875
-6.5625
-6.9375
-7.3125
7.3125
6.9375
6.5625
6.1875
5.8125
5.4375
5.0625
4.6875
4.3125
3.9375
3.5625
3.1875
2.8125
2.4375
2.0625
1.6875
1.3125
0.9375
0.5625
0.1875
-0.1875
-0.5625
-0.9375
-1.3125
-1.6875
-2.0625
-2.4375
-2.8125
-3.1875
-3.5625
-3.9375
-4.3125
-4.6875
-5.0625
-5.4375
-5.8125
-6.1875
-6.5625
-6.9375
-7.3125
7.3125
6.9375
6.5625
6.1875
5.8125
5.4375
5.0625
4.6875
4.3125
3.9375
3.5625
3.1875
2.8125
2.4375
2.0625
1.6875
1.3125
0.9375
0.5625
0.1875
-0.1875
-0.5625
-0.9375
-1.3125
-1.6875
-2.0625
-2.4375
-2.8125
-3.1875
-3.5625
-3.9375
-4.3125
-4.6875
-5.0625
-5.4375
-5.8125
-6.1875
-6.5625
-6.9375
-7.3125
7.3125
6.9375
6.5625
6.1875
5.8125
5.4375
5.0625
4.6875
4.3125
3.9375
3.5625
3.1875
2.8125
2.4375
2.0625
1.6875
1.3125
0.9375
0.5625
0.1875
-0.1875
-0.5625
-0.9375
-1.3125
-1.6875
-2.0625
-2.4375
-2.8125
-3.1875
-3.5625
-3.9375
-4.3125
-4.6875
-5.0625
-5.4375
-5.8125
-6.1875
-6.5625
-6.9375
-7.3125
7.3125
6.9375
6.5625
6.1875
5.8125
5.4375
5.0625
4.6875
4.3125
3.9375
3.5625
3.1875
2.8125
2.4375
2.0625
1.6875
1.3125
0.9375
0.5625
0.1875
-0.1875
-0.5625
-0.9375
-1.3125
-1.6875
-2.0625
-2.4375
-2.8125
-3.1875
-3.5625
-3.9375
-4.3125
-4.6875
-5.0625
-5.4375
-5.8125
-6.1875
-6.5625
-6.9375
-7.3125
7.3125
6.9375
6.5625
6.1875
5.8125
5.4375
5.0625
4.6875
4.3125
3.9375
3.5625
3.1875
2.8125
2.4375
2.0625
1.6875
1.3125
0.9375
0.5625
0.1875
-0.1875
-0.5625
-0.9375
-1.3125
-1.6875
-2.0625
-2.4375
-2.8125
-3.1875
-3.5625
-3.9375
-4.3125
-4.6875
-5.0625
-5.4375
-5.8125
-6.1875
-6.5625
-6.9375
-7.3125
7.3125
6.9375
6.5625
6.1875
5.8125
5.4375
5.0625
4.6875
4.3125
3.9375
3.5625
3.1875
2.8125
2.4375
2.0625
1.6875
1.3125
0.9375
0.5625
0.1875
-0.1875
-0.5625
-0.9375
-1.3125
-1.6875
-2.0625
-2.4375
-2.8125
-3.1875
-3.5625
-3.9375
-4.3125
-4.6875
-5.0625
-5.4375
-5.8125
-6.1875
-6.5625
-6.9375
-7.3125
7.3125
6.9375
6.5625
6.1875
5.8125
5.4375
5.0625
4.6875
4.3125
3.9375
3.5625
3.1875
2.8125
2.4375
2.0625
1.6875
1.3125
0.9375
0.5625
0.1875
-0.1875
-0.5625
-0.9375
-1.3125
-1.6875
-2.0625
-2.4375
-2.8125
-3.1875
-3.5625
-3.9375
-4.3125
-4.6875
-5.0625
-5.4375
-5.8125
-6.1875
-6.5625
-6.9375
-7.3125
7.3125
6.9375
6.5625
6.1875
5.8125
5.4375
5.0625
4.6875
4.3125
3.9375
3.5625
3.1875
2.8125
2.4375
2.0625
1.6875
1.3125
0.9375
0.5625
0.1875
-0.1875
-0.5625
-0.9375
-1.3125
-1.6875
-2.0625
-2.4375
-2.8125
-3.1875
-3.5625
-3.9375
-4.3125
-4.6875
-5.0625
-5.4375
-5.8125
-6.1875
-6.5625
-6.9375
-7.3125
7.3125
6.9375
6.5625
6.1875
5.8125
5.4375
5.0625
4.6875
4.3125
3.9375
3.5625
3.1875
2.8125
2.4375
2.0625
1.6875
1.3125
0.9375
0.5625
0.1875
-0.1875
-0.5625
-0.9375
-1.3125
-1.6875
-2.0625
-2.4375
-2.8125
-3.1875
-3.5625
-3.9375
-4.3125
-4.6875
-5.0625
-5.4375
-5.8125
-6.1875
-6.5625
-6.9375
-7.3125
7.3125
6.9375
6.5625
6.1875
5.8125
5.4375
5.0625
4.6875
4.3125
3.9375
3.5625
3.1875
2.8125
2.4375
2.0625
1.6875
1.3125
0.9375
0.5625
0.1875
-0.1875
-0.5625
-0.9375
-1.3125
-1.6875
-2.0625
-2.4375
-2.8125
-3.1875
-3.5625
-3.9375
-4.3125
-4.6875
-5.0625
-5.4375
-5.8125
-6.1875
-6.5625
-6.9375
-7.3125
7.3125
6.9375
6.5625
6.1875
5.8125
5.4375
5.0625
4.6875
4.3125
3.9375
3.5625
3.1875
2.8125
2.4375
2.0625
1.6875
1.3125
0.9375
0.5625
0.1875
-0.1875
-0.5625
-0.9375
-1.3125
-1.6875
-2.0625
-2.4375
-2.8125
-3.1875
-3.5625
-3.9375
-4.3125
-4.6875
-5.0625
-5.4375
-5.8125
-6.1875
-6.5625
-6.9375
-7.3125
7.3125
6.9375
6.5625
6.1875
5.8125
5.4375
5.0625
4.6875
4.3125
3.9375
3.5625
3.1875
2.8125
2.4375
2.0625
1.6875
1.3125
0.9375
0.5625
0.1875
-0.1875
-0.5625
-0.9375
-1.3125
-1.6875
-2.0625
-2.4375
-2.8125
-3.1875
-3.5625
-3.9375
-4.3125
-4.6875
-5.0625
-5.4375
-5.8125
-6.1875
-6.5625
-6.9375
-7.3125
7.3125
6.9375
6.5625
6.1875
5.8125
5.4375
5.0625
4.6875
4.3125
3.9375
3.5625
3.1875
2.8125
2.4375
2.0625
1.6875
1.3125
0.9375
0.5625
0.1875
-0.1875
-0.5625
-0.9375
-1.3125
-1.6875
-2.0625
-2.4375
-2.8125
-3.1875
-3.5625
-3.9375
-4.3125
-4.6875
-5.0625
-5.4375
-5.8125
-6.1875
-6.5625
-6.9375
-7.3125
7.3125
6.9375
6.5625
6.1875
5.8125
5.4375
5.0625
4.6875
4.3125
3.9375
3.5625
3.1875
2.8125
2.4375
2.0625
1.6875
1.3125
0.9375
0.5625
0.1875
-0.1875
-0.5625
-0.9375
-1.3125
-1.6875
-2.0625
-2.4375
-2.8125
-3.1875
-3.5625
-3.9375
-4.3125
-4.6875
-5.0625
-5.4375
-5.8125
-6.1875
-6.5625
-6.9375
-7.3125
7.3125
6.9375
6.5625
6.1875
5.8125
5.4375
5.0625
4.6875
4.3125
3.9375
3.5625
3.1875
2.8125
2.4375
2.0625
1.6875
1.3125
0.9375
0.5625
0.1875
-0.1875
-0.5625
-0.9375
-1.3125
-1.6875
-2.0625
-2.4375
-2.8125
-3.1875
-3.5625
-3.9375
-4.3125
-4.6875
-5.0625
-5.4375
-5.8125
-6.1875
-6.5625
-6.9375
-7.3125
7.3125
6.9375
6.5625
6.1875
5.8125
5.4375
5.0625
4.6875
4.3125
3.9375
3.5625
3.1875
2.8125
2.4375
2.0625
1.6875
1.3125
0.9375
0.5625
0.1875
-0.1875
-0.5625
-0.9375
-1.3125
-1.6875
-2.0625
-2.4375
-2.8125
-3.1875
-3.5625
-3.9375
-4.3125
-4.6875
-5.0625
-5.4375
-5.8125
-6.1875
-6.5625
-6.9375
-7.3125
7.3125
6.9375
6.5625
6.1875
5.8125
5.4375
5.0625
4.6875
4.3125
3.9375
3.5625
3.1875
2.8125
2.4375
2.0625
1.6875
1.3125
0.9375
0.5625
0.1875
-0.1875
-0.5625
-0.9375
-1.3125
-1.6875
-2.0625
-2.4375
-2.8125
-3.1875
-3.5625
-3.9375
-4.3125
-4.6875
-5.0625
-5.4375
-5.8125
-6.1875
-6.5625
-6.9375
-7.3125
7.3125
6.9375
6.5625
6.1875
5.8125
5.4375
5.0625
4.6875
4.3125
3.9375
3.5625
3.1875
2.8125
2.4375
2.0625
1.6875
1.3125
0.9375
0.5625
0.1875
-0.1875
-0.5625
-0.9375
-1.3125
-1.6875
-2.0625
-2.4375
-2.8125
-3.1875
-3.5625
-3.9375
-4.3125
-4.6875
-5.0625
-5.4375
-5.8125
-6.1875
-6.5625
-6.9375
-7.3125
7.3125
6.9375
6.5625
6.1875
5.8125
5.4375
5.0625
4.6875
4.3125
3.9375
3.5625
3.1875
2.8125
2.4375
2.0625
1.6875
1.3125
0.9375
0.5625
0.1875
-0.1875
-0.5625
-0.9375
-1.3125
-1.6875
-2.0625
-2.4375
-2.8125
-3.1875
-3.5625
-3.9375
-4.3125
-4.6875
-5.0625
-5.4375
-5.8125
-6.1875
-6.5625
-6.9375
-7.3125
7.3125
6.9375
6.5625
6.1875
5.8125
5.4375
5.0625
4.6875
4.3125
3.9375
3.5625
3.1875
2.8125
2.4375
2.0625
1.6875
1.3125
0.9375
0.5625
0.1875
-0.1875
-0.5625
-0.9375
-1.3125
-1.6875
-2.0625
-2.4375
-2.8125
-3.1875
-3.5625
-3.9375
-4.3125
-4.6875
-5.0625
-5.4375
-5.8125
-6.1875
-6.5625
-6.9375
-7.3125
7.3125
6.9375
6.5625
6.1875
5.8125
5.4375
5.0625
4.6875
4.3125
3.9375
3.5625
3.1875
2.8125
2.4375
2.0625
1.6875
1.3125
0.9375
0.5625
0.1875
-0.1875
-0.5625
-0.9375
-1.3125
-1.6875
-2.0625
-2.4375
-2.8125
-3.1875
-3.5625
-3.9375
-4.3125
-4.6875
-5.0625
-5.4375
-5.8125
-6.1875
-6.5625
-6.9375
-7.3125
7.3125
6.9375
6.5625
6.1875
5.8125
5.4375
5.0625
4.6875
4.3125
3.9375
3.5625
3.1875
2.8125
2.4375
2.0625
1.6875
1.3125
0.9375
0.5625
0.1875
-0.1875
-0.5625
-0.9375
-1.3125
-1.6875
-2.0625
-2.4375
-2.8125
-3.1875
-3.5625
-3.9375
-4.3125
-4.6875
-5.0625
-5.4375
-5.8125
-6.1875
-6.5625
-6.9375
-7.3125
7.3125
6.9375
6.5625
6.1875
5.8125
5.4375
5.0625
4.6875
4.3125
3.9375
3.5625
3.1875
2.8125
2.4375
2.0625
1.6875
1.3125
0.9375
0.5625
0.1875
-0.1875
-0.5625
-0.9375
-1.3125
-1.6875
-2.0625
-2.4375
-2.8125
-3.1875
-3.5625
-3.9375
-4.3125
-4.6875
-5.0625
-5.4375
-5.8125
-6.1875
-6.5625
-6.9375
-7.3125
7.3125
6.9375
6.5625
6.1875
5.8125
5.4375
5.0625
4.6875
4.3125
3.9375
3.5625
3.1875
2.8125
2.4375
2.0625
1.6875
1.3125
0.9375
0.5625
0.1875
-0.1875
-0.5625
-0.9375
-1.3125
-1.6875
-2.0625
-2.4375
-2.8125
-3.1875
-3.5625
-3.9375
-4.3125
-4.6875
-5.0625
-5.4375
-5.8125
-6.1875
-6.5625
-6.9375
-7.3125
7.3125
6.9375
6.5625
6.1875
5.8125
5.4375
5.0625
4.6875
4.3125
3.9375
3.5625
3.1875
2.8125
2.4375
2.0625
1.6875
1.3125
0.9375
0.5625
0.1875
-0.1875
-0.5625
-0.9375
-1.3125
-1.6875
-2.0625
-2.4375
-2.8125
-3.1875
-3.5625
-3.9375
-4.3125
-4.6875
-5.0625
-5.4375
-5.8125
-6.1875
-6.5625
-6.9375
-7.3125
7.3125
6.9375
6.5625
6.1875
5.8125
5.4375
5.0625
4.6875
4.3125
3.9375
3.5625
3.1875
2.8125
2.4375
2.0625
1.6875
1.3125
0.9375
0.5625
0.1875
-0.1875
-0.5625
-0.9375
-1.3125
-1.6875
-2.0625
-2.4375
-2.8125
-3.1875
-3.5625
-3.9375
-4.3125
-4.6875
-5.0625
-5.4375
-5.8125
-6.1875
-6.5625
-6.9375
-7.3125
7.3125
6.9375
6.5625
6.1875
5.8125
5.4375
5.0625
4.6875
4.3125
3.9375
3.5625
3.1875
2.8125
2.4375
2.0625
1.6875
1.3125
0.9375
0.5625
0.1875
-0.1875
-0.5625
-0.9375
-1.3125
-1.6875
-2.0625
-2.4375
-2.8125
-3.1875
-3.5625
-3.9375
-4.3125
-4.6875
-5.0625
-5.4375
-5.8125
-6.1875
-6.5625
-6.9375
-7.3125
7.3125
6.9375
6.5625
6.1875
5.8125
5.4375
5.0625
4.6875
4.3125
3.9375
3.5625
3.1875
2.8125
2.4375
2.0625
1.6875
1.3125
0.9375
0.5625
0.1875
-0.1875
-0.5625
-0.9375
-1.3125
-1.6875
-2.0625
-2.4375
-2.8125
-3.1875
-3.5625
-3.9375
-4.3125
-4.6875
-5.0625
-5.4375
-5.8125
-6.1875
-6.5625
-6.9375
-7.3125
7.3125
6.9375
6.5625
6.1875
5.8125
5.4375
5.0625
4.6875
4.3125
3.9375
3.5625
3.1875
2.8125
2.4375
2.0625
1.6875
1.3125
0.9375
0.5625
0.1875
-0.1875
-0.5625
-0.9375
-1.3125
-1.6875
-2.0625
-2.4375
-2.8125
-3.1875
-3.5625
-3.9375
-4.3125
-4.6875
-5.0625
-5.4375
-5.8125
-6.1875
-6.5625
-6.9375
-7.3125
7.3125
6.9375
6.5625
6.1875
5.8125
5.4375
5.0625
4.6875
4.3125
3.9375
3.5625
3.1875
2.8125
2.4375
2.0625
1.6875
1.3125
0.9375
0.5625
0.1875
-0.1875
-0.5625
-0.9375
-1.3125
-1.6875
-2.0625
-2.4375
-2.8125
-3.1875
-3.5625
-3.9375
-4.3125
-4.6875
-5.0625
-5.4375
-5.8125
-6.1875
-6.5625
-6.9375
-7.3125
7.3125
6.9375
6.5625
6.1875
5.8125
5.4375
5.0625
4.6875
4.3125
3.9375
3.5625
3.1875
2.8125
2.4375
2.0625
1.6875
1.3125
0.9375
0.5625
0.1875
-0.1875
-0.5625
-0.9375
-1.3125
-1.6875
-2.0625
-2.4375
-2.8125
-3.1875
-3.5625
-3.9375
-4.3125
-4.6875
-5.0625
-5.4375
-5.8125
-6.1875
-6.5625
-6.9375
-7.3125
7.3125
6.9375
6.5625
6.1875
5.8125
5.4375
5.0625
4.6875
4.3125
3.9375
3.5625
3.1875
2.8125
2.4375
2.0625
1.6875
1.3125
0.9375
0.5625
0.1875
-0.1875
-0.5625
-0.9375
-1.3125
-1.6875
-2.0625
-2.4375
-2.8125
-3.1875
-3.5625
-3.9375
-4.3125
-4.6875
-5.0625
-5.4375
-5.8125
-6.1875
-6.5625
-6.9375
-7.3125
7.3125
6.9375
6.5625
6.1875
5.8125
5.4375
5.0625
4.6875
4.3125
3.9375
3.5625
3.1875
2.8125
2.4375
2.0625
1.6875
1.3125
0.9375
0.5625
0.1875
-0.1875
-0.5625
-0.9375
-1.3125
-1.6875
-2.0625
-2.4375
-2.8125
-3.1875
-3.5625
-3.9375
-4.3125
-4.6875
-5.0625
-5.4375
-5.8125
-6.1875
-6.5625
-6.9375
-7.3125
)
;

boundaryField
{
    FrontBack
    {
        type            empty;
    }
    Cylinder
    {
        type            calculated;
        value           nonuniform List<scalar> 
160
(
-3.90655
-3.91988
-3.93262
-3.94477
-3.95632
-3.96722
-3.97747
-3.98707
-3.99598
-4.0042
-4.01171
-4.0185
-4.02457
-4.0299
-4.03448
-4.03831
-4.04138
-4.04369
-4.04523
-4.046
-4.046
-4.04523
-4.04369
-4.04138
-4.03831
-4.03448
-4.0299
-4.02457
-4.0185
-4.01171
-4.0042
-3.99598
-3.98707
-3.97747
-3.96722
-3.95631
-3.94477
-3.93262
-3.91987
-3.90655
-3.89267
-3.87826
-3.86333
-3.84791
-3.83203
-3.81571
-3.79897
-3.78185
-3.76436
-3.74652
-3.72839
-3.70998
-3.6913
-3.67241
-3.65333
-3.63408
-3.61468
-3.59519
-3.57562
-3.556
-3.53638
-3.51676
-3.49719
-3.4777
-3.45831
-3.43906
-3.41997
-3.40107
-3.38241
-3.36399
-3.34585
-3.32803
-3.31054
-3.29341
-3.27668
-3.26035
-3.24447
-3.22906
-3.21413
-3.19971
-3.18583
-3.17251
-3.15976
-3.1476
-3.13607
-3.12516
-3.11491
-3.10531
-3.09641
-3.08819
-3.08067
-3.07388
-3.06781
-3.06249
-3.05791
-3.05407
-3.051
-3.04869
-3.04715
-3.04639
-3.04638
-3.04715
-3.04869
-3.051
-3.05407
-3.0579
-3.06248
-3.06781
-3.07388
-3.08068
-3.08818
-3.0964
-3.10531
-3.11491
-3.12516
-3.13607
-3.1476
-3.15976
-3.17251
-3.18583
-3.19971
-3.21413
-3.22906
-3.24447
-3.26035
-3.27668
-3.29341
-3.31054
-3.32803
-3.34585
-3.36399
-3.38241
-3.40108
-3.41997
-3.43906
-3.45831
-3.4777
-3.49719
-3.51676
-3.53637
-3.55601
-3.57562
-3.59519
-3.61469
-3.63407
-3.65333
-3.67241
-3.6913
-3.70997
-3.72839
-3.74652
-3.76436
-3.78184
-3.79897
-3.81571
-3.83203
-3.84791
-3.86333
-3.87826
-3.89267
)
;
    }
    Bottom
    {
        type            calculated;
        value           nonuniform List<scalar> 
120
(
-7.5
-7.5
-7.5
-7.5
-7.5
-7.5
-7.5
-7.5
-7.5
-7.5
-7.5
-7.5
-7.5
-7.5
-7.5
-7.5
-7.5
-7.5
-7.5
-7.5
-7.5
-7.5
-7.5
-7.5
-7.5
-7.5
-7.5
-7.5
-7.5
-7.5
-7.5
-7.5
-7.5
-7.5
-7.5
-7.5
-7.5
-7.5
-7.5
-7.5
-7.5
-7.5
-7.5
-7.5
-7.5
-7.5
-7.5
-7.5
-7.5
-7.5
-7.5
-7.5
-7.5
-7.5
-7.5
-7.5
-7.5
-7.5
-7.5
-7.5
-7.5
-7.5
-7.5
-7.5
-7.5
-7.5
-7.5
-7.5
-7.5
-7.5
-7.5
-7.5
-7.5
-7.5
-7.5
-7.5
-7.5
-7.5
-7.5
-7.5
-7.5
-7.5
-7.5
-7.5
-7.5
-7.5
-7.5
-7.5
-7.5
-7.5
-7.5
-7.5
-7.5
-7.5
-7.5
-7.5
-7.5
-7.5
-7.5
-7.5
-7.5
-7.5
-7.5
-7.5
-7.5
-7.5
-7.5
-7.5
-7.5
-7.5
-7.5
-7.5
-7.5
-7.5
-7.5
-7.5
-7.5
-7.5
-7.5
-7.5
)
;
    }
    Top
    {
        type            calculated;
        value           nonuniform List<scalar> 
120
(
7.5
7.5
7.5
7.5
7.5
7.5
7.5
7.5
7.5
7.5
7.5
7.5
7.5
7.5
7.5
7.5
7.5
7.5
7.5
7.5
7.5
7.5
7.5
7.5
7.5
7.5
7.5
7.5
7.5
7.5
7.5
7.5
7.5
7.5
7.5
7.5
7.5
7.5
7.5
7.5
7.5
7.5
7.5
7.5
7.5
7.5
7.5
7.5
7.5
7.5
7.5
7.5
7.5
7.5
7.5
7.5
7.5
7.5
7.5
7.5
7.5
7.5
7.5
7.5
7.5
7.5
7.5
7.5
7.5
7.5
7.5
7.5
7.5
7.5
7.5
7.5
7.5
7.5
7.5
7.5
7.5
7.5
7.5
7.5
7.5
7.5
7.5
7.5
7.5
7.5
7.5
7.5
7.5
7.5
7.5
7.5
7.5
7.5
7.5
7.5
7.5
7.5
7.5
7.5
7.5
7.5
7.5
7.5
7.5
7.5
7.5
7.5
7.5
7.5
7.5
7.5
7.5
7.5
7.5
7.5
)
;
    }
    Inlet
    {
        type            calculated;
        value           nonuniform List<scalar> 
40
(
7.3125
6.9375
6.5625
6.1875
5.8125
5.4375
5.0625
4.6875
4.3125
3.9375
3.5625
3.1875
2.8125
2.4375
2.0625
1.6875
1.3125
0.9375
0.5625
0.1875
-0.1875
-0.5625
-0.9375
-1.3125
-1.6875
-2.0625
-2.4375
-2.8125
-3.1875
-3.5625
-3.9375
-4.3125
-4.6875
-5.0625
-5.4375
-5.8125
-6.1875
-6.5625
-6.9375
-7.3125
)
;
    }
    Outlet
    {
        type            calculated;
        value           nonuniform List<scalar> 
40
(
7.3125
6.9375
6.5625
6.1875
5.8125
5.4375
5.0625
4.6875
4.3125
3.9375
3.5625
3.1875
2.8125
2.4375
2.0625
1.6875
1.3125
0.9375
0.5625
0.1875
-0.1875
-0.5625
-0.9375
-1.3125
-1.6875
-2.0625
-2.4375
-2.8125
-3.1875
-3.5625
-3.9375
-4.3125
-4.6875
-5.0625
-5.4375
-5.8125
-6.1875
-6.5625
-6.9375
-7.3125
)
;
    }
}


// ************************************************************************* //
