/*--------------------------------*- C++ -*----------------------------------*\
  =========                 |
  \\      /  F ield         | OpenFOAM: The Open Source CFD Toolbox
   \\    /   O peration     | Website:  https://openfoam.org
    \\  /    A nd           | Version:  11
     \\/     M anipulation  |
\*---------------------------------------------------------------------------*/
FoamFile
{
    format      ascii;
    class       volScalarField;
    location    "0";
    object      Ccy;
}
// * * * * * * * * * * * * * * * * * * * * * * * * * * * * * * * * * * * * * //

dimensions      [0 1 0 0 0 0 0];

internalField   nonuniform List<scalar> 
9600
(
-7.4652425
-7.4652425
-7.4652425
-7.4652425
-7.4652425
-7.4652425
-7.4652425
-7.4652425
-7.4652425
-7.4652425
-7.4652425
-7.4652425
-7.4652425
-7.4652425
-7.4652425
-7.4652425
-7.4652425
-7.4652425
-7.4652425
-7.4652425
-7.4652425
-7.4652425
-7.4652425
-7.4652425
-7.4652425
-7.4652425
-7.4652425
-7.4652425
-7.4652425
-7.4652425
-7.4652425
-7.4652425
-7.4652425
-7.4652425
-7.4652425
-7.4652425
-7.4652425
-7.4652425
-7.4652425
-7.4652425
-7.3954952
-7.3954952
-7.3954952
-7.3954952
-7.3954952
-7.3954952
-7.3954952
-7.3954952
-7.3954952
-7.3954952
-7.3954952
-7.3954952
-7.3954952
-7.3954952
-7.3954952
-7.3954952
-7.3954952
-7.3954952
-7.3954952
-7.3954952
-7.3954952
-7.3954952
-7.3954952
-7.3954952
-7.3954952
-7.3954952
-7.3954952
-7.3954952
-7.3954952
-7.3954952
-7.3954952
-7.3954952
-7.3954952
-7.3954952
-7.3954952
-7.3954952
-7.3954952
-7.3954952
-7.3954952
-7.3954952
-7.325748
-7.325748
-7.325748
-7.325748
-7.325748
-7.325748
-7.325748
-7.325748
-7.325748
-7.325748
-7.325748
-7.325748
-7.325748
-7.325748
-7.325748
-7.325748
-7.325748
-7.325748
-7.325748
-7.325748
-7.325748
-7.325748
-7.325748
-7.325748
-7.325748
-7.325748
-7.325748
-7.325748
-7.325748
-7.325748
-7.325748
-7.325748
-7.325748
-7.325748
-7.325748
-7.325748
-7.325748
-7.325748
-7.325748
-7.325748
-7.2560008
-7.2560008
-7.2560008
-7.2560008
-7.2560008
-7.2560008
-7.2560008
-7.2560008
-7.2560008
-7.2560008
-7.2560008
-7.2560008
-7.2560008
-7.2560008
-7.2560008
-7.2560008
-7.2560008
-7.2560008
-7.2560008
-7.2560008
-7.2560008
-7.2560008
-7.2560008
-7.2560008
-7.2560008
-7.2560008
-7.2560008
-7.2560008
-7.2560008
-7.2560008
-7.2560008
-7.2560008
-7.2560008
-7.2560008
-7.2560008
-7.2560008
-7.2560008
-7.2560008
-7.2560008
-7.2560008
-7.1862538
-7.1862538
-7.1862538
-7.1862538
-7.1862538
-7.1862538
-7.1862538
-7.1862538
-7.1862538
-7.1862538
-7.1862538
-7.1862538
-7.1862538
-7.1862538
-7.1862538
-7.1862538
-7.1862538
-7.1862538
-7.1862538
-7.1862538
-7.1862538
-7.1862538
-7.1862538
-7.1862538
-7.1862538
-7.1862538
-7.1862538
-7.1862538
-7.1862538
-7.1862538
-7.1862538
-7.1862538
-7.1862538
-7.1862538
-7.1862538
-7.1862538
-7.1862538
-7.1862538
-7.1862538
-7.1862538
-7.116507
-7.116507
-7.116507
-7.116507
-7.116507
-7.116507
-7.116507
-7.116507
-7.116507
-7.116507
-7.116507
-7.116507
-7.116507
-7.116507
-7.116507
-7.116507
-7.116507
-7.116507
-7.116507
-7.116507
-7.116507
-7.116507
-7.116507
-7.116507
-7.116507
-7.116507
-7.116507
-7.116507
-7.116507
-7.116507
-7.116507
-7.116507
-7.116507
-7.116507
-7.116507
-7.116507
-7.116507
-7.116507
-7.116507
-7.116507
-7.0467602
-7.0467602
-7.0467602
-7.0467602
-7.0467602
-7.0467602
-7.0467602
-7.0467602
-7.0467602
-7.0467602
-7.0467602
-7.0467602
-7.0467602
-7.0467602
-7.0467602
-7.0467602
-7.0467602
-7.0467602
-7.0467602
-7.0467602
-7.0467602
-7.0467602
-7.0467602
-7.0467602
-7.0467602
-7.0467602
-7.0467602
-7.0467602
-7.0467602
-7.0467602
-7.0467602
-7.0467602
-7.0467602
-7.0467602
-7.0467602
-7.0467602
-7.0467602
-7.0467602
-7.0467602
-7.0467602
-6.9770136
-6.9770136
-6.9770136
-6.9770136
-6.9770136
-6.9770136
-6.9770136
-6.9770136
-6.9770136
-6.9770136
-6.9770136
-6.9770136
-6.9770136
-6.9770136
-6.9770136
-6.9770136
-6.9770136
-6.9770136
-6.9770136
-6.9770136
-6.9770136
-6.9770136
-6.9770136
-6.9770136
-6.9770136
-6.9770136
-6.9770136
-6.9770136
-6.9770136
-6.9770136
-6.9770136
-6.9770136
-6.9770136
-6.9770136
-6.9770136
-6.9770136
-6.9770136
-6.9770136
-6.9770136
-6.9770136
-6.9072672
-6.9072672
-6.9072672
-6.9072672
-6.9072672
-6.9072672
-6.9072672
-6.9072672
-6.9072672
-6.9072672
-6.9072672
-6.9072672
-6.9072672
-6.9072672
-6.9072672
-6.9072672
-6.9072672
-6.9072672
-6.9072672
-6.9072672
-6.9072672
-6.9072672
-6.9072672
-6.9072672
-6.9072672
-6.9072672
-6.9072672
-6.9072672
-6.9072672
-6.9072672
-6.9072672
-6.9072672
-6.9072672
-6.9072672
-6.9072672
-6.9072672
-6.9072672
-6.9072672
-6.9072672
-6.9072672
-6.8375208
-6.8375208
-6.8375208
-6.8375208
-6.8375208
-6.8375208
-6.8375208
-6.8375208
-6.8375208
-6.8375208
-6.8375208
-6.8375208
-6.8375208
-6.8375208
-6.8375208
-6.8375208
-6.8375208
-6.8375208
-6.8375208
-6.8375208
-6.8375208
-6.8375208
-6.8375208
-6.8375208
-6.8375208
-6.8375208
-6.8375208
-6.8375208
-6.8375208
-6.8375208
-6.8375208
-6.8375208
-6.8375208
-6.8375208
-6.8375208
-6.8375208
-6.8375208
-6.8375208
-6.8375208
-6.8375208
-6.7677747
-6.7677747
-6.7677747
-6.7677747
-6.7677747
-6.7677747
-6.7677747
-6.7677747
-6.7677747
-6.7677747
-6.7677747
-6.7677747
-6.7677747
-6.7677747
-6.7677747
-6.7677747
-6.7677747
-6.7677747
-6.7677747
-6.7677747
-6.7677747
-6.7677747
-6.7677747
-6.7677747
-6.7677747
-6.7677747
-6.7677747
-6.7677747
-6.7677747
-6.7677747
-6.7677747
-6.7677747
-6.7677747
-6.7677747
-6.7677747
-6.7677747
-6.7677747
-6.7677747
-6.7677747
-6.7677747
-6.6980288
-6.6980288
-6.6980288
-6.6980288
-6.6980288
-6.6980288
-6.6980288
-6.6980288
-6.6980288
-6.6980288
-6.6980288
-6.6980288
-6.6980288
-6.6980288
-6.6980288
-6.6980288
-6.6980288
-6.6980288
-6.6980288
-6.6980288
-6.6980288
-6.6980288
-6.6980288
-6.6980288
-6.6980288
-6.6980288
-6.6980288
-6.6980288
-6.6980288
-6.6980288
-6.6980288
-6.6980288
-6.6980288
-6.6980288
-6.6980288
-6.6980288
-6.6980288
-6.6980288
-6.6980288
-6.6980288
-6.628283
-6.628283
-6.628283
-6.628283
-6.628283
-6.628283
-6.628283
-6.628283
-6.628283
-6.628283
-6.628283
-6.628283
-6.628283
-6.628283
-6.628283
-6.628283
-6.628283
-6.628283
-6.628283
-6.628283
-6.628283
-6.628283
-6.628283
-6.628283
-6.628283
-6.628283
-6.628283
-6.628283
-6.628283
-6.628283
-6.628283
-6.628283
-6.628283
-6.628283
-6.628283
-6.628283
-6.628283
-6.628283
-6.628283
-6.628283
-6.5585375
-6.5585375
-6.5585375
-6.5585375
-6.5585375
-6.5585375
-6.5585375
-6.5585375
-6.5585375
-6.5585375
-6.5585375
-6.5585375
-6.5585375
-6.5585375
-6.5585375
-6.5585375
-6.5585375
-6.5585375
-6.5585375
-6.5585375
-6.5585375
-6.5585375
-6.5585375
-6.5585375
-6.5585375
-6.5585375
-6.5585375
-6.5585375
-6.5585375
-6.5585375
-6.5585375
-6.5585375
-6.5585375
-6.5585375
-6.5585375
-6.5585375
-6.5585375
-6.5585375
-6.5585375
-6.5585375
-6.4887923
-6.4887923
-6.4887923
-6.4887923
-6.4887923
-6.4887923
-6.4887923
-6.4887923
-6.4887923
-6.4887923
-6.4887923
-6.4887923
-6.4887923
-6.4887923
-6.4887923
-6.4887923
-6.4887923
-6.4887923
-6.4887923
-6.4887923
-6.4887923
-6.4887923
-6.4887923
-6.4887923
-6.4887923
-6.4887923
-6.4887923
-6.4887923
-6.4887923
-6.4887923
-6.4887923
-6.4887923
-6.4887923
-6.4887923
-6.4887923
-6.4887923
-6.4887923
-6.4887923
-6.4887923
-6.4887923
-6.4190473
-6.4190473
-6.4190473
-6.4190473
-6.4190473
-6.4190473
-6.4190473
-6.4190473
-6.4190473
-6.4190473
-6.4190473
-6.4190473
-6.4190473
-6.4190473
-6.4190473
-6.4190473
-6.4190473
-6.4190473
-6.4190473
-6.4190473
-6.4190473
-6.4190473
-6.4190473
-6.4190473
-6.4190473
-6.4190473
-6.4190473
-6.4190473
-6.4190473
-6.4190473
-6.4190473
-6.4190473
-6.4190473
-6.4190473
-6.4190473
-6.4190473
-6.4190473
-6.4190473
-6.4190473
-6.4190473
-6.3493026
-6.3493026
-6.3493026
-6.3493026
-6.3493026
-6.3493026
-6.3493026
-6.3493026
-6.3493026
-6.3493026
-6.3493026
-6.3493026
-6.3493026
-6.3493026
-6.3493026
-6.3493026
-6.3493026
-6.3493026
-6.3493026
-6.3493026
-6.3493026
-6.3493026
-6.3493026
-6.3493026
-6.3493026
-6.3493026
-6.3493026
-6.3493026
-6.3493026
-6.3493026
-6.3493026
-6.3493026
-6.3493026
-6.3493026
-6.3493026
-6.3493026
-6.3493026
-6.3493026
-6.3493026
-6.3493026
-6.2795581
-6.2795581
-6.2795581
-6.2795581
-6.2795581
-6.2795581
-6.2795581
-6.2795581
-6.2795581
-6.2795581
-6.2795581
-6.2795581
-6.2795581
-6.2795581
-6.2795581
-6.2795581
-6.2795581
-6.2795581
-6.2795581
-6.2795581
-6.2795581
-6.2795581
-6.2795581
-6.2795581
-6.2795581
-6.2795581
-6.2795581
-6.2795581
-6.2795581
-6.2795581
-6.2795581
-6.2795581
-6.2795581
-6.2795581
-6.2795581
-6.2795581
-6.2795581
-6.2795581
-6.2795581
-6.2795581
-6.2098141
-6.2098141
-6.2098141
-6.2098141
-6.2098141
-6.2098141
-6.2098141
-6.2098141
-6.2098141
-6.2098141
-6.2098141
-6.2098141
-6.2098141
-6.2098141
-6.2098141
-6.2098141
-6.2098141
-6.2098141
-6.2098141
-6.2098141
-6.2098141
-6.2098141
-6.2098141
-6.2098141
-6.2098141
-6.2098141
-6.2098141
-6.2098141
-6.2098141
-6.2098141
-6.2098141
-6.2098141
-6.2098141
-6.2098141
-6.2098141
-6.2098141
-6.2098141
-6.2098141
-6.2098141
-6.2098141
-6.1400704
-6.1400704
-6.1400704
-6.1400704
-6.1400704
-6.1400704
-6.1400704
-6.1400704
-6.1400704
-6.1400704
-6.1400704
-6.1400704
-6.1400704
-6.1400704
-6.1400704
-6.1400704
-6.1400704
-6.1400704
-6.1400704
-6.1400704
-6.1400704
-6.1400704
-6.1400704
-6.1400704
-6.1400704
-6.1400704
-6.1400704
-6.1400704
-6.1400704
-6.1400704
-6.1400704
-6.1400704
-6.1400704
-6.1400704
-6.1400704
-6.1400704
-6.1400704
-6.1400704
-6.1400704
-6.1400704
-6.070327
-6.070327
-6.070327
-6.070327
-6.070327
-6.070327
-6.070327
-6.070327
-6.070327
-6.070327
-6.070327
-6.070327
-6.070327
-6.070327
-6.070327
-6.070327
-6.070327
-6.070327
-6.070327
-6.070327
-6.070327
-6.070327
-6.070327
-6.070327
-6.070327
-6.070327
-6.070327
-6.070327
-6.070327
-6.070327
-6.070327
-6.070327
-6.070327
-6.070327
-6.070327
-6.070327
-6.070327
-6.070327
-6.070327
-6.070327
-6.0005842
-6.0005842
-6.0005842
-6.0005842
-6.0005842
-6.0005842
-6.0005842
-6.0005842
-6.0005842
-6.0005842
-6.0005842
-6.0005842
-6.0005842
-6.0005842
-6.0005842
-6.0005842
-6.0005842
-6.0005842
-6.0005842
-6.0005842
-6.0005842
-6.0005842
-6.0005842
-6.0005842
-6.0005842
-6.0005842
-6.0005842
-6.0005842
-6.0005842
-6.0005842
-6.0005842
-6.0005842
-6.0005842
-6.0005842
-6.0005842
-6.0005842
-6.0005842
-6.0005842
-6.0005842
-6.0005842
-5.9308419
-5.9308419
-5.9308419
-5.9308419
-5.9308419
-5.9308419
-5.9308419
-5.9308419
-5.9308419
-5.9308419
-5.9308419
-5.9308419
-5.9308419
-5.9308419
-5.9308419
-5.9308419
-5.9308419
-5.9308419
-5.9308419
-5.9308419
-5.9308419
-5.9308419
-5.9308419
-5.9308419
-5.9308419
-5.9308419
-5.9308419
-5.9308419
-5.9308419
-5.9308419
-5.9308419
-5.9308419
-5.9308419
-5.9308419
-5.9308419
-5.9308419
-5.9308419
-5.9308419
-5.9308419
-5.9308419
-5.8611001
-5.8611001
-5.8611001
-5.8611001
-5.8611001
-5.8611001
-5.8611001
-5.8611001
-5.8611001
-5.8611001
-5.8611001
-5.8611001
-5.8611001
-5.8611001
-5.8611001
-5.8611001
-5.8611001
-5.8611001
-5.8611001
-5.8611001
-5.8611001
-5.8611001
-5.8611001
-5.8611001
-5.8611001
-5.8611001
-5.8611001
-5.8611001
-5.8611001
-5.8611001
-5.8611001
-5.8611001
-5.8611001
-5.8611001
-5.8611001
-5.8611001
-5.8611001
-5.8611001
-5.8611001
-5.8611001
-5.7913589
-5.7913589
-5.7913589
-5.7913589
-5.7913589
-5.7913589
-5.7913589
-5.7913589
-5.7913589
-5.7913589
-5.7913589
-5.7913589
-5.7913589
-5.7913589
-5.7913589
-5.7913589
-5.7913589
-5.7913589
-5.7913589
-5.7913589
-5.7913589
-5.7913589
-5.7913589
-5.7913589
-5.7913589
-5.7913589
-5.7913589
-5.7913589
-5.7913589
-5.7913589
-5.7913589
-5.7913589
-5.7913589
-5.7913589
-5.7913589
-5.7913589
-5.7913589
-5.7913589
-5.7913589
-5.7913589
-5.7216185
-5.7216185
-5.7216185
-5.7216185
-5.7216185
-5.7216185
-5.7216185
-5.7216185
-5.7216185
-5.7216185
-5.7216185
-5.7216185
-5.7216185
-5.7216185
-5.7216185
-5.7216185
-5.7216185
-5.7216185
-5.7216185
-5.7216185
-5.7216185
-5.7216185
-5.7216185
-5.7216185
-5.7216185
-5.7216185
-5.7216185
-5.7216185
-5.7216185
-5.7216185
-5.7216185
-5.7216185
-5.7216185
-5.7216185
-5.7216185
-5.7216185
-5.7216185
-5.7216185
-5.7216185
-5.7216185
-5.6518788
-5.6518788
-5.6518788
-5.6518788
-5.6518788
-5.6518788
-5.6518788
-5.6518788
-5.6518788
-5.6518788
-5.6518788
-5.6518788
-5.6518788
-5.6518788
-5.6518788
-5.6518788
-5.6518788
-5.6518788
-5.6518788
-5.6518788
-5.6518788
-5.6518788
-5.6518788
-5.6518788
-5.6518788
-5.6518788
-5.6518788
-5.6518788
-5.6518788
-5.6518788
-5.6518788
-5.6518788
-5.6518788
-5.6518788
-5.6518788
-5.6518788
-5.6518788
-5.6518788
-5.6518788
-5.6518788
-5.5821401
-5.5821401
-5.5821401
-5.5821401
-5.5821401
-5.5821401
-5.5821401
-5.5821401
-5.5821401
-5.5821401
-5.5821401
-5.5821401
-5.5821401
-5.5821401
-5.5821401
-5.5821401
-5.5821401
-5.5821401
-5.5821401
-5.5821401
-5.5821401
-5.5821401
-5.5821401
-5.5821401
-5.5821401
-5.5821401
-5.5821401
-5.5821401
-5.5821401
-5.5821401
-5.5821401
-5.5821401
-5.5821401
-5.5821401
-5.5821401
-5.5821401
-5.5821401
-5.5821401
-5.5821401
-5.5821401
-5.5124023
-5.5124023
-5.5124023
-5.5124023
-5.5124023
-5.5124023
-5.5124023
-5.5124023
-5.5124023
-5.5124023
-5.5124023
-5.5124023
-5.5124023
-5.5124023
-5.5124023
-5.5124023
-5.5124023
-5.5124023
-5.5124023
-5.5124023
-5.5124023
-5.5124023
-5.5124023
-5.5124023
-5.5124023
-5.5124023
-5.5124023
-5.5124023
-5.5124023
-5.5124023
-5.5124023
-5.5124023
-5.5124023
-5.5124023
-5.5124023
-5.5124023
-5.5124023
-5.5124023
-5.5124023
-5.5124023
-5.4426657
-5.4426657
-5.4426657
-5.4426657
-5.4426657
-5.4426657
-5.4426657
-5.4426657
-5.4426657
-5.4426657
-5.4426657
-5.4426657
-5.4426657
-5.4426657
-5.4426657
-5.4426657
-5.4426657
-5.4426657
-5.4426657
-5.4426657
-5.4426657
-5.4426657
-5.4426657
-5.4426657
-5.4426657
-5.4426657
-5.4426657
-5.4426657
-5.4426657
-5.4426657
-5.4426657
-5.4426657
-5.4426657
-5.4426657
-5.4426657
-5.4426657
-5.4426657
-5.4426657
-5.4426657
-5.4426657
-5.3729305
-5.3729305
-5.3729305
-5.3729305
-5.3729305
-5.3729305
-5.3729305
-5.3729305
-5.3729305
-5.3729305
-5.3729305
-5.3729305
-5.3729305
-5.3729305
-5.3729305
-5.3729305
-5.3729305
-5.3729305
-5.3729305
-5.3729305
-5.3729305
-5.3729305
-5.3729305
-5.3729305
-5.3729305
-5.3729305
-5.3729305
-5.3729305
-5.3729305
-5.3729305
-5.3729305
-5.3729305
-5.3729305
-5.3729305
-5.3729305
-5.3729305
-5.3729305
-5.3729305
-5.3729305
-5.3729305
-5.3031969
-5.3031969
-5.3031969
-5.3031969
-5.3031969
-5.3031969
-5.3031969
-5.3031969
-5.3031969
-5.3031969
-5.3031969
-5.3031969
-5.3031969
-5.3031969
-5.3031969
-5.3031969
-5.3031969
-5.3031969
-5.3031969
-5.3031969
-5.3031969
-5.3031969
-5.3031969
-5.3031969
-5.3031969
-5.3031969
-5.3031969
-5.3031969
-5.3031969
-5.3031969
-5.3031969
-5.3031969
-5.3031969
-5.3031969
-5.3031969
-5.3031969
-5.3031969
-5.3031969
-5.3031969
-5.3031969
-5.2334651
-5.2334651
-5.2334651
-5.2334651
-5.2334651
-5.2334651
-5.2334651
-5.2334651
-5.2334651
-5.2334651
-5.2334651
-5.2334651
-5.2334651
-5.2334651
-5.2334651
-5.2334651
-5.2334651
-5.2334651
-5.2334651
-5.2334651
-5.2334651
-5.2334651
-5.2334651
-5.2334651
-5.2334651
-5.2334651
-5.2334651
-5.2334651
-5.2334651
-5.2334651
-5.2334651
-5.2334651
-5.2334651
-5.2334651
-5.2334651
-5.2334651
-5.2334651
-5.2334651
-5.2334651
-5.2334651
-5.1637355
-5.1637355
-5.1637355
-5.1637355
-5.1637355
-5.1637355
-5.1637355
-5.1637355
-5.1637355
-5.1637355
-5.1637355
-5.1637355
-5.1637355
-5.1637355
-5.1637355
-5.1637355
-5.1637355
-5.1637355
-5.1637355
-5.1637355
-5.1637355
-5.1637355
-5.1637355
-5.1637355
-5.1637355
-5.1637355
-5.1637355
-5.1637355
-5.1637355
-5.1637355
-5.1637355
-5.1637355
-5.1637355
-5.1637355
-5.1637355
-5.1637355
-5.1637355
-5.1637355
-5.1637355
-5.1637355
-5.0940084
-5.0940084
-5.0940084
-5.0940084
-5.0940084
-5.0940084
-5.0940084
-5.0940084
-5.0940084
-5.0940084
-5.0940084
-5.0940084
-5.0940084
-5.0940084
-5.0940084
-5.0940084
-5.0940084
-5.0940084
-5.0940084
-5.0940084
-5.0940084
-5.0940084
-5.0940084
-5.0940084
-5.0940084
-5.0940084
-5.0940084
-5.0940084
-5.0940084
-5.0940084
-5.0940084
-5.0940084
-5.0940084
-5.0940084
-5.0940084
-5.0940084
-5.0940084
-5.0940084
-5.0940084
-5.0940084
-5.0242846
-5.0242846
-5.0242846
-5.0242846
-5.0242846
-5.0242846
-5.0242846
-5.0242846
-5.0242846
-5.0242846
-5.0242846
-5.0242846
-5.0242846
-5.0242846
-5.0242846
-5.0242846
-5.0242846
-5.0242846
-5.0242846
-5.0242846
-5.0242846
-5.0242846
-5.0242846
-5.0242846
-5.0242846
-5.0242846
-5.0242846
-5.0242846
-5.0242846
-5.0242846
-5.0242846
-5.0242846
-5.0242846
-5.0242846
-5.0242846
-5.0242846
-5.0242846
-5.0242846
-5.0242846
-5.0242846
-4.9545645
-4.9545645
-4.9545645
-4.9545645
-4.9545645
-4.9545645
-4.9545645
-4.9545645
-4.9545645
-4.9545645
-4.9545645
-4.9545645
-4.9545645
-4.9545645
-4.9545645
-4.9545645
-4.9545645
-4.9545645
-4.9545645
-4.9545645
-4.9545645
-4.9545645
-4.9545645
-4.9545645
-4.9545645
-4.9545645
-4.9545645
-4.9545645
-4.9545645
-4.9545645
-4.9545645
-4.9545645
-4.9545645
-4.9545645
-4.9545645
-4.9545645
-4.9545645
-4.9545645
-4.9545645
-4.9545645
-4.8848492
-4.8848492
-4.8848492
-4.8848492
-4.8848492
-4.8848492
-4.8848492
-4.8848492
-4.8848492
-4.8848492
-4.8848492
-4.8848492
-4.8848492
-4.8848492
-4.8848492
-4.8848492
-4.8848492
-4.8848492
-4.8848492
-4.8848492
-4.8848492
-4.8848492
-4.8848492
-4.8848492
-4.8848492
-4.8848492
-4.8848492
-4.8848492
-4.8848492
-4.8848492
-4.8848492
-4.8848492
-4.8848492
-4.8848492
-4.8848492
-4.8848492
-4.8848492
-4.8848492
-4.8848492
-4.8848492
-4.8151399
-4.8151399
-4.8151399
-4.8151399
-4.8151399
-4.8151399
-4.8151399
-4.8151399
-4.8151399
-4.8151399
-4.8151399
-4.8151399
-4.8151399
-4.8151399
-4.8151399
-4.8151399
-4.8151399
-4.8151399
-4.8151399
-4.8151399
-4.8151399
-4.8151399
-4.8151399
-4.8151399
-4.8151399
-4.8151399
-4.8151399
-4.8151399
-4.8151399
-4.8151399
-4.8151399
-4.8151399
-4.8151399
-4.8151399
-4.8151399
-4.8151399
-4.8151399
-4.8151399
-4.8151399
-4.8151399
-4.7454383
-4.7454383
-4.7454383
-4.7454383
-4.7454383
-4.7454383
-4.7454383
-4.7454383
-4.7454383
-4.7454383
-4.7454383
-4.7454383
-4.7454383
-4.7454383
-4.7454383
-4.7454383
-4.7454383
-4.7454383
-4.7454383
-4.7454383
-4.7454383
-4.7454383
-4.7454383
-4.7454383
-4.7454383
-4.7454383
-4.7454383
-4.7454383
-4.7454383
-4.7454383
-4.7454383
-4.7454383
-4.7454383
-4.7454383
-4.7454383
-4.7454383
-4.7454383
-4.7454383
-4.7454383
-4.7454383
-7.2799412
-6.909299
-6.5386568
-6.1680146
-5.7973724
-5.4267301
-5.0560879
-4.6854457
-4.3148035
-3.9441613
-3.5735191
-3.2028769
-2.8322346
-2.4615924
-2.0909502
-1.720308
-1.3496658
-0.97902358
-0.60838137
-0.23773916
0.13290306
0.50354527
0.87418749
1.2448297
1.6154719
1.9861141
2.3567564
2.7273986
3.0980408
3.468683
3.8393252
4.2099674
4.5806097
4.9512519
5.3218941
5.6925363
6.0631785
6.4338207
6.8044629
7.1751052
-7.2145696
-6.8526769
-6.4907843
-6.1288917
-5.7669991
-5.4051064
-5.0432138
-4.6813212
-4.3194285
-3.9575359
-3.5956433
-3.2337506
-2.871858
-2.5099654
-2.1480727
-1.7861801
-1.4242875
-1.0623949
-0.70050224
-0.3386096
0.023283026
0.38517566
0.74706829
1.1089609
1.4708536
1.8327462
2.1946388
2.5565315
2.9184241
3.2803167
3.6422094
4.004102
4.3659946
4.7278872
5.0897799
5.4516725
5.8135651
6.1754578
6.5373504
6.899243
-7.1491981
-6.796055
-6.442912
-6.0897689
-5.7366258
-5.3834828
-5.0303397
-4.6771966
-4.3240535
-3.9709105
-3.6177674
-3.2646243
-2.9114813
-2.5583382
-2.2051951
-1.8520521
-1.498909
-1.1457659
-0.79262287
-0.43947981
-0.086336746
0.26680632
0.61994939
0.97309246
1.3262355
1.6793786
2.0325217
2.3856647
2.7388078
3.0919509
3.4450939
3.798237
4.1513801
4.5045231
4.8576662
5.2108093
5.5639524
5.9170954
6.2702385
6.6233816
-7.0838268
-6.7394332
-6.3950397
-6.0506462
-5.7062527
-5.3618591
-5.0174656
-4.6730721
-4.3286786
-3.984285
-3.6398915
-3.295498
-2.9511044
-2.6067109
-2.2623174
-1.9179239
-1.5735303
-1.2291368
-0.88474329
-0.54034977
-0.19595624
0.14843729
0.49283082
0.83722435
1.1816179
1.5260114
1.8704049
2.2147985
2.559192
2.9035855
3.247979
3.5923726
3.9367661
4.2811596
4.6255531
4.9699467
5.3143402
5.6587337
6.0031273
6.3475208
-7.0184556
-6.6828116
-6.3471676
-6.0115236
-5.6758796
-5.3402356
-5.0045916
-4.6689476
-4.3333036
-3.9976595
-3.6620155
-3.3263715
-2.9907275
-2.6550835
-2.3194395
-1.9837955
-1.6481515
-1.3125075
-0.97686345
-0.64121944
-0.30557543
0.030068578
0.36571259
0.7013566
1.0370006
1.3726446
1.7082886
2.0439326
2.3795766
2.7152207
3.0508647
3.3865087
3.7221527
4.0577967
4.3934407
4.7290847
5.0647287
5.4003727
5.7360167
6.0716608
-6.9530847
-6.6261902
-6.2992956
-5.9724011
-5.6455066
-5.3186121
-4.9917176
-4.6648231
-4.3379285
-4.011034
-3.6841395
-3.357245
-3.0303505
-2.7034559
-2.3765614
-2.0496669
-1.7227724
-1.3958779
-1.0689833
-0.74208882
-0.4151943
-0.088299783
0.23859474
0.56548925
0.89238378
1.2192783
1.5461728
1.8730673
2.1999618
2.5268564
2.8537509
3.1806454
3.5075399
3.8344344
4.161329
4.4882235
4.815118
5.1420125
5.468907
5.7958016
-6.8877139
-6.5695689
-6.2514238
-5.9332788
-5.6151337
-5.2969887
-4.9788436
-4.6606986
-4.3425535
-4.0244084
-3.7062634
-3.3881183
-3.0699733
-2.7518282
-2.4336832
-2.1155381
-1.7973931
-1.479248
-1.1611029
-0.84295787
-0.52481282
-0.20666776
0.11147729
0.42962235
0.7477674
1.0659125
1.3840575
1.7022026
2.0203476
2.3384927
2.6566377
2.9747828
3.2929278
3.6110729
3.9292179
4.247363
4.5655081
4.8836531
5.2017982
5.5199432
-6.8223434
-6.5129478
-6.2035522
-5.8941566
-5.5847609
-5.2753653
-4.9659697
-4.6565741
-4.3471784
-4.0377828
-3.7283872
-3.4189916
-3.109596
-2.8002003
-2.4908047
-2.1814091
-1.8720135
-1.5626178
-1.2532222
-0.94382659
-0.63443096
-0.32503534
-0.015639713
0.29375591
0.60315153
0.91254716
1.2219428
1.5313384
1.840734
2.1501296
2.4595253
2.7689209
3.0783165
3.3877121
3.6971077
4.0065034
4.315899
4.6252946
4.9346902
5.2440859
-6.7569732
-6.4563269
-6.1556807
-5.8550345
-5.5543883
-5.2537421
-4.9530958
-4.6524496
-4.3518034
-4.0511572
-3.7505109
-3.4498647
-3.1492185
-2.8485723
-2.547926
-2.2472798
-1.9466336
-1.6459874
-1.3453412
-1.0446949
-0.74404868
-0.44340246
-0.14275624
0.15788998
0.45853621
0.75918243
1.0598286
1.3604749
1.6611211
1.9617673
2.2624135
2.5630598
2.863706
3.1643522
3.4649984
3.7656446
4.0662909
4.3669371
4.6675833
4.9682295
-6.6916031
-6.3997063
-6.1078094
-5.8159125
-5.5240157
-5.2321188
-4.940222
-4.6483251
-4.3564282
-4.0645314
-3.7726345
-3.4807377
-3.1888408
-2.8969439
-2.6050471
-2.3131502
-2.0212534
-1.7293565
-1.4374597
-1.1455628
-0.85366594
-0.5617691
-0.26987224
0.02202462
0.31392148
0.60581834
0.8977152
1.1896121
1.4815089
1.7734058
2.0653027
2.3571995
2.6490964
2.9409932
3.2328901
3.524787
3.8166838
4.1085807
4.4004775
4.6923744
-6.6262334
-6.3430859
-6.0599383
-5.7767908
-5.4936433
-5.2104957
-4.9273482
-4.6442007
-4.3610531
-4.0779056
-3.7947581
-3.5116105
-3.228463
-2.9453155
-2.6621679
-2.3790204
-2.0958729
-1.8127253
-1.5295778
-1.2464303
-0.96328273
-0.6801352
-0.39698767
-0.11384013
0.1693074
0.45245494
0.73560247
1.01875
1.3018976
1.5850451
1.8681926
2.1513402
2.4344877
2.7176352
3.0007828
3.2839303
3.5670778
3.8502254
4.1333729
4.4165204
-6.560864
-6.2864658
-6.0120675
-5.7376693
-5.463271
-5.1888728
-4.9144745
-4.6400763
-4.365678
-4.0912798
-3.8168815
-3.5424832
-3.268085
-2.9936867
-2.7192885
-2.4448902
-2.170492
-1.8960937
-1.6216955
-1.3472972
-1.072899
-0.79850073
-0.52410247
-0.24970422
0.024694034
0.29909229
0.57349054
0.84788879
1.1222871
1.3966853
1.6710836
1.9454818
2.2198801
2.4942783
2.7686766
3.0430748
3.3174731
3.5918713
3.8662696
4.1406679
-6.495495
-6.229846
-5.964197
-5.698548
-5.4328989
-5.1672499
-4.9016009
-4.6359519
-4.3703029
-4.1046538
-3.8390048
-3.5733558
-3.3077068
-3.0420578
-2.7764087
-2.5107597
-2.2451107
-1.9794617
-1.7138127
-1.4481636
-1.1825146
-0.91686561
-0.65121659
-0.38556757
-0.11991855
0.14573047
0.41137949
0.67702851
0.94267754
1.2083266
1.4739756
1.7396246
2.0052736
2.2709226
2.5365717
2.8022207
3.0678697
3.3335187
3.5991677
3.8648168
-6.4301264
-6.1732265
-5.9163267
-5.6594269
-5.402527
-5.1456272
-4.8887273
-4.6318275
-4.3749277
-4.1180278
-3.861128
-3.6042282
-3.3473283
-3.0904285
-2.8335286
-2.5766288
-2.319729
-2.0628291
-1.8059293
-1.5490295
-1.2921296
-1.0352298
-0.77832995
-0.52143011
-0.26453027
-0.0076304341
0.2492694
0.50616924
0.76306908
1.0199689
1.2768688
1.5337686
1.7906684
2.0475683
2.3044681
2.5613679
2.8182678
3.0751676
3.3320675
3.5889673
-6.3647582
-6.1166075
-5.8684567
-5.620306
-5.3721553
-5.1240046
-4.8758539
-4.6277032
-4.3795525
-4.1314017
-3.883251
-3.6351003
-3.3869496
-3.1387989
-2.8906482
-2.6424975
-2.3943467
-2.146196
-1.8980453
-1.6498946
-1.4017439
-1.1535932
-0.90544247
-0.65729175
-0.40914104
-0.16099032
0.087160389
0.3353111
0.58346182
0.83161254
1.0797633
1.327914
1.5760647
1.8242154
2.0723661
2.3205168
2.5686675
2.8168182
3.064969
3.3131197
-6.2993904
-6.0599888
-5.8205871
-5.5811855
-5.3417838
-5.1023822
-4.8629805
-4.6235789
-4.3841772
-4.1447756
-3.9053739
-3.6659723
-3.4265706
-3.1871689
-2.9477673
-2.7083656
-2.468964
-2.2295623
-1.9901607
-1.750759
-1.5113574
-1.2719557
-1.0325541
-0.7931524
-0.55375075
-0.31434909
-0.074947441
0.16445421
0.40385587
0.64325752
0.88265916
1.1220608
1.3614625
1.6008641
1.8402658
2.0796674
2.3190691
2.5584707
2.7978724
3.0372741
-6.2340232
-6.0033706
-5.7727179
-5.5420653
-5.3114126
-5.0807599
-4.8501073
-4.6194546
-4.3888019
-4.1581493
-3.9274966
-3.6968439
-3.4661913
-3.2355386
-3.0048859
-2.7742333
-2.5435806
-2.3129279
-2.0822753
-1.8516226
-1.6209699
-1.3903173
-1.1596646
-0.92901196
-0.69835928
-0.46770661
-0.23705395
-0.0064012846
0.22425138
0.45490405
0.68555671
0.91620938
1.146862
1.3775147
1.6081674
1.83882
2.0694727
2.3001254
2.530778
2.7614307
-6.1686566
-5.9467529
-5.7248491
-5.5029454
-5.2810416
-5.0591379
-4.8372341
-4.6153304
-4.3934266
-4.1715228
-3.9496191
-3.7277153
-3.5058116
-3.2839078
-3.0620041
-2.8401003
-2.6181966
-2.3962928
-2.174389
-1.9524853
-1.7305815
-1.5086778
-1.286774
-1.0648702
-0.84296649
-0.62106273
-0.39915898
-0.17725522
0.044648532
0.26655229
0.48845604
0.7103598
0.93226354
1.1541673
1.3760711
1.5979748
1.8198786
2.0417823
2.2636861
2.4855898
-6.1032907
-5.8901358
-5.6769808
-5.4638259
-5.250671
-5.037516
-4.8243611
-4.6112062
-4.3980512
-4.1848963
-3.9717414
-3.7585864
-3.5454315
-3.3322765
-3.1191216
-2.9059667
-2.6928117
-2.4796568
-2.2665019
-2.0533469
-1.840192
-1.6270371
-1.4138821
-1.2007272
-0.98757224
-0.77441729
-0.56126235
-0.34810741
-0.13495248
0.07820246
0.2913574
0.50451233
0.71766727
0.93082221
1.1439771
1.3571321
1.570287
1.7834419
1.9965969
2.2097518
-6.0379255
-5.8335193
-5.6291131
-5.4247069
-5.2203007
-5.0158945
-4.8114882
-4.607082
-4.4026758
-4.1982696
-3.9938634
-3.7894571
-3.5850509
-3.3806447
-3.1762385
-2.9718323
-2.7674261
-2.5630198
-2.3586136
-2.1542074
-1.9498012
-1.745395
-1.5409887
-1.3365825
-1.1321763
-0.92777006
-0.72336385
-0.51895763
-0.31455141
-0.11014519
0.094261026
0.29866724
0.50307346
0.70747968
0.91188588
1.1162921
1.3206983
1.5251045
1.7295107
1.933917
-5.9725612
-5.7769036
-5.5812459
-5.3855883
-5.1899307
-4.9942731
-4.7986155
-4.6029579
-4.4073003
-4.2116426
-4.015985
-3.8203274
-3.6246698
-3.4290122
-3.2333546
-3.037697
-2.8420393
-2.6463817
-2.4507241
-2.2550665
-2.0594089
-1.8637513
-1.6680937
-1.472436
-1.2767784
-1.0811208
-0.88546321
-0.6898056
-0.49414799
-0.29849038
-0.10283276
0.092824853
0.28848247
0.48414008
0.6797977
0.87545531
1.0711129
1.2667706
1.4624282
1.6580858
-5.9071978
-5.7202887
-5.5333796
-5.3464704
-5.1595613
-4.9726521
-4.785743
-4.5988338
-4.4119247
-4.2250156
-4.0381064
-3.8511973
-3.6642881
-3.477379
-3.2904699
-3.1035607
-2.9166516
-2.7297424
-2.5428333
-2.3559241
-2.169015
-1.9821059
-1.7951967
-1.6082876
-1.4213784
-1.2344693
-1.0475602
-0.86065103
-0.67374189
-0.48683274
-0.2999236
-0.11301446
0.07389468
0.26080382
0.44771296
0.6346221
0.82153126
1.0084404
1.1953495
1.3822587
-5.8418356
-5.6636748
-5.485514
-5.3073532
-5.1291923
-4.9510315
-4.7728707
-4.5947099
-4.4165491
-4.2383882
-4.0602274
-3.8820666
-3.7039058
-3.525745
-3.3475842
-3.1694233
-2.9912625
-2.8131017
-2.6349409
-2.4567801
-2.2786192
-2.1004584
-1.9222976
-1.7441368
-1.565976
-1.3878151
-1.2096543
-1.0314935
-0.85333269
-0.67517188
-0.49701106
-0.31885025
-0.14068943
0.037471391
0.21563221
0.39379303
0.57195385
0.75011467
0.92827548
1.1064363
-5.7764747
-5.607062
-5.4376494
-5.2682367
-5.098824
-4.9294113
-4.7599987
-4.590586
-4.4211733
-4.2517607
-4.082348
-3.9129353
-3.7435227
-3.57411
-3.4046973
-3.2352847
-3.065872
-2.8964593
-2.7270466
-2.557634
-2.3882213
-2.2188086
-2.049396
-1.8799833
-1.7105706
-1.541158
-1.3717453
-1.2023326
-1.03292
-0.8635073
-0.69409462
-0.52468195
-0.35526928
-0.18585662
-0.016443946
0.15296872
0.32238139
0.49179406
0.66120673
0.83061941
-5.7111153
-5.5504506
-5.3897858
-5.2291211
-5.0684564
-4.9077917
-4.7471269
-4.5864622
-4.4257975
-4.2651328
-4.1044681
-3.9438033
-3.7831386
-3.6224739
-3.4618092
-3.3011445
-3.1404797
-2.979815
-2.8191503
-2.6584856
-2.4978208
-2.3371561
-2.1764914
-2.0158267
-1.855162
-1.6944972
-1.5338325
-1.3731678
-1.2125031
-1.0518384
-0.89117363
-0.73050892
-0.5698442
-0.40917947
-0.24851475
-0.087850033
0.072814688
0.23347941
0.39414413
0.55480885
-5.6457576
-5.4938406
-5.3419236
-5.1900066
-5.0380896
-4.8861726
-4.7342556
-4.5823386
-4.4304215
-4.2785045
-4.1265875
-3.9746705
-3.8227535
-3.6708365
-3.5189195
-3.3670025
-3.2150855
-3.0631685
-2.9112514
-2.7593344
-2.6074174
-2.4555004
-2.3035834
-2.1516664
-1.9997494
-1.8478324
-1.6959154
-1.5439984
-1.3920814
-1.2401643
-1.0882473
-0.93633033
-0.78441331
-0.6324963
-0.48057929
-0.32866228
-0.17674527
-0.024828261
0.12708875
0.27900576
-5.5804021
-5.4372325
-5.2940629
-5.1508933
-5.0077237
-4.8645542
-4.7213846
-4.578215
-4.4350454
-4.2918759
-4.1487063
-4.0055367
-3.8623671
-3.7191975
-3.576028
-3.4328584
-3.2896888
-3.1465192
-3.0033497
-2.8601801
-2.7170105
-2.5738409
-2.4306713
-2.2875018
-2.1443322
-2.0011626
-1.857993
-1.7148235
-1.5716539
-1.4284843
-1.2853147
-1.1421451
-0.99897555
-0.85580598
-0.7126364
-0.56946682
-0.42629725
-0.28312767
-0.13995809
0.0032114877
-5.515049
-5.3806265
-5.246204
-5.1117816
-4.9773591
-4.8429366
-4.7085141
-4.5740916
-4.4396692
-4.3052467
-4.1708242
-4.0364017
-3.9019792
-3.7675567
-3.6331343
-3.4987118
-3.3642893
-3.2298668
-3.0954443
-2.9610219
-2.8265994
-2.6921769
-2.5577544
-2.4233319
-2.2889095
-2.154487
-2.0200645
-1.885642
-1.7512195
-1.6167971
-1.4823746
-1.3479521
-1.2135296
-1.0791071
-0.94468466
-0.81026216
-0.67583968
-0.5414172
-0.40699472
-0.27257224
-5.449699
-5.3240232
-5.1983474
-5.0726716
-4.9469958
-4.82132
-4.6956442
-4.5699684
-4.4442927
-4.3186169
-4.1929411
-4.0672653
-3.9415895
-3.8159137
-3.6902379
-3.5645621
-3.4388864
-3.3132106
-3.1875348
-3.061859
-2.9361832
-2.8105074
-2.6848316
-2.5591558
-2.4334801
-2.3078043
-2.1821285
-2.0564527
-1.9307769
-1.8051011
-1.6794253
-1.5537495
-1.4280737
-1.302398
-1.1767222
-1.0510464
-0.92537058
-0.79969479
-0.674019
-0.54834321
-5.3843526
-5.267423
-5.1504934
-5.0335638
-4.9166342
-4.7997046
-4.682775
-4.5658454
-4.4489158
-4.3319863
-4.2150567
-4.0981271
-3.9811975
-3.8642679
-3.7473383
-3.6304087
-3.5134791
-3.3965495
-3.2796199
-3.1626904
-3.0457608
-2.9288312
-2.8119016
-2.694972
-2.5780424
-2.4611128
-2.3441832
-2.2272536
-2.110324
-1.9933945
-1.8764649
-1.7595353
-1.6426057
-1.5256761
-1.4087465
-1.2918169
-1.1748873
-1.0579577
-0.94102814
-0.82409856
-5.3190108
-5.2108268
-5.1026428
-4.9944588
-4.8862748
-4.7780908
-4.6699068
-4.5617228
-4.4535388
-4.3453548
-4.2371707
-4.1289867
-4.0208027
-3.9126187
-3.8044347
-3.6962507
-3.5880667
-3.4798827
-3.3716987
-3.2635147
-3.1553307
-3.0471467
-2.9389627
-2.8307786
-2.7225946
-2.6144106
-2.5062266
-2.3980426
-2.2898586
-2.1816746
-2.0734906
-1.9653066
-1.8571226
-1.7489386
-1.6407546
-1.5325706
-1.4243865
-1.3162025
-1.2080185
-1.0998345
-5.2536749
-5.1542357
-5.0547965
-4.9553573
-4.8559181
-4.7564789
-4.6570397
-4.5576005
-4.4581613
-4.3587221
-4.2592829
-4.1598437
-4.0604044
-3.9609652
-3.861526
-3.7620868
-3.6626476
-3.5632084
-3.4637692
-3.36433
-3.2648908
-3.1654516
-3.0660124
-2.9665732
-2.867134
-2.7676948
-2.6682556
-2.5688164
-2.4693772
-2.369938
-2.2704988
-2.1710596
-2.0716204
-1.9721812
-1.872742
-1.7733028
-1.6738636
-1.5744244
-1.4749852
-1.375546
-5.1883465
-5.0976511
-5.0069556
-4.9162602
-4.8255648
-4.7348694
-4.644174
-4.5534786
-4.4627832
-4.3720878
-4.2813924
-4.190697
-4.1000016
-4.0093062
-3.9186108
-3.8279154
-3.73722
-3.6465246
-3.5558292
-3.4651338
-3.3744384
-3.283743
-3.1930476
-3.1023522
-3.0116568
-2.9209614
-2.830266
-2.7395706
-2.6488752
-2.5581798
-2.4674844
-2.376789
-2.2860936
-2.1953982
-2.1047028
-2.0140074
-1.923312
-1.8326166
-1.7419212
-1.6512258
-5.1230279
-5.041075
-4.9591221
-4.8771691
-4.7952162
-4.7132633
-4.6313104
-4.5493574
-4.4674045
-4.3854516
-4.3034987
-4.2215457
-4.1395928
-4.0576399
-3.975687
-3.893734
-3.8117811
-3.7298282
-3.6478752
-3.5659223
-3.4839694
-3.4020165
-3.3200635
-3.2381106
-3.1561577
-3.0742048
-2.9922518
-2.9102989
-2.828346
-2.7463931
-2.6644401
-2.5824872
-2.5005343
-2.4185814
-2.3366284
-2.2546755
-2.1727226
-2.0907696
-2.0088167
-1.9268638
-5.0577228
-4.9845106
-4.9112983
-4.8380861
-4.7648738
-4.6916616
-4.6184493
-4.5452371
-4.4720248
-4.3988126
-4.3256003
-4.2523881
-4.1791758
-4.1059636
-4.0327513
-3.9595391
-3.8863268
-3.8131146
-3.7399023
-3.6666901
-3.5934778
-3.5202656
-3.4470533
-3.3738411
-3.3006288
-3.2274166
-3.1542043
-3.0809921
-3.0077798
-2.9345676
-2.8613553
-2.7881431
-2.7149308
-2.6417186
-2.5685063
-2.4952941
-2.4220818
-2.3488696
-2.2756573
-2.2024451
-4.9924367
-4.9279626
-4.8634885
-4.7990144
-4.7345403
-4.6700661
-4.605592
-4.5411179
-4.4766438
-4.4121697
-4.3476956
-4.2832215
-4.2187474
-4.1542733
-4.0897992
-4.025325
-3.9608509
-3.8963768
-3.8319027
-3.7674286
-3.7029545
-3.6384804
-3.5740063
-3.5095322
-3.4450581
-3.3805839
-3.3161098
-3.2516357
-3.1871616
-3.1226875
-3.0582134
-2.9937393
-2.9292652
-2.8647911
-2.800317
-2.7358428
-2.6713687
-2.6068946
-2.5424205
-2.4779464
-4.9271784
-4.8714387
-4.815699
-4.7599593
-4.7042196
-4.6484799
-4.5927402
-4.5370005
-4.4812608
-4.4255211
-4.3697814
-4.3140417
-4.258302
-4.2025623
-4.1468226
-4.0910829
-4.0353432
-3.9796035
-3.9238638
-3.8681241
-3.8123844
-3.7566447
-3.700905
-3.6451653
-3.5894256
-3.5336859
-3.4779462
-3.4222065
-3.3664668
-3.3107271
-3.2549874
-3.1992477
-3.143508
-3.0877683
-3.0320286
-2.9762889
-2.9205492
-2.8648095
-2.8090698
-2.7533301
-4.8619636
-4.8149525
-4.7679414
-4.7209303
-4.6739192
-4.6269081
-4.579897
-4.5328859
-4.4858748
-4.4388636
-4.3918525
-4.3448414
-4.2978303
-4.2508192
-4.2038081
-4.156797
-4.1097859
-4.0627748
-4.0157636
-3.9687525
-3.9217414
-3.8747303
-3.8277192
-3.7807081
-3.733697
-3.6866859
-3.6396748
-3.5926636
-3.5456525
-3.4986414
-3.4516303
-3.4046192
-3.3576081
-3.310597
-3.2635859
-3.2165748
-3.1695636
-3.1225525
-3.0755414
-3.0285303
-4.7968223
-4.7585299
-4.7202376
-4.6819452
-4.6436529
-4.6053605
-4.5670682
-4.5287758
-4.4904835
-4.4521911
-4.4138988
-4.3756064
-4.3373141
-4.2990217
-4.2607294
-4.222437
-4.1841447
-4.1458523
-4.10756
-4.0692676
-4.0309753
-3.9926829
-3.9543906
-3.9160982
-3.8778059
-3.8395135
-3.8012212
-3.7629288
-3.7246365
-3.6863441
-3.6480518
-3.6097594
-3.5714671
-3.5331747
-3.4948824
-3.45659
-3.4182977
-3.3800053
-3.341713
-3.3034206
-4.73182
-4.7022278
-4.6726356
-4.6430434
-4.6134512
-4.583859
-4.5542668
-4.5246746
-4.4950824
-4.4654902
-4.435898
-4.4063058
-4.3767136
-4.3471214
-4.3175292
-4.287937
-4.2583448
-4.2287526
-4.1991604
-4.1695682
-4.139976
-4.1103838
-4.0807916
-4.0511994
-4.0216072
-3.992015
-3.9624228
-3.9328306
-3.9032384
-3.8736462
-3.844054
-3.8144618
-3.7848696
-3.7552774
-3.7256852
-3.696093
-3.6665008
-3.6369086
-3.6073164
-3.5777242
7.3603467
7.3603467
7.3603467
7.3603467
7.3603467
7.3603467
7.3603467
7.3603467
7.3603467
7.3603467
7.3603467
7.3603467
7.3603467
7.3603467
7.3603467
7.3603467
7.3603467
7.3603467
7.3603467
7.3603467
7.3603467
7.3603467
7.3603467
7.3603467
7.3603467
7.3603467
7.3603467
7.3603467
7.3603467
7.3603467
7.3603467
7.3603467
7.3603467
7.3603467
7.3603467
7.3603467
7.3603467
7.3603467
7.3603467
7.3603467
7.0801062
7.0801062
7.0801062
7.0801062
7.0801062
7.0801062
7.0801062
7.0801062
7.0801062
7.0801062
7.0801062
7.0801062
7.0801062
7.0801062
7.0801062
7.0801062
7.0801062
7.0801062
7.0801062
7.0801062
7.0801062
7.0801062
7.0801062
7.0801062
7.0801062
7.0801062
7.0801062
7.0801062
7.0801062
7.0801062
7.0801062
7.0801062
7.0801062
7.0801062
7.0801062
7.0801062
7.0801062
7.0801062
7.0801062
7.0801062
6.7998661
6.7998661
6.7998661
6.7998661
6.7998661
6.7998661
6.7998661
6.7998661
6.7998661
6.7998661
6.7998661
6.7998661
6.7998661
6.7998661
6.7998661
6.7998661
6.7998661
6.7998661
6.7998661
6.7998661
6.7998661
6.7998661
6.7998661
6.7998661
6.7998661
6.7998661
6.7998661
6.7998661
6.7998661
6.7998661
6.7998661
6.7998661
6.7998661
6.7998661
6.7998661
6.7998661
6.7998661
6.7998661
6.7998661
6.7998661
6.5196264
6.5196264
6.5196264
6.5196264
6.5196264
6.5196264
6.5196264
6.5196264
6.5196264
6.5196264
6.5196264
6.5196264
6.5196264
6.5196264
6.5196264
6.5196264
6.5196264
6.5196264
6.5196264
6.5196264
6.5196264
6.5196264
6.5196264
6.5196264
6.5196264
6.5196264
6.5196264
6.5196264
6.5196264
6.5196264
6.5196264
6.5196264
6.5196264
6.5196264
6.5196264
6.5196264
6.5196264
6.5196264
6.5196264
6.5196264
6.2393872
6.2393872
6.2393872
6.2393872
6.2393872
6.2393872
6.2393872
6.2393872
6.2393872
6.2393872
6.2393872
6.2393872
6.2393872
6.2393872
6.2393872
6.2393872
6.2393872
6.2393872
6.2393872
6.2393872
6.2393872
6.2393872
6.2393872
6.2393872
6.2393872
6.2393872
6.2393872
6.2393872
6.2393872
6.2393872
6.2393872
6.2393872
6.2393872
6.2393872
6.2393872
6.2393872
6.2393872
6.2393872
6.2393872
6.2393872
5.9591485
5.9591485
5.9591485
5.9591485
5.9591485
5.9591485
5.9591485
5.9591485
5.9591485
5.9591485
5.9591485
5.9591485
5.9591485
5.9591485
5.9591485
5.9591485
5.9591485
5.9591485
5.9591485
5.9591485
5.9591485
5.9591485
5.9591485
5.9591485
5.9591485
5.9591485
5.9591485
5.9591485
5.9591485
5.9591485
5.9591485
5.9591485
5.9591485
5.9591485
5.9591485
5.9591485
5.9591485
5.9591485
5.9591485
5.9591485
5.6789103
5.6789103
5.6789103
5.6789103
5.6789103
5.6789103
5.6789103
5.6789103
5.6789103
5.6789103
5.6789103
5.6789103
5.6789103
5.6789103
5.6789103
5.6789103
5.6789103
5.6789103
5.6789103
5.6789103
5.6789103
5.6789103
5.6789103
5.6789103
5.6789103
5.6789103
5.6789103
5.6789103
5.6789103
5.6789103
5.6789103
5.6789103
5.6789103
5.6789103
5.6789103
5.6789103
5.6789103
5.6789103
5.6789103
5.6789103
5.3986727
5.3986727
5.3986727
5.3986727
5.3986727
5.3986727
5.3986727
5.3986727
5.3986727
5.3986727
5.3986727
5.3986727
5.3986727
5.3986727
5.3986727
5.3986727
5.3986727
5.3986727
5.3986727
5.3986727
5.3986727
5.3986727
5.3986727
5.3986727
5.3986727
5.3986727
5.3986727
5.3986727
5.3986727
5.3986727
5.3986727
5.3986727
5.3986727
5.3986727
5.3986727
5.3986727
5.3986727
5.3986727
5.3986727
5.3986727
5.1184357
5.1184357
5.1184357
5.1184357
5.1184357
5.1184357
5.1184357
5.1184357
5.1184357
5.1184357
5.1184357
5.1184357
5.1184357
5.1184357
5.1184357
5.1184357
5.1184357
5.1184357
5.1184357
5.1184357
5.1184357
5.1184357
5.1184357
5.1184357
5.1184357
5.1184357
5.1184357
5.1184357
5.1184357
5.1184357
5.1184357
5.1184357
5.1184357
5.1184357
5.1184357
5.1184357
5.1184357
5.1184357
5.1184357
5.1184357
4.8381993
4.8381993
4.8381993
4.8381993
4.8381993
4.8381993
4.8381993
4.8381993
4.8381993
4.8381993
4.8381993
4.8381993
4.8381993
4.8381993
4.8381993
4.8381993
4.8381993
4.8381993
4.8381993
4.8381993
4.8381993
4.8381993
4.8381993
4.8381993
4.8381993
4.8381993
4.8381993
4.8381993
4.8381993
4.8381993
4.8381993
4.8381993
4.8381993
4.8381993
4.8381993
4.8381993
4.8381993
4.8381993
4.8381993
4.8381993
4.5579637
4.5579637
4.5579637
4.5579637
4.5579637
4.5579637
4.5579637
4.5579637
4.5579637
4.5579637
4.5579637
4.5579637
4.5579637
4.5579637
4.5579637
4.5579637
4.5579637
4.5579637
4.5579637
4.5579637
4.5579637
4.5579637
4.5579637
4.5579637
4.5579637
4.5579637
4.5579637
4.5579637
4.5579637
4.5579637
4.5579637
4.5579637
4.5579637
4.5579637
4.5579637
4.5579637
4.5579637
4.5579637
4.5579637
4.5579637
4.2777288
4.2777288
4.2777288
4.2777288
4.2777288
4.2777288
4.2777288
4.2777288
4.2777288
4.2777288
4.2777288
4.2777288
4.2777288
4.2777288
4.2777288
4.2777288
4.2777288
4.2777288
4.2777288
4.2777288
4.2777288
4.2777288
4.2777288
4.2777288
4.2777288
4.2777288
4.2777288
4.2777288
4.2777288
4.2777288
4.2777288
4.2777288
4.2777288
4.2777288
4.2777288
4.2777288
4.2777288
4.2777288
4.2777288
4.2777288
3.9974947
3.9974947
3.9974947
3.9974947
3.9974947
3.9974947
3.9974947
3.9974947
3.9974947
3.9974947
3.9974947
3.9974947
3.9974947
3.9974947
3.9974947
3.9974947
3.9974947
3.9974947
3.9974947
3.9974947
3.9974947
3.9974947
3.9974947
3.9974947
3.9974947
3.9974947
3.9974947
3.9974947
3.9974947
3.9974947
3.9974947
3.9974947
3.9974947
3.9974947
3.9974947
3.9974947
3.9974947
3.9974947
3.9974947
3.9974947
3.7172615
3.7172615
3.7172615
3.7172615
3.7172615
3.7172615
3.7172615
3.7172615
3.7172615
3.7172615
3.7172615
3.7172615
3.7172615
3.7172615
3.7172615
3.7172615
3.7172615
3.7172615
3.7172615
3.7172615
3.7172615
3.7172615
3.7172615
3.7172615
3.7172615
3.7172615
3.7172615
3.7172615
3.7172615
3.7172615
3.7172615
3.7172615
3.7172615
3.7172615
3.7172615
3.7172615
3.7172615
3.7172615
3.7172615
3.7172615
3.4370293
3.4370293
3.4370293
3.4370293
3.4370293
3.4370293
3.4370293
3.4370293
3.4370293
3.4370293
3.4370293
3.4370293
3.4370293
3.4370293
3.4370293
3.4370293
3.4370293
3.4370293
3.4370293
3.4370293
3.4370293
3.4370293
3.4370293
3.4370293
3.4370293
3.4370293
3.4370293
3.4370293
3.4370293
3.4370293
3.4370293
3.4370293
3.4370293
3.4370293
3.4370293
3.4370293
3.4370293
3.4370293
3.4370293
3.4370293
3.1567981
3.1567981
3.1567981
3.1567981
3.1567981
3.1567981
3.1567981
3.1567981
3.1567981
3.1567981
3.1567981
3.1567981
3.1567981
3.1567981
3.1567981
3.1567981
3.1567981
3.1567981
3.1567981
3.1567981
3.1567981
3.1567981
3.1567981
3.1567981
3.1567981
3.1567981
3.1567981
3.1567981
3.1567981
3.1567981
3.1567981
3.1567981
3.1567981
3.1567981
3.1567981
3.1567981
3.1567981
3.1567981
3.1567981
3.1567981
2.8765681
2.8765681
2.8765681
2.8765681
2.8765681
2.8765681
2.8765681
2.8765681
2.8765681
2.8765681
2.8765681
2.8765681
2.8765681
2.8765681
2.8765681
2.8765681
2.8765681
2.8765681
2.8765681
2.8765681
2.8765681
2.8765681
2.8765681
2.8765681
2.8765681
2.8765681
2.8765681
2.8765681
2.8765681
2.8765681
2.8765681
2.8765681
2.8765681
2.8765681
2.8765681
2.8765681
2.8765681
2.8765681
2.8765681
2.8765681
2.5963393
2.5963393
2.5963393
2.5963393
2.5963393
2.5963393
2.5963393
2.5963393
2.5963393
2.5963393
2.5963393
2.5963393
2.5963393
2.5963393
2.5963393
2.5963393
2.5963393
2.5963393
2.5963393
2.5963393
2.5963393
2.5963393
2.5963393
2.5963393
2.5963393
2.5963393
2.5963393
2.5963393
2.5963393
2.5963393
2.5963393
2.5963393
2.5963393
2.5963393
2.5963393
2.5963393
2.5963393
2.5963393
2.5963393
2.5963393
2.3161119
2.3161119
2.3161119
2.3161119
2.3161119
2.3161119
2.3161119
2.3161119
2.3161119
2.3161119
2.3161119
2.3161119
2.3161119
2.3161119
2.3161119
2.3161119
2.3161119
2.3161119
2.3161119
2.3161119
2.3161119
2.3161119
2.3161119
2.3161119
2.3161119
2.3161119
2.3161119
2.3161119
2.3161119
2.3161119
2.3161119
2.3161119
2.3161119
2.3161119
2.3161119
2.3161119
2.3161119
2.3161119
2.3161119
2.3161119
2.0358859
2.0358859
2.0358859
2.0358859
2.0358859
2.0358859
2.0358859
2.0358859
2.0358859
2.0358859
2.0358859
2.0358859
2.0358859
2.0358859
2.0358859
2.0358859
2.0358859
2.0358859
2.0358859
2.0358859
2.0358859
2.0358859
2.0358859
2.0358859
2.0358859
2.0358859
2.0358859
2.0358859
2.0358859
2.0358859
2.0358859
2.0358859
2.0358859
2.0358859
2.0358859
2.0358859
2.0358859
2.0358859
2.0358859
2.0358859
1.7556617
1.7556617
1.7556617
1.7556617
1.7556617
1.7556617
1.7556617
1.7556617
1.7556617
1.7556617
1.7556617
1.7556617
1.7556617
1.7556617
1.7556617
1.7556617
1.7556617
1.7556617
1.7556617
1.7556617
1.7556617
1.7556617
1.7556617
1.7556617
1.7556617
1.7556617
1.7556617
1.7556617
1.7556617
1.7556617
1.7556617
1.7556617
1.7556617
1.7556617
1.7556617
1.7556617
1.7556617
1.7556617
1.7556617
1.7556617
1.4754392
1.4754392
1.4754392
1.4754392
1.4754392
1.4754392
1.4754392
1.4754392
1.4754392
1.4754392
1.4754392
1.4754392
1.4754392
1.4754392
1.4754392
1.4754392
1.4754392
1.4754392
1.4754392
1.4754392
1.4754392
1.4754392
1.4754392
1.4754392
1.4754392
1.4754392
1.4754392
1.4754392
1.4754392
1.4754392
1.4754392
1.4754392
1.4754392
1.4754392
1.4754392
1.4754392
1.4754392
1.4754392
1.4754392
1.4754392
1.1952187
1.1952187
1.1952187
1.1952187
1.1952187
1.1952187
1.1952187
1.1952187
1.1952187
1.1952187
1.1952187
1.1952187
1.1952187
1.1952187
1.1952187
1.1952187
1.1952187
1.1952187
1.1952187
1.1952187
1.1952187
1.1952187
1.1952187
1.1952187
1.1952187
1.1952187
1.1952187
1.1952187
1.1952187
1.1952187
1.1952187
1.1952187
1.1952187
1.1952187
1.1952187
1.1952187
1.1952187
1.1952187
1.1952187
1.1952187
0.91500055
0.91500055
0.91500055
0.91500055
0.91500055
0.91500055
0.91500055
0.91500055
0.91500055
0.91500055
0.91500055
0.91500055
0.91500055
0.91500055
0.91500055
0.91500055
0.91500055
0.91500055
0.91500055
0.91500055
0.91500055
0.91500055
0.91500055
0.91500055
0.91500055
0.91500055
0.91500055
0.91500055
0.91500055
0.91500055
0.91500055
0.91500055
0.91500055
0.91500055
0.91500055
0.91500055
0.91500055
0.91500055
0.91500055
0.91500055
0.63478485
0.63478485
0.63478485
0.63478485
0.63478485
0.63478485
0.63478485
0.63478485
0.63478485
0.63478485
0.63478485
0.63478485
0.63478485
0.63478485
0.63478485
0.63478485
0.63478485
0.63478485
0.63478485
0.63478485
0.63478485
0.63478485
0.63478485
0.63478485
0.63478485
0.63478485
0.63478485
0.63478485
0.63478485
0.63478485
0.63478485
0.63478485
0.63478485
0.63478485
0.63478485
0.63478485
0.63478485
0.63478485
0.63478485
0.63478485
0.35457199
0.35457199
0.35457199
0.35457199
0.35457199
0.35457199
0.35457199
0.35457199
0.35457199
0.35457199
0.35457199
0.35457199
0.35457199
0.35457199
0.35457199
0.35457199
0.35457199
0.35457199
0.35457199
0.35457199
0.35457199
0.35457199
0.35457199
0.35457199
0.35457199
0.35457199
0.35457199
0.35457199
0.35457199
0.35457199
0.35457199
0.35457199
0.35457199
0.35457199
0.35457199
0.35457199
0.35457199
0.35457199
0.35457199
0.35457199
0.074362305
0.074362301
0.074362303
0.074362303
0.074362303
0.074362303
0.074362303
0.074362303
0.074362303
0.074362303
0.074362303
0.074362303
0.074362303
0.074362303
0.074362303
0.074362303
0.074362303
0.074362303
0.074362303
0.074362303
0.074362303
0.074362303
0.074362303
0.074362303
0.074362303
0.074362303
0.074362303
0.074362303
0.074362303
0.074362303
0.074362303
0.074362303
0.074362303
0.074362303
0.074362303
0.074362303
0.074362303
0.074362303
0.074362303
0.074362303
-0.20584377
-0.20584377
-0.20584377
-0.20584377
-0.20584377
-0.20584377
-0.20584377
-0.20584377
-0.20584377
-0.20584377
-0.20584377
-0.20584377
-0.20584377
-0.20584377
-0.20584377
-0.20584377
-0.20584377
-0.20584377
-0.20584377
-0.20584377
-0.20584377
-0.20584377
-0.20584377
-0.20584377
-0.20584377
-0.20584377
-0.20584377
-0.20584377
-0.20584377
-0.20584377
-0.20584377
-0.20584377
-0.20584377
-0.20584377
-0.20584377
-0.20584377
-0.20584377
-0.20584377
-0.20584377
-0.20584377
-0.48604574
-0.48604574
-0.48604574
-0.48604574
-0.48604574
-0.48604574
-0.48604574
-0.48604574
-0.48604574
-0.48604574
-0.48604574
-0.48604574
-0.48604574
-0.48604574
-0.48604574
-0.48604574
-0.48604574
-0.48604574
-0.48604574
-0.48604574
-0.48604574
-0.48604574
-0.48604574
-0.48604574
-0.48604574
-0.48604574
-0.48604574
-0.48604574
-0.48604574
-0.48604574
-0.48604574
-0.48604574
-0.48604574
-0.48604574
-0.48604574
-0.48604574
-0.48604574
-0.48604574
-0.48604574
-0.48604574
-0.766243
-0.766243
-0.766243
-0.766243
-0.766243
-0.766243
-0.766243
-0.766243
-0.766243
-0.766243
-0.766243
-0.766243
-0.766243
-0.766243
-0.766243
-0.766243
-0.766243
-0.766243
-0.766243
-0.766243
-0.766243
-0.766243
-0.766243
-0.766243
-0.766243
-0.766243
-0.766243
-0.766243
-0.766243
-0.766243
-0.766243
-0.766243
-0.766243
-0.766243
-0.766243
-0.766243
-0.766243
-0.766243
-0.766243
-0.766243
-1.0464348
-1.0464348
-1.0464348
-1.0464348
-1.0464348
-1.0464348
-1.0464348
-1.0464348
-1.0464348
-1.0464348
-1.0464348
-1.0464348
-1.0464348
-1.0464348
-1.0464348
-1.0464348
-1.0464348
-1.0464348
-1.0464348
-1.0464348
-1.0464348
-1.0464348
-1.0464348
-1.0464348
-1.0464348
-1.0464348
-1.0464348
-1.0464348
-1.0464348
-1.0464348
-1.0464348
-1.0464348
-1.0464348
-1.0464348
-1.0464348
-1.0464348
-1.0464348
-1.0464348
-1.0464348
-1.0464348
-1.3266203
-1.3266203
-1.3266203
-1.3266203
-1.3266203
-1.3266203
-1.3266203
-1.3266203
-1.3266203
-1.3266203
-1.3266203
-1.3266203
-1.3266203
-1.3266203
-1.3266203
-1.3266203
-1.3266203
-1.3266203
-1.3266203
-1.3266203
-1.3266203
-1.3266203
-1.3266203
-1.3266203
-1.3266203
-1.3266203
-1.3266203
-1.3266203
-1.3266203
-1.3266203
-1.3266203
-1.3266203
-1.3266203
-1.3266203
-1.3266203
-1.3266203
-1.3266203
-1.3266203
-1.3266203
-1.3266203
-1.6067984
-1.6067984
-1.6067984
-1.6067984
-1.6067984
-1.6067984
-1.6067984
-1.6067984
-1.6067984
-1.6067984
-1.6067984
-1.6067984
-1.6067984
-1.6067984
-1.6067984
-1.6067984
-1.6067984
-1.6067984
-1.6067984
-1.6067984
-1.6067984
-1.6067984
-1.6067984
-1.6067984
-1.6067984
-1.6067984
-1.6067984
-1.6067984
-1.6067984
-1.6067984
-1.6067984
-1.6067984
-1.6067984
-1.6067984
-1.6067984
-1.6067984
-1.6067984
-1.6067984
-1.6067984
-1.6067984
-1.8869678
-1.8869678
-1.8869678
-1.8869678
-1.8869678
-1.8869678
-1.8869678
-1.8869678
-1.8869678
-1.8869678
-1.8869678
-1.8869678
-1.8869678
-1.8869678
-1.8869678
-1.8869678
-1.8869678
-1.8869678
-1.8869678
-1.8869678
-1.8869678
-1.8869678
-1.8869678
-1.8869678
-1.8869678
-1.8869678
-1.8869678
-1.8869678
-1.8869678
-1.8869678
-1.8869678
-1.8869678
-1.8869678
-1.8869678
-1.8869678
-1.8869678
-1.8869678
-1.8869678
-1.8869678
-1.8869678
-2.1671267
-2.1671267
-2.1671267
-2.1671267
-2.1671267
-2.1671267
-2.1671267
-2.1671267
-2.1671267
-2.1671267
-2.1671267
-2.1671267
-2.1671267
-2.1671267
-2.1671267
-2.1671267
-2.1671267
-2.1671267
-2.1671267
-2.1671267
-2.1671267
-2.1671267
-2.1671267
-2.1671267
-2.1671267
-2.1671267
-2.1671267
-2.1671267
-2.1671267
-2.1671267
-2.1671267
-2.1671267
-2.1671267
-2.1671267
-2.1671267
-2.1671267
-2.1671267
-2.1671267
-2.1671267
-2.1671267
-2.4472731
-2.4472731
-2.4472731
-2.4472731
-2.4472731
-2.4472731
-2.4472731
-2.4472731
-2.4472731
-2.4472731
-2.4472731
-2.4472731
-2.4472731
-2.4472731
-2.4472731
-2.4472731
-2.4472731
-2.4472731
-2.4472731
-2.4472731
-2.4472731
-2.4472731
-2.4472731
-2.4472731
-2.4472731
-2.4472731
-2.4472731
-2.4472731
-2.4472731
-2.4472731
-2.4472731
-2.4472731
-2.4472731
-2.4472731
-2.4472731
-2.4472731
-2.4472731
-2.4472731
-2.4472731
-2.4472731
-2.727404
-2.727404
-2.727404
-2.727404
-2.727404
-2.727404
-2.727404
-2.727404
-2.727404
-2.727404
-2.727404
-2.727404
-2.727404
-2.727404
-2.727404
-2.727404
-2.727404
-2.727404
-2.727404
-2.727404
-2.727404
-2.727404
-2.727404
-2.727404
-2.727404
-2.727404
-2.727404
-2.727404
-2.727404
-2.727404
-2.727404
-2.727404
-2.727404
-2.727404
-2.727404
-2.727404
-2.727404
-2.727404
-2.727404
-2.727404
-3.0075159
-3.0075159
-3.0075159
-3.0075159
-3.0075159
-3.0075159
-3.0075159
-3.0075159
-3.0075159
-3.0075159
-3.0075159
-3.0075159
-3.0075159
-3.0075159
-3.0075159
-3.0075159
-3.0075159
-3.0075159
-3.0075159
-3.0075159
-3.0075159
-3.0075159
-3.0075159
-3.0075159
-3.0075159
-3.0075159
-3.0075159
-3.0075159
-3.0075159
-3.0075159
-3.0075159
-3.0075159
-3.0075159
-3.0075159
-3.0075159
-3.0075159
-3.0075159
-3.0075159
-3.0075159
-3.0075159
-3.2876037
-3.2876037
-3.2876037
-3.2876037
-3.2876037
-3.2876037
-3.2876037
-3.2876037
-3.2876037
-3.2876037
-3.2876037
-3.2876037
-3.2876037
-3.2876037
-3.2876037
-3.2876037
-3.2876037
-3.2876037
-3.2876037
-3.2876037
-3.2876037
-3.2876037
-3.2876037
-3.2876037
-3.2876037
-3.2876037
-3.2876037
-3.2876037
-3.2876037
-3.2876037
-3.2876037
-3.2876037
-3.2876037
-3.2876037
-3.2876037
-3.2876037
-3.2876037
-3.2876037
-3.2876037
-3.2876037
-3.5676605
-3.5676605
-3.5676605
-3.5676605
-3.5676605
-3.5676605
-3.5676605
-3.5676605
-3.5676605
-3.5676605
-3.5676605
-3.5676605
-3.5676605
-3.5676605
-3.5676605
-3.5676605
-3.5676605
-3.5676605
-3.5676605
-3.5676605
-3.5676605
-3.5676605
-3.5676605
-3.5676605
-3.5676605
-3.5676605
-3.5676605
-3.5676605
-3.5676605
-3.5676605
-3.5676605
-3.5676605
-3.5676605
-3.5676605
-3.5676605
-3.5676605
-3.5676605
-3.5676605
-3.5676605
-3.5676605
7.1751052
6.8044629
6.4338207
6.0631785
5.6925363
5.3218941
4.9512519
4.5806097
4.2099674
3.8393252
3.468683
3.0980408
2.7273986
2.3567564
1.9861141
1.6154719
1.2448297
0.87418749
0.50354527
0.13290306
-0.23773916
-0.60838137
-0.97902358
-1.3496658
-1.720308
-2.0909502
-2.4615924
-2.8322346
-3.2028769
-3.5735191
-3.9441613
-4.3148035
-4.6854457
-5.0560879
-5.4267301
-5.7973724
-6.1680146
-6.5386568
-6.909299
-7.2799412
6.899243
6.5373504
6.1754578
5.8135651
5.4516725
5.0897799
4.7278872
4.3659946
4.004102
3.6422094
3.2803167
2.9184241
2.5565315
2.1946388
1.8327462
1.4708536
1.1089609
0.74706829
0.38517566
0.023283026
-0.3386096
-0.70050224
-1.0623949
-1.4242875
-1.7861801
-2.1480727
-2.5099654
-2.871858
-3.2337506
-3.5956433
-3.9575359
-4.3194285
-4.6813212
-5.0432138
-5.4051064
-5.7669991
-6.1288917
-6.4907843
-6.8526769
-7.2145696
6.6233816
6.2702385
5.9170954
5.5639524
5.2108093
4.8576662
4.5045231
4.1513801
3.798237
3.4450939
3.0919509
2.7388078
2.3856647
2.0325217
1.6793786
1.3262355
0.97309246
0.61994939
0.26680632
-0.086336746
-0.43947981
-0.79262287
-1.1457659
-1.498909
-1.8520521
-2.2051951
-2.5583382
-2.9114813
-3.2646243
-3.6177674
-3.9709105
-4.3240535
-4.6771966
-5.0303397
-5.3834828
-5.7366258
-6.0897689
-6.442912
-6.796055
-7.1491981
6.3475208
6.0031273
5.6587337
5.3143402
4.9699467
4.6255531
4.2811596
3.9367661
3.5923726
3.247979
2.9035855
2.559192
2.2147985
1.8704049
1.5260114
1.1816179
0.83722435
0.49283082
0.14843729
-0.19595624
-0.54034977
-0.88474329
-1.2291368
-1.5735303
-1.9179239
-2.2623174
-2.6067109
-2.9511044
-3.295498
-3.6398915
-3.984285
-4.3286786
-4.6730721
-5.0174656
-5.3618591
-5.7062527
-6.0506462
-6.3950397
-6.7394332
-7.0838268
6.0716608
5.7360167
5.4003727
5.0647287
4.7290847
4.3934407
4.0577967
3.7221527
3.3865087
3.0508647
2.7152207
2.3795766
2.0439326
1.7082886
1.3726446
1.0370006
0.7013566
0.36571259
0.030068578
-0.30557543
-0.64121944
-0.97686345
-1.3125075
-1.6481515
-1.9837955
-2.3194395
-2.6550835
-2.9907275
-3.3263715
-3.6620155
-3.9976595
-4.3333036
-4.6689476
-5.0045916
-5.3402356
-5.6758796
-6.0115236
-6.3471676
-6.6828116
-7.0184556
5.7958016
5.468907
5.1420125
4.815118
4.4882235
4.161329
3.8344344
3.5075399
3.1806454
2.8537509
2.5268564
2.1999618
1.8730673
1.5461728
1.2192783
0.89238378
0.56548925
0.23859474
-0.088299783
-0.4151943
-0.74208882
-1.0689833
-1.3958779
-1.7227724
-2.0496669
-2.3765614
-2.7034559
-3.0303505
-3.357245
-3.6841395
-4.011034
-4.3379285
-4.6648231
-4.9917176
-5.3186121
-5.6455066
-5.9724011
-6.2992956
-6.6261902
-6.9530847
5.5199432
5.2017982
4.8836531
4.5655081
4.247363
3.9292179
3.6110729
3.2929278
2.9747828
2.6566377
2.3384927
2.0203476
1.7022026
1.3840575
1.0659125
0.7477674
0.42962235
0.11147729
-0.20666776
-0.52481282
-0.84295787
-1.1611029
-1.479248
-1.7973931
-2.1155381
-2.4336832
-2.7518282
-3.0699733
-3.3881183
-3.7062634
-4.0244084
-4.3425535
-4.6606986
-4.9788436
-5.2969887
-5.6151337
-5.9332788
-6.2514238
-6.5695689
-6.8877139
5.2440859
4.9346902
4.6252946
4.315899
4.0065034
3.6971077
3.3877121
3.0783165
2.7689209
2.4595253
2.1501296
1.840734
1.5313384
1.2219428
0.91254716
0.60315153
0.29375591
-0.015639713
-0.32503534
-0.63443096
-0.94382659
-1.2532222
-1.5626178
-1.8720135
-2.1814091
-2.4908047
-2.8002003
-3.109596
-3.4189916
-3.7283872
-4.0377828
-4.3471784
-4.6565741
-4.9659697
-5.2753653
-5.5847609
-5.8941566
-6.2035522
-6.5129478
-6.8223434
4.9682295
4.6675833
4.3669371
4.0662909
3.7656446
3.4649984
3.1643522
2.863706
2.5630598
2.2624135
1.9617673
1.6611211
1.3604749
1.0598286
0.75918243
0.45853621
0.15788998
-0.14275624
-0.44340246
-0.74404868
-1.0446949
-1.3453412
-1.6459874
-1.9466336
-2.2472798
-2.547926
-2.8485723
-3.1492185
-3.4498647
-3.7505109
-4.0511572
-4.3518034
-4.6524496
-4.9530958
-5.2537421
-5.5543883
-5.8550345
-6.1556807
-6.4563269
-6.7569732
4.6923744
4.4004775
4.1085807
3.8166838
3.524787
3.2328901
2.9409932
2.6490964
2.3571995
2.0653027
1.7734058
1.4815089
1.1896121
0.8977152
0.60581834
0.31392148
0.02202462
-0.26987224
-0.5617691
-0.85366594
-1.1455628
-1.4374597
-1.7293565
-2.0212534
-2.3131502
-2.6050471
-2.8969439
-3.1888408
-3.4807377
-3.7726345
-4.0645314
-4.3564282
-4.6483251
-4.940222
-5.2321188
-5.5240157
-5.8159125
-6.1078094
-6.3997063
-6.6916031
4.4165204
4.1333729
3.8502254
3.5670778
3.2839303
3.0007828
2.7176352
2.4344877
2.1513402
1.8681926
1.5850451
1.3018976
1.01875
0.73560247
0.45245494
0.1693074
-0.11384013
-0.39698767
-0.6801352
-0.96328273
-1.2464303
-1.5295778
-1.8127253
-2.0958729
-2.3790204
-2.6621679
-2.9453155
-3.228463
-3.5116105
-3.7947581
-4.0779056
-4.3610531
-4.6442007
-4.9273482
-5.2104957
-5.4936433
-5.7767908
-6.0599383
-6.3430859
-6.6262334
4.1406679
3.8662696
3.5918713
3.3174731
3.0430748
2.7686766
2.4942783
2.2198801
1.9454818
1.6710836
1.3966853
1.1222871
0.84788879
0.57349054
0.29909229
0.024694034
-0.24970422
-0.52410247
-0.79850073
-1.072899
-1.3472972
-1.6216955
-1.8960937
-2.170492
-2.4448902
-2.7192885
-2.9936867
-3.268085
-3.5424832
-3.8168815
-4.0912798
-4.365678
-4.6400763
-4.9144745
-5.1888728
-5.463271
-5.7376693
-6.0120675
-6.2864658
-6.560864
3.8648168
3.5991677
3.3335187
3.0678697
2.8022207
2.5365717
2.2709226
2.0052736
1.7396246
1.4739756
1.2083266
0.94267754
0.67702851
0.41137949
0.14573047
-0.11991855
-0.38556757
-0.65121659
-0.91686561
-1.1825146
-1.4481636
-1.7138127
-1.9794617
-2.2451107
-2.5107597
-2.7764087
-3.0420578
-3.3077068
-3.5733558
-3.8390048
-4.1046538
-4.3703029
-4.6359519
-4.9016009
-5.1672499
-5.4328989
-5.698548
-5.964197
-6.229846
-6.495495
3.5889673
3.3320675
3.0751676
2.8182678
2.5613679
2.3044681
2.0475683
1.7906684
1.5337686
1.2768688
1.0199689
0.76306908
0.50616924
0.2492694
-0.0076304341
-0.26453027
-0.52143011
-0.77832995
-1.0352298
-1.2921296
-1.5490295
-1.8059293
-2.0628291
-2.319729
-2.5766288
-2.8335286
-3.0904285
-3.3473283
-3.6042282
-3.861128
-4.1180278
-4.3749277
-4.6318275
-4.8887273
-5.1456272
-5.402527
-5.6594269
-5.9163267
-6.1732265
-6.4301264
3.3131197
3.064969
2.8168182
2.5686675
2.3205168
2.0723661
1.8242154
1.5760647
1.327914
1.0797633
0.83161254
0.58346182
0.3353111
0.087160389
-0.16099032
-0.40914104
-0.65729175
-0.90544247
-1.1535932
-1.4017439
-1.6498946
-1.8980453
-2.146196
-2.3943467
-2.6424975
-2.8906482
-3.1387989
-3.3869496
-3.6351003
-3.883251
-4.1314017
-4.3795525
-4.6277032
-4.8758539
-5.1240046
-5.3721553
-5.620306
-5.8684567
-6.1166075
-6.3647582
3.0372741
2.7978724
2.5584707
2.3190691
2.0796674
1.8402658
1.6008641
1.3614625
1.1220608
0.88265916
0.64325752
0.40385587
0.16445421
-0.074947441
-0.31434909
-0.55375075
-0.7931524
-1.0325541
-1.2719557
-1.5113574
-1.750759
-1.9901607
-2.2295623
-2.468964
-2.7083656
-2.9477673
-3.1871689
-3.4265706
-3.6659723
-3.9053739
-4.1447756
-4.3841772
-4.6235789
-4.8629805
-5.1023822
-5.3417838
-5.5811855
-5.8205871
-6.0599888
-6.2993904
2.7614307
2.530778
2.3001254
2.0694727
1.83882
1.6081674
1.3775147
1.146862
0.91620938
0.68555671
0.45490405
0.22425138
-0.0064012846
-0.23705395
-0.46770661
-0.69835928
-0.92901196
-1.1596646
-1.3903173
-1.6209699
-1.8516226
-2.0822753
-2.3129279
-2.5435806
-2.7742333
-3.0048859
-3.2355386
-3.4661913
-3.6968439
-3.9274966
-4.1581493
-4.3888019
-4.6194546
-4.8501073
-5.0807599
-5.3114126
-5.5420653
-5.7727179
-6.0033706
-6.2340232
2.4855898
2.2636861
2.0417823
1.8198786
1.5979748
1.3760711
1.1541673
0.93226354
0.7103598
0.48845604
0.26655229
0.044648532
-0.17725522
-0.39915898
-0.62106273
-0.84296649
-1.0648702
-1.286774
-1.5086778
-1.7305815
-1.9524853
-2.174389
-2.3962928
-2.6181966
-2.8401003
-3.0620041
-3.2839078
-3.5058116
-3.7277153
-3.9496191
-4.1715228
-4.3934266
-4.6153304
-4.8372341
-5.0591379
-5.2810416
-5.5029454
-5.7248491
-5.9467529
-6.1686566
2.2097518
1.9965969
1.7834419
1.570287
1.3571321
1.1439771
0.93082221
0.71766727
0.50451233
0.2913574
0.07820246
-0.13495248
-0.34810741
-0.56126235
-0.77441729
-0.98757224
-1.2007272
-1.4138821
-1.6270371
-1.840192
-2.0533469
-2.2665019
-2.4796568
-2.6928117
-2.9059667
-3.1191216
-3.3322765
-3.5454315
-3.7585864
-3.9717414
-4.1848963
-4.3980512
-4.6112062
-4.8243611
-5.037516
-5.250671
-5.4638259
-5.6769808
-5.8901358
-6.1032907
1.933917
1.7295107
1.5251045
1.3206983
1.1162921
0.91188588
0.70747968
0.50307346
0.29866724
0.094261026
-0.11014519
-0.31455141
-0.51895763
-0.72336385
-0.92777006
-1.1321763
-1.3365825
-1.5409887
-1.745395
-1.9498012
-2.1542074
-2.3586136
-2.5630198
-2.7674261
-2.9718323
-3.1762385
-3.3806447
-3.5850509
-3.7894571
-3.9938634
-4.1982696
-4.4026758
-4.607082
-4.8114882
-5.0158945
-5.2203007
-5.4247069
-5.6291131
-5.8335193
-6.0379255
1.6580858
1.4624282
1.2667706
1.0711129
0.87545531
0.6797977
0.48414008
0.28848247
0.092824853
-0.10283276
-0.29849038
-0.49414799
-0.6898056
-0.88546321
-1.0811208
-1.2767784
-1.472436
-1.6680937
-1.8637513
-2.0594089
-2.2550665
-2.4507241
-2.6463817
-2.8420393
-3.037697
-3.2333546
-3.4290122
-3.6246698
-3.8203274
-4.015985
-4.2116426
-4.4073003
-4.6029579
-4.7986155
-4.9942731
-5.1899307
-5.3855883
-5.5812459
-5.7769036
-5.9725612
1.3822587
1.1953495
1.0084404
0.82153126
0.6346221
0.44771296
0.26080382
0.07389468
-0.11301446
-0.2999236
-0.48683274
-0.67374189
-0.86065103
-1.0475602
-1.2344693
-1.4213784
-1.6082876
-1.7951967
-1.9821059
-2.169015
-2.3559241
-2.5428333
-2.7297424
-2.9166516
-3.1035607
-3.2904699
-3.477379
-3.6642881
-3.8511973
-4.0381064
-4.2250156
-4.4119247
-4.5988338
-4.785743
-4.9726521
-5.1595613
-5.3464704
-5.5333796
-5.7202887
-5.9071978
1.1064363
0.92827548
0.75011467
0.57195385
0.39379303
0.21563221
0.037471391
-0.14068943
-0.31885025
-0.49701106
-0.67517188
-0.85333269
-1.0314935
-1.2096543
-1.3878151
-1.565976
-1.7441368
-1.9222976
-2.1004584
-2.2786192
-2.4567801
-2.6349409
-2.8131017
-2.9912625
-3.1694233
-3.3475842
-3.525745
-3.7039058
-3.8820666
-4.0602274
-4.2383882
-4.4165491
-4.5947099
-4.7728707
-4.9510315
-5.1291923
-5.3073532
-5.485514
-5.6636748
-5.8418356
0.83061941
0.66120673
0.49179406
0.32238139
0.15296872
-0.016443946
-0.18585662
-0.35526928
-0.52468195
-0.69409462
-0.8635073
-1.03292
-1.2023326
-1.3717453
-1.541158
-1.7105706
-1.8799833
-2.049396
-2.2188086
-2.3882213
-2.557634
-2.7270466
-2.8964593
-3.065872
-3.2352847
-3.4046973
-3.57411
-3.7435227
-3.9129353
-4.082348
-4.2517607
-4.4211733
-4.590586
-4.7599987
-4.9294113
-5.098824
-5.2682367
-5.4376494
-5.607062
-5.7764747
0.55480885
0.39414413
0.23347941
0.072814688
-0.087850033
-0.24851475
-0.40917947
-0.5698442
-0.73050892
-0.89117363
-1.0518384
-1.2125031
-1.3731678
-1.5338325
-1.6944972
-1.855162
-2.0158267
-2.1764914
-2.3371561
-2.4978208
-2.6584856
-2.8191503
-2.979815
-3.1404797
-3.3011445
-3.4618092
-3.6224739
-3.7831386
-3.9438033
-4.1044681
-4.2651328
-4.4257975
-4.5864622
-4.7471269
-4.9077917
-5.0684564
-5.2291211
-5.3897858
-5.5504506
-5.7111153
0.27900576
0.12708875
-0.024828261
-0.17674527
-0.32866228
-0.48057929
-0.6324963
-0.78441331
-0.93633033
-1.0882473
-1.2401643
-1.3920814
-1.5439984
-1.6959154
-1.8478324
-1.9997494
-2.1516664
-2.3035834
-2.4555004
-2.6074174
-2.7593344
-2.9112514
-3.0631685
-3.2150855
-3.3670025
-3.5189195
-3.6708365
-3.8227535
-3.9746705
-4.1265875
-4.2785045
-4.4304215
-4.5823386
-4.7342556
-4.8861726
-5.0380896
-5.1900066
-5.3419236
-5.4938406
-5.6457576
0.0032114877
-0.13995809
-0.28312767
-0.42629725
-0.56946682
-0.7126364
-0.85580598
-0.99897555
-1.1421451
-1.2853147
-1.4284843
-1.5716539
-1.7148235
-1.857993
-2.0011626
-2.1443322
-2.2875018
-2.4306713
-2.5738409
-2.7170105
-2.8601801
-3.0033497
-3.1465192
-3.2896888
-3.4328584
-3.576028
-3.7191975
-3.8623671
-4.0055367
-4.1487063
-4.2918759
-4.4350454
-4.578215
-4.7213846
-4.8645542
-5.0077237
-5.1508933
-5.2940629
-5.4372325
-5.5804021
-0.27257224
-0.40699472
-0.5414172
-0.67583968
-0.81026216
-0.94468466
-1.0791071
-1.2135296
-1.3479521
-1.4823746
-1.6167971
-1.7512195
-1.885642
-2.0200645
-2.154487
-2.2889095
-2.4233319
-2.5577544
-2.6921769
-2.8265994
-2.9610219
-3.0954443
-3.2298668
-3.3642893
-3.4987118
-3.6331343
-3.7675567
-3.9019792
-4.0364017
-4.1708242
-4.3052467
-4.4396692
-4.5740916
-4.7085141
-4.8429366
-4.9773591
-5.1117816
-5.246204
-5.3806265
-5.515049
-0.54834321
-0.674019
-0.79969479
-0.92537058
-1.0510464
-1.1767222
-1.302398
-1.4280737
-1.5537495
-1.6794253
-1.8051011
-1.9307769
-2.0564527
-2.1821285
-2.3078043
-2.4334801
-2.5591558
-2.6848316
-2.8105074
-2.9361832
-3.061859
-3.1875348
-3.3132106
-3.4388864
-3.5645621
-3.6902379
-3.8159137
-3.9415895
-4.0672653
-4.1929411
-4.3186169
-4.4442927
-4.5699684
-4.6956442
-4.82132
-4.9469958
-5.0726716
-5.1983474
-5.3240232
-5.449699
-0.82409856
-0.94102814
-1.0579577
-1.1748873
-1.2918169
-1.4087465
-1.5256761
-1.6426057
-1.7595353
-1.8764649
-1.9933945
-2.110324
-2.2272536
-2.3441832
-2.4611128
-2.5780424
-2.694972
-2.8119016
-2.9288312
-3.0457608
-3.1626904
-3.2796199
-3.3965495
-3.5134791
-3.6304087
-3.7473383
-3.8642679
-3.9811975
-4.0981271
-4.2150567
-4.3319863
-4.4489158
-4.5658454
-4.682775
-4.7997046
-4.9166342
-5.0335638
-5.1504934
-5.267423
-5.3843526
-1.0998345
-1.2080185
-1.3162025
-1.4243865
-1.5325706
-1.6407546
-1.7489386
-1.8571226
-1.9653066
-2.0734906
-2.1816746
-2.2898586
-2.3980426
-2.5062266
-2.6144106
-2.7225946
-2.8307786
-2.9389627
-3.0471467
-3.1553307
-3.2635147
-3.3716987
-3.4798827
-3.5880667
-3.6962507
-3.8044347
-3.9126187
-4.0208027
-4.1289867
-4.2371707
-4.3453548
-4.4535388
-4.5617228
-4.6699068
-4.7780908
-4.8862748
-4.9944588
-5.1026428
-5.2108268
-5.3190108
-1.375546
-1.4749852
-1.5744244
-1.6738636
-1.7733028
-1.872742
-1.9721812
-2.0716204
-2.1710596
-2.2704988
-2.369938
-2.4693772
-2.5688164
-2.6682556
-2.7676948
-2.867134
-2.9665732
-3.0660124
-3.1654516
-3.2648908
-3.36433
-3.4637692
-3.5632084
-3.6626476
-3.7620868
-3.861526
-3.9609652
-4.0604044
-4.1598437
-4.2592829
-4.3587221
-4.4581613
-4.5576005
-4.6570397
-4.7564789
-4.8559181
-4.9553573
-5.0547965
-5.1542357
-5.2536749
-1.6512258
-1.7419212
-1.8326166
-1.923312
-2.0140074
-2.1047028
-2.1953982
-2.2860936
-2.376789
-2.4674844
-2.5581798
-2.6488752
-2.7395706
-2.830266
-2.9209614
-3.0116568
-3.1023522
-3.1930476
-3.283743
-3.3744384
-3.4651338
-3.5558292
-3.6465246
-3.73722
-3.8279154
-3.9186108
-4.0093062
-4.1000016
-4.190697
-4.2813924
-4.3720878
-4.4627832
-4.5534786
-4.644174
-4.7348694
-4.8255648
-4.9162602
-5.0069556
-5.0976511
-5.1883465
-1.9268638
-2.0088167
-2.0907696
-2.1727226
-2.2546755
-2.3366284
-2.4185814
-2.5005343
-2.5824872
-2.6644401
-2.7463931
-2.828346
-2.9102989
-2.9922518
-3.0742048
-3.1561577
-3.2381106
-3.3200635
-3.4020165
-3.4839694
-3.5659223
-3.6478752
-3.7298282
-3.8117811
-3.893734
-3.975687
-4.0576399
-4.1395928
-4.2215457
-4.3034987
-4.3854516
-4.4674045
-4.5493574
-4.6313104
-4.7132633
-4.7952162
-4.8771691
-4.9591221
-5.041075
-5.1230279
-2.2024451
-2.2756573
-2.3488696
-2.4220818
-2.4952941
-2.5685063
-2.6417186
-2.7149308
-2.7881431
-2.8613553
-2.9345676
-3.0077798
-3.0809921
-3.1542043
-3.2274166
-3.3006288
-3.3738411
-3.4470533
-3.5202656
-3.5934778
-3.6666901
-3.7399023
-3.8131146
-3.8863268
-3.9595391
-4.0327513
-4.1059636
-4.1791758
-4.2523881
-4.3256003
-4.3988126
-4.4720248
-4.5452371
-4.6184493
-4.6916616
-4.7648738
-4.8380861
-4.9112983
-4.9845106
-5.0577228
-2.4779464
-2.5424205
-2.6068946
-2.6713687
-2.7358428
-2.800317
-2.8647911
-2.9292652
-2.9937393
-3.0582134
-3.1226875
-3.1871616
-3.2516357
-3.3161098
-3.3805839
-3.4450581
-3.5095322
-3.5740063
-3.6384804
-3.7029545
-3.7674286
-3.8319027
-3.8963768
-3.9608509
-4.025325
-4.0897992
-4.1542733
-4.2187474
-4.2832215
-4.3476956
-4.4121697
-4.4766438
-4.5411179
-4.605592
-4.6700661
-4.7345403
-4.7990144
-4.8634885
-4.9279626
-4.9924367
-2.7533301
-2.8090698
-2.8648095
-2.9205492
-2.9762889
-3.0320286
-3.0877683
-3.143508
-3.1992477
-3.2549874
-3.3107271
-3.3664668
-3.4222065
-3.4779462
-3.5336859
-3.5894256
-3.6451653
-3.700905
-3.7566447
-3.8123844
-3.8681241
-3.9238638
-3.9796035
-4.0353432
-4.0910829
-4.1468226
-4.2025623
-4.258302
-4.3140417
-4.3697814
-4.4255211
-4.4812608
-4.5370005
-4.5927402
-4.6484799
-4.7042196
-4.7599593
-4.815699
-4.8714387
-4.9271784
-3.0285303
-3.0755414
-3.1225525
-3.1695636
-3.2165748
-3.2635859
-3.310597
-3.3576081
-3.4046192
-3.4516303
-3.4986414
-3.5456525
-3.5926636
-3.6396748
-3.6866859
-3.733697
-3.7807081
-3.8277192
-3.8747303
-3.9217414
-3.9687525
-4.0157636
-4.0627748
-4.1097859
-4.156797
-4.2038081
-4.2508192
-4.2978303
-4.3448414
-4.3918525
-4.4388636
-4.4858748
-4.5328859
-4.579897
-4.6269081
-4.6739192
-4.7209303
-4.7679414
-4.8149525
-4.8619636
-3.3034206
-3.341713
-3.3800053
-3.4182977
-3.45659
-3.4948824
-3.5331747
-3.5714671
-3.6097594
-3.6480518
-3.6863441
-3.7246365
-3.7629288
-3.8012212
-3.8395135
-3.8778059
-3.9160982
-3.9543906
-3.9926829
-4.0309753
-4.0692676
-4.10756
-4.1458523
-4.1841447
-4.222437
-4.2607294
-4.2990217
-4.3373141
-4.3756064
-4.4138988
-4.4521911
-4.4904835
-4.5287758
-4.5670682
-4.6053605
-4.6436529
-4.6819452
-4.7202376
-4.7585299
-4.7968223
-3.5777242
-3.6073164
-3.6369086
-3.6665008
-3.696093
-3.7256852
-3.7552774
-3.7848696
-3.8144618
-3.844054
-3.8736462
-3.9032384
-3.9328306
-3.9624228
-3.992015
-4.0216072
-4.0511994
-4.0807916
-4.1103838
-4.139976
-4.1695682
-4.1991604
-4.2287526
-4.2583448
-4.287937
-4.3175292
-4.3471214
-4.3767136
-4.4063058
-4.435898
-4.4654902
-4.4950824
-4.5246746
-4.5542668
-4.583859
-4.6134512
-4.6430434
-4.6726356
-4.7022278
-4.73182
7.3125
7.3125
7.3125
7.3125
7.3125
7.3125
7.3125
7.3125
7.3125
7.3125
7.3125
7.3125
7.3125
7.3125
7.3125
7.3125
7.3125
7.3125
7.3125
7.3125
7.3125
7.3125
7.3125
7.3125
7.3125
7.3125
7.3125
7.3125
7.3125
7.3125
7.3125
7.3125
7.3125
7.3125
7.3125
7.3125
7.3125
7.3125
7.3125
7.3125
6.9375
6.9375
6.9375
6.9375
6.9375
6.9375
6.9375
6.9375
6.9375
6.9375
6.9375
6.9375
6.9375
6.9375
6.9375
6.9375
6.9375
6.9375
6.9375
6.9375
6.9375
6.9375
6.9375
6.9375
6.9375
6.9375
6.9375
6.9375
6.9375
6.9375
6.9375
6.9375
6.9375
6.9375
6.9375
6.9375
6.9375
6.9375
6.9375
6.9375
6.5625
6.5625
6.5625
6.5625
6.5625
6.5625
6.5625
6.5625
6.5625
6.5625
6.5625
6.5625
6.5625
6.5625
6.5625
6.5625
6.5625
6.5625
6.5625
6.5625
6.5625
6.5625
6.5625
6.5625
6.5625
6.5625
6.5625
6.5625
6.5625
6.5625
6.5625
6.5625
6.5625
6.5625
6.5625
6.5625
6.5625
6.5625
6.5625
6.5625
6.1875
6.1875
6.1875
6.1875
6.1875
6.1875
6.1875
6.1875
6.1875
6.1875
6.1875
6.1875
6.1875
6.1875
6.1875
6.1875
6.1875
6.1875
6.1875
6.1875
6.1875
6.1875
6.1875
6.1875
6.1875
6.1875
6.1875
6.1875
6.1875
6.1875
6.1875
6.1875
6.1875
6.1875
6.1875
6.1875
6.1875
6.1875
6.1875
6.1875
5.8125
5.8125
5.8125
5.8125
5.8125
5.8125
5.8125
5.8125
5.8125
5.8125
5.8125
5.8125
5.8125
5.8125
5.8125
5.8125
5.8125
5.8125
5.8125
5.8125
5.8125
5.8125
5.8125
5.8125
5.8125
5.8125
5.8125
5.8125
5.8125
5.8125
5.8125
5.8125
5.8125
5.8125
5.8125
5.8125
5.8125
5.8125
5.8125
5.8125
5.4375
5.4375
5.4375
5.4375
5.4375
5.4375
5.4375
5.4375
5.4375
5.4375
5.4375
5.4375
5.4375
5.4375
5.4375
5.4375
5.4375
5.4375
5.4375
5.4375
5.4375
5.4375
5.4375
5.4375
5.4375
5.4375
5.4375
5.4375
5.4375
5.4375
5.4375
5.4375
5.4375
5.4375
5.4375
5.4375
5.4375
5.4375
5.4375
5.4375
5.0625
5.0625
5.0625
5.0625
5.0625
5.0625
5.0625
5.0625
5.0625
5.0625
5.0625
5.0625
5.0625
5.0625
5.0625
5.0625
5.0625
5.0625
5.0625
5.0625
5.0625
5.0625
5.0625
5.0625
5.0625
5.0625
5.0625
5.0625
5.0625
5.0625
5.0625
5.0625
5.0625
5.0625
5.0625
5.0625
5.0625
5.0625
5.0625
5.0625
4.6875
4.6875
4.6875
4.6875
4.6875
4.6875
4.6875
4.6875
4.6875
4.6875
4.6875
4.6875
4.6875
4.6875
4.6875
4.6875
4.6875
4.6875
4.6875
4.6875
4.6875
4.6875
4.6875
4.6875
4.6875
4.6875
4.6875
4.6875
4.6875
4.6875
4.6875
4.6875
4.6875
4.6875
4.6875
4.6875
4.6875
4.6875
4.6875
4.6875
4.3125
4.3125
4.3125
4.3125
4.3125
4.3125
4.3125
4.3125
4.3125
4.3125
4.3125
4.3125
4.3125
4.3125
4.3125
4.3125
4.3125
4.3125
4.3125
4.3125
4.3125
4.3125
4.3125
4.3125
4.3125
4.3125
4.3125
4.3125
4.3125
4.3125
4.3125
4.3125
4.3125
4.3125
4.3125
4.3125
4.3125
4.3125
4.3125
4.3125
3.9375
3.9375
3.9375
3.9375
3.9375
3.9375
3.9375
3.9375
3.9375
3.9375
3.9375
3.9375
3.9375
3.9375
3.9375
3.9375
3.9375
3.9375
3.9375
3.9375
3.9375
3.9375
3.9375
3.9375
3.9375
3.9375
3.9375
3.9375
3.9375
3.9375
3.9375
3.9375
3.9375
3.9375
3.9375
3.9375
3.9375
3.9375
3.9375
3.9375
3.5625
3.5625
3.5625
3.5625
3.5625
3.5625
3.5625
3.5625
3.5625
3.5625
3.5625
3.5625
3.5625
3.5625
3.5625
3.5625
3.5625
3.5625
3.5625
3.5625
3.5625
3.5625
3.5625
3.5625
3.5625
3.5625
3.5625
3.5625
3.5625
3.5625
3.5625
3.5625
3.5625
3.5625
3.5625
3.5625
3.5625
3.5625
3.5625
3.5625
3.1875
3.1875
3.1875
3.1875
3.1875
3.1875
3.1875
3.1875
3.1875
3.1875
3.1875
3.1875
3.1875
3.1875
3.1875
3.1875
3.1875
3.1875
3.1875
3.1875
3.1875
3.1875
3.1875
3.1875
3.1875
3.1875
3.1875
3.1875
3.1875
3.1875
3.1875
3.1875
3.1875
3.1875
3.1875
3.1875
3.1875
3.1875
3.1875
3.1875
2.8125
2.8125
2.8125
2.8125
2.8125
2.8125
2.8125
2.8125
2.8125
2.8125
2.8125
2.8125
2.8125
2.8125
2.8125
2.8125
2.8125
2.8125
2.8125
2.8125
2.8125
2.8125
2.8125
2.8125
2.8125
2.8125
2.8125
2.8125
2.8125
2.8125
2.8125
2.8125
2.8125
2.8125
2.8125
2.8125
2.8125
2.8125
2.8125
2.8125
2.4375
2.4375
2.4375
2.4375
2.4375
2.4375
2.4375
2.4375
2.4375
2.4375
2.4375
2.4375
2.4375
2.4375
2.4375
2.4375
2.4375
2.4375
2.4375
2.4375
2.4375
2.4375
2.4375
2.4375
2.4375
2.4375
2.4375
2.4375
2.4375
2.4375
2.4375
2.4375
2.4375
2.4375
2.4375
2.4375
2.4375
2.4375
2.4375
2.4375
2.0625
2.0625
2.0625
2.0625
2.0625
2.0625
2.0625
2.0625
2.0625
2.0625
2.0625
2.0625
2.0625
2.0625
2.0625
2.0625
2.0625
2.0625
2.0625
2.0625
2.0625
2.0625
2.0625
2.0625
2.0625
2.0625
2.0625
2.0625
2.0625
2.0625
2.0625
2.0625
2.0625
2.0625
2.0625
2.0625
2.0625
2.0625
2.0625
2.0625
1.6875
1.6875
1.6875
1.6875
1.6875
1.6875
1.6875
1.6875
1.6875
1.6875
1.6875
1.6875
1.6875
1.6875
1.6875
1.6875
1.6875
1.6875
1.6875
1.6875
1.6875
1.6875
1.6875
1.6875
1.6875
1.6875
1.6875
1.6875
1.6875
1.6875
1.6875
1.6875
1.6875
1.6875
1.6875
1.6875
1.6875
1.6875
1.6875
1.6875
1.3125
1.3125
1.3125
1.3125
1.3125
1.3125
1.3125
1.3125
1.3125
1.3125
1.3125
1.3125
1.3125
1.3125
1.3125
1.3125
1.3125
1.3125
1.3125
1.3125
1.3125
1.3125
1.3125
1.3125
1.3125
1.3125
1.3125
1.3125
1.3125
1.3125
1.3125
1.3125
1.3125
1.3125
1.3125
1.3125
1.3125
1.3125
1.3125
1.3125
0.9375
0.9375
0.9375
0.9375
0.9375
0.9375
0.9375
0.9375
0.9375
0.9375
0.9375
0.9375
0.9375
0.9375
0.9375
0.9375
0.9375
0.9375
0.9375
0.9375
0.9375
0.9375
0.9375
0.9375
0.9375
0.9375
0.9375
0.9375
0.9375
0.9375
0.9375
0.9375
0.9375
0.9375
0.9375
0.9375
0.9375
0.9375
0.9375
0.9375
0.5625
0.5625
0.5625
0.5625
0.5625
0.5625
0.5625
0.5625
0.5625
0.5625
0.5625
0.5625
0.5625
0.5625
0.5625
0.5625
0.5625
0.5625
0.5625
0.5625
0.5625
0.5625
0.5625
0.5625
0.5625
0.5625
0.5625
0.5625
0.5625
0.5625
0.5625
0.5625
0.5625
0.5625
0.5625
0.5625
0.5625
0.5625
0.5625
0.5625
0.1875
0.1875
0.1875
0.1875
0.1875
0.1875
0.1875
0.1875
0.1875
0.1875
0.1875
0.1875
0.1875
0.1875
0.1875
0.1875
0.1875
0.1875
0.1875
0.1875
0.1875
0.1875
0.1875
0.1875
0.1875
0.1875
0.1875
0.1875
0.1875
0.1875
0.1875
0.1875
0.1875
0.1875
0.1875
0.1875
0.1875
0.1875
0.1875
0.1875
-0.1875
-0.1875
-0.1875
-0.1875
-0.1875
-0.1875
-0.1875
-0.1875
-0.1875
-0.1875
-0.1875
-0.1875
-0.1875
-0.1875
-0.1875
-0.1875
-0.1875
-0.1875
-0.1875
-0.1875
-0.1875
-0.1875
-0.1875
-0.1875
-0.1875
-0.1875
-0.1875
-0.1875
-0.1875
-0.1875
-0.1875
-0.1875
-0.1875
-0.1875
-0.1875
-0.1875
-0.1875
-0.1875
-0.1875
-0.1875
-0.5625
-0.5625
-0.5625
-0.5625
-0.5625
-0.5625
-0.5625
-0.5625
-0.5625
-0.5625
-0.5625
-0.5625
-0.5625
-0.5625
-0.5625
-0.5625
-0.5625
-0.5625
-0.5625
-0.5625
-0.5625
-0.5625
-0.5625
-0.5625
-0.5625
-0.5625
-0.5625
-0.5625
-0.5625
-0.5625
-0.5625
-0.5625
-0.5625
-0.5625
-0.5625
-0.5625
-0.5625
-0.5625
-0.5625
-0.5625
-0.9375
-0.9375
-0.9375
-0.9375
-0.9375
-0.9375
-0.9375
-0.9375
-0.9375
-0.9375
-0.9375
-0.9375
-0.9375
-0.9375
-0.9375
-0.9375
-0.9375
-0.9375
-0.9375
-0.9375
-0.9375
-0.9375
-0.9375
-0.9375
-0.9375
-0.9375
-0.9375
-0.9375
-0.9375
-0.9375
-0.9375
-0.9375
-0.9375
-0.9375
-0.9375
-0.9375
-0.9375
-0.9375
-0.9375
-0.9375
-1.3125
-1.3125
-1.3125
-1.3125
-1.3125
-1.3125
-1.3125
-1.3125
-1.3125
-1.3125
-1.3125
-1.3125
-1.3125
-1.3125
-1.3125
-1.3125
-1.3125
-1.3125
-1.3125
-1.3125
-1.3125
-1.3125
-1.3125
-1.3125
-1.3125
-1.3125
-1.3125
-1.3125
-1.3125
-1.3125
-1.3125
-1.3125
-1.3125
-1.3125
-1.3125
-1.3125
-1.3125
-1.3125
-1.3125
-1.3125
-1.6875
-1.6875
-1.6875
-1.6875
-1.6875
-1.6875
-1.6875
-1.6875
-1.6875
-1.6875
-1.6875
-1.6875
-1.6875
-1.6875
-1.6875
-1.6875
-1.6875
-1.6875
-1.6875
-1.6875
-1.6875
-1.6875
-1.6875
-1.6875
-1.6875
-1.6875
-1.6875
-1.6875
-1.6875
-1.6875
-1.6875
-1.6875
-1.6875
-1.6875
-1.6875
-1.6875
-1.6875
-1.6875
-1.6875
-1.6875
-2.0625
-2.0625
-2.0625
-2.0625
-2.0625
-2.0625
-2.0625
-2.0625
-2.0625
-2.0625
-2.0625
-2.0625
-2.0625
-2.0625
-2.0625
-2.0625
-2.0625
-2.0625
-2.0625
-2.0625
-2.0625
-2.0625
-2.0625
-2.0625
-2.0625
-2.0625
-2.0625
-2.0625
-2.0625
-2.0625
-2.0625
-2.0625
-2.0625
-2.0625
-2.0625
-2.0625
-2.0625
-2.0625
-2.0625
-2.0625
-2.4375
-2.4375
-2.4375
-2.4375
-2.4375
-2.4375
-2.4375
-2.4375
-2.4375
-2.4375
-2.4375
-2.4375
-2.4375
-2.4375
-2.4375
-2.4375
-2.4375
-2.4375
-2.4375
-2.4375
-2.4375
-2.4375
-2.4375
-2.4375
-2.4375
-2.4375
-2.4375
-2.4375
-2.4375
-2.4375
-2.4375
-2.4375
-2.4375
-2.4375
-2.4375
-2.4375
-2.4375
-2.4375
-2.4375
-2.4375
-2.8125
-2.8125
-2.8125
-2.8125
-2.8125
-2.8125
-2.8125
-2.8125
-2.8125
-2.8125
-2.8125
-2.8125
-2.8125
-2.8125
-2.8125
-2.8125
-2.8125
-2.8125
-2.8125
-2.8125
-2.8125
-2.8125
-2.8125
-2.8125
-2.8125
-2.8125
-2.8125
-2.8125
-2.8125
-2.8125
-2.8125
-2.8125
-2.8125
-2.8125
-2.8125
-2.8125
-2.8125
-2.8125
-2.8125
-2.8125
-3.1875
-3.1875
-3.1875
-3.1875
-3.1875
-3.1875
-3.1875
-3.1875
-3.1875
-3.1875
-3.1875
-3.1875
-3.1875
-3.1875
-3.1875
-3.1875
-3.1875
-3.1875
-3.1875
-3.1875
-3.1875
-3.1875
-3.1875
-3.1875
-3.1875
-3.1875
-3.1875
-3.1875
-3.1875
-3.1875
-3.1875
-3.1875
-3.1875
-3.1875
-3.1875
-3.1875
-3.1875
-3.1875
-3.1875
-3.1875
-3.5625
-3.5625
-3.5625
-3.5625
-3.5625
-3.5625
-3.5625
-3.5625
-3.5625
-3.5625
-3.5625
-3.5625
-3.5625
-3.5625
-3.5625
-3.5625
-3.5625
-3.5625
-3.5625
-3.5625
-3.5625
-3.5625
-3.5625
-3.5625
-3.5625
-3.5625
-3.5625
-3.5625
-3.5625
-3.5625
-3.5625
-3.5625
-3.5625
-3.5625
-3.5625
-3.5625
-3.5625
-3.5625
-3.5625
-3.5625
-3.9375
-3.9375
-3.9375
-3.9375
-3.9375
-3.9375
-3.9375
-3.9375
-3.9375
-3.9375
-3.9375
-3.9375
-3.9375
-3.9375
-3.9375
-3.9375
-3.9375
-3.9375
-3.9375
-3.9375
-3.9375
-3.9375
-3.9375
-3.9375
-3.9375
-3.9375
-3.9375
-3.9375
-3.9375
-3.9375
-3.9375
-3.9375
-3.9375
-3.9375
-3.9375
-3.9375
-3.9375
-3.9375
-3.9375
-3.9375
-4.3125
-4.3125
-4.3125
-4.3125
-4.3125
-4.3125
-4.3125
-4.3125
-4.3125
-4.3125
-4.3125
-4.3125
-4.3125
-4.3125
-4.3125
-4.3125
-4.3125
-4.3125
-4.3125
-4.3125
-4.3125
-4.3125
-4.3125
-4.3125
-4.3125
-4.3125
-4.3125
-4.3125
-4.3125
-4.3125
-4.3125
-4.3125
-4.3125
-4.3125
-4.3125
-4.3125
-4.3125
-4.3125
-4.3125
-4.3125
-4.6875
-4.6875
-4.6875
-4.6875
-4.6875
-4.6875
-4.6875
-4.6875
-4.6875
-4.6875
-4.6875
-4.6875
-4.6875
-4.6875
-4.6875
-4.6875
-4.6875
-4.6875
-4.6875
-4.6875
-4.6875
-4.6875
-4.6875
-4.6875
-4.6875
-4.6875
-4.6875
-4.6875
-4.6875
-4.6875
-4.6875
-4.6875
-4.6875
-4.6875
-4.6875
-4.6875
-4.6875
-4.6875
-4.6875
-4.6875
-5.0625
-5.0625
-5.0625
-5.0625
-5.0625
-5.0625
-5.0625
-5.0625
-5.0625
-5.0625
-5.0625
-5.0625
-5.0625
-5.0625
-5.0625
-5.0625
-5.0625
-5.0625
-5.0625
-5.0625
-5.0625
-5.0625
-5.0625
-5.0625
-5.0625
-5.0625
-5.0625
-5.0625
-5.0625
-5.0625
-5.0625
-5.0625
-5.0625
-5.0625
-5.0625
-5.0625
-5.0625
-5.0625
-5.0625
-5.0625
-5.4375
-5.4375
-5.4375
-5.4375
-5.4375
-5.4375
-5.4375
-5.4375
-5.4375
-5.4375
-5.4375
-5.4375
-5.4375
-5.4375
-5.4375
-5.4375
-5.4375
-5.4375
-5.4375
-5.4375
-5.4375
-5.4375
-5.4375
-5.4375
-5.4375
-5.4375
-5.4375
-5.4375
-5.4375
-5.4375
-5.4375
-5.4375
-5.4375
-5.4375
-5.4375
-5.4375
-5.4375
-5.4375
-5.4375
-5.4375
-5.8125
-5.8125
-5.8125
-5.8125
-5.8125
-5.8125
-5.8125
-5.8125
-5.8125
-5.8125
-5.8125
-5.8125
-5.8125
-5.8125
-5.8125
-5.8125
-5.8125
-5.8125
-5.8125
-5.8125
-5.8125
-5.8125
-5.8125
-5.8125
-5.8125
-5.8125
-5.8125
-5.8125
-5.8125
-5.8125
-5.8125
-5.8125
-5.8125
-5.8125
-5.8125
-5.8125
-5.8125
-5.8125
-5.8125
-5.8125
-6.1875
-6.1875
-6.1875
-6.1875
-6.1875
-6.1875
-6.1875
-6.1875
-6.1875
-6.1875
-6.1875
-6.1875
-6.1875
-6.1875
-6.1875
-6.1875
-6.1875
-6.1875
-6.1875
-6.1875
-6.1875
-6.1875
-6.1875
-6.1875
-6.1875
-6.1875
-6.1875
-6.1875
-6.1875
-6.1875
-6.1875
-6.1875
-6.1875
-6.1875
-6.1875
-6.1875
-6.1875
-6.1875
-6.1875
-6.1875
-6.5625
-6.5625
-6.5625
-6.5625
-6.5625
-6.5625
-6.5625
-6.5625
-6.5625
-6.5625
-6.5625
-6.5625
-6.5625
-6.5625
-6.5625
-6.5625
-6.5625
-6.5625
-6.5625
-6.5625
-6.5625
-6.5625
-6.5625
-6.5625
-6.5625
-6.5625
-6.5625
-6.5625
-6.5625
-6.5625
-6.5625
-6.5625
-6.5625
-6.5625
-6.5625
-6.5625
-6.5625
-6.5625
-6.5625
-6.5625
-6.9375
-6.9375
-6.9375
-6.9375
-6.9375
-6.9375
-6.9375
-6.9375
-6.9375
-6.9375
-6.9375
-6.9375
-6.9375
-6.9375
-6.9375
-6.9375
-6.9375
-6.9375
-6.9375
-6.9375
-6.9375
-6.9375
-6.9375
-6.9375
-6.9375
-6.9375
-6.9375
-6.9375
-6.9375
-6.9375
-6.9375
-6.9375
-6.9375
-6.9375
-6.9375
-6.9375
-6.9375
-6.9375
-6.9375
-6.9375
-7.3125
-7.3125
-7.3125
-7.3125
-7.3125
-7.3125
-7.3125
-7.3125
-7.3125
-7.3125
-7.3125
-7.3125
-7.3125
-7.3125
-7.3125
-7.3125
-7.3125
-7.3125
-7.3125
-7.3125
-7.3125
-7.3125
-7.3125
-7.3125
-7.3125
-7.3125
-7.3125
-7.3125
-7.3125
-7.3125
-7.3125
-7.3125
-7.3125
-7.3125
-7.3125
-7.3125
-7.3125
-7.3125
-7.3125
-7.3125
-7.3125
-7.3125
-7.3125
-7.3125
-7.3125
-7.3125
-7.3125
-7.3125
-7.3125
-7.3125
-7.3125
-7.3125
-7.3125
-7.3125
-7.3125
-7.3125
-7.3125
-7.3125
-7.3125
-7.3125
-7.3125
-7.3125
-7.3125
-7.3125
-7.3125
-7.3125
-7.3125
-7.3125
-7.3125
-7.3125
-7.3125
-7.3125
-7.3125
-7.3125
-7.3125
-7.3125
-7.3125
-7.3125
-7.3125
-7.3125
-6.9375
-6.9375
-6.9375
-6.9375
-6.9375
-6.9375
-6.9375
-6.9375
-6.9375
-6.9375
-6.9375
-6.9375
-6.9375
-6.9375
-6.9375
-6.9375
-6.9375
-6.9375
-6.9375
-6.9375
-6.9375
-6.9375
-6.9375
-6.9375
-6.9375
-6.9375
-6.9375
-6.9375
-6.9375
-6.9375
-6.9375
-6.9375
-6.9375
-6.9375
-6.9375
-6.9375
-6.9375
-6.9375
-6.9375
-6.9375
-6.5625
-6.5625
-6.5625
-6.5625
-6.5625
-6.5625
-6.5625
-6.5625
-6.5625
-6.5625
-6.5625
-6.5625
-6.5625
-6.5625
-6.5625
-6.5625
-6.5625
-6.5625
-6.5625
-6.5625
-6.5625
-6.5625
-6.5625
-6.5625
-6.5625
-6.5625
-6.5625
-6.5625
-6.5625
-6.5625
-6.5625
-6.5625
-6.5625
-6.5625
-6.5625
-6.5625
-6.5625
-6.5625
-6.5625
-6.5625
-6.1875
-6.1875
-6.1875
-6.1875
-6.1875
-6.1875
-6.1875
-6.1875
-6.1875
-6.1875
-6.1875
-6.1875
-6.1875
-6.1875
-6.1875
-6.1875
-6.1875
-6.1875
-6.1875
-6.1875
-6.1875
-6.1875
-6.1875
-6.1875
-6.1875
-6.1875
-6.1875
-6.1875
-6.1875
-6.1875
-6.1875
-6.1875
-6.1875
-6.1875
-6.1875
-6.1875
-6.1875
-6.1875
-6.1875
-6.1875
-5.8125
-5.8125
-5.8125
-5.8125
-5.8125
-5.8125
-5.8125
-5.8125
-5.8125
-5.8125
-5.8125
-5.8125
-5.8125
-5.8125
-5.8125
-5.8125
-5.8125
-5.8125
-5.8125
-5.8125
-5.8125
-5.8125
-5.8125
-5.8125
-5.8125
-5.8125
-5.8125
-5.8125
-5.8125
-5.8125
-5.8125
-5.8125
-5.8125
-5.8125
-5.8125
-5.8125
-5.8125
-5.8125
-5.8125
-5.8125
-5.4375
-5.4375
-5.4375
-5.4375
-5.4375
-5.4375
-5.4375
-5.4375
-5.4375
-5.4375
-5.4375
-5.4375
-5.4375
-5.4375
-5.4375
-5.4375
-5.4375
-5.4375
-5.4375
-5.4375
-5.4375
-5.4375
-5.4375
-5.4375
-5.4375
-5.4375
-5.4375
-5.4375
-5.4375
-5.4375
-5.4375
-5.4375
-5.4375
-5.4375
-5.4375
-5.4375
-5.4375
-5.4375
-5.4375
-5.4375
-5.0625
-5.0625
-5.0625
-5.0625
-5.0625
-5.0625
-5.0625
-5.0625
-5.0625
-5.0625
-5.0625
-5.0625
-5.0625
-5.0625
-5.0625
-5.0625
-5.0625
-5.0625
-5.0625
-5.0625
-5.0625
-5.0625
-5.0625
-5.0625
-5.0625
-5.0625
-5.0625
-5.0625
-5.0625
-5.0625
-5.0625
-5.0625
-5.0625
-5.0625
-5.0625
-5.0625
-5.0625
-5.0625
-5.0625
-5.0625
-4.6875
-4.6875
-4.6875
-4.6875
-4.6875
-4.6875
-4.6875
-4.6875
-4.6875
-4.6875
-4.6875
-4.6875
-4.6875
-4.6875
-4.6875
-4.6875
-4.6875
-4.6875
-4.6875
-4.6875
-4.6875
-4.6875
-4.6875
-4.6875
-4.6875
-4.6875
-4.6875
-4.6875
-4.6875
-4.6875
-4.6875
-4.6875
-4.6875
-4.6875
-4.6875
-4.6875
-4.6875
-4.6875
-4.6875
-4.6875
-4.3125
-4.3125
-4.3125
-4.3125
-4.3125
-4.3125
-4.3125
-4.3125
-4.3125
-4.3125
-4.3125
-4.3125
-4.3125
-4.3125
-4.3125
-4.3125
-4.3125
-4.3125
-4.3125
-4.3125
-4.3125
-4.3125
-4.3125
-4.3125
-4.3125
-4.3125
-4.3125
-4.3125
-4.3125
-4.3125
-4.3125
-4.3125
-4.3125
-4.3125
-4.3125
-4.3125
-4.3125
-4.3125
-4.3125
-4.3125
-3.9375
-3.9375
-3.9375
-3.9375
-3.9375
-3.9375
-3.9375
-3.9375
-3.9375
-3.9375
-3.9375
-3.9375
-3.9375
-3.9375
-3.9375
-3.9375
-3.9375
-3.9375
-3.9375
-3.9375
-3.9375
-3.9375
-3.9375
-3.9375
-3.9375
-3.9375
-3.9375
-3.9375
-3.9375
-3.9375
-3.9375
-3.9375
-3.9375
-3.9375
-3.9375
-3.9375
-3.9375
-3.9375
-3.9375
-3.9375
-3.5625
-3.5625
-3.5625
-3.5625
-3.5625
-3.5625
-3.5625
-3.5625
-3.5625
-3.5625
-3.5625
-3.5625
-3.5625
-3.5625
-3.5625
-3.5625
-3.5625
-3.5625
-3.5625
-3.5625
-3.5625
-3.5625
-3.5625
-3.5625
-3.5625
-3.5625
-3.5625
-3.5625
-3.5625
-3.5625
-3.5625
-3.5625
-3.5625
-3.5625
-3.5625
-3.5625
-3.5625
-3.5625
-3.5625
-3.5625
-3.1875
-3.1875
-3.1875
-3.1875
-3.1875
-3.1875
-3.1875
-3.1875
-3.1875
-3.1875
-3.1875
-3.1875
-3.1875
-3.1875
-3.1875
-3.1875
-3.1875
-3.1875
-3.1875
-3.1875
-3.1875
-3.1875
-3.1875
-3.1875
-3.1875
-3.1875
-3.1875
-3.1875
-3.1875
-3.1875
-3.1875
-3.1875
-3.1875
-3.1875
-3.1875
-3.1875
-3.1875
-3.1875
-3.1875
-3.1875
-2.8125
-2.8125
-2.8125
-2.8125
-2.8125
-2.8125
-2.8125
-2.8125
-2.8125
-2.8125
-2.8125
-2.8125
-2.8125
-2.8125
-2.8125
-2.8125
-2.8125
-2.8125
-2.8125
-2.8125
-2.8125
-2.8125
-2.8125
-2.8125
-2.8125
-2.8125
-2.8125
-2.8125
-2.8125
-2.8125
-2.8125
-2.8125
-2.8125
-2.8125
-2.8125
-2.8125
-2.8125
-2.8125
-2.8125
-2.8125
-2.4375
-2.4375
-2.4375
-2.4375
-2.4375
-2.4375
-2.4375
-2.4375
-2.4375
-2.4375
-2.4375
-2.4375
-2.4375
-2.4375
-2.4375
-2.4375
-2.4375
-2.4375
-2.4375
-2.4375
-2.4375
-2.4375
-2.4375
-2.4375
-2.4375
-2.4375
-2.4375
-2.4375
-2.4375
-2.4375
-2.4375
-2.4375
-2.4375
-2.4375
-2.4375
-2.4375
-2.4375
-2.4375
-2.4375
-2.4375
-2.0625
-2.0625
-2.0625
-2.0625
-2.0625
-2.0625
-2.0625
-2.0625
-2.0625
-2.0625
-2.0625
-2.0625
-2.0625
-2.0625
-2.0625
-2.0625
-2.0625
-2.0625
-2.0625
-2.0625
-2.0625
-2.0625
-2.0625
-2.0625
-2.0625
-2.0625
-2.0625
-2.0625
-2.0625
-2.0625
-2.0625
-2.0625
-2.0625
-2.0625
-2.0625
-2.0625
-2.0625
-2.0625
-2.0625
-2.0625
-1.6875
-1.6875
-1.6875
-1.6875
-1.6875
-1.6875
-1.6875
-1.6875
-1.6875
-1.6875
-1.6875
-1.6875
-1.6875
-1.6875
-1.6875
-1.6875
-1.6875
-1.6875
-1.6875
-1.6875
-1.6875
-1.6875
-1.6875
-1.6875
-1.6875
-1.6875
-1.6875
-1.6875
-1.6875
-1.6875
-1.6875
-1.6875
-1.6875
-1.6875
-1.6875
-1.6875
-1.6875
-1.6875
-1.6875
-1.6875
-1.3125
-1.3125
-1.3125
-1.3125
-1.3125
-1.3125
-1.3125
-1.3125
-1.3125
-1.3125
-1.3125
-1.3125
-1.3125
-1.3125
-1.3125
-1.3125
-1.3125
-1.3125
-1.3125
-1.3125
-1.3125
-1.3125
-1.3125
-1.3125
-1.3125
-1.3125
-1.3125
-1.3125
-1.3125
-1.3125
-1.3125
-1.3125
-1.3125
-1.3125
-1.3125
-1.3125
-1.3125
-1.3125
-1.3125
-1.3125
-0.9375
-0.9375
-0.9375
-0.9375
-0.9375
-0.9375
-0.9375
-0.9375
-0.9375
-0.9375
-0.9375
-0.9375
-0.9375
-0.9375
-0.9375
-0.9375
-0.9375
-0.9375
-0.9375
-0.9375
-0.9375
-0.9375
-0.9375
-0.9375
-0.9375
-0.9375
-0.9375
-0.9375
-0.9375
-0.9375
-0.9375
-0.9375
-0.9375
-0.9375
-0.9375
-0.9375
-0.9375
-0.9375
-0.9375
-0.9375
-0.5625
-0.5625
-0.5625
-0.5625
-0.5625
-0.5625
-0.5625
-0.5625
-0.5625
-0.5625
-0.5625
-0.5625
-0.5625
-0.5625
-0.5625
-0.5625
-0.5625
-0.5625
-0.5625
-0.5625
-0.5625
-0.5625
-0.5625
-0.5625
-0.5625
-0.5625
-0.5625
-0.5625
-0.5625
-0.5625
-0.5625
-0.5625
-0.5625
-0.5625
-0.5625
-0.5625
-0.5625
-0.5625
-0.5625
-0.5625
-0.1875
-0.1875
-0.1875
-0.1875
-0.1875
-0.1875
-0.1875
-0.1875
-0.1875
-0.1875
-0.1875
-0.1875
-0.1875
-0.1875
-0.1875
-0.1875
-0.1875
-0.1875
-0.1875
-0.1875
-0.1875
-0.1875
-0.1875
-0.1875
-0.1875
-0.1875
-0.1875
-0.1875
-0.1875
-0.1875
-0.1875
-0.1875
-0.1875
-0.1875
-0.1875
-0.1875
-0.1875
-0.1875
-0.1875
-0.1875
0.1875
0.1875
0.1875
0.1875
0.1875
0.1875
0.1875
0.1875
0.1875
0.1875
0.1875
0.1875
0.1875
0.1875
0.1875
0.1875
0.1875
0.1875
0.1875
0.1875
0.1875
0.1875
0.1875
0.1875
0.1875
0.1875
0.1875
0.1875
0.1875
0.1875
0.1875
0.1875
0.1875
0.1875
0.1875
0.1875
0.1875
0.1875
0.1875
0.1875
0.5625
0.5625
0.5625
0.5625
0.5625
0.5625
0.5625
0.5625
0.5625
0.5625
0.5625
0.5625
0.5625
0.5625
0.5625
0.5625
0.5625
0.5625
0.5625
0.5625
0.5625
0.5625
0.5625
0.5625
0.5625
0.5625
0.5625
0.5625
0.5625
0.5625
0.5625
0.5625
0.5625
0.5625
0.5625
0.5625
0.5625
0.5625
0.5625
0.5625
0.9375
0.9375
0.9375
0.9375
0.9375
0.9375
0.9375
0.9375
0.9375
0.9375
0.9375
0.9375
0.9375
0.9375
0.9375
0.9375
0.9375
0.9375
0.9375
0.9375
0.9375
0.9375
0.9375
0.9375
0.9375
0.9375
0.9375
0.9375
0.9375
0.9375
0.9375
0.9375
0.9375
0.9375
0.9375
0.9375
0.9375
0.9375
0.9375
0.9375
1.3125
1.3125
1.3125
1.3125
1.3125
1.3125
1.3125
1.3125
1.3125
1.3125
1.3125
1.3125
1.3125
1.3125
1.3125
1.3125
1.3125
1.3125
1.3125
1.3125
1.3125
1.3125
1.3125
1.3125
1.3125
1.3125
1.3125
1.3125
1.3125
1.3125
1.3125
1.3125
1.3125
1.3125
1.3125
1.3125
1.3125
1.3125
1.3125
1.3125
1.6875
1.6875
1.6875
1.6875
1.6875
1.6875
1.6875
1.6875
1.6875
1.6875
1.6875
1.6875
1.6875
1.6875
1.6875
1.6875
1.6875
1.6875
1.6875
1.6875
1.6875
1.6875
1.6875
1.6875
1.6875
1.6875
1.6875
1.6875
1.6875
1.6875
1.6875
1.6875
1.6875
1.6875
1.6875
1.6875
1.6875
1.6875
1.6875
1.6875
2.0625
2.0625
2.0625
2.0625
2.0625
2.0625
2.0625
2.0625
2.0625
2.0625
2.0625
2.0625
2.0625
2.0625
2.0625
2.0625
2.0625
2.0625
2.0625
2.0625
2.0625
2.0625
2.0625
2.0625
2.0625
2.0625
2.0625
2.0625
2.0625
2.0625
2.0625
2.0625
2.0625
2.0625
2.0625
2.0625
2.0625
2.0625
2.0625
2.0625
2.4375
2.4375
2.4375
2.4375
2.4375
2.4375
2.4375
2.4375
2.4375
2.4375
2.4375
2.4375
2.4375
2.4375
2.4375
2.4375
2.4375
2.4375
2.4375
2.4375
2.4375
2.4375
2.4375
2.4375
2.4375
2.4375
2.4375
2.4375
2.4375
2.4375
2.4375
2.4375
2.4375
2.4375
2.4375
2.4375
2.4375
2.4375
2.4375
2.4375
2.8125
2.8125
2.8125
2.8125
2.8125
2.8125
2.8125
2.8125
2.8125
2.8125
2.8125
2.8125
2.8125
2.8125
2.8125
2.8125
2.8125
2.8125
2.8125
2.8125
2.8125
2.8125
2.8125
2.8125
2.8125
2.8125
2.8125
2.8125
2.8125
2.8125
2.8125
2.8125
2.8125
2.8125
2.8125
2.8125
2.8125
2.8125
2.8125
2.8125
3.1875
3.1875
3.1875
3.1875
3.1875
3.1875
3.1875
3.1875
3.1875
3.1875
3.1875
3.1875
3.1875
3.1875
3.1875
3.1875
3.1875
3.1875
3.1875
3.1875
3.1875
3.1875
3.1875
3.1875
3.1875
3.1875
3.1875
3.1875
3.1875
3.1875
3.1875
3.1875
3.1875
3.1875
3.1875
3.1875
3.1875
3.1875
3.1875
3.1875
3.5625
3.5625
3.5625
3.5625
3.5625
3.5625
3.5625
3.5625
3.5625
3.5625
3.5625
3.5625
3.5625
3.5625
3.5625
3.5625
3.5625
3.5625
3.5625
3.5625
3.5625
3.5625
3.5625
3.5625
3.5625
3.5625
3.5625
3.5625
3.5625
3.5625
3.5625
3.5625
3.5625
3.5625
3.5625
3.5625
3.5625
3.5625
3.5625
3.5625
3.9375
3.9375
3.9375
3.9375
3.9375
3.9375
3.9375
3.9375
3.9375
3.9375
3.9375
3.9375
3.9375
3.9375
3.9375
3.9375
3.9375
3.9375
3.9375
3.9375
3.9375
3.9375
3.9375
3.9375
3.9375
3.9375
3.9375
3.9375
3.9375
3.9375
3.9375
3.9375
3.9375
3.9375
3.9375
3.9375
3.9375
3.9375
3.9375
3.9375
4.3125
4.3125
4.3125
4.3125
4.3125
4.3125
4.3125
4.3125
4.3125
4.3125
4.3125
4.3125
4.3125
4.3125
4.3125
4.3125
4.3125
4.3125
4.3125
4.3125
4.3125
4.3125
4.3125
4.3125
4.3125
4.3125
4.3125
4.3125
4.3125
4.3125
4.3125
4.3125
4.3125
4.3125
4.3125
4.3125
4.3125
4.3125
4.3125
4.3125
4.6875
4.6875
4.6875
4.6875
4.6875
4.6875
4.6875
4.6875
4.6875
4.6875
4.6875
4.6875
4.6875
4.6875
4.6875
4.6875
4.6875
4.6875
4.6875
4.6875
4.6875
4.6875
4.6875
4.6875
4.6875
4.6875
4.6875
4.6875
4.6875
4.6875
4.6875
4.6875
4.6875
4.6875
4.6875
4.6875
4.6875
4.6875
4.6875
4.6875
5.0625
5.0625
5.0625
5.0625
5.0625
5.0625
5.0625
5.0625
5.0625
5.0625
5.0625
5.0625
5.0625
5.0625
5.0625
5.0625
5.0625
5.0625
5.0625
5.0625
5.0625
5.0625
5.0625
5.0625
5.0625
5.0625
5.0625
5.0625
5.0625
5.0625
5.0625
5.0625
5.0625
5.0625
5.0625
5.0625
5.0625
5.0625
5.0625
5.0625
5.4375
5.4375
5.4375
5.4375
5.4375
5.4375
5.4375
5.4375
5.4375
5.4375
5.4375
5.4375
5.4375
5.4375
5.4375
5.4375
5.4375
5.4375
5.4375
5.4375
5.4375
5.4375
5.4375
5.4375
5.4375
5.4375
5.4375
5.4375
5.4375
5.4375
5.4375
5.4375
5.4375
5.4375
5.4375
5.4375
5.4375
5.4375
5.4375
5.4375
5.8125
5.8125
5.8125
5.8125
5.8125
5.8125
5.8125
5.8125
5.8125
5.8125
5.8125
5.8125
5.8125
5.8125
5.8125
5.8125
5.8125
5.8125
5.8125
5.8125
5.8125
5.8125
5.8125
5.8125
5.8125
5.8125
5.8125
5.8125
5.8125
5.8125
5.8125
5.8125
5.8125
5.8125
5.8125
5.8125
5.8125
5.8125
5.8125
5.8125
6.1875
6.1875
6.1875
6.1875
6.1875
6.1875
6.1875
6.1875
6.1875
6.1875
6.1875
6.1875
6.1875
6.1875
6.1875
6.1875
6.1875
6.1875
6.1875
6.1875
6.1875
6.1875
6.1875
6.1875
6.1875
6.1875
6.1875
6.1875
6.1875
6.1875
6.1875
6.1875
6.1875
6.1875
6.1875
6.1875
6.1875
6.1875
6.1875
6.1875
6.5625
6.5625
6.5625
6.5625
6.5625
6.5625
6.5625
6.5625
6.5625
6.5625
6.5625
6.5625
6.5625
6.5625
6.5625
6.5625
6.5625
6.5625
6.5625
6.5625
6.5625
6.5625
6.5625
6.5625
6.5625
6.5625
6.5625
6.5625
6.5625
6.5625
6.5625
6.5625
6.5625
6.5625
6.5625
6.5625
6.5625
6.5625
6.5625
6.5625
6.9375
6.9375
6.9375
6.9375
6.9375
6.9375
6.9375
6.9375
6.9375
6.9375
6.9375
6.9375
6.9375
6.9375
6.9375
6.9375
6.9375
6.9375
6.9375
6.9375
6.9375
6.9375
6.9375
6.9375
6.9375
6.9375
6.9375
6.9375
6.9375
6.9375
6.9375
6.9375
6.9375
6.9375
6.9375
6.9375
6.9375
6.9375
6.9375
6.9375
7.3125
7.3125
7.3125
7.3125
7.3125
7.3125
7.3125
7.3125
7.3125
7.3125
7.3125
7.3125
7.3125
7.3125
7.3125
7.3125
7.3125
7.3125
7.3125
7.3125
7.3125
7.3125
7.3125
7.3125
7.3125
7.3125
7.3125
7.3125
7.3125
7.3125
7.3125
7.3125
7.3125
7.3125
7.3125
7.3125
7.3125
7.3125
7.3125
7.3125
)
;

boundaryField
{
    FrontBack
    {
        type            empty;
    }
    Cylinder
    {
        type            calculated;
        value           nonuniform List<scalar> 
160
(
-4.7100098
-4.7100098
-4.7100098
-4.7100098
-4.7100098
-4.7100098
-4.7100098
-4.7100098
-4.7100098
-4.7100098
-4.7100098
-4.7100098
-4.7100098
-4.7100098
-4.7100098
-4.7100098
-4.7100098
-4.7100098
-4.7100098
-4.7100098
-4.7100098
-4.7100098
-4.7100098
-4.7100098
-4.7100098
-4.7100098
-4.7100098
-4.7100098
-4.7100098
-4.7100098
-4.7100098
-4.7100098
-4.7100098
-4.7100098
-4.7100098
-4.7100098
-4.7100098
-4.7100098
-4.7100098
-4.7100098
-4.6975098
-4.6725098
-4.6475098
-4.6225098
-4.5975098
-4.5725098
-4.5475098
-4.5225098
-4.4975098
-4.4725098
-4.4475098
-4.4225098
-4.3975098
-4.3725098
-4.3475098
-4.3225098
-4.2975098
-4.2725098
-4.2475098
-4.2225098
-4.1975098
-4.1725098
-4.1475098
-4.1225098
-4.0975098
-4.0725098
-4.0475098
-4.0225098
-3.9975098
-3.9725098
-3.9475098
-3.9225098
-3.8975098
-3.8725098
-3.8475098
-3.8225098
-3.7975098
-3.7725098
-3.7475098
-3.7225098
-3.7100098
-3.7100098
-3.7100098
-3.7100098
-3.7100098
-3.7100098
-3.7100098
-3.7100098
-3.7100098
-3.7100098
-3.7100098
-3.7100098
-3.7100098
-3.7100098
-3.7100098
-3.7100098
-3.7100098
-3.7100098
-3.7100098
-3.7100098
-3.7100098
-3.7100098
-3.7100098
-3.7100098
-3.7100098
-3.7100098
-3.7100098
-3.7100098
-3.7100098
-3.7100098
-3.7100098
-3.7100098
-3.7100098
-3.7100098
-3.7100098
-3.7100098
-3.7100098
-3.7100098
-3.7100098
-3.7100098
-3.7225098
-3.7475098
-3.7725098
-3.7975098
-3.8225098
-3.8475098
-3.8725098
-3.8975098
-3.9225098
-3.9475098
-3.9725098
-3.9975098
-4.0225098
-4.0475098
-4.0725098
-4.0975098
-4.1225098
-4.1475098
-4.1725098
-4.1975098
-4.2225098
-4.2475098
-4.2725098
-4.2975098
-4.3225098
-4.3475098
-4.3725098
-4.3975098
-4.4225098
-4.4475098
-4.4725098
-4.4975098
-4.5225098
-4.5475098
-4.5725098
-4.5975098
-4.6225098
-4.6475098
-4.6725098
-4.6975098
)
;
    }
    Bottom
    {
        type            calculated;
        value           nonuniform List<scalar> 
120
(
-7.5
-7.5
-7.5
-7.5
-7.5
-7.5
-7.5
-7.5
-7.5
-7.5
-7.5
-7.5
-7.5
-7.5
-7.5
-7.5
-7.5
-7.5
-7.5
-7.5
-7.5
-7.5
-7.5
-7.5
-7.5
-7.5
-7.5
-7.5
-7.5
-7.5
-7.5
-7.5
-7.5
-7.5
-7.5
-7.5
-7.5
-7.5
-7.5
-7.5
-7.5
-7.5
-7.5
-7.5
-7.5
-7.5
-7.5
-7.5
-7.5
-7.5
-7.5
-7.5
-7.5
-7.5
-7.5
-7.5
-7.5
-7.5
-7.5
-7.5
-7.5
-7.5
-7.5
-7.5
-7.5
-7.5
-7.5
-7.5
-7.5
-7.5
-7.5
-7.5
-7.5
-7.5
-7.5
-7.5
-7.5
-7.5
-7.5
-7.5
-7.5
-7.5
-7.5
-7.5
-7.5
-7.5
-7.5
-7.5
-7.5
-7.5
-7.5
-7.5
-7.5
-7.5
-7.5
-7.5
-7.5
-7.5
-7.5
-7.5
-7.5
-7.5
-7.5
-7.5
-7.5
-7.5
-7.5
-7.5
-7.5
-7.5
-7.5
-7.5
-7.5
-7.5
-7.5
-7.5
-7.5
-7.5
-7.5
-7.5
)
;
    }
    Top
    {
        type            calculated;
        value           nonuniform List<scalar> 
120
(
7.5
7.5
7.5
7.5
7.5
7.5
7.5
7.5
7.5
7.5
7.5
7.5
7.5
7.5
7.5
7.5
7.5
7.5
7.5
7.5
7.5
7.5
7.5
7.5
7.5
7.5
7.5
7.5
7.5
7.5
7.5
7.5
7.5
7.5
7.5
7.5
7.5
7.5
7.5
7.5
7.5
7.5
7.5
7.5
7.5
7.5
7.5
7.5
7.5
7.5
7.5
7.5
7.5
7.5
7.5
7.5
7.5
7.5
7.5
7.5
7.5
7.5
7.5
7.5
7.5
7.5
7.5
7.5
7.5
7.5
7.5
7.5
7.5
7.5
7.5
7.5
7.5
7.5
7.5
7.5
7.5
7.5
7.5
7.5
7.5
7.5
7.5
7.5
7.5
7.5
7.5
7.5
7.5
7.5
7.5
7.5
7.5
7.5
7.5
7.5
7.5
7.5
7.5
7.5
7.5
7.5
7.5
7.5
7.5
7.5
7.5
7.5
7.5
7.5
7.5
7.5
7.5
7.5
7.5
7.5
)
;
    }
    Inlet
    {
        type            calculated;
        value           nonuniform List<scalar> 
40
(
7.3125
6.9375
6.5625
6.1875
5.8125
5.4375
5.0625
4.6875
4.3125
3.9375
3.5625
3.1875
2.8125
2.4375
2.0625
1.6875
1.3125
0.9375
0.5625
0.1875
-0.1875
-0.5625
-0.9375
-1.3125
-1.6875
-2.0625
-2.4375
-2.8125
-3.1875
-3.5625
-3.9375
-4.3125
-4.6875
-5.0625
-5.4375
-5.8125
-6.1875
-6.5625
-6.9375
-7.3125
)
;
    }
    Outlet
    {
        type            calculated;
        value           nonuniform List<scalar> 
40
(
-7.3125
-6.9375
-6.5625
-6.1875
-5.8125
-5.4375
-5.0625
-4.6875
-4.3125
-3.9375
-3.5625
-3.1875
-2.8125
-2.4375
-2.0625
-1.6875
-1.3125
-0.9375
-0.5625
-0.1875
0.1875
0.5625
0.9375
1.3125
1.6875
2.0625
2.4375
2.8125
3.1875
3.5625
3.9375
4.3125
4.6875
5.0625
5.4375
5.8125
6.1875
6.5625
6.9375
7.3125
)
;
    }
}


// ************************************************************************* //
