/*--------------------------------*- C++ -*----------------------------------*\
  =========                 |
  \\      /  F ield         | OpenFOAM: The Open Source CFD Toolbox
   \\    /   O peration     | Website:  https://openfoam.org
    \\  /    A nd           | Version:  11
     \\/     M anipulation  |
\*---------------------------------------------------------------------------*/
FoamFile
{
    format      ascii;
    class       volScalarField;
    location    "9.5";
    object      mag(U);
}
// * * * * * * * * * * * * * * * * * * * * * * * * * * * * * * * * * * * * * //

dimensions      [0 1 -1 0 0 0 0];

internalField   nonuniform List<scalar> 
9600
(
0.993139
0.991876
0.991187
0.990845
0.990298
0.990003
0.989753
0.989954
0.990457
0.991216
0.992195
0.99343
0.994975
0.996518
0.998201
0.999952
1.0017
1.00385
1.00543
1.00638
1.00833
1.01041
1.01054
1.01001
1.01065
1.01117
1.01102
1.01048
1.00959
1.00817
1.00582
1.00083
0.987608
0.970865
0.962547
0.959582
0.966623
0.974334
1.00211
1.0103
0.993451
0.993429
0.993553
0.993843
0.994037
0.994259
0.994637
0.995366
0.996451
0.997674
0.999061
1.00098
1.00312
1.00526
1.00757
1.01029
1.01313
1.01561
1.01785
1.02015
1.0216
1.02242
1.02419
1.02648
1.02731
1.02722
1.02683
1.02672
1.02688
1.0272
1.02695
1.02507
1.02355
1.02358
1.02356
1.02129
1.02179
1.0239
1.03097
1.03895
0.993647
0.993547
0.993713
0.993863
0.994005
0.994302
0.994772
0.995651
0.996949
0.998156
0.999578
1.00113
1.00331
1.00578
1.0081
1.01029
1.01285
1.01568
1.01839
1.02012
1.02104
1.02232
1.02478
1.02695
1.02732
1.02704
1.02627
1.02618
1.02673
1.02877
1.03069
1.03106
1.02999
1.02766
1.02423
1.01936
1.01773
1.01962
1.02549
1.03876
0.993662
0.993644
0.993847
0.993995
0.994155
0.994395
0.995053
0.995751
0.996973
0.998323
1.00032
1.00158
1.00361
1.00608
1.00907
1.01131
1.01322
1.01571
1.01894
1.02093
1.02183
1.02274
1.02436
1.02578
1.02711
1.02741
1.02724
1.02697
1.0272
1.0279
1.02875
1.02864
1.02779
1.02717
1.02725
1.02852
1.02824
1.03305
1.0353
1.04559
0.993617
0.993612
0.993878
0.994
0.994138
0.994373
0.995066
0.995892
0.997357
0.998685
1.00034
1.0019
1.00422
1.00651
1.00907
1.01155
1.01417
1.0161
1.0181
1.02029
1.02239
1.02417
1.02462
1.02467
1.02533
1.02722
1.02829
1.02853
1.02849
1.02768
1.02708
1.02637
1.02734
1.02827
1.03006
1.0326
1.03262
1.03476
1.0335
1.0429
0.993542
0.993568
0.993928
0.993966
0.994152
0.994402
0.995291
0.996088
0.997616
0.998832
1.00084
1.00205
1.00453
1.00651
1.00981
1.01201
1.01438
1.01592
1.01873
1.02129
1.02315
1.02356
1.0241
1.02499
1.02617
1.02754
1.02812
1.02817
1.02816
1.02772
1.02743
1.02722
1.02737
1.02804
1.02846
1.0297
1.0295
1.03329
1.03284
1.04373
0.993448
0.993481
0.99388
0.993905
0.994164
0.994416
0.995418
0.996198
0.997821
0.998892
1.00111
1.00269
1.00478
1.00678
1.01037
1.01257
1.01484
1.01632
1.01893
1.02137
1.02333
1.02388
1.02458
1.02524
1.02578
1.0269
1.02808
1.0286
1.02872
1.02861
1.0283
1.02791
1.02735
1.02724
1.02732
1.02803
1.02793
1.03139
1.03016
1.03976
0.993277
0.993317
0.993794
0.993847
0.994147
0.994394
0.995443
0.99624
0.998002
0.99918
1.00133
1.00271
1.00536
1.00742
1.01015
1.01252
1.01549
1.01729
1.01911
1.02114
1.02317
1.0246
1.02552
1.02565
1.02558
1.02598
1.02745
1.0288
1.0293
1.0293
1.02896
1.02826
1.02778
1.02757
1.02685
1.02677
1.02615
1.02775
1.02632
1.03439
0.993161
0.993241
0.993823
0.993841
0.994173
0.994416
0.995559
0.996356
0.998202
0.999181
1.00146
1.00326
1.00601
1.00756
1.01058
1.01314
1.01629
1.01809
1.01945
1.02137
1.02365
1.02508
1.02579
1.02597
1.02598
1.02618
1.02682
1.02845
1.02958
1.02988
1.02983
1.02968
1.02905
1.0288
1.02694
1.026
1.02447
1.02516
1.02339
1.0302
0.992884
0.993021
0.993707
0.993706
0.994087
0.99429
0.995522
0.996312
0.998293
0.999272
1.00167
1.00341
1.00632
1.00821
1.01098
1.01322
1.01639
1.01875
1.02045
1.02187
1.0236
1.02492
1.02604
1.0266
1.02663
1.02646
1.02643
1.02714
1.02913
1.03038
1.03082
1.03093
1.02977
1.02925
1.02731
1.02623
1.02377
1.02353
1.0211
1.02548
0.992891
0.993036
0.993738
0.993667
0.994086
0.994304
0.99554
0.996425
0.998534
0.999626
1.00174
1.00361
1.0068
1.00909
1.01153
1.01371
1.01673
1.01975
1.02184
1.02256
1.02407
1.02509
1.02644
1.0271
1.02715
1.02687
1.02662
1.02689
1.02823
1.03047
1.0313
1.03196
1.03127
1.03103
1.02885
1.02755
1.02414
1.02302
1.01943
1.02196
0.992535
0.992637
0.993433
0.993303
0.993872
0.994061
0.995382
0.996272
0.99857
0.999716
1.00179
1.00375
1.00695
1.00945
1.01223
1.01438
1.01701
1.01977
1.02266
1.02339
1.02477
1.02529
1.02663
1.02682
1.02726
1.02711
1.02688
1.02687
1.02736
1.02923
1.03103
1.03283
1.0326
1.03257
1.03033
1.02899
1.02517
1.02344
1.01874
1.01972
0.992557
0.992614
0.993381
0.993205
0.993856
0.99407
0.995519
0.996341
0.998569
1.00016
1.0022
1.00411
1.0072
1.00993
1.01323
1.01516
1.01804
1.02026
1.02362
1.02453
1.02624
1.02621
1.02735
1.02699
1.0274
1.02738
1.02719
1.0271
1.02752
1.02876
1.03044
1.03316
1.03357
1.03443
1.03282
1.03181
1.0281
1.02571
1.01957
1.01883
0.992187
0.992239
0.993034
0.99285
0.993447
0.993713
0.995161
0.996245
0.998185
1.00004
1.00236
1.00412
1.00762
1.00991
1.01363
1.01577
1.01904
1.02046
1.02396
1.02522
1.02725
1.02698
1.02769
1.02715
1.02727
1.02723
1.027
1.02691
1.02712
1.02828
1.02939
1.03245
1.03371
1.03552
1.0347
1.03436
1.03103
1.0287
1.02224
1.01849
0.992184
0.992098
0.992926
0.992713
0.993409
0.993863
0.994924
0.996465
0.998522
1.00025
1.00301
1.00466
1.00821
1.01044
1.01441
1.01666
1.02024
1.02165
1.02514
1.02646
1.02859
1.02835
1.02876
1.02815
1.02765
1.0272
1.02682
1.02675
1.02705
1.02831
1.02931
1.03199
1.03379
1.03666
1.03667
1.03756
1.03499
1.03298
1.02715
1.02195
0.991317
0.991393
0.992204
0.992131
0.992838
0.9934
0.994703
0.995825
0.998317
0.999948
1.003
1.00479
1.00838
1.0105
1.01475
1.01687
1.02094
1.02249
1.02587
1.02704
1.02884
1.02929
1.02944
1.02899
1.0278
1.02674
1.026
1.02578
1.02608
1.02744
1.02851
1.03108
1.03302
1.03677
1.03757
1.03923
1.03808
1.03639
1.03209
1.02543
0.991114
0.991266
0.991796
0.992194
0.992719
0.993182
0.995125
0.995993
0.998615
1.0002
1.00357
1.00553
1.00958
1.01181
1.01597
1.01793
1.02217
1.02415
1.02722
1.02872
1.03013
1.03087
1.03073
1.0304
1.02921
1.02759
1.02612
1.02527
1.02519
1.02643
1.02767
1.0307
1.03265
1.03687
1.03907
1.04153
1.04208
1.04112
1.03861
1.0313
0.989722
0.990244
0.990803
0.991069
0.992049
0.99235
0.994254
0.995348
0.998322
0.999911
1.00331
1.00544
1.00954
1.01214
1.01657
1.01874
1.02251
1.02498
1.02794
1.02979
1.0309
1.03181
1.03122
1.03058
1.02932
1.02763
1.0258
1.02452
1.02378
1.02443
1.0255
1.02836
1.03113
1.03545
1.03911
1.04223
1.04487
1.04425
1.04477
1.03665
0.989282
0.989835
0.990682
0.990758
0.992055
0.992464
0.994495
0.99561
0.998734
1.00065
1.00429
1.00654
1.01077
1.01346
1.01815
1.0211
1.02463
1.02744
1.02987
1.03233
1.03307
1.03393
1.03321
1.0322
1.03046
1.02827
1.02614
1.02434
1.02316
1.02322
1.0241
1.02647
1.02956
1.03405
1.03911
1.04311
1.04801
1.04857
1.05179
1.04375
0.987821
0.988136
0.989305
0.989368
0.990789
0.991295
0.993463
0.994803
0.997969
1.00015
1.00399
1.00667
1.01091
1.0143
1.01849
1.02232
1.02557
1.029
1.03115
1.03371
1.03442
1.03511
1.03431
1.03301
1.03105
1.02838
1.02559
1.02301
1.02111
1.02042
1.0211
1.02294
1.02641
1.03029
1.03678
1.04138
1.049
1.05051
1.05723
1.05005
0.987775
0.987838
0.989212
0.989272
0.990883
0.991414
0.993652
0.995384
0.998584
1.00115
1.00509
1.00832
1.01232
1.01671
1.02047
1.0254
1.02829
1.03236
1.03439
1.03726
1.03779
1.03852
1.03741
1.03556
1.03327
1.03005
1.02654
1.02312
1.0204
1.01845
1.01847
1.01922
1.02301
1.02646
1.0339
1.03926
1.04887
1.05237
1.06262
1.0579
0.986043
0.986042
0.987493
0.987611
0.989126
0.990193
0.992273
0.994446
0.997621
1.00092
1.00442
1.00891
1.01229
1.01764
1.0211
1.02683
1.02962
1.0346
1.03632
1.03968
1.04019
1.04074
1.03982
1.03744
1.03467
1.03081
1.02674
1.02213
1.01888
1.01543
1.01502
1.01386
1.01723
1.01956
1.02761
1.0332
1.04509
1.05024
1.06377
1.06265
0.98594
0.986142
0.987501
0.988151
0.989242
0.990745
0.992594
0.995543
0.998077
1.00276
1.00565
1.01123
1.01446
1.0208
1.02396
1.0306
1.0333
1.03872
1.04067
1.04388
1.04507
1.04515
1.04426
1.04188
1.03866
1.03399
1.02955
1.02367
1.01952
1.01418
1.01251
1.00976
1.01229
1.01307
1.02065
1.02592
1.03879
1.04581
1.06261
1.06632
0.983277
0.984141
0.985007
0.986521
0.98705
0.989612
0.990841
0.994673
0.997016
1.00237
1.00534
1.01157
1.01505
1.02188
1.0252
1.03265
1.03544
1.04105
1.04371
1.04646
1.04796
1.04815
1.04719
1.04441
1.04116
1.03586
1.03105
1.02385
1.01913
1.01201
1.00925
1.00436
1.0054
1.00424
1.01067
1.01492
1.02763
1.03602
1.05395
1.06384
0.982186
0.984547
0.984698
0.987242
0.987583
0.990661
0.991752
0.996129
0.998915
1.00414
1.00811
1.01444
1.01837
1.02589
1.02965
1.03686
1.0413
1.04632
1.04981
1.05271
1.05429
1.05432
1.0534
1.05035
1.04699
1.04065
1.03527
1.02692
1.02127
1.01222
1.00791
1.00071
0.999756
0.996246
1.00052
1.00312
1.01395
1.02352
1.03981
1.05577
0.978172
0.981179
0.981257
0.984085
0.984969
0.98783
0.990879
0.994234
0.99839
1.00376
1.00808
1.01503
1.01961
1.02691
1.03252
1.0388
1.04462
1.04961
1.05385
1.05675
1.05852
1.05873
1.05801
1.05446
1.05092
1.04424
1.03837
1.02873
1.02186
1.0115
1.00536
0.995979
0.992293
0.986605
0.987141
0.988293
0.994161
1.00457
1.01643
1.0377
0.978754
0.980886
0.982651
0.983676
0.986501
0.988434
0.991889
0.996166
1.00065
1.0066
1.0123
1.01853
1.02573
1.03156
1.03933
1.04548
1.05205
1.05741
1.06192
1.06519
1.06746
1.06729
1.06677
1.0633
1.05958
1.0523
1.04608
1.03557
1.0275
1.01551
1.00719
0.996068
0.988514
0.980666
0.975414
0.974862
0.973705
0.983401
0.988572
1.01428
0.976413
0.977207
0.979083
0.980466
0.983389
0.985563
0.990131
0.993719
0.999876
1.00514
1.01292
1.01877
1.02724
1.03392
1.04229
1.04917
1.0563
1.06223
1.06753
1.07108
1.07334
1.07377
1.07317
1.06958
1.06584
1.05834
1.05151
1.04062
1.03122
1.0186
1.00729
0.995528
0.983675
0.974969
0.963506
0.961151
0.951917
0.959184
0.955022
0.981762
0.976903
0.978147
0.981453
0.98211
0.986307
0.988411
0.994094
0.997337
1.00508
1.00988
1.01887
1.02567
1.03451
1.04234
1.05094
1.05891
1.06661
1.07326
1.07874
1.08306
1.08549
1.08647
1.08599
1.0827
1.0789
1.07172
1.06395
1.05349
1.04216
1.0301
1.01529
1.00356
0.986879
0.977283
0.959293
0.954187
0.936964
0.939863
0.926328
0.947551
0.970772
0.971931
0.976069
0.977111
0.982514
0.984809
0.991924
0.996215
1.0047
1.01073
1.0204
1.02816
1.03785
1.04706
1.05596
1.06518
1.07329
1.08106
1.08681
1.09186
1.09475
1.0958
1.09558
1.0928
1.08854
1.08243
1.07329
1.06434
1.05052
1.04035
1.0221
1.01142
0.990483
0.97993
0.957371
0.94939
0.92656
0.924121
0.902633
0.913198
0.971438
0.973392
0.978167
0.980609
0.985622
0.989869
0.9968
1.00245
1.01144
1.01949
1.02927
1.03974
1.04948
1.06058
1.07011
1.08087
1.08898
1.09809
1.10407
1.10993
1.11289
1.11532
1.11397
1.11335
1.10703
1.10332
1.09196
1.08584
1.06925
1.06079
1.04096
1.03013
1.00767
0.995499
0.970255
0.958467
0.93119
0.922379
0.894206
0.893666
0.961081
0.964303
0.969422
0.973083
0.979667
0.985139
0.993497
1.00168
1.01085
1.02214
1.03159
1.04413
1.05426
1.06757
1.07727
1.0903
1.09854
1.10939
1.11501
1.12331
1.12474
1.13033
1.12704
1.12958
1.1215
1.12087
1.108
1.10325
1.08661
1.07825
1.05835
1.04711
1.02359
1.01013
0.983632
0.968869
0.939742
0.925422
0.895538
0.884042
0.963737
0.968409
0.973332
0.9784
0.984046
0.992076
0.998689
1.01053
1.01951
1.03409
1.04459
1.06114
1.07148
1.08802
1.09748
1.11346
1.12077
1.13494
1.13903
1.15034
1.15028
1.15812
1.15385
1.15751
1.14909
1.14887
1.13681
1.13338
1.11815
1.11116
1.09241
1.08166
1.06022
1.04532
1.02152
1.00355
0.976777
0.957546
0.92901
0.907383
0.951991
0.959704
0.965443
0.975012
0.981326
0.993893
1.00094
1.01594
1.02437
1.04191
1.05155
1.07136
1.08072
1.101
1.10965
1.12844
1.13553
1.1516
1.15569
1.16852
1.16894
1.17801
1.17443
1.17968
1.17244
1.17358
1.16322
1.15964
1.14714
1.13848
1.12394
1.11096
1.09371
1.07698
1.05596
1.03653
1.01141
0.988238
0.96277
0.935507
0.952061
0.962126
0.967396
0.979155
0.986405
1.00199
1.01153
1.03151
1.04275
1.06581
1.07755
1.10189
1.11334
1.13666
1.14706
1.16742
1.17578
1.19265
1.19793
1.21045
1.21221
1.21986
1.21795
1.22121
1.21603
1.21581
1.20798
1.20532
1.19585
1.18963
1.18075
1.1682
1.15945
1.14258
1.13016
1.10965
1.09391
1.07027
1.05265
1.028
0.943278
0.960845
0.969209
0.986699
0.995767
1.01493
1.0255
1.04693
1.05896
1.08358
1.09642
1.12266
1.13622
1.16073
1.1736
1.19436
1.20515
1.22152
1.22876
1.24079
1.24352
1.25138
1.24982
1.25356
1.24931
1.24863
1.24437
1.23846
1.23686
1.22495
1.22644
1.21008
1.21131
1.19156
1.19158
1.16728
1.16466
1.13749
1.13278
1.10269
0.94376
0.957415
0.970734
0.993411
1.00965
1.03741
1.05523
1.08638
1.10402
1.13523
1.15138
1.1812
1.195
1.22268
1.23334
1.25798
1.2649
1.28487
1.28841
1.30247
1.30255
1.3111
1.30757
1.3129
1.30522
1.30983
1.29975
1.3038
1.29486
1.29726
1.29096
1.29183
1.28562
1.28499
1.27642
1.27378
1.26249
1.25804
1.24505
1.24044
0.956164
0.982157
1.00084
1.02994
1.04637
1.07722
1.093
1.12507
1.14265
1.17556
1.19532
1.22602
1.24502
1.27157
1.28789
1.30947
1.32113
1.33743
1.34308
1.35425
1.35347
1.36028
1.35359
1.35773
1.34665
1.3501
1.33762
1.34233
1.33139
1.33919
1.33067
1.34226
1.33447
1.34879
1.33776
1.35224
1.33454
1.34605
1.31929
1.32559
0.985571
1.02741
1.06116
1.10854
1.13844
1.18274
1.21674
1.25641
1.28915
1.32435
1.35422
1.38306
1.41014
1.43108
1.45404
1.47042
1.48502
1.49651
1.5032
1.50734
1.50637
1.50171
1.4938
1.48259
1.4704
1.45306
1.43841
1.41794
1.40335
1.38438
1.37209
1.35857
1.35097
1.34549
1.34244
1.34446
1.34008
1.33778
1.30123
1.30295
1.15313
1.19066
1.22834
1.26663
1.30432
1.34009
1.37289
1.40249
1.4289
1.44785
1.47019
1.48057
1.49912
1.50503
1.51837
1.51812
1.52311
1.51333
1.50902
1.48868
1.47578
1.44402
1.42211
1.37792
1.34398
1.29144
1.24481
1.1891
1.13137
1.07611
1.00827
0.959248
0.884577
0.84482
0.768666
0.732014
0.691692
0.45505
0.0353394
0.112589
1.0606
1.07117
1.07284
1.03553
0.9965
1.06188
1.04733
0.864569
0.755941
0.715322
0.802916
1.07141
1.28154
1.28337
1.15783
1.08426
1.0619
1.04502
1.03574
1.03155
1.02818
1.02643
1.0242
1.0232
1.02286
1.02161
1.02145
1.0204
1.0198
1.01914
1.01841
1.01824
1.01751
1.01744
1.01669
1.01663
1.01585
1.0151
1.01399
1.0103
1.0661
1.06644
1.05886
1.0159
0.967551
0.974729
0.941566
0.822307
0.720875
0.67779
0.761045
1.04931
1.27838
1.30163
1.18317
1.09847
1.06709
1.04935
1.03861
1.03307
1.02967
1.0273
1.02521
1.02374
1.02344
1.02212
1.02199
1.02103
1.02042
1.0197
1.01892
1.01867
1.01792
1.01786
1.01712
1.01725
1.01692
1.01689
1.01622
1.01619
1.05818
1.05187
1.03941
0.992607
0.909603
0.916809
0.89547
0.784711
0.691386
0.645702
0.731881
1.06406
1.30009
1.30036
1.19197
1.10915
1.06849
1.05064
1.03975
1.03346
1.03048
1.02787
1.0259
1.0245
1.02381
1.02254
1.0224
1.02131
1.02084
1.02006
1.01927
1.01896
1.01818
1.01799
1.01726
1.01737
1.01705
1.01735
1.01647
1.01341
1.05402
1.04467
1.02905
0.981137
0.890145
0.83574
0.822072
0.760233
0.680383
0.630071
0.720321
1.10349
1.31529
1.28677
1.19284
1.12039
1.07244
1.05359
1.04245
1.03466
1.03176
1.02889
1.02718
1.02567
1.02463
1.02347
1.02317
1.02214
1.02174
1.02091
1.02001
1.01962
1.01879
1.01854
1.01792
1.01782
1.01771
1.01814
1.01831
1.02037
1.04477
1.0319
1.0095
0.963837
0.86367
0.821755
0.796543
0.738908
0.674308
0.636847
0.766997
1.1763
1.3361
1.26721
1.16864
1.1222
1.07323
1.05255
1.0432
1.03495
1.03284
1.02953
1.02798
1.02691
1.02548
1.0246
1.02396
1.02296
1.02257
1.02173
1.02096
1.02042
1.0196
1.01921
1.01848
1.0183
1.01811
1.01789
1.01733
1.01555
1.03972
1.02644
1.00179
0.960073
0.874802
0.792638
0.771152
0.747138
0.70418
0.696415
0.854747
1.23577
1.32653
1.23878
1.13707
1.11611
1.07413
1.05124
1.04374
1.03536
1.03315
1.03003
1.02844
1.02748
1.02605
1.02531
1.02451
1.0236
1.02311
1.0223
1.0216
1.02092
1.02015
1.01965
1.01902
1.01866
1.0186
1.01864
1.0188
1.02011
1.02997
1.01596
0.987603
0.947017
0.879507
0.829418
0.802166
0.771928
0.750943
0.780412
0.973795
1.25486
1.30199
1.20931
1.10475
1.09789
1.0701
1.04722
1.04274
1.03478
1.03264
1.03023
1.02864
1.02789
1.02643
1.02575
1.02484
1.02398
1.02344
1.02263
1.02198
1.02121
1.02051
1.01994
1.0194
1.0189
1.01866
1.01848
1.01802
1.01692
1.0257
1.01203
0.985589
0.950224
0.898743
0.839096
0.818286
0.817637
0.821478
0.88601
1.04151
1.23545
1.25899
1.17355
1.07473
1.0695
1.06507
1.04377
1.04121
1.03398
1.03196
1.03065
1.02887
1.02831
1.02694
1.02645
1.02543
1.02454
1.02383
1.02312
1.0225
1.02162
1.02099
1.02016
1.01961
1.01919
1.01903
1.01902
1.01906
1.01956
1.01964
1.00298
0.978789
0.943021
0.907939
0.883134
0.865746
0.864878
0.882662
0.948521
1.06206
1.20421
1.21788
1.14456
1.04133
1.037
1.05584
1.0374
1.03747
1.03312
1.03129
1.03109
1.02933
1.02899
1.02777
1.02726
1.02648
1.02564
1.02486
1.02414
1.02353
1.02263
1.022
1.02106
1.02023
1.01975
1.01912
1.01905
1.01877
1.01796
1.0172
1.00052
0.981009
0.956444
0.927427
0.902525
0.890187
0.900695
0.921868
0.976942
1.06581
1.15926
1.16753
1.10383
0.999743
1.0058
1.04145
1.02915
1.03319
1.03195
1.02986
1.03056
1.02939
1.02932
1.02828
1.02769
1.02708
1.02632
1.02581
1.02497
1.02445
1.02359
1.02296
1.0221
1.02129
1.02079
1.02009
1.01975
1.01959
1.01955
1.01371
0.996102
0.982007
0.961691
0.936704
0.936638
0.934947
0.941858
0.952971
0.991381
1.0535
1.11277
1.12206
1.06326
0.958662
0.977655
1.02304
1.01952
1.02584
1.0287
1.02706
1.02925
1.02864
1.02904
1.02853
1.02796
1.02745
1.02672
1.02625
1.02541
1.02486
1.02411
1.02354
1.02292
1.02206
1.02128
1.02053
1.02005
1.01967
1.01909
1.01189
0.998787
0.989262
0.979098
0.965497
0.959334
0.960044
0.972658
0.976834
0.99909
1.03147
1.06546
1.07128
1.01008
0.91484
0.950792
1.00413
1.0103
1.01671
1.02479
1.02429
1.0276
1.02761
1.02843
1.02864
1.02834
1.02785
1.02707
1.0266
1.02583
1.02522
1.02449
1.02395
1.02336
1.02267
1.02203
1.02125
1.02071
1.02031
1.02019
1.01159
1.00132
0.996642
0.991346
0.983082
0.994891
1.00622
1.01569
1.01034
1.00811
1.01736
1.02768
1.02795
0.958774
0.877132
0.925325
0.985381
1.00046
1.00789
1.02053
1.02172
1.02624
1.02692
1.02808
1.02859
1.0287
1.02851
1.02776
1.02717
1.02644
1.02562
1.02495
1.02429
1.02375
1.02294
1.02232
1.02156
1.021
1.02035
1.02015
1.01448
1.0087
1.0087
1.00927
1.01651
1.02885
1.04
1.05075
1.0476
1.01568
1.00365
0.991609
0.975389
0.898499
0.839309
0.900745
0.967151
0.989068
1.0011
1.01493
1.01879
1.02443
1.02648
1.02763
1.02855
1.02885
1.02913
1.02881
1.02815
1.02762
1.02677
1.02592
1.0252
1.02449
1.02373
1.02314
1.02238
1.02184
1.02118
1.02089
1.01948
1.01582
1.02127
1.02805
1.0365
1.0661
1.09079
1.09817
1.07665
1.0136
0.980537
0.950482
0.916558
0.840715
0.809715
0.8806
0.94967
0.974849
0.993055
1.00784
1.01498
1.02128
1.02534
1.02682
1.02825
1.02881
1.02935
1.0293
1.02902
1.02858
1.02819
1.02722
1.02659
1.02569
1.02495
1.02424
1.02337
1.02264
1.02177
1.02128
1.02519
1.02697
1.03641
1.05173
1.07283
1.10759
1.13714
1.15243
1.08478
0.998482
0.938938
0.8938
0.839856
0.778823
0.783264
0.867108
0.932749
0.960561
0.985094
0.999853
1.01087
1.01686
1.02253
1.02544
1.02753
1.02856
1.02939
1.02956
1.02947
1.02907
1.02884
1.02825
1.02785
1.02697
1.02639
1.02545
1.02476
1.02382
1.02315
1.02247
1.03274
1.03974
1.05107
1.07433
1.10176
1.157
1.20072
1.19733
1.08335
0.961453
0.876994
0.819149
0.756463
0.728572
0.7711
0.859908
0.918881
0.950486
0.978015
0.993625
1.00629
1.01335
1.01967
1.02362
1.02644
1.02808
1.0293
1.02978
1.02995
1.02949
1.02932
1.02871
1.02844
1.02758
1.02712
1.02614
1.0255
1.02443
1.02388
1.02332
1.04079
1.05361
1.07097
1.0991
1.14416
1.21954
1.26817
1.21192
1.05489
0.891519
0.789778
0.72948
0.680085
0.693976
0.77015
0.856673
0.908079
0.944812
0.97131
0.988844
1.0022
1.0115
1.01723
1.0222
1.02545
1.02743
1.02893
1.02966
1.03018
1.02993
1.02989
1.02931
1.02911
1.02822
1.02791
1.02677
1.02632
1.0255
1.02483
1.02406
1.05271
1.0661
1.09216
1.12331
1.18759
1.29296
1.32603
1.20932
0.978443
0.783483
0.68298
0.645567
0.642335
0.689948
0.783301
0.856997
0.901271
0.93998
0.966664
0.985838
0.99852
1.00988
1.01604
1.02125
1.02462
1.02733
1.02889
1.02988
1.03055
1.03046
1.0306
1.02985
1.02976
1.02886
1.02862
1.02746
1.027
1.02627
1.02597
1.02531
1.06272
1.07917
1.11152
1.15142
1.25072
1.37184
1.33584
1.15737
0.849256
0.65616
0.591746
0.614848
0.651386
0.713547
0.801081
0.861197
0.900894
0.938327
0.963917
0.984223
0.995367
1.00786
1.01556
1.02044
1.02463
1.02746
1.02914
1.03053
1.03144
1.03143
1.03186
1.03106
1.03106
1.03012
1.02986
1.02881
1.02824
1.02716
1.0268
1.02605
1.07323
1.09344
1.12817
1.18199
1.31788
1.40578
1.32
1.06195
0.73906
0.602269
0.606399
0.664866
0.700766
0.758216
0.82377
0.868948
0.911003
0.942145
0.962939
0.98393
0.995444
1.00616
1.01502
1.02057
1.02443
1.02796
1.02933
1.03112
1.03202
1.03208
1.03294
1.03219
1.0323
1.03122
1.03095
1.0299
1.02954
1.02847
1.02809
1.02745
1.07943
1.10473
1.14212
1.2177
1.37227
1.37277
1.24244
1.00751
0.803488
0.743592
0.743351
0.755225
0.76508
0.810189
0.849291
0.886129
0.925765
0.950227
0.967606
0.985851
0.998038
1.00586
1.01438
1.02049
1.02352
1.0281
1.02888
1.03123
1.03207
1.03233
1.03326
1.03274
1.03307
1.03213
1.03172
1.0306
1.03024
1.02925
1.02891
1.0282
1.08487
1.11082
1.14652
1.24436
1.34408
1.27324
1.15012
1.05923
0.952909
0.906978
0.84042
0.832058
0.827409
0.863172
0.883196
0.914236
0.941844
0.964645
0.979626
0.99017
1.00291
1.00748
1.01523
1.02103
1.02348
1.02817
1.02893
1.03131
1.03229
1.03295
1.03372
1.03363
1.03364
1.03345
1.03304
1.03234
1.03188
1.031
1.03077
1.03019
1.08161
1.10299
1.1392
1.23824
1.22003
1.1319
1.10909
1.06631
0.995083
0.951976
0.89288
0.905367
0.889954
0.916834
0.925498
0.950202
0.964221
0.985791
0.996229
1.00014
1.01183
1.01464
1.0197
1.02504
1.02658
1.03021
1.0316
1.03318
1.03453
1.03515
1.03561
1.03624
1.03534
1.03576
1.03474
1.03455
1.03372
1.03265
1.03199
1.03137
1.07206
1.08152
1.11577
1.16418
1.05878
1.0354
1.0435
1.0225
0.989191
0.951818
0.926675
0.957524
0.952366
0.972459
0.974689
0.989204
0.994801
1.01128
1.01637
1.01864
1.02415
1.02636
1.02838
1.03155
1.0339
1.03496
1.03744
1.03713
1.03843
1.0385
1.0384
1.03931
1.03802
1.03872
1.03707
1.03698
1.03595
1.03523
1.03448
1.03362
1.04688
1.0415
1.06607
1.03545
0.905321
0.901862
0.940052
0.938015
0.938266
0.920564
0.940247
0.976443
1.01274
1.02386
1.02553
1.02888
1.03271
1.04033
1.04198
1.0412
1.03965
1.04032
1.04043
1.03958
1.04233
1.04056
1.04243
1.04138
1.04156
1.04143
1.04055
1.04082
1.0393
1.03942
1.03791
1.0376
1.03664
1.03609
1.03569
1.03536
1.00773
0.99467
0.991301
0.89517
0.754804
0.765786
0.815283
0.832171
0.850343
0.872018
0.930022
0.979914
1.03715
1.06738
1.07843
1.07013
1.07498
1.06996
1.07355
1.06378
1.06225
1.05604
1.05452
1.0492
1.04991
1.04694
1.04617
1.046
1.04423
1.04461
1.04312
1.04287
1.04183
1.04122
1.04059
1.03978
1.03902
1.03795
1.03762
1.03688
0.959745
0.932725
0.898456
0.787863
0.623116
0.634178
0.682137
0.710883
0.743602
0.794302
0.879009
0.958887
1.03838
1.09141
1.12167
1.11684
1.11467
1.1062
1.10796
1.09367
1.08981
1.07665
1.07489
1.06431
1.06325
1.05835
1.05628
1.0549
1.05242
1.05121
1.04976
1.04815
1.04725
1.04578
1.04524
1.04399
1.04312
1.04202
1.04168
1.04113
0.9166
0.878279
0.824979
0.727966
0.567162
0.555347
0.562558
0.584832
0.615766
0.679441
0.785844
0.901767
1.01226
1.09503
1.14026
1.16199
1.15507
1.14968
1.14175
1.1332
1.12021
1.10966
1.10058
1.08973
1.08343
1.07704
1.07296
1.06851
1.06688
1.06263
1.06223
1.05812
1.05772
1.05428
1.05308
1.05043
1.04808
1.04654
1.04463
1.04414
0.880008
0.83423
0.779392
0.715329
0.595139
0.541858
0.506153
0.489002
0.487504
0.537035
0.648807
0.793272
0.945514
1.07034
1.14571
1.18396
1.19485
1.18613
1.17777
1.17194
1.15325
1.14412
1.1289
1.11922
1.10552
1.10003
1.08979
1.08487
1.08008
1.07479
1.07281
1.0681
1.06717
1.06298
1.06184
1.05843
1.0562
1.05422
1.05186
1.05136
0.85858
0.813893
0.768381
0.729289
0.658749
0.597561
0.546269
0.498241
0.442076
0.422232
0.48313
0.624056
0.816606
0.993482
1.11816
1.18483
1.21304
1.21433
1.20735
1.1975
1.18591
1.16955
1.1584
1.14466
1.13047
1.12184
1.10977
1.10404
1.09546
1.09129
1.08444
1.08161
1.07613
1.07276
1.06891
1.06542
1.06221
1.05961
1.05733
1.05639
0.851619
0.816831
0.781358
0.752067
0.71928
0.681338
0.634308
0.592155
0.548252
0.481126
0.412171
0.4398
0.613358
0.837878
1.03691
1.15445
1.2065
1.22883
1.22851
1.22239
1.21252
1.19692
1.18687
1.17146
1.15983
1.14402
1.13562
1.12298
1.1168
1.10855
1.10149
1.09703
1.08995
1.08713
1.08105
1.07864
1.07322
1.07182
1.06803
1.06755
0.874977
0.844945
0.826231
0.811593
0.787178
0.76179
0.741268
0.702766
0.67557
0.648298
0.59194
0.4817
0.431838
0.599866
0.854991
1.06741
1.17858
1.22656
1.24313
1.24552
1.23716
1.22756
1.21289
1.20386
1.18979
1.17569
1.16513
1.1512
1.14448
1.13145
1.12432
1.1136
1.1085
1.09952
1.0961
1.09033
1.08651
1.08305
1.07951
1.07845
0.912668
0.894362
0.895457
0.896548
0.898913
0.884584
0.859164
0.828588
0.793317
0.762045
0.746936
0.70273
0.617515
0.484951
0.576805
0.844635
1.07212
1.19005
1.23821
1.25663
1.2597
1.25479
1.2448
1.23412
1.22527
1.21233
1.20079
1.19254
1.18058
1.17237
1.15967
1.15066
1.14053
1.12937
1.12411
1.11448
1.11108
1.10296
1.10154
1.09729
1.01266
1.00945
1.01574
1.01779
1.02991
1.01388
0.96752
0.914237
0.854633
0.807293
0.787084
0.792953
0.780742
0.727273
0.625398
0.52427
0.70526
0.984355
1.13384
1.21387
1.24545
1.26218
1.26265
1.2589
1.25275
1.2422
1.23253
1.22307
1.21657
1.20854
1.20159
1.19507
1.18564
1.17702
1.16447
1.15403
1.14355
1.1341
1.128
1.12315
1.11118
1.1169
1.13812
1.12948
1.10006
1.05698
0.994808
0.934363
0.867729
0.807771
0.763595
0.726418
0.716564
0.731014
0.714655
0.641301
0.52779
0.47073
0.694635
0.952007
1.07279
1.15523
1.19694
1.22371
1.23598
1.24041
1.23815
1.23389
1.23089
1.2245
1.22186
1.21707
1.21379
1.21004
1.20554
1.19986
1.19282
1.18353
1.17456
1.16459
1.2343
1.22404
1.20365
1.16672
1.12451
1.06996
0.996152
0.907901
0.829593
0.753721
0.680103
0.618373
0.583378
0.576772
0.555822
0.522364
0.4982
0.458095
0.347233
0.324056
0.577116
0.809956
0.945546
1.04972
1.11635
1.15769
1.18728
1.20029
1.21178
1.21514
1.21732
1.21792
1.21669
1.21668
1.21608
1.2158
1.21568
1.21169
1.20906
1.2028
1.29235
1.25143
1.20692
1.15711
1.1
1.01106
0.901852
0.793828
0.660534
0.530438
0.44865
0.389167
0.34195
0.333167
0.338633
0.333316
0.328177
0.299427
0.268898
0.250902
0.15848
0.0660724
0.379777
0.599148
0.800247
0.918911
1.0042
1.07234
1.1134
1.14697
1.16646
1.18207
1.19039
1.1966
1.1986
1.19846
1.20588
1.20839
1.21566
1.22386
1.19591
1.04587
0.902006
0.758442
0.609614
0.462684
0.307752
0.172519
0.0969499
0.0793407
0.121805
0.181887
0.242363
0.286068
0.321941
0.33508
0.335107
0.329336
0.3062
0.309014
0.320802
0.327746
0.317294
0.276833
0.135153
0.285938
0.468818
0.626555
0.750634
0.832323
0.901407
0.960486
1.01246
1.05605
1.08483
1.12113
1.13451
1.16394
1.1706
1.18596
0.114623
0.167489
0.225698
0.318766
0.387004
0.451
0.502547
0.54311
0.57522
0.600664
0.616334
0.621169
0.611707
0.595412
0.573905
0.537187
0.495955
0.453444
0.417176
0.381611
0.339192
0.31698
0.306753
0.303598
0.286888
0.272157
0.201268
0.120705
0.144019
0.510514
0.601753
0.656517
0.696197
0.729071
0.766554
0.799656
0.840749
0.878634
0.93137
0.977977
0.995327
0.994804
0.986185
0.983456
0.983582
0.986847
0.994673
1.00447
1.01381
1.01731
1.01765
1.01618
1.01455
1.01345
1.01354
1.01352
1.01348
1.01322
1.01295
1.01264
1.01242
1.01205
1.0117
1.01137
1.01103
1.01067
1.0103
1.00991
1.00951
1.00908
1.00862
1.00814
1.00765
1.00717
1.00668
1.00622
1.00578
1.00535
1.00496
1.0047
1.02059
1.02621
1.02731
1.02808
1.02781
1.02588
1.02155
1.0167
1.01417
1.01349
1.01395
1.01489
1.01592
1.01621
1.01611
1.01584
1.01548
1.01509
1.01473
1.01438
1.014
1.01356
1.01309
1.01261
1.01216
1.01173
1.01133
1.01093
1.01049
1.00996
1.0094
1.00887
1.00833
1.00776
1.0072
1.00662
1.0061
1.00567
1.00532
1.005
1.00587
1.00658
1.00755
1.00914
1.01169
1.01264
1.01414
1.01444
1.0145
1.01497
1.01539
1.01599
1.01623
1.01626
1.01621
1.01602
1.01575
1.01541
1.01505
1.01471
1.01437
1.014
1.01356
1.01307
1.01261
1.01216
1.01175
1.01138
1.01098
1.01049
1.00996
1.0094
1.00882
1.00831
1.00773
1.00719
1.00671
1.00633
1.00593
1.00563
1.02527
1.02707
1.02762
1.02709
1.02523
1.02251
1.01957
1.01722
1.01633
1.01628
1.01658
1.01665
1.01662
1.01647
1.01629
1.01613
1.01595
1.01566
1.01528
1.0149
1.01452
1.01408
1.01364
1.01321
1.01277
1.01231
1.01188
1.01149
1.0111
1.01066
1.01017
1.00958
1.00897
1.00844
1.0079
1.00731
1.00686
1.00647
1.00608
1.00574
1.01205
1.01384
1.01383
1.0142
1.0145
1.01473
1.01531
1.01542
1.01581
1.01617
1.01657
1.01672
1.01663
1.01661
1.01651
1.01646
1.01618
1.0158
1.01546
1.01526
1.01498
1.01454
1.01403
1.01354
1.0132
1.01277
1.01237
1.01194
1.01158
1.01117
1.01066
1.01009
1.00951
1.00901
1.00849
1.00789
1.00736
1.00701
1.0066
1.00629
1.02308
1.02348
1.02348
1.02315
1.0221
1.02099
1.01982
1.01883
1.0181
1.01771
1.01757
1.01748
1.01734
1.01716
1.01699
1.01675
1.01645
1.01606
1.01565
1.01529
1.01499
1.01463
1.01412
1.01363
1.01321
1.0128
1.01237
1.01196
1.0117
1.01124
1.01062
1.01009
1.00955
1.00909
1.00857
1.00799
1.00753
1.00713
1.00673
1.00625
1.0153
1.01592
1.01578
1.01595
1.01626
1.01663
1.01691
1.017
1.01712
1.01716
1.01738
1.01747
1.01744
1.01739
1.01721
1.01704
1.01672
1.01644
1.01611
1.01581
1.01546
1.01509
1.01462
1.0142
1.01377
1.01335
1.01289
1.0126
1.01224
1.01186
1.01119
1.01069
1.01014
1.00964
1.00904
1.00857
1.00806
1.00763
1.00718
1.00692
1.02097
1.02134
1.02133
1.0211
1.02055
1.02019
1.01965
1.0193
1.01892
1.01873
1.01846
1.01827
1.01797
1.01783
1.01772
1.01753
1.01707
1.0166
1.01629
1.01594
1.01562
1.01513
1.01468
1.01426
1.01381
1.01336
1.013
1.01267
1.01231
1.01182
1.01134
1.01077
1.01028
1.00981
1.00922
1.00872
1.00821
1.00781
1.00732
1.00689
1.01697
1.01723
1.01725
1.01769
1.01785
1.01803
1.01808
1.01817
1.01832
1.01853
1.01853
1.01843
1.01822
1.0182
1.01813
1.01797
1.01765
1.01739
1.01704
1.01671
1.01628
1.01588
1.01546
1.01506
1.0145
1.0141
1.01375
1.01349
1.01304
1.01254
1.01195
1.01148
1.01097
1.01041
1.00982
1.00926
1.00878
1.00846
1.00805
1.00766
1.02002
1.02053
1.02042
1.0206
1.02035
1.02018
1.01983
1.01975
1.01963
1.01964
1.01928
1.01906
1.01872
1.01878
1.01852
1.01829
1.01784
1.01771
1.01727
1.01686
1.01643
1.01608
1.01562
1.01516
1.01465
1.01418
1.01392
1.01359
1.01322
1.0127
1.01218
1.01168
1.01127
1.01069
1.01013
1.00957
1.00912
1.00871
1.00812
1.00769
1.01843
1.01882
1.01882
1.01909
1.01906
1.01925
1.01931
1.01962
1.01972
1.01987
1.01963
1.01947
1.0194
1.01948
1.01931
1.0191
1.0188
1.01859
1.01818
1.01773
1.01735
1.01708
1.01658
1.01606
1.01554
1.01518
1.01482
1.01452
1.01409
1.01353
1.01299
1.01249
1.01199
1.01144
1.01076
1.01023
1.0099
1.00949
1.00912
1.00865
1.02019
1.02067
1.02056
1.0208
1.02054
1.02062
1.02055
1.02074
1.0206
1.02048
1.02011
1.02
1.01987
1.0199
1.01958
1.0194
1.01912
1.01884
1.01832
1.018
1.01764
1.01726
1.01674
1.01625
1.01573
1.01542
1.01505
1.01468
1.01431
1.01386
1.01323
1.01287
1.01235
1.0118
1.01117
1.01061
1.01009
1.00963
1.00917
1.0087
1.0197
1.02016
1.02012
1.02042
1.02048
1.02078
1.0209
1.0212
1.02115
1.02108
1.02085
1.02092
1.02093
1.02086
1.02063
1.02042
1.02013
1.01983
1.01941
1.01913
1.01875
1.01834
1.01782
1.01732
1.01686
1.0165
1.01611
1.01578
1.01537
1.0148
1.01419
1.01372
1.01322
1.01257
1.0119
1.01143
1.01099
1.01066
1.01026
1.00972
1.02084
1.02127
1.02131
1.02154
1.02146
1.02174
1.02167
1.02181
1.02154
1.02151
1.02133
1.02144
1.02134
1.02128
1.02097
1.02081
1.02044
1.02018
1.01979
1.01952
1.01903
1.01865
1.01812
1.01768
1.01715
1.01681
1.01636
1.01614
1.01568
1.01517
1.01456
1.01426
1.01366
1.01309
1.0123
1.01175
1.01112
1.01074
1.01031
1.00988
1.0211
1.02167
1.02175
1.0221
1.02218
1.02252
1.02255
1.02272
1.02254
1.02261
1.02253
1.02261
1.0225
1.02245
1.02224
1.02203
1.02165
1.02139
1.02111
1.0208
1.02033
1.01991
1.01943
1.01897
1.01846
1.01805
1.01761
1.01732
1.01682
1.01621
1.01556
1.01512
1.01458
1.014
1.01337
1.01284
1.01233
1.01198
1.01149
1.01104
1.0219
1.02261
1.02254
1.02292
1.02286
1.02323
1.02306
1.02324
1.02302
1.02322
1.02308
1.0232
1.02298
1.02302
1.0227
1.02253
1.02208
1.02197
1.02162
1.02134
1.02071
1.0204
1.0199
1.01954
1.01888
1.01854
1.01814
1.01795
1.01745
1.01689
1.01626
1.01581
1.01518
1.01456
1.01376
1.01311
1.01247
1.01215
1.0117
1.01127
1.02301
1.02357
1.02363
1.02403
1.02407
1.02445
1.02429
1.02445
1.02432
1.02461
1.02452
1.02463
1.02437
1.0244
1.02407
1.02392
1.02355
1.02345
1.02311
1.02274
1.02215
1.02185
1.02142
1.02099
1.02031
1.01991
1.0195
1.01919
1.01859
1.01797
1.01733
1.01692
1.01634
1.01581
1.0151
1.01459
1.01394
1.0135
1.013
1.01264
1.02368
1.0243
1.02432
1.02475
1.02469
1.02499
1.02478
1.0251
1.02501
1.02535
1.02515
1.02531
1.02505
1.02505
1.02477
1.02463
1.02431
1.02417
1.0238
1.02344
1.02287
1.02256
1.02213
1.02169
1.02107
1.02075
1.02041
1.02013
1.01948
1.01886
1.01817
1.01763
1.01688
1.01625
1.01545
1.01481
1.01423
1.01383
1.01331
1.01282
1.02497
1.02568
1.02572
1.02616
1.02609
1.02641
1.02636
1.02674
1.02662
1.02685
1.02666
1.02692
1.02663
1.02672
1.02632
1.02633
1.02589
1.02584
1.02541
1.02516
1.02451
1.02418
1.02366
1.02319
1.02253
1.02218
1.02174
1.02135
1.02072
1.02027
1.01963
1.01915
1.01843
1.01791
1.01711
1.01653
1.01578
1.01536
1.01486
1.01442
1.02566
1.02643
1.0264
1.02688
1.02681
1.02724
1.02725
1.0276
1.02743
1.02773
1.0276
1.0279
1.02756
1.02768
1.02728
1.0273
1.02688
1.02685
1.0265
1.02624
1.02559
1.02534
1.02478
1.02443
1.02388
1.02363
1.02305
1.02249
1.02173
1.02115
1.02036
1.01974
1.01896
1.01824
1.01742
1.01691
1.01628
1.01583
1.01523
1.01469
1.02732
1.02803
1.02804
1.0286
1.02861
1.02905
1.02901
1.02937
1.02928
1.02962
1.02944
1.02975
1.02946
1.0296
1.02913
1.02922
1.02873
1.0288
1.02823
1.02796
1.02721
1.02687
1.02614
1.02587
1.02541
1.02524
1.02458
1.02417
1.02349
1.02307
1.02238
1.02187
1.02107
1.02031
1.01943
1.01872
1.01808
1.01764
1.01709
1.01659
1.02805
1.02884
1.02889
1.02954
1.02956
1.03004
1.03004
1.03053
1.03046
1.03081
1.03068
1.03106
1.03076
1.03093
1.03053
1.03076
1.03042
1.03058
1.03007
1.02997
1.02918
1.02873
1.02798
1.02772
1.02721
1.0269
1.02594
1.02539
1.02441
1.02388
1.02301
1.02245
1.02148
1.02079
1.01988
1.01931
1.01868
1.01817
1.01753
1.01693
1.03021
1.03091
1.031
1.03167
1.03165
1.03224
1.03227
1.03273
1.0326
1.03301
1.03293
1.03324
1.03285
1.03293
1.03246
1.03263
1.0321
1.03222
1.03166
1.03159
1.03073
1.03039
1.02971
1.02958
1.02914
1.0289
1.02815
1.02776
1.0269
1.02647
1.02572
1.02519
1.02413
1.02327
1.02224
1.02158
1.02081
1.02029
1.01965
1.01901
1.03131
1.03219
1.03231
1.03308
1.03317
1.0339
1.03391
1.03446
1.03439
1.03493
1.03498
1.03554
1.03531
1.03558
1.03526
1.03549
1.03493
1.03508
1.03432
1.03425
1.03314
1.03284
1.03201
1.03184
1.03114
1.03075
1.02966
1.02898
1.0279
1.02732
1.02635
1.02575
1.02463
1.02394
1.02285
1.02228
1.02154
1.02112
1.02046
1.01998
1.03331
1.03431
1.03444
1.03526
1.03539
1.03606
1.03606
1.03657
1.03641
1.03694
1.03694
1.03732
1.03701
1.03732
1.03701
1.03731
1.03689
1.03708
1.03641
1.03634
1.03538
1.03531
1.03445
1.03447
1.03378
1.03362
1.03262
1.03218
1.03117
1.03066
1.02967
1.02899
1.02772
1.02686
1.02561
1.02483
1.02386
1.02323
1.02226
1.0215
1.03557
1.03643
1.03696
1.03775
1.03824
1.0389
1.03929
1.03983
1.04011
1.04068
1.04078
1.04104
1.04084
1.04101
1.04078
1.04097
1.04056
1.04058
1.03979
1.03951
1.03847
1.03827
1.03733
1.03728
1.0362
1.03583
1.03447
1.0339
1.0326
1.03207
1.03088
1.03025
1.02891
1.02814
1.02695
1.02637
1.02552
1.02513
1.02443
1.02403
1.03733
1.03847
1.03886
1.03988
1.04015
1.04099
1.04135
1.04197
1.04236
1.04276
1.04305
1.04326
1.04327
1.04343
1.0434
1.04363
1.0434
1.04337
1.04269
1.04245
1.04164
1.0415
1.04073
1.0407
1.03964
1.03934
1.03801
1.03757
1.03624
1.0357
1.03421
1.03345
1.03178
1.03091
1.02921
1.02846
1.02708
1.02648
1.02512
1.02438
1.04191
1.04319
1.0436
1.04476
1.0451
1.04602
1.04653
1.04714
1.04763
1.0479
1.0482
1.04827
1.04839
1.04838
1.04847
1.04843
1.04825
1.0478
1.04717
1.04661
1.04593
1.04557
1.04487
1.04446
1.04329
1.04267
1.04128
1.04078
1.0394
1.03885
1.03729
1.03655
1.03488
1.03409
1.03264
1.03198
1.03081
1.03027
1.02919
1.02854
1.04407
1.04576
1.04621
1.04751
1.04789
1.04923
1.04953
1.05056
1.05084
1.05143
1.05166
1.05189
1.05216
1.05231
1.05252
1.05249
1.0523
1.0518
1.05116
1.05064
1.05015
1.04982
1.04907
1.04856
1.04738
1.04663
1.04521
1.04452
1.04293
1.04219
1.04033
1.03935
1.03719
1.03614
1.03419
1.03332
1.03172
1.0309
1.02941
1.02884
1.05057
1.0525
1.05335
1.05464
1.05539
1.05657
1.05702
1.05801
1.05821
1.0588
1.05897
1.05923
1.05957
1.05967
1.05985
1.05953
1.05925
1.05859
1.05801
1.05738
1.05693
1.0563
1.05567
1.05465
1.0536
1.0524
1.05113
1.05003
1.0486
1.04751
1.04583
1.0447
1.04272
1.0417
1.0398
1.03893
1.03732
1.03654
1.03482
1.03385
1.0552
1.0578
1.05819
1.06018
1.0606
1.06229
1.06253
1.06381
1.06377
1.06473
1.06458
1.06525
1.06527
1.06549
1.06533
1.06493
1.06439
1.06361
1.06299
1.06229
1.06185
1.06102
1.06026
1.05905
1.05791
1.0565
1.05526
1.05396
1.05255
1.05113
1.04914
1.04746
1.04514
1.0436
1.04134
1.04025
1.03825
1.03734
1.03552
1.03466
1.06587
1.06938
1.06985
1.07186
1.07235
1.07407
1.07427
1.07544
1.07564
1.07635
1.07669
1.07705
1.07732
1.07721
1.0772
1.07664
1.07633
1.0756
1.07523
1.07446
1.07387
1.07275
1.07185
1.07021
1.06899
1.0672
1.06588
1.06398
1.06249
1.0603
1.0584
1.0559
1.05376
1.05149
1.04955
1.04775
1.04594
1.04443
1.04236
1.04107
1.07637
1.08047
1.0803
1.08286
1.08269
1.08464
1.08435
1.08578
1.08524
1.08631
1.08577
1.08643
1.08588
1.08583
1.08504
1.08433
1.08337
1.08234
1.08148
1.0803
1.07933
1.07781
1.07648
1.0745
1.07307
1.07088
1.06967
1.06752
1.06618
1.06395
1.06216
1.05968
1.05758
1.05514
1.05325
1.05093
1.04926
1.04713
1.04548
1.0434
1.095
1.09926
1.0996
1.10194
1.10168
1.10376
1.10325
1.10515
1.10458
1.10599
1.10528
1.10612
1.10517
1.10553
1.10453
1.10469
1.10372
1.10366
1.10243
1.10178
1.10011
1.09898
1.09696
1.09549
1.09344
1.0917
1.08938
1.08709
1.08443
1.08143
1.07832
1.07481
1.07147
1.06785
1.06478
1.06154
1.05888
1.05589
1.05355
1.05071
1.11969
1.12313
1.12141
1.12374
1.12209
1.12425
1.1221
1.12404
1.12166
1.12329
1.12095
1.12219
1.11967
1.12024
1.11739
1.11751
1.11447
1.11419
1.11096
1.11054
1.1071
1.10612
1.10218
1.10089
1.09673
1.09525
1.09129
1.09002
1.08614
1.08472
1.08075
1.07899
1.07497
1.07302
1.06921
1.06717
1.06364
1.06158
1.05844
1.05651
1.16075
1.16357
1.16001
1.16201
1.15875
1.1607
1.15761
1.15934
1.15645
1.15788
1.15512
1.15645
1.15389
1.15515
1.15269
1.15382
1.15146
1.15212
1.14947
1.1495
1.14672
1.14619
1.14329
1.14241
1.13938
1.13801
1.13431
1.132
1.12734
1.12397
1.11841
1.1141
1.10793
1.10305
1.09666
1.09172
1.08564
1.08098
1.07545
1.07115
1.20101
1.19549
1.19283
1.19073
1.18901
1.18735
1.18608
1.1844
1.18329
1.18172
1.18024
1.17877
1.17675
1.17538
1.1729
1.1713
1.16858
1.16683
1.16409
1.16178
1.15845
1.15511
1.15102
1.14651
1.14155
1.13629
1.13136
1.12631
1.12189
1.11727
1.11322
1.10885
1.1047
1.1
1.09528
1.09012
1.08521
1.08056
1.07703
1.0747
1.22867
1.2344
1.23734
1.24131
1.24223
1.24513
1.24561
1.24837
1.24865
1.2516
1.2516
1.2547
1.25418
1.25713
1.25615
1.25858
1.25694
1.2584
1.25602
1.25679
1.25392
1.25439
1.25133
1.25161
1.24819
1.24763
1.24268
1.24011
1.2332
1.22844
1.21943
1.21266
1.20206
1.19419
1.18324
1.17543
1.16463
1.15654
1.14436
1.13338
1.1881
1.19457
1.19907
1.2073
1.21516
1.22375
1.23158
1.2396
1.24683
1.25417
1.26031
1.26645
1.27117
1.2757
1.27907
1.28245
1.2851
1.288
1.2896
1.29109
1.28986
1.28857
1.28367
1.2795
1.27107
1.26496
1.25397
1.24702
1.23487
1.22785
1.21563
1.20898
1.19785
1.19174
1.1806
1.17209
1.15596
1.14103
1.12065
1.10865
1.03257
1.06163
1.11226
1.15145
1.19772
1.23642
1.28099
1.3173
1.35871
1.39183
1.42931
1.45881
1.49167
1.51655
1.54351
1.56257
1.58254
1.59536
1.60881
1.61671
1.625
1.62908
1.63269
1.63311
1.6321
1.62881
1.6231
1.61547
1.60413
1.59191
1.57583
1.56013
1.53993
1.52156
1.49743
1.47526
1.44727
1.42137
1.39367
1.3679
1.00452
1.00518
1.00507
1.00511
1.0052
1.0053
1.00541
1.00554
1.00568
1.00582
1.00594
1.00604
1.00606
1.00609
1.00601
1.00591
1.00562
1.00517
1.00454
1.00376
1.00284
1.00177
1.00071
0.999431
0.997725
0.996061
0.994993
0.99325
0.992486
0.991326
0.990887
0.990952
0.99104
0.991505
0.992144
0.992831
0.993479
0.994024
0.994398
0.994003
1.00473
1.00528
1.00501
1.00519
1.00527
1.00539
1.00551
1.00568
1.00586
1.00603
1.00618
1.00629
1.00639
1.00641
1.00637
1.00618
1.00591
1.00559
1.00513
1.00443
1.00344
1.00229
1.00072
0.999074
0.997693
0.996285
0.994272
0.993201
0.991676
0.991076
0.990552
0.990269
0.990629
0.991106
0.99177
0.992489
0.993181
0.993768
0.994311
0.994032
1.00538
1.00582
1.00552
1.00587
1.00592
1.00606
1.00625
1.00643
1.00663
1.00677
1.00691
1.00701
1.00708
1.00708
1.00703
1.00684
1.00658
1.00602
1.00532
1.00446
1.00341
1.00215
1.0009
0.999458
0.997553
0.995558
0.994269
0.992335
0.991438
0.990213
0.989696
0.989755
0.989921
0.990472
0.99121
0.992005
0.992777
0.993454
0.994129
0.994024
1.00542
1.00579
1.00551
1.00593
1.00591
1.00612
1.00627
1.00646
1.00665
1.00688
1.00707
1.00723
1.00729
1.00732
1.00723
1.00707
1.00671
1.00629
1.00563
1.00472
1.00364
1.00236
1.00067
0.99872
0.997158
0.995597
0.993285
0.992136
0.990427
0.989813
0.989227
0.988933
0.989354
0.989927
0.99069
0.991529
0.99236
0.993067
0.993899
0.993981
1.00605
1.0063
1.0061
1.00667
1.00657
1.00687
1.00701
1.00721
1.00744
1.0076
1.00771
1.00778
1.00786
1.00781
1.00771
1.0074
1.00701
1.00641
1.00562
1.00466
1.00338
1.00193
1.00042
0.998909
0.9968
0.994555
0.99316
0.991007
0.990069
0.988724
0.98818
0.988278
0.988502
0.989164
0.990026
0.990969
0.99189
0.992696
0.993616
0.993936
1.006
1.00625
1.00618
1.00674
1.00657
1.00692
1.00701
1.00725
1.00748
1.00768
1.0079
1.00806
1.0081
1.00807
1.0079
1.00762
1.00714
1.00652
1.00576
1.00471
1.0035
1.00205
1.00022
0.997979
0.996157
0.99451
0.991962
0.990716
0.988876
0.988202
0.987603
0.987295
0.987718
0.988519
0.989416
0.990404
0.991399
0.992219
0.993274
0.993808
1.00663
1.00691
1.00699
1.00746
1.00727
1.00778
1.00781
1.00805
1.00823
1.00842
1.00855
1.00863
1.00867
1.00862
1.00844
1.00807
1.00754
1.0068
1.00578
1.00464
1.00314
1.00147
0.999693
0.998097
0.995825
0.99329
0.991795
0.989449
0.988419
0.987115
0.986572
0.98678
0.987117
0.987729
0.988719
0.989824
0.990921
0.991845
0.992995
0.993697
1.00662
1.00695
1.00706
1.00745
1.00734
1.00787
1.00782
1.00814
1.00834
1.0086
1.0088
1.00893
1.00897
1.00889
1.00865
1.00826
1.00768
1.00682
1.00584
1.00456
1.00315
1.00148
0.999506
0.996995
0.99493
0.993159
0.990403
0.989054
0.987113
0.986325
0.985881
0.985679
0.98605
0.986985
0.988004
0.989145
0.990349
0.991309
0.992553
0.993477
1.00737
1.0078
1.00792
1.00825
1.00824
1.00883
1.00867
1.00906
1.00916
1.00932
1.00945
1.00948
1.0095
1.00942
1.00918
1.00875
1.00812
1.00723
1.00603
1.00461
1.00289
1.00091
0.99879
0.996949
0.994557
0.991736
0.990109
0.987629
0.986503
0.985357
0.984632
0.984837
0.985405
0.986124
0.987231
0.988494
0.989837
0.99088
0.992213
0.993323
1.00743
1.00786
1.00796
1.00828
1.00834
1.00887
1.00869
1.00915
1.00915
1.00943
1.0096
1.00972
1.00969
1.00954
1.00924
1.00875
1.00801
1.00706
1.00585
1.00438
1.00265
1.00079
0.998652
0.995909
0.993434
0.991536
0.988611
0.98708
0.98501
0.983952
0.983705
0.983608
0.984022
0.9851
0.986318
0.987624
0.989092
0.990205
0.991541
0.993028
1.00834
1.0088
1.00887
1.00922
1.00943
1.00985
1.00969
1.01025
1.01015
1.01044
1.01044
1.0104
1.01031
1.01017
1.00984
1.00931
1.00862
1.00761
1.00627
1.00458
1.00261
1.00037
0.997895
0.995696
0.993205
0.989971
0.988081
0.985462
0.984218
0.983101
0.982249
0.982443
0.983204
0.984103
0.985428
0.986879
0.988513
0.989723
0.991159
0.992862
1.00841
1.00888
1.00893
1.00935
1.00955
1.00985
1.0098
1.01034
1.01014
1.01045
1.01046
1.01056
1.01053
1.01028
1.00995
1.00939
1.00854
1.00742
1.00602
1.00427
1.00229
1.00003
0.997682
0.994771
0.991799
0.989664
0.986488
0.984737
0.982526
0.981347
0.981122
0.981078
0.981649
0.982921
0.984301
0.985806
0.987567
0.988896
0.990326
0.992402
1.00942
1.00992
1.01001
1.01053
1.01065
1.01095
1.01109
1.0116
1.01134
1.0118
1.01165
1.01163
1.01135
1.01112
1.01066
1.01003
1.00919
1.00806
1.0065
1.00468
1.00233
0.9998
0.996888
0.99417
0.99154
0.987862
0.98574
0.982888
0.981506
0.980331
0.979528
0.979898
0.980718
0.981762
0.983337
0.984986
0.986951
0.988392
0.989956
0.992166
1.00953
1.01006
1.01014
1.01067
1.01067
1.01105
1.0112
1.01156
1.01136
1.01178
1.01151
1.01158
1.01143
1.01111
1.01068
1.00999
1.00904
1.00764
1.00602
1.00391
1.00167
0.998991
0.996305
0.993199
0.989717
0.987356
0.983843
0.981913
0.979556
0.978408
0.97811
0.978124
0.978896
0.9803
0.981957
0.983681
0.985783
0.987396
0.988945
0.991486
1.0107
1.01132
1.01141
1.01187
1.01188
1.01242
1.01257
1.01283
1.01276
1.01324
1.01284
1.01293
1.01244
1.01212
1.01147
1.01065
1.00959
1.00836
1.00658
1.00442
1.00174
0.998823
0.995527
0.992171
0.989313
0.985204
0.982895
0.979753
0.978229
0.976875
0.976243
0.976812
0.977689
0.978992
0.980864
0.982743
0.985093
0.986841
0.988545
0.99116
1.01085
1.01152
1.01153
1.01201
1.01199
1.01253
1.01254
1.01281
1.01278
1.01313
1.0127
1.01283
1.01243
1.01203
1.01136
1.01056
1.00943
1.00783
1.00586
1.00346
1.00076
0.997671
0.99455
0.99125
0.987142
0.984499
0.980583
0.978481
0.975911
0.974728
0.974436
0.974486
0.975543
0.977167
0.979127
0.98112
0.98361
0.985602
0.987282
0.990168
1.01221
1.01291
1.01292
1.01341
1.01344
1.01399
1.01392
1.0143
1.01438
1.01461
1.01424
1.01443
1.01368
1.01318
1.0124
1.01132
1.01001
1.00841
1.00638
1.00389
1.00087
0.997549
0.99384
0.989799
0.986627
0.981982
0.979423
0.975905
0.974311
0.972847
0.972197
0.972948
0.974014
0.975656
0.977876
0.980034
0.982824
0.984991
0.986863
0.98984
1.01242
1.01314
1.01308
1.01361
1.01355
1.01405
1.0139
1.01432
1.01424
1.01438
1.01406
1.01414
1.01337
1.01303
1.01204
1.01101
1.0096
1.00775
1.00548
1.00265
0.999552
0.996009
0.992346
0.988775
0.983966
0.980957
0.976579
0.97425
0.971435
0.970244
0.96995
0.970122
0.971511
0.973315
0.975667
0.97803
0.98095
0.98344
0.985358
0.988518
1.01398
1.01472
1.01469
1.01528
1.01522
1.01567
1.01557
1.01605
1.01587
1.01597
1.01574
1.01567
1.01471
1.01433
1.01314
1.01189
1.01019
1.00821
1.00565
1.00279
0.999226
0.995504
0.991396
0.986607
0.983128
0.977868
0.975067
0.971152
0.969419
0.96785
0.967319
0.968265
0.96955
0.971708
0.974325
0.976777
0.980038
0.98275
0.984927
0.988283
1.01421
1.01497
1.01487
1.01546
1.0153
1.01577
1.01555
1.01595
1.01562
1.01575
1.01542
1.0153
1.01447
1.01405
1.01261
1.01136
1.00955
1.00722
1.00453
1.00116
0.997602
0.993477
0.989035
0.985283
0.979721
0.976414
0.971538
0.968963
0.965868
0.964733
0.964436
0.964855
0.966549
0.968597
0.971419
0.974279
0.977631
0.980767
0.98309
0.986663
1.01607
1.01688
1.01678
1.01742
1.01725
1.01773
1.01751
1.01787
1.01747
1.01759
1.01715
1.01673
1.01584
1.01531
1.01364
1.01232
1.01009
1.00767
1.00459
1.00107
0.996872
0.992459
0.988056
0.982343
0.978528
0.97257
0.969492
0.965127
0.963287
0.961716
0.961199
0.962385
0.964108
0.966721
0.969864
0.972792
0.976554
0.979977
0.982608
0.986386
1.01644
1.01714
1.01701
1.01756
1.01732
1.01778
1.0175
1.01775
1.01728
1.01735
1.01688
1.01651
1.0157
1.01482
1.01311
1.01169
1.00921
1.00639
1.00298
0.999123
0.99495
0.990232
0.98476
0.980581
0.974245
0.97055
0.965028
0.962187
0.958824
0.957527
0.95763
0.958262
0.960246
0.962786
0.966225
0.969606
0.973432
0.977382
0.980275
0.98421
1.01833
1.01923
1.01896
1.01974
1.01942
1.02011
1.01963
1.02003
1.01935
1.01942
1.01838
1.01793
1.01678
1.01585
1.01385
1.01233
1.0094
1.00664
1.00291
0.998701
0.993785
0.988481
0.983662
0.976874
0.972466
0.96572
0.962355
0.957376
0.955406
0.954068
0.953239
0.954954
0.957263
0.960487
0.964246
0.96783
0.972136
0.976435
0.979744
0.983962
1.01956
1.02016
1.02001
1.02044
1.02024
1.02048
1.02009
1.02011
1.01962
1.01937
1.01859
1.01806
1.01684
1.01545
1.01345
1.01161
1.00836
1.00516
1.00079
0.996149
0.991025
0.985742
0.978911
0.974175
0.96703
0.962831
0.956517
0.9534
0.949888
0.948365
0.949195
0.949815
0.952174
0.955345
0.959566
0.963694
0.968052
0.972931
0.976643
0.981056
1.02056
1.02152
1.02117
1.02195
1.02155
1.02218
1.02156
1.022
1.02114
1.02112
1.0199
1.01936
1.01756
1.01614
1.01396
1.01174
1.00804
1.00456
0.99996
0.994952
0.989406
0.982704
0.977392
0.969429
0.964331
0.956935
0.952858
0.947217
0.945044
0.944035
0.942906
0.945419
0.948545
0.952397
0.957014
0.961661
0.966488
0.971793
0.976022
0.981164
1.02347
1.02428
1.02393
1.02444
1.02385
1.02413
1.02335
1.02343
1.02233
1.02207
1.02063
1.0198
1.01787
1.01649
1.01383
1.01104
1.00683
1.0031
0.997333
0.991945
0.985236
0.979373
0.970862
0.965449
0.95703
0.952078
0.945038
0.941712
0.938032
0.93616
0.937965
0.938925
0.941605
0.945753
0.950854
0.956041
0.961161
0.967031
0.971753
0.977865
1.0237
1.02444
1.02403
1.02456
1.02405
1.02451
1.02374
1.02395
1.02291
1.02285
1.02135
1.02058
1.01849
1.01663
1.01345
1.01012
1.00585
1.00136
0.995349
0.989297
0.983006
0.974634
0.968599
0.959265
0.953196
0.945006
0.939891
0.933589
0.931396
0.930673
0.929352
0.93276
0.937088
0.941864
0.947693
0.95364
0.959264
0.965758
0.970808
0.978095
1.02747
1.0284
1.02793
1.02852
1.02764
1.02785
1.02671
1.0266
1.02519
1.02467
1.0227
1.02156
1.01885
1.0167
1.01289
1.00946
1.00437
0.999095
0.991666
0.985702
0.976697
0.970128
0.959629
0.95324
0.943169
0.937107
0.92923
0.925851
0.922178
0.919805
0.922858
0.924405
0.927708
0.933019
0.939133
0.946111
0.952151
0.959343
0.96497
0.97292
1.02785
1.02863
1.02792
1.02846
1.02757
1.02786
1.02675
1.02671
1.02529
1.02474
1.02274
1.02142
1.01854
1.01599
1.012
1.00772
1.00198
0.995528
0.98884
0.980958
0.973372
0.963035
0.956013
0.944785
0.937566
0.928126
0.921855
0.914852
0.912316
0.912299
0.911011
0.915514
0.92155
0.927858
0.935027
0.942909
0.949839
0.957926
0.964313
0.972434
1.0326
1.03338
1.03261
1.03311
1.03199
1.03206
1.03059
1.03018
1.02831
1.02725
1.02475
1.02283
1.01915
1.01608
1.01076
1.00594
0.998767
0.992315
0.983389
0.975911
0.96399
0.956539
0.943473
0.9355
0.923588
0.916124
0.906925
0.903511
0.899968
0.897288
0.902078
0.904333
0.909066
0.915754
0.923353
0.932615
0.940081
0.949083
0.956604
0.964826
1.03324
1.03395
1.03297
1.03324
1.03207
1.03198
1.03038
1.02992
1.02776
1.02667
1.02383
1.02147
1.0177
1.01368
1.00828
1.00236
0.995102
0.986975
0.978668
0.967285
0.958645
0.945905
0.93685
0.923381
0.914216
0.903511
0.895885
0.888538
0.885295
0.886451
0.885883
0.892154
0.899639
0.90871
0.917817
0.928414
0.937256
0.947214
0.956271
0.964643
1.03936
1.04009
1.03856
1.03897
1.0372
1.0371
1.03516
1.03426
1.03175
1.02996
1.02621
1.0233
1.01797
1.01329
1.00596
0.999342
0.989556
0.981433
0.968733
0.959956
0.94491
0.935456
0.919054
0.908019
0.895052
0.884594
0.874482
0.870503
0.867538
0.864826
0.871378
0.875539
0.882931
0.891685
0.901307
0.914058
0.923761
0.935158
0.945696
0.955831
1.04203
1.04196
1.0404
1.04043
1.03818
1.03809
1.03522
1.03436
1.03086
1.0285
1.02423
1.01999
1.01443
1.00806
1.00084
0.991892
0.98295
0.971071
0.960771
0.946036
0.934751
0.917697
0.904767
0.890092
0.876968
0.864452
0.856876
0.850078
0.845114
0.848684
0.84982
0.858466
0.869168
0.882283
0.893626
0.90756
0.920528
0.932297
0.94555
0.958045
1.04914
1.04862
1.04732
1.04666
1.04471
1.04373
1.04059
1.03908
1.03435
1.03187
1.02541
1.02133
1.01288
1.00662
0.995546
0.986798
0.972493
0.962007
0.944565
0.93221
0.912483
0.898502
0.879447
0.864562
0.848321
0.836362
0.825
0.817724
0.818057
0.81646
0.826163
0.83313
0.843737
0.856812
0.87111
0.887507
0.900948
0.915857
0.929947
0.944765
1.05423
1.05404
1.05188
1.05095
1.04807
1.04598
1.04207
1.03852
1.03332
1.02816
1.02149
1.01431
1.00594
0.995645
0.985285
0.971376
0.959205
0.941746
0.927122
0.907331
0.889934
0.869919
0.85075
0.832485
0.815304
0.800884
0.791342
0.788851
0.783966
0.790989
0.795013
0.808939
0.825196
0.844287
0.858985
0.878947
0.898894
0.912662
0.931254
0.947983
1.0669
1.06515
1.06161
1.06012
1.05534
1.05294
1.04619
1.04282
1.03404
1.02971
1.01866
1.01281
0.998517
0.990008
0.971849
0.959831
0.938486
0.921791
0.898111
0.877678
0.852953
0.830303
0.806292
0.786381
0.765604
0.75348
0.74444
0.731906
0.738158
0.740371
0.756281
0.76863
0.784091
0.806577
0.828358
0.847036
0.870709
0.891101
0.910065
0.934677
1.07411
1.07253
1.0708
1.06585
1.06165
1.05435
1.04898
1.04008
1.03336
1.02258
1.01327
0.999482
0.985914
0.968285
0.949509
0.928266
0.904626
0.880854
0.853876
0.82789
0.799528
0.772663
0.747121
0.72338
0.704363
0.692141
0.675083
0.68515
0.684739
0.698549
0.709975
0.736171
0.760855
0.786876
0.816526
0.841858
0.870401
0.892893
0.916369
0.9332
1.11798
1.10899
1.09283
1.08551
1.07131
1.06598
1.05297
1.04709
1.03234
1.02238
1.00342
0.987752
0.963947
0.942381
0.913742
0.88717
0.854405
0.824685
0.788576
0.756623
0.718882
0.689731
0.656451
0.63216
0.611723
0.591998
0.595859
0.590248
0.601253
0.614925
0.644855
0.666867
0.698435
0.729076
0.763777
0.7937
0.83059
0.858218
0.901202
0.928056
1.10105
1.09532
1.09424
1.09196
1.08795
1.08209
1.06936
1.05533
1.03287
1.01107
0.980462
0.952092
0.914972
0.880954
0.838664
0.7998
0.754231
0.7121
0.666126
0.62482
0.582829
0.548498
0.510345
0.493558
0.465368
0.478403
0.472939
0.497843
0.524028
0.562184
0.598919
0.650993
0.696358
0.737516
0.790861
0.820515
0.867958
0.894103
0.92483
0.956451
1.33905
1.31482
1.27418
1.24064
1.19158
1.15125
1.09655
1.05349
0.99503
0.950582
0.88949
0.844474
0.780709
0.734988
0.668505
0.62246
0.554225
0.508911
0.441995
0.39876
0.340831
0.299311
0.274258
0.246826
0.278901
0.321675
0.332655
0.389912
0.445039
0.499674
0.577848
0.61865
0.712753
0.749549
0.839019
0.878911
0.956298
0.999587
1.0652
1.10679
0.999993
1
1.00001
1.00001
1.00002
1.00002
1.00002
1.00002
1.00002
1.00002
1.00001
1.00001
1.00001
1.00002
1.00003
1.00003
1.00003
1.00004
1.00004
1.00006
1.00006
1.00006
1.00006
1.00006
1.00004
1.00001
1.00005
1.00004
1.00002
1.00001
1.00003
0.999981
1.00002
1.00002
1.00001
1.00001
1
1
1
0.999993
0.999996
1
0.999998
0.999993
0.999989
0.999985
0.999982
0.999981
0.999983
0.999987
0.999992
0.99999
0.999985
0.999978
0.999972
0.999966
0.999962
0.999952
0.999949
0.999942
0.99994
0.999939
0.999939
0.999939
0.999963
1.00001
0.99995
0.999969
0.99998
0.999999
0.999968
1.00001
0.999977
0.999977
0.999985
0.999986
0.999996
0.999994
0.999995
0.99998
1
1.00002
1.00002
1.00003
1.00003
1.00004
1.00004
1.00004
1.00004
1.00004
1.00003
1.00003
1.00004
1.00004
1.00004
1.00005
1.00006
1.00007
1.00006
1.00006
1.00006
1.00006
1.00006
1.00005
1
0.999953
1.00003
0.999986
0.999977
0.999963
1.00001
0.999963
0.999988
1
1
0.999999
0.999989
0.999995
0.999998
0.999973
1.00001
1.00003
1.00002
1.00002
1.00001
1.00001
1
1
1
1
1
0.999999
0.999993
0.999992
0.999984
0.999969
0.999958
0.999948
0.999941
0.999938
0.99994
0.999934
0.999927
0.999921
0.999974
1.00002
0.99993
0.999983
0.999982
1.00001
0.999952
0.999992
0.999985
0.999964
0.999959
0.999972
0.999985
0.999984
0.999986
0.999956
1.00002
1.00006
1.00006
1.00006
1.00006
1.00007
1.00007
1.00007
1.00007
1.00007
1.00007
1.00007
1.00007
1.00006
1.00007
1.00007
1.00007
1.00008
1.00007
1.00006
1.00006
1.00005
1.00004
1.00004
0.999953
0.999903
0.999984
0.999905
0.999918
0.9999
0.999951
0.999916
0.999927
0.999953
0.999963
0.999961
0.999956
0.999968
0.999983
0.999938
1.00003
1.00008
1.00007
1.00006
1.00006
1.00005
1.00005
1.00005
1.00005
1.00006
1.00005
1.00004
1.00004
1.00003
1.00002
1
0.999995
0.999979
0.99997
0.999963
0.999952
0.999942
0.999924
0.999898
0.999974
1.00001
0.999897
0.999972
0.999947
0.999966
0.999906
0.999948
0.999946
0.999926
0.999926
0.999944
0.999957
0.999961
0.99996
0.999907
1.00005
1.00012
1.00012
1.00011
1.00011
1.00011
1.00011
1.00011
1.0001
1.0001
1.0001
1.0001
1.0001
1.00009
1.00009
1.0001
1.00009
1.00009
1.00008
1.00006
1.00005
1.00003
1.00001
1.00001
0.999884
0.999837
0.999932
0.999821
0.999847
0.999827
0.999874
0.999847
0.999863
0.999877
0.999901
0.999896
0.999905
0.999919
0.999954
0.999877
1.00006
1.00015
1.00014
1.00013
1.00013
1.00012
1.00012
1.00012
1.00012
1.00013
1.00012
1.00011
1.00011
1.0001
1.00008
1.00006
1.00004
1.00001
0.999994
0.999984
0.999964
0.999947
0.999918
0.999885
0.999973
0.99997
0.999836
0.999932
0.999894
0.999895
0.99985
0.999883
0.999871
0.999874
0.99988
0.999899
0.99991
0.999922
0.999914
0.999829
1.0001
1.0002
1.0002
1.00019
1.00019
1.00019
1.00019
1.00019
1.00018
1.00018
1.00018
1.00018
1.00017
1.00016
1.00016
1.00015
1.00014
1.00013
1.00011
1.00007
1.00004
1
0.999972
0.999949
0.999806
0.999768
0.999862
0.999721
0.999736
0.999735
0.999748
0.999741
0.999774
0.999774
0.999795
0.999813
0.999834
0.999852
0.999898
0.999784
1.00012
1.00024
1.00023
1.00023
1.00022
1.00022
1.00022
1.00021
1.00022
1.00022
1.00021
1.0002
1.0002
1.00019
1.00016
1.00014
1.0001
1.00006
1.00004
1.00001
0.999988
0.999961
0.999919
0.999871
0.999943
0.999907
0.999747
0.999849
0.999809
0.999787
0.999776
0.999782
0.999765
0.999789
0.999801
0.999805
0.99982
0.99984
0.999835
0.999716
1.00017
1.00031
1.0003
1.00029
1.00029
1.00029
1.00029
1.00029
1.00028
1.00028
1.00027
1.00027
1.00025
1.00024
1.00023
1.00021
1.00021
1.00019
1.00015
1.00011
1.00005
0.999993
0.999941
0.999903
0.999744
0.999708
0.99981
0.999637
0.999639
0.999638
0.999614
0.999625
0.999653
0.999657
0.999676
0.99971
0.999736
0.999762
0.99981
0.999665
1.0002
1.00035
1.00035
1.00035
1.00034
1.00034
1.00034
1.00034
1.00034
1.00034
1.00033
1.00033
1.00032
1.0003
1.00027
1.00024
1.00019
1.00013
1.0001
1.00006
1.00001
0.999972
0.99992
0.999843
0.999891
0.999822
0.999614
0.999724
0.999666
0.999644
0.999654
0.999633
0.999631
0.999642
0.999661
0.999665
0.999682
0.999704
0.999714
0.999554
1.00027
1.00045
1.00044
1.00043
1.00043
1.00043
1.00044
1.00044
1.00043
1.00043
1.00042
1.00041
1.00039
1.00038
1.00036
1.00035
1.00033
1.0003
1.00024
1.00018
1.0001
1.00001
0.999923
0.999871
0.999684
0.999624
0.999732
0.999522
0.99953
0.999495
0.999449
0.999464
0.999471
0.999492
0.999518
0.99956
0.999596
0.999628
0.999668
0.99949
1.00031
1.0005
1.00049
1.00049
1.00049
1.00049
1.00049
1.00049
1.00049
1.00048
1.00048
1.00046
1.00045
1.00043
1.00039
1.00035
1.00029
1.00022
1.00016
1.0001
1.00003
0.999965
0.999894
0.999785
0.999822
0.999737
0.999491
0.999595
0.99947
0.999465
0.99948
0.999454
0.999458
0.999458
0.999471
0.999485
0.999504
0.999532
0.999549
0.999352
1.00039
1.00061
1.0006
1.00059
1.0006
1.0006
1.0006
1.0006
1.0006
1.0006
1.00059
1.00058
1.00057
1.00055
1.00052
1.00049
1.00046
1.00041
1.00034
1.00026
1.00017
1.00006
0.999943
0.999866
0.999634
0.999532
0.999616
0.999369
0.999417
0.999335
0.999261
0.999255
0.999261
0.999286
0.999319
0.999359
0.999391
0.999423
0.999465
0.999267
1.00044
1.00067
1.00066
1.00066
1.00066
1.00066
1.00066
1.00066
1.00066
1.00066
1.00065
1.00064
1.00061
1.00059
1.00054
1.00048
1.00041
1.00033
1.00024
1.00016
1.00005
0.999945
0.999841
0.999698
0.99971
0.999612
0.999352
0.999433
0.999226
0.999214
0.999241
0.999221
0.999212
0.999209
0.999222
0.99925
0.999283
0.999314
0.999331
0.999093
1.00055
1.0008
1.00079
1.00079
1.00079
1.00079
1.00079
1.0008
1.0008
1.0008
1.00081
1.0008
1.00079
1.00076
1.00072
1.00068
1.00063
1.00056
1.00046
1.00036
1.00026
1.00013
0.999981
0.99986
0.999593
0.999431
0.999451
0.99917
0.99924
0.999143
0.99901
0.998988
0.998994
0.999019
0.999053
0.999085
0.999112
0.999154
0.999209
0.998981
1.00061
1.00087
1.00086
1.00085
1.00085
1.00085
1.00086
1.00086
1.00086
1.00085
1.00085
1.00083
1.0008
1.00077
1.00071
1.00065
1.00057
1.00049
1.00037
1.00025
1.00011
0.999954
0.999808
0.999646
0.999591
0.999473
0.999201
0.999246
0.998976
0.998911
0.998966
0.998927
0.998911
0.998906
0.998922
0.99896
0.999007
0.999039
0.999057
0.998783
1.00073
1.00102
1.00101
1.00101
1.00101
1.00102
1.00102
1.00103
1.00104
1.00105
1.00106
1.00105
1.00103
1.001
1.00096
1.00091
1.00084
1.00074
1.00063
1.00051
1.00036
1.0002
1.00002
0.999828
0.999558
0.999332
0.999287
0.99896
0.999005
0.998905
0.998707
0.998677
0.99867
0.99869
0.998721
0.998756
0.998793
0.998843
0.9989
0.998638
1.0008
1.0011
1.00109
1.00109
1.00109
1.00109
1.0011
1.00111
1.00111
1.00111
1.0011
1.00109
1.00106
1.00102
1.00097
1.0009
1.00081
1.0007
1.00056
1.0004
1.00022
1.00002
0.999816
0.999629
0.99947
0.999314
0.999004
0.999013
0.998705
0.998592
0.998643
0.998585
0.99856
0.998552
0.998576
0.998614
0.998656
0.9987
0.998724
0.998425
1.00095
1.00127
1.00127
1.00127
1.00127
1.00128
1.00129
1.0013
1.00132
1.00133
1.00133
1.00133
1.00131
1.00129
1.00124
1.00116
1.00107
1.00096
1.00084
1.00067
1.00049
1.00028
1.00006
0.999791
0.999512
0.999217
0.999102
0.998722
0.998717
0.998578
0.99836
0.998307
0.998286
0.998302
0.998328
0.998372
0.998434
0.998484
0.998557
0.99825
1.00103
1.00136
1.00136
1.00136
1.00136
1.00137
1.00139
1.0014
1.00142
1.00143
1.00142
1.00141
1.00138
1.00134
1.00128
1.00119
1.00109
1.00096
1.00079
1.0006
1.00037
1.00014
0.999864
0.999612
0.999357
0.999155
0.998799
0.99875
0.998404
0.99827
0.998274
0.998194
0.998153
0.998149
0.998177
0.998222
0.998267
0.998322
0.998345
0.998025
1.00119
1.00155
1.00155
1.00156
1.00157
1.00158
1.0016
1.00162
1.00163
1.00164
1.00165
1.00165
1.00164
1.00161
1.00155
1.00147
1.00137
1.00123
1.00106
1.00086
1.00063
1.00036
1.00008
0.999769
0.999443
0.99905
0.998875
0.998446
0.998382
0.998199
0.997968
0.997891
0.997864
0.997867
0.9979
0.997947
0.998013
0.99808
0.998169
0.997835
1.00128
1.00166
1.00165
1.00166
1.00167
1.00168
1.0017
1.00173
1.00175
1.00176
1.00175
1.00174
1.00172
1.00167
1.00159
1.00149
1.00136
1.0012
1.00101
1.00077
1.0005
1.00019
0.999873
0.999531
0.999205
0.998977
0.998543
0.998434
0.998037
0.99786
0.997822
0.997734
0.997689
0.997684
0.997723
0.997782
0.997856
0.997914
0.997943
0.99757
1.00146
1.00186
1.00186
1.00187
1.00188
1.0019
1.00192
1.00195
1.00197
1.00199
1.00199
1.002
1.00198
1.00194
1.00189
1.00179
1.00166
1.00151
1.0013
1.00106
1.00078
1.00045
1.0001
0.999726
0.999326
0.998824
0.998599
0.998099
0.997989
0.997767
0.997515
0.99742
0.997367
0.997383
0.99741
0.997478
0.997551
0.99763
0.997729
0.997392
1.00155
1.00197
1.00196
1.00197
1.00198
1.002
1.00203
1.00206
1.00208
1.00208
1.00209
1.00208
1.00205
1.002
1.00192
1.00181
1.00166
1.00147
1.00123
1.00096
1.00063
1.00026
0.999872
0.999451
0.999034
0.998769
0.998238
0.998064
0.997609
0.997386
0.997298
0.997191
0.997161
0.99716
0.997221
0.997297
0.997388
0.99747
0.997508
0.997083
1.00175
1.00218
1.00218
1.00219
1.00221
1.00223
1.00226
1.00229
1.00231
1.00234
1.00235
1.00236
1.00235
1.00231
1.00224
1.00213
1.00199
1.00179
1.00156
1.00126
1.00092
1.00054
1.00011
0.999652
0.99919
0.998563
0.998281
0.997708
0.997539
0.997261
0.996999
0.996914
0.996822
0.996842
0.996889
0.996971
0.997068
0.997158
0.997278
0.99692
1.00185
1.0023
1.0023
1.00231
1.00233
1.00236
1.0024
1.00242
1.00245
1.00247
1.00249
1.00248
1.00245
1.00241
1.00232
1.0022
1.00203
1.00181
1.00153
1.00121
1.00083
1.0004
0.999917
0.99941
0.998896
0.998568
0.997918
0.997689
0.997143
0.996868
0.996762
0.996565
0.996583
0.996595
0.996665
0.996769
0.996888
0.996998
0.997051
0.996604
1.00206
1.00254
1.00254
1.00255
1.00258
1.0026
1.00265
1.00268
1.00272
1.00276
1.00279
1.0028
1.00279
1.00276
1.00268
1.00258
1.00241
1.00219
1.00191
1.00158
1.00116
1.0007
1.00018
0.999644
0.999067
0.998304
0.99796
0.997285
0.997051
0.996722
0.996393
0.996367
0.996232
0.996264
0.996333
0.996438
0.996563
0.996688
0.996839
0.996447
1.00217
1.00266
1.00267
1.00269
1.00271
1.00275
1.0028
1.00284
1.00287
1.00291
1.00294
1.00294
1.00293
1.00288
1.0028
1.00265
1.00247
1.00221
1.00191
1.00152
1.0011
1.0006
1.00002
0.99939
0.998783
0.998377
0.997571
0.997247
0.996631
0.996303
0.996185
0.995923
0.995957
0.99599
0.996093
0.996234
0.996387
0.996525
0.996594
0.996133
1.00239
1.00291
1.00292
1.00294
1.00297
1.003
1.00305
1.0031
1.00315
1.00319
1.00323
1.00325
1.00325
1.00321
1.00314
1.00302
1.00285
1.00261
1.00228
1.00188
1.00136
1.00081
1.00021
0.999608
0.998905
0.99801
0.997589
0.996814
0.996507
0.99612
0.995738
0.995699
0.995607
0.995627
0.995729
0.995881
0.996049
0.996213
0.996395
0.995973
1.00251
1.00304
1.00305
1.00307
1.0031
1.00314
1.0032
1.00325
1.0033
1.00335
1.00339
1.00341
1.0034
1.00335
1.00326
1.0031
1.00289
1.00261
1.00227
1.00183
1.00139
1.0008
1.0001
0.999299
0.998606
0.998096
0.997137
0.996746
0.996009
0.995635
0.995488
0.995238
0.995251
0.995349
0.995483
0.995663
0.995867
0.996053
0.996156
0.995669
1.00273
1.00328
1.00329
1.00331
1.00334
1.00339
1.00345
1.0035
1.00356
1.00361
1.00364
1.00366
1.00366
1.00364
1.00355
1.00344
1.00325
1.00297
1.00258
1.00213
1.0015
1.00087
1.0002
0.999518
0.998663
0.99765
0.99715
0.996224
0.995864
0.995426
0.994984
0.994976
0.994914
0.994926
0.995086
0.995299
0.995532
0.995746
0.995947
0.995508
1.00285
1.00341
1.00342
1.00344
1.00347
1.00352
1.00358
1.00364
1.0037
1.00378
1.00383
1.00387
1.00386
1.00381
1.00371
1.00354
1.00332
1.00301
1.00265
1.00217
1.00167
1.00095
1.00011
0.9992
0.998398
0.997747
0.996644
0.99617
0.995292
0.994855
0.994721
0.994422
0.99447
0.994629
0.994829
0.995087
0.995353
0.995591
0.995745
0.995227
1.00308
1.00367
1.00368
1.0037
1.00374
1.0038
1.00386
1.00393
1.004
1.00407
1.00411
1.00414
1.00413
1.00413
1.00405
1.00395
1.00373
1.00344
1.00298
1.00244
1.00172
1.00104
1.00031
0.999504
0.998409
0.997274
0.996705
0.995597
0.995167
0.994622
0.994145
0.994178
0.994081
0.994175
0.994409
0.994709
0.995022
0.995302
0.995532
0.995073
1.00321
1.00381
1.00383
1.00386
1.0039
1.00397
1.00404
1.00411
1.00419
1.00428
1.00436
1.00442
1.00443
1.00437
1.00429
1.0041
1.00388
1.00353
1.00316
1.00265
1.00207
1.00122
1.00023
0.999178
0.998306
0.997467
0.996163
0.995581
0.994544
0.994089
0.993874
0.993585
0.99372
0.993892
0.994162
0.994501
0.994854
0.99516
0.995353
0.994812
1.00347
1.0041
1.00412
1.00415
1.0042
1.00428
1.00436
1.00446
1.00455
1.00464
1.00471
1.00476
1.00478
1.00479
1.00471
1.00463
1.00438
1.00409
1.00353
1.00292
1.00214
1.00137
1.00051
0.999544
0.99824
0.99695
0.996246
0.994938
0.994419
0.993671
0.99325
0.993293
0.993188
0.99339
0.993721
0.994125
0.994532
0.994883
0.995179
0.994677
1.00359
1.00424
1.00425
1.00428
1.00434
1.00442
1.0045
1.0046
1.00471
1.00481
1.00491
1.00498
1.00503
1.00498
1.00492
1.00473
1.0045
1.00411
1.00375
1.00315
1.00247
1.00151
1.00039
0.999161
0.998187
0.997133
0.99557
0.994913
0.993663
0.993253
0.992919
0.992588
0.992812
0.993053
0.993435
0.993888
0.994336
0.994718
0.994943
0.994403
1.00395
1.0046
1.00459
1.00462
1.00468
1.00477
1.00486
1.00497
1.00509
1.00518
1.00527
1.00534
1.00537
1.00539
1.00531
1.00521
1.00496
1.00461
1.00398
1.00331
1.00244
1.00153
1.00054
0.999421
0.997936
0.996466
0.995657
0.994105
0.993524
0.992469
0.99212
0.992223
0.992128
0.992454
0.992952
0.993498
0.994023
0.994464
0.994788
0.994275
1.00378
1.00452
1.00461
1.00464
1.0047
1.00479
1.00488
1.00499
1.00512
1.00523
1.00533
1.00538
1.00543
1.00542
1.00536
1.00521
1.00497
1.00457
1.00414
1.00348
1.00267
1.00164
1.00038
0.998993
0.997785
0.996609
0.994874
0.994065
0.992631
0.992206
0.99174
0.991364
0.991689
0.992063
0.992601
0.993205
0.993785
0.994257
0.994558
0.993925
1.00739
1.01342
1.01343
1.01535
1.0154
1.01607
1.01652
1.01685
1.01744
1.01757
1.01841
1.01876
1.01972
1.02035
1.02075
1.02168
1.02217
1.02289
1.02536
1.02651
1.03113
1.03372
1.04375
1.05517
1.07178
1.11934
1.20139
1.20955
1.04542
0.827114
0.725081
0.748957
0.833083
1.06171
1.23322
1.15349
1.09488
1.10924
1.09267
1.07916
1.00836
1.01311
1.01226
1.01447
1.01433
1.01512
1.01554
1.01613
1.01669
1.01697
1.01775
1.01785
1.01889
1.01904
1.01972
1.01998
1.02047
1.02066
1.02277
1.02325
1.02754
1.02832
1.03568
1.03969
1.04699
1.06342
1.08509
1.07338
0.966094
0.798312
0.693827
0.659206
0.712903
0.997631
1.28843
1.28313
1.20584
1.1599
1.12368
1.10566
1.01105
1.01198
1.01209
1.01361
1.01366
1.01437
1.01472
1.0153
1.01583
1.01608
1.01681
1.01687
1.01787
1.01792
1.01881
1.01869
1.01923
1.01898
1.02053
1.02033
1.0232
1.02225
1.02575
1.02375
1.02384
1.0182
1.00987
0.97601
0.854627
0.743232
0.650476
0.596734
0.636713
0.952641
1.29974
1.36243
1.23591
1.17541
1.14222
1.11674
1.01307
1.01131
1.01228
1.01277
1.01304
1.01358
1.0139
1.01443
1.01487
1.01509
1.01554
1.0156
1.01649
1.01653
1.0174
1.01715
1.01762
1.01718
1.01818
1.01754
1.01881
1.01674
1.0169
1.01142
1.00674
0.990907
0.972252
0.923857
0.811999
0.753721
0.699462
0.664817
0.726883
0.98613
1.26146
1.31835
1.2008
1.16044
1.1401
1.11636
1.01332
1.01113
1.01212
1.01203
1.01251
1.0129
1.01328
1.01368
1.01409
1.0142
1.01447
1.01452
1.01523
1.01519
1.01587
1.01551
1.01584
1.01533
1.01594
1.01489
1.01509
1.01276
1.011
1.00532
0.998585
0.983981
0.965267
0.90638
0.814159
0.797061
0.769373
0.754493
0.820747
1.01553
1.19609
1.22463
1.15048
1.13359
1.12371
1.109
1.01325
1.01093
1.01166
1.01147
1.01207
1.01226
1.01265
1.01294
1.01326
1.01322
1.0135
1.01351
1.01401
1.01395
1.0145
1.01404
1.01434
1.0137
1.01403
1.01275
1.01245
1.0104
1.00818
1.00434
0.99837
0.991177
0.978303
0.915079
0.833672
0.833381
0.824508
0.82461
0.884275
1.01869
1.12646
1.14722
1.11002
1.10688
1.10405
1.09543
1.01302
1.01053
1.01107
1.01112
1.01164
1.01165
1.012
1.01219
1.01248
1.01237
1.01266
1.01257
1.01295
1.01281
1.0132
1.01262
1.01297
1.01225
1.01243
1.0112
1.01068
1.00911
1.0072
1.00576
1.00222
1.00284
0.998678
0.939449
0.855832
0.855332
0.859704
0.869749
0.92262
1.00504
1.06567
1.09223
1.07899
1.08264
1.08408
1.07978
1.01271
1.01
1.0106
1.01069
1.01112
1.01109
1.0114
1.01151
1.01176
1.01167
1.0119
1.01168
1.01199
1.01171
1.01198
1.01132
1.01167
1.01091
1.01099
1.01
1.00937
1.00829
1.00693
1.00726
1.00616
1.01216
1.01528
0.968187
0.878359
0.869203
0.880985
0.895732
0.940625
0.990456
1.02827
1.05466
1.05435
1.06069
1.06513
1.06318
1.01246
1.00953
1.0102
1.00996
1.01047
1.01046
1.01077
1.01078
1.01102
1.01089
1.01103
1.01077
1.01106
1.01073
1.01101
1.01036
1.01057
1.00974
1.00966
1.00888
1.00824
1.00753
1.00675
1.00782
1.00813
1.01645
1.0232
0.989881
0.908441
0.885811
0.896346
0.911757
0.947119
0.982251
1.00848
1.03057
1.03589
1.04246
1.04896
1.04828
1.01226
1.00931
1.00987
1.00927
1.00981
1.00976
1.01007
1.01001
1.01025
1.01011
1.01026
1.01002
1.01027
1.00991
1.01016
1.00953
1.00952
1.0087
1.00846
1.00777
1.00713
1.00661
1.00626
1.00765
1.00832
1.01675
1.02341
1.00055
0.934681
0.906738
0.911894
0.924857
0.951168
0.977159
0.99705
1.01537
1.02292
1.02894
1.03584
1.03575
1.01199
1.009
1.00944
1.00881
1.00923
1.00908
1.00931
1.00923
1.0094
1.0093
1.00949
1.00929
1.00943
1.00898
1.00908
1.00844
1.00832
1.00764
1.00735
1.00666
1.006
1.00561
1.0054
1.00702
1.0078
1.0151
1.01919
1.0037
0.955058
0.928636
0.92842
0.937528
0.955995
0.974842
0.990284
1.00536
1.01365
1.01947
1.02503
1.02498
1.01144
1.00843
1.00898
1.00838
1.00873
1.00846
1.00864
1.00849
1.0086
1.00851
1.00863
1.00842
1.00843
1.00794
1.00788
1.00732
1.00719
1.00669
1.00634
1.00566
1.00505
1.0048
1.00456
1.00589
1.00696
1.01095
1.0136
1.00342
0.969325
0.947785
0.94407
0.949566
0.961943
0.975087
0.986624
0.998537
1.00649
1.01258
1.01625
1.01618
1.01055
1.00783
1.00845
1.0078
1.00821
1.0079
1.00813
1.00792
1.00801
1.00789
1.0079
1.00765
1.00759
1.0072
1.00707
1.00661
1.00645
1.00601
1.00559
1.00495
1.00441
1.00423
1.0039
1.00472
1.00536
1.00724
1.00798
1.00232
0.978668
0.962544
0.957502
0.960314
0.968357
0.97742
0.985295
0.994192
1.00094
1.00684
1.00968
1.00976
1.00984
1.00741
1.00794
1.00713
1.00766
1.00738
1.00769
1.00747
1.00756
1.00743
1.0074
1.00719
1.00711
1.00679
1.00665
1.00623
1.00597
1.00556
1.00513
1.00454
1.004
1.00375
1.00327
1.00362
1.0037
1.00411
1.00327
0.999682
0.984751
0.973262
0.968267
0.969366
0.974463
0.98098
0.985791
0.991951
0.996975
1.00172
1.00494
1.00511
1.00943
1.00712
1.00751
1.00649
1.00712
1.00679
1.0071
1.00688
1.00696
1.0068
1.00676
1.00664
1.00657
1.00632
1.00613
1.00573
1.00543
1.0051
1.0047
1.00417
1.00365
1.00326
1.00261
1.00258
1.00222
1.00179
1.00021
0.997435
0.988403
0.980645
0.976275
0.976471
0.979597
0.984759
0.987475
0.991444
0.994614
0.99771
1.00131
1.00134
1.00917
1.0067
1.00698
1.00588
1.00659
1.0061
1.00642
1.00614
1.00618
1.00599
1.00595
1.0059
1.00582
1.00567
1.00549
1.00517
1.00488
1.00456
1.00416
1.00372
1.00324
1.00277
1.00206
1.00176
1.00113
1.00031
0.99852
0.996191
0.990472
0.985533
0.981924
0.981761
0.983488
0.987966
0.989512
0.992124
0.993557
0.995519
0.998255
0.998249
1.00894
1.00591
1.0062
1.00526
1.00605
1.0054
1.0058
1.00549
1.00557
1.00539
1.00538
1.00536
1.00529
1.00516
1.00498
1.00475
1.00444
1.00402
1.00356
1.00318
1.00278
1.00228
1.00155
1.00109
1.00034
0.999379
0.997607
0.995568
0.991802
0.988751
0.985823
0.985609
0.98627
0.990243
0.991239
0.99329
0.993222
0.995001
0.99557
0.996043
1.00867
1.00481
1.00538
1.0046
1.00551
1.00484
1.00537
1.00508
1.00531
1.0052
1.00529
1.00525
1.00516
1.00496
1.00471
1.00452
1.00419
1.00363
1.00306
1.00274
1.00239
1.00187
1.00117
1.00061
0.99984
0.998877
0.997249
0.995526
0.992885
0.991011
0.98863
0.988504
0.988369
0.991739
0.992417
0.99447
0.993162
0.995325
0.993153
0.994738
1.00794
1.0038
1.00478
1.00399
1.00499
1.0044
1.00506
1.0048
1.00517
1.00513
1.00534
1.00521
1.00505
1.00473
1.00442
1.00425
1.00391
1.00325
1.00266
1.00239
1.00206
1.00155
1.00089
1.00028
0.999519
0.998619
0.997218
0.995841
0.993855
0.99267
0.990713
0.990743
0.990091
0.992916
0.993128
0.995533
0.993288
0.995702
0.991064
0.994108
1.00572
1.0034
1.00446
1.00354
1.0045
1.00405
1.00479
1.00458
1.00507
1.00499
1.00527
1.00506
1.00482
1.00439
1.00406
1.00392
1.0036
1.00291
1.00236
1.00214
1.00182
1.00135
1.00073
1.00011
0.99937
0.998532
0.997398
0.996357
0.994772
0.993953
0.992328
0.992525
0.991614
0.99405
0.993651
0.996451
0.993652
0.995869
0.989967
0.993305
1.00265
1.0035
1.00438
1.00333
1.00409
1.00376
1.0046
1.0044
1.00494
1.00482
1.00509
1.00482
1.00454
1.00406
1.00371
1.00357
1.00326
1.00262
1.00213
1.00191
1.00159
1.00117
1.00059
0.999995
0.999282
0.998501
0.997635
0.996888
0.995581
0.994936
0.993593
0.993905
0.992952
0.995087
0.994202
0.997226
0.994444
0.996745
0.990098
0.989759
0.999237
1.00392
1.00442
1.00338
1.00378
1.00353
1.00438
1.00429
1.00478
1.00464
1.00487
1.00459
1.0043
1.0038
1.00346
1.00327
1.00295
1.00241
1.00198
1.00173
1.0014
1.00101
1.00048
0.999915
0.999243
0.998519
0.997888
0.997366
0.996285
0.995716
0.994631
0.994955
0.994137
0.995878
0.994886
0.997761
0.995628
0.998054
0.991857
0.984313
0.996447
1.00459
1.00446
1.00367
1.00354
1.00347
1.00417
1.00421
1.00456
1.00443
1.0046
1.00434
1.00405
1.00357
1.00324
1.003
1.00268
1.00224
1.00186
1.00157
1.00122
1.00086
1.00037
0.999851
0.999231
0.998567
0.998119
0.997744
0.996867
0.996329
0.995496
0.995724
0.995167
0.996369
0.995671
0.997933
0.996782
0.998596
0.995798
0.979274
0.994933
1.00505
1.00411
1.00387
1.00324
1.00342
1.00391
1.00403
1.00423
1.00413
1.00422
1.00399
1.00374
1.0033
1.00297
1.00271
1.00241
1.00207
1.00174
1.00142
1.00106
1.00071
1.00027
0.999799
0.999246
0.998643
0.998324
0.998027
0.997338
0.996815
0.996225
0.996285
0.996053
0.996633
0.996536
0.997865
0.997731
0.998372
0.998307
0.976694
0.994648
1.00532
1.00365
1.00389
1.00297
1.00338
1.00363
1.00383
1.00388
1.00382
1.00382
1.00364
1.00341
1.00302
1.00272
1.00245
1.00218
1.00192
1.00162
1.00128
1.00093
1.0006
1.00019
0.999765
0.999277
0.998735
0.998496
0.998224
0.997703
0.997187
0.996818
0.996687
0.996767
0.996805
0.997357
0.997582
0.998414
0.997273
0.999687
0.976777
0.995141
1.00534
1.00313
1.00378
1.00267
1.00329
1.0033
1.00357
1.00349
1.00349
1.00342
1.00328
1.00307
1.00274
1.00245
1.0022
1.00195
1.00175
1.00148
1.00114
1.0008
1.00048
1.00012
0.999734
0.999313
0.998831
0.998642
0.998368
0.997995
0.997481
0.997305
0.99699
0.997317
0.996935
0.997926
0.997141
0.998779
0.995994
1.0003
0.978847
0.996157
1.00521
1.00262
1.00363
1.00242
1.0032
1.00299
1.00333
1.00315
1.00321
1.00307
1.00298
1.00278
1.00251
1.00224
1.00198
1.00176
1.0016
1.00134
1.00102
1.0007
1.0004
1.00006
0.999711
0.999349
0.998919
0.998756
0.998461
0.998208
0.997689
0.997663
0.997182
0.997676
0.997012
0.998183
0.996724
0.998877
0.994976
1.00039
0.982094
0.997342
1.00472
1.00218
1.00342
1.00219
1.0031
1.00266
1.00307
1.00281
1.00293
1.00275
1.00269
1.0025
1.00227
1.00202
1.0018
1.00159
1.00143
1.0012
1.0009
1.00061
1.00033
1.00002
0.999706
0.999394
0.999013
0.998866
0.998554
0.998394
0.997872
0.997961
0.997342
0.997943
0.997025
0.998286
0.996328
0.998854
0.994393
1.00008
0.985715
0.998425
1.00406
1.00195
1.0032
1.00206
1.00294
1.00239
1.00285
1.00254
1.00269
1.00248
1.00245
1.00226
1.00207
1.00185
1.00164
1.00145
1.00129
1.00106
1.00079
1.00052
1.00027
0.999985
0.999697
0.999422
0.99908
0.99894
0.998614
0.998519
0.997994
0.998155
0.997439
0.998089
0.997002
0.998299
0.996139
0.998721
0.994375
0.999492
0.988818
0.999189
1.00348
1.00182
1.00296
1.00194
1.00275
1.00217
1.00263
1.00229
1.00246
1.00223
1.00222
1.00204
1.00188
1.00168
1.0015
1.00132
1.00116
1.00095
1.0007
1.00046
1.00022
0.99997
0.999708
0.999466
0.999159
0.999025
0.998699
0.998647
0.998133
0.998335
0.997581
0.998238
0.997003
0.99835
0.996153
0.998612
0.994769
0.998951
0.991182
0.999723
1.003
1.00177
1.00273
1.00188
1.00258
1.00203
1.00244
1.00211
1.00227
1.00205
1.00204
1.00187
1.00173
1.00155
1.00138
1.00121
1.00105
1.00085
1.00063
1.0004
1.00018
0.999949
0.999708
0.999487
0.999209
0.999078
0.998758
0.998728
0.998235
0.998447
0.997703
0.998329
0.997065
0.99836
0.996335
0.998448
0.995405
0.998493
0.992851
1.00002
1.00259
1.00172
1.00248
1.00179
1.00237
1.00189
1.00224
1.00193
1.00207
1.00186
1.00185
1.00169
1.00157
1.00141
1.00126
1.0011
1.00094
1.00076
1.00056
1.00035
1.00015
0.99994
0.999722
0.999521
0.999273
0.999144
0.998842
0.99882
0.998363
0.998563
0.997864
0.998427
0.997275
0.998387
0.996677
0.99834
0.995985
0.998192
0.994089
1.00021
1.00231
1.00171
1.00229
1.00175
1.0022
1.0018
1.00208
1.00181
1.00192
1.00173
1.00171
1.00157
1.00146
1.00131
1.00117
1.00102
1.00086
1.00069
1.00051
1.00032
1.00012
0.99993
0.999727
0.99954
0.999313
0.999183
0.998902
0.998875
0.998458
0.998627
0.997992
0.998467
0.997469
0.998369
0.996957
0.998244
0.996474
0.998037
0.994922
1.00026
1.00206
1.00165
1.00208
1.00167
1.00201
1.00169
1.0019
1.00167
1.00175
1.00159
1.00156
1.00143
1.00132
1.00119
1.00106
1.00092
1.00078
1.00062
1.00045
1.00028
1.0001
0.999925
0.999741
0.999569
0.999367
0.999239
0.998988
0.998951
0.998583
0.998716
0.998161
0.998544
0.997709
0.998413
0.99729
0.998253
0.996952
0.997992
0.995569
1.00028
1.00191
1.00162
1.00193
1.00162
1.00188
1.00162
1.00178
1.00159
1.00163
1.00149
1.00145
1.00134
1.00124
1.00111
1.00099
1.00086
1.00072
1.00057
1.00041
1.00025
1.00008
0.999919
0.999747
0.999583
0.999398
0.999267
0.999042
0.998988
0.998667
0.998755
0.998283
0.998574
0.997891
0.998424
0.997542
0.998257
0.997299
0.997997
0.995983
1.00023
1.00174
1.00155
1.00176
1.00154
1.00171
1.00151
1.00162
1.00147
1.00149
1.00137
1.00132
1.00122
1.00113
1.00102
1.0009
1.00078
1.00065
1.00051
1.00037
1.00022
1.00007
0.99992
0.999764
0.999613
0.999447
0.99932
0.999125
0.99906
0.99879
0.99884
0.99845
0.998659
0.998118
0.998503
0.997836
0.998339
0.997661
0.998058
0.996354
1.0002
1.00165
1.00151
1.00166
1.00149
1.00161
1.00146
1.00153
1.0014
1.0014
1.0013
1.00125
1.00115
1.00106
1.00096
1.00085
1.00073
1.00061
1.00048
1.00034
1.0002
1.00006
0.999914
0.999767
0.999623
0.99947
0.999342
0.999168
0.999088
0.99886
0.99887
0.998551
0.998687
0.998255
0.998529
0.998012
0.998372
0.997868
0.99814
0.996564
1.00011
1.00151
1.00143
1.00152
1.0014
1.00147
1.00136
1.00139
1.00129
1.00128
1.00119
1.00113
1.00105
1.00096
1.00087
1.00077
1.00066
1.00055
1.00043
1.00031
1.00018
1.00005
0.999918
0.999784
0.999653
0.999516
0.999396
0.999245
0.99916
0.99897
0.998954
0.998701
0.998778
0.998451
0.998621
0.998251
0.998471
0.998135
0.99829
0.996823
1.00006
1.00145
1.00139
1.00145
1.00136
1.00141
1.00131
1.00133
1.00125
1.00122
1.00114
1.00108
1.001
1.00092
1.00083
1.00073
1.00063
1.00052
1.00041
1.00029
1.00017
1.00004
0.999917
0.999789
0.999662
0.999532
0.999413
0.999277
0.999181
0.999022
0.998977
0.998771
0.998802
0.998541
0.998652
0.998356
0.998517
0.998247
0.998365
0.996928
0.999949
1.00132
1.00128
1.0013
1.00125
1.00126
1.0012
1.00119
1.00113
1.00109
1.00103
1.00097
1.0009
1.00082
1.00074
1.00065
1.00056
1.00046
1.00036
1.00025
1.00015
1.00003
0.999922
0.999809
0.999696
0.999581
0.999474
0.999356
0.999265
0.999133
0.999078
0.998922
0.998918
0.998734
0.998781
0.998587
0.998662
0.998502
0.998553
0.997162
)
;

boundaryField
{
    FrontBack
    {
        type            empty;
    }
    Cylinder
    {
        type            calculated;
        value           uniform 0;
    }
    Bottom
    {
        type            calculated;
        value           uniform 0;
    }
    Top
    {
        type            calculated;
        value           uniform 0;
    }
    Inlet
    {
        type            calculated;
        value           uniform 1;
    }
    Outlet
    {
        type            calculated;
        value           nonuniform List<scalar> 
40
(
0.999949
1.00132
1.00128
1.0013
1.00125
1.00126
1.0012
1.00119
1.00113
1.00109
1.00103
1.00097
1.0009
1.00082
1.00074
1.00065
1.00056
1.00046
1.00036
1.00025
1.00015
1.00003
0.999922
0.999809
0.999696
0.999581
0.999474
0.999356
0.999265
0.999133
0.999078
0.998922
0.998918
0.998734
0.998781
0.998587
0.998662
0.998502
0.998553
0.997162
)
;
    }
}


// ************************************************************************* //
