/*--------------------------------*- C++ -*----------------------------------*\
  =========                 |
  \\      /  F ield         | OpenFOAM: The Open Source CFD Toolbox
   \\    /   O peration     | Website:  https://openfoam.org
    \\  /    A nd           | Version:  11
     \\/     M anipulation  |
\*---------------------------------------------------------------------------*/
FoamFile
{
    format      ascii;
    class       volScalarField;
    location    "6";
    object      mag(U);
}
// * * * * * * * * * * * * * * * * * * * * * * * * * * * * * * * * * * * * * //

dimensions      [0 1 -1 0 0 0 0];

internalField   nonuniform List<scalar> 
9600
(
0.970522
0.96717
0.962521
0.959607
0.957159
0.951291
0.944735
0.942612
0.943668
0.941654
0.937275
0.937134
0.939405
0.943076
0.950371
0.954113
0.947873
0.925253
0.912448
0.904899
0.898677
0.895847
0.897113
0.897899
0.896783
0.898504
0.906456
0.923984
0.954146
1.00398
1.08067
1.17299
1.23976
1.25556
1.24726
1.22171
1.15627
1.07463
1.03959
0.977811
0.972757
0.971728
0.969723
0.967327
0.965995
0.965082
0.963381
0.961453
0.960806
0.961207
0.962369
0.964624
0.967453
0.972435
0.983783
0.992329
0.995799
0.997866
0.998908
0.997779
0.992619
0.982777
0.975888
0.970801
0.964353
0.959811
0.959813
0.965772
0.984079
1.02053
1.0801
1.16275
1.24965
1.30607
1.31918
1.30494
1.26114
1.18362
1.15083
1.08802
0.971511
0.970782
0.969048
0.966685
0.965083
0.964373
0.963476
0.961365
0.961154
0.96184
0.963797
0.966362
0.96964
0.973779
0.98142
0.993647
1.00486
1.01146
1.01314
1.0117
1.00479
0.993382
0.98604
0.980642
0.972825
0.964454
0.962226
0.967216
0.984567
1.01778
1.06788
1.14089
1.2283
1.29478
1.31399
1.3094
1.2857
1.2159
1.17111
1.10244
0.971404
0.970596
0.96879
0.966174
0.964553
0.96385
0.962231
0.960384
0.960414
0.961366
0.963519
0.966027
0.96989
0.974476
0.98168
0.994191
1.00703
1.0182
1.0257
1.02636
1.02444
1.01949
1.01189
1.00451
0.994465
0.982637
0.974625
0.973588
0.981818
1.0087
1.0555
1.11811
1.19844
1.2787
1.32858
1.33403
1.31139
1.24259
1.1951
1.12726
0.970766
0.969924
0.968116
0.965851
0.96441
0.963249
0.961628
0.960438
0.960591
0.96155
0.963984
0.96719
0.971206
0.977197
0.982904
0.991746
1.0066
1.0232
1.03468
1.04101
1.04056
1.03669
1.02671
1.01273
0.999823
0.986446
0.976459
0.973474
0.980382
1.00236
1.04708
1.10518
1.17957
1.26005
1.32434
1.34414
1.32899
1.26974
1.21996
1.1437
0.970347
0.969492
0.967624
0.965884
0.963624
0.962428
0.961199
0.959928
0.960016
0.961137
0.963559
0.966723
0.971504
0.977955
0.98363
0.992862
1.00828
1.02557
1.03751
1.0459
1.04712
1.04464
1.03881
1.0268
1.01308
0.998284
0.985233
0.975868
0.97812
0.991831
1.03236
1.08473
1.15614
1.23399
1.31214
1.35564
1.35332
1.3044
1.25042
1.16092
0.969625
0.968761
0.966996
0.965097
0.962861
0.962064
0.960671
0.959693
0.960049
0.961156
0.963745
0.967588
0.972691
0.978943
0.984609
0.995116
1.00962
1.02603
1.03922
1.05113
1.05475
1.05266
1.04685
1.03405
1.01851
1.0021
0.988359
0.976155
0.977166
0.984059
1.02025
1.06673
1.1393
1.21137
1.29871
1.35829
1.37605
1.33556
1.28462
1.18467
0.969115
0.968215
0.9666
0.964501
0.962465
0.961483
0.960055
0.959162
0.959672
0.96112
0.963824
0.967742
0.972717
0.979242
0.986185
0.996535
1.01057
1.02678
1.04163
1.05446
1.05902
1.05694
1.05126
1.0395
1.02486
1.00767
0.993916
0.977905
0.976434
0.976563
1.00441
1.04233
1.1162
1.18465
1.27774
1.34943
1.39659
1.36832
1.32707
1.22594
0.968347
0.967471
0.965875
0.963531
0.961846
0.96085
0.959565
0.958892
0.959578
0.961493
0.963942
0.968404
0.973485
0.980173
0.987941
0.998531
1.01248
1.02798
1.04234
1.05622
1.06327
1.0622
1.05657
1.04326
1.02902
1.00887
0.995663
0.977215
0.973981
0.969228
0.993032
1.02078
1.09161
1.15563
1.25643
1.33338
1.40972
1.39913
1.36507
1.25978
0.967784
0.966881
0.965137
0.962935
0.961558
0.960241
0.959035
0.958429
0.959455
0.961611
0.963846
0.968777
0.973928
0.980616
0.989256
1.00054
1.01342
1.02836
1.04311
1.05847
1.06746
1.06746
1.06149
1.04745
1.03235
1.0122
0.996633
0.976653
0.972229
0.961701
0.978784
0.99431
1.05873
1.11554
1.22254
1.30116
1.40663
1.4278
1.41114
1.30945
0.96696
0.965976
0.964081
0.962128
0.961005
0.95942
0.958583
0.958435
0.959366
0.961903
0.964382
0.968635
0.974661
0.982388
0.990165
1.0016
1.01458
1.03088
1.04541
1.05876
1.06918
1.0713
1.06738
1.054
1.03904
1.01456
0.998554
0.973956
0.965427
0.950471
0.965561
0.969377
1.02426
1.07235
1.18017
1.26116
1.38711
1.4439
1.45805
1.35674
0.966191
0.965247
0.963378
0.961688
0.96037
0.958843
0.958103
0.958073
0.959343
0.961563
0.964504
0.968624
0.975212
0.983089
0.991274
1.00341
1.01628
1.03186
1.04647
1.05993
1.0715
1.0754
1.0729
1.06018
1.04466
1.01947
1.00061
0.972509
0.962092
0.94127
0.950863
0.942878
0.987254
1.02487
1.12998
1.21228
1.35095
1.43176
1.5021
1.40928
0.965371
0.964131
0.962593
0.960867
0.959555
0.958233
0.957631
0.957937
0.959343
0.961213
0.96497
0.96956
0.974946
0.984167
0.994149
1.00514
1.01735
1.03198
1.04893
1.06268
1.07371
1.07747
1.07716
1.06558
1.05312
1.02629
1.00699
0.974231
0.959189
0.92985
0.935883
0.920288
0.954216
0.981005
1.08233
1.16313
1.31926
1.39546
1.53634
1.46022
0.964523
0.963249
0.961647
0.960105
0.95866
0.95741
0.957392
0.957394
0.958898
0.961365
0.964434
0.969789
0.975723
0.984689
0.995914
1.00665
1.01916
1.03419
1.05058
1.06444
1.07585
1.07984
1.08167
1.0714
1.06012
1.0342
1.01416
0.977939
0.960742
0.927517
0.926021
0.902414
0.924656
0.94018
1.02739
1.10537
1.2749
1.3525
1.53994
1.50539
0.963495
0.962308
0.960562
0.9594
0.957872
0.95664
0.957131
0.957034
0.9584
0.961765
0.964204
0.970157
0.976934
0.98577
0.997057
1.00915
1.02197
1.03631
1.05228
1.06559
1.07907
1.08341
1.08584
1.07509
1.06554
1.0412
1.02289
0.986625
0.967205
0.927898
0.919637
0.88974
0.899635
0.907176
0.968416
1.04497
1.18512
1.30197
1.52045
1.54096
0.962486
0.961131
0.959537
0.957968
0.957138
0.955926
0.955991
0.957203
0.957831
0.961309
0.964369
0.970118
0.977153
0.987103
0.998456
1.01136
1.02415
1.03844
1.05441
1.06773
1.08118
1.08632
1.09025
1.07981
1.07155
1.04795
1.03089
0.995312
0.974828
0.932898
0.918951
0.886649
0.877336
0.886578
0.903094
0.984985
1.05432
1.25458
1.45236
1.55777
0.961525
0.960206
0.958364
0.957093
0.956386
0.955378
0.955418
0.956745
0.957682
0.961663
0.964209
0.970762
0.977369
0.988178
1.0007
1.01412
1.02725
1.04107
1.05763
1.07092
1.08362
1.08952
1.09632
1.08616
1.07902
1.05503
1.03867
1.00309
0.982093
0.940899
0.915853
0.891564
0.858716
0.872354
0.853758
0.928752
0.958236
1.20835
1.3447
1.54842
0.960181
0.958661
0.957095
0.955825
0.954702
0.95492
0.954341
0.95579
0.956961
0.961135
0.964598
0.97117
0.97746
0.98903
1.00184
1.01623
1.03115
1.04486
1.06056
1.07281
1.08798
1.09266
1.10146
1.09269
1.08713
1.06294
1.04703
1.01141
0.988334
0.954267
0.913365
0.895719
0.85064
0.859483
0.826185
0.865751
0.894744
1.10512
1.27261
1.48509
0.959164
0.957594
0.956097
0.954675
0.953744
0.954187
0.953804
0.955835
0.95652
0.96097
0.965104
0.971389
0.979443
0.990268
1.00346
1.01738
1.03548
1.04884
1.06638
1.07675
1.09316
1.09673
1.10713
1.1
1.09655
1.07359
1.05809
1.0261
0.992157
0.969193
0.92138
0.901391
0.850908
0.846792
0.815776
0.812599
0.836071
0.952459
1.1848
1.33236
0.957366
0.956076
0.953926
0.953364
0.951942
0.952363
0.952751
0.954485
0.956302
0.959615
0.964877
0.971602
0.98009
0.991036
1.00696
1.01912
1.03848
1.05154
1.07176
1.08202
1.09876
1.10116
1.11156
1.105
1.10398
1.08501
1.06447
1.04499
1.00336
0.980238
0.932774
0.911565
0.859543
0.843118
0.815067
0.775886
0.782303
0.827413
1.04211
1.21245
0.955793
0.9549
0.952518
0.952137
0.950919
0.951464
0.952042
0.953299
0.956931
0.959726
0.965473
0.972435
0.981948
0.991678
1.01031
1.02158
1.04348
1.05706
1.07753
1.08691
1.10574
1.10883
1.11878
1.11394
1.1088
1.10026
1.07365
1.05829
1.01996
0.997309
0.94896
0.92507
0.873055
0.847953
0.822183
0.767475
0.739195
0.771718
0.904267
1.08138
0.952874
0.952367
0.950227
0.949406
0.949361
0.948413
0.950912
0.951632
0.955181
0.959227
0.965172
0.972056
0.984723
0.992914
1.01192
1.02464
1.04673
1.06089
1.08427
1.09376
1.11108
1.11675
1.12287
1.12554
1.11385
1.11122
1.08464
1.06974
1.03288
1.01105
0.965626
0.941583
0.89125
0.857378
0.833667
0.785443
0.718194
0.732408
0.796281
0.911054
0.951182
0.950672
0.948828
0.94738
0.948373
0.9469
0.950312
0.951132
0.954945
0.959422
0.966863
0.972201
0.986856
0.996226
1.01546
1.02894
1.05179
1.06723
1.08857
1.10396
1.11608
1.12916
1.12889
1.1368
1.12389
1.12296
1.09908
1.08581
1.05102
1.02863
0.98458
0.960295
0.913885
0.874456
0.844724
0.813159
0.735578
0.710527
0.729648
0.771018
0.948385
0.946788
0.945943
0.943424
0.945268
0.943535
0.946779
0.94904
0.95375
0.956754
0.967231
0.973468
0.987178
0.998962
1.01683
1.03454
1.05336
1.07632
1.09208
1.11335
1.1219
1.13783
1.13722
1.14642
1.13413
1.1337
1.11301
1.09959
1.06864
1.04751
1.00376
0.977189
0.935431
0.892752
0.854359
0.831625
0.778457
0.720157
0.711402
0.695351
0.947328
0.94508
0.944492
0.941788
0.943685
0.943618
0.945147
0.947934
0.953425
0.958581
0.966319
0.977067
0.988539
1.00544
1.01944
1.04284
1.05917
1.0835
1.09936
1.1219
1.13097
1.14955
1.14582
1.15918
1.14676
1.14778
1.12781
1.11865
1.08705
1.06932
1.03071
0.99799
0.962594
0.925694
0.876543
0.848547
0.815609
0.754922
0.723729
0.689121
0.943852
0.940811
0.940069
0.938244
0.937951
0.93996
0.941708
0.946243
0.948648
0.958671
0.963886
0.978183
0.989257
1.00751
1.02431
1.04567
1.06768
1.08741
1.11163
1.12527
1.14478
1.15165
1.16191
1.16545
1.16091
1.16115
1.14391
1.13488
1.10861
1.09122
1.05502
1.02632
0.984754
0.953234
0.908259
0.86623
0.840666
0.795447
0.749025
0.710392
0.941643
0.940505
0.937871
0.938224
0.936752
0.93974
0.939012
0.947764
0.949528
0.959125
0.968833
0.979716
0.996221
1.01005
1.0351
1.04912
1.08081
1.09259
1.12473
1.13199
1.15859
1.16113
1.17631
1.17572
1.17758
1.17459
1.1621
1.15662
1.1304
1.11594
1.08397
1.05472
1.01865
0.983217
0.942253
0.898932
0.867961
0.832977
0.78909
0.741736
0.933022
0.934643
0.932216
0.932907
0.931592
0.935599
0.937561
0.940943
0.95003
0.954663
0.970268
0.979258
1.00065
1.01344
1.04076
1.05601
1.08781
1.10209
1.13236
1.14325
1.16687
1.17082
1.18691
1.18693
1.18811
1.19285
1.17616
1.17479
1.15605
1.13789
1.11322
1.08916
1.05038
1.01462
0.979826
0.937086
0.893172
0.861623
0.829665
0.774113
0.930111
0.931001
0.929997
0.930113
0.932626
0.93238
0.940718
0.942151
0.954038
0.958779
0.975997
0.985666
1.00844
1.02239
1.05085
1.06844
1.0982
1.11716
1.14519
1.15816
1.17757
1.19109
1.19305
1.20877
1.20144
1.20585
1.19868
1.19565
1.17728
1.17072
1.14717
1.11915
1.0928
1.06024
1.0168
0.980867
0.944085
0.896261
0.86689
0.820539
0.922586
0.919891
0.921592
0.918164
0.924473
0.923186
0.933789
0.936246
0.950747
0.958197
0.975772
0.990131
1.01176
1.03156
1.0564
1.08126
1.10605
1.13232
1.15103
1.17653
1.18534
1.20343
1.21046
1.21802
1.216
1.22392
1.21523
1.21231
1.20537
1.19677
1.17482
1.16029
1.13575
1.09923
1.06958
1.02856
0.992792
0.944591
0.920754
0.868628
0.922216
0.918493
0.921473
0.918339
0.924634
0.925941
0.933664
0.942224
0.951037
0.967452
0.979674
1.00232
1.0203
1.04632
1.06766
1.09919
1.11966
1.14807
1.17096
1.1882
1.20398
1.22083
1.22461
1.23317
1.23781
1.24146
1.23359
1.23864
1.23238
1.22133
1.21371
1.20286
1.17682
1.15385
1.12775
1.07998
1.05514
1.00413
0.97935
0.926211
0.909406
0.907593
0.906704
0.910571
0.910894
0.920656
0.924893
0.938875
0.948729
0.967685
0.982602
1.00598
1.02918
1.05234
1.08269
1.10764
1.13466
1.163
1.18236
1.20241
1.2195
1.23263
1.23656
1.2493
1.25201
1.25087
1.25549
1.25676
1.24919
1.25073
1.24667
1.23248
1.22622
1.20232
1.18477
1.14452
1.12606
1.06996
1.04797
0.993853
0.902088
0.907463
0.907504
0.910688
0.914318
0.92302
0.932305
0.944215
0.961868
0.977449
1.00066
1.02289
1.04819
1.078
1.10327
1.13204
1.16237
1.18484
1.20654
1.22764
1.24298
1.25035
1.26248
1.26984
1.26905
1.27457
1.27854
1.27453
1.28092
1.27655
1.28165
1.26773
1.27661
1.24988
1.25015
1.21488
1.20231
1.15805
1.13525
1.08241
0.88183
0.886962
0.890251
0.895676
0.904618
0.914401
0.928589
0.944799
0.961537
0.985942
1.00904
1.03302
1.06368
1.09255
1.12149
1.15003
1.18262
1.20191
1.22614
1.24604
1.25914
1.26748
1.2821
1.28127
1.29227
1.28707
1.30088
1.29121
1.30866
1.29671
1.31497
1.30126
1.31689
1.30056
1.30728
1.28319
1.28168
1.24824
1.23397
1.18619
0.88164
0.88662
0.890329
0.898947
0.909753
0.921226
0.943963
0.958933
0.986655
1.00846
1.03968
1.06289
1.10094
1.12334
1.16272
1.18396
1.22178
1.23503
1.26789
1.27302
1.29982
1.29504
1.31726
1.30969
1.3261
1.31657
1.33321
1.32352
1.34022
1.33194
1.35218
1.34439
1.36812
1.35786
1.37443
1.36133
1.37122
1.35037
1.3522
1.3165
0.861468
0.869113
0.881566
0.887119
0.907605
0.919606
0.949018
0.965977
1.00125
1.02457
1.06078
1.08869
1.1268
1.15644
1.19143
1.22142
1.24978
1.27466
1.29362
1.3107
1.32366
1.32987
1.34095
1.34177
1.35274
1.349
1.36056
1.35487
1.36488
1.36093
1.37334
1.37133
1.39077
1.39367
1.41558
1.42123
1.44137
1.4445
1.45118
1.45259
0.859621
0.878507
0.896833
0.919189
0.944119
0.973421
1.00113
1.03098
1.06439
1.09687
1.1327
1.16692
1.20317
1.2371
1.26988
1.29867
1.3243
1.3443
1.35861
1.36854
1.37353
1.3759
1.37408
1.37787
1.37459
1.38173
1.37615
1.38255
1.37265
1.3732
1.35921
1.35814
1.35337
1.36297
1.36369
1.38281
1.38089
1.40792
1.39859
1.43589
0.842452
0.863932
0.884467
0.910552
0.938661
0.973763
1.01058
1.04954
1.09239
1.13265
1.17573
1.21292
1.25266
1.28463
1.31754
1.34097
1.36351
1.3756
1.38534
1.38509
1.38475
1.3756
1.37207
1.36152
1.36233
1.36037
1.36512
1.36546
1.36135
1.34173
1.30791
1.2645
1.22545
1.18905
1.16064
1.12375
1.09586
1.05896
0.983275
0.990767
0.922576
0.964242
1.01537
1.05884
1.10325
1.14232
1.18633
1.22205
1.26279
1.29286
1.32807
1.34959
1.37682
1.3887
1.41047
1.41425
1.43066
1.42438
1.427
1.41025
1.39711
1.37241
1.34886
1.31989
1.29781
1.26869
1.24779
1.22769
1.19138
1.10467
1.05143
0.971412
0.873473
0.749073
0.585863
0.430477
0.289191
0.199315
0.152607
0.138206
1.0452
1.08294
1.11885
1.15673
1.19329
1.22677
1.25623
1.28153
1.30156
1.31636
1.33037
1.33168
1.3397
1.33358
1.33608
1.31838
1.31042
1.27757
1.25611
1.20463
1.16753
1.09778
1.04225
0.955788
0.884227
0.794807
0.718284
0.620524
0.404759
0.0961584
0.29618
0.362677
0.35746
0.282031
0.191669
0.221421
0.250556
0.269607
0.291873
0.311404
1.06154
1.05452
1.02031
0.968676
0.905259
0.854479
0.843032
0.92921
1.01465
1.02395
1.01236
1.00847
1.00855
1.00866
1.01009
1.01147
1.012
1.01335
1.01347
1.01414
1.01421
1.01441
1.01423
1.0144
1.01414
1.01406
1.01369
1.01334
1.01319
1.01278
1.01269
1.01235
1.01231
1.01198
1.01187
1.01143
1.01126
1.01106
1.01149
1.01408
1.0842
1.06604
1.02676
0.969361
0.90113
0.848338
0.830896
0.903517
1.00507
1.02144
1.01162
1.00766
1.00845
1.00854
1.01011
1.01169
1.01223
1.01361
1.01378
1.01445
1.0146
1.0147
1.0145
1.01467
1.0144
1.01445
1.01408
1.01372
1.01355
1.01318
1.01304
1.0127
1.01265
1.01235
1.0122
1.0118
1.01156
1.01106
1.01063
1.00851
1.0933
1.07973
1.0395
0.975401
0.899096
0.842399
0.82227
0.888312
0.993203
1.01598
1.00823
1.00588
1.00795
1.00841
1.01065
1.01239
1.01275
1.01419
1.0145
1.01506
1.0153
1.01546
1.01519
1.0152
1.0148
1.01489
1.01449
1.01426
1.01396
1.01372
1.01345
1.01317
1.01296
1.01269
1.01238
1.01211
1.01198
1.0118
1.01229
1.01444
1.11309
1.09828
1.05102
0.977681
0.892686
0.834159
0.810229
0.862225
0.977418
1.0103
1.00576
1.0038
1.0073
1.00796
1.01048
1.01249
1.01305
1.01446
1.01475
1.01527
1.01568
1.01581
1.01571
1.01573
1.01519
1.01529
1.01482
1.01468
1.01432
1.01413
1.01379
1.01359
1.01327
1.01313
1.01274
1.01251
1.01207
1.01173
1.01112
1.0091
1.1282
1.11713
1.06834
0.983692
0.886786
0.823474
0.800793
0.844895
0.959003
1.00176
1.001
1.00083
1.00614
1.00753
1.01092
1.01305
1.01374
1.01513
1.01553
1.01597
1.01631
1.01635
1.01626
1.01632
1.01581
1.01588
1.01536
1.01531
1.01491
1.01475
1.01432
1.01425
1.01383
1.01379
1.01334
1.01318
1.01276
1.01257
1.01275
1.01407
1.15114
1.14409
1.08855
0.986525
0.876231
0.808741
0.787015
0.8195
0.936931
0.992038
0.996782
0.997397
1.00471
1.00669
1.01055
1.01286
1.01396
1.01543
1.01584
1.01637
1.01676
1.01666
1.01666
1.01667
1.01624
1.0163
1.01584
1.01576
1.01537
1.01525
1.01479
1.01481
1.01431
1.01427
1.01366
1.01343
1.01289
1.01257
1.01202
1.01033
1.17599
1.17249
1.11523
0.991049
0.86398
0.789007
0.773007
0.79989
0.914291
0.979815
0.990392
0.993331
1.00293
1.00584
1.01067
1.01315
1.01468
1.0161
1.01677
1.01725
1.0177
1.01744
1.01735
1.0172
1.01695
1.01686
1.01644
1.01629
1.01588
1.0157
1.01516
1.01517
1.0146
1.01468
1.01418
1.01405
1.01358
1.01339
1.0134
1.01404
1.20756
1.2125
1.14804
0.990425
0.844917
0.763173
0.752062
0.774347
0.889937
0.966482
0.983954
0.989169
1.00072
1.00439
1.01001
1.0127
1.01471
1.01622
1.01731
1.0177
1.01844
1.01802
1.01806
1.01768
1.0176
1.01734
1.01707
1.01676
1.01634
1.0161
1.01548
1.01538
1.01475
1.01477
1.01427
1.01426
1.01377
1.01349
1.01308
1.01175
1.24451
1.25942
1.18937
0.985266
0.819643
0.729772
0.727522
0.752778
0.86582
0.95188
0.97593
0.984984
0.998334
1.00326
1.0097
1.0127
1.01518
1.01668
1.01825
1.01836
1.01931
1.01884
1.01913
1.01861
1.01863
1.01816
1.018
1.01754
1.01712
1.01684
1.0162
1.01608
1.01548
1.01554
1.01508
1.01514
1.01459
1.01438
1.01419
1.01433
1.29483
1.32192
1.2159
0.968564
0.78081
0.687369
0.694287
0.726347
0.842511
0.937612
0.967685
0.981076
0.99561
1.00224
1.00905
1.01228
1.01526
1.01659
1.01857
1.01857
1.01987
1.01937
1.0199
1.01939
1.01958
1.01895
1.0189
1.01841
1.01802
1.01773
1.01707
1.01686
1.01616
1.0161
1.01544
1.01549
1.01482
1.01466
1.01424
1.01333
1.35598
1.38492
1.22227
0.935884
0.727918
0.635079
0.65699
0.70245
0.821378
0.923265
0.958515
0.978085
0.993389
1.00209
1.00898
1.01247
1.0159
1.01714
1.01955
1.01944
1.0208
1.02024
1.02085
1.02023
1.02044
1.01977
1.01972
1.01912
1.0187
1.0184
1.01785
1.01764
1.01691
1.01687
1.01616
1.01615
1.01557
1.01554
1.01502
1.01503
1.43194
1.4244
1.21338
0.876167
0.654055
0.573048
0.614168
0.677805
0.804103
0.910318
0.949738
0.975408
0.991481
1.00164
1.00873
1.01248
1.01643
1.01762
1.02006
1.02027
1.02158
1.02115
1.02168
1.0211
1.0213
1.02054
1.02049
1.0197
1.0193
1.01874
1.0182
1.01795
1.01719
1.01709
1.01637
1.01637
1.01579
1.0159
1.0153
1.01487
1.51125
1.45304
1.17285
0.784626
0.561703
0.507491
0.575208
0.661019
0.792716
0.898935
0.941098
0.973492
0.990447
1.00183
1.00943
1.0133
1.01739
1.01869
1.02111
1.02154
1.02253
1.0225
1.02286
1.02241
1.02262
1.02183
1.02175
1.02082
1.02058
1.01983
1.01947
1.01897
1.01832
1.01804
1.01731
1.0172
1.01656
1.01658
1.01608
1.016
1.57729
1.45762
1.08759
0.662858
0.460555
0.452249
0.548224
0.653868
0.7899
0.891131
0.934704
0.972543
0.98945
1.00236
1.00993
1.01415
1.01804
1.01961
1.02157
1.02277
1.02344
1.02395
1.02404
1.02387
1.02396
1.02326
1.02313
1.02208
1.02195
1.02094
1.02071
1.01994
1.01945
1.01883
1.01815
1.01764
1.01703
1.01684
1.0164
1.01629
1.61773
1.44955
0.981212
0.550571
0.397556
0.43704
0.549026
0.663887
0.796231
0.888347
0.932401
0.9733
0.989931
1.00473
1.01141
1.01629
1.0192
1.02152
1.02258
1.02445
1.0243
1.02539
1.02495
1.02514
1.02484
1.02441
1.0241
1.02323
1.02302
1.02218
1.022
1.02107
1.02077
1.01985
1.01944
1.01858
1.01809
1.01759
1.01714
1.01693
1.63709
1.44215
0.917801
0.541821
0.438221
0.484902
0.584354
0.691173
0.81124
0.892236
0.935039
0.976288
0.992065
1.00789
1.01315
1.01926
1.02066
1.02413
1.02366
1.02644
1.02523
1.02669
1.02535
1.02604
1.02504
1.02516
1.0244
1.02387
1.0233
1.02264
1.02245
1.02158
1.02142
1.02042
1.02029
1.01928
1.01909
1.01808
1.01771
1.01731
1.61349
1.44781
0.968759
0.683174
0.575653
0.584319
0.650188
0.734355
0.832856
0.902401
0.942309
0.982409
0.996741
1.01303
1.01644
1.0238
1.02334
1.02796
1.02579
1.02919
1.02679
1.02883
1.02665
1.02784
1.0261
1.0268
1.02545
1.02564
1.02461
1.02442
1.02389
1.02339
1.02305
1.02218
1.02196
1.02098
1.02076
1.01966
1.01929
1.01849
1.56566
1.45274
1.09608
0.870582
0.737793
0.700575
0.727092
0.785399
0.861045
0.919541
0.955727
0.991134
1.00361
1.01969
1.02084
1.02889
1.02674
1.032
1.0287
1.03269
1.02968
1.03199
1.02924
1.03069
1.02833
1.02925
1.02724
1.02774
1.02619
1.0263
1.02503
1.02485
1.02406
1.02367
1.02301
1.02235
1.02163
1.02065
1.02022
1.01968
1.51589
1.42035
1.17103
1.01695
0.858019
0.801332
0.798126
0.840404
0.894814
0.94436
0.974603
1.00357
1.01403
1.02803
1.02726
1.03448
1.03141
1.03658
1.03281
1.03669
1.03322
1.03556
1.03244
1.0338
1.03109
1.03185
1.02951
1.02998
1.028
1.02817
1.02646
1.02644
1.02507
1.025
1.02394
1.02357
1.02276
1.02213
1.02141
1.02087
1.43533
1.35492
1.17549
1.06707
0.916329
0.870606
0.857895
0.897995
0.933317
0.976197
0.998417
1.02088
1.02822
1.03783
1.03577
1.04082
1.0369
1.04093
1.03659
1.04004
1.03598
1.03817
1.03456
1.03566
1.03262
1.03312
1.03062
1.03096
1.02883
1.02895
1.02709
1.02706
1.02556
1.02559
1.0243
1.02417
1.02332
1.0231
1.02228
1.02194
1.32224
1.25836
1.14691
1.06092
0.928039
0.90985
0.917987
0.956622
0.976534
1.01334
1.02636
1.04285
1.0468
1.05143
1.04807
1.04961
1.04419
1.04617
1.0409
1.04346
1.03873
1.04039
1.03689
1.0374
1.03473
1.03487
1.03264
1.03271
1.03069
1.03065
1.02875
1.02859
1.02686
1.02669
1.02535
1.02531
1.0242
1.02403
1.02316
1.02308
1.18822
1.12199
1.0771
0.991741
0.916447
0.92748
0.948236
0.996814
1.0264
1.05246
1.05965
1.0697
1.06939
1.06963
1.06362
1.06165
1.05514
1.05374
1.04808
1.04855
1.04407
1.04396
1.04148
1.04031
1.03885
1.03768
1.0365
1.03555
1.03422
1.0333
1.03184
1.03098
1.02959
1.02875
1.02764
1.02709
1.02613
1.0254
1.02459
1.02432
1.02626
0.967687
0.971625
0.904148
0.888578
0.919885
0.954754
1.0291
1.069
1.09303
1.09716
1.10119
1.09507
1.09249
1.08283
1.07743
1.06983
1.06499
1.05919
1.05645
1.0532
1.05008
1.04906
1.04585
1.04526
1.0426
1.04206
1.03989
1.03932
1.03733
1.03665
1.03473
1.03387
1.0319
1.03116
1.02937
1.02869
1.0273
1.02688
1.02622
0.835158
0.834757
0.853016
0.815708
0.825105
0.879637
0.941735
1.03494
1.08763
1.136
1.13254
1.13536
1.12138
1.11632
1.10213
1.09442
1.08496
1.07737
1.07042
1.06516
1.06132
1.05673
1.05472
1.05094
1.04955
1.04654
1.04525
1.04281
1.04203
1.03987
1.03948
1.03742
1.037
1.03479
1.03414
1.03193
1.0312
1.02948
1.02895
1.02807
0.680332
0.737606
0.739216
0.708603
0.729003
0.801846
0.895092
1.01023
1.10226
1.16319
1.1683
1.17056
1.1494
1.1398
1.12211
1.11097
1.09994
1.08985
1.08098
1.07425
1.06839
1.06351
1.05962
1.05606
1.05295
1.05083
1.04795
1.04631
1.04417
1.04273
1.04127
1.03996
1.03881
1.03756
1.03622
1.03493
1.03355
1.03239
1.03134
1.03074
0.657404
0.677026
0.644042
0.61275
0.626213
0.700067
0.804416
0.941525
1.08543
1.1715
1.20668
1.2032
1.18535
1.16496
1.14677
1.13102
1.11922
1.10572
1.0955
1.08619
1.0789
1.07222
1.06742
1.06309
1.05888
1.05658
1.05267
1.0512
1.04818
1.04688
1.04459
1.04339
1.04147
1.0406
1.03866
1.038
1.03596
1.03532
1.03354
1.03317
0.695743
0.680294
0.641798
0.587927
0.574899
0.61328
0.682641
0.830379
1.01322
1.15784
1.22272
1.2368
1.22603
1.19497
1.17529
1.15562
1.14271
1.12678
1.11574
1.10351
1.09563
1.08644
1.08092
1.0753
1.07034
1.06676
1.06223
1.05947
1.05617
1.05357
1.05098
1.04876
1.04666
1.04487
1.04317
1.04168
1.04003
1.03882
1.0374
1.03673
0.744306
0.721103
0.693588
0.652885
0.631637
0.619772
0.606472
0.706882
0.879504
1.09414
1.2105
1.25423
1.25431
1.22733
1.19584
1.17782
1.16134
1.14603
1.13287
1.12094
1.11106
1.10117
1.09362
1.08743
1.08163
1.07726
1.07269
1.06882
1.06572
1.06199
1.05948
1.05614
1.05379
1.05084
1.04883
1.04616
1.04449
1.04206
1.0408
1.03938
0.795977
0.771816
0.761819
0.734494
0.721436
0.718397
0.694966
0.679809
0.735375
0.948346
1.14983
1.2419
1.26464
1.25263
1.21094
1.19031
1.17339
1.1586
1.14499
1.13416
1.12325
1.11423
1.10497
1.0987
1.09137
1.08688
1.08166
1.0778
1.0742
1.0709
1.0674
1.06487
1.06128
1.05907
1.05591
1.05377
1.05102
1.04906
1.04712
1.04603
0.844307
0.824892
0.826581
0.818796
0.802105
0.802225
0.798344
0.785415
0.761173
0.764013
0.962436
1.16952
1.25087
1.26265
1.23203
1.19953
1.18522
1.16801
1.15601
1.14422
1.13527
1.12445
1.11642
1.10713
1.1004
1.09387
1.08912
1.08451
1.08074
1.07755
1.07361
1.07149
1.06724
1.06552
1.06144
1.05979
1.05605
1.05464
1.05184
1.05105
0.910862
0.894786
0.891289
0.903616
0.890314
0.87754
0.875658
0.868838
0.837351
0.782807
0.740578
0.920475
1.14859
1.2313
1.2402
1.21028
1.19529
1.18236
1.16864
1.15793
1.14982
1.13831
1.13158
1.12011
1.11395
1.10431
1.10005
1.09293
1.08974
1.08508
1.08209
1.07846
1.07559
1.07227
1.07007
1.06674
1.06461
1.06199
1.0598
1.05842
0.979732
0.981886
0.983218
0.993573
0.993902
0.981488
0.968255
0.930119
0.872939
0.803213
0.714215
0.658612
0.845169
1.09031
1.18009
1.19453
1.18487
1.18534
1.17526
1.16923
1.16298
1.15634
1.1507
1.14374
1.13702
1.12869
1.12138
1.11257
1.10554
1.09874
1.09407
1.08826
1.08518
1.08008
1.07785
1.07334
1.0713
1.06804
1.06659
1.06437
1.07143
1.07072
1.09871
1.1139
1.11869
1.1019
1.04657
0.957587
0.865642
0.773589
0.677248
0.579521
0.528162
0.753761
1.00202
1.09694
1.12858
1.14736
1.15873
1.159
1.16208
1.15967
1.15807
1.15506
1.15139
1.14763
1.14344
1.13872
1.13145
1.12407
1.11651
1.10942
1.10409
1.09831
1.09312
1.08919
1.0842
1.0807
1.07739
1.07567
1.18984
1.19768
1.23134
1.24518
1.22287
1.15427
1.05562
0.938564
0.810252
0.682573
0.574349
0.480114
0.385256
0.350815
0.656634
0.888807
0.989459
1.04595
1.09067
1.11306
1.12814
1.13972
1.14489
1.14817
1.14906
1.14905
1.14773
1.14619
1.14395
1.14143
1.1376
1.13267
1.12707
1.12121
1.11526
1.11035
1.1045
1.10088
1.09689
1.09538
1.34235
1.36725
1.36965
1.3288
1.24539
1.12037
0.975226
0.822141
0.660656
0.516176
0.395726
0.30037
0.19706
0.129529
0.162797
0.555385
0.761858
0.872076
0.963281
1.02405
1.05849
1.09101
1.10645
1.12256
1.13076
1.13662
1.14157
1.14349
1.14489
1.14501
1.14504
1.14457
1.14352
1.14131
1.13861
1.13481
1.13035
1.1248
1.11893
1.11374
1.45652
1.43758
1.37186
1.26045
1.11143
0.92075
0.714786
0.503466
0.331447
0.215148
0.17662
0.169452
0.160151
0.137478
0.145631
0.185158
0.497212
0.646559
0.772112
0.876287
0.938913
0.994949
1.03373
1.064
1.08776
1.10421
1.1173
1.12856
1.13558
1.14082
1.14411
1.14582
1.14733
1.14735
1.14765
1.14627
1.14507
1.14248
1.13944
1.13755
1.38652
1.2706
1.04526
0.8268
0.63535
0.481418
0.325184
0.219482
0.221848
0.309887
0.412271
0.461896
0.48826
0.534378
0.550074
0.504433
0.33198
0.42115
0.517508
0.659199
0.749403
0.824666
0.892406
0.937961
0.983191
1.01796
1.04583
1.07089
1.09318
1.10894
1.1212
1.12897
1.13871
1.14282
1.14859
1.15038
1.15311
1.15612
1.1569
1.15668
0.799502
0.528694
0.459874
0.479342
0.51537
0.531088
0.546485
0.596377
0.666156
0.718271
0.765934
0.815875
0.846573
0.859452
0.835851
0.721891
0.573173
0.492229
0.471948
0.535158
0.597213
0.669575
0.735186
0.807378
0.850029
0.907967
0.934831
0.969168
0.990736
1.02037
1.04127
1.06026
1.0789
1.09092
1.10513
1.11465
1.12482
1.13057
1.14269
1.15085
0.125058
0.317428
0.377465
0.410124
0.431857
0.504074
0.569287
0.638059
0.712331
0.779934
0.845143
0.8947
0.919371
0.928815
0.907009
0.777832
0.579394
0.461968
0.440692
0.501132
0.600874
0.663167
0.7344
0.784545
0.82507
0.879922
0.908801
0.952757
0.97048
1.00432
1.02464
1.0524
1.0722
1.09835
1.11641
1.13958
1.15271
1.16826
1.17368
1.17865
0.331429
0.366035
0.421686
0.467882
0.522602
0.567837
0.609782
0.64573
0.678695
0.707108
0.731434
0.7513
0.763824
0.772444
0.77215
0.738618
0.675233
0.619652
0.600922
0.614498
0.648831
0.631921
0.380477
0.174623
0.420458
0.50359
0.554236
0.606233
0.639786
0.694081
0.723011
0.782847
0.814243
0.872175
0.901937
0.953483
0.984157
1.04324
1.08897
1.1572
1.02033
1.02022
1.02132
1.02114
1.02169
1.02124
1.02135
1.02042
1.01989
1.01821
1.01669
1.0137
1.01046
1.00552
1.00012
0.993
0.987894
0.984873
0.986553
0.992648
1.00143
1.0099
1.01268
1.01266
1.01232
1.01219
1.01205
1.01198
1.01194
1.01187
1.01175
1.01159
1.01138
1.01116
1.0109
1.01062
1.01031
1.00997
1.00959
1.00934
1.00263
1.00342
1.0026
1.00326
1.00285
1.00376
1.00371
1.00503
1.00562
1.00769
1.00934
1.01282
1.01571
1.02033
1.02379
1.02794
1.02925
1.02955
1.02849
1.02489
1.01825
1.01385
1.01299
1.01309
1.01325
1.01336
1.01336
1.01328
1.01317
1.01298
1.01269
1.01242
1.01224
1.012
1.01167
1.01135
1.01096
1.01052
1.0102
1.00999
1.01892
1.01902
1.01999
1.01974
1.02013
1.01942
1.01922
1.01796
1.01709
1.01514
1.01344
1.01066
1.00851
1.00536
1.00402
1.00378
1.00565
1.00745
1.00939
1.0108
1.0113
1.01158
1.01184
1.01243
1.01271
1.01296
1.01296
1.01302
1.01301
1.01302
1.01288
1.01269
1.01244
1.01221
1.01191
1.01152
1.01121
1.0109
1.0106
1.01045
1.00517
1.00594
1.00583
1.00666
1.00683
1.0081
1.00869
1.01043
1.0116
1.01395
1.01573
1.01868
1.02066
1.02345
1.02496
1.02598
1.0262
1.02594
1.02451
1.02221
1.01987
1.01719
1.01562
1.01499
1.0148
1.01462
1.01422
1.01393
1.01368
1.01341
1.01321
1.01299
1.01282
1.01249
1.01219
1.0119
1.01148
1.0113
1.01101
1.01071
1.01721
1.01752
1.0179
1.01768
1.01765
1.01696
1.01649
1.01534
1.01437
1.01277
1.0115
1.0099
1.00903
1.0083
1.00902
1.00989
1.01059
1.01113
1.01157
1.01248
1.013
1.01321
1.01319
1.01335
1.01345
1.01374
1.01368
1.01365
1.01355
1.01354
1.01332
1.01322
1.01306
1.01275
1.01235
1.012
1.01169
1.0115
1.01139
1.01116
1.00776
1.00867
1.00908
1.00998
1.01053
1.01172
1.01248
1.01396
1.0149
1.01657
1.01752
1.01911
1.01996
1.02118
1.02178
1.02242
1.02259
1.02233
1.02153
1.02053
1.01941
1.01792
1.01684
1.01637
1.01613
1.0155
1.01481
1.01446
1.01408
1.01387
1.01366
1.01338
1.01321
1.01289
1.01265
1.01224
1.01192
1.01177
1.01154
1.0113
1.01599
1.01625
1.01633
1.01613
1.01591
1.01538
1.01487
1.01403
1.01335
1.01258
1.01197
1.01145
1.01138
1.01157
1.01206
1.01284
1.01299
1.01316
1.01332
1.01388
1.01399
1.01404
1.01404
1.01427
1.0144
1.01449
1.01444
1.01437
1.01426
1.01409
1.01397
1.01384
1.01346
1.01313
1.0128
1.01239
1.01217
1.01206
1.01197
1.01179
1.01024
1.01121
1.01171
1.01262
1.01322
1.0142
1.01481
1.01577
1.0164
1.01731
1.0179
1.01862
1.01913
1.01977
1.02011
1.02028
1.02017
1.01993
1.01965
1.01924
1.01862
1.01773
1.01724
1.01707
1.01661
1.0158
1.01528
1.01498
1.01467
1.01437
1.01414
1.01403
1.01379
1.01343
1.01307
1.01262
1.01242
1.01221
1.01202
1.0118
1.01528
1.01553
1.01549
1.01548
1.0153
1.01513
1.01483
1.01456
1.01432
1.01425
1.01418
1.01434
1.01442
1.01461
1.01465
1.01472
1.01472
1.01478
1.01499
1.01519
1.01511
1.01502
1.01513
1.01525
1.0153
1.01533
1.01527
1.01511
1.015
1.01481
1.0146
1.0143
1.01407
1.01375
1.01327
1.01292
1.01273
1.01262
1.0125
1.01225
1.01254
1.01348
1.01389
1.01469
1.01521
1.01605
1.01651
1.01723
1.01767
1.01823
1.01856
1.01889
1.01912
1.01923
1.01918
1.01904
1.019
1.01906
1.01893
1.01876
1.01822
1.01767
1.01752
1.01729
1.0167
1.01622
1.01595
1.01555
1.01525
1.01509
1.01496
1.01473
1.01444
1.01409
1.0136
1.01317
1.01291
1.01265
1.01238
1.01221
1.01535
1.01574
1.0158
1.01595
1.0159
1.01593
1.01595
1.01605
1.01614
1.01625
1.01637
1.01648
1.01655
1.01659
1.01658
1.01651
1.01642
1.01643
1.01652
1.01651
1.01629
1.01623
1.01631
1.01631
1.01631
1.01624
1.01615
1.016
1.01574
1.01551
1.01529
1.01507
1.01479
1.01448
1.01404
1.01367
1.01344
1.01321
1.01291
1.0127
1.0144
1.01538
1.01577
1.0165
1.01684
1.01749
1.01783
1.01838
1.01864
1.01899
1.0191
1.01925
1.01923
1.01918
1.01897
1.01892
1.01906
1.0192
1.01913
1.01881
1.01837
1.01815
1.01794
1.01759
1.01716
1.01693
1.0166
1.0163
1.01613
1.01605
1.01584
1.0155
1.01517
1.01487
1.01439
1.01385
1.01353
1.01328
1.01298
1.01281
1.016
1.01658
1.01675
1.01712
1.01727
1.01758
1.01773
1.01792
1.01802
1.01812
1.01816
1.01819
1.01819
1.0182
1.01822
1.01819
1.01812
1.01813
1.01803
1.01793
1.01782
1.01778
1.01772
1.0176
1.01752
1.01743
1.01713
1.01679
1.01656
1.01648
1.01632
1.01595
1.01561
1.01535
1.01498
1.01456
1.01428
1.01401
1.01369
1.01358
1.01606
1.01709
1.01749
1.01819
1.0185
1.01903
1.01924
1.01961
1.01968
1.0199
1.01987
1.02
1.01988
1.01987
1.01974
1.01979
1.01986
1.01993
1.01961
1.01932
1.01903
1.01889
1.01859
1.01832
1.01805
1.01791
1.01766
1.01741
1.01714
1.01704
1.01681
1.01649
1.01606
1.01573
1.01524
1.01476
1.01441
1.01418
1.01389
1.01377
1.01713
1.01784
1.01817
1.01867
1.01893
1.01931
1.01941
1.01962
1.01959
1.0197
1.01968
1.01981
1.01985
1.01995
1.01996
1.01999
1.01989
1.01975
1.01959
1.01949
1.01937
1.01934
1.01918
1.01896
1.01874
1.01856
1.01829
1.01797
1.01773
1.0176
1.01741
1.01705
1.01671
1.01649
1.01614
1.01568
1.01525
1.01497
1.01471
1.01459
1.01736
1.01835
1.01872
1.01936
1.0196
1.02012
1.02021
1.02053
1.02058
1.02084
1.02088
1.02107
1.02104
1.02111
1.02102
1.02114
1.02105
1.02097
1.0206
1.02036
1.02008
1.01998
1.01969
1.01952
1.01933
1.01927
1.01893
1.0186
1.01829
1.01822
1.01799
1.01756
1.01702
1.01668
1.01634
1.0159
1.01544
1.01515
1.01488
1.01473
1.0183
1.01915
1.01948
1.02005
1.02025
1.02067
1.02079
1.0211
1.02116
1.02146
1.02153
1.02176
1.02179
1.02191
1.02183
1.02189
1.02176
1.02167
1.02136
1.02126
1.02104
1.02095
1.02062
1.02041
1.02022
1.02017
1.01986
1.01946
1.01911
1.01903
1.01887
1.01853
1.018
1.01768
1.01732
1.01691
1.01639
1.01603
1.01576
1.01562
1.01961
1.02029
1.02073
1.02112
1.02135
1.02169
1.02187
1.02221
1.02237
1.02268
1.02274
1.02291
1.02285
1.02295
1.0229
1.02298
1.02273
1.02254
1.02207
1.02193
1.02168
1.02166
1.02133
1.02116
1.02081
1.02076
1.02049
1.02018
1.01973
1.01957
1.01928
1.01891
1.0183
1.01795
1.0175
1.0172
1.01677
1.01633
1.0159
1.01575
1.02061
1.02141
1.02164
1.02216
1.02235
1.02284
1.02303
1.02347
1.02363
1.02396
1.02399
1.02414
1.02411
1.02428
1.02428
1.02436
1.02408
1.02388
1.02344
1.0233
1.02304
1.02297
1.0226
1.02239
1.02201
1.02192
1.02166
1.02141
1.02098
1.02083
1.02051
1.02011
1.01954
1.01915
1.01861
1.01826
1.01787
1.0175
1.01699
1.01676
1.02174
1.02245
1.02267
1.02323
1.0235
1.02399
1.02421
1.02461
1.02478
1.02507
1.02508
1.02522
1.02521
1.02538
1.02533
1.0253
1.02493
1.0247
1.02433
1.02427
1.02396
1.02383
1.02345
1.02327
1.02287
1.02274
1.02238
1.02211
1.02166
1.02145
1.02098
1.02056
1.01996
1.01956
1.01897
1.01862
1.01819
1.0178
1.01724
1.01694
1.02287
1.02378
1.02402
1.02469
1.02497
1.02552
1.02571
1.02614
1.02628
1.02661
1.02667
1.02691
1.02695
1.02716
1.02708
1.02699
1.0266
1.02641
1.02612
1.02601
1.0256
1.02542
1.02502
1.02485
1.02441
1.02425
1.02379
1.02362
1.02332
1.02315
1.02254
1.02211
1.02147
1.02104
1.02041
1.02004
1.01954
1.01921
1.01866
1.01829
1.02426
1.0252
1.02556
1.02619
1.02645
1.02692
1.02706
1.02749
1.02757
1.0279
1.02794
1.02816
1.0282
1.02834
1.02818
1.02807
1.02772
1.02757
1.02726
1.0271
1.02672
1.0265
1.02608
1.02588
1.02548
1.02517
1.02456
1.02443
1.02415
1.02393
1.02323
1.02274
1.02197
1.02146
1.02084
1.02051
1.01987
1.01949
1.01896
1.01858
1.02628
1.02715
1.02758
1.02815
1.02833
1.02881
1.02896
1.02949
1.02953
1.02996
1.02997
1.03032
1.03036
1.03051
1.03035
1.03026
1.02999
1.02984
1.02951
1.02933
1.02898
1.02865
1.02818
1.02801
1.02762
1.02722
1.02662
1.02648
1.02618
1.02598
1.02536
1.02486
1.02392
1.0233
1.02267
1.02235
1.02167
1.02125
1.02075
1.02041
1.02801
1.029
1.0293
1.02992
1.0301
1.03071
1.03088
1.03136
1.0313
1.03168
1.03164
1.03209
1.03201
1.03211
1.03185
1.03185
1.03156
1.03133
1.03095
1.03073
1.03032
1.02994
1.02952
1.02931
1.02879
1.02832
1.02773
1.02744
1.02708
1.02688
1.02631
1.0257
1.02465
1.02396
1.02322
1.02285
1.02213
1.02167
1.02106
1.02076
1.03055
1.03165
1.03191
1.0327
1.03291
1.03366
1.03376
1.03418
1.03407
1.03448
1.03457
1.03508
1.0348
1.03498
1.03472
1.03486
1.03442
1.03427
1.03385
1.03364
1.03313
1.03286
1.03248
1.03214
1.03152
1.03115
1.03058
1.0302
1.02988
1.02968
1.02904
1.02827
1.02725
1.0265
1.02567
1.02527
1.02456
1.02408
1.0234
1.0231
1.03239
1.03381
1.03407
1.03494
1.0352
1.03596
1.03592
1.03628
1.03625
1.03675
1.03687
1.03714
1.03694
1.03714
1.03686
1.03694
1.03653
1.03643
1.03578
1.0355
1.03501
1.03482
1.03421
1.0337
1.03304
1.03258
1.03195
1.03172
1.03126
1.0308
1.02995
1.02923
1.02822
1.02738
1.02643
1.02591
1.02512
1.02466
1.02388
1.02355
1.03617
1.03768
1.03792
1.03898
1.03915
1.03987
1.03981
1.04044
1.04048
1.04102
1.04091
1.04127
1.04108
1.04121
1.04093
1.04099
1.04065
1.04035
1.03974
1.0395
1.03907
1.03871
1.03797
1.03744
1.03669
1.03626
1.03582
1.0356
1.03497
1.03441
1.03349
1.03273
1.03169
1.03085
1.02985
1.02922
1.02837
1.02783
1.02703
1.02667
1.03922
1.04065
1.04098
1.04202
1.04194
1.04281
1.04276
1.0435
1.04329
1.04379
1.04369
1.04404
1.04375
1.04391
1.04353
1.04359
1.04307
1.04291
1.0424
1.04207
1.04149
1.04096
1.04015
1.03948
1.03873
1.03827
1.03773
1.03734
1.03665
1.03589
1.03477
1.03388
1.03263
1.03175
1.03066
1.03003
1.02908
1.0285
1.02767
1.02728
1.04526
1.04692
1.04695
1.04795
1.04786
1.0489
1.04857
1.04935
1.04893
1.04969
1.04926
1.04986
1.04943
1.04971
1.04906
1.0492
1.04863
1.04873
1.04795
1.04773
1.04694
1.04637
1.04552
1.04488
1.04415
1.04357
1.04316
1.04268
1.04199
1.04098
1.03989
1.03867
1.03743
1.0365
1.03546
1.0347
1.03365
1.03298
1.03205
1.03154
1.04957
1.05157
1.0514
1.05241
1.05225
1.05301
1.05277
1.0535
1.05309
1.05374
1.05329
1.05395
1.05319
1.05363
1.05279
1.05312
1.05236
1.05237
1.05163
1.05117
1.05004
1.04941
1.04825
1.04771
1.04678
1.04645
1.04571
1.04523
1.04439
1.04328
1.04203
1.04049
1.03937
1.03803
1.03713
1.03594
1.03493
1.03377
1.03279
1.03208
1.05726
1.05924
1.05896
1.06023
1.05982
1.06092
1.06046
1.06135
1.06071
1.06149
1.06083
1.06141
1.06072
1.061
1.06017
1.0604
1.05963
1.05981
1.0587
1.05842
1.05709
1.05645
1.05532
1.05483
1.05392
1.05329
1.05228
1.05157
1.0503
1.04908
1.04738
1.04597
1.04447
1.04327
1.04216
1.04096
1.03999
1.03881
1.03814
1.03737
1.06431
1.06594
1.06617
1.06745
1.06734
1.0686
1.06826
1.06915
1.06863
1.06948
1.06891
1.06962
1.06885
1.06932
1.06856
1.06882
1.06796
1.06786
1.06668
1.06611
1.06468
1.06402
1.06271
1.06226
1.06113
1.06054
1.05932
1.05826
1.05679
1.05511
1.05336
1.05149
1.04982
1.04825
1.0467
1.04526
1.04373
1.04228
1.04107
1.04006
1.07453
1.07726
1.07677
1.07833
1.07786
1.07909
1.07829
1.07932
1.07834
1.07932
1.07823
1.079
1.07754
1.07809
1.07642
1.07683
1.07511
1.07519
1.07341
1.07316
1.0712
1.07071
1.06872
1.06833
1.06663
1.06624
1.06461
1.06388
1.06209
1.06083
1.0589
1.0574
1.0555
1.05409
1.05229
1.05103
1.04928
1.04813
1.04654
1.04566
1.09142
1.09505
1.09406
1.09533
1.09453
1.09558
1.09462
1.09561
1.0945
1.09549
1.09437
1.09516
1.09396
1.09446
1.09338
1.09382
1.09264
1.09268
1.09122
1.09091
1.08935
1.08877
1.08713
1.08648
1.08487
1.08399
1.08201
1.08051
1.07791
1.07574
1.0728
1.07036
1.06751
1.06525
1.06264
1.06042
1.05793
1.05592
1.05402
1.05274
1.11204
1.11124
1.11034
1.11036
1.10943
1.10982
1.10877
1.10917
1.10816
1.10841
1.10711
1.10704
1.10554
1.10529
1.1036
1.10321
1.1014
1.10094
1.09881
1.09809
1.09533
1.09427
1.09135
1.09026
1.08755
1.08664
1.08408
1.08311
1.08039
1.07919
1.07634
1.07511
1.07225
1.07098
1.06799
1.06657
1.06347
1.0621
1.05945
1.05861
1.13676
1.13751
1.1368
1.13731
1.13646
1.1368
1.1359
1.13629
1.13561
1.13607
1.13549
1.13612
1.13554
1.13626
1.13559
1.13617
1.13536
1.13573
1.13459
1.13499
1.13356
1.13407
1.13224
1.13238
1.12979
1.12912
1.12587
1.12413
1.1203
1.11759
1.11319
1.10972
1.10483
1.10087
1.09562
1.09159
1.08637
1.0829
1.07838
1.07606
1.15743
1.15434
1.15349
1.15229
1.15169
1.15122
1.15123
1.15105
1.15105
1.15079
1.15043
1.1499
1.14907
1.14832
1.14712
1.14631
1.14479
1.14388
1.14199
1.14055
1.13777
1.1353
1.13156
1.12847
1.12455
1.12186
1.11806
1.11583
1.11219
1.11032
1.10687
1.10502
1.10153
1.09909
1.09511
1.09184
1.08771
1.08458
1.08174
1.08079
1.16119
1.17183
1.18117
1.19006
1.19603
1.20334
1.20821
1.21451
1.21867
1.22437
1.22791
1.23304
1.23586
1.24014
1.24204
1.24513
1.24612
1.24821
1.24853
1.25027
1.25015
1.25168
1.25076
1.25142
1.24904
1.24794
1.2438
1.2409
1.23484
1.23007
1.22224
1.21599
1.20698
1.20016
1.19088
1.18424
1.17501
1.16783
1.15716
1.14708
1.18156
1.18012
1.18688
1.1921
1.20181
1.20797
1.21756
1.22312
1.23166
1.23629
1.24331
1.24678
1.25181
1.25404
1.25747
1.25886
1.26164
1.26284
1.26473
1.26463
1.26364
1.26116
1.25649
1.2524
1.24491
1.24048
1.23169
1.22759
1.21818
1.21408
1.20472
1.20108
1.19266
1.18955
1.18088
1.17494
1.16092
1.14826
1.13062
1.12126
1.19939
1.24247
1.28284
1.32051
1.35981
1.39309
1.43037
1.45988
1.49407
1.5202
1.55038
1.57339
1.59877
1.61808
1.63805
1.65216
1.66641
1.67454
1.68365
1.68714
1.69262
1.69301
1.69532
1.69267
1.69104
1.68445
1.67774
1.66697
1.65537
1.64098
1.62454
1.60726
1.58699
1.56754
1.54365
1.52126
1.49359
1.4689
1.4418
1.41721
1.0096
1.01041
1.01037
1.01023
1.01035
1.01055
1.01058
1.01075
1.01094
1.01087
1.01069
1.01078
1.01071
1.0113
1.0116
1.01147
1.01139
1.01112
1.01045
1.00996
1.00944
1.00871
1.00769
1.00643
1.00499
1.00314
1.00068
0.998314
0.995628
0.993072
0.990243
0.987759
0.984794
0.98059
0.979898
0.976607
0.977362
0.975368
0.976253
0.974299
1.01001
1.01067
1.01059
1.01062
1.01071
1.01087
1.01078
1.01112
1.01136
1.01134
1.01123
1.01122
1.01143
1.01182
1.01192
1.01163
1.01134
1.01116
1.01056
1.01008
1.00931
1.00854
1.00747
1.00618
1.00471
1.00284
1.00039
0.99798
0.995218
0.992543
0.989667
0.98713
0.984387
0.979925
0.979423
0.975773
0.976813
0.974593
0.975622
0.974027
1.01047
1.01086
1.01076
1.01094
1.01089
1.0109
1.01096
1.01131
1.01149
1.01154
1.0116
1.01158
1.01159
1.01164
1.01142
1.01094
1.01058
1.01023
1.00969
1.0093
1.00839
1.00745
1.00628
1.00489
1.00336
1.00143
0.998996
0.99653
0.993601
0.990965
0.988341
0.985312
0.982774
0.979513
0.978202
0.975922
0.975701
0.974212
0.974508
0.973337
1.01067
1.01089
1.0108
1.01105
1.01094
1.01096
1.01112
1.01158
1.01168
1.01189
1.01197
1.01197
1.01179
1.01157
1.01117
1.0107
1.01039
1.00998
1.00959
1.00916
1.00822
1.00723
1.00596
1.00445
1.00281
1.00085
0.998556
0.995796
0.992911
0.989895
0.986837
0.984489
0.981939
0.979349
0.977626
0.975817
0.975125
0.973819
0.973751
0.973035
1.01108
1.01115
1.01111
1.01132
1.01109
1.01124
1.01149
1.01181
1.0118
1.01206
1.01204
1.01191
1.01159
1.01122
1.01079
1.01033
1.00996
1.00946
1.00906
1.00857
1.00753
1.00649
1.00515
1.00349
1.00174
0.999729
0.99718
0.99457
0.991533
0.988619
0.985901
0.982843
0.980509
0.978493
0.976569
0.975108
0.97402
0.972981
0.972686
0.972293
1.01113
1.01117
1.01115
1.01127
1.01113
1.01139
1.01166
1.01186
1.01188
1.01212
1.01203
1.01192
1.01161
1.01135
1.01109
1.01066
1.01027
1.00971
1.00938
1.00888
1.00782
1.00683
1.00544
1.0037
1.00181
0.999727
0.997252
0.994372
0.991269
0.988185
0.984818
0.982366
0.979932
0.977868
0.975952
0.974504
0.973373
0.972262
0.97187
0.971867
1.01153
1.01152
1.01155
1.0117
1.01162
1.01199
1.01208
1.01218
1.01217
1.01231
1.01213
1.01196
1.01163
1.0115
1.01128
1.01078
1.01034
1.00981
1.00945
1.00875
1.00754
1.00651
1.00505
1.00326
1.00116
0.999046
0.996248
0.993381
0.990257
0.987127
0.984295
0.980887
0.978513
0.976545
0.974703
0.973244
0.972128
0.97108
0.970703
0.970977
1.01156
1.01155
1.01159
1.01179
1.01185
1.01222
1.0122
1.01231
1.01233
1.01242
1.01222
1.01209
1.01184
1.01183
1.01166
1.01124
1.01093
1.01042
1.00999
1.00918
1.00801
1.00699
1.00541
1.00361
1.00151
0.999136
0.996518
0.993226
0.990183
0.986822
0.983158
0.980532
0.977887
0.975799
0.973919
0.972509
0.971354
0.970329
0.969839
0.97041
1.012
1.01205
1.01214
1.01234
1.01246
1.01278
1.01271
1.01291
1.01281
1.01285
1.01259
1.01248
1.01225
1.01219
1.01195
1.01142
1.01122
1.0107
1.01023
1.00933
1.00804
1.00684
1.0051
1.00323
1.00096
0.998542
0.995599
0.992396
0.989337
0.985654
0.982754
0.979112
0.976488
0.974307
0.972499
0.971172
0.970097
0.969158
0.968767
0.969435
1.01198
1.01209
1.01228
1.01248
1.01262
1.01286
1.01285
1.01306
1.01294
1.01291
1.01271
1.01266
1.01253
1.01255
1.01222
1.0118
1.01166
1.01116
1.01071
1.00973
1.0085
1.00731
1.00549
1.00354
1.00134
0.998659
0.99578
0.992332
0.989065
0.985555
0.9816
0.978779
0.975899
0.973485
0.971547
0.970216
0.969265
0.968337
0.967925
0.968822
1.01253
1.01274
1.01296
1.01314
1.01323
1.01341
1.01356
1.01388
1.01362
1.01363
1.01336
1.01335
1.01324
1.01316
1.01272
1.01236
1.01221
1.01169
1.01112
1.01005
1.00883
1.00749
1.00553
1.00347
1.00097
0.99824
0.994853
0.991386
0.988199
0.98426
0.981182
0.977239
0.974404
0.971926
0.969885
0.968659
0.967852
0.967082
0.966793
0.967808
1.01268
1.01294
1.01315
1.01331
1.01336
1.01348
1.01363
1.01382
1.01356
1.01356
1.01341
1.01349
1.01342
1.01332
1.01306
1.01292
1.01277
1.01212
1.0115
1.01036
1.00915
1.00786
1.00587
1.00369
1.00116
0.998071
0.994733
0.991159
0.987479
0.98396
0.979529
0.976622
0.973496
0.970716
0.968781
0.967464
0.966754
0.966025
0.96575
0.967057
1.01347
1.01373
1.0139
1.01405
1.01408
1.01423
1.01439
1.01448
1.01431
1.01448
1.01436
1.01449
1.01426
1.01412
1.01384
1.01368
1.01339
1.01269
1.01187
1.01057
1.00946
1.00798
1.00583
1.00353
1.00059
0.997496
0.993842
0.989922
0.986543
0.982062
0.978923
0.974613
0.971882
0.96932
0.966853
0.965766
0.965185
0.964617
0.964431
0.965924
1.01366
1.01388
1.01397
1.01412
1.01413
1.01424
1.01432
1.01439
1.01425
1.01436
1.01429
1.01445
1.0142
1.01404
1.01383
1.01374
1.01344
1.01264
1.01178
1.01055
1.00938
1.00786
1.00572
1.00326
1.00036
0.996917
0.993181
0.989481
0.985128
0.98153
0.976693
0.973734
0.97023
0.967513
0.965651
0.964313
0.963881
0.963427
0.963138
0.964969
1.01447
1.01464
1.01466
1.01489
1.01493
1.01507
1.0151
1.01524
1.01523
1.01536
1.01531
1.01546
1.01509
1.01499
1.01476
1.01454
1.01389
1.01301
1.01212
1.01077
1.00958
1.00781
1.0055
1.00298
0.999711
0.996212
0.992374
0.987849
0.984248
0.979256
0.975997
0.971353
0.968723
0.966217
0.963639
0.962656
0.962166
0.96189
0.961744
0.963719
1.0146
1.01475
1.01473
1.01494
1.01492
1.01506
1.01505
1.01522
1.01515
1.01523
1.01519
1.0152
1.01485
1.01487
1.01473
1.0143
1.01357
1.01281
1.01184
1.01059
1.00924
1.0073
1.00507
1.00228
0.999137
0.995405
0.991147
0.987319
0.9823
0.97858
0.973397
0.970283
0.966328
0.963804
0.96212
0.9607
0.960583
0.96036
0.960177
0.962483
1.01546
1.01566
1.01564
1.01591
1.01589
1.01608
1.01612
1.01638
1.01632
1.01637
1.01634
1.01632
1.01609
1.01628
1.01585
1.01536
1.01456
1.01371
1.01257
1.01115
1.00962
1.00741
1.00499
1.00217
0.998584
0.994634
0.990604
0.985461
0.981485
0.976035
0.972515
0.967533
0.964865
0.962221
0.959706
0.958944
0.958642
0.958624
0.958677
0.961174
1.01558
1.01578
1.01575
1.016
1.01594
1.01613
1.01613
1.0164
1.0163
1.01636
1.01627
1.01617
1.01598
1.01599
1.01546
1.01494
1.01418
1.01338
1.01217
1.01079
1.00898
1.00673
1.00432
1.00107
0.997509
0.993633
0.988795
0.984708
0.979012
0.975116
0.969449
0.966163
0.961799
0.959324
0.957731
0.956366
0.956598
0.95671
0.956708
0.95964
1.0166
1.01689
1.01694
1.01723
1.0172
1.01745
1.01754
1.01784
1.01776
1.01787
1.01779
1.01778
1.01765
1.01746
1.01687
1.0165
1.01563
1.01475
1.01337
1.01166
1.00969
1.00723
1.00441
1.00115
0.997255
0.992754
0.988301
0.982537
0.978119
0.972026
0.968194
0.962866
0.960133
0.95734
0.954851
0.95409
0.95436
0.954843
0.955114
0.958291
1.01674
1.01703
1.01705
1.01735
1.0173
1.01753
1.01755
1.01783
1.01771
1.01783
1.01773
1.01773
1.01748
1.01711
1.0165
1.01598
1.01511
1.01429
1.01275
1.01104
1.00888
1.00627
1.0034
0.999745
0.995533
0.991247
0.985768
0.981378
0.974964
0.970744
0.964482
0.961005
0.956309
0.953777
0.952294
0.951205
0.951773
0.952493
0.952744
0.956361
1.01805
1.01845
1.01854
1.01891
1.01889
1.01917
1.01918
1.01944
1.01939
1.01962
1.01964
1.01966
1.01932
1.01891
1.01839
1.01783
1.01681
1.01568
1.01398
1.01205
1.00973
1.00684
1.00355
0.999642
0.995294
0.98996
0.985155
0.978556
0.973709
0.966742
0.962732
0.956959
0.954194
0.951327
0.948943
0.948242
0.949175
0.950363
0.950972
0.954885
1.01828
1.01868
1.01871
1.01909
1.01902
1.01932
1.01926
1.01947
1.0193
1.0195
1.01938
1.0193
1.01882
1.01836
1.01773
1.017
1.01584
1.01469
1.01291
1.01104
1.00848
1.00543
1.00203
0.997935
0.992858
0.988151
0.981788
0.976973
0.96971
0.96507
0.95816
0.954371
0.949355
0.946876
0.945582
0.944822
0.945812
0.947274
0.947955
0.952337
1.02006
1.02053
1.02057
1.02104
1.02101
1.02142
1.02134
1.02159
1.02142
1.02165
1.02146
1.02136
1.02094
1.02057
1.01994
1.01892
1.01757
1.01628
1.0143
1.01205
1.00925
1.00594
1.00216
0.997379
0.992574
0.9862
0.980776
0.973207
0.967847
0.959972
0.955695
0.94936
0.946551
0.943559
0.941497
0.941169
0.942675
0.944585
0.945849
0.950779
1.0204
1.02086
1.02081
1.02125
1.02114
1.02155
1.02137
1.02159
1.02128
1.02143
1.021
1.02079
1.02018
1.0197
1.01883
1.01781
1.01661
1.01518
1.01289
1.01068
1.00757
1.00406
0.999853
0.995237
0.989071
0.983656
0.976234
0.970744
0.962544
0.957469
0.949908
0.94571
0.940369
0.938023
0.936941
0.936512
0.93813
0.940282
0.941766
0.947499
1.02274
1.02325
1.02321
1.0237
1.02363
1.02415
1.024
1.02433
1.02402
1.02419
1.02365
1.0235
1.02286
1.02236
1.02136
1.02027
1.01886
1.01689
1.0145
1.01195
1.0084
1.00434
0.999863
0.993829
0.988401
0.980765
0.974579
0.9659
0.959868
0.950965
0.946248
0.939324
0.936447
0.933438
0.931835
0.931961
0.934342
0.936957
0.939192
0.945608
1.02315
1.02359
1.02346
1.02389
1.0237
1.02414
1.02382
1.02409
1.02364
1.02372
1.02298
1.02274
1.02187
1.02137
1.02036
1.01919
1.01754
1.01552
1.01311
1.01019
1.00597
1.002
0.996348
0.991052
0.983669
0.977222
0.968435
0.961917
0.952769
0.947103
0.938614
0.93406
0.928562
0.926125
0.925494
0.92556
0.928166
0.931095
0.933586
0.940917
1.02622
1.02671
1.02662
1.02711
1.02696
1.02741
1.02712
1.02743
1.02703
1.02716
1.02642
1.02619
1.02519
1.02451
1.02304
1.02173
1.01973
1.0175
1.01466
1.01085
1.00664
1.0016
0.996032
0.988767
0.982085
0.972933
0.965763
0.955779
0.948618
0.938641
0.933202
0.92595
0.922752
0.92003
0.919131
0.919851
0.92352
0.927067
0.930394
0.938519
1.02673
1.02711
1.02686
1.02727
1.02697
1.0273
1.02679
1.027
1.02636
1.02637
1.02547
1.02527
1.02423
1.02343
1.0218
1.02027
1.01802
1.01559
1.01207
1.00822
1.00333
0.998345
0.990891
0.984592
0.975421
0.967791
0.95738
0.94951
0.938983
0.93207
0.92287
0.917649
0.912411
0.909842
0.909991
0.910646
0.914921
0.918985
0.922568
0.931564
1.03095
1.0314
1.03119
1.03172
1.03137
1.03176
1.03124
1.03147
1.03078
1.03077
1.02987
1.02942
1.02795
1.02692
1.02474
1.02303
1.02011
1.01715
1.01314
1.00843
1.00345
0.996288
0.98961
0.980637
0.972374
0.961582
0.952815
0.941101
0.932406
0.921564
0.914847
0.907429
0.90391
0.901645
0.901646
0.903356
0.90892
0.914056
0.91875
0.92921
1.03157
1.03175
1.03148
1.03177
1.03126
1.03149
1.03077
1.0309
1.03
1.02999
1.02887
1.02844
1.02689
1.02562
1.02338
1.02129
1.01789
1.01466
1.00953
1.00502
0.997855
0.99149
0.982141
0.974181
0.96261
0.953331
0.940791
0.931015
0.918823
0.909974
0.900517
0.894341
0.889493
0.88717
0.888302
0.889865
0.896374
0.90261
0.907907
0.9195
1.03705
1.03739
1.03722
1.03758
1.03711
1.03754
1.03676
1.0371
1.0359
1.03583
1.03409
1.0335
1.03111
1.02976
1.02674
1.0241
1.02014
1.01564
1.01039
1.00361
0.99684
0.987445
0.978977
0.967134
0.956991
0.943975
0.932529
0.919137
0.908133
0.896555
0.888076
0.880849
0.877081
0.875746
0.877281
0.880385
0.888503
0.896356
0.90333
0.916168
1.03956
1.03926
1.03905
1.03868
1.03828
1.03784
1.03717
1.03666
1.03554
1.03481
1.03305
1.03192
1.02937
1.0277
1.02401
1.02139
1.01601
1.0119
1.00426
0.998303
0.988046
0.97972
0.967138
0.956635
0.942086
0.92996
0.914628
0.901759
0.887841
0.876792
0.866727
0.86001
0.855537
0.854299
0.857112
0.860643
0.869588
0.879601
0.887582
0.900658
1.04471
1.04509
1.04477
1.04516
1.04466
1.04487
1.04396
1.04378
1.04227
1.04149
1.03926
1.03765
1.03464
1.03184
1.0278
1.02321
1.01779
1.01077
1.00343
0.993711
0.984013
0.97131
0.95982
0.944345
0.931133
0.914374
0.899403
0.883765
0.869866
0.857445
0.847563
0.84079
0.837343
0.838288
0.842552
0.84828
0.859511
0.871726
0.882991
0.897976
1.05176
1.05123
1.05072
1.0501
1.04928
1.04833
1.04688
1.04557
1.04326
1.04158
1.03817
1.03609
1.03139
1.02867
1.02219
1.01819
1.00942
1.00333
0.991836
0.982972
0.968423
0.956994
0.939405
0.925099
0.906022
0.889146
0.870092
0.853511
0.837172
0.823932
0.813265
0.806724
0.803856
0.805518
0.811514
0.818779
0.830729
0.845851
0.858811
0.878946
1.05695
1.05715
1.05636
1.05628
1.05529
1.0545
1.05309
1.05129
1.04934
1.04654
1.04395
1.04007
1.03644
1.03094
1.02538
1.01749
1.00914
0.998179
0.986505
0.971999
0.957206
0.939621
0.921898
0.90176
0.882291
0.860775
0.84157
0.822626
0.80561
0.79279
0.783013
0.778224
0.777507
0.782806
0.792597
0.80288
0.818747
0.837391
0.855003
0.876449
1.0732
1.07262
1.07043
1.06987
1.06672
1.06546
1.06121
1.05926
1.05399
1.0513
1.04487
1.04104
1.03286
1.02706
1.01618
1.00745
0.993013
0.98088
0.962727
0.947305
0.925596
0.90684
0.882226
0.860723
0.834524
0.81177
0.787949
0.766369
0.748248
0.73453
0.724786
0.721395
0.72264
0.730757
0.743218
0.757113
0.775573
0.799061
0.818439
0.84899
1.0809
1.07934
1.07822
1.07542
1.07247
1.06867
1.06513
1.06075
1.05658
1.05126
1.04576
1.03844
1.03034
1.01989
1.00819
0.993835
0.977866
0.959314
0.93904
0.916543
0.891945
0.866002
0.837759
0.810089
0.780656
0.754697
0.728765
0.707913
0.691069
0.679793
0.674794
0.676291
0.685435
0.699777
0.72063
0.741522
0.765177
0.793332
0.820767
0.849169
1.1337
1.12626
1.1142
1.10789
1.09845
1.09466
1.08678
1.08339
1.0742
1.06827
1.05537
1.04526
1.02776
1.01277
0.990309
0.970082
0.942563
0.917046
0.884462
0.853479
0.817312
0.783112
0.745719
0.710856
0.67603
0.644218
0.616071
0.591928
0.576663
0.562434
0.566969
0.569317
0.585386
0.602756
0.63439
0.665024
0.696794
0.729958
0.778292
0.81238
1.11736
1.11336
1.11608
1.11621
1.11787
1.11488
1.10876
1.09807
1.08324
1.06508
1.04277
1.01838
0.989696
0.959621
0.924878
0.889228
0.848993
0.808805
0.765222
0.725354
0.679688
0.642695
0.597701
0.56699
0.527273
0.50805
0.480001
0.481662
0.473145
0.495748
0.514408
0.544126
0.582067
0.624944
0.668058
0.713242
0.760182
0.79497
0.838351
0.873647
1.3905
1.36846
1.3302
1.29812
1.25107
1.21202
1.16037
1.1183
1.06374
1.02013
0.963816
0.91911
0.860906
0.814787
0.754653
0.70738
0.646108
0.598838
0.538095
0.489977
0.433888
0.385492
0.339013
0.297327
0.274242
0.256113
0.274331
0.31797
0.333769
0.389313
0.449086
0.494676
0.583134
0.618329
0.710979
0.7455
0.835205
0.876886
0.95252
0.994527
0.999979
1
0.999998
0.999997
0.999998
0.999998
0.999999
1
1
1
1
1
1
1
1
1
1
1
1
1
1
1
1
1
1
1
1
1
1
1
1
1
1
1
0.999999
0.999999
1
1
1
0.99998
0.999982
1.00002
1.00002
1.00001
1.00001
1.00001
1.00001
1.00001
1.00001
1.00001
1.00001
1.00001
1.00001
1
1
1
1
1
1
1
0.999999
0.999997
0.999995
0.999993
0.999992
0.999991
0.99999
0.99999
0.999989
0.999988
0.999988
0.999988
0.999989
0.999989
0.999989
0.999989
0.999988
0.999987
0.999988
0.99994
0.999985
1.00005
1.00005
1.00004
1.00004
1.00003
1.00003
1.00003
1.00003
1.00002
1.00002
1.00002
1.00001
1.00001
1.00001
1
1
0.999997
0.999993
0.999989
0.999986
0.999983
0.99998
0.999977
0.999974
0.99997
0.999966
0.999961
0.999957
0.999953
0.999949
0.999946
0.999943
0.999941
0.99994
0.99994
0.999942
0.999946
0.999953
0.999873
0.999991
1.00008
1.00007
1.00006
1.00005
1.00004
1.00004
1.00003
1.00003
1.00003
1.00002
1.00002
1.00002
1.00001
1.00001
1
0.999999
0.999994
0.99999
0.999985
0.99998
0.999974
0.999968
0.999961
0.999956
0.999952
0.999947
0.999943
0.999939
0.999935
0.999931
0.999927
0.999924
0.999922
0.99992
0.999919
0.999921
0.999922
0.999927
0.999822
1.00001
1.00015
1.00013
1.00012
1.00011
1.00011
1.0001
1.0001
1.00009
1.00009
1.00008
1.00007
1.00007
1.00006
1.00005
1.00004
1.00004
1.00003
1.00002
1.00001
0.999998
0.999988
0.999978
0.999967
0.999956
0.999944
0.999933
0.999922
0.999911
0.9999
0.999889
0.99988
0.999871
0.999862
0.999855
0.99985
0.999848
0.99985
0.999863
0.999716
1.00003
1.00021
1.00019
1.00017
1.00016
1.00015
1.00014
1.00013
1.00012
1.00011
1.0001
1.00009
1.00008
1.00007
1.00006
1.00005
1.00004
1.00003
1.00001
1
0.999985
0.99997
0.999954
0.999938
0.999921
0.999905
0.999889
0.999872
0.999857
0.999843
0.99983
0.999819
0.999809
0.999802
0.999797
0.999795
0.999796
0.999801
0.99981
0.999628
1.00006
1.00028
1.00027
1.00025
1.00024
1.00023
1.00023
1.00022
1.00021
1.0002
1.00018
1.00017
1.00016
1.00015
1.00013
1.00012
1.0001
1.00008
1.00006
1.00005
1.00003
1.00001
0.999986
0.999966
0.999946
0.999926
0.999906
0.999887
0.999867
0.999847
0.999826
0.999808
0.999792
0.999777
0.999764
0.999754
0.999749
0.999755
0.999765
0.999527
1.00011
1.00039
1.00039
1.00038
1.00037
1.00037
1.00036
1.00036
1.00035
1.00034
1.00033
1.00032
1.00031
1.00029
1.00028
1.00026
1.00024
1.00022
1.00019
1.00017
1.00014
1.00011
1.00008
1.00005
1.00002
0.999987
0.999954
0.99992
0.999887
0.999855
0.999824
0.999794
0.999766
0.999739
0.999717
0.999701
0.999686
0.999673
0.99967
0.999397
1.00017
1.00047
1.00046
1.00045
1.00044
1.00044
1.00043
1.00042
1.00041
1.0004
1.00039
1.00037
1.00035
1.00033
1.00031
1.00029
1.00026
1.00023
1.0002
1.00017
1.00013
1.0001
1.00006
1.00002
0.99998
0.99994
0.999898
0.999858
0.999817
0.999779
0.999742
0.999707
0.999674
0.999644
0.999615
0.999593
0.999578
0.999567
0.999568
0.999252
1.00022
1.00056
1.00053
1.00051
1.00049
1.00047
1.00045
1.00043
1.00041
1.00039
1.00036
1.00034
1.00031
1.00028
1.00025
1.00021
1.00017
1.00014
1.00009
1.00005
1.00001
0.999962
0.999913
0.999863
0.999814
0.999763
0.999712
0.999662
0.999613
0.999566
0.999521
0.999479
0.999443
0.999412
0.999386
0.999364
0.999354
0.999353
0.999357
0.998995
1.0003
1.00066
1.00063
1.00061
1.00058
1.00055
1.00053
1.0005
1.00047
1.00044
1.0004
1.00037
1.00033
1.00029
1.00024
1.0002
1.00015
1.0001
1.00004
0.999986
0.999927
0.999866
0.999803
0.999739
0.999673
0.999609
0.999546
0.999484
0.999426
0.99937
0.99932
0.999274
0.999231
0.999196
0.999168
0.999148
0.999135
0.999133
0.999131
0.99872
1.00039
1.00083
1.00082
1.00079
1.00076
1.00074
1.00072
1.00069
1.00066
1.00063
1.00059
1.00055
1.00051
1.00047
1.00042
1.00037
1.00031
1.00025
1.00019
1.00012
1.00005
0.999986
0.999911
0.999833
0.999754
0.999675
0.999596
0.999518
0.999441
0.999368
0.999298
0.99923
0.999171
0.999117
0.99907
0.999031
0.999001
0.99898
0.998976
0.998523
1.00058
1.00107
1.00107
1.00105
1.00103
1.00101
1.001
1.00098
1.00095
1.00093
1.00089
1.00086
1.00082
1.00077
1.00072
1.00066
1.00059
1.00052
1.00046
1.00038
1.00029
1.0002
1.00011
1.00001
0.999908
0.999805
0.999702
0.9996
0.999498
0.999399
0.999303
0.999216
0.99913
0.999054
0.998984
0.998926
0.998877
0.998842
0.998829
0.998353
1.00074
1.00126
1.00125
1.00123
1.00121
1.00119
1.00117
1.00114
1.00111
1.00108
1.00104
1.00099
1.00094
1.00089
1.00083
1.00077
1.0007
1.00062
1.00053
1.00043
1.00033
1.00023
1.00012
1
0.999887
0.999768
0.999647
0.999527
0.999404
0.999287
0.999174
0.999061
0.998964
0.998875
0.998798
0.998729
0.998683
0.998641
0.998627
0.998081
1.00084
1.0014
1.00136
1.00133
1.00131
1.00127
1.00124
1.00119
1.00115
1.0011
1.00104
1.00098
1.00091
1.00084
1.00077
1.00068
1.00058
1.00048
1.00038
1.00026
1.00014
1.00001
0.999882
0.999744
0.999605
0.999466
0.999329
0.999193
0.999064
0.998935
0.998816
0.998712
0.998602
0.998503
0.99842
0.998355
0.998303
0.998281
0.998251
0.997671
1.00094
1.00153
1.00151
1.00147
1.00143
1.00139
1.00135
1.0013
1.00125
1.00119
1.00113
1.00105
1.00098
1.0009
1.00081
1.0007
1.00059
1.00048
1.00035
1.00022
1.00008
0.999933
0.999784
0.999634
0.999479
0.999318
0.999159
0.998999
0.998836
0.998685
0.998538
0.998387
0.998271
0.998168
0.998077
0.997999
0.997947
0.997894
0.997886
0.997236
1.00114
1.00179
1.00176
1.00173
1.00171
1.00167
1.00163
1.00159
1.00154
1.00148
1.00142
1.00135
1.00128
1.00119
1.00109
1.00098
1.00086
1.00074
1.0006
1.00046
1.0003
1.00013
0.999963
0.999777
0.999589
0.999402
0.999212
0.999025
0.998849
0.99867
0.998501
0.99836
0.998201
0.998053
0.997932
0.997828
0.997742
0.997714
0.997653
0.997004
1.00142
1.00212
1.00211
1.00208
1.00204
1.00201
1.00196
1.00191
1.00185
1.00179
1.00172
1.00165
1.00156
1.00146
1.00135
1.00124
1.00111
1.00096
1.0008
1.00063
1.00046
1.00027
1.00008
0.999887
0.999686
0.999473
0.999262
0.999049
0.998825
0.998617
0.998414
0.998195
0.998035
0.997895
0.997759
0.997646
0.997548
0.997451
0.997443
0.996699
1.0016
1.00231
1.00228
1.00225
1.00222
1.00218
1.00213
1.00208
1.00202
1.00195
1.00188
1.00179
1.00169
1.00158
1.00145
1.0013
1.00115
1.00099
1.00081
1.00062
1.00042
1.0002
0.99999
0.999749
0.999504
0.999264
0.999016
0.99877
0.998547
0.998318
0.998099
0.997924
0.997708
0.997508
0.997348
0.997209
0.997089
0.997073
0.996957
0.996231
1.00175
1.00251
1.00249
1.00246
1.00242
1.00237
1.00231
1.00225
1.00218
1.00211
1.00202
1.00192
1.0018
1.00167
1.00154
1.0014
1.00123
1.00105
1.00084
1.00065
1.00043
1.00019
0.999935
0.999684
0.999421
0.999144
0.99887
0.998595
0.998299
0.998022
0.997755
0.99747
0.997269
0.997088
0.996904
0.996761
0.996672
0.996483
0.99653
0.995655
1.00205
1.00281
1.00279
1.00274
1.00271
1.00266
1.00261
1.00255
1.00247
1.0024
1.0023
1.00219
1.00208
1.00195
1.00179
1.00161
1.00142
1.00123
1.001
1.00076
1.0005
1.00023
0.999961
0.999662
0.999353
0.999048
0.998726
0.998404
0.998115
0.997824
0.99754
0.997301
0.997013
0.996757
0.996555
0.996358
0.996175
0.996185
0.995996
0.995232
1.00234
1.00316
1.00313
1.00311
1.00306
1.00302
1.00295
1.00288
1.00281
1.00272
1.00262
1.0025
1.00235
1.00219
1.00203
1.00187
1.00168
1.00147
1.00123
1.00098
1.0007
1.0004
1.00007
0.999743
0.999404
0.999046
0.998703
0.998355
0.997982
0.997622
0.997283
0.996943
0.996683
0.996428
0.996184
0.99601
0.995887
0.995655
0.995687
0.994759
1.00267
1.00348
1.00345
1.0034
1.00337
1.00331
1.00325
1.00318
1.0031
1.003
1.00289
1.00277
1.00264
1.00248
1.00229
1.00207
1.00183
1.00159
1.00131
1.00101
1.00069
1.00037
1.00005
0.999687
0.999312
0.998936
0.998527
0.998122
0.997746
0.997378
0.997011
0.996665
0.996308
0.99601
0.995753
0.995499
0.995258
0.995245
0.995019
0.994232
1.00293
1.00375
1.00373
1.00371
1.00366
1.00361
1.00354
1.00347
1.00339
1.00329
1.00317
1.00302
1.00284
1.00267
1.0025
1.0023
1.00207
1.00184
1.00156
1.00125
1.00091
1.00054
1.00012
0.9997
0.999263
0.998807
0.99838
0.99794
0.997484
0.997036
0.996615
0.996227
0.995874
0.995516
0.995211
0.994978
0.994846
0.99457
0.994599
0.993595
1.00328
1.00413
1.0041
1.00405
1.00401
1.00395
1.00388
1.00381
1.00371
1.00358
1.00345
1.00333
1.00319
1.003
1.00278
1.00251
1.00223
1.00194
1.00162
1.00128
1.00091
1.00052
1.00012
0.999695
0.999251
0.998791
0.99828
0.997781
0.997295
0.996816
0.996354
0.995879
0.995454
0.995097
0.994746
0.994436
0.994116
0.994039
0.9938
0.992987
1.0036
1.00442
1.00439
1.00437
1.00433
1.00428
1.00421
1.00414
1.00405
1.00395
1.00382
1.00365
1.00344
1.00327
1.00304
1.00284
1.00258
1.00231
1.00198
1.0016
1.00117
1.00073
1.00023
0.999706
0.999159
0.998606
0.998083
0.997529
0.996972
0.996434
0.995896
0.99545
0.994976
0.994535
0.994185
0.993867
0.993687
0.993383
0.993357
0.992322
1.00399
1.00484
1.00482
1.00478
1.00473
1.00466
1.00459
1.0045
1.0044
1.00426
1.0041
1.00395
1.00382
1.00361
1.00338
1.00306
1.00274
1.00241
1.00204
1.00164
1.00125
1.00079
1.00031
0.999804
0.999267
0.998692
0.99807
0.997476
0.996881
0.996273
0.995706
0.995097
0.994592
0.994102
0.993632
0.993265
0.992881
0.992763
0.9925
0.991684
1.00428
1.00512
1.00509
1.00506
1.00502
1.00497
1.0049
1.00483
1.00473
1.00462
1.00451
1.00434
1.00414
1.0039
1.00364
1.00343
1.00316
1.00283
1.00245
1.002
1.00148
1.00094
1.00037
0.999751
0.999104
0.998436
0.997787
0.997091
0.9964
0.995747
0.995092
0.994521
0.993934
0.993452
0.993027
0.992624
0.992354
0.991971
0.991897
0.990844
1.00475
1.00558
1.00556
1.00552
1.00546
1.0054
1.00533
1.00525
1.00513
1.00499
1.0048
1.00464
1.00446
1.00428
1.00404
1.0037
1.00334
1.00297
1.00256
1.00214
1.0017
1.00117
1.00058
0.999938
0.999277
0.998606
0.997862
0.997152
0.996426
0.995673
0.994972
0.994255
0.99361
0.992945
0.992378
0.991892
0.991477
0.991293
0.990988
0.990202
1.005
1.00584
1.00582
1.0058
1.00577
1.00571
1.00563
1.00556
1.00545
1.00534
1.00524
1.00507
1.00489
1.00461
1.00433
1.00411
1.00381
1.00344
1.00303
1.00248
1.00186
1.00125
1.0006
0.999907
0.999155
0.998328
0.997527
0.996677
0.99583
0.995037
0.994223
0.993509
0.992804
0.992226
0.991664
0.991202
0.990776
0.990395
0.990258
0.989078
1.00551
1.00635
1.00631
1.00626
1.00621
1.00616
1.00611
1.00602
1.00591
1.00577
1.00557
1.0054
1.00518
1.00499
1.00476
1.00443
1.00405
1.00367
1.0032
1.00276
1.00226
1.00164
1.00093
1.00016
0.999337
0.99854
0.997675
0.996805
0.995935
0.994998
0.994151
0.993245
0.992468
0.991675
0.990995
0.990368
0.989911
0.989538
0.989247
0.988448
1.00578
1.00662
1.0066
1.00659
1.00656
1.0065
1.00644
1.00636
1.00626
1.00614
1.00602
1.00585
1.00567
1.00544
1.00518
1.00489
1.0046
1.0042
1.00375
1.00317
1.00246
1.00175
1.00098
1.00015
0.999307
0.998337
0.99734
0.99633
0.99526
0.994319
0.993303
0.992462
0.991541
0.990795
0.990121
0.989539
0.988994
0.988603
0.988271
0.987141
1.00629
1.00712
1.00709
1.00703
1.00698
1.00695
1.0069
1.00683
1.00673
1.0066
1.00644
1.00625
1.00602
1.00579
1.00553
1.00525
1.00491
1.00452
1.00401
1.00347
1.00292
1.00222
1.00141
1.00053
0.999515
0.998536
0.997505
0.996416
0.995419
0.994234
0.993199
0.992059
0.99118
0.990231
0.989359
0.988622
0.988021
0.987534
0.987291
0.986362
1.00658
1.00743
1.00741
1.00739
1.00736
1.0073
1.00727
1.00721
1.00713
1.00701
1.00686
1.00667
1.00648
1.00628
1.00607
1.0058
1.0055
1.00513
1.00468
1.00412
1.00331
1.00247
1.00157
1.00055
0.999566
0.998437
0.997298
0.996117
0.994755
0.993605
0.992372
0.991319
0.990142
0.989212
0.98841
0.987621
0.987003
0.98642
0.985941
0.984852
1.00713
1.00797
1.00791
1.00784
1.00777
1.00776
1.00775
1.00772
1.00765
1.00752
1.00737
1.00715
1.00694
1.00675
1.0065
1.00624
1.00594
1.00557
1.00507
1.00443
1.00384
1.003
1.00205
1.00106
0.999905
0.998725
0.997384
0.996041
0.994856
0.993409
0.992059
0.990649
0.989578
0.988478
0.987461
0.986611
0.985764
0.985337
0.984834
0.983958
1.00742
1.00825
1.00825
1.00821
1.00815
1.00809
1.00814
1.00815
1.0081
1.008
1.00781
1.0076
1.00738
1.00717
1.00705
1.00686
1.0066
1.00627
1.00588
1.00529
1.00433
1.00343
1.00244
1.00129
1.00007
0.998719
0.997458
0.996068
0.994459
0.993028
0.991476
0.990113
0.98874
0.987574
0.986377
0.985534
0.984423
0.984123
0.983251
0.982172
1.008
1.00883
1.00874
1.00868
1.00859
1.00851
1.00863
1.00869
1.00865
1.00855
1.00844
1.00812
1.00794
1.00781
1.00764
1.00746
1.00718
1.00691
1.00656
1.00589
1.00513
1.00412
1.00307
1.00192
1.00061
0.999182
0.997554
0.995868
0.994307
0.992551
0.990846
0.989041
0.987508
0.986434
0.98489
0.984399
0.98281
0.982937
0.981676
0.981152
1.00829
1.00911
1.0091
1.00904
1.00897
1.00884
1.00915
1.00918
1.00914
1.00903
1.00891
1.00876
1.0085
1.0083
1.00829
1.00822
1.00801
1.00768
1.00762
1.00683
1.00579
1.00486
1.0038
1.00258
1.0012
0.999595
0.997862
0.996389
0.994634
0.992715
0.990829
0.988886
0.987136
0.98597
0.983923
0.983293
0.981302
0.981749
0.980132
0.979085
1.00903
1.00983
1.00961
1.00956
1.00954
1.00928
1.00965
1.00986
1.00983
1.00966
1.00975
1.00942
1.00922
1.00926
1.0092
1.00931
1.00901
1.00864
1.00871
1.0079
1.00691
1.00595
1.00488
1.00361
1.00212
1.00038
0.998372
0.996376
0.994335
0.992051
0.989924
0.987699
0.985188
0.984148
0.981613
0.981436
0.979287
0.97988
0.978103
0.977909
1.00871
1.00984
1.00999
1.01005
1.01001
1.00986
1.01037
1.01045
1.01038
1.01031
1.0104
1.01052
1.01008
1.01005
1.01016
1.01034
1.01017
1.00983
1.01016
1.00893
1.00816
1.00738
1.00634
1.00512
1.00369
1.00191
0.999581
0.997707
0.995406
0.99298
0.990538
0.988161
0.985519
0.98278
0.981173
0.979192
0.978385
0.977979
0.977187
0.974681
1.01354
1.01099
1.01081
1.01108
1.01119
1.01162
1.01154
1.01199
1.01191
1.01235
1.01232
1.01281
1.01287
1.01325
1.01351
1.01362
1.01392
1.01371
1.01382
1.01346
1.01336
1.01261
1.0124
1.01145
1.01078
1.00937
1.00842
1.00873
1.00949
1.01527
1.02768
1.02209
0.945193
0.857327
0.861389
0.905392
0.961079
1.00621
1.03631
1.0419
1.01369
1.01042
1.01061
1.01076
1.0109
1.0112
1.01121
1.01162
1.01157
1.01196
1.01194
1.01235
1.01235
1.01261
1.01272
1.0128
1.01307
1.01287
1.01292
1.01257
1.01248
1.01178
1.01148
1.01065
1.00966
1.00839
1.008
1.00874
1.01003
1.01718
1.02862
1.02534
0.962411
0.877375
0.87273
0.907289
0.954868
0.993467
1.0186
1.0223
1.01392
1.01031
1.01065
1.01043
1.01059
1.01088
1.01088
1.01123
1.01121
1.01155
1.01155
1.01191
1.01192
1.01212
1.01218
1.01219
1.01237
1.01217
1.01217
1.01183
1.01167
1.01103
1.01055
1.00966
1.00872
1.00776
1.00751
1.00834
1.01007
1.017
1.02662
1.02337
0.973822
0.898423
0.887416
0.912227
0.951518
0.98453
1.00589
1.00814
1.01387
1.01028
1.01059
1.01001
1.01033
1.01051
1.01053
1.01083
1.01085
1.01115
1.01115
1.01147
1.0115
1.01168
1.01179
1.01174
1.01185
1.01165
1.01157
1.0112
1.01089
1.01026
1.00978
1.00888
1.00818
1.00736
1.00696
1.00766
1.00966
1.0147
1.02239
1.01897
0.980486
0.918095
0.904121
0.920136
0.950227
0.978681
0.996677
0.998587
1.01373
1.01017
1.01043
1.00971
1.01015
1.01014
1.01026
1.01052
1.01054
1.01076
1.01076
1.01102
1.01104
1.01118
1.01129
1.01116
1.01124
1.01107
1.01085
1.01049
1.01012
1.0096
1.00922
1.00831
1.00763
1.00677
1.00609
1.00661
1.00818
1.01167
1.0171
1.014
0.984294
0.934932
0.920544
0.929685
0.950928
0.975012
0.989966
0.99166
1.01347
1.00996
1.01018
1.0095
1.00996
1.00984
1.01006
1.01027
1.01025
1.0104
1.01042
1.0106
1.01065
1.01075
1.01081
1.01059
1.01061
1.01045
1.01013
1.00981
1.00948
1.00901
1.00853
1.00759
1.00687
1.00601
1.00499
1.00543
1.00669
1.00861
1.01165
1.00876
0.986035
0.948547
0.935054
0.939323
0.953468
0.972646
0.984995
0.986382
1.01282
1.00963
1.00984
1.00931
1.00976
1.00958
1.00985
1.00996
1.00991
1.01006
1.01008
1.01021
1.01028
1.01034
1.01034
1.0101
1.01009
1.00991
1.00953
1.00929
1.00891
1.00831
1.00769
1.00677
1.00606
1.0052
1.00404
1.00454
1.00544
1.00557
1.00657
1.00333
0.986788
0.959074
0.946938
0.94847
0.957266
0.971454
0.981476
0.982254
1.01262
1.00922
1.00946
1.00908
1.00954
1.00933
1.00959
1.00961
1.0096
1.00974
1.00974
1.00983
1.00992
1.00995
1.00994
1.00973
1.00971
1.0095
1.00908
1.00876
1.00824
1.00747
1.00682
1.00601
1.00533
1.00458
1.00357
1.00379
1.0041
1.00275
1.00241
0.998768
0.986801
0.966673
0.956147
0.956654
0.961463
0.971129
0.979231
0.979314
1.01265
1.00897
1.00921
1.0088
1.00924
1.00903
1.0093
1.00929
1.00931
1.00945
1.00942
1.00949
1.00956
1.00954
1.00951
1.00934
1.00925
1.00897
1.0085
1.00811
1.00749
1.00671
1.00609
1.00542
1.00481
1.00434
1.00357
1.00316
1.00254
1.00044
0.999376
0.995567
0.986346
0.97184
0.963019
0.96329
0.965546
0.971325
0.977594
0.977782
1.01255
1.00883
1.00908
1.00841
1.00889
1.00864
1.00896
1.00895
1.00899
1.00911
1.00907
1.00913
1.00917
1.00912
1.00909
1.0089
1.00872
1.00832
1.00776
1.00735
1.00683
1.0062
1.00573
1.00524
1.0046
1.0043
1.00364
1.0025
1.00112
0.998754
0.997204
0.993391
0.985827
0.975417
0.968149
0.96857
0.969666
0.972469
0.97632
0.976962
1.0123
1.00863
1.0089
1.008
1.00856
1.00825
1.00863
1.00859
1.00864
1.00873
1.00871
1.00877
1.00879
1.00871
1.00864
1.00839
1.00808
1.00762
1.00711
1.00681
1.0064
1.00594
1.00575
1.00531
1.00444
1.00397
1.0033
1.00177
1.00006
0.997586
0.995538
0.992031
0.985462
0.978061
0.971887
0.973166
0.973787
0.974869
0.975807
0.976294
1.01183
1.00837
1.00863
1.00768
1.0083
1.00795
1.00834
1.00828
1.00837
1.00844
1.00843
1.00846
1.00843
1.00831
1.00817
1.0079
1.00755
1.00718
1.00687
1.00665
1.00625
1.00587
1.00573
1.00516
1.0041
1.00345
1.00274
1.00108
0.999226
0.996791
0.994307
0.991364
0.985473
0.980402
0.974553
0.97703
0.977361
0.977681
0.97614
0.976029
1.01146
1.00805
1.00834
1.00742
1.00809
1.00769
1.00808
1.00799
1.00812
1.00815
1.00811
1.00809
1.008
1.00785
1.00771
1.00747
1.00716
1.00689
1.00668
1.0065
1.00609
1.00562
1.00533
1.00471
1.00367
1.00288
1.00207
1.00028
0.998314
0.99614
0.993334
0.991027
0.98562
0.982454
0.976496
0.979737
0.979946
0.979961
0.976808
0.976383
1.01104
1.00768
1.00806
1.00717
1.00786
1.0074
1.00785
1.0077
1.00786
1.00785
1.00778
1.00775
1.00763
1.00749
1.00737
1.00721
1.00696
1.00672
1.0065
1.00631
1.00589
1.00531
1.00489
1.00425
1.00319
1.00222
1.00122
0.999428
0.99743
0.99562
0.992586
0.99082
0.985736
0.984094
0.978052
0.981527
0.981598
0.981844
0.977595
0.976946
1.0107
1.00734
1.00774
1.00685
1.00754
1.00708
1.00761
1.0074
1.00757
1.00749
1.00743
1.00741
1.00732
1.00727
1.00721
1.00708
1.00687
1.00662
1.00633
1.00609
1.00563
1.00496
1.00447
1.00377
1.00262
1.00143
1.00033
0.998731
0.99677
0.995261
0.992087
0.990859
0.985823
0.985354
0.979242
0.983011
0.982572
0.983958
0.978761
0.977523
1.01058
1.00706
1.00739
1.00641
1.00719
1.00676
1.00735
1.00712
1.0073
1.00721
1.00719
1.00721
1.00718
1.00719
1.00713
1.00699
1.00677
1.00645
1.00609
1.00578
1.00528
1.00458
1.00406
1.00334
1.00219
1.00093
0.999823
0.998489
0.996518
0.995243
0.991982
0.991252
0.986108
0.98657
0.980155
0.984408
0.98309
0.986505
0.980409
0.978138
1.01052
1.00673
1.00698
1.0059
1.00684
1.00644
1.00705
1.00681
1.00703
1.00693
1.00699
1.00702
1.007
1.00697
1.00686
1.00669
1.00646
1.00607
1.00568
1.00535
1.00486
1.0042
1.00367
1.00298
1.00191
1.0007
0.999608
0.998432
0.9964
0.995369
0.992022
0.99176
0.986453
0.987721
0.980657
0.985589
0.983327
0.989032
0.98235
0.978859
1.01036
1.00631
1.00651
1.00551
1.00657
1.00617
1.00674
1.00652
1.00681
1.0067
1.0068
1.00684
1.00679
1.00671
1.00655
1.00636
1.00613
1.00573
1.00535
1.00501
1.00453
1.00391
1.00335
1.00264
1.00164
1.0005
0.999345
0.998264
0.996201
0.99544
0.992018
0.992163
0.986798
0.988751
0.980882
0.986525
0.983377
0.990831
0.984122
0.9799
1.00943
1.00568
1.00613
1.00533
1.00641
1.006
1.00658
1.00638
1.00671
1.00662
1.00677
1.00677
1.00667
1.00655
1.00639
1.00619
1.00599
1.00556
1.00519
1.00477
1.00427
1.00366
1.00303
1.00227
1.00126
1.00017
0.998951
0.997966
0.995919
0.995399
0.991964
0.992465
0.987142
0.989568
0.981055
0.987287
0.983246
0.991534
0.984618
0.983389
1.00797
1.00525
1.00597
1.00533
1.00634
1.00591
1.00654
1.0063
1.00668
1.0066
1.00674
1.0067
1.00657
1.00641
1.00626
1.00604
1.00582
1.00537
1.00495
1.00446
1.00392
1.00333
1.00266
1.00187
1.00089
0.999868
0.998636
0.997759
0.995746
0.995414
0.992067
0.992801
0.987603
0.990274
0.981519
0.987933
0.98262
0.991389
0.98333
0.989423
1.00639
1.00492
1.00599
1.00543
1.00631
1.00583
1.00652
1.00626
1.00664
1.00655
1.00667
1.00658
1.00642
1.00623
1.00603
1.00578
1.00551
1.00508
1.00462
1.0041
1.00359
1.00304
1.00236
1.00162
1.00071
0.999771
0.998544
0.99776
0.995799
0.995593
0.992399
0.993194
0.988208
0.990887
0.98242
0.988592
0.981141
0.990704
0.981494
0.995814
1.00445
1.00472
1.00605
1.00554
1.00629
1.00579
1.00645
1.00617
1.00656
1.00638
1.00648
1.00634
1.00614
1.00591
1.0057
1.00541
1.00512
1.00472
1.00428
1.00378
1.0033
1.00279
1.00211
1.00145
1.00061
0.999707
0.998501
0.997809
0.995946
0.995815
0.992851
0.993591
0.988957
0.991442
0.983832
0.989446
0.980581
0.989846
0.979223
1.00072
1.00216
1.00472
1.00615
1.00568
1.0063
1.00579
1.00638
1.00612
1.00651
1.00625
1.00628
1.00612
1.00594
1.00569
1.00548
1.00516
1.00488
1.00451
1.00407
1.0036
1.00312
1.0026
1.00193
1.00133
1.00053
0.999623
0.998449
0.997861
0.996126
0.996024
0.993352
0.993965
0.989831
0.991914
0.985585
0.990582
0.981622
0.990984
0.980653
0.998072
0.9996
1.00497
1.00642
1.00588
1.00629
1.00576
1.00621
1.00601
1.00647
1.00614
1.0061
1.00594
1.00581
1.00555
1.0053
1.00498
1.00468
1.00434
1.00386
1.00344
1.00295
1.00238
1.00173
1.00117
1.0004
0.999483
0.998364
0.997879
0.9963
0.996185
0.993889
0.994326
0.99085
0.992367
0.987491
0.991865
0.984783
0.994119
0.987899
0.983422
0.997144
1.00582
1.00692
1.00602
1.00614
1.00566
1.00592
1.00585
1.00639
1.00604
1.0059
1.00575
1.00565
1.0054
1.00511
1.00478
1.00449
1.00415
1.00365
1.00328
1.00279
1.00217
1.0015
1.00099
1.00025
0.999342
0.99829
0.997874
0.99646
0.996306
0.994405
0.994653
0.991885
0.992686
0.98929
0.992875
0.98906
0.996675
1.00193
0.963706
0.995237
1.00708
1.00708
1.00606
1.00585
1.00547
1.00557
1.00563
1.0062
1.00587
1.00565
1.00551
1.00543
1.00518
1.00486
1.00451
1.00429
1.00394
1.00341
1.00311
1.00262
1.00198
1.0013
1.00083
1.00012
0.999245
0.998267
0.997893
0.996651
0.996431
0.994954
0.994927
0.992985
0.992959
0.991093
0.993305
0.993063
0.997207
1.0135
0.947458
0.994197
1.00808
1.00691
1.00608
1.00552
1.00531
1.00526
1.00546
1.006
1.00569
1.00541
1.00528
1.00522
1.00496
1.00464
1.0043
1.00411
1.00375
1.0032
1.00295
1.00246
1.00177
1.0011
1.00064
0.999958
0.999119
0.998214
0.997842
0.996767
0.996475
0.995388
0.995105
0.993956
0.993037
0.992807
0.993292
0.997034
0.996275
1.01906
0.939104
0.99399
1.00874
1.0065
1.00604
1.00517
1.00514
1.00499
1.00528
1.00574
1.00547
1.00517
1.00506
1.00497
1.00473
1.0044
1.00408
1.00394
1.00358
1.00297
1.00277
1.0023
1.00159
1.00092
1.00046
0.99982
0.999039
0.998211
0.997823
0.996926
0.996524
0.995832
0.995203
0.994913
0.993132
0.99462
0.993084
1.00012
0.993324
1.01982
0.938825
0.994504
1.00894
1.00598
1.00598
1.00487
1.00504
1.0048
1.00516
1.00549
1.00527
1.00498
1.00488
1.00476
1.00453
1.00421
1.0039
1.00378
1.00342
1.00278
1.0026
1.00213
1.00143
1.00077
1.00031
0.999684
0.998956
0.998199
0.997772
0.997032
0.99652
0.996158
0.995229
0.995647
0.993103
0.996135
0.99251
1.00155
0.989445
1.01838
0.94377
0.995513
1.00886
1.00539
1.00586
1.00455
1.00492
1.00459
1.00499
1.00518
1.00502
1.00474
1.00464
1.0045
1.00428
1.00398
1.00368
1.00357
1.00321
1.00257
1.00238
1.00193
1.00126
1.00062
1.00016
0.999569
0.998895
0.998217
0.997744
0.997169
0.996526
0.996484
0.995221
0.996271
0.993129
0.997213
0.991884
1.00182
0.986173
1.01643
0.951839
0.996871
1.00848
1.00479
1.00572
1.00431
1.00488
1.00444
1.00488
1.00492
1.00483
1.00457
1.00447
1.00431
1.00408
1.00381
1.00352
1.0034
1.00305
1.00242
1.00221
1.00178
1.00114
1.00054
1.00006
0.999501
0.998865
0.998253
0.997728
0.997283
0.996518
0.99671
0.995186
0.996667
0.993013
0.997719
0.991055
1.00173
0.983634
1.01281
0.960493
0.998256
1.00765
1.00425
1.00552
1.00409
1.00477
1.00425
1.00471
1.00463
1.0046
1.00434
1.00425
1.00408
1.00385
1.0036
1.00332
1.00318
1.00284
1.00225
1.00202
1.00158
1.00101
1.00044
0.999965
0.999428
0.998835
0.998292
0.997722
0.997415
0.996525
0.99694
0.995152
0.997
0.992998
0.998008
0.990366
1.00139
0.983114
1.00938
0.968414
0.999491
1.00693
1.00391
1.00538
1.00396
1.00472
1.00413
1.00459
1.00442
1.00443
1.00419
1.0041
1.00391
1.0037
1.00346
1.00318
1.00301
1.00269
1.00213
1.00188
1.00145
1.0009
1.00036
0.999902
0.999382
0.998818
0.998325
0.997718
0.997502
0.996518
0.997068
0.995128
0.997156
0.9929
0.998047
0.989769
1.00067
0.983594
1.00623
0.974523
1.00042
1.00619
1.00367
1.00515
1.00383
1.00459
1.00399
1.00442
1.00419
1.00423
1.00399
1.00389
1.00371
1.0035
1.00327
1.003
1.00281
1.0025
1.00199
1.00171
1.0013
1.0008
1.00029
0.999843
0.999357
0.998815
0.998387
0.997743
0.997634
0.996556
0.997243
0.995126
0.997327
0.993
0.998074
0.989876
1.00005
0.984877
1.00353
0.979546
1.00117
1.00561
1.00354
1.00497
1.00375
1.00451
1.0039
1.00431
1.00404
1.00409
1.00387
1.00376
1.00358
1.00337
1.00315
1.00288
1.00267
1.00236
1.0019
1.0016
1.00119
1.00072
1.00024
0.999794
0.999326
0.998802
0.998402
0.99775
0.99768
0.996571
0.997303
0.995145
0.997347
0.993055
0.997947
0.990042
0.999372
0.986013
1.00122
0.98304
1.00166
1.00507
1.00346
1.00471
1.00365
1.00434
1.00377
1.00414
1.00385
1.0039
1.00368
1.00358
1.00339
1.00319
1.00296
1.00271
1.00248
1.00218
1.00176
1.00146
1.00106
1.00063
1.00018
0.99975
0.999305
0.998807
0.998455
0.997784
0.997792
0.99663
0.997435
0.995199
0.997434
0.993279
0.997873
0.990634
0.998811
0.987606
0.999539
0.986069
1.00204
1.00473
1.00343
1.00456
1.0036
1.00425
1.00371
1.00404
1.00374
1.00379
1.00358
1.00347
1.00328
1.00309
1.00286
1.00262
1.00238
1.00208
1.00169
1.00138
1.00099
1.00058
1.00014
0.999724
0.999291
0.998812
0.998468
0.997809
0.997824
0.996668
0.997459
0.995268
0.997414
0.993426
0.997717
0.991028
0.99829
0.988654
0.9982
0.987833
1.00223
1.00435
1.00339
1.0043
1.00351
1.00407
1.00358
1.00386
1.00358
1.00361
1.00341
1.0033
1.00311
1.00291
1.0027
1.00245
1.00221
1.00193
1.00156
1.00125
1.00088
1.00049
1.00009
0.99968
0.999278
0.998808
0.998514
0.997839
0.997914
0.996738
0.997555
0.995399
0.997462
0.993747
0.997612
0.991771
0.997849
0.990096
0.997308
0.989755
1.0024
1.0042
1.00338
1.00419
1.00348
1.00399
1.00353
1.00378
1.0035
1.00353
1.00333
1.00321
1.00303
1.00283
1.00262
1.00238
1.00212
1.00185
1.00151
1.0012
1.00083
1.00046
1.00006
0.999667
0.999265
0.998824
0.998518
0.997876
0.99793
0.996788
0.997562
0.995484
0.997431
0.993919
0.997496
0.992132
0.997562
0.990756
0.996711
0.990522
1.00247
1.00389
1.00333
1.00394
1.00337
1.00379
1.00338
1.00359
1.00331
1.00333
1.00313
1.00302
1.00283
1.00265
1.00243
1.0022
1.00195
1.00168
1.00137
1.00107
1.00073
1.00037
1
0.999628
0.999266
0.998819
0.998593
0.997903
0.998058
0.996863
0.997699
0.995667
0.997507
0.994325
0.997419
0.992963
0.99722
0.99213
0.996252
0.992007
)
;

boundaryField
{
    FrontBack
    {
        type            empty;
    }
    Cylinder
    {
        type            calculated;
        value           uniform 0;
    }
    Bottom
    {
        type            calculated;
        value           uniform 0;
    }
    Top
    {
        type            calculated;
        value           uniform 0;
    }
    Inlet
    {
        type            calculated;
        value           uniform 1;
    }
    Outlet
    {
        type            calculated;
        value           nonuniform List<scalar> 
40
(
1.00247
1.00389
1.00333
1.00394
1.00337
1.00379
1.00338
1.00359
1.00331
1.00333
1.00313
1.00302
1.00283
1.00265
1.00243
1.0022
1.00195
1.00168
1.00137
1.00107
1.00073
1.00037
1
0.999628
0.999266
0.998819
0.998593
0.997903
0.998058
0.996863
0.997699
0.995667
0.997507
0.994325
0.997419
0.992963
0.99722
0.99213
0.996252
0.992007
)
;
    }
}


// ************************************************************************* //
