/*--------------------------------*- C++ -*----------------------------------*\
  =========                 |
  \\      /  F ield         | OpenFOAM: The Open Source CFD Toolbox
   \\    /   O peration     | Website:  https://openfoam.org
    \\  /    A nd           | Version:  11
     \\/     M anipulation  |
\*---------------------------------------------------------------------------*/
FoamFile
{
    format      ascii;
    class       volScalarField;
    location    "2";
    object      mag(U);
}
// * * * * * * * * * * * * * * * * * * * * * * * * * * * * * * * * * * * * * //

dimensions      [0 1 -1 0 0 0 0];

internalField   nonuniform List<scalar> 
9600
(
0.997552
0.995821
0.996194
0.996089
0.978373
0.935901
0.914903
0.915986
0.933251
0.956925
0.978024
0.995147
1.0085
1.01903
1.02769
1.03496
1.04101
1.04569
1.04914
1.05183
1.0537
1.05461
1.05413
1.05238
1.04979
1.04655
1.0429
1.03852
1.03401
1.0293
1.02518
1.02099
1.01725
1.01348
1.01037
1.00769
1.0056
1.00329
1.00061
0.998017
0.997993
0.997688
0.997022
0.993519
0.993312
0.995542
0.995763
0.994727
0.996784
1.00284
1.00727
1.00994
1.01196
1.01522
1.02011
1.025
1.0291
1.03212
1.03437
1.03614
1.03756
1.03806
1.03712
1.0354
1.03293
1.03002
1.02656
1.02221
1.01824
1.01253
1.00966
1.00357
1.00142
0.996291
0.994905
0.990599
0.989574
0.987384
0.986082
0.985677
0.997941
0.997983
0.999228
0.999911
0.996344
0.98962
0.976724
0.968939
0.969983
0.979403
0.991959
1.004
1.01516
1.02488
1.0329
1.03949
1.04502
1.04942
1.05272
1.05543
1.05726
1.05837
1.05862
1.0572
1.0551
1.05162
1.0485
1.04365
1.04034
1.03492
1.03217
1.02738
1.02526
1.02057
1.01873
1.01429
1.01295
1.009
1.00618
1.00188
0.998604
0.999117
1.00006
1.00154
1.00236
1.0051
1.01315
1.01862
1.02275
1.02679
1.0272
1.0251
1.02411
1.02437
1.02513
1.0279
1.0318
1.0346
1.03672
1.03837
1.03984
1.04014
1.03881
1.03692
1.03509
1.03242
1.02985
1.02514
1.02201
1.01575
1.01236
1.00728
1.00282
0.999393
0.996644
0.993326
0.993087
0.991003
0.989339
0.991702
0.999155
0.99977
1.00218
1.00613
1.01039
1.01321
1.00913
0.998998
0.99059
0.988756
0.994877
1.00456
1.01443
1.02388
1.03228
1.03904
1.04439
1.0484
1.05145
1.05419
1.05579
1.05693
1.05785
1.05694
1.05498
1.05156
1.0484
1.0437
1.04039
1.03561
1.03275
1.02871
1.02634
1.0224
1.01983
1.01566
1.01339
1.00873
1.00659
1.00025
0.99996
1.00098
1.00475
1.00898
1.01104
1.01456
1.0196
1.02403
1.02855
1.03235
1.0359
1.03522
1.03348
1.03292
1.03321
1.03396
1.03555
1.03787
1.03982
1.04146
1.04297
1.04301
1.04199
1.03953
1.0377
1.03519
1.03328
1.02883
1.02549
1.01967
1.01552
1.01038
1.00572
1.00187
0.999207
0.996653
0.996407
0.994289
0.993903
0.996993
1.001
1.00266
1.00654
1.01114
1.01467
1.01719
1.01729
1.01508
1.00926
1.00349
1.00254
1.00745
1.01509
1.02353
1.03161
1.03858
1.04419
1.04821
1.05106
1.05376
1.05515
1.05593
1.05741
1.05712
1.0554
1.05197
1.04855
1.0443
1.04036
1.03648
1.03342
1.02997
1.02748
1.024
1.02094
1.01643
1.01288
1.00872
1.00616
0.999087
1.00209
1.00428
1.00879
1.01188
1.01497
1.01966
1.02147
1.02339
1.02802
1.03361
1.03742
1.03906
1.03901
1.03898
1.03936
1.04004
1.0407
1.04228
1.04321
1.0453
1.04658
1.04635
1.0455
1.04323
1.04115
1.03864
1.03661
1.03292
1.02932
1.02396
1.01914
1.01384
1.00907
1.00454
1.00214
1.00046
0.999376
0.997718
0.998975
1.00035
1.00288
1.00581
1.00994
1.01301
1.01689
1.01973
1.0204
1.0208
1.02069
1.01896
1.01589
1.01547
1.01893
1.02475
1.03169
1.03843
1.04402
1.0487
1.05141
1.05384
1.05579
1.05608
1.05724
1.05764
1.05639
1.05295
1.04933
1.04483
1.04104
1.0374
1.03408
1.03101
1.0282
1.02529
1.02155
1.01691
1.01233
1.00852
1.00547
0.998038
1.0037
1.00742
1.0116
1.01417
1.01696
1.01968
1.02117
1.02303
1.02788
1.03308
1.03686
1.03912
1.04075
1.04202
1.04387
1.04504
1.04591
1.04722
1.04784
1.04919
1.05102
1.05121
1.04981
1.04687
1.04513
1.04259
1.04026
1.03681
1.03343
1.02827
1.02312
1.01762
1.01223
1.00767
1.0054
1.00362
1.00209
1.00174
1.00224
1.00235
1.00517
1.00937
1.01266
1.0154
1.01721
1.01859
1.02048
1.02318
1.02524
1.02612
1.0262
1.02563
1.02607
1.02922
1.03396
1.03953
1.0449
1.04944
1.05262
1.05521
1.05695
1.05681
1.05832
1.05911
1.05809
1.05469
1.05104
1.04611
1.04207
1.03829
1.03488
1.03168
1.02905
1.02606
1.02184
1.01698
1.01181
1.00851
1.0046
0.997228
1.00691
1.01042
1.01319
1.01565
1.01677
1.01779
1.01982
1.02279
1.02736
1.03247
1.0363
1.03917
1.04152
1.04408
1.04628
1.04851
1.05038
1.05168
1.05325
1.05416
1.05547
1.0567
1.05532
1.05188
1.04975
1.04707
1.04472
1.04109
1.03779
1.03261
1.02725
1.02146
1.01621
1.0109
1.00839
1.00693
1.00573
1.00485
1.00382
1.00348
1.00821
1.01087
1.01306
1.01481
1.01547
1.01651
1.01836
1.02254
1.02725
1.03047
1.03276
1.03393
1.03429
1.03547
1.03859
1.04284
1.04729
1.05187
1.05506
1.05748
1.0594
1.05911
1.06027
1.0615
1.06034
1.05752
1.05357
1.0486
1.04393
1.03965
1.03627
1.03253
1.02981
1.02681
1.02189
1.01712
1.01188
1.00818
1.00351
0.997443
1.00849
1.01082
1.01257
1.01366
1.0141
1.01493
1.01729
1.02188
1.02672
1.03204
1.03638
1.03969
1.04259
1.04566
1.04881
1.0516
1.05439
1.0564
1.05837
1.0596
1.06049
1.06228
1.06144
1.05769
1.05512
1.05236
1.04991
1.04582
1.04232
1.0372
1.03173
1.02585
1.02056
1.01463
1.01146
1.01025
1.00873
1.00721
1.0056
1.00406
1.00892
1.0109
1.01219
1.01261
1.01283
1.01375
1.01617
1.02055
1.02605
1.03222
1.03696
1.03987
1.04166
1.04277
1.04512
1.04833
1.05174
1.05556
1.05871
1.06094
1.06302
1.06293
1.0637
1.06491
1.06371
1.06083
1.05728
1.05226
1.04706
1.04189
1.03817
1.03401
1.03081
1.0276
1.02259
1.01739
1.012
1.00805
1.00371
0.998942
1.00849
1.0104
1.01159
1.01157
1.01194
1.0129
1.01537
1.02026
1.02562
1.03228
1.03821
1.04264
1.04595
1.04873
1.05229
1.05539
1.05844
1.06109
1.06338
1.06525
1.06628
1.06789
1.06801
1.0645
1.06164
1.0586
1.05597
1.05171
1.04747
1.04236
1.03649
1.03054
1.02503
1.01915
1.01524
1.01348
1.01151
1.00873
1.00765
1.00492
1.00857
1.01039
1.01144
1.01113
1.0117
1.01267
1.01523
1.01952
1.02465
1.03205
1.0391
1.0441
1.04774
1.04966
1.05209
1.05504
1.05767
1.06108
1.06423
1.06626
1.06848
1.06854
1.06887
1.06964
1.06866
1.06564
1.06223
1.05737
1.05195
1.04579
1.041
1.03641
1.03201
1.02882
1.02375
1.01854
1.0127
1.0089
1.00532
1.00099
1.00767
1.00943
1.01081
1.01054
1.01126
1.01264
1.01511
1.01879
1.02344
1.03096
1.0389
1.04466
1.04933
1.05243
1.05596
1.05964
1.0628
1.066
1.06894
1.07127
1.07263
1.07389
1.07503
1.07239
1.06945
1.06601
1.0631
1.05851
1.05368
1.04837
1.04236
1.03587
1.02972
1.02417
1.01897
1.01695
1.01379
1.01081
1.0088
1.00528
1.00754
1.0093
1.01098
1.01072
1.01128
1.01292
1.0153
1.01857
1.02252
1.0293
1.03805
1.04485
1.05092
1.0552
1.05857
1.06239
1.06537
1.06817
1.07111
1.07327
1.07544
1.07566
1.07582
1.07612
1.07549
1.07214
1.0685
1.06341
1.05833
1.05184
1.04606
1.04072
1.03477
1.03107
1.0254
1.02043
1.01431
1.01084
1.00643
1.00416
1.00695
1.00845
1.01022
1.01039
1.0109
1.01292
1.01561
1.0188
1.02221
1.02805
1.03713
1.04497
1.05203
1.05742
1.06167
1.06597
1.06982
1.07302
1.076
1.07873
1.08077
1.08141
1.0828
1.08129
1.07863
1.07487
1.07164
1.06666
1.06134
1.05555
1.04938
1.04291
1.03574
1.03
1.02344
1.02037
1.01622
1.01285
1.00908
1.00629
1.00695
1.00776
1.0098
1.01073
1.01131
1.01352
1.01657
1.01974
1.02276
1.0275
1.03628
1.04479
1.05269
1.05984
1.06547
1.07039
1.07448
1.07764
1.08061
1.08277
1.08526
1.08571
1.08565
1.085
1.08433
1.08083
1.07715
1.0718
1.06633
1.0599
1.05306
1.04727
1.03982
1.03507
1.02852
1.02334
1.01705
1.01325
1.00831
1.00614
1.0054
1.00648
1.00899
1.01091
1.01165
1.01351
1.0169
1.0206
1.02377
1.02753
1.0354
1.04459
1.05338
1.06187
1.06909
1.07487
1.07952
1.08314
1.08625
1.0884
1.09101
1.09161
1.09244
1.09133
1.08954
1.08579
1.08215
1.07698
1.07096
1.06468
1.0575
1.05144
1.04336
1.03726
1.0295
1.0248
1.01924
1.01543
1.01035
1.00722
1.00649
1.00728
1.00909
1.01127
1.01239
1.01391
1.01749
1.02197
1.02568
1.02891
1.03549
1.04456
1.05394
1.06314
1.07197
1.07926
1.08505
1.08929
1.09305
1.09495
1.09702
1.09804
1.09835
1.09712
1.09602
1.09258
1.08884
1.08361
1.07713
1.07062
1.06253
1.05645
1.04786
1.04187
1.0344
1.02847
1.02132
1.01704
1.01145
1.00801
1.00447
1.00553
1.00715
1.00991
1.01234
1.01433
1.01798
1.02325
1.02772
1.03116
1.03679
1.04494
1.05436
1.06399
1.07391
1.08296
1.09032
1.09568
1.10002
1.10261
1.10462
1.10519
1.1057
1.10462
1.10334
1.09985
1.0957
1.09078
1.08388
1.07762
1.06855
1.062
1.05311
1.04645
1.03802
1.03196
1.02467
1.0199
1.01404
1.00976
1.0058
1.00717
1.00842
1.01092
1.01375
1.01605
1.01908
1.02472
1.03012
1.03409
1.03949
1.04686
1.05561
1.06512
1.07545
1.08587
1.09534
1.1022
1.10776
1.11096
1.11351
1.11393
1.11429
1.11291
1.11148
1.10841
1.10359
1.09893
1.09144
1.08563
1.07594
1.06876
1.05913
1.05183
1.04314
1.03673
1.02885
1.02337
1.01698
1.01211
1.0024
1.00461
1.00622
1.00869
1.0123
1.01572
1.01921
1.02519
1.03226
1.03758
1.04318
1.05054
1.05873
1.06747
1.07748
1.08833
1.09926
1.108
1.11543
1.11981
1.1231
1.12392
1.12412
1.12282
1.12071
1.11826
1.11263
1.10835
1.1
1.09445
1.08449
1.07709
1.06658
1.05899
1.04893
1.04226
1.03341
1.02782
1.02016
1.01529
1.00371
1.00682
1.00906
1.01137
1.01475
1.01864
1.02246
1.02812
1.03565
1.04219
1.04813
1.05576
1.06422
1.07239
1.08133
1.09148
1.10291
1.11283
1.12211
1.12831
1.13297
1.13508
1.13521
1.13446
1.13127
1.12958
1.12334
1.11955
1.11045
1.1047
1.09438
1.08648
1.07566
1.06719
1.05669
1.04854
1.03906
1.03206
1.02449
1.01817
0.999235
1.00258
1.00557
1.00866
1.01246
1.01727
1.02232
1.02847
1.03663
1.04484
1.05214
1.06077
1.0709
1.07986
1.08833
1.09702
1.10766
1.1178
1.12767
1.13584
1.14184
1.14617
1.14683
1.14777
1.14345
1.14236
1.13521
1.13207
1.12234
1.11676
1.10602
1.09871
1.08677
1.07911
1.06666
1.05944
1.0477
1.04064
1.03045
1.02339
1.00164
1.00488
1.00849
1.01264
1.01726
1.02242
1.0279
1.03396
1.04205
1.05106
1.05927
1.06787
1.07922
1.08997
1.09932
1.10727
1.11632
1.12565
1.13422
1.14331
1.14951
1.15697
1.15833
1.16212
1.15834
1.15835
1.15068
1.14731
1.13779
1.131
1.12013
1.1118
1.09973
1.09012
1.07831
1.06749
1.05678
1.04685
1.03862
1.02928
0.995932
0.999669
1.00333
1.0077
1.01293
1.01928
1.02617
1.03325
1.0422
1.05286
1.06368
1.07316
1.08542
1.0985
1.1103
1.12008
1.12864
1.1387
1.14507
1.15395
1.15756
1.16652
1.16808
1.17454
1.17197
1.1742
1.16834
1.16563
1.1563
1.15027
1.13843
1.13076
1.11773
1.10875
1.09569
1.08579
1.07313
1.06273
1.05017
1.03962
0.999345
1.00407
1.00832
1.01279
1.01836
1.02541
1.03389
1.04208
1.05185
1.06312
1.0757
1.0866
1.09726
1.11151
1.12379
1.13643
1.14355
1.15606
1.16199
1.17216
1.17266
1.18046
1.18046
1.18646
1.18604
1.18808
1.18532
1.18271
1.17757
1.1692
1.16159
1.14866
1.1391
1.12426
1.11363
1.09825
1.08773
1.07277
1.0637
1.0511
0.989949
0.995368
1.0011
1.00675
1.01399
1.02177
1.03118
1.04121
1.05208
1.06524
1.07802
1.09384
1.10374
1.11997
1.13108
1.14925
1.15679
1.17032
1.177
1.18964
1.19341
1.20039
1.19912
1.203
1.20174
1.20301
1.20062
1.20067
1.1958
1.19193
1.18502
1.1768
1.1662
1.15462
1.14232
1.12877
1.11542
1.10092
1.08742
1.07121
0.99625
1.00203
1.00842
1.01468
1.02265
1.033
1.04223
1.05621
1.06616
1.08339
1.09381
1.11423
1.12432
1.14223
1.15152
1.1703
1.18079
1.19371
1.20088
1.20911
1.2192
1.22339
1.22957
1.22813
1.23118
1.22782
1.22886
1.22244
1.22173
1.21468
1.21319
1.20199
1.19733
1.18335
1.17532
1.15738
1.14577
1.12852
1.11463
1.0996
0.985206
0.994188
1.00127
1.01146
1.01912
1.03242
1.04135
1.05836
1.06889
1.08804
1.10132
1.12059
1.13571
1.15294
1.16635
1.18278
1.19569
1.21036
1.21914
1.2288
1.23474
1.24225
1.24653
1.25042
1.25178
1.25364
1.25457
1.25424
1.25352
1.2492
1.24465
1.23671
1.23045
1.21947
1.21128
1.19618
1.18792
1.16778
1.15982
1.13626
0.993417
1.00202
1.01034
1.02123
1.03251
1.04889
1.06402
1.08134
1.10103
1.11705
1.13803
1.15414
1.17539
1.1904
1.20996
1.22248
1.24066
1.25094
1.26776
1.27216
1.28486
1.28565
1.29622
1.29377
1.30144
1.29631
1.30135
1.2955
1.29831
1.2913
1.2914
1.28205
1.27912
1.26756
1.26039
1.24895
1.24072
1.22868
1.21893
1.20469
0.983691
0.999868
1.01214
1.02767
1.04185
1.05686
1.07449
1.0925
1.11399
1.13322
1.15566
1.17482
1.19672
1.2144
1.23492
1.24969
1.26703
1.27807
1.2921
1.29909
1.30867
1.31137
1.31809
1.31768
1.32374
1.32065
1.32698
1.32193
1.32911
1.32334
1.33024
1.32346
1.32785
1.31762
1.32026
1.30369
1.30556
1.28532
1.28494
1.26652
0.992801
1.00509
1.02632
1.04346
1.07513
1.09522
1.12646
1.14537
1.17403
1.19252
1.21924
1.23771
1.26172
1.27855
1.29952
1.31386
1.33017
1.34072
1.35185
1.3592
1.365
1.36928
1.37023
1.37227
1.3707
1.37248
1.37098
1.37417
1.37376
1.37894
1.38038
1.38606
1.38906
1.39319
1.39373
1.39626
1.39098
1.38923
1.37917
1.37023
1.00822
1.02643
1.05627
1.07367
1.10245
1.12273
1.15221
1.17612
1.20581
1.23134
1.25922
1.28394
1.30812
1.32999
1.34938
1.36727
1.38056
1.3937
1.40024
1.40904
1.40968
1.41455
1.41007
1.41177
1.40439
1.40543
1.39822
1.40199
1.39686
1.40495
1.40265
1.41448
1.41373
1.43118
1.43184
1.45168
1.44445
1.4613
1.44205
1.45342
1.06351
1.09907
1.14695
1.1855
1.22842
1.26352
1.30183
1.33508
1.36948
1.40034
1.4293
1.45607
1.47835
1.50038
1.51554
1.5324
1.53981
1.55004
1.54905
1.55077
1.54114
1.53529
1.5195
1.50636
1.48542
1.46802
1.44547
1.42717
1.40603
1.38966
1.37224
1.35865
1.34728
1.33181
1.31897
1.2994
1.2684
1.22897
1.1543
1.1356
1.23858
1.27308
1.30823
1.34504
1.38138
1.41539
1.4458
1.47143
1.49457
1.51127
1.52558
1.53742
1.54601
1.55463
1.55589
1.5567
1.54715
1.53792
1.51676
1.49762
1.46543
1.43675
1.39334
1.35321
1.29793
1.24647
1.18215
1.12319
1.05522
0.99296
0.926403
0.864439
0.80238
0.742583
0.671706
0.597692
0.509737
0.347312
0.255026
0.283152
0.992289
0.991912
0.995767
0.996506
0.997356
0.993992
0.990954
0.988802
0.988409
0.988212
0.988817
0.989962
0.991596
0.993588
0.99577
0.9979
0.99975
1.00123
1.00246
1.00324
1.00369
1.00393
1.00439
1.00526
1.00615
1.00665
1.00695
1.00718
1.00704
1.00679
1.00633
1.0058
1.00551
1.00515
1.00485
1.00457
1.00402
1.00346
1.00263
1.00697
0.992268
0.992835
0.995967
0.99683
0.996734
0.993631
0.990369
0.98807
0.987519
0.987401
0.988079
0.989284
0.991007
0.993125
0.995451
0.997685
0.999659
1.00125
1.00258
1.0035
1.00403
1.00421
1.00456
1.00532
1.00612
1.00685
1.00723
1.00743
1.00743
1.0072
1.00676
1.0063
1.00603
1.00564
1.0054
1.00511
1.00469
1.004
1.00219
1.00156
0.994902
0.993832
0.995346
0.99666
0.996406
0.993539
0.990045
0.987414
0.986496
0.986449
0.987262
0.988673
0.990556
0.992901
0.995441
0.997866
0.999922
1.00154
1.00286
1.0038
1.0045
1.00486
1.00527
1.00587
1.0065
1.00736
1.00789
1.00789
1.00762
1.00714
1.00666
1.00638
1.0062
1.00582
1.00562
1.00533
1.005
1.00474
1.00457
1.00622
0.993823
0.994093
0.995217
0.996448
0.99602
0.993298
0.989742
0.986605
0.985582
0.985589
0.986368
0.98776
0.989737
0.992249
0.99491
0.997403
0.999613
1.00136
1.00274
1.00392
1.00475
1.00513
1.00558
1.00626
1.00701
1.0076
1.00818
1.00809
1.0077
1.00721
1.00684
1.00668
1.00653
1.0062
1.00606
1.00569
1.00534
1.00475
1.00384
1.00312
0.995856
0.994912
0.995256
0.99601
0.995749
0.993327
0.989442
0.985934
0.984439
0.984485
0.985338
0.986867
0.988986
0.99171
0.99461
0.997241
0.999579
1.00139
1.00284
1.00406
1.00506
1.00581
1.00639
1.00708
1.00781
1.00825
1.00851
1.00829
1.00786
1.00732
1.00701
1.00687
1.00677
1.00648
1.00629
1.00597
1.00574
1.00554
1.0052
1.00522
0.995578
0.994975
0.994856
0.995522
0.995435
0.993269
0.98898
0.985202
0.983362
0.983381
0.984233
0.985777
0.988009
0.990932
0.993903
0.996632
0.99908
1.00094
1.00247
1.0039
1.00518
1.00599
1.00662
1.00741
1.00819
1.00853
1.00854
1.0085
1.00824
1.00763
1.00746
1.00743
1.00717
1.00681
1.00657
1.00625
1.00598
1.00568
1.0051
1.00472
0.996631
0.99561
0.995214
0.995305
0.995107
0.992938
0.988276
0.984316
0.982171
0.982099
0.983041
0.984559
0.986889
0.99009
0.993377
0.996296
0.998925
1.00083
1.00251
1.00419
1.00566
1.00651
1.00717
1.00803
1.0088
1.00901
1.00862
1.00856
1.00832
1.0078
1.00769
1.00775
1.00743
1.00716
1.00685
1.00663
1.0063
1.00622
1.00583
1.00518
0.99701
0.995735
0.994811
0.994649
0.994347
0.992308
0.987329
0.983239
0.980924
0.980741
0.981689
0.98331
0.985785
0.989083
0.992412
0.995481
0.998284
1.00034
1.00223
1.00415
1.00569
1.00665
1.0073
1.00832
1.0094
1.00929
1.00892
1.00869
1.00845
1.00815
1.00812
1.00819
1.00767
1.00742
1.00714
1.00691
1.00658
1.00642
1.00613
1.00597
0.997295
0.996354
0.995211
0.994225
0.993351
0.991379
0.986339
0.982147
0.979722
0.979226
0.980204
0.981817
0.98446
0.988093
0.991745
0.995064
0.998057
1.00026
1.00236
1.00434
1.00595
1.00698
1.00781
1.00914
1.00999
1.00992
1.00966
1.00929
1.00871
1.0084
1.00841
1.00841
1.00794
1.00778
1.00752
1.00724
1.00692
1.00684
1.00647
1.00571
0.998224
0.996722
0.994613
0.993025
0.992256
0.990744
0.985146
0.980675
0.978342
0.977675
0.978564
0.980266
0.983046
0.986776
0.990642
0.994182
0.99742
0.999827
1.00205
1.00403
1.00573
1.00706
1.00825
1.00975
1.01026
1.01015
1.01016
1.00962
1.00901
1.00886
1.00898
1.00889
1.00841
1.00818
1.00794
1.0076
1.00726
1.00708
1.00692
1.00684
0.997937
0.997095
0.994898
0.992219
0.991361
0.989886
0.983944
0.979322
0.976943
0.975905
0.976724
0.978534
0.981492
0.985622
0.98981
0.993487
0.996925
0.99963
1.00209
1.00407
1.00589
1.0076
1.00906
1.01035
1.01038
1.01016
1.0102
1.00987
1.00938
1.00938
1.00949
1.00915
1.00875
1.00855
1.00829
1.00793
1.00762
1.0074
1.00709
1.00658
0.999233
0.997494
0.99389
0.990985
0.990271
0.9885
0.9824
0.977788
0.97519
0.973934
0.974615
0.976536
0.979684
0.983951
0.988495
0.992415
0.996075
0.999071
1.00181
1.00391
1.0059
1.0081
1.00984
1.01064
1.01053
1.01034
1.01039
1.01014
1.00982
1.00991
1.00988
1.00942
1.00914
1.009
1.00876
1.00836
1.00807
1.00778
1.00748
1.00748
0.998604
0.997522
0.994453
0.990682
0.989118
0.987131
0.980856
0.976074
0.973066
0.971637
0.972338
0.974404
0.977746
0.982458
0.987413
0.991486
0.995456
0.99884
1.00193
1.00424
1.00657
1.00891
1.01041
1.01093
1.01061
1.01049
1.01059
1.01041
1.01029
1.01039
1.01019
1.00969
1.00937
1.0093
1.00912
1.00871
1.00842
1.00806
1.00765
1.00741
0.999981
0.997966
0.993954
0.98953
0.987477
0.985516
0.97933
0.974174
0.970452
0.968803
0.969473
0.971755
0.975516
0.980527
0.986001
0.990495
0.994545
0.998149
1.0017
1.00457
1.00741
1.00963
1.01062
1.01076
1.01053
1.01059
1.01095
1.01102
1.011
1.01104
1.01068
1.0102
1.00992
1.0098
1.00958
1.00925
1.00903
1.0087
1.00824
1.00796
0.999231
0.997804
0.994584
0.988932
0.985554
0.983668
0.977858
0.972018
0.967376
0.965582
0.966376
0.968934
0.973192
0.978739
0.984762
0.989459
0.993864
0.997785
1.0018
1.00522
1.00824
1.00999
1.01077
1.01062
1.01052
1.01081
1.01133
1.01144
1.01154
1.01154
1.0111
1.01064
1.01044
1.01036
1.0101
1.00965
1.00936
1.00896
1.00863
1.00842
1.00053
0.997671
0.994082
0.98801
0.983347
0.981151
0.975891
0.969531
0.963819
0.961705
0.962646
0.965662
0.97052
0.976472
0.983071
0.98835
0.992985
0.997366
1.00178
1.00564
1.00881
1.01013
1.01067
1.01057
1.01058
1.01101
1.01168
1.01195
1.01213
1.01223
1.01186
1.01152
1.01133
1.01114
1.01085
1.01049
1.01011
1.00955
1.00914
1.00893
1.00001
0.997527
0.994263
0.987702
0.981006
0.978242
0.973673
0.966589
0.960004
0.957576
0.958592
0.961947
0.967643
0.974295
0.981517
0.987079
0.992334
0.997214
1.00204
1.00614
1.00909
1.01
1.01056
1.01065
1.01083
1.01149
1.01235
1.01282
1.01298
1.01299
1.01245
1.01205
1.01189
1.01164
1.01129
1.01095
1.01054
1.01007
1.00964
1.00944
1.00168
0.997128
0.993433
0.987037
0.978827
0.975039
0.970388
0.962929
0.95576
0.952836
0.953822
0.957573
0.964185
0.971716
0.97968
0.985837
0.991399
0.996943
1.00219
1.00645
1.00893
1.0099
1.0106
1.01097
1.01166
1.01258
1.01341
1.01372
1.0139
1.01357
1.01316
1.01283
1.01261
1.01242
1.01203
1.01171
1.01123
1.01068
1.01025
1.01005
1.00088
0.996288
0.992698
0.986647
0.976777
0.971371
0.965982
0.958451
0.951053
0.947497
0.948338
0.952371
0.960218
0.969194
0.978002
0.984481
0.99064
0.996845
1.00262
1.00668
1.00877
1.00985
1.01085
1.0115
1.01253
1.01359
1.01398
1.01407
1.01418
1.0138
1.01343
1.01329
1.01314
1.01299
1.01266
1.01235
1.01191
1.01136
1.01093
1.01072
1.00298
0.99689
0.991887
0.985959
0.975284
0.967394
0.960547
0.953209
0.94561
0.94093
0.941583
0.946113
0.955291
0.965993
0.976042
0.983288
0.989769
0.996644
1.00268
1.00651
1.00837
1.00965
1.01128
1.01241
1.01341
1.01433
1.0146
1.01493
1.01517
1.01492
1.01432
1.01429
1.01413
1.01395
1.01359
1.0132
1.01266
1.01209
1.01166
1.01147
1.00203
0.99592
0.9901
0.98468
0.973707
0.963243
0.95488
0.947054
0.938948
0.933028
0.933119
0.938239
0.949033
0.961974
0.973896
0.982161
0.989283
0.996695
1.00289
1.00663
1.00838
1.01001
1.01214
1.01371
1.01462
1.01524
1.01551
1.01598
1.0161
1.01604
1.0153
1.01524
1.01507
1.01478
1.01437
1.01398
1.01332
1.01286
1.01236
1.01223
1.00352
0.997575
0.989698
0.983621
0.972679
0.959653
0.949696
0.940138
0.930559
0.923425
0.922323
0.928137
0.940555
0.956282
0.971238
0.981284
0.98894
0.996936
1.00289
1.00703
1.00915
1.0113
1.01328
1.01501
1.01591
1.0165
1.01682
1.01761
1.01757
1.01724
1.01674
1.01618
1.0162
1.01561
1.0152
1.01482
1.01409
1.0137
1.01315
1.01307
1.00346
0.997658
0.988534
0.981691
0.970737
0.956414
0.944278
0.932296
0.920694
0.912011
0.908833
0.914608
0.928946
0.948851
0.968247
0.980737
0.989061
0.997828
1.00386
1.00818
1.01078
1.01325
1.01475
1.01629
1.01724
1.01798
1.01819
1.01893
1.01871
1.01823
1.01799
1.01734
1.01744
1.01684
1.01643
1.01597
1.01524
1.01473
1.01417
1.01407
1.00481
0.999156
0.9894
0.980723
0.969387
0.953862
0.938537
0.923564
0.909688
0.898343
0.891877
0.896446
0.913012
0.938831
0.964603
0.98049
0.98934
0.999113
1.00564
1.01009
1.01321
1.01555
1.01668
1.01803
1.01872
1.01969
1.01991
1.02012
1.02011
1.01955
1.01951
1.01914
1.01902
1.01857
1.01801
1.01745
1.01663
1.01602
1.01541
1.01534
1.00666
0.999677
0.990165
0.979884
0.967842
0.951689
0.933939
0.915125
0.897498
0.882066
0.870393
0.872011
0.89097
0.924787
0.959763
0.98037
0.990267
1.00124
1.00849
1.0133
1.01668
1.01816
1.01922
1.02055
1.02078
1.0215
1.0218
1.02175
1.02199
1.02127
1.02134
1.02094
1.02074
1.02021
1.01957
1.01891
1.01811
1.01747
1.01684
1.01683
1.00938
1.00085
0.991554
0.980253
0.967611
0.9496
0.930753
0.908937
0.884863
0.862949
0.843502
0.839615
0.860519
0.904617
0.95256
0.979356
0.991534
1.00399
1.01195
1.01705
1.02079
1.02152
1.02266
1.02376
1.02386
1.02428
1.0247
1.02457
1.02411
1.02322
1.0232
1.02251
1.02222
1.02158
1.02088
1.02023
1.01939
1.01884
1.01814
1.01819
1.01266
1.00277
0.992668
0.98098
0.967834
0.947463
0.927894
0.905064
0.873526
0.841823
0.811323
0.798112
0.819738
0.876365
0.94099
0.976231
0.992212
1.00679
1.01535
1.02037
1.02496
1.02592
1.02705
1.02748
1.02776
1.02802
1.0281
1.02784
1.02691
1.02578
1.02561
1.02444
1.02405
1.02333
1.02236
1.02179
1.02077
1.02019
1.0195
1.01957
1.01691
1.00616
0.99549
0.983144
0.969122
0.948705
0.926805
0.90259
0.864978
0.820888
0.775343
0.747491
0.767013
0.837506
0.922074
0.968875
0.990266
1.00804
1.01769
1.02363
1.0293
1.0306
1.03223
1.032
1.03245
1.03316
1.03274
1.03216
1.03081
1.02978
1.0291
1.02791
1.02734
1.0264
1.0252
1.02425
1.02305
1.02223
1.02163
1.02147
1.02256
1.01208
1.00216
0.988489
0.972429
0.954749
0.929767
0.901608
0.859597
0.802011
0.737858
0.688794
0.70062
0.784208
0.8913
0.954431
0.983592
1.00551
1.01768
1.02653
1.0335
1.03493
1.03746
1.03734
1.0381
1.03915
1.03812
1.03719
1.03576
1.03484
1.03362
1.0328
1.03189
1.03044
1.02936
1.0278
1.02685
1.02558
1.02493
1.02463
1.03206
1.02076
1.0116
0.998781
0.98064
0.965786
0.94108
0.904792
0.856267
0.784938
0.700392
0.624465
0.619174
0.711273
0.842029
0.928693
0.969995
0.998783
1.0155
1.02803
1.03704
1.03973
1.04304
1.04304
1.04404
1.04427
1.04274
1.04215
1.04026
1.03945
1.03801
1.03678
1.03601
1.03417
1.034
1.03201
1.03141
1.02956
1.02884
1.02841
1.04106
1.03346
1.02373
1.01276
0.995818
0.981037
0.961656
0.916612
0.854185
0.768302
0.663805
0.558376
0.523527
0.613427
0.76655
0.884249
0.945771
0.986098
1.01048
1.02746
1.04021
1.04526
1.04922
1.04883
1.05003
1.04951
1.04783
1.04752
1.0449
1.04425
1.04293
1.04156
1.04157
1.03945
1.03961
1.03668
1.03594
1.03344
1.03264
1.03215
1.06257
1.05289
1.04249
1.03249
1.02237
1.00721
0.987185
0.935923
0.854349
0.750503
0.62768
0.494914
0.417881
0.487378
0.658516
0.811368
0.902983
0.959292
0.996038
1.02132
1.03928
1.04832
1.05496
1.05623
1.05843
1.05821
1.05621
1.05622
1.05365
1.05357
1.05262
1.05107
1.05036
1.04673
1.04593
1.04193
1.0414
1.0383
1.0382
1.0373
1.08583
1.08183
1.07766
1.07469
1.07216
1.05494
1.01932
0.955595
0.854735
0.729351
0.588142
0.434838
0.31094
0.334581
0.51247
0.703675
0.83197
0.910433
0.965059
1.00298
1.02919
1.04508
1.05762
1.06234
1.06629
1.06737
1.06619
1.06682
1.06467
1.0651
1.06288
1.06065
1.05869
1.05468
1.05387
1.05024
1.05026
1.04749
1.04755
1.04634
1.13247
1.13405
1.13122
1.14317
1.14276
1.11074
1.04924
0.964723
0.844299
0.699038
0.539908
0.375076
0.220564
0.164894
0.327289
0.551014
0.722051
0.832414
0.909515
0.964323
1.00366
1.02927
1.04888
1.05811
1.06575
1.07012
1.07053
1.07293
1.07087
1.0715
1.06921
1.06853
1.06741
1.06544
1.06486
1.06177
1.06204
1.05923
1.06031
1.05663
1.1987
1.19599
1.2103
1.21478
1.1796
1.12787
1.04654
0.942108
0.804439
0.646765
0.476718
0.309959
0.171158
0.0749707
0.099243
0.343027
0.561633
0.715445
0.821153
0.899302
0.957212
0.994766
1.02484
1.0429
1.05578
1.06638
1.06976
1.07576
1.07659
1.07954
1.07944
1.08059
1.08057
1.0809
1.08061
1.07903
1.07787
1.07479
1.07362
1.07126
1.27403
1.29523
1.28612
1.24879
1.18978
1.11925
1.0139
0.880988
0.723012
0.558157
0.396134
0.256734
0.204171
0.225184
0.147542
0.174007
0.368805
0.555741
0.691468
0.795886
0.878534
0.936122
0.98254
1.01643
1.03638
1.05742
1.06686
1.07815
1.08413
1.08977
1.0934
1.09652
1.0983
1.09979
1.10026
1.10051
1.09841
1.09467
1.0911
1.09033
1.36218
1.34538
1.31071
1.2524
1.17674
1.0659
0.924366
0.755655
0.576156
0.403453
0.272747
0.259609
0.308336
0.42503
0.450629
0.36533
0.161023
0.345287
0.507303
0.639461
0.751171
0.844722
0.910607
0.972439
1.00478
1.03724
1.05688
1.07147
1.0844
1.09331
1.10223
1.10724
1.11282
1.11642
1.11927
1.12082
1.12223
1.12264
1.1217
1.12003
1.40995
1.35038
1.2697
1.1746
1.05686
0.905263
0.731091
0.531828
0.329068
0.128468
0.0792409
0.232354
0.352874
0.453596
0.578242
0.5663
0.497623
0.217754
0.230862
0.447864
0.561993
0.694545
0.776251
0.866904
0.928109
0.985264
1.0254
1.05436
1.07373
1.08495
1.09414
1.09824
1.10301
1.11126
1.1138
1.12039
1.12181
1.12885
1.13301
1.14365
1.02663
0.87905
0.718116
0.543902
0.358759
0.195981
0.164231
0.283335
0.40565
0.468252
0.531795
0.575908
0.611618
0.632959
0.663505
0.637333
0.612173
0.545469
0.464596
0.497361
0.16118
0.223034
0.389791
0.496294
0.649462
0.743447
0.836691
0.894376
0.939525
0.985539
1.01777
1.05411
1.07155
1.09589
1.11524
1.13513
1.15246
1.16434
1.17516
1.18054
0.365223
0.463885
0.551048
0.633301
0.699946
0.749379
0.785731
0.802229
0.807356
0.802447
0.786419
0.765876
0.727572
0.690162
0.642593
0.584044
0.523241
0.455203
0.416203
0.467308
0.429005
0.373032
0.37091
0.363891
0.357122
0.330842
0.0617566
0.555665
0.608612
0.642292
0.681694
0.703114
0.753982
0.778461
0.83447
0.858542
0.916551
0.945948
1.01442
1.05241
1.01253
1.01253
1.0149
1.01571
1.0163
1.01717
1.01714
1.01787
1.01756
1.01823
1.01779
1.01823
1.01797
1.01816
1.01805
1.01807
1.018
1.01791
1.01772
1.01746
1.01713
1.01667
1.01606
1.01523
1.01406
1.01237
1.00981
1.00591
1.00027
0.9927
0.982846
0.971276
0.963366
0.968504
0.984541
0.99502
1.00093
1.00193
1.00144
1.00225
0.996721
0.99705
0.996954
0.996293
0.996782
0.99635
0.997087
0.996656
0.9971
0.996977
0.997004
0.997092
0.997017
0.997078
0.997057
0.997072
0.997002
0.996943
0.996914
0.996874
0.996819
0.996776
0.996815
0.996992
0.997456
0.99836
0.999908
1.00233
1.00608
1.01117
1.01642
1.02078
1.02269
1.02274
1.01829
1.00844
1.00456
1.0033
1.00327
1.00304
1.00841
1.01045
1.01239
1.01443
1.01466
1.01619
1.01595
1.01701
1.01644
1.01738
1.01665
1.0173
1.01685
1.0171
1.01686
1.0169
1.01676
1.01663
1.01626
1.01581
1.01521
1.01442
1.01338
1.01202
1.01027
1.00802
1.00512
1.00143
0.997241
0.993707
0.991487
0.990613
0.992675
0.999349
1.00231
1.00286
1.00249
1.00204
1.0028
1.00324
1.00208
1.00109
1.00058
0.999796
0.999791
0.999343
0.99925
0.999427
0.998987
0.999443
0.998992
0.999327
0.999038
0.999264
0.999182
0.999245
0.999162
0.999184
0.999345
0.999587
0.999863
1.0003
1.00094
1.00187
1.0032
1.00502
1.00729
1.00991
1.01296
1.01643
1.01941
1.02048
1.02081
1.01965
1.01686
1.01307
1.00861
1.00609
1.00525
1.00438
1.00562
1.00892
1.01019
1.01233
1.01296
1.01411
1.01413
1.01506
1.01472
1.01543
1.0151
1.01541
1.01521
1.01527
1.0151
1.01508
1.015
1.01478
1.01429
1.01367
1.01289
1.01188
1.01064
1.00912
1.00733
1.00534
1.00307
1.0006
0.998528
0.997682
0.99781
0.997882
0.999485
1.00357
1.00519
1.00522
1.00487
1.00464
1.00485
1.00494
1.00505
1.00367
1.00318
1.00291
1.00248
1.00238
1.00197
1.00212
1.0017
1.00195
1.00159
1.00188
1.00163
1.00183
1.00176
1.00174
1.00162
1.00176
1.00206
1.00247
1.003
1.00371
1.0046
1.0057
1.00702
1.00855
1.01007
1.01136
1.01277
1.01466
1.01561
1.01527
1.01512
1.01479
1.01338
1.01109
1.00895
1.00728
1.00622
1.00556
1.00478
1.00764
1.0087
1.01034
1.01122
1.0122
1.01246
1.01315
1.01314
1.01362
1.01344
1.01375
1.01354
1.01363
1.0135
1.01358
1.01345
1.01316
1.01258
1.01186
1.01102
1.01001
1.00882
1.00746
1.00603
1.00452
1.00292
1.0014
1.00058
1.00089
1.00119
1.00098
1.00223
1.00482
1.00601
1.00619
1.00626
1.00628
1.00626
1.00592
1.00652
1.00563
1.00514
1.00507
1.00511
1.00499
1.00477
1.00478
1.00453
1.00458
1.00445
1.00449
1.00443
1.00448
1.00432
1.00424
1.00418
1.00439
1.00474
1.00519
1.00574
1.00645
1.00726
1.00812
1.00909
1.01011
1.01087
1.01131
1.01203
1.01278
1.01273
1.0119
1.01133
1.01112
1.0103
1.00883
1.0079
1.00712
1.00646
1.00604
1.00506
1.00722
1.00816
1.00932
1.00998
1.01078
1.01111
1.01168
1.01176
1.01212
1.01212
1.0123
1.01226
1.01236
1.01242
1.01245
1.01229
1.01194
1.01137
1.01067
1.00987
1.00893
1.0079
1.0068
1.00575
1.00488
1.00408
1.0035
1.00367
1.00445
1.00479
1.00457
1.00542
1.00679
1.00711
1.00711
1.00713
1.00712
1.00686
1.00632
1.00723
1.00689
1.0068
1.00673
1.00674
1.00694
1.00715
1.00719
1.00714
1.00715
1.00707
1.00707
1.00699
1.00685
1.00665
1.00657
1.0066
1.00679
1.00709
1.00744
1.00782
1.00837
1.00903
1.00966
1.0102
1.01055
1.01063
1.01073
1.01117
1.01137
1.01096
1.00995
1.00939
1.00919
1.00836
1.00777
1.00746
1.00714
1.00688
1.00651
1.00608
1.00738
1.00809
1.00906
1.00962
1.0102
1.01037
1.01082
1.01087
1.01118
1.01124
1.01142
1.01156
1.01177
1.01182
1.01177
1.0116
1.01128
1.01078
1.01019
1.00951
1.00875
1.00799
1.00727
1.0067
1.00635
1.00612
1.00613
1.00661
1.00712
1.00705
1.00695
1.00753
1.00803
1.00797
1.00775
1.00752
1.00733
1.00696
1.00675
1.00763
1.00772
1.00811
1.00829
1.00853
1.00864
1.00876
1.00892
1.0091
1.00924
1.00926
1.00923
1.00911
1.00891
1.00867
1.00859
1.00859
1.00872
1.00899
1.00924
1.0095
1.00987
1.01021
1.01049
1.0107
1.01069
1.01057
1.01059
1.01077
1.01058
1.00984
1.00907
1.00876
1.00846
1.00793
1.00766
1.00758
1.00727
1.00702
1.00701
1.00727
1.00815
1.00868
1.00927
1.00977
1.01017
1.01038
1.01069
1.01078
1.01102
1.01113
1.01138
1.01154
1.01167
1.01166
1.01164
1.01153
1.01126
1.01084
1.01038
1.00983
1.00921
1.00874
1.00845
1.00832
1.00826
1.00831
1.00858
1.00907
1.00927
1.0092
1.00911
1.009
1.00888
1.00844
1.00803
1.00781
1.00739
1.00716
1.00714
1.00801
1.00866
1.00901
1.00951
1.00982
1.01019
1.01035
1.01062
1.0107
1.01082
1.01074
1.01071
1.0106
1.01056
1.01046
1.01044
1.01042
1.01043
1.01049
1.01059
1.01071
1.01085
1.01095
1.01101
1.01098
1.01079
1.01063
1.01065
1.01058
1.01021
1.00978
1.00944
1.00933
1.00921
1.00894
1.00865
1.00824
1.00776
1.00751
1.00735
1.00849
1.00923
1.00958
1.01011
1.0105
1.01086
1.01105
1.01134
1.01143
1.01168
1.01176
1.01196
1.012
1.0121
1.01209
1.01207
1.01197
1.01178
1.01146
1.01109
1.01071
1.01034
1.0102
1.01017
1.01017
1.01016
1.0103
1.01053
1.01062
1.01056
1.01014
1.00988
1.00983
1.00967
1.00942
1.00916
1.00877
1.00818
1.00794
1.00768
1.00902
1.00976
1.01006
1.01065
1.01097
1.01137
1.01153
1.01181
1.01186
1.01206
1.01204
1.01216
1.0121
1.01212
1.01204
1.01201
1.01191
1.01184
1.01176
1.01169
1.0116
1.01152
1.0114
1.01125
1.01106
1.0109
1.0109
1.01098
1.01097
1.01079
1.01045
1.0103
1.01026
1.0101
1.00983
1.00961
1.00918
1.00873
1.00841
1.00818
1.00962
1.01033
1.01065
1.01125
1.01157
1.01195
1.01215
1.01243
1.01252
1.01276
1.01278
1.01295
1.01294
1.01303
1.01298
1.01295
1.01285
1.0127
1.01248
1.01221
1.01194
1.01168
1.01152
1.01147
1.01145
1.01146
1.01154
1.01163
1.0116
1.01134
1.01096
1.01083
1.01078
1.01059
1.01027
1.01
1.00956
1.00915
1.00888
1.00872
1.01027
1.01096
1.01127
1.01188
1.01219
1.01257
1.01278
1.01307
1.01316
1.0134
1.0134
1.01359
1.01355
1.01363
1.01356
1.01354
1.01341
1.01329
1.01312
1.01295
1.01277
1.0126
1.01245
1.01236
1.0123
1.01225
1.01229
1.01235
1.01225
1.01188
1.01148
1.01138
1.01132
1.0111
1.01073
1.01041
1.00991
1.00947
1.00918
1.00905
1.01096
1.01164
1.01196
1.01257
1.01287
1.01325
1.0135
1.01377
1.01391
1.01416
1.01417
1.01437
1.01433
1.01442
1.01435
1.01433
1.0142
1.01408
1.0139
1.01372
1.01352
1.01335
1.01326
1.01322
1.01316
1.01309
1.01309
1.01308
1.01289
1.01244
1.01209
1.01203
1.01198
1.01172
1.0113
1.01095
1.01042
1.00999
1.00967
1.00952
1.01171
1.01236
1.01269
1.01332
1.01361
1.014
1.0143
1.01454
1.01472
1.01495
1.01501
1.01521
1.01518
1.0153
1.01519
1.01521
1.01505
1.01496
1.01477
1.01462
1.01444
1.01431
1.01424
1.0142
1.01412
1.01401
1.01396
1.01387
1.01352
1.01296
1.01265
1.01263
1.01258
1.01225
1.01179
1.01143
1.01088
1.01043
1.01005
1.00978
1.01251
1.01316
1.0135
1.01413
1.01443
1.01486
1.01518
1.01543
1.01566
1.01587
1.01596
1.01616
1.01613
1.01626
1.01615
1.01619
1.01602
1.01598
1.01578
1.01567
1.01551
1.01543
1.01538
1.01533
1.01517
1.01503
1.01491
1.0147
1.01416
1.01353
1.01329
1.01329
1.01316
1.0127
1.01227
1.01192
1.01138
1.01101
1.01072
1.01057
1.0134
1.01404
1.01442
1.01506
1.01536
1.01585
1.01617
1.01643
1.0167
1.01691
1.01702
1.01722
1.01721
1.01735
1.01725
1.0173
1.01714
1.01713
1.01695
1.0169
1.01676
1.01673
1.01666
1.01655
1.01633
1.01611
1.01592
1.01558
1.0149
1.01435
1.01418
1.01415
1.01384
1.01329
1.01287
1.01241
1.01172
1.01116
1.01085
1.01067
1.01441
1.01511
1.01549
1.01615
1.01643
1.017
1.01728
1.01759
1.01787
1.01809
1.01824
1.01843
1.01845
1.01858
1.01848
1.01856
1.01837
1.01839
1.01818
1.01816
1.01801
1.01802
1.01791
1.01774
1.01742
1.01714
1.01687
1.01638
1.01563
1.01523
1.01513
1.01507
1.01462
1.01404
1.01368
1.01321
1.01258
1.01202
1.01167
1.0115
1.01555
1.01636
1.0167
1.0174
1.01768
1.01831
1.01852
1.01892
1.01921
1.01943
1.01963
1.01982
1.01986
1.02001
1.01992
1.02001
1.01981
1.01987
1.01966
1.01972
1.01956
1.01959
1.01941
1.01916
1.01868
1.01829
1.01785
1.01715
1.01644
1.01607
1.01595
1.01573
1.01509
1.0145
1.01411
1.01349
1.01286
1.01247
1.01194
1.01153
1.01686
1.01774
1.01808
1.0188
1.0191
1.01979
1.02
1.02051
1.02075
1.02105
1.02128
1.02146
1.02156
1.02172
1.02166
1.02179
1.0216
1.02172
1.02155
1.02167
1.02151
1.02154
1.0212
1.02078
1.02012
1.01963
1.01907
1.01827
1.01758
1.01727
1.01713
1.01673
1.01595
1.01551
1.01516
1.01445
1.01401
1.01382
1.01337
1.01271
1.01827
1.01918
1.01962
1.02038
1.02076
1.02147
1.02174
1.02235
1.02257
1.02298
1.02319
1.02342
1.02354
1.02371
1.0237
1.02383
1.02373
1.02391
1.02377
1.02391
1.0237
1.02368
1.02311
1.02248
1.02168
1.02122
1.02057
1.01972
1.01903
1.01871
1.01842
1.01774
1.01684
1.01641
1.01584
1.01492
1.01438
1.01422
1.01386
1.01318
1.01997
1.02091
1.02147
1.02234
1.02282
1.02356
1.02392
1.02455
1.02479
1.02529
1.02547
1.02581
1.02591
1.02615
1.02618
1.0264
1.02637
1.02661
1.02644
1.02657
1.02625
1.02612
1.02521
1.02448
1.02372
1.02345
1.02278
1.02199
1.02137
1.0211
1.02079
1.02005
1.01921
1.01873
1.01802
1.01736
1.01692
1.01637
1.01573
1.01519
1.02217
1.0232
1.0239
1.02485
1.02534
1.02619
1.02652
1.02723
1.02746
1.02803
1.02815
1.02861
1.02868
1.02904
1.0291
1.02944
1.02948
1.0297
1.02946
1.02949
1.02901
1.02861
1.02739
1.02672
1.02614
1.02605
1.0252
1.02436
1.02365
1.02336
1.02283
1.02179
1.02075
1.02001
1.01923
1.01862
1.01787
1.01676
1.01587
1.01535
1.02522
1.02645
1.02703
1.02806
1.02851
1.02945
1.02972
1.03058
1.03071
1.03144
1.03151
1.03216
1.03221
1.03277
1.03282
1.0333
1.03326
1.03339
1.03298
1.03287
1.03222
1.03161
1.03038
1.03018
1.02999
1.02998
1.02882
1.02807
1.02755
1.02745
1.02664
1.02551
1.02465
1.02398
1.02317
1.02231
1.02114
1.01991
1.01879
1.01808
1.02875
1.03019
1.03062
1.03186
1.03221
1.03334
1.03358
1.03463
1.03477
1.03574
1.03586
1.03674
1.03679
1.03757
1.03749
1.03802
1.03757
1.03752
1.03689
1.03672
1.03575
1.03495
1.03403
1.03414
1.03382
1.03315
1.03145
1.0309
1.03034
1.02975
1.02829
1.02727
1.02638
1.02534
1.02394
1.0227
1.02139
1.02021
1.01935
1.01872
1.03252
1.03408
1.03489
1.03631
1.03697
1.03826
1.03878
1.04001
1.04036
1.04155
1.04177
1.04274
1.04276
1.04346
1.04315
1.04336
1.04234
1.04212
1.04139
1.04127
1.04004
1.03935
1.03891
1.03949
1.03873
1.03775
1.03648
1.03635
1.03546
1.03449
1.03299
1.0322
1.03071
1.02923
1.02782
1.02651
1.02499
1.02385
1.02278
1.02166
1.03802
1.03984
1.0412
1.04289
1.04383
1.0453
1.04606
1.04737
1.04787
1.04905
1.04914
1.04999
1.04973
1.05014
1.04943
1.04929
1.04842
1.04881
1.04837
1.04814
1.04677
1.04646
1.04633
1.04627
1.04442
1.04279
1.0415
1.04099
1.03961
1.03816
1.03637
1.03508
1.03311
1.032
1.03081
1.02952
1.02799
1.02669
1.02544
1.02448
1.04747
1.04981
1.05073
1.05266
1.05332
1.0549
1.05533
1.05665
1.0567
1.05754
1.05706
1.05765
1.05707
1.05752
1.05639
1.05628
1.05574
1.05641
1.05535
1.05415
1.05221
1.05238
1.05183
1.05099
1.04868
1.04778
1.04722
1.04722
1.04589
1.04477
1.04258
1.04103
1.03912
1.03839
1.0365
1.03495
1.03281
1.03101
1.02901
1.02761
1.05717
1.05928
1.06095
1.0624
1.06328
1.06467
1.06521
1.06643
1.06674
1.0677
1.06797
1.06896
1.06886
1.06931
1.06899
1.07017
1.07065
1.07115
1.07
1.06982
1.07018
1.07132
1.06997
1.06845
1.06662
1.06607
1.06476
1.06333
1.06059
1.05797
1.05459
1.0519
1.04938
1.04748
1.04509
1.04324
1.04066
1.03868
1.03596
1.03401
1.07038
1.07195
1.07288
1.07479
1.07558
1.0774
1.07792
1.07904
1.07919
1.08027
1.0807
1.0816
1.08106
1.08125
1.08129
1.08185
1.08052
1.07898
1.07704
1.07706
1.0754
1.07351
1.07034
1.06912
1.06742
1.06707
1.06514
1.0643
1.06171
1.06019
1.05739
1.05578
1.05352
1.05243
1.05026
1.04836
1.04497
1.04249
1.03924
1.03733
1.09138
1.09511
1.09567
1.09877
1.09895
1.1017
1.10208
1.10485
1.10571
1.10784
1.10803
1.10961
1.11066
1.11299
1.11302
1.11344
1.1133
1.11535
1.11617
1.11693
1.11599
1.11599
1.11514
1.11476
1.11326
1.11142
1.10801
1.1045
1.10005
1.09586
1.09093
1.08688
1.08243
1.07838
1.07299
1.06771
1.06192
1.05706
1.0525
1.04884
1.11968
1.11794
1.1189
1.11951
1.12085
1.12228
1.12392
1.12512
1.12599
1.12669
1.12812
1.12909
1.1292
1.1286
1.12811
1.12833
1.12759
1.1267
1.1244
1.12245
1.11894
1.11617
1.11254
1.10937
1.10579
1.10241
1.09895
1.09569
1.09233
1.08928
1.0861
1.0832
1.07977
1.07654
1.07204
1.06853
1.06336
1.06015
1.05585
1.05389
1.14983
1.16024
1.16679
1.17538
1.17898
1.1863
1.18931
1.19615
1.19878
1.2048
1.20656
1.2119
1.21316
1.21824
1.21917
1.22358
1.22366
1.22723
1.22658
1.22953
1.22821
1.23038
1.22779
1.22837
1.22371
1.22247
1.21572
1.21241
1.20378
1.19851
1.18823
1.18125
1.16978
1.16195
1.1504
1.14259
1.13081
1.12245
1.10973
1.09896
1.18553
1.18926
1.19231
1.19761
1.20284
1.21087
1.21751
1.22527
1.23147
1.23818
1.24321
1.2484
1.2518
1.2553
1.25711
1.25932
1.26013
1.26146
1.2612
1.26056
1.25765
1.25391
1.24798
1.24195
1.23361
1.22661
1.21698
1.2102
1.19952
1.19309
1.18169
1.17597
1.16459
1.15969
1.14747
1.14061
1.1238
1.11139
1.09098
1.08071
1.1197
1.13799
1.1942
1.23284
1.27664
1.31221
1.35218
1.38417
1.42039
1.44863
1.48084
1.50516
1.53303
1.55268
1.57525
1.58914
1.6054
1.61291
1.6231
1.62541
1.63122
1.62984
1.632
1.62698
1.6252
1.61579
1.60881
1.59468
1.58302
1.56496
1.54862
1.52726
1.50624
1.48291
1.45725
1.43144
1.40149
1.37355
1.34361
1.31549
1.00267
1.00347
1.00384
1.00418
1.00436
1.00454
1.00461
1.00473
1.0048
1.00481
1.00478
1.00469
1.00457
1.00434
1.00408
1.00379
1.00339
1.00276
1.00211
1.00128
1.00042
0.999336
0.99835
0.997216
0.996183
0.995178
0.994274
0.993595
0.993227
0.993149
0.993484
0.994007
0.994713
0.99561
0.996664
0.99768
0.998814
0.999216
0.99921
0.998305
1.00301
1.00396
1.00427
1.00456
1.00472
1.00483
1.005
1.0051
1.00512
1.00511
1.00513
1.00513
1.00502
1.00472
1.00438
1.00399
1.00356
1.00296
1.00228
1.00133
1.00038
0.999416
0.998217
0.997166
0.996028
0.994975
0.994007
0.993311
0.992879
0.992739
0.993045
0.993625
0.994418
0.99546
0.996573
0.997909
0.999263
0.999931
0.999737
0.998654
1.0035
1.00448
1.00469
1.00491
1.00496
1.00514
1.00525
1.00527
1.00536
1.00542
1.00552
1.00547
1.00532
1.00508
1.00476
1.0043
1.00372
1.00306
1.00218
1.00128
1.00035
0.999187
0.998189
0.996954
0.995846
0.994739
0.993728
0.992939
0.992419
0.992341
0.992564
0.993196
0.994104
0.995239
0.99665
0.998005
0.999734
1.00045
1.00008
0.998932
1.00407
1.00498
1.00491
1.00513
1.00508
1.00541
1.00538
1.00552
1.00562
1.00567
1.00572
1.00564
1.0056
1.00532
1.005
1.00446
1.00382
1.00308
1.0022
1.00115
1.0001
0.999113
0.997877
0.996745
0.995539
0.994411
0.993322
0.992476
0.992006
0.991854
0.99202
0.992693
0.993721
0.995016
0.996675
0.998157
1.0001
1.00083
1.0002
0.998935
1.00472
1.00539
1.0051
1.0053
1.00527
1.00559
1.00548
1.00561
1.00568
1.00569
1.00577
1.00562
1.00566
1.00554
1.00524
1.00465
1.00404
1.00306
1.00208
1.00105
0.99999
0.998744
0.997704
0.996397
0.995194
0.994016
0.992926
0.992036
0.991549
0.991317
0.991447
0.992207
0.993342
0.994841
0.996629
0.998456
1.0003
1.00118
1.00052
0.99901
1.00532
1.00581
1.00545
1.00567
1.00559
1.00573
1.00575
1.00588
1.00583
1.00573
1.00567
1.00547
1.00559
1.00561
1.00528
1.00493
1.00418
1.00328
1.00211
1.0009
0.999588
0.998551
0.997286
0.996066
0.994787
0.993559
0.992438
0.991497
0.990945
0.990749
0.990865
0.991647
0.99295
0.994598
0.996658
0.998545
1.00042
1.00148
1.00092
0.999421
1.00568
1.00599
1.00568
1.00597
1.00573
1.00586
1.00608
1.00623
1.00614
1.00596
1.00579
1.00554
1.00534
1.00545
1.0053
1.00493
1.00446
1.00339
1.00224
1.00082
0.999549
0.998254
0.996985
0.995613
0.994249
0.992951
0.991849
0.990851
0.990188
0.990042
0.990164
0.991018
0.992394
0.994207
0.996525
0.998584
1.00041
1.00147
1.00153
1.0002
1.00588
1.00602
1.00584
1.00613
1.00592
1.00626
1.00647
1.0065
1.00641
1.00632
1.00641
1.00603
1.00548
1.00515
1.00493
1.00508
1.00457
1.00373
1.00235
1.00098
0.999478
0.998091
0.996589
0.995127
0.993674
0.992331
0.991151
0.990109
0.989382
0.989221
0.989431
0.99032
0.991908
0.993926
0.99614
0.99851
1.00015
1.00111
1.00223
1.00067
1.00605
1.00618
1.00615
1.00633
1.00608
1.00653
1.00675
1.00672
1.0067
1.00689
1.00691
1.00648
1.00595
1.00532
1.00492
1.00481
1.0047
1.00401
1.00284
1.00129
0.99954
0.997986
0.996376
0.994769
0.993161
0.991643
0.990332
0.989269
0.98855
0.988392
0.988733
0.989751
0.991366
0.993582
0.995975
0.998252
0.999586
1.00089
1.00265
1.00147
1.00629
1.00639
1.00636
1.00652
1.00629
1.00687
1.00712
1.00698
1.00701
1.00716
1.00725
1.00699
1.00653
1.00586
1.00513
1.00459
1.00446
1.004
1.00287
1.00141
0.999659
0.997941
0.996027
0.994349
0.992569
0.990929
0.989405
0.988319
0.987647
0.987483
0.987913
0.988999
0.990902
0.992959
0.995423
0.997788
0.999455
1.00144
1.00359
1.00215
1.00649
1.00659
1.0068
1.00693
1.00676
1.00732
1.00753
1.00749
1.00727
1.00706
1.00717
1.00722
1.00696
1.00662
1.00566
1.00471
1.00403
1.00386
1.00313
1.00173
0.999562
0.997573
0.995614
0.993669
0.991754
0.989926
0.988427
0.987302
0.986563
0.98642
0.986925
0.988096
0.989949
0.992465
0.994808
0.997207
0.999325
1.00158
1.00418
1.00279
1.00687
1.00688
1.0072
1.00738
1.00732
1.00747
1.00752
1.0077
1.00738
1.00706
1.00722
1.00702
1.00679
1.00692
1.00625
1.00507
1.00428
1.00365
1.00289
1.0014
0.999395
0.997441
0.994845
0.992828
0.990776
0.988927
0.987248
0.986063
0.9853
0.985219
0.985823
0.987146
0.989124
0.991451
0.994141
0.996949
0.999324
1.00139
1.00477
1.00365
1.00722
1.00729
1.00747
1.00756
1.00756
1.00761
1.00755
1.0077
1.00743
1.00732
1.00751
1.00718
1.00661
1.00656
1.00652
1.00558
1.00448
1.00357
1.00275
1.00141
0.999375
0.996819
0.994451
0.992163
0.989852
0.98769
0.986122
0.984796
0.983926
0.98398
0.984736
0.986054
0.988142
0.9911
0.993359
0.996187
0.998541
1.00057
1.00505
1.00479
1.00746
1.00773
1.00763
1.00767
1.00775
1.00784
1.00787
1.00785
1.00751
1.00765
1.00796
1.00757
1.00691
1.00639
1.0063
1.00586
1.0046
1.00352
1.00235
1.00063
0.998594
0.996751
0.993966
0.991237
0.988748
0.986749
0.984799
0.983313
0.982516
0.982621
0.983433
0.984939
0.987087
0.98975
0.992769
0.995818
0.998183
1.00009
1.0048
1.00544
1.00765
1.00817
1.00805
1.00825
1.00845
1.00854
1.00872
1.00848
1.00782
1.00783
1.00831
1.0081
1.00743
1.00652
1.00599
1.00566
1.00495
1.00388
1.00221
1.00041
0.998402
0.995897
0.993029
0.990627
0.988032
0.985358
0.983413
0.981872
0.981062
0.98118
0.982011
0.983635
0.985958
0.988888
0.991758
0.995034
0.99761
0.99961
1.00425
1.00615
1.00798
1.00851
1.00855
1.00892
1.00914
1.00924
1.00952
1.00909
1.00807
1.00768
1.00803
1.008
1.00766
1.0069
1.00603
1.00536
1.00464
1.00338
1.00167
0.999418
0.99732
0.995045
0.992331
0.989295
0.986503
0.984187
0.981866
0.980036
0.979349
0.979383
0.980318
0.982083
0.984486
0.98755
0.990837
0.994168
0.99713
0.999245
1.00339
1.00608
1.00858
1.00889
1.009
1.00942
1.00944
1.00947
1.0097
1.00949
1.00875
1.00816
1.00822
1.00816
1.00805
1.00739
1.00643
1.00541
1.00439
1.00321
1.00137
0.999327
0.996819
0.994076
0.990877
0.988424
0.985685
0.982665
0.980109
0.978437
0.977637
0.977577
0.978571
0.980619
0.983284
0.986203
0.989679
0.993455
0.996715
0.999352
1.00329
1.00647
1.00895
1.00918
1.00914
1.00942
1.00937
1.00933
1.00927
1.00929
1.00884
1.00827
1.00828
1.00793
1.0075
1.00701
1.00626
1.00534
1.00403
1.00246
1.00057
0.997988
0.995771
0.992901
0.989994
0.986831
0.983446
0.98066
0.978268
0.976142
0.975295
0.975276
0.976405
0.978454
0.9814
0.984861
0.988169
0.991806
0.995521
0.99859
1.00219
1.00602
1.00954
1.00993
1.0098
1.00987
1.00974
1.00991
1.00998
1.01015
1.00996
1.00903
1.0088
1.00852
1.00798
1.00718
1.00652
1.00572
1.00414
1.00248
1.00032
0.997977
0.9954
0.99198
0.988416
0.985275
0.982283
0.979145
0.976146
0.974262
0.97336
0.973247
0.974518
0.976826
0.979712
0.983391
0.986998
0.991173
0.994901
0.998815
1.00204
1.00605
1.00969
1.00998
1.00988
1.00988
1.00973
1.00994
1.0103
1.01052
1.01012
1.0091
1.00859
1.00817
1.00794
1.00711
1.00614
1.00485
1.00322
1.00154
0.999192
0.996524
0.993661
0.990246
0.986864
0.983336
0.97937
0.976068
0.973513
0.971332
0.970146
0.970152
0.971523
0.973965
0.977336
0.981036
0.984525
0.988896
0.993266
0.997632
1.00143
1.00511
1.01054
1.01077
1.01086
1.01102
1.01077
1.01094
1.01124
1.01163
1.01137
1.01065
1.00989
1.009
1.00845
1.0079
1.0068
1.00545
1.0038
1.00176
0.999099
0.996092
0.993092
0.989303
0.985337
0.981299
0.977663
0.974215
0.971202
0.968928
0.967904
0.967882
0.969429
0.971968
0.975371
0.98001
0.983423
0.988012
0.992021
0.997466
1.00109
1.00549
1.0106
1.01075
1.01072
1.01102
1.01097
1.0109
1.01085
1.01112
1.01091
1.01076
1.01004
1.00888
1.00809
1.00722
1.00622
1.00445
1.00274
1.0001
0.997325
0.994294
0.990864
0.986706
0.982612
0.978476
0.974231
0.970299
0.967112
0.964932
0.963606
0.963622
0.965414
0.968136
0.971651
0.976405
0.980319
0.985229
0.989633
0.995129
0.999414
1.00359
1.01156
1.01177
1.01161
1.01188
1.01222
1.01229
1.01206
1.01223
1.01212
1.01223
1.01164
1.01067
1.00941
1.00813
1.00688
1.00488
1.00272
1.00012
0.997146
0.993666
0.989576
0.985266
0.980882
0.976194
0.971632
0.967514
0.964375
0.961785
0.96066
0.960804
0.96279
0.96575
0.969752
0.974822
0.978832
0.984461
0.988794
0.995039
0.999884
1.00452
1.01138
1.01161
1.01146
1.01171
1.01208
1.01222
1.01213
1.0122
1.01177
1.01161
1.01089
1.01015
1.00892
1.00749
1.00559
1.00354
1.00098
0.998397
0.99487
0.991185
0.986818
0.982401
0.977301
0.972222
0.967121
0.963064
0.959113
0.956689
0.955373
0.955607
0.957314
0.96075
0.964683
0.970332
0.974604
0.980418
0.984726
0.991243
0.996748
1.0016
1.01242
1.01271
1.01289
1.0133
1.01374
1.01394
1.01394
1.014
1.01346
1.01316
1.01225
1.01112
1.00978
1.00823
1.00593
1.00356
1.00086
0.997792
0.993725
0.989535
0.984947
0.979609
0.974294
0.968611
0.963808
0.958351
0.955105
0.952159
0.950946
0.95135
0.954017
0.957416
0.961859
0.968355
0.97305
0.9797
0.984556
0.991213
0.997387
1.00279
1.01263
1.01288
1.01282
1.01312
1.01343
1.01349
1.01321
1.01315
1.01264
1.01223
1.01115
1.00996
1.00823
1.00644
1.0045
1.00199
0.999322
0.995323
0.99113
0.986942
0.981462
0.976106
0.96979
0.964437
0.957585
0.953158
0.948289
0.945728
0.944485
0.944865
0.947056
0.950628
0.955262
0.961852
0.967008
0.974276
0.979322
0.986588
0.993467
0.999202
1.01471
1.01506
1.01484
1.0152
1.01526
1.01542
1.01492
1.01482
1.01439
1.0137
1.01244
1.01117
1.00913
1.0071
1.00476
1.00167
0.998092
0.993886
0.989494
0.98399
0.978309
0.971552
0.965729
0.957997
0.952714
0.946326
0.942563
0.939316
0.938159
0.938981
0.942051
0.946349
0.951593
0.959278
0.964983
0.973157
0.979213
0.986587
0.994197
1.00074
1.01496
1.01526
1.01498
1.01523
1.01486
1.01483
1.01406
1.01358
1.01291
1.01214
1.01117
1.00985
1.00789
1.00575
1.00296
0.999468
0.995657
0.991359
0.985761
0.980481
0.973057
0.966968
0.958791
0.952316
0.944371
0.93903
0.933176
0.93048
0.929082
0.929793
0.932514
0.937349
0.942565
0.950803
0.956723
0.965866
0.972413
0.980141
0.988693
0.995872
1.01767
1.01826
1.01806
1.01836
1.01766
1.01748
1.01641
1.01592
1.01481
1.01403
1.01254
1.01087
1.0084
1.00627
1.00277
0.998719
0.994343
0.988975
0.982913
0.975507
0.96894
0.960201
0.953282
0.943574
0.937446
0.929756
0.925589
0.92197
0.920896
0.922392
0.925889
0.931594
0.937565
0.947498
0.95431
0.964455
0.972386
0.98023
0.989581
0.997934
1.01841
1.01851
1.01826
1.01813
1.01734
1.01691
1.01598
1.01539
1.0142
1.01292
1.01098
1.00898
1.00653
1.00355
0.999615
0.99531
0.990224
0.984162
0.976451
0.969907
0.960448
0.952455
0.941737
0.934199
0.924521
0.917952
0.911605
0.908176
0.907146
0.908213
0.912323
0.918408
0.925058
0.935595
0.943056
0.954212
0.962901
0.971166
0.981629
0.99096
1.02077
1.02065
1.01996
1.02002
1.01934
1.01948
1.01852
1.0182
1.01644
1.01538
1.01281
1.01053
1.00724
1.00382
0.99916
0.99375
0.987923
0.980295
0.972755
0.962756
0.954193
0.942818
0.933787
0.922707
0.914188
0.906018
0.90062
0.89704
0.89615
0.8986
0.903257
0.910945
0.918725
0.931353
0.94015
0.952312
0.963283
0.97193
0.98311
0.993669
1.02367
1.02313
1.02225
1.0215
1.0204
1.01948
1.01812
1.01713
1.01506
1.01333
1.01019
1.0077
1.00335
0.998798
0.992697
0.98699
0.979341
0.971002
0.960697
0.951927
0.939405
0.928544
0.915642
0.90548
0.894422
0.886
0.87945
0.875696
0.875025
0.87763
0.882861
0.89141
0.900179
0.91429
0.923942
0.937899
0.950268
0.959938
0.972165
0.98334
1.02601
1.02539
1.02387
1.02312
1.02158
1.02097
1.01944
1.01815
1.01627
1.01463
1.01168
1.00797
1.0032
0.997864
0.991042
0.983022
0.97486
0.963714
0.954103
0.939838
0.92865
0.914115
0.901876
0.888467
0.877592
0.868301
0.86213
0.858791
0.85862
0.862695
0.870025
0.88102
0.891329
0.908283
0.920264
0.935436
0.951345
0.962177
0.975909
0.987927
1.03226
1.03106
1.02926
1.0281
1.02596
1.02402
1.02098
1.01907
1.01525
1.01215
1.00727
1.00311
0.996004
0.989177
0.980572
0.97202
0.959379
0.94818
0.933477
0.920179
0.903126
0.888559
0.872519
0.85863
0.845818
0.835738
0.828716
0.825353
0.827276
0.831443
0.839883
0.852102
0.864233
0.882911
0.897555
0.91482
0.933141
0.945452
0.961647
0.973638
1.03491
1.0341
1.03168
1.02992
1.02679
1.02403
1.02011
1.01643
1.01246
1.00831
1.00316
0.997026
0.990212
0.981696
0.971559
0.959278
0.946971
0.931574
0.916262
0.896815
0.881432
0.862222
0.845697
0.828786
0.815195
0.806244
0.799053
0.798327
0.800642
0.80767
0.820757
0.836658
0.852542
0.875115
0.892542
0.908704
0.934365
0.949629
0.970725
0.98206
1.04552
1.04368
1.04029
1.03744
1.03233
1.0289
1.02248
1.01823
1.01098
1.00671
0.998049
0.990803
0.978959
0.968827
0.953515
0.939351
0.91995
0.901916
0.879769
0.860044
0.837039
0.81503
0.795538
0.776799
0.762701
0.75031
0.746443
0.743539
0.748813
0.761263
0.774055
0.79358
0.809869
0.838748
0.86452
0.881684
0.906015
0.924313
0.947108
0.968496
1.05132
1.04934
1.04568
1.04061
1.03444
1.02769
1.02121
1.01353
1.00524
0.99572
0.985229
0.973234
0.95906
0.943094
0.924779
0.904703
0.882656
0.85929
0.83443
0.809166
0.783756
0.760196
0.738201
0.717638
0.702087
0.698565
0.691553
0.6974
0.708255
0.72279
0.744536
0.774936
0.799382
0.826497
0.860546
0.889854
0.916533
0.942345
0.961115
0.979828
1.08413
1.07504
1.06118
1.05367
1.04142
1.03514
1.0233
1.01556
1.00098
0.989152
0.970421
0.953932
0.930957
0.910019
0.882538
0.856869
0.824705
0.795782
0.760879
0.729545
0.696287
0.667779
0.641132
0.615669
0.610446
0.593831
0.59679
0.603975
0.623609
0.649345
0.670054
0.704864
0.742442
0.771448
0.811031
0.838956
0.880098
0.906291
0.951666
0.970165
1.0718
1.06716
1.06411
1.06104
1.0546
1.04564
1.03048
1.01337
0.989726
0.965485
0.934929
0.904799
0.868997
0.83423
0.794132
0.754535
0.710844
0.668868
0.626271
0.590094
0.550724
0.528503
0.495008
0.49532
0.480658
0.491324
0.509434
0.541333
0.574871
0.620609
0.668195
0.712257
0.769072
0.807019
0.863841
0.895988
0.941997
0.966439
1.00031
1.02552
1.2842
1.25704
1.21427
1.17783
1.12661
1.08531
1.03003
0.986719
0.928902
0.884683
0.824649
0.779455
0.717006
0.670831
0.606501
0.560241
0.496136
0.450683
0.39236
0.35111
0.315945
0.280727
0.29018
0.297725
0.293459
0.354086
0.395341
0.456893
0.528487
0.578356
0.668036
0.706377
0.802437
0.838104
0.929217
0.967465
1.04754
1.08751
1.15609
1.19223
0.999993
1
0.999997
0.999995
0.999993
0.999992
0.999991
0.999991
0.999991
0.99999
0.99999
0.99999
0.99999
0.99999
0.999991
0.99999
0.999991
0.999991
0.999992
0.999992
0.999993
0.999993
0.999994
0.999994
0.999995
0.999995
0.999996
0.999996
0.999996
0.999996
0.999996
0.999996
0.999996
0.999996
0.999996
0.999997
0.999997
0.999997
0.999997
0.999989
0.999995
1.00001
1.00001
1.00001
1.00001
1.00001
1.00001
1.00001
1.00001
1.00001
1.00001
1.00001
1.00001
1.00001
1.00001
1.00001
1.00001
1.00001
1
1
1
1
0.999998
0.999996
0.999995
0.999994
0.999993
0.999992
0.999992
0.999992
0.999992
0.999993
0.999994
0.999994
0.999995
0.999996
0.999996
0.999997
0.999998
0.999979
1
1.00001
1
0.999999
0.999996
0.999993
0.999992
0.99999
0.99999
0.99999
0.99999
0.99999
0.99999
0.99999
0.999989
0.999987
0.999987
0.999985
0.999983
0.999982
0.99998
0.999978
0.999977
0.999975
0.999974
0.999972
0.999972
0.999971
0.999971
0.999971
0.999971
0.999972
0.999972
0.999972
0.999972
0.999974
0.999976
0.999978
0.999981
0.999958
1.00001
1.00003
1.00002
1.00002
1.00001
1.00001
1
0.999999
0.999997
0.999996
0.999996
0.999996
0.999996
0.999994
0.999993
0.999992
0.99999
0.999986
0.999981
0.999976
0.99997
0.999964
0.999957
0.999951
0.999945
0.999939
0.999934
0.99993
0.999928
0.999927
0.999928
0.999931
0.999935
0.999939
0.999946
0.999953
0.99996
0.999965
0.999972
0.999935
1.00002
1.00005
1.00004
1.00004
1.00003
1.00003
1.00002
1.00002
1.00002
1.00001
1.00001
1.00001
1.00001
1
0.999996
0.99999
0.999985
0.999977
0.999969
0.999961
0.999952
0.999944
0.999936
0.999928
0.99992
0.999914
0.999911
0.999908
0.999908
0.99991
0.999913
0.999919
0.999926
0.999932
0.999939
0.999946
0.999953
0.999959
0.999969
0.999922
1.00004
1.0001
1.0001
1.0001
1.0001
1.0001
1.0001
1.00011
1.00011
1.00011
1.00011
1.00011
1.00012
1.00011
1.00011
1.00011
1.00011
1.0001
1.00009
1.00008
1.00007
1.00005
1.00004
1.00002
1
0.999989
0.999973
0.999959
0.999947
0.999938
0.999931
0.999927
0.999927
0.999928
0.999931
0.999937
0.999945
0.999952
0.999962
0.999907
1.00007
1.00016
1.00015
1.00015
1.00016
1.00016
1.00017
1.00017
1.00017
1.00018
1.00018
1.00018
1.00019
1.00018
1.00018
1.00018
1.00018
1.00017
1.00016
1.00014
1.00012
1.0001
1.00007
1.00005
1.00002
0.999998
0.999975
0.999955
0.999937
0.999923
0.999913
0.999907
0.999905
0.999906
0.999909
0.999917
0.999927
0.999937
0.999949
0.99988
1.00008
1.00018
1.00017
1.00016
1.00016
1.00016
1.00016
1.00017
1.00017
1.00018
1.00018
1.00018
1.00018
1.00018
1.00017
1.00016
1.00015
1.00013
1.00012
1.0001
1.00007
1.00004
1.00001
0.999983
0.999953
0.999925
0.9999
0.999879
0.999863
0.999852
0.999846
0.999846
0.99985
0.999859
0.99987
0.999886
0.999902
0.999918
0.999933
0.999852
1.00008
1.00019
1.00018
1.00017
1.00016
1.00016
1.00015
1.00014
1.00013
1.00012
1.0001
1.00009
1.00007
1.00005
1.00003
1.00001
0.99999
0.999963
0.999939
0.999911
0.999882
0.999854
0.999826
0.999801
0.999779
0.999762
0.99975
0.999743
0.999743
0.999747
0.999756
0.99977
0.999786
0.999806
0.999823
0.999845
0.999865
0.999887
0.999906
0.999797
1.0001
1.00022
1.00021
1.0002
1.00019
1.00018
1.00017
1.00016
1.00014
1.00012
1.00011
1.00009
1.00006
1.00004
1.00001
0.999977
0.999945
0.999913
0.999878
0.99984
0.999803
0.999766
0.999731
0.999698
0.999672
0.99965
0.999636
0.99963
0.999631
0.999638
0.999654
0.999677
0.999703
0.999735
0.999765
0.999799
0.999826
0.999859
0.999884
0.999754
1.00012
1.00026
1.00026
1.00025
1.00024
1.00024
1.00023
1.00023
1.00022
1.00021
1.0002
1.00018
1.00017
1.00015
1.00012
1.00009
1.00006
1.00003
0.999997
0.999955
0.999912
0.999867
0.999824
0.999781
0.999742
0.999708
0.999683
0.999665
0.999655
0.999654
0.999661
0.999678
0.9997
0.999731
0.999761
0.999797
0.999825
0.999859
0.999884
0.999749
1.00017
1.00035
1.00035
1.00036
1.00036
1.00038
1.00039
1.00041
1.00042
1.00044
1.00045
1.00045
1.00045
1.00045
1.00043
1.00043
1.00039
1.00036
1.00032
1.00027
1.00022
1.00016
1.0001
1.00003
0.999971
0.999912
0.999858
0.999815
0.999781
0.999759
0.999746
0.999746
0.999753
0.999771
0.999788
0.999818
0.999842
0.999871
0.999891
0.999737
1.0002
1.0004
1.00041
1.00042
1.00044
1.00046
1.00048
1.0005
1.00051
1.00053
1.00053
1.00053
1.00053
1.00052
1.00051
1.00049
1.00043
1.0004
1.00035
1.00029
1.00022
1.00016
1.00009
1.00002
0.999953
0.999891
0.999835
0.999792
0.999758
0.999737
0.999728
0.999732
0.999743
0.999765
0.999784
0.999821
0.999846
0.999874
0.999885
0.999706
1.0002
1.0004
1.00039
1.00038
1.00038
1.00037
1.00036
1.00035
1.00034
1.00032
1.00031
1.00028
1.00026
1.00023
1.0002
1.00016
1.00008
1.00004
0.999967
0.999896
0.999822
0.999746
0.99967
0.999599
0.999533
0.999478
0.999435
0.99941
0.999399
0.999406
0.999427
0.999461
0.999501
0.999546
0.999603
0.999677
0.999725
0.999782
0.999822
0.999635
1.00023
1.00042
1.00039
1.00037
1.00036
1.00035
1.00035
1.00034
1.00033
1.00033
1.00031
1.00029
1.00027
1.00023
1.0002
1.00017
1.00008
1.00002
0.999933
0.999848
0.999759
0.999667
0.999574
0.999485
0.999403
0.999331
0.999276
0.999237
0.99922
0.999219
0.999242
0.999281
0.999334
0.999394
0.999464
0.999545
0.999608
0.999673
0.999721
0.999528
1.0003
1.00052
1.00053
1.00054
1.00056
1.00058
1.0006
1.00062
1.00063
1.00063
1.00063
1.00062
1.00059
1.00055
1.00051
1.00049
1.00038
1.00032
1.00021
1.00011
1
0.999886
0.999773
0.999661
0.999559
0.99947
0.999396
0.999343
0.999308
0.999296
0.999305
0.999334
0.999381
0.999436
0.999477
0.99955
0.999612
0.999671
0.99971
0.999498
1.00043
1.00068
1.0007
1.00072
1.00075
1.00078
1.0008
1.00082
1.00084
1.00084
1.00084
1.00082
1.00079
1.00073
1.00068
1.00066
1.00054
1.00045
1.00033
1.00022
1.00009
0.999954
0.999817
0.999687
0.999564
0.999459
0.999374
0.999314
0.99928
0.999262
0.999274
0.999307
0.999363
0.999439
0.999468
0.999536
0.999597
0.999651
0.999683
0.999459
1.00049
1.00074
1.00075
1.00076
1.00079
1.00081
1.00083
1.00085
1.00086
1.00087
1.00086
1.00083
1.00079
1.00072
1.00064
1.00062
1.00051
1.00041
1.00027
1.00013
0.999979
0.999824
0.999671
0.999521
0.999381
0.999259
0.99916
0.999091
0.999051
0.999037
0.999054
0.9991
0.999173
0.999275
0.999321
0.999385
0.999469
0.999538
0.999594
0.999366
1.00054
1.0008
1.00082
1.00083
1.00085
1.00089
1.00091
1.00093
1.00094
1.00095
1.00093
1.0009
1.00085
1.00077
1.00068
1.00065
1.00055
1.00042
1.00027
1.00011
0.999938
0.999759
0.999576
0.999396
0.99923
0.999086
0.998969
0.998887
0.998845
0.998828
0.998846
0.998899
0.998985
0.999104
0.999162
0.999223
0.999318
0.999393
0.99944
0.999211
1.00066
1.00094
1.00095
1.00098
1.00102
1.00104
1.00107
1.0011
1.00112
1.00112
1.0011
1.00106
1.00101
1.00092
1.0008
1.00078
1.00066
1.00052
1.00034
1.00015
0.999948
0.999743
0.999541
0.999345
0.999164
0.999002
0.998873
0.998776
0.99872
0.998702
0.998721
0.998778
0.998865
0.998993
0.999054
0.999124
0.999219
0.999292
0.999359
0.999114
1.00082
1.00109
1.00113
1.00115
1.00118
1.00123
1.00125
1.00127
1.00129
1.00129
1.00127
1.00123
1.00116
1.00107
1.00095
1.00091
1.00079
1.00062
1.00042
1.00021
1
0.999772
0.999536
0.999305
0.99909
0.998906
0.998756
0.998652
0.998595
0.998574
0.998592
0.998657
0.998753
0.998891
0.998966
0.999042
0.999149
0.999231
0.999279
0.999048
1.00092
1.00123
1.00124
1.00127
1.00133
1.00135
1.00138
1.00141
1.00143
1.00142
1.00139
1.00135
1.00128
1.00118
1.00103
1.00097
1.00084
1.00066
1.00045
1.0002
0.999951
0.999694
0.999442
0.999203
0.99898
0.998779
0.998619
0.998495
0.998418
0.998395
0.998423
0.998489
0.998594
0.998729
0.998815
0.998916
0.999023
0.999113
0.999192
0.99894
1.00105
1.00132
1.00137
1.00141
1.00143
1.00148
1.00151
1.00153
1.00155
1.00154
1.00152
1.00147
1.00139
1.00129
1.00115
1.00108
1.00094
1.00073
1.00048
1.00024
0.999989
0.999708
0.999418
0.999126
0.998855
0.998623
0.998435
0.998309
0.99824
0.998214
0.998241
0.998314
0.998431
0.998572
0.998681
0.998797
0.998917
0.999009
0.999067
0.998837
1.00116
1.00149
1.00151
1.00153
1.0016
1.00164
1.00167
1.0017
1.00171
1.0017
1.00166
1.00161
1.00153
1.00141
1.00126
1.00116
1.00099
1.00077
1.00052
1.00023
0.99993
0.999619
0.999308
0.999022
0.998754
0.998511
0.998314
0.998159
0.998065
0.998037
0.998073
0.998156
0.99828
0.998423
0.998542
0.998681
0.998808
0.99892
0.999003
0.998752
1.0013
1.00158
1.00162
1.00169
1.00173
1.00177
1.0018
1.00183
1.00184
1.00183
1.0018
1.00174
1.00165
1.00155
1.0014
1.00128
1.00111
1.00086
1.00058
1.0003
0.999997
0.99966
0.999317
0.99896
0.998629
0.998345
0.998117
0.997966
0.997885
0.997856
0.997892
0.997977
0.998115
0.998267
0.998417
0.998577
0.998715
0.998822
0.998902
0.99867
1.00142
1.00175
1.00179
1.00183
1.00189
1.00195
1.00199
1.00201
1.00202
1.002
1.00196
1.0019
1.00181
1.00169
1.00151
1.00137
1.00117
1.00092
1.00062
1.00029
0.99993
0.99956
0.999186
0.998845
0.998525
0.998235
0.997993
0.997803
0.997694
0.997663
0.997707
0.997817
0.997964
0.998133
0.99829
0.998465
0.998619
0.998755
0.998837
0.998595
1.00155
1.00184
1.00189
1.00195
1.00203
1.00206
1.0021
1.00213
1.00214
1.00213
1.00208
1.00201
1.00192
1.00182
1.00166
1.0015
1.00128
1.00101
1.0007
1.00038
1
0.999608
0.999204
0.998778
0.998383
0.998041
0.997773
0.997595
0.997484
0.997464
0.997514
0.997617
0.997779
0.997961
0.99815
0.998353
0.998523
0.998655
0.998758
0.998524
1.00165
1.00199
1.00204
1.00213
1.00217
1.00224
1.00229
1.00232
1.00233
1.0023
1.00226
1.00219
1.00209
1.00196
1.00178
1.00161
1.00137
1.00108
1.00073
1.00035
0.999937
0.9995
0.999062
0.998656
0.998268
0.997919
0.997623
0.997394
0.997288
0.997248
0.997301
0.99744
0.997623
0.997831
0.998041
0.998257
0.998436
0.998593
0.998689
0.998453
1.00179
1.00209
1.00217
1.00223
1.00233
1.00239
1.00243
1.00245
1.00246
1.00244
1.00239
1.00231
1.0022
1.00209
1.00191
1.00172
1.00147
1.00118
1.00084
1.00046
1.00002
0.999564
0.999082
0.998584
0.998124
0.997722
0.997405
0.9972
0.997039
0.997035
0.997115
0.997248
0.997441
0.997665
0.997898
0.998129
0.998354
0.998515
0.998638
0.998397
1.00188
1.00223
1.00229
1.00239
1.00246
1.00254
1.0026
1.00262
1.00264
1.00261
1.00257
1.00249
1.00238
1.00225
1.00207
1.00187
1.0016
1.00127
1.00086
1.00042
0.999954
0.999447
0.998943
0.998457
0.997982
0.997559
0.997207
0.996934
0.996843
0.996793
0.996862
0.997031
0.997251
0.997513
0.997783
0.998067
0.998273
0.998453
0.998576
0.99834
1.002
1.00235
1.00245
1.00256
1.00264
1.00271
1.00276
1.00279
1.0028
1.00277
1.00271
1.00262
1.00251
1.00237
1.00218
1.00196
1.0017
1.00137
1.001
1.00055
1.00005
0.999522
0.998951
0.998377
0.997852
0.997383
0.997
0.996748
0.996554
0.996565
0.996666
0.996848
0.9971
0.997378
0.997668
0.997921
0.998204
0.998401
0.998549
0.998299
1.00208
1.00244
1.00254
1.00266
1.00277
1.00285
1.00292
1.00295
1.00297
1.00294
1.00288
1.0028
1.00268
1.00256
1.00237
1.00215
1.00185
1.00147
1.00102
1.00052
0.999977
0.999404
0.998821
0.998234
0.997658
0.99715
0.99674
0.996437
0.996322
0.99629
0.996412
0.99661
0.996867
0.997176
0.997513
0.997876
0.998133
0.998341
0.998503
0.998251
1.0022
1.0026
1.00271
1.00284
1.00295
1.00304
1.0031
1.00313
1.00313
1.0031
1.00303
1.00294
1.00284
1.00268
1.00248
1.00224
1.00196
1.0016
1.00117
1.00067
1.00011
0.999489
0.998828
0.998173
0.997557
0.997004
0.996543
0.996216
0.996032
0.996026
0.996154
0.996404
0.996722
0.997068
0.997441
0.997742
0.998081
0.998304
0.998483
0.998227
1.00226
1.00266
1.00279
1.00295
1.00306
1.00317
1.00325
1.0033
1.00331
1.00329
1.00322
1.00313
1.003
1.00286
1.00268
1.00243
1.00209
1.00169
1.0012
1.00064
1.00002
0.999359
0.998678
0.99798
0.997314
0.996715
0.996231
0.995894
0.995716
0.995738
0.995923
0.996174
0.996485
0.996858
0.997257
0.997695
0.998021
0.998267
0.998466
0.998193
1.00235
1.0028
1.00296
1.00314
1.00327
1.00338
1.00346
1.0035
1.0035
1.00346
1.00337
1.00328
1.00318
1.00303
1.0028
1.00257
1.00227
1.00184
1.00136
1.0008
1.00017
0.999474
0.998716
0.99795
0.99721
0.99655
0.99601
0.995613
0.995423
0.995415
0.995623
0.99592
0.996284
0.996713
0.997191
0.997596
0.997994
0.998234
0.998459
0.998187
1.00239
1.00287
1.00302
1.00323
1.00341
1.00351
1.00359
1.00364
1.00367
1.00364
1.00356
1.00347
1.00333
1.00319
1.003
1.00273
1.00235
1.00196
1.0014
1.0008
1.00008
0.999325
0.998528
0.997723
0.996961
0.996257
0.995673
0.995275
0.995064
0.995095
0.995345
0.995676
0.996079
0.996548
0.997052
0.997528
0.997974
0.998233
0.998469
0.998169
1.00247
1.003
1.00321
1.00344
1.0036
1.00374
1.00383
1.00389
1.0039
1.00386
1.00375
1.00364
1.00354
1.00337
1.00314
1.00292
1.00259
1.00211
1.00161
1.00095
1.00024
0.999449
0.998589
0.997698
0.996831
0.996053
0.995427
0.994967
0.994713
0.994749
0.99506
0.995407
0.995825
0.996348
0.996921
0.997523
0.997969
0.998243
0.998503
0.998175
1.00247
1.00306
1.00327
1.00354
1.00371
1.00387
1.00396
1.00404
1.00407
1.00404
1.00396
1.00385
1.00375
1.00358
1.00335
1.00306
1.00268
1.00225
1.00161
1.00094
1.00016
0.999311
0.998385
0.997462
0.996581
0.995752
0.995051
0.994574
0.994336
0.994349
0.994711
0.995111
0.9956
0.996182
0.996878
0.997429
0.998064
0.998328
0.998566
0.998169
1.0025
1.00319
1.0035
1.00382
1.004
1.00415
1.00424
1.00432
1.00436
1.00431
1.00421
1.00409
1.00398
1.00377
1.00355
1.0033
1.00293
1.00245
1.00186
1.00113
1.00033
0.999417
0.998454
0.997444
0.996478
0.995578
0.994832
0.994301
0.993961
0.993961
0.994363
0.994791
0.995315
0.99601
0.996694
0.997514
0.998148
0.998462
0.998719
0.998199
1.00217
1.00304
1.00342
1.00385
1.00404
1.00421
1.00432
1.00442
1.00447
1.00444
1.00439
1.00429
1.00421
1.00398
1.00372
1.00343
1.00305
1.00251
1.00187
1.00107
1.00022
0.999266
0.998206
0.99719
0.996169
0.995227
0.99441
0.993861
0.993549
0.993559
0.993954
0.994441
0.995057
0.9958
0.996709
0.997552
0.998409
0.998739
0.998882
0.998097
1.00882
1.00116
1.00485
1.00318
1.00456
1.00441
1.00503
1.00549
1.00585
1.0063
1.00661
1.00654
1.00603
1.0054
1.00506
1.00518
1.00485
1.004
1.00341
1.00302
1.00249
1.00144
1.00012
0.998705
0.997166
0.995459
0.993733
0.992228
0.990972
0.99022
0.98989
0.990352
0.990243
0.992309
0.992964
0.997798
0.996151
0.998846
0.990429
0.994194
1.00635
1.00158
1.00525
1.00301
1.00465
1.00372
1.00484
1.00482
1.0053
1.00557
1.00563
1.00553
1.00516
1.00466
1.0043
1.00427
1.00415
1.00359
1.00311
1.00272
1.002
1.00102
0.999899
0.998609
0.997344
0.996062
0.994778
0.99354
0.99257
0.992032
0.991797
0.992312
0.991772
0.993997
0.992863
0.998136
0.994219
1.00175
0.989444
0.99158
0.998301
1.00286
1.00583
1.00328
1.00474
1.00353
1.00513
1.00491
1.0054
1.00542
1.0056
1.00551
1.00518
1.00472
1.00435
1.00416
1.00388
1.0033
1.00277
1.00229
1.00167
1.00097
1.00009
0.999017
0.997887
0.996707
0.995804
0.994815
0.993953
0.993266
0.992884
0.993402
0.993038
0.99524
0.993495
0.998133
0.993966
1.00172
0.989974
0.989478
0.994528
1.00546
1.00543
1.00399
1.00441
1.00402
1.0053
1.00516
1.0056
1.00559
1.00571
1.0056
1.00527
1.00486
1.00449
1.00423
1.00383
1.00313
1.00252
1.00201
1.00144
1.00083
1.00004
0.999135
0.998136
0.997039
0.996543
0.995904
0.995136
0.994313
0.99387
0.994293
0.994201
0.995889
0.995116
0.99812
0.995946
0.999738
0.995377
0.979538
0.994644
1.00675
1.00461
1.00419
1.00381
1.004
1.00481
1.00493
1.00527
1.00521
1.00527
1.00516
1.00488
1.0045
1.00414
1.00378
1.00325
1.00276
1.00234
1.00184
1.00124
1.00064
0.99994
0.999174
0.998346
0.997405
0.997108
0.996643
0.996003
0.995273
0.994919
0.995102
0.995224
0.995927
0.996392
0.997359
0.99807
0.997281
1.00121
0.97399
0.99556
1.00718
1.00424
1.00424
1.00326
1.00381
1.00399
1.0042
1.00426
1.00421
1.00417
1.00405
1.00384
1.00355
1.00327
1.00295
1.00263
1.00242
1.00209
1.00158
1.00103
1.00049
0.999881
0.999228
0.99855
0.997763
0.997472
0.99703
0.996516
0.995966
0.995735
0.995685
0.996024
0.995987
0.997233
0.996369
0.999068
0.995375
1.00443
0.973687
0.996837
1.00697
1.00348
1.00419
1.00298
1.00376
1.00355
1.00385
1.00374
1.00376
1.00365
1.00355
1.0034
1.00314
1.00287
1.00258
1.00234
1.00216
1.00181
1.00131
1.00081
1.00032
0.999793
0.999226
0.998655
0.998007
0.997698
0.997282
0.996874
0.996447
0.996304
0.996081
0.996573
0.996084
0.997625
0.995998
0.999403
0.99393
1.00484
0.97808
0.998609
1.00567
1.00273
1.00408
1.00286
1.00369
1.0033
1.00369
1.00352
1.00359
1.00347
1.00337
1.00322
1.00297
1.00268
1.0024
1.00213
1.00191
1.00154
1.00109
1.00064
1.00019
0.999721
0.999225
0.998738
0.998209
0.997901
0.997531
0.997196
0.99684
0.996741
0.996391
0.996923
0.996113
0.997713
0.995514
0.9992
0.993011
1.00238
0.983992
1.00027
1.00448
1.00244
1.00385
1.00274
1.00351
1.00304
1.00341
1.00321
1.00327
1.00315
1.00305
1.0029
1.00267
1.0024
1.00215
1.0019
1.00166
1.00132
1.00093
1.00053
1.00012
0.999702
0.999269
0.998849
0.998411
0.998106
0.99777
0.997476
0.997169
0.99708
0.996672
0.997152
0.996185
0.997667
0.995295
0.998509
0.993204
0.999613
0.988958
1.00123
1.00369
1.00237
1.00351
1.00262
1.00326
1.00282
1.00311
1.00291
1.00294
1.00282
1.00271
1.00257
1.00237
1.00213
1.00191
1.00169
1.00145
1.00114
1.0008
1.00045
1.00008
0.999707
0.999327
0.998959
0.998584
0.998286
0.997979
0.997709
0.997438
0.997336
0.996936
0.997313
0.996381
0.997595
0.995523
0.998017
0.994087
0.998166
0.992151
1.00168
1.00314
1.00232
1.00316
1.00251
1.003
1.00265
1.00285
1.00269
1.00268
1.00257
1.00246
1.00232
1.00214
1.00193
1.00172
1.0015
1.00128
1.001
1.0007
1.00038
1.00005
0.999715
0.999377
0.999048
0.99872
0.998437
0.998156
0.997908
0.997664
0.997539
0.997188
0.997437
0.996649
0.997547
0.995926
0.997686
0.994971
0.997407
0.994015
1.00187
1.00277
1.00227
1.00285
1.0024
1.00275
1.0025
1.00262
1.0025
1.00246
1.00236
1.00225
1.00211
1.00195
1.00176
1.00156
1.00135
1.00113
1.00087
1.00061
1.00032
1.00003
0.999721
0.999419
0.999123
0.998831
0.998568
0.998311
0.998082
0.997857
0.997714
0.997423
0.997547
0.99693
0.99753
0.996333
0.997498
0.995675
0.997126
0.995131
1.00191
1.00252
1.00222
1.0026
1.0023
1.00252
1.00235
1.0024
1.00231
1.00226
1.00216
1.00205
1.00192
1.00177
1.0016
1.00142
1.00122
1.001
1.00077
1.00052
1.00026
1
0.999729
0.999456
0.999189
0.998927
0.998684
0.99845
0.998234
0.99803
0.997872
0.997635
0.997656
0.9972
0.997555
0.996712
0.997437
0.996254
0.997092
0.995868
1.00187
1.00233
1.00215
1.00238
1.00219
1.00232
1.0022
1.00221
1.00214
1.00207
1.00198
1.00188
1.00175
1.00161
1.00145
1.00128
1.0011
1.0009
1.00068
1.00046
1.00022
0.999983
0.999737
0.999491
0.999249
0.999012
0.998787
0.998572
0.998371
0.998183
0.998019
0.997826
0.997772
0.997449
0.997619
0.99705
0.997465
0.996715
0.997151
0.996388
1.0018
1.00217
1.00207
1.00219
1.00208
1.00214
1.00206
1.00204
1.00198
1.00191
1.00182
1.00172
1.0016
1.00147
1.00132
1.00116
1.00099
1.00081
1.00061
1.0004
1.00019
0.999969
0.999746
0.999522
0.999302
0.999086
0.998879
0.998682
0.998495
0.998319
0.99816
0.997995
0.997898
0.997671
0.997713
0.997344
0.997548
0.997082
0.997318
0.996774
1.0017
1.00203
1.00197
1.00203
1.00196
1.00198
1.00192
1.00189
1.00183
1.00176
1.00168
1.00158
1.00147
1.00135
1.00121
1.00106
1.0009
1.00073
1.00054
1.00035
1.00016
0.999959
0.999755
0.999551
0.99935
0.999153
0.998962
0.99878
0.998608
0.998444
0.998293
0.998144
0.998032
0.997864
0.997832
0.997594
0.997666
0.997386
0.997491
0.997075
1.0016
1.0019
1.00187
1.00189
1.00185
1.00184
1.00179
1.00175
1.00169
1.00163
1.00155
1.00145
1.00135
1.00123
1.0011
1.00096
1.00081
1.00065
1.00049
1.00031
1.00013
0.99995
0.999764
0.999577
0.999393
0.999213
0.999038
0.998869
0.99871
0.998558
0.998416
0.998282
0.998166
0.998033
0.997965
0.997808
0.997806
0.99764
0.997673
0.997316
1.00149
1.00178
1.00176
1.00176
1.00173
1.00171
1.00167
1.00163
1.00157
1.0015
1.00143
1.00134
1.00124
1.00113
1.00101
1.00088
1.00074
1.00059
1.00044
1.00028
1.00011
0.999944
0.999773
0.999603
0.999434
0.999268
0.999107
0.998952
0.998803
0.998663
0.998532
0.998408
0.998296
0.998184
0.998102
0.997992
0.997954
0.997851
0.997846
0.997529
1.00139
1.00167
1.00166
1.00165
1.00162
1.00159
1.00156
1.00151
1.00146
1.00139
1.00132
1.00123
1.00114
1.00104
1.00092
1.0008
1.00067
1.00054
1.00039
1.00025
1.00009
0.999939
0.999783
0.999626
0.999471
0.999318
0.999169
0.999026
0.99889
0.99876
0.998639
0.998525
0.99842
0.998321
0.998239
0.998152
0.998101
0.99803
0.99801
0.997712
1.00128
1.00157
1.00155
1.00154
1.00152
1.00149
1.00145
1.00141
1.00135
1.00129
1.00122
1.00114
1.00105
1.00095
1.00085
1.00073
1.00061
1.00049
1.00035
1.00022
1.00008
0.999935
0.999791
0.999647
0.999504
0.999364
0.999228
0.999096
0.99897
0.99885
0.998738
0.998632
0.998536
0.998446
0.998368
0.998296
0.998244
0.998191
0.998168
0.997867
1.00119
1.00147
1.00146
1.00144
1.00142
1.00139
1.00135
1.00131
1.00126
1.0012
1.00113
1.00105
1.00097
1.00088
1.00078
1.00067
1.00056
1.00044
1.00032
1.00019
1.00006
0.999933
0.9998
0.999668
0.999536
0.999407
0.999281
0.99916
0.999044
0.998933
0.998829
0.998732
0.998642
0.998561
0.99849
0.998427
0.998378
0.998338
0.998314
0.998019
1.0011
1.00138
1.00136
1.00135
1.00133
1.0013
1.00126
1.00122
1.00117
1.00111
1.00105
1.00097
1.00089
1.00081
1.00072
1.00062
1.00051
1.0004
1.00029
1.00017
1.00005
0.999932
0.99981
0.999687
0.999566
0.999447
0.999331
0.999219
0.999111
0.999009
0.998914
0.998823
0.998741
0.998667
0.998602
0.998545
0.9985
0.998464
0.99844
0.998155
1.00101
1.00129
1.00128
1.00126
1.00124
1.00121
1.00118
1.00113
1.00109
1.00103
1.00097
1.0009
1.00083
1.00075
1.00066
1.00057
1.00047
1.00037
1.00026
1.00015
1.00004
0.999932
0.999819
0.999706
0.999594
0.999484
0.999377
0.999273
0.999174
0.99908
0.99899
0.998908
0.998833
0.998764
0.998705
0.998653
0.998611
0.998575
0.998553
0.998276
1.00093
1.00121
1.0012
1.00118
1.00116
1.00113
1.0011
1.00106
1.00101
1.00096
1.0009
1.00084
1.00077
1.00069
1.00061
1.00052
1.00043
1.00034
1.00024
1.00014
1.00004
0.999932
0.999827
0.999723
0.99962
0.999518
0.999419
0.999323
0.999232
0.999144
0.999062
0.998986
0.998917
0.998854
0.998799
0.998752
0.998715
0.998684
0.998666
0.998392
1.00085
1.00113
1.00112
1.00111
1.00109
1.00106
1.00103
1.00099
1.00094
1.00089
1.00084
1.00078
1.00071
1.00064
1.00056
1.00048
1.0004
1.00031
1.00022
1.00012
1.00003
0.999933
0.999836
0.999739
0.999643
0.99955
0.999458
0.999369
0.999284
0.999203
0.999128
0.999058
0.998994
0.998937
0.998887
0.998844
0.998811
0.998787
0.998772
0.99849
1.00078
1.00106
1.00105
1.00104
1.00102
1.00099
1.00096
1.00092
1.00088
1.00083
1.00078
1.00072
1.00066
1.00059
1.00052
1.00045
1.00037
1.00028
1.0002
1.00011
1.00002
0.999934
0.999844
0.999754
0.999665
0.999578
0.999493
0.999411
0.999333
0.999258
0.999189
0.999124
0.999065
0.999012
0.998966
0.998927
0.998896
0.998876
0.998858
0.998585
1.00072
1.001
1.00099
1.00097
1.00095
1.00093
1.0009
1.00086
1.00082
1.00078
1.00073
1.00067
1.00061
1.00055
1.00048
1.00041
1.00034
1.00026
1.00018
1.0001
1.00002
0.999935
0.999851
0.999768
0.999685
0.999605
0.999526
0.99945
0.999378
0.999309
0.999244
0.999184
0.99913
0.999081
0.999038
0.999001
0.99897
0.998948
0.998931
0.998685
1.00066
1.00094
1.00093
1.00091
1.00089
1.00087
1.00084
1.00081
1.00077
1.00073
1.00068
1.00063
1.00057
1.00051
1.00045
1.00038
1.00031
1.00024
1.00017
1.00009
1.00001
0.999936
0.999859
0.999781
0.999705
0.99963
0.999557
0.999486
0.999419
0.999355
0.999295
0.99924
0.999189
0.999144
0.999103
0.999069
0.999038
0.999013
0.998998
0.998775
1.0006
1.00088
1.00087
1.00086
1.00084
1.00082
1.00079
1.00076
1.00072
1.00068
1.00064
1.00059
1.00053
1.00048
1.00042
1.00036
1.00029
1.00022
1.00015
1.00008
1.00001
0.999938
0.999865
0.999793
0.999722
0.999652
0.999584
0.999519
0.999456
0.999397
0.999341
0.99929
0.999243
0.999201
0.999164
0.999132
0.999105
0.99908
0.999067
0.998851
1.00055
1.00083
1.00082
1.00081
1.00079
1.00077
1.00074
1.00071
1.00068
1.00064
1.0006
1.00055
1.0005
1.00045
1.00039
1.00033
1.00027
1.00021
1.00014
1.00008
1.00001
0.999941
0.999873
0.999805
0.999739
0.999674
0.999611
0.99955
0.999492
0.999437
0.999385
0.999337
0.999294
0.999255
0.99922
0.99919
0.999166
0.999145
0.999134
0.998905
1.0005
1.00078
1.00077
1.00076
1.00074
1.00072
1.0007
1.00067
1.00064
1.0006
1.00056
1.00051
1.00047
1.00042
1.00036
1.00031
1.00025
1.00019
1.00013
1.00007
1
0.999941
0.999877
0.999814
0.999752
0.999691
0.999632
0.999575
0.999521
0.99947
0.999422
0.999377
0.999337
0.999301
0.999271
0.999245
0.999224
0.999207
0.999196
0.998947
1.00046
1.00074
1.00073
1.00072
1.00071
1.00069
1.00066
1.00063
1.0006
1.00057
1.00053
1.00049
1.00044
1.00039
1.00034
1.00029
1.00024
1.00018
1.00012
1.00007
1.00001
0.999946
0.999886
0.999827
0.999769
0.999712
0.999657
0.999604
0.999554
0.999506
0.999461
0.99942
0.999382
0.999348
0.999318
0.999292
0.999273
0.999258
0.999248
0.998983
1.00042
1.0007
1.00069
1.00068
1.00066
1.00064
1.00062
1.00059
1.00056
1.00053
1.00049
1.00045
1.00041
1.00037
1.00032
1.00027
1.00022
1.00016
1.00011
1.00005
0.999998
0.999942
0.999886
0.99983
0.999775
0.999722
0.99967
0.99962
0.999573
0.999528
0.999486
0.999448
0.999413
0.999384
0.999359
0.999337
0.99932
0.999307
0.999298
0.999022
1.00039
1.00067
1.00066
1.00065
1.00064
1.00062
1.0006
1.00057
1.00054
1.00051
1.00047
1.00044
1.0004
1.00035
1.00031
1.00026
1.00021
1.00016
1.00011
1.00006
1.00001
0.999953
0.9999
0.999848
0.999796
0.999746
0.999698
0.999651
0.999606
0.999564
0.999525
0.999489
0.999456
0.999426
0.999399
0.999378
0.999361
0.999349
0.999341
0.999059
1.00035
1.00063
1.00063
1.00061
1.0006
1.00058
1.00056
1.00053
1.0005
1.00047
1.00044
1.0004
1.00036
1.00032
1.00028
1.00023
1.00019
1.00014
1.00009
1.00004
0.999991
0.999941
0.999891
0.999842
0.999794
0.999746
0.9997
0.999656
0.999615
0.999575
0.999539
0.999506
0.999476
0.999451
0.999428
0.999409
0.999393
0.999382
0.999375
0.99909
1.00033
1.00061
1.0006
1.00059
1.00058
1.00056
1.00054
1.00052
1.00049
1.00046
1.00043
1.0004
1.00036
1.00032
1.00028
1.00024
1.00019
1.00015
1.0001
1.00005
1.00001
0.999959
0.999911
0.999864
0.999817
0.999772
0.999728
0.999686
0.999646
0.999608
0.999573
0.99954
0.999511
0.999485
0.999463
0.999445
0.999431
0.999421
0.999413
0.999126
1.0003
1.00058
1.00057
1.00056
1.00055
1.00053
1.00051
1.00049
1.00046
1.00043
1.0004
1.00037
1.00033
1.00029
1.00025
1.00021
1.00017
1.00012
1.00008
1.00003
0.999989
0.999944
0.999898
0.999854
0.99981
0.999768
0.999727
0.999688
0.999651
0.999616
0.999584
0.999555
0.999528
0.999504
0.999483
0.999467
0.999451
0.999441
0.999435
0.999148
1.00028
1.00056
1.00055
1.00054
1.00053
1.00051
1.00049
1.00047
1.00044
1.00042
1.00039
1.00036
1.00032
1.00029
1.00025
1.00021
1.00017
1.00013
1.00009
1.00004
0.999999
0.999955
0.999911
0.999868
0.999826
0.999784
0.999744
0.999706
0.999669
0.999634
0.999602
0.999573
0.999548
0.999526
0.999506
0.99949
0.99948
0.999471
0.999464
0.999176
1.00026
1.00055
1.00054
1.00053
1.00051
1.0005
1.00048
1.00045
1.00043
1.0004
1.00037
1.00034
1.00031
1.00027
1.00024
1.0002
1.00016
1.00012
1.00008
1.00004
0.999993
0.999951
0.999909
0.999868
0.999827
0.999787
0.999749
0.999713
0.999678
0.999646
0.999617
0.99959
0.999568
0.999548
0.999531
0.999516
0.999503
0.999495
0.999489
0.999201
1.00026
1.00053
1.00052
1.00051
1.00049
1.00047
1.00046
1.00043
1.00041
1.00039
1.00036
1.00033
1.0003
1.00026
1.00023
1.00019
1.00015
1.00011
1.00007
1.00003
0.999993
0.999953
0.999913
0.999874
0.999835
0.999797
0.999761
0.999726
0.999693
0.999662
0.999633
0.999608
0.999585
0.999567
0.999555
0.999543
0.999532
0.999523
0.999518
0.999231
)
;

boundaryField
{
    FrontBack
    {
        type            empty;
    }
    Cylinder
    {
        type            calculated;
        value           uniform 0;
    }
    Bottom
    {
        type            calculated;
        value           uniform 0;
    }
    Top
    {
        type            calculated;
        value           uniform 0;
    }
    Inlet
    {
        type            calculated;
        value           uniform 1;
    }
    Outlet
    {
        type            calculated;
        value           nonuniform List<scalar> 
40
(
1.00026
1.00053
1.00052
1.00051
1.00049
1.00047
1.00046
1.00043
1.00041
1.00039
1.00036
1.00033
1.0003
1.00026
1.00023
1.00019
1.00015
1.00011
1.00007
1.00003
0.999993
0.999953
0.999913
0.999874
0.999835
0.999797
0.999761
0.999726
0.999693
0.999662
0.999633
0.999608
0.999585
0.999567
0.999555
0.999543
0.999532
0.999523
0.999518
0.999231
)
;
    }
}


// ************************************************************************* //
