/*--------------------------------*- C++ -*----------------------------------*\
  =========                 |
  \\      /  F ield         | OpenFOAM: The Open Source CFD Toolbox
   \\    /   O peration     | Website:  https://openfoam.org
    \\  /    A nd           | Version:  11
     \\/     M anipulation  |
\*---------------------------------------------------------------------------*/
FoamFile
{
    format      ascii;
    class       volScalarField;
    location    "1";
    object      mag(U);
}
// * * * * * * * * * * * * * * * * * * * * * * * * * * * * * * * * * * * * * //

dimensions      [0 1 -1 0 0 0 0];

internalField   nonuniform List<scalar> 
9600
(
0.962782
0.906069
0.818055
0.805977
0.830476
0.875964
0.912212
0.940788
0.960402
0.975393
0.988026
0.999665
1.01147
1.02387
1.03849
1.05486
1.07127
1.08722
1.09937
1.10628
1.10978
1.10664
1.09701
1.08338
1.06788
1.05082
1.03535
1.02315
1.01242
1.00523
0.999393
0.993413
0.990834
0.987735
0.987121
0.986848
0.986945
0.984939
0.982232
0.952012
0.962462
0.925139
0.898096
0.904037
0.939502
0.972593
0.979142
0.979478
0.980688
0.985054
0.993475
1.00257
1.01295
1.02415
1.03795
1.05193
1.06717
1.08124
1.09112
1.09767
1.09863
1.09444
1.0855
1.07393
1.0591
1.04152
1.02502
1.01111
0.999896
0.992115
0.98473
0.979365
0.977238
0.970986
0.96997
0.966584
0.969654
0.966264
0.965181
0.950426
0.969836
0.94583
0.909271
0.908513
0.918954
0.93056
0.948912
0.96602
0.980249
0.993233
1.00393
1.01391
1.02486
1.03649
1.05018
1.06533
1.08059
1.09505
1.1065
1.1128
1.11649
1.11513
1.10571
1.09354
1.07932
1.06326
1.04766
1.03501
1.02475
1.01718
1.01113
1.00614
1.00169
0.996467
0.996371
0.993231
0.993067
0.993897
0.988337
0.961262
0.980065
0.961999
0.954195
0.963352
0.984483
1.0054
1.00279
0.993863
0.990251
0.990941
0.995551
1.00481
1.01515
1.02623
1.04016
1.05513
1.06973
1.08399
1.09465
1.10146
1.1015
1.09815
1.09024
1.07976
1.06651
1.04989
1.03305
1.01846
1.00516
0.995911
0.988348
0.981585
0.981187
0.976786
0.975197
0.971541
0.974418
0.979168
0.982775
0.977692
0.991918
0.975638
0.966915
0.963556
0.955103
0.949698
0.955959
0.967873
0.981598
0.9958
1.00749
1.01755
1.02828
1.03975
1.05295
1.06747
1.08135
1.09556
1.10627
1.11097
1.11473
1.11463
1.1056
1.09339
1.07984
1.06452
1.04942
1.03694
1.02705
1.01894
1.01445
1.00816
1.00352
0.996384
0.994838
0.991843
0.992001
0.989497
0.9774
0.958911
0.994399
0.979983
0.979776
0.984681
0.993088
1.0093
1.01597
1.01008
1.00223
1.00025
1.00139
1.00669
1.01777
1.0285
1.04231
1.05787
1.07256
1.0872
1.09807
1.10591
1.10542
1.10206
1.09554
1.08612
1.07364
1.05764
1.04065
1.02541
1.01104
0.99986
0.992158
0.984836
0.983401
0.981121
0.979632
0.978103
0.981787
0.985612
0.98993
0.984665
0.995408
0.988288
0.98852
0.98858
0.981271
0.971077
0.966302
0.968843
0.980423
0.995519
1.00879
1.02058
1.03156
1.04301
1.0559
1.06986
1.08346
1.09691
1.10682
1.11131
1.11484
1.11479
1.10654
1.0948
1.08136
1.06614
1.05117
1.03879
1.0291
1.02075
1.01678
1.01069
1.00468
0.997564
0.992854
0.990021
0.987262
0.982176
0.969172
0.960997
0.994937
0.993577
0.993951
0.997649
0.997032
0.999098
1.01016
1.01615
1.01374
1.00969
1.00998
1.01204
1.01995
1.03164
1.04535
1.06111
1.07621
1.09116
1.10185
1.11059
1.11215
1.10725
1.10023
1.09161
1.07975
1.06402
1.04744
1.03179
1.01737
1.00422
0.995826
0.988008
0.986048
0.985504
0.984826
0.984434
0.9866
0.987523
0.991989
0.985395
0.997508
0.996856
0.999115
1.00155
0.999748
0.99276
0.981942
0.974959
0.981311
0.994761
1.00801
1.02163
1.03376
1.04587
1.0587
1.07262
1.08603
1.09904
1.10926
1.11322
1.11641
1.11662
1.10911
1.0978
1.08392
1.06835
1.05344
1.04074
1.03102
1.02264
1.01835
1.01301
1.00535
0.997699
0.992215
0.987882
0.982084
0.974133
0.969787
0.967589
0.999161
0.997908
1.00192
1.00466
1.00373
1.00297
1.00452
1.00985
1.0157
1.01554
1.01706
1.01892
1.02396
1.03531
1.04906
1.06512
1.08063
1.09557
1.107
1.11547
1.11805
1.11307
1.10677
1.09785
1.08524
1.06959
1.0535
1.03808
1.02383
1.00941
1.00044
0.99129
0.989148
0.989423
0.989327
0.988248
0.988844
0.988701
0.989883
0.982591
0.999542
0.997883
1.00398
1.00827
1.0082
1.00511
0.998845
0.988377
0.986227
0.995637
1.00784
1.02173
1.03502
1.04813
1.06132
1.07556
1.08913
1.10226
1.11332
1.11714
1.12005
1.12004
1.11274
1.10246
1.08903
1.07263
1.05648
1.04277
1.03265
1.02421
1.01918
1.01397
1.00701
0.996992
0.990063
0.983848
0.979439
0.974612
0.974338
0.974105
0.998722
0.997512
1.00528
1.01118
1.01114
1.00708
1.00622
1.00846
1.01047
1.01575
1.02019
1.02471
1.02992
1.04074
1.05446
1.07064
1.08622
1.10109
1.11308
1.12114
1.12411
1.11977
1.11324
1.1043
1.09147
1.07528
1.05952
1.04367
1.02982
1.0155
1.00521
0.995494
0.993339
0.992667
0.992012
0.99062
0.990794
0.989054
0.986368
0.980684
0.997414
0.996884
1.00593
1.0137
1.01491
1.01235
1.00748
1.00243
0.998
1.00138
1.01031
1.02293
1.03684
1.05068
1.06453
1.07941
1.09347
1.10661
1.11855
1.12331
1.12615
1.12549
1.11799
1.10842
1.09553
1.07838
1.06211
1.04608
1.03454
1.02572
1.01925
1.01422
1.00719
0.996909
0.988548
0.982733
0.98064
0.978294
0.978801
0.978635
0.996192
0.996348
1.00595
1.01574
1.01793
1.01577
1.00868
1.00761
1.01116
1.01492
1.02119
1.02785
1.03653
1.04771
1.06154
1.07751
1.09329
1.10758
1.12017
1.12824
1.13082
1.12755
1.12083
1.11164
1.09886
1.08176
1.06528
1.04928
1.03529
1.02147
1.0102
1.00015
0.997006
0.995122
0.994428
0.992851
0.991499
0.986875
0.983075
0.980665
0.994873
0.995723
1.00539
1.01708
1.02061
1.01927
1.01319
1.00943
1.00777
1.01041
1.01588
1.02696
1.04008
1.05409
1.06845
1.08362
1.09905
1.1125
1.12516
1.13193
1.13403
1.13253
1.12562
1.11579
1.1029
1.08603
1.06871
1.05187
1.03748
1.02709
1.0188
1.01404
1.0068
0.996515
0.988972
0.985037
0.984305
0.982243
0.981538
0.980694
0.995266
0.996025
1.00437
1.01757
1.02291
1.02234
1.01704
1.01157
1.01072
1.01569
1.02264
1.0319
1.04191
1.05449
1.06846
1.08448
1.10125
1.11612
1.1284
1.13668
1.13923
1.13706
1.13027
1.12038
1.10677
1.0897
1.07257
1.05529
1.04054
1.02702
1.01511
1.00537
1.00024
0.997012
0.995747
0.992893
0.989556
0.985625
0.983298
0.981788
0.997005
0.997645
1.00411
1.01743
1.02458
1.02491
1.02042
1.01468
1.01341
1.01691
1.02282
1.03192
1.04413
1.05847
1.07279
1.08982
1.10571
1.12136
1.1335
1.141
1.14436
1.14283
1.13532
1.12505
1.11116
1.09356
1.07621
1.0584
1.04295
1.0293
1.01984
1.01314
1.00636
0.997818
0.991292
0.987606
0.986947
0.984433
0.983083
0.982071
0.99715
0.998231
1.00369
1.01664
1.02545
1.02712
1.0231
1.0174
1.01575
1.01826
1.0254
1.03478
1.04672
1.06118
1.07577
1.09401
1.10926
1.12585
1.13896
1.14593
1.14992
1.14918
1.14166
1.13029
1.11533
1.09736
1.0798
1.0618
1.04576
1.03148
1.02014
1.00966
1.00338
0.998935
0.99549
0.991124
0.988588
0.985075
0.983302
0.982637
0.996371
0.998145
1.00308
1.01532
1.02584
1.02891
1.02619
1.02083
1.01861
1.02057
1.02742
1.03713
1.04953
1.06487
1.07973
1.09898
1.11459
1.13073
1.14501
1.15197
1.15629
1.15556
1.1482
1.1366
1.1207
1.10224
1.08431
1.06558
1.04917
1.03354
1.02263
1.01331
1.00715
0.999223
0.994035
0.989664
0.987862
0.984799
0.983126
0.982576
0.994928
0.997586
1.00237
1.01357
1.02533
1.03021
1.02886
1.02406
1.02139
1.02279
1.02951
1.03923
1.05259
1.06864
1.08392
1.10414
1.1205
1.13589
1.15136
1.15853
1.16307
1.16264
1.15524
1.14329
1.12706
1.10764
1.08902
1.07004
1.05292
1.0363
1.02443
1.0133
1.0065
0.99965
0.99564
0.990657
0.988101
0.984738
0.982814
0.982311
0.992789
0.99646
1.0011
1.01117
1.02411
1.03087
1.03076
1.02721
1.02477
1.02577
1.03192
1.04173
1.05602
1.07263
1.08877
1.10965
1.12736
1.14173
1.15814
1.16655
1.17033
1.17042
1.16329
1.1514
1.13536
1.11492
1.09506
1.07511
1.05796
1.03992
1.02666
1.01455
1.00747
0.999952
0.995445
0.990388
0.987936
0.984549
0.982356
0.981888
0.989865
0.995128
0.999708
1.00835
1.02219
1.03113
1.03258
1.03022
1.02852
1.02969
1.03557
1.04571
1.0596
1.07767
1.09446
1.11521
1.13491
1.14905
1.16462
1.17519
1.17854
1.17933
1.1728
1.15965
1.14429
1.1232
1.10146
1.08024
1.06316
1.04504
1.03041
1.01606
1.00754
0.999573
0.995037
0.98974
0.987246
0.984028
0.981687
0.981258
0.98669
0.992944
0.997721
1.00547
1.01944
1.03041
1.0344
1.03383
1.03307
1.03449
1.04009
1.05029
1.06383
1.08321
1.10073
1.12157
1.14246
1.15758
1.17151
1.18423
1.18876
1.18796
1.18301
1.16965
1.15294
1.13211
1.10996
1.08605
1.0681
1.04964
1.03512
1.01982
1.00959
1.00023
0.995303
0.989541
0.986572
0.983176
0.980636
0.980541
0.983343
0.990157
0.995059
1.00263
1.01586
1.02984
1.03695
1.03735
1.03793
1.04026
1.04568
1.05656
1.06939
1.0895
1.10814
1.12813
1.15068
1.16679
1.18012
1.19286
1.20027
1.19877
1.1927
1.18118
1.16361
1.14131
1.1197
1.09454
1.07388
1.05398
1.03984
1.02444
1.01264
1.00128
0.994886
0.987916
0.984276
0.981269
0.978664
0.979241
0.980196
0.986568
0.992568
0.999252
1.01158
1.028
1.03752
1.04064
1.04275
1.04606
1.05179
1.06423
1.07673
1.09625
1.11711
1.13595
1.16012
1.17813
1.191
1.20349
1.21218
1.21273
1.20464
1.19256
1.17612
1.15322
1.12954
1.10438
1.08283
1.06016
1.04398
1.02846
1.01694
1.00489
0.997652
0.989814
0.984718
0.981041
0.977027
0.97759
0.977016
0.982375
0.989122
0.995456
1.00692
1.02313
1.03597
1.04322
1.04757
1.05259
1.05922
1.0725
1.0857
1.10371
1.12736
1.14665
1.16963
1.19024
1.20371
1.21483
1.2244
1.22669
1.21895
1.20499
1.18887
1.16721
1.14242
1.11501
1.09264
1.06898
1.05093
1.0329
1.02015
1.00735
0.99967
0.991533
0.985319
0.981567
0.976092
0.975978
0.974955
0.979042
0.984852
0.9912
1.00135
1.01629
1.03172
1.04295
1.05098
1.05965
1.06828
1.08056
1.09738
1.11369
1.13839
1.16057
1.18123
1.20243
1.21879
1.22876
1.23783
1.24156
1.23554
1.21906
1.20314
1.18223
1.15867
1.12901
1.10309
1.07717
1.05721
1.03685
1.02324
1.00978
1.00073
0.992006
0.984765
0.981465
0.975202
0.974551
0.97173
0.975098
0.979283
0.986187
0.99519
1.00918
1.02484
1.03996
1.0522
1.06445
1.07931
1.08982
1.1111
1.12841
1.14996
1.17636
1.19717
1.21668
1.23553
1.24726
1.25357
1.25676
1.25472
1.23811
1.21883
1.19738
1.17536
1.14676
1.11922
1.08983
1.06686
1.04413
1.02791
1.01268
1.00235
0.993712
0.984799
0.980735
0.973144
0.971936
0.972497
0.973983
0.976225
0.981799
0.989698
1.00308
1.01792
1.0339
1.0515
1.06784
1.08841
1.10266
1.12364
1.14676
1.16768
1.1927
1.2167
1.23534
1.25215
1.26681
1.27325
1.27372
1.27245
1.26033
1.2406
1.21565
1.19182
1.16362
1.13748
1.10809
1.08368
1.0587
1.0395
1.02126
1.00707
0.996914
0.98568
0.980753
0.971752
0.969207
0.968279
0.970209
0.971501
0.976439
0.983629
0.995765
1.01094
1.02704
1.04787
1.06925
1.09366
1.11651
1.13878
1.16378
1.18955
1.21437
1.2381
1.25976
1.27545
1.28756
1.29519
1.29526
1.29186
1.28132
1.26415
1.23815
1.21246
1.18302
1.15745
1.12814
1.10239
1.07547
1.05294
1.03205
1.01365
1.00191
0.987864
0.981464
0.971114
0.96732
0.971038
0.973832
0.97343
0.976147
0.98178
0.993184
1.00775
1.02315
1.04389
1.06967
1.09711
1.12555
1.15459
1.18307
1.21166
1.24046
1.26472
1.28667
1.30415
1.31493
1.3207
1.32137
1.31708
1.3047
1.28933
1.26503
1.23913
1.20764
1.1802
1.15162
1.12599
1.09764
1.07032
1.0469
1.02291
1.00832
0.991236
0.982684
0.971458
0.96579
0.961605
0.966517
0.969185
0.972582
0.978542
0.990315
1.0062
1.02337
1.04205
1.06902
1.09987
1.13175
1.16578
1.20114
1.23417
1.26682
1.29566
1.31837
1.33654
1.34887
1.35377
1.35203
1.34769
1.33477
1.31688
1.29215
1.26774
1.23758
1.20812
1.17671
1.14865
1.12269
1.09364
1.07048
1.04317
1.0244
1.00359
0.990843
0.976904
0.968047
0.967604
0.972427
0.977125
0.982157
0.987946
0.999072
1.01532
1.03356
1.05272
1.07787
1.10829
1.14282
1.17761
1.21596
1.25465
1.29138
1.32412
1.35219
1.37266
1.38574
1.39221
1.39047
1.38306
1.37041
1.35321
1.32752
1.30069
1.27093
1.24124
1.21179
1.17878
1.15222
1.12036
1.09729
1.07002
1.04859
1.02516
1.00657
0.988351
0.976249
0.953964
0.961239
0.968254
0.978184
0.988652
1.00253
1.02155
1.04688
1.06907
1.09712
1.12716
1.16418
1.19928
1.23769
1.27551
1.31578
1.35043
1.38176
1.40577
1.42319
1.43093
1.43028
1.42543
1.41221
1.39511
1.37139
1.342
1.31302
1.27837
1.25093
1.21438
1.18776
1.15326
1.12722
1.09704
1.07402
1.04858
1.02865
1.00561
0.987962
0.964755
0.975211
0.983313
0.996509
1.01126
1.03138
1.05015
1.08162
1.10905
1.14204
1.17021
1.21122
1.2469
1.28852
1.3222
1.36244
1.393
1.42613
1.44726
1.46707
1.47422
1.47786
1.46922
1.4604
1.44146
1.42603
1.39786
1.37542
1.33996
1.31269
1.27757
1.24579
1.21267
1.17878
1.14795
1.1175
1.09143
1.06442
1.04042
1.01291
0.945863
0.964299
0.976492
0.997106
1.01428
1.045
1.0658
1.10601
1.13507
1.1817
1.21212
1.25882
1.29546
1.34512
1.38164
1.42418
1.45431
1.49098
1.50893
1.53264
1.53434
1.54688
1.53478
1.53133
1.50278
1.48951
1.45851
1.43761
1.40487
1.37681
1.34467
1.31344
1.2801
1.24785
1.21278
1.18027
1.15027
1.12
1.0949
1.06036
0.969857
0.993153
1.016
1.05255
1.07937
1.1224
1.14871
1.19707
1.2263
1.28118
1.31377
1.3676
1.40207
1.4542
1.4887
1.53201
1.55917
1.58839
1.60599
1.61864
1.62291
1.61719
1.61109
1.59677
1.59081
1.57381
1.56156
1.53297
1.51785
1.48623
1.46923
1.43672
1.4151
1.38256
1.35519
1.32135
1.29034
1.25531
1.22535
1.19036
0.971345
0.994368
1.02807
1.06253
1.101
1.14552
1.18764
1.23847
1.28299
1.33598
1.38045
1.43144
1.47252
1.51886
1.55556
1.59491
1.62349
1.65024
1.66652
1.67941
1.6816
1.67995
1.66826
1.65072
1.62259
1.58817
1.55856
1.52923
1.50877
1.48109
1.46287
1.43228
1.4155
1.3815
1.36676
1.32818
1.31438
1.27359
1.25587
1.2152
1.08875
1.14076
1.20143
1.25407
1.3027
1.35057
1.39553
1.44215
1.4839
1.52645
1.56169
1.59782
1.62494
1.65495
1.67412
1.70222
1.71493
1.74
1.74281
1.75825
1.75086
1.75589
1.73774
1.73754
1.71513
1.71215
1.68264
1.67006
1.63218
1.61545
1.57941
1.56563
1.53447
1.52071
1.49159
1.47668
1.44674
1.4333
1.39439
1.40328
1.24839
1.2865
1.3256
1.36739
1.408
1.44475
1.4774
1.50615
1.52928
1.54731
1.55999
1.57183
1.58242
1.59502
1.60029
1.60295
1.59461
1.58672
1.5671
1.55093
1.5182
1.49329
1.44598
1.40871
1.34608
1.30049
1.23077
1.18234
1.10992
1.05695
0.980009
0.924789
0.843754
0.788408
0.706591
0.650476
0.569914
0.516902
0.440027
0.408249
0.991249
0.978969
0.995001
0.978153
0.991387
0.984017
0.991596
0.988977
0.992593
0.993718
0.995394
0.997032
0.998413
0.99971
1.00104
1.00208
1.00291
1.00366
1.00413
1.00436
1.00461
1.00505
1.00508
1.00516
1.00525
1.00541
1.00536
1.00531
1.00521
1.00515
1.00505
1.005
1.00514
1.00511
1.00487
1.00461
1.00403
1.00364
1.00109
0.997737
0.996839
0.981319
0.994481
0.978218
0.990408
0.983577
0.990917
0.988894
0.991909
0.993172
0.994704
0.996324
0.997847
0.999286
1.00073
1.00167
1.00267
1.00348
1.0039
1.00404
1.00448
1.00498
1.00494
1.00523
1.00542
1.0054
1.00528
1.00531
1.00536
1.00528
1.00509
1.00502
1.00529
1.00538
1.00525
1.00476
1.00444
1.00453
1.00465
1.00608
0.998486
0.982486
0.993238
0.978595
0.988884
0.983135
0.989857
0.989121
0.991173
0.992834
0.994484
0.996194
0.997909
0.999582
1.00101
1.0018
1.00276
1.00353
1.00398
1.00422
1.00465
1.00492
1.00512
1.00564
1.00568
1.00556
1.0054
1.00546
1.00551
1.00545
1.00542
1.00539
1.00565
1.00573
1.00541
1.00477
1.00427
1.00401
1.00331
1.00064
0.999675
0.983938
0.993454
0.978829
0.988024
0.982724
0.988945
0.989132
0.990599
0.99228
0.994083
0.995954
0.997846
0.999572
1.00096
1.00182
1.00253
1.00366
1.00433
1.00447
1.00459
1.00484
1.00554
1.00574
1.00572
1.00573
1.00561
1.00546
1.00544
1.00539
1.00568
1.00577
1.00587
1.00594
1.00557
1.0051
1.0046
1.00435
1.00445
1.00668
0.999325
0.984699
0.993152
0.978805
0.987294
0.982284
0.987856
0.988504
0.990115
0.992083
0.994091
0.996078
0.997972
0.999798
1.00122
1.00197
1.00309
1.00419
1.00449
1.00459
1.00495
1.00528
1.00568
1.00573
1.00584
1.00606
1.00599
1.00562
1.00543
1.00544
1.00594
1.00625
1.00648
1.00635
1.00559
1.00514
1.0048
1.00427
1.00313
1.00067
1.00091
0.985166
0.993454
0.978696
0.986341
0.981734
0.986912
0.987811
0.989456
0.99152
0.993774
0.995874
0.998034
0.999893
1.00119
1.00233
1.00357
1.00419
1.0045
1.00491
1.0056
1.00566
1.00562
1.00562
1.006
1.00616
1.00603
1.00588
1.00585
1.00616
1.00659
1.0067
1.00678
1.00655
1.00575
1.00533
1.00512
1.00499
1.00503
1.00668
0.999339
0.985778
0.993521
0.978502
0.98551
0.981236
0.986003
0.986929
0.988969
0.991201
0.993608
0.995868
0.997997
0.999911
1.00151
1.00313
1.00394
1.00454
1.00485
1.00507
1.00577
1.00579
1.00563
1.00584
1.00615
1.00622
1.00597
1.00626
1.00656
1.00682
1.00691
1.00696
1.00705
1.00668
1.0058
1.0054
1.00516
1.00484
1.00395
1.00226
1.0004
0.985882
0.993072
0.978343
0.984586
0.980519
0.985072
0.986064
0.988127
0.990538
0.99314
0.995587
0.997844
0.999779
1.00154
1.00328
1.00418
1.00484
1.00525
1.00518
1.0055
1.00573
1.00597
1.00624
1.00627
1.00612
1.00619
1.00682
1.00718
1.0075
1.00739
1.00728
1.00733
1.00678
1.00605
1.00577
1.00567
1.00548
1.00551
1.00628
0.998565
0.986412
0.992426
0.978005
0.983735
0.979905
0.984106
0.985059
0.987469
0.990047
0.992757
0.995273
0.997727
0.99974
1.00163
1.00328
1.0042
1.005
1.0054
1.00543
1.00525
1.00591
1.00637
1.00648
1.00618
1.00632
1.00693
1.00752
1.00806
1.00795
1.00769
1.00766
1.00753
1.00677
1.00606
1.0059
1.00586
1.00542
1.00496
1.00403
0.998632
0.986401
0.991762
0.977931
0.982834
0.979046
0.983115
0.984156
0.986508
0.989235
0.992089
0.994819
0.997241
0.999487
1.00166
1.00306
1.00368
1.00467
1.00524
1.00547
1.00559
1.00621
1.00648
1.00635
1.00623
1.00695
1.00721
1.00783
1.00841
1.00826
1.00798
1.0079
1.00775
1.0069
1.00632
1.00628
1.00617
1.0059
1.00586
1.00596
0.996584
0.986621
0.990956
0.977985
0.981951
0.978272
0.981913
0.983058
0.985624
0.988472
0.991408
0.994255
0.996993
0.999387
1.00153
1.00258
1.00336
1.00416
1.00508
1.00538
1.00597
1.00628
1.00633
1.00628
1.00682
1.00739
1.0075
1.00822
1.00859
1.0084
1.00816
1.00809
1.00782
1.00698
1.00646
1.00644
1.00626
1.00586
1.0057
1.0054
0.996475
0.987231
0.990098
0.977863
0.981002
0.977292
0.980617
0.981971
0.984517
0.987496
0.990559
0.993544
0.996266
0.999065
1.00118
1.00193
1.00291
1.00403
1.00474
1.00547
1.00608
1.00597
1.00615
1.00681
1.00751
1.00785
1.0082
1.00866
1.00898
1.00858
1.0084
1.00838
1.00815
1.0073
1.00696
1.00693
1.00673
1.00631
1.00614
1.00596
0.994509
0.987266
0.989196
0.977874
0.979925
0.976319
0.979228
0.980733
0.98337
0.986424
0.989594
0.992718
0.995785
0.998688
1.00046
1.00126
1.0023
1.00353
1.00453
1.00531
1.00565
1.00561
1.00637
1.0076
1.00809
1.00869
1.00879
1.00931
1.0095
1.00904
1.00873
1.0087
1.0083
1.00742
1.00716
1.00716
1.00691
1.00649
1.00634
1.00619
0.993989
0.987939
0.988373
0.977802
0.978635
0.975287
0.977729
0.979392
0.982002
0.985174
0.988471
0.991748
0.995077
0.998007
0.99949
1.00079
1.00196
1.00325
1.00437
1.00494
1.00551
1.00622
1.00736
1.00798
1.00871
1.009
1.00938
1.00955
1.00977
1.00945
1.00918
1.00905
1.00864
1.0079
1.00774
1.00772
1.0074
1.00693
1.00674
1.00656
0.991972
0.987636
0.987396
0.977608
0.977152
0.974187
0.975913
0.977865
0.980467
0.983722
0.987153
0.990693
0.994435
0.997106
0.998368
1.00015
1.00178
1.00312
1.00381
1.0048
1.00635
1.00763
1.0082
1.00896
1.00953
1.00967
1.00953
1.0097
1.0099
1.00969
1.00936
1.0092
1.00861
1.00806
1.00797
1.00797
1.00765
1.00724
1.00707
1.00692
0.991073
0.987494
0.986278
0.977248
0.975457
0.97275
0.973988
0.976105
0.978763
0.982075
0.98569
0.989577
0.993302
0.995707
0.997533
0.999597
1.00164
1.00294
1.00357
1.00495
1.00713
1.00853
1.00939
1.01041
1.01085
1.01066
1.01042
1.01011
1.01029
1.00998
1.00966
1.00939
1.00882
1.00842
1.00834
1.00834
1.00802
1.00761
1.00743
1.00729
0.989555
0.986783
0.984907
0.976673
0.973523
0.971015
0.971916
0.974048
0.97684
0.980211
0.984095
0.988462
0.99198
0.993885
0.996469
0.99905
1.0016
1.00288
1.00368
1.00575
1.00778
1.00914
1.0102
1.01166
1.01194
1.01165
1.01166
1.0114
1.01114
1.01058
1.01012
1.00969
1.00902
1.00875
1.0087
1.00871
1.0084
1.00805
1.00786
1.00768
0.98814
0.985808
0.983351
0.975689
0.971211
0.969018
0.969337
0.971647
0.974562
0.978104
0.982358
0.986912
0.990228
0.992446
0.995268
0.998436
1.00104
1.00272
1.00465
1.00678
1.0084
1.0093
1.01097
1.01238
1.01248
1.01261
1.01257
1.01286
1.01235
1.01163
1.01082
1.01028
1.00951
1.00918
1.00907
1.00906
1.00874
1.00847
1.0083
1.00811
0.986324
0.984528
0.981614
0.97423
0.968519
0.966545
0.966566
0.968856
0.971875
0.975737
0.980511
0.984936
0.988004
0.991135
0.99424
0.997525
1.00028
1.00297
1.00563
1.00737
1.00903
1.01067
1.01238
1.01292
1.01306
1.0132
1.01312
1.0134
1.01302
1.01253
1.01181
1.01119
1.0104
1.00993
1.00973
1.00959
1.00914
1.00887
1.00868
1.00853
0.984513
0.983143
0.979612
0.972273
0.965387
0.963582
0.96356
0.965648
0.968718
0.973098
0.978322
0.982617
0.985907
0.989823
0.993427
0.996221
0.999318
1.00348
1.00635
1.0082
1.01052
1.0125
1.01357
1.01362
1.01362
1.01408
1.01385
1.01388
1.01335
1.01291
1.0125
1.01196
1.01121
1.01088
1.01074
1.01053
1.00987
1.00954
1.00925
1.00905
0.982313
0.981351
0.977201
0.969767
0.961796
0.960257
0.959789
0.961894
0.965121
0.970153
0.975412
0.979664
0.984406
0.988745
0.992431
0.994949
0.998756
1.00336
1.0068
1.00953
1.01199
1.01387
1.01458
1.01452
1.01493
1.01527
1.01481
1.01467
1.01386
1.01333
1.01275
1.01231
1.01179
1.01161
1.01154
1.01132
1.01069
1.01034
1.00998
1.00972
0.979942
0.979052
0.974174
0.96673
0.95798
0.956246
0.95556
0.957406
0.961063
0.966579
0.971778
0.976416
0.982351
0.987796
0.991082
0.994053
0.998291
1.00322
1.00785
1.01102
1.01283
1.01397
1.01528
1.01532
1.01598
1.01642
1.01563
1.01548
1.0147
1.01426
1.0135
1.01309
1.01255
1.01238
1.0123
1.01207
1.01149
1.01116
1.01078
1.01055
0.97736
0.976019
0.970365
0.963158
0.953966
0.951441
0.950405
0.952193
0.956238
0.961758
0.967188
0.973707
0.980217
0.985789
0.989834
0.993943
0.998376
1.00381
1.00901
1.01245
1.01366
1.01408
1.01518
1.01551
1.01646
1.01701
1.0163
1.01591
1.01525
1.01487
1.01445
1.01404
1.01369
1.01351
1.01345
1.01303
1.01235
1.01205
1.01161
1.01142
0.974503
0.971965
0.965893
0.959
0.949363
0.94583
0.944166
0.946008
0.950334
0.955915
0.96227
0.970059
0.977292
0.983116
0.989149
0.99463
0.999393
1.00451
1.00931
1.01317
1.01451
1.01498
1.01613
1.01673
1.0169
1.01733
1.01672
1.01625
1.01561
1.01526
1.01497
1.01462
1.01449
1.01442
1.01446
1.01398
1.01333
1.01296
1.01253
1.01234
0.971646
0.967216
0.961038
0.954019
0.943743
0.938874
0.936837
0.938457
0.942995
0.949097
0.957308
0.965832
0.973504
0.980919
0.989001
0.995452
1.00067
1.00454
1.00856
1.01291
1.01556
1.01626
1.01774
1.0183
1.01814
1.01799
1.01744
1.01698
1.01637
1.01592
1.01566
1.01536
1.01534
1.01536
1.0154
1.01497
1.01436
1.01395
1.01341
1.01327
0.968832
0.962056
0.955916
0.948058
0.936865
0.930131
0.927821
0.92927
0.934226
0.94125
0.951187
0.961061
0.970113
0.979591
0.988201
0.995469
1.00107
1.00461
1.00865
1.01345
1.01589
1.01733
1.01898
1.01921
1.01914
1.01878
1.01878
1.01819
1.01791
1.01726
1.01708
1.01673
1.01669
1.01673
1.01663
1.01629
1.01581
1.01525
1.01461
1.01453
0.966079
0.956219
0.950009
0.941033
0.928523
0.919432
0.91684
0.917828
0.923243
0.931597
0.943595
0.955906
0.967541
0.97809
0.986767
0.994199
1.00009
1.00554
1.00974
1.01374
1.01578
1.01812
1.01913
1.01978
1.01957
1.01945
1.0197
1.01956
1.01957
1.0194
1.01919
1.01886
1.01861
1.01854
1.01811
1.01766
1.01716
1.01647
1.01586
1.01587
0.963372
0.950255
0.942689
0.932193
0.918284
0.906676
0.903055
0.903574
0.909274
0.919469
0.934225
0.949675
0.963984
0.975764
0.9851
0.992449
0.999359
1.00557
1.00984
1.01304
1.01616
1.01841
1.01972
1.02012
1.02012
1.01999
1.02039
1.02078
1.02096
1.02123
1.02097
1.02085
1.02059
1.02056
1.02009
1.01954
1.01895
1.01814
1.01753
1.01754
0.960492
0.944626
0.933369
0.920514
0.906012
0.891872
0.88614
0.885175
0.891382
0.903953
0.921313
0.940736
0.9578
0.972051
0.983247
0.991471
0.998647
1.00444
1.00955
1.01337
1.01638
1.01919
1.02039
1.0211
1.02131
1.02164
1.02172
1.0226
1.02259
1.0226
1.02219
1.02225
1.0224
1.02251
1.02221
1.02182
1.02111
1.02028
1.0197
1.01971
0.956949
0.939245
0.922945
0.906755
0.891896
0.874423
0.865118
0.861642
0.868345
0.883005
0.903322
0.927222
0.94797
0.966398
0.981184
0.99093
0.998033
1.00382
1.00964
1.01413
1.01725
1.0204
1.02135
1.02288
1.02318
1.02432
1.02502
1.02528
1.02569
1.02545
1.02557
1.02554
1.02597
1.02589
1.02538
1.02484
1.02376
1.02286
1.02223
1.02233
0.952887
0.935186
0.91458
0.893028
0.875128
0.853323
0.838455
0.831759
0.837194
0.853031
0.877014
0.906399
0.933377
0.957812
0.975703
0.988427
0.997959
1.00389
1.01008
1.01543
1.01883
1.02192
1.02383
1.02593
1.02707
1.02775
1.02941
1.0296
1.03071
1.03065
1.03034
1.03009
1.02978
1.02966
1.02877
1.02829
1.02689
1.02628
1.02549
1.0256
0.951635
0.933287
0.912186
0.88291
0.855676
0.828762
0.805052
0.792945
0.793673
0.809641
0.836808
0.873271
0.910634
0.943221
0.966999
0.983923
0.99674
1.00542
1.01293
1.01759
1.02184
1.02555
1.02761
1.03034
1.03206
1.03225
1.03409
1.03508
1.03585
1.03542
1.03432
1.03394
1.03353
1.03368
1.03274
1.03217
1.03082
1.03018
1.0294
1.02949
0.955342
0.932146
0.914433
0.880688
0.83781
0.801969
0.76568
0.74218
0.733721
0.746043
0.775167
0.820042
0.871027
0.917209
0.952404
0.976751
0.994631
1.00683
1.01656
1.0225
1.02793
1.03143
1.03512
1.03644
1.03793
1.03872
1.03877
1.03956
1.03966
1.03855
1.03851
1.03809
1.03846
1.03821
1.03759
1.03669
1.03529
1.0344
1.03375
1.03387
0.962951
0.939263
0.921623
0.888943
0.830897
0.776945
0.724266
0.679569
0.653776
0.654082
0.682405
0.734656
0.801388
0.865619
0.919027
0.958256
0.9863
1.00581
1.01968
1.02866
1.03605
1.03974
1.04268
1.04506
1.04565
1.04738
1.04758
1.0471
1.04725
1.04563
1.04592
1.04532
1.04604
1.04482
1.04477
1.04274
1.04145
1.04012
1.03988
1.04094
0.996742
0.975801
0.948146
0.908827
0.843865
0.766049
0.692146
0.61681
0.558137
0.53002
0.547021
0.604192
0.689002
0.777716
0.85449
0.913883
0.95711
0.989602
1.01288
1.02798
1.0397
1.0469
1.05145
1.05583
1.05889
1.06186
1.06275
1.06314
1.06265
1.06295
1.06408
1.06332
1.06276
1.06031
1.05928
1.05638
1.05555
1.055
1.05565
1.0551
1.0597
1.0315
0.99724
0.945935
0.87806
0.786043
0.687837
0.582342
0.477758
0.393823
0.366099
0.410098
0.507571
0.624468
0.731416
0.818316
0.885601
0.939252
0.980479
1.01094
1.03416
1.05015
1.06061
1.06846
1.07444
1.07817
1.08035
1.08167
1.08287
1.08421
1.08507
1.08405
1.08495
1.086
1.08767
1.08793
1.08568
1.08095
1.07804
1.0733
1.15003
1.09796
1.05229
0.996394
0.923081
0.831067
0.718408
0.600167
0.465478
0.329116
0.207115
0.147487
0.221062
0.366515
0.50997
0.63432
0.739543
0.828393
0.900765
0.956996
1.00095
1.03089
1.05248
1.065
1.0732
1.07811
1.08319
1.08697
1.08911
1.08947
1.09085
1.09427
1.09813
1.10383
1.10772
1.11107
1.11277
1.1138
1.1139
1.11287
1.19143
1.1477
1.09781
1.02627
0.936048
0.830519
0.710455
0.589392
0.474532
0.367
0.26218
0.174998
0.128983
0.0697801
0.114256
0.298686
0.455825
0.602046
0.720989
0.804582
0.879109
0.935301
0.982938
1.01791
1.04358
1.0614
1.07436
1.08263
1.0891
1.09371
1.09694
1.09989
1.09993
1.10097
1.1004
1.10181
1.10368
1.10709
1.1109
1.11849
1.33259
1.22832
1.11131
0.976754
0.839271
0.695507
0.551402
0.416081
0.29951
0.210831
0.188831
0.213315
0.252872
0.286075
0.322414
0.351536
0.302118
0.171716
0.114904
0.275878
0.413777
0.550072
0.667745
0.779564
0.856556
0.913789
0.959597
1.00006
1.03299
1.05799
1.08168
1.0989
1.11707
1.1321
1.14803
1.16196
1.17416
1.18122
1.18381
1.18349
0.282125
0.121421
0.141714
0.223854
0.286518
0.348642
0.397663
0.433511
0.45108
0.447762
0.43567
0.412352
0.394866
0.376748
0.3672
0.362313
0.361597
0.33824
0.31254
0.2936
0.241343
0.182091
0.0904094
0.0718632
0.302744
0.480792
0.567605
0.618898
0.658742
0.702823
0.740394
0.785133
0.826101
0.870378
0.909446
0.951183
0.991747
1.03999
1.09059
1.14375
0.983024
1.01416
1.01194
1.01481
1.01439
1.01589
1.01555
1.01646
1.01628
1.01667
1.01667
1.0168
1.01684
1.01691
1.01693
1.01697
1.01697
1.01695
1.01693
1.01685
1.01672
1.01657
1.01638
1.01614
1.01586
1.01551
1.01503
1.0144
1.01345
1.01199
1.00981
1.00661
1.00112
0.991011
0.980857
0.97528
0.97335
0.973913
0.985212
0.998678
1.00596
0.996813
0.996625
0.995994
0.996265
0.99617
0.995933
0.996044
0.995842
0.995924
0.995855
0.995915
0.995937
0.995975
0.995989
0.99601
0.996044
0.996016
0.995913
0.995847
0.995824
0.995786
0.995749
0.995736
0.995746
0.995804
0.995971
0.996305
0.996909
0.997937
0.999718
1.00272
1.00664
1.01044
1.01745
1.02731
1.02753
1.02083
1.01404
1.00915
0.995234
1.00396
1.00659
1.01044
1.01113
1.01324
1.01298
1.01409
1.01405
1.0145
1.01461
1.01479
1.01487
1.01495
1.01498
1.01498
1.01494
1.01492
1.01498
1.01487
1.01463
1.01434
1.01396
1.01352
1.01297
1.01228
1.0114
1.01024
1.00865
1.0065
1.00393
1.00135
0.997456
0.992002
0.99048
0.993183
0.997364
0.994792
0.998428
1.00319
1.01118
1.00597
1.00453
1.00324
1.00173
1.00132
0.999997
1.00001
0.999207
0.99914
0.998808
0.998746
0.998612
0.998548
0.998493
0.99849
0.998526
0.998467
0.998293
0.998245
0.99837
0.998507
0.998695
0.998971
0.999337
0.999835
1.00051
1.00141
1.00263
1.00416
1.00616
1.00899
1.01136
1.01188
1.01456
1.01856
1.01893
1.01576
1.01299
1.01055
0.996429
1.00113
1.00333
1.00682
1.00831
1.00999
1.01059
1.01147
1.01179
1.01218
1.01237
1.01251
1.0126
1.0127
1.01267
1.01262
1.01256
1.01261
1.01271
1.01253
1.01219
1.0118
1.01131
1.01073
1.01006
1.00926
1.00827
1.0071
1.00569
1.00398
1.00236
1.00101
0.998589
0.996493
0.996776
0.999774
1.00082
0.999349
1.00168
1.0051
1.00983
1.00759
1.00663
1.00629
1.00552
1.005
1.00399
1.00356
1.00282
1.00252
1.00211
1.00192
1.00176
1.00168
1.00159
1.00149
1.00142
1.00116
1.00082
1.00091
1.0012
1.00141
1.00178
1.00223
1.00269
1.00333
1.00403
1.00491
1.00592
1.00688
1.00824
1.00985
1.01017
1.00953
1.01123
1.01279
1.01227
1.00991
1.00912
1.00817
0.999799
1.00213
1.00327
1.00577
1.0069
1.0082
1.00874
1.00954
1.00989
1.01028
1.01049
1.01063
1.01067
1.01069
1.01065
1.01055
1.01053
1.01065
1.01068
1.01042
1.01004
1.00961
1.0091
1.00852
1.0079
1.00718
1.0064
1.00556
1.00453
1.00349
1.00279
1.0023
1.00075
0.999934
1.00092
1.00311
1.00286
1.00219
1.00395
1.0058
1.00777
1.00748
1.00703
1.00695
1.00672
1.0068
1.00669
1.00634
1.00579
1.00541
1.00503
1.00477
1.00452
1.00432
1.00415
1.00404
1.00384
1.00351
1.00333
1.00343
1.0037
1.004
1.00435
1.00477
1.00522
1.0057
1.0062
1.00671
1.00715
1.00756
1.00826
1.00882
1.00836
1.00805
1.00887
1.00939
1.00836
1.00695
1.00649
1.00633
1.00306
1.00393
1.00449
1.00603
1.00684
1.00773
1.00823
1.00867
1.00895
1.0092
1.00931
1.00938
1.00937
1.00931
1.00921
1.0091
1.00915
1.00925
1.00915
1.00885
1.00845
1.00804
1.0076
1.00717
1.00674
1.00627
1.00582
1.00538
1.00483
1.00446
1.00438
1.00444
1.00371
1.00352
1.00489
1.00591
1.00558
1.00499
1.00558
1.00607
1.00633
1.0066
1.0069
1.00769
1.00787
1.00782
1.00769
1.00777
1.00777
1.00759
1.00733
1.00711
1.00691
1.00673
1.00657
1.00634
1.00595
1.00559
1.0055
1.00557
1.00577
1.00605
1.00632
1.00658
1.00681
1.00703
1.00724
1.00742
1.0075
1.00759
1.00798
1.00804
1.00746
1.00733
1.0079
1.00815
1.00702
1.00629
1.00612
1.00633
1.00531
1.00551
1.006
1.00707
1.00754
1.00809
1.00844
1.00872
1.00885
1.00896
1.00894
1.00891
1.00883
1.00872
1.00862
1.00858
1.00858
1.00854
1.0084
1.00811
1.00775
1.00744
1.00713
1.00687
1.00664
1.00643
1.00628
1.00619
1.00608
1.00607
1.00631
1.00641
1.00609
1.00622
1.00731
1.00756
1.00698
1.00653
1.00653
1.0066
1.00598
1.00626
1.00678
1.00779
1.00822
1.00861
1.00877
1.00892
1.00889
1.00886
1.00878
1.00867
1.00856
1.00842
1.00824
1.0079
1.00741
1.0072
1.00716
1.0072
1.00734
1.00743
1.00753
1.00759
1.00761
1.00763
1.00761
1.00756
1.00746
1.00754
1.00776
1.00761
1.0072
1.00718
1.00786
1.00792
1.00715
1.00687
1.00688
1.00694
1.00625
1.00651
1.00706
1.00804
1.00848
1.00889
1.00908
1.00932
1.00936
1.00938
1.00934
1.00925
1.00916
1.00904
1.00894
1.00884
1.00873
1.00861
1.00844
1.0082
1.0079
1.00766
1.00749
1.00738
1.00732
1.00729
1.00729
1.00727
1.0073
1.00758
1.00777
1.00774
1.00745
1.0076
1.00821
1.00819
1.00741
1.0072
1.00718
1.00714
1.00655
1.00691
1.00746
1.00841
1.00885
1.00925
1.00943
1.00967
1.00972
1.00975
1.00971
1.00963
1.00952
1.00938
1.00922
1.00902
1.0088
1.00859
1.00842
1.00833
1.0083
1.00826
1.00819
1.0081
1.00801
1.00793
1.00785
1.00775
1.00773
1.00806
1.00824
1.00819
1.00796
1.00815
1.00865
1.00857
1.00773
1.00753
1.0075
1.00749
1.00693
1.00731
1.00788
1.0088
1.00922
1.00963
1.00982
1.01005
1.01013
1.01016
1.01013
1.01006
1.00997
1.00984
1.0097
1.00955
1.00938
1.00922
1.00904
1.00886
1.00865
1.0085
1.00839
1.00831
1.00825
1.00821
1.00815
1.00804
1.00807
1.00843
1.00856
1.00847
1.00827
1.00847
1.00889
1.00872
1.00783
1.00765
1.00763
1.0077
1.0073
1.00771
1.00833
1.0092
1.00962
1.01004
1.01022
1.01047
1.01056
1.01059
1.01058
1.01052
1.01043
1.01031
1.01018
1.01002
1.00985
1.00967
1.00949
1.00931
1.00915
1.009
1.00884
1.00871
1.00859
1.00849
1.00838
1.00822
1.00823
1.00848
1.00855
1.00837
1.00819
1.00843
1.00881
1.00859
1.00782
1.0077
1.00776
1.00788
1.00769
1.00817
1.00879
1.00967
1.01009
1.01053
1.01069
1.01094
1.01099
1.01105
1.01104
1.011
1.01092
1.01082
1.0107
1.01055
1.01039
1.01022
1.01003
1.00984
1.00965
1.00949
1.00933
1.00918
1.00905
1.00892
1.00877
1.0086
1.00868
1.00891
1.00896
1.00873
1.00858
1.00882
1.00912
1.0088
1.00801
1.0079
1.00791
1.00802
1.00818
1.00867
1.00932
1.01016
1.01057
1.01101
1.0112
1.01145
1.0115
1.01157
1.01155
1.01153
1.01147
1.01138
1.01126
1.01113
1.01097
1.01081
1.01062
1.01042
1.01023
1.01004
1.00986
1.00969
1.00954
1.00941
1.00922
1.00908
1.00924
1.00948
1.00953
1.0093
1.00918
1.00942
1.00963
1.00919
1.00846
1.00838
1.00834
1.00839
1.00868
1.00915
1.00992
1.01072
1.01113
1.01155
1.01173
1.01198
1.01204
1.01214
1.01213
1.01213
1.01207
1.01201
1.0119
1.01178
1.01162
1.01146
1.01127
1.01107
1.01086
1.01066
1.01046
1.01028
1.0101
1.00996
1.00977
1.00965
1.00985
1.01006
1.01009
1.00985
1.00977
1.01
1.01013
1.00955
1.00893
1.00888
1.00883
1.0089
1.00922
1.00977
1.01055
1.01128
1.01171
1.01217
1.01237
1.01263
1.01269
1.01278
1.01278
1.01281
1.01275
1.0127
1.0126
1.01249
1.01235
1.01219
1.012
1.01179
1.01156
1.01135
1.01113
1.01092
1.01074
1.0106
1.01038
1.01031
1.01059
1.01077
1.01078
1.01055
1.01049
1.01072
1.01079
1.01009
1.00958
1.00949
1.00937
1.00942
1.00982
1.01052
1.01122
1.01197
1.01243
1.01291
1.01307
1.01334
1.01341
1.01354
1.01354
1.01357
1.01353
1.0135
1.0134
1.01331
1.01315
1.013
1.0128
1.01259
1.01235
1.01211
1.01186
1.01163
1.01144
1.01126
1.01102
1.01104
1.01137
1.0115
1.01149
1.01128
1.01124
1.01145
1.01138
1.01057
1.0101
1.01002
1.0098
1.0098
1.01063
1.01139
1.01204
1.01283
1.01328
1.01377
1.01393
1.01419
1.01424
1.01438
1.01438
1.01443
1.0144
1.01438
1.01429
1.01421
1.01406
1.0139
1.0137
1.01347
1.01321
1.01296
1.0127
1.01245
1.01224
1.01202
1.01181
1.01191
1.0122
1.01227
1.01221
1.012
1.01195
1.01207
1.01178
1.01094
1.01063
1.01053
1.01011
1.01002
1.01153
1.01229
1.01289
1.0137
1.01413
1.01462
1.01478
1.01509
1.01515
1.01535
1.01541
1.01546
1.01545
1.01543
1.01536
1.01525
1.01512
1.01494
1.01473
1.01448
1.0142
1.01392
1.01362
1.01335
1.01312
1.01285
1.01267
1.01285
1.01305
1.01307
1.01293
1.01274
1.01265
1.0127
1.01222
1.01152
1.01133
1.01121
1.01059
1.01038
1.01253
1.01332
1.01396
1.0147
1.01508
1.01552
1.01584
1.01627
1.01638
1.01664
1.01663
1.0167
1.01667
1.01661
1.01654
1.01644
1.01626
1.01611
1.01585
1.01562
1.01531
1.01502
1.0147
1.01441
1.01413
1.0138
1.01372
1.01394
1.01402
1.014
1.01376
1.01354
1.01342
1.0134
1.01281
1.01206
1.01179
1.01158
1.01099
1.01074
1.01356
1.01455
1.0152
1.01604
1.01645
1.01696
1.01709
1.0175
1.01759
1.01783
1.01789
1.01801
1.018
1.01798
1.01791
1.01779
1.01764
1.01745
1.0172
1.01691
1.0166
1.01627
1.01594
1.01563
1.0153
1.01495
1.01501
1.01524
1.01528
1.01522
1.01497
1.01471
1.01459
1.01456
1.01383
1.01293
1.01259
1.01231
1.012
1.01183
1.0148
1.01573
1.01626
1.017
1.01755
1.01835
1.01867
1.01907
1.01931
1.01945
1.01952
1.01963
1.01953
1.01959
1.01944
1.01938
1.01918
1.019
1.01874
1.01844
1.01811
1.01777
1.01742
1.01707
1.01671
1.01654
1.01665
1.01671
1.01669
1.01658
1.01628
1.01596
1.0158
1.01565
1.01479
1.01391
1.01356
1.01311
1.01277
1.01268
1.01623
1.01723
1.0178
1.01866
1.01924
1.02003
1.02033
1.02092
1.02105
1.02134
1.02137
1.02153
1.02143
1.02148
1.02131
1.02126
1.02103
1.02085
1.02056
1.02027
1.01992
1.01958
1.01922
1.01888
1.01857
1.01842
1.01837
1.01833
1.01829
1.01812
1.01773
1.01734
1.01711
1.01675
1.01589
1.01539
1.01512
1.01443
1.01395
1.01379
1.01803
1.01918
1.0198
1.02076
1.02135
1.02218
1.02249
1.02307
1.02318
1.02354
1.02352
1.02375
1.02363
1.02373
1.02351
1.0235
1.02322
1.02306
1.02274
1.02245
1.02209
1.02172
1.02136
1.02101
1.0207
1.02045
1.02028
1.0202
1.02019
1.02001
1.01946
1.01898
1.01873
1.01815
1.01715
1.01668
1.0163
1.01537
1.01442
1.01408
1.02017
1.02141
1.02209
1.02324
1.02385
1.02473
1.02508
1.02564
1.02572
1.02616
1.0261
1.02642
1.02626
1.02642
1.0262
1.02618
1.02594
1.02576
1.02546
1.02516
1.0248
1.02446
1.02409
1.02378
1.02349
1.02326
1.02306
1.02299
1.02292
1.02248
1.02173
1.02123
1.02099
1.0203
1.01926
1.0188
1.01832
1.01742
1.01648
1.01609
1.02278
1.02413
1.02489
1.02611
1.02678
1.02772
1.02811
1.02878
1.0289
1.0294
1.02934
1.02972
1.02956
1.02978
1.02954
1.02958
1.02931
1.02917
1.02883
1.02856
1.02818
1.02782
1.02745
1.02715
1.02688
1.02661
1.02639
1.02629
1.02602
1.0252
1.02413
1.02362
1.02335
1.02232
1.02099
1.0204
1.01982
1.01873
1.01751
1.01701
1.02592
1.0275
1.02843
1.02971
1.03048
1.03136
1.03185
1.03262
1.03282
1.03344
1.03343
1.03394
1.03379
1.03415
1.03392
1.03408
1.0338
1.03373
1.0334
1.03319
1.03282
1.03245
1.03211
1.03186
1.03159
1.03124
1.03094
1.03067
1.03005
1.0288
1.02768
1.02746
1.02717
1.02586
1.02463
1.02404
1.02351
1.02233
1.02099
1.02044
1.02979
1.03155
1.03256
1.03406
1.03492
1.03584
1.03657
1.03725
1.03772
1.03826
1.03847
1.03897
1.0389
1.03932
1.03907
1.03929
1.03894
1.03897
1.03863
1.03854
1.03821
1.03793
1.03758
1.03729
1.0368
1.03615
1.03559
1.03497
1.03363
1.03187
1.03097
1.03099
1.03022
1.02826
1.02672
1.02604
1.0248
1.02304
1.0216
1.02097
1.03429
1.03644
1.03784
1.03961
1.04057
1.04192
1.04274
1.0437
1.0443
1.04504
1.04545
1.04603
1.04616
1.04668
1.04647
1.0469
1.04649
1.04668
1.04601
1.04577
1.04508
1.04488
1.04455
1.04433
1.04372
1.04315
1.0427
1.04172
1.03976
1.03811
1.03806
1.03828
1.03696
1.03481
1.03361
1.03275
1.03146
1.03025
1.02932
1.02839
1.04129
1.04411
1.04609
1.04807
1.04924
1.05064
1.05146
1.05253
1.05298
1.05389
1.05413
1.05481
1.05494
1.05548
1.0554
1.05597
1.05569
1.05649
1.05639
1.05723
1.05715
1.05761
1.05706
1.05614
1.05458
1.05354
1.05225
1.04981
1.04688
1.04574
1.04584
1.04504
1.04192
1.03914
1.03804
1.03741
1.03609
1.03413
1.03286
1.03161
1.057
1.05999
1.06105
1.06396
1.06467
1.06695
1.06753
1.06907
1.06948
1.07075
1.07068
1.07163
1.0712
1.07179
1.07135
1.07159
1.07075
1.07055
1.06898
1.06831
1.06653
1.06574
1.06335
1.06162
1.05993
1.05966
1.05837
1.05613
1.05427
1.05479
1.05539
1.05383
1.05096
1.04895
1.0477
1.04619
1.0447
1.04301
1.04075
1.03831
1.07101
1.07556
1.07668
1.07885
1.07947
1.08141
1.08199
1.08375
1.08456
1.08621
1.08713
1.08888
1.08949
1.09103
1.09161
1.09315
1.09401
1.09539
1.09612
1.09751
1.0978
1.09797
1.09597
1.09562
1.09493
1.09429
1.09014
1.08671
1.08449
1.08308
1.07979
1.07584
1.07222
1.06788
1.06256
1.05847
1.05496
1.05155
1.04901
1.04696
1.11316
1.11166
1.11276
1.11281
1.11429
1.11472
1.11584
1.11638
1.11688
1.11697
1.11697
1.11667
1.11616
1.11582
1.11455
1.11367
1.11106
1.10909
1.1064
1.10376
1.10001
1.09596
1.09317
1.09209
1.0894
1.08619
1.082
1.0816
1.07969
1.07806
1.07548
1.07477
1.07225
1.06941
1.06612
1.06281
1.05906
1.05623
1.05454
1.0537
1.12418
1.13748
1.14542
1.15576
1.16016
1.16937
1.17304
1.18143
1.18475
1.19228
1.19525
1.20163
1.20398
1.20892
1.21053
1.21462
1.21632
1.21963
1.21971
1.22124
1.22217
1.22509
1.22445
1.22131
1.21695
1.21383
1.21038
1.20597
1.19947
1.19334
1.18525
1.17748
1.16832
1.1604
1.15069
1.14266
1.1336
1.12555
1.11543
1.10474
1.18708
1.18784
1.18936
1.18864
1.18899
1.19319
1.19711
1.20182
1.20592
1.20983
1.21316
1.21578
1.21844
1.21933
1.22139
1.22057
1.2222
1.22061
1.22145
1.21862
1.21716
1.21215
1.2084
1.2017
1.19725
1.19054
1.18572
1.17834
1.17378
1.16552
1.16116
1.15252
1.14916
1.14082
1.1372
1.12706
1.11835
1.10341
1.09044
1.07824
1.19016
1.22649
1.26869
1.30455
1.34124
1.37439
1.40698
1.43678
1.46552
1.49165
1.51661
1.53825
1.55906
1.57604
1.59325
1.60599
1.61945
1.62695
1.63526
1.63679
1.64008
1.63696
1.6368
1.63041
1.62679
1.61631
1.60885
1.59497
1.58302
1.56544
1.54876
1.5278
1.5068
1.48289
1.45851
1.43209
1.40501
1.37794
1.35069
1.32304
0.999458
1.00564
1.0063
1.00564
1.00569
1.00541
1.00528
1.00521
1.00535
1.00546
1.00569
1.00586
1.00604
1.00644
1.0068
1.00642
1.00598
1.00544
1.00508
1.00464
1.00418
1.00347
1.00267
1.00186
1.00085
1.00008
0.999084
0.998169
0.997148
0.996211
0.995181
0.994268
0.993336
0.992889
0.992878
0.992222
0.994096
0.990412
0.997325
0.980644
1.00379
1.00686
1.00604
1.00557
1.00565
1.00539
1.00532
1.00525
1.00538
1.00547
1.00567
1.0058
1.00601
1.00644
1.00698
1.00668
1.00611
1.0058
1.00547
1.00503
1.00429
1.00349
1.00262
1.00169
1.00067
0.999929
0.998976
0.998144
0.997149
0.996242
0.99512
0.994031
0.993056
0.992711
0.992777
0.992249
0.994267
0.99059
0.997936
0.981467
1.00507
1.0071
1.00614
1.00568
1.00566
1.00542
1.00541
1.00537
1.0055
1.00559
1.00576
1.00583
1.00601
1.0063
1.00676
1.00676
1.00627
1.00591
1.00566
1.00512
1.00403
1.00305
1.00204
1.00107
1.00016
0.99951
0.998752
0.997846
0.996809
0.995897
0.994707
0.993538
0.992758
0.992485
0.992742
0.992163
0.994474
0.991133
0.999683
0.982358
1.00697
1.00732
1.00607
1.00577
1.0057
1.00555
1.00568
1.00567
1.00581
1.00584
1.00601
1.00599
1.00614
1.00635
1.0065
1.00688
1.00669
1.00597
1.0056
1.00481
1.00372
1.00271
1.00169
1.00084
1.00015
0.99944
0.998733
0.997725
0.996594
0.99548
0.994355
0.993112
0.992469
0.992166
0.992665
0.991927
0.99482
0.991662
1.00147
0.986123
1.0066
1.00681
1.00585
1.00576
1.00569
1.00565
1.00588
1.00592
1.00594
1.00602
1.00624
1.00641
1.00644
1.00653
1.00661
1.00689
1.00683
1.00595
1.00561
1.00475
1.00371
1.00278
1.0018
1.00098
1.00051
0.999572
0.998818
0.997573
0.996319
0.994879
0.993785
0.992702
0.992048
0.991769
0.992593
0.991599
0.995231
0.991806
1.00533
0.995451
1.00668
1.00608
1.00568
1.00575
1.0057
1.00568
1.00592
1.006
1.00601
1.00615
1.00639
1.0066
1.00646
1.0064
1.00653
1.00666
1.00679
1.00632
1.00563
1.00496
1.00399
1.00315
1.00233
1.00194
1.00165
1.0001
0.998914
0.997255
0.995826
0.994178
0.993038
0.991989
0.991461
0.991342
0.992514
0.991071
0.996176
0.991812
1.01005
1.00296
1.00621
1.00583
1.00571
1.00584
1.0058
1.00586
1.00612
1.0062
1.00623
1.00642
1.00666
1.00676
1.0064
1.0062
1.00642
1.00636
1.0065
1.00661
1.0057
1.00533
1.00472
1.00445
1.00403
1.00322
1.00199
1.00064
0.998905
0.997014
0.995469
0.993793
0.992517
0.991262
0.990809
0.990733
0.992336
0.990225
0.997377
0.991461
1.01257
1.00666
1.00608
1.00584
1.0059
1.00608
1.00608
1.00616
1.00647
1.00655
1.00668
1.00699
1.00731
1.00719
1.00656
1.00631
1.00659
1.00647
1.00637
1.00656
1.00613
1.00646
1.00659
1.0061
1.00494
1.0033
1.00177
1.00042
0.998652
0.996765
0.995138
0.993478
0.992117
0.990722
0.99028
0.989885
0.992037
0.989286
0.998108
0.990956
1.01554
1.00737
1.00609
1.00599
1.00636
1.00667
1.00679
1.00688
1.00728
1.00736
1.00764
1.00774
1.00808
1.00801
1.00721
1.00672
1.00703
1.00694
1.0066
1.00678
1.00712
1.00711
1.00729
1.00643
1.00499
1.00328
1.00148
0.999909
0.998136
0.996264
0.994589
0.992957
0.991561
0.990259
0.9897
0.98876
0.99155
0.988342
0.998138
0.989813
1.01672
1.00495
1.00617
1.00631
1.0068
1.00697
1.0074
1.00744
1.00739
1.00755
1.00788
1.00771
1.00797
1.00804
1.00786
1.00724
1.0073
1.00797
1.00751
1.00741
1.00753
1.00759
1.00729
1.00626
1.00535
1.00332
1.00149
0.999541
0.997638
0.99571
0.993931
0.992182
0.990782
0.989626
0.988795
0.987368
0.990888
0.987211
0.997452
0.988744
1.01481
1.0035
1.0063
1.00667
1.007
1.00697
1.00741
1.00737
1.0073
1.00752
1.00767
1.00723
1.00734
1.0076
1.00768
1.00729
1.00706
1.00811
1.00833
1.00847
1.00841
1.0077
1.00739
1.00654
1.00532
1.00372
1.00152
0.9994
0.99723
0.995166
0.993266
0.99147
0.990021
0.988768
0.987632
0.985902
0.990079
0.985907
0.995865
0.988266
1.00718
1.00211
1.00657
1.00706
1.00724
1.00717
1.00747
1.00748
1.00778
1.00776
1.00777
1.00737
1.00724
1.00745
1.00787
1.00769
1.00714
1.00774
1.00819
1.00846
1.00904
1.00843
1.00749
1.00645
1.00549
1.00362
1.0017
0.999306
0.996904
0.994694
0.99265
0.990693
0.989097
0.987759
0.986464
0.98455
0.989071
0.984633
0.993984
0.988617
0.999794
1.0003
1.00685
1.00717
1.00743
1.00743
1.00758
1.00758
1.00801
1.00811
1.00835
1.00816
1.00779
1.00786
1.00844
1.00854
1.00778
1.00783
1.00832
1.00813
1.00881
1.00858
1.00759
1.00662
1.00499
1.0036
1.00156
0.999162
0.996586
0.994103
0.991814
0.989733
0.988038
0.986626
0.985209
0.983133
0.987927
0.98352
0.991734
0.989759
0.99336
0.998179
1.00708
1.00718
1.00739
1.00747
1.0077
1.00764
1.00791
1.00791
1.00842
1.00877
1.00855
1.00829
1.00861
1.00898
1.00846
1.00817
1.00866
1.00828
1.00844
1.00842
1.00737
1.00641
1.00486
1.00315
1.00121
0.99892
0.996201
0.993501
0.990977
0.988725
0.986808
0.985255
0.983872
0.981885
0.986675
0.982564
0.989009
0.990839
0.987953
0.995751
1.00744
1.00739
1.00746
1.0078
1.00807
1.00814
1.00821
1.00794
1.00808
1.00871
1.00907
1.00889
1.00906
1.00956
1.00903
1.00855
1.00848
1.00865
1.00851
1.00814
1.0074
1.0062
1.00452
1.0028
1.00077
0.998357
0.995783
0.992813
0.990004
0.987469
0.985362
0.98378
0.982434
0.980447
0.985149
0.981748
0.986014
0.991245
0.983822
0.993545
1.00781
1.00772
1.00755
1.00796
1.0085
1.00866
1.00874
1.00842
1.00834
1.00876
1.00933
1.0094
1.00961
1.01018
1.01009
1.00901
1.0085
1.00814
1.00827
1.0081
1.00717
1.00597
1.00419
1.00249
1.00006
0.997817
0.995023
0.992092
0.988985
0.98622
0.983881
0.982149
0.980923
0.978962
0.983288
0.981073
0.983027
0.991143
0.980929
0.99162
1.00808
1.00815
1.00791
1.00804
1.00855
1.00901
1.00935
1.00935
1.00898
1.00917
1.00982
1.00974
1.00959
1.01046
1.0109
1.01025
1.00903
1.00818
1.00786
1.00776
1.00695
1.00563
1.00395
1.00187
0.999651
0.996828
0.994177
0.991107
0.987882
0.984821
0.982179
0.980333
0.979182
0.977466
0.981216
0.98047
0.980182
0.991058
0.979054
0.989326
1.00842
1.00857
1.00843
1.00836
1.00876
1.00942
1.01021
1.01046
1.01049
1.01043
1.01058
1.00972
1.00931
1.01001
1.01082
1.01118
1.01033
1.00874
1.00817
1.00766
1.00672
1.0053
1.00337
1.00148
0.998658
0.996052
0.992852
0.989815
0.986502
0.983268
0.980353
0.97838
0.977364
0.97576
0.978715
0.979867
0.97744
0.990965
0.977806
0.987406
1.00898
1.00934
1.00934
1.00917
1.00938
1.01031
1.01055
1.01056
1.01099
1.01106
1.01099
1.00995
1.00958
1.00998
1.01092
1.01067
1.01111
1.01021
1.00866
1.00781
1.00664
1.0049
1.00313
1.00068
0.998041
0.994713
0.99168
0.988211
0.984853
0.981558
0.978492
0.976277
0.975463
0.974013
0.97577
0.979271
0.974651
0.990664
0.976749
0.985512
1.00952
1.00991
1.00993
1.01014
1.01043
1.01083
1.01072
1.01053
1.01082
1.01067
1.01103
1.01074
1.01026
1.01032
1.01085
1.01021
1.01031
1.01073
1.00946
1.00812
1.00674
1.00472
1.00241
0.999804
0.996725
0.993721
0.989799
0.986458
0.98276
0.979338
0.9763
0.974061
0.973134
0.972072
0.972696
0.978668
0.971709
0.989671
0.975828
0.98363
1.01008
1.01053
1.01057
1.01054
1.01063
1.01101
1.0112
1.01134
1.01128
1.01101
1.01125
1.01145
1.01125
1.01048
1.011
1.01066
1.01047
1.01071
1.00949
1.00834
1.00648
1.00403
1.00178
0.99919
0.995836
0.991821
0.988438
0.984336
0.980507
0.976836
0.973756
0.97149
0.970453
0.96977
0.969511
0.977916
0.968736
0.988122
0.97506
0.981852
1.01042
1.01106
1.01102
1.01095
1.01123
1.01132
1.01151
1.01184
1.01208
1.01196
1.01201
1.01233
1.01211
1.01106
1.01106
1.01116
1.01047
1.01024
1.00893
1.00759
1.00581
1.00376
1.00114
0.997486
0.993917
0.990616
0.985852
0.981823
0.977788
0.973987
0.970794
0.968501
0.96747
0.967161
0.966045
0.97684
0.965824
0.986031
0.974312
0.980145
1.01075
1.01166
1.01189
1.01216
1.01244
1.01244
1.01268
1.01357
1.0143
1.01443
1.01388
1.01324
1.01294
1.01195
1.01137
1.01128
1.01038
1.0099
1.00883
1.00722
1.00553
1.00278
0.999643
0.996837
0.993098
0.988019
0.983899
0.979303
0.974703
0.970634
0.967447
0.964955
0.964156
0.964181
0.962228
0.974589
0.963057
0.983693
0.973655
0.978589
1.01093
1.01215
1.01272
1.0139
1.01438
1.01484
1.01472
1.01478
1.01489
1.01508
1.01436
1.01346
1.01314
1.01283
1.01265
1.01187
1.01047
1.01002
1.00868
1.0065
1.00461
1.00168
0.998862
0.994832
0.990044
0.98605
0.980634
0.975348
0.970848
0.966852
0.963177
0.960773
0.960144
0.960428
0.957948
0.971514
0.960279
0.980884
0.972836
0.976826
1.01184
1.01263
1.0131
1.01432
1.01511
1.01599
1.01622
1.01618
1.01607
1.01651
1.01682
1.01595
1.01482
1.01349
1.01302
1.01288
1.01186
1.01081
1.00909
1.00641
1.0045
1.0008
0.997382
0.993197
0.988926
0.98313
0.97746
0.972233
0.967033
0.962143
0.958797
0.956403
0.955618
0.956162
0.953407
0.968011
0.957399
0.977684
0.971916
0.975637
1.01277
1.01355
1.01392
1.01505
1.01546
1.01605
1.01612
1.0162
1.01597
1.01576
1.01617
1.01567
1.01457
1.01329
1.01254
1.0126
1.01178
1.00989
1.00777
1.00507
1.00283
0.998607
0.995335
0.990246
0.985032
0.979492
0.973364
0.966815
0.961044
0.956894
0.952987
0.950304
0.949899
0.950569
0.9479
0.963343
0.953918
0.97369
0.970288
0.973781
1.01442
1.01542
1.0159
1.01672
1.01672
1.01683
1.01663
1.0167
1.01689
1.01644
1.01726
1.01766
1.01712
1.0158
1.0145
1.01305
1.01145
1.00907
1.00747
1.00548
1.00249
0.99744
0.993761
0.98803
0.982615
0.976069
0.969078
0.962512
0.956684
0.951029
0.946851
0.944738
0.944028
0.945127
0.942663
0.95881
0.950874
0.97011
0.969316
0.973218
1.01448
1.01603
1.01655
1.01757
1.01766
1.01837
1.01843
1.01882
1.01909
1.01869
1.01829
1.01778
1.01707
1.01539
1.014
1.01282
1.01117
1.009
1.00689
1.00326
0.998452
0.993615
0.989596
0.982863
0.976831
0.969983
0.962924
0.955306
0.947986
0.942375
0.938319
0.935607
0.935325
0.936684
0.934924
0.951511
0.945397
0.963798
0.965328
0.969984
1.01649
1.01806
1.0187
1.01995
1.0201
1.02081
1.0205
1.02089
1.02075
1.02046
1.01942
1.01863
1.01842
1.01754
1.01672
1.01504
1.01231
1.00917
1.00589
1.00174
0.996779
0.992935
0.987109
0.979422
0.973156
0.965186
0.957068
0.948917
0.941574
0.935524
0.930767
0.928409
0.928138
0.929951
0.928962
0.945887
0.942202
0.960103
0.964163
0.970822
1.01698
1.01807
1.01841
1.0193
1.01919
1.01967
1.01894
1.01905
1.01872
1.01851
1.01848
1.01854
1.01853
1.01726
1.01525
1.01236
1.0093
1.00637
1.00287
0.998629
0.993253
0.987856
0.979346
0.971676
0.96455
0.954727
0.946314
0.937687
0.929545
0.922426
0.917125
0.914676
0.914857
0.916938
0.916926
0.934529
0.933189
0.949955
0.956997
0.96456
1.02031
1.02089
1.02112
1.02183
1.02181
1.02254
1.02207
1.02281
1.02267
1.02271
1.02277
1.02247
1.02208
1.01928
1.01676
1.01289
1.00943
1.00589
1.00157
0.995794
0.989306
0.982317
0.973297
0.965609
0.956438
0.945551
0.936882
0.926858
0.918374
0.911089
0.90611
0.904128
0.905272
0.908562
0.909705
0.928425
0.930174
0.946104
0.956396
0.967424
1.02083
1.02169
1.02218
1.02316
1.02369
1.02455
1.02438
1.02485
1.02384
1.02242
1.02034
1.01863
1.01769
1.01524
1.01282
1.00879
1.005
1.00028
0.995054
0.98837
0.981611
0.973729
0.964135
0.954498
0.942885
0.931513
0.92048
0.908948
0.899137
0.891311
0.886052
0.883897
0.88546
0.889078
0.890955
0.910231
0.914957
0.930198
0.943095
0.956412
1.02762
1.02919
1.02949
1.03071
1.0308
1.03122
1.03013
1.02982
1.02811
1.02646
1.02461
1.02263
1.02052
1.01707
1.01386
1.00845
1.00377
0.997208
0.990292
0.98219
0.973701
0.963843
0.952126
0.940122
0.927436
0.913922
0.901708
0.889163
0.879597
0.872226
0.868152
0.867033
0.870491
0.876996
0.881188
0.903517
0.911881
0.929003
0.945157
0.961951
1.0305
1.0307
1.02994
1.03013
1.02924
1.029
1.02792
1.02732
1.02554
1.02484
1.02285
1.02046
1.01756
1.01337
1.00872
1.00307
0.998073
0.990295
0.982225
0.972354
0.960681
0.948271
0.933707
0.919477
0.903506
0.887775
0.87262
0.859547
0.848451
0.84041
0.835324
0.834186
0.838414
0.846061
0.852391
0.875497
0.887035
0.906587
0.924698
0.945031
1.0363
1.03571
1.03455
1.03507
1.03419
1.03477
1.03365
1.03277
1.03087
1.02881
1.02498
1.02161
1.01643
1.01081
1.00497
0.997255
0.990097
0.979205
0.969651
0.955298
0.942533
0.925617
0.909688
0.891919
0.874282
0.856177
0.841925
0.827204
0.817984
0.810986
0.808344
0.810845
0.818928
0.830711
0.841344
0.868341
0.883846
0.908032
0.932359
0.952149
1.04555
1.04566
1.04474
1.04447
1.04267
1.04094
1.03778
1.03495
1.0301
1.02602
1.0206
1.01563
1.0083
1.00272
0.992873
0.984422
0.972171
0.95855
0.943948
0.92722
0.907967
0.888921
0.867321
0.846098
0.823446
0.803923
0.7868
0.769394
0.760089
0.751873
0.750634
0.755374
0.766171
0.781077
0.797637
0.827641
0.845053
0.873819
0.906552
0.932117
1.05372
1.0533
1.05152
1.0487
1.04461
1.04046
1.03566
1.0306
1.02588
1.01976
1.01405
1.00637
0.998303
0.987794
0.976624
0.962349
0.947026
0.928982
0.909855
0.885523
0.864851
0.837721
0.814645
0.78906
0.765852
0.745801
0.728996
0.714127
0.709451
0.706127
0.713217
0.724681
0.743851
0.769197
0.789402
0.830249
0.85654
0.884745
0.920593
0.953114
1.09259
1.08469
1.07378
1.06772
1.05913
1.0552
1.04726
1.04259
1.03273
1.02547
1.012
1.00072
0.98282
0.967003
0.944898
0.924254
0.89686
0.870691
0.838838
0.808225
0.7759
0.74059
0.712001
0.676992
0.652568
0.625998
0.606794
0.592685
0.589822
0.589111
0.604573
0.621261
0.646757
0.690908
0.717266
0.762524
0.813948
0.847371
0.906562
0.939089
1.07506
1.06932
1.07134
1.06892
1.06828
1.0604
1.05201
1.03692
1.02083
0.999385
0.976542
0.949819
0.921238
0.889255
0.854828
0.819229
0.779804
0.744317
0.703299
0.669188
0.62953
0.599945
0.567369
0.542266
0.525592
0.515321
0.514141
0.527069
0.545637
0.578313
0.612633
0.663799
0.700753
0.76025
0.80847
0.861124
0.89969
0.959147
0.987589
1.03862
1.29519
1.26826
1.23033
1.19334
1.14733
1.10627
1.0567
1.01315
0.960965
0.915521
0.861236
0.81446
0.759195
0.71193
0.655856
0.606323
0.55274
0.502519
0.453649
0.403677
0.364002
0.328415
0.309539
0.282694
0.306738
0.330164
0.348211
0.413787
0.469731
0.527735
0.607274
0.659329
0.744718
0.803435
0.882086
0.943176
1.01821
1.07583
1.14893
1.19728
0.997613
0.997637
0.997636
0.997635
0.997635
0.997635
0.997634
0.997634
0.997634
0.997634
0.997634
0.997634
0.997634
0.997633
0.997631
0.997626
0.997624
0.997624
0.997624
0.997623
0.997623
0.997623
0.997623
0.997622
0.997622
0.997622
0.997622
0.997621
0.997621
0.997621
0.997621
0.997621
0.99762
0.99762
0.99762
0.99762
0.997621
0.997622
0.997629
0.997599
0.997078
0.997118
0.997115
0.997112
0.997111
0.99711
0.997109
0.997109
0.997108
0.997108
0.997107
0.997106
0.997106
0.997104
0.997101
0.997095
0.997091
0.99709
0.997089
0.997088
0.997087
0.997085
0.997084
0.997083
0.997082
0.997081
0.99708
0.997078
0.997077
0.997076
0.997075
0.997075
0.997074
0.997074
0.997073
0.997073
0.997075
0.997077
0.997088
0.997042
1.00219
1.00225
1.00225
1.00224
1.00224
1.00224
1.00224
1.00224
1.00223
1.00223
1.00223
1.00223
1.00223
1.00223
1.00223
1.00222
1.00223
1.00222
1.00222
1.00221
1.00221
1.00221
1.0022
1.0022
1.0022
1.00219
1.00219
1.00219
1.00218
1.00218
1.00218
1.00218
1.00217
1.00217
1.00217
1.00217
1.00217
1.00217
1.00218
1.00211
1.00353
1.00362
1.00362
1.00361
1.00361
1.0036
1.0036
1.0036
1.0036
1.00359
1.00359
1.00359
1.00359
1.00358
1.00358
1.00358
1.00358
1.00357
1.00356
1.00355
1.00355
1.00354
1.00353
1.00353
1.00352
1.00351
1.0035
1.0035
1.00349
1.00348
1.00348
1.00347
1.00347
1.00346
1.00346
1.00346
1.00346
1.00346
1.00346
1.00336
0.999204
0.999318
0.999312
0.999305
0.9993
0.999295
0.999291
0.999286
0.999282
0.999276
0.999269
0.999262
0.999254
0.999246
0.999239
0.999231
0.999228
0.999216
0.999198
0.999187
0.999175
0.999163
0.99915
0.999137
0.999124
0.99911
0.999097
0.999084
0.999072
0.999059
0.999048
0.999037
0.999028
0.999019
0.999012
0.999007
0.999004
0.999005
0.999008
0.998891
0.997958
0.998085
0.998079
0.998072
0.998066
0.99806
0.998054
0.998047
0.99804
0.998032
0.998022
0.998012
0.997998
0.997983
0.997968
0.997954
0.997939
0.997934
0.997909
0.997893
0.997874
0.997855
0.997836
0.997816
0.997795
0.997775
0.997755
0.997736
0.997718
0.9977
0.997683
0.997667
0.997652
0.997638
0.997624
0.997616
0.997611
0.997609
0.99761
0.997481
1.00016
1.00029
1.00028
1.00028
1.00027
1.00026
1.00025
1.00024
1.00023
1.00022
1.00021
1.0002
1.00018
1.00016
1.00014
1.00012
1.00009
1.00009
1.00006
1.00004
1.00001
0.999987
0.999961
0.999934
0.999907
0.999879
0.999852
0.999825
0.9998
0.999776
0.999753
0.99973
0.99971
0.999693
0.999677
0.999666
0.999657
0.999653
0.999651
0.999515
1.00097
1.0011
1.0011
1.00109
1.00108
1.00107
1.00106
1.00105
1.00104
1.00102
1.00101
1.00099
1.00097
1.00094
1.00092
1.00089
1.00085
1.00085
1.00082
1.00078
1.00075
1.00072
1.00068
1.00065
1.00061
1.00058
1.00054
1.0005
1.00047
1.00044
1.00041
1.00038
1.00035
1.00033
1.00031
1.0003
1.00029
1.00028
1.00027
1.00013
1.00041
1.00055
1.00054
1.00053
1.00053
1.00051
1.0005
1.00049
1.00047
1.00045
1.00043
1.00041
1.00039
1.00036
1.00033
1.00029
1.00025
1.00024
1.0002
1.00016
1.00012
1.00008
1.00004
1
0.999959
0.999916
0.999874
0.999833
0.999793
0.999755
0.999719
0.999686
0.999655
0.999628
0.999606
0.999588
0.999575
0.999564
0.999557
0.999413
1.00027
1.00041
1.00041
1.0004
1.00039
1.00037
1.00036
1.00034
1.00032
1.0003
1.00028
1.00025
1.00022
1.00019
1.00015
1.00011
1.00006
1.00003
0.999992
0.999945
0.999896
0.999846
0.999794
0.999741
0.999689
0.999637
0.999586
0.999537
0.999488
0.99944
0.999394
0.999351
0.99931
0.999274
0.999242
0.999214
0.99919
0.999174
0.999164
0.999017
1.00046
1.0006
1.0006
1.00059
1.00058
1.00056
1.00055
1.00053
1.00051
1.00048
1.00045
1.00042
1.00039
1.00035
1.00031
1.00027
1.00022
1.00018
1.00013
1.00008
1.00003
0.999973
0.999916
0.999858
0.999799
0.99974
0.999681
0.999623
0.999566
0.999511
0.999459
0.99941
0.999365
0.999324
0.999288
0.999258
0.999233
0.999215
0.999203
0.999055
1.00063
1.00077
1.00076
1.00075
1.00074
1.00073
1.00071
1.00069
1.00066
1.00063
1.0006
1.00057
1.00053
1.00048
1.00044
1.00039
1.00033
1.00028
1.00022
1.00016
1.0001
1.00003
0.999966
0.999898
0.999829
0.999759
0.99969
0.999623
0.999558
0.999496
0.999438
0.999384
0.999334
0.999289
0.99925
0.999218
0.999192
0.999172
0.999158
0.999009
1.00068
1.00082
1.00082
1.00081
1.00079
1.00078
1.00076
1.00073
1.00071
1.00068
1.00064
1.0006
1.00056
1.00051
1.00046
1.0004
1.00034
1.00028
1.00022
1.00015
1.00008
1.00001
0.999932
0.999855
0.999777
0.999699
0.999622
0.999545
0.999471
0.999398
0.99933
0.999267
0.999208
0.999154
0.999109
0.999071
0.99904
0.999017
0.999
0.998845
1.00077
1.00091
1.0009
1.00089
1.00088
1.00086
1.00084
1.00081
1.00078
1.00075
1.00071
1.00066
1.00062
1.00056
1.00051
1.00045
1.00038
1.00031
1.00024
1.00016
1.00008
1
0.999918
0.999831
0.999743
0.999655
0.999567
0.999481
0.999397
0.999316
0.99924
0.999169
0.999103
0.999043
0.998991
0.998946
0.99891
0.998882
0.998863
0.998721
1.00087
1.001
1.001
1.00099
1.00097
1.00095
1.00093
1.0009
1.00087
1.00083
1.00079
1.00074
1.00069
1.00063
1.00057
1.0005
1.00043
1.00036
1.00027
1.00019
1.0001
1.00001
0.999915
0.999819
0.999721
0.999623
0.999526
0.99943
0.999337
0.999247
0.999162
0.999082
0.999008
0.998942
0.998883
0.998833
0.998792
0.998759
0.99874
0.998586
1.00096
1.0011
1.00109
1.00108
1.00107
1.00105
1.00102
1.00099
1.00096
1.00092
1.00087
1.00082
1.00076
1.0007
1.00063
1.00056
1.00048
1.0004
1.00031
1.00021
1.00012
1.00001
0.999912
0.999805
0.999697
0.999588
0.999481
0.999374
0.99927
0.99917
0.999075
0.998986
0.998904
0.99883
0.998763
0.998707
0.998663
0.99863
0.99861
0.99843
1.00106
1.0012
1.00119
1.00118
1.00116
1.00114
1.00112
1.00108
1.00105
1.00101
1.00096
1.0009
1.00084
1.00077
1.0007
1.00062
1.00053
1.00044
1.00035
1.00024
1.00013
1.00002
0.999909
0.999791
0.999672
0.999552
0.999433
0.999315
0.9992
0.999089
0.998983
0.998884
0.998793
0.998709
0.998638
0.998574
0.998525
0.99849
0.998465
0.998302
1.00116
1.0013
1.00129
1.00128
1.00126
1.00124
1.00121
1.00118
1.00114
1.0011
1.00105
1.00099
1.00092
1.00085
1.00077
1.00068
1.00059
1.00049
1.00039
1.00027
1.00016
1.00003
0.999908
0.999779
0.999648
0.999516
0.999384
0.999254
0.999128
0.999006
0.998888
0.998779
0.998676
0.998586
0.998505
0.998434
0.998377
0.998334
0.998301
0.998157
1.00127
1.00141
1.0014
1.00138
1.00137
1.00134
1.00132
1.00128
1.00124
1.00119
1.00114
1.00108
1.00101
1.00093
1.00084
1.00075
1.00065
1.00054
1.00043
1.00031
1.00018
1.00004
0.99991
0.999768
0.999625
0.999479
0.999335
0.999192
0.999053
0.998918
0.998789
0.998667
0.998556
0.998455
0.998363
0.998285
0.998221
0.99817
0.998134
0.997996
1.00137
1.00151
1.0015
1.00149
1.00147
1.00145
1.00142
1.00139
1.00134
1.00129
1.00124
1.00117
1.0011
1.00101
1.00092
1.00082
1.00072
1.0006
1.00048
1.00034
1.00021
1.00006
0.999913
0.999758
0.999601
0.999443
0.999285
0.999128
0.998974
0.998827
0.998686
0.998551
0.99843
0.998315
0.998215
0.998129
0.998058
0.998002
0.997965
0.997827
1.00148
1.00162
1.00161
1.0016
1.00158
1.00156
1.00153
1.00149
1.00145
1.0014
1.00134
1.00127
1.00119
1.00111
1.00101
1.0009
1.00079
1.00066
1.00053
1.00039
1.00024
1.00008
0.999918
0.99975
0.999579
0.999406
0.999233
0.999062
0.998894
0.998731
0.998576
0.998431
0.998293
0.998169
0.998059
0.997965
0.997886
0.997825
0.997785
0.997642
1.0016
1.00173
1.00173
1.00171
1.0017
1.00167
1.00164
1.00161
1.00156
1.00151
1.00145
1.00137
1.00129
1.0012
1.0011
1.00099
1.00086
1.00073
1.00059
1.00043
1.00027
1.0001
0.999926
0.999743
0.999557
0.999369
0.99918
0.998993
0.99881
0.998632
0.998462
0.998302
0.998151
0.998015
0.997894
0.997789
0.997702
0.997636
0.997592
0.997437
1.00171
1.00185
1.00184
1.00183
1.00181
1.00179
1.00176
1.00172
1.00168
1.00162
1.00156
1.00149
1.0014
1.0013
1.0012
1.00108
1.00095
1.0008
1.00065
1.00048
1.00031
1.00013
0.999938
0.99974
0.999538
0.999333
0.999127
0.998922
0.998722
0.998528
0.998342
0.998166
0.998001
0.997851
0.997718
0.997603
0.997507
0.997434
0.997384
0.997224
1.00182
1.00196
1.00196
1.00195
1.00193
1.00191
1.00188
1.00185
1.0018
1.00175
1.00168
1.0016
1.00151
1.00141
1.0013
1.00117
1.00104
1.00088
1.00072
1.00054
1.00036
1.00016
0.999954
0.999739
0.999519
0.999296
0.999072
0.99885
0.998632
0.998419
0.998216
0.998022
0.997843
0.997679
0.997531
0.997404
0.997298
0.997216
0.997161
0.996994
1.00194
1.00208
1.00208
1.00207
1.00206
1.00204
1.00201
1.00198
1.00193
1.00187
1.00181
1.00173
1.00163
1.00153
1.00141
1.00128
1.00113
1.00097
1.0008
1.00061
1.00041
1.00019
0.999974
0.999742
0.999503
0.999261
0.999017
0.998774
0.998535
0.998307
0.998083
0.997872
0.997675
0.997495
0.997332
0.997191
0.997074
0.996983
0.996921
0.996747
1.00206
1.0022
1.0022
1.00219
1.00219
1.00217
1.00214
1.00211
1.00207
1.00201
1.00194
1.00186
1.00176
1.00165
1.00153
1.00139
1.00124
1.00107
1.00088
1.00068
1.00048
1.00025
0.999999
0.999749
0.99949
0.999225
0.99896
0.998697
0.998436
0.998187
0.997943
0.997713
0.997498
0.997299
0.997121
0.996964
0.996834
0.996731
0.996662
0.996489
1.00218
1.00232
1.00233
1.00233
1.00232
1.0023
1.00228
1.00225
1.00221
1.00215
1.00208
1.002
1.0019
1.00179
1.00166
1.00152
1.00136
1.00118
1.00098
1.00077
1.00054
1.0003
1.00004
0.999759
0.999478
0.999192
0.998903
0.998617
0.998334
0.998059
0.997795
0.997545
0.99731
0.997092
0.996896
0.996722
0.996575
0.99646
0.99638
0.996199
1.0023
1.00244
1.00245
1.00246
1.00245
1.00245
1.00243
1.0024
1.00236
1.0023
1.00223
1.00215
1.00205
1.00193
1.0018
1.00165
1.00148
1.00129
1.0011
1.00087
1.00062
1.00035
1.00007
0.999775
0.99947
0.999159
0.998846
0.998533
0.998227
0.997926
0.99764
0.997367
0.997112
0.996873
0.996656
0.996464
0.996299
0.99617
0.996077
0.995877
1.00241
1.00256
1.00257
1.00259
1.00259
1.0026
1.00258
1.00256
1.00252
1.00246
1.00239
1.00231
1.0022
1.00209
1.00195
1.0018
1.00162
1.00143
1.00122
1.00097
1.00071
1.00042
1.00012
0.999798
0.999466
0.999128
0.998787
0.998446
0.998113
0.997787
0.997477
0.997181
0.996901
0.996642
0.996403
0.996189
0.996002
0.995855
0.995748
0.995541
1.00253
1.00267
1.0027
1.00273
1.00274
1.00275
1.00274
1.00272
1.00268
1.00263
1.00256
1.00247
1.00237
1.00225
1.00211
1.00195
1.00178
1.00158
1.00135
1.00109
1.00081
1.0005
1.00017
0.999826
0.999466
0.999099
0.998728
0.998357
0.997993
0.99764
0.997304
0.996983
0.996681
0.996396
0.996136
0.995895
0.995683
0.995514
0.995385
0.995165
1.00264
1.0028
1.00282
1.00286
1.0029
1.00291
1.00291
1.0029
1.00286
1.00281
1.00274
1.00265
1.00255
1.00243
1.00229
1.00213
1.00195
1.00174
1.0015
1.00123
1.00093
1.0006
1.00024
0.999864
0.999471
0.999069
0.998666
0.998262
0.997867
0.997483
0.99712
0.996776
0.996449
0.996138
0.995853
0.995586
0.99534
0.995143
0.994978
0.994765
1.00273
1.00289
1.00296
1.00302
1.00306
1.00309
1.00309
1.00308
1.00305
1.003
1.00293
1.00284
1.00273
1.00261
1.00247
1.00232
1.00213
1.00191
1.00166
1.00138
1.00106
1.0007
1.00032
0.999911
0.999484
0.999045
0.998607
0.998168
0.997731
0.997319
0.99693
0.996553
0.9962
0.99587
0.995556
0.995263
0.99498
0.994734
0.994545
0.994268
1.0028
1.003
1.00306
1.00315
1.00322
1.00327
1.00329
1.00328
1.00325
1.0032
1.00313
1.00304
1.00294
1.00281
1.00268
1.00252
1.00233
1.00212
1.00186
1.00157
1.00123
1.00084
1.00042
0.999968
0.999495
0.999013
0.998529
0.998059
0.99758
0.997141
0.996718
0.996329
0.99595
0.99559
0.995243
0.994927
0.9946
0.994291
0.99405
0.993795
1.00284
1.0031
1.00321
1.00334
1.00342
1.00347
1.0035
1.00349
1.00346
1.00341
1.00334
1.00324
1.00314
1.00301
1.00289
1.00274
1.00255
1.00233
1.00207
1.00175
1.00139
1.00098
1.00052
1.00005
0.99953
0.999006
0.998475
0.99796
0.997436
0.996963
0.996507
0.996059
0.995664
0.995296
0.994926
0.994579
0.994262
0.993755
0.993611
0.993013
1.00283
1.00313
1.00329
1.00346
1.0036
1.00367
1.00372
1.00372
1.00369
1.00364
1.00357
1.00347
1.00337
1.00324
1.00311
1.00296
1.00279
1.00258
1.00233
1.00201
1.00163
1.00118
1.00068
1.00012
0.999541
0.99895
0.998357
0.997789
0.997257
0.99674
0.996246
0.995839
0.995414
0.995
0.994607
0.994187
0.993904
0.993223
0.993042
0.992423
1.00271
1.00333
1.00354
1.00374
1.00386
1.00394
1.00397
1.00397
1.00394
1.00387
1.00379
1.0037
1.00358
1.00347
1.00335
1.00322
1.00306
1.00286
1.00259
1.00226
1.00185
1.00137
1.00082
1.00024
0.999629
0.998989
0.998351
0.997727
0.997108
0.996537
0.996017
0.995464
0.995044
0.994691
0.994325
0.993807
0.993738
0.992475
0.992735
0.990979
1.00262
1.00322
1.00363
1.00391
1.00411
1.00419
1.00423
1.00423
1.00421
1.00417
1.00408
1.00398
1.00385
1.00373
1.0036
1.00347
1.00334
1.00316
1.00293
1.0026
1.00216
1.00162
1.00102
1.00034
0.999638
0.998909
0.998171
0.997464
0.996858
0.996269
0.995707
0.995294
0.994799
0.994357
0.994039
0.993389
0.993374
0.991988
0.992092
0.990278
1.00189
1.00357
1.00405
1.00438
1.00452
1.00459
1.00458
1.00458
1.00456
1.00448
1.00438
1.0043
1.00418
1.00403
1.00387
1.00379
1.00368
1.00353
1.00332
1.00303
1.00258
1.00199
1.00134
1.00061
0.999858
0.999057
0.998246
0.997469
0.996745
0.996066
0.995438
0.994821
0.994406
0.994057
0.993764
0.993076
0.993499
0.991113
0.992516
0.987206
1.00201
1.0038
1.00432
1.00466
1.00482
1.00483
1.00483
1.00485
1.0049
1.0049
1.00491
1.00482
1.00471
1.00461
1.00439
1.00428
1.00413
1.00397
1.00382
1.00348
1.00286
1.0023
1.00163
1.00082
1
0.999162
0.998176
0.997268
0.996535
0.995828
0.995201
0.99453
0.994026
0.993679
0.993513
0.992695
0.993278
0.990602
0.992385
0.98658
0.995342
1.00411
1.00553
1.0057
1.00564
1.00547
1.00528
1.00516
1.00534
1.00549
1.00543
1.00544
1.0054
1.00533
1.00533
1.0053
1.00498
1.00486
1.00462
1.00423
1.00367
1.00303
1.00224
1.00137
1.00046
0.99951
0.998464
0.997553
0.996709
0.99584
0.994939
0.994248
0.993667
0.993222
0.993123
0.992358
0.993813
0.990198
0.995164
0.975659
1.00275
1.00003
1.0062
1.00396
1.005
1.00405
1.00417
1.00421
1.00496
1.00499
1.00497
1.00513
1.00525
1.00523
1.00515
1.00492
1.00497
1.00496
1.00481
1.0045
1.00432
1.00401
1.00328
1.00283
1.00219
1.0007
0.999662
0.998697
0.997445
0.99609
0.994268
0.993665
0.989302
0.992373
0.984752
0.994045
0.978528
0.995766
0.978014
1.00434
1.00077
1.00226
1.00779
1.00334
1.00463
1.00315
1.00364
1.00381
1.0047
1.00465
1.00447
1.00475
1.00488
1.00476
1.00465
1.00451
1.00464
1.00454
1.00425
1.00422
1.00402
1.00341
1.00267
1.00244
1.00174
1.00052
0.99961
0.998738
0.997454
0.996316
0.994696
0.994355
0.99043
0.992717
0.986782
0.994486
0.981589
0.996738
0.982699
1.00524
0.995774
1.00506
1.00731
1.00363
1.0044
1.00335
1.00393
1.00413
1.005
1.00481
1.00456
1.00471
1.00477
1.0047
1.00462
1.00444
1.00448
1.00429
1.00397
1.00385
1.00351
1.00303
1.00246
1.00212
1.00141
1.00035
0.999378
0.998476
0.997209
0.996354
0.994969
0.994549
0.991886
0.992769
0.989652
0.994241
0.989504
0.997693
0.998255
0.973322
0.992736
1.00669
1.00619
1.00383
1.00435
1.00398
1.00432
1.00464
1.00528
1.00503
1.00477
1.00487
1.00492
1.00484
1.0047
1.00451
1.00453
1.00434
1.00397
1.00379
1.00339
1.00285
1.00221
1.00174
1.00095
0.999811
0.998871
0.998211
0.997193
0.996518
0.995316
0.994867
0.993224
0.992816
0.992346
0.993663
0.998414
0.997199
1.03257
0.941069
0.993732
1.00825
1.00546
1.00421
1.00414
1.0038
1.00394
1.00421
1.00487
1.00472
1.00451
1.0046
1.00466
1.00458
1.00439
1.00417
1.0042
1.00396
1.00346
1.00344
1.00304
1.0024
1.00177
1.00132
1.00062
0.999646
0.998836
0.998317
0.997365
0.996681
0.99572
0.99536
0.994561
0.993179
0.99477
0.992448
1.00331
0.992393
1.0445
0.915101
0.995789
1.00885
1.00508
1.00415
1.00356
1.00336
1.00341
1.00372
1.00412
1.00404
1.00393
1.00397
1.00399
1.00392
1.00377
1.00363
1.00369
1.00351
1.00304
1.00307
1.00271
1.00214
1.00155
1.00114
1.00054
0.999774
0.99901
0.998427
0.997512
0.996885
0.996152
0.995696
0.99541
0.993491
0.996554
0.991626
1.00535
0.985975
1.04271
0.923447
0.996505
1.00843
1.00422
1.00414
1.00337
1.00339
1.00344
1.00373
1.004
1.00394
1.00386
1.00389
1.00387
1.00379
1.00366
1.00356
1.00362
1.00343
1.00291
1.00292
1.00257
1.00202
1.00142
1.00098
1.0004
0.999701
0.998956
0.998345
0.997547
0.997001
0.996373
0.995744
0.99588
0.993593
0.997515
0.991018
1.00539
0.982939
1.03073
0.942334
0.997866
1.00679
1.00347
1.00436
1.00344
1.00371
1.00363
1.00391
1.00404
1.00398
1.00393
1.00393
1.00389
1.00378
1.00364
1.00352
1.00354
1.00334
1.0028
1.00275
1.00238
1.00181
1.00123
1.00076
1.0002
0.999533
0.998847
0.998262
0.997567
0.997049
0.996512
0.995762
0.996241
0.993652
0.997953
0.990453
1.00433
0.982135
1.01872
0.957516
0.999835
1.0056
1.00324
1.00436
1.0034
1.00374
1.00352
1.00376
1.0038
1.00379
1.00376
1.00373
1.00369
1.00359
1.00348
1.00333
1.00331
1.00311
1.00259
1.00244
1.00208
1.00157
1.00106
1.00059
1.00006
0.999459
0.99883
0.998267
0.997634
0.997116
0.996662
0.995839
0.99651
0.993762
0.998077
0.990344
1.00288
0.983041
1.01078
0.968713
1.00097
1.00481
1.00307
1.00414
1.00327
1.0036
1.00337
1.00356
1.00358
1.00357
1.00353
1.0035
1.00343
1.00334
1.00322
1.00308
1.00298
1.00282
1.00238
1.00221
1.00186
1.00143
1.00095
1.0005
0.999981
0.999433
0.99885
0.998302
0.997719
0.997208
0.9968
0.995943
0.996666
0.993931
0.997984
0.99064
1.00143
0.984616
1.00477
0.976616
1.0016
1.0042
1.00295
1.00392
1.00319
1.00353
1.00332
1.00347
1.00346
1.00345
1.00341
1.00337
1.00329
1.0032
1.00307
1.00294
1.0028
1.00263
1.00226
1.00206
1.00171
1.00131
1.00085
1.00041
0.999919
0.999398
0.998858
0.998333
0.997787
0.997295
0.996909
0.996062
0.996744
0.994142
0.997771
0.99112
1.00009
0.98633
1.00092
0.981969
1.00205
1.00379
1.00289
1.00373
1.00315
1.00346
1.00328
1.00338
1.00337
1.00335
1.00331
1.00325
1.00318
1.00307
1.00296
1.0028
1.00266
1.00247
1.00215
1.0019
1.00157
1.00117
1.00076
1.00032
0.999857
0.999362
0.998855
0.998359
0.99784
0.997371
0.996995
0.996189
0.996781
0.994388
0.997515
0.991686
0.998987
0.987945
0.998546
0.985622
1.00233
1.00353
1.00286
1.00356
1.0031
1.00337
1.00321
1.00328
1.00326
1.00323
1.00319
1.00312
1.00305
1.00294
1.00282
1.00266
1.0025
1.0023
1.00201
1.00175
1.00143
1.00106
1.00066
1.00024
0.999798
0.999333
0.998853
0.998382
0.997892
0.997441
0.997066
0.996324
0.996786
0.994663
0.997252
0.99229
0.998094
0.98938
0.997061
0.988183
1.00249
1.00334
1.00285
1.00341
1.00304
1.00327
1.00313
1.00318
1.00315
1.00312
1.00307
1.003
1.00291
1.00281
1.00268
1.00253
1.00235
1.00215
1.00188
1.00163
1.0013
1.00096
1.00057
1.00018
0.999748
0.999308
0.998853
0.998402
0.997942
0.997508
0.997124
0.996468
0.996773
0.994953
0.997011
0.992889
0.997404
0.990619
0.996169
0.990017
1.00258
1.00319
1.00284
1.00327
1.00299
1.00316
1.00306
1.00308
1.00305
1.00302
1.00295
1.00289
1.00279
1.00269
1.00255
1.0024
1.00222
1.00202
1.00175
1.00151
1.00119
1.00086
1.0005
1.00011
0.999705
0.999285
0.998852
0.998423
0.997984
0.997572
0.99718
0.99661
0.996761
0.995236
0.996812
0.99345
0.996899
0.991663
0.995668
0.991357
1.00262
1.00307
1.00283
1.00314
1.00294
1.00306
1.00299
1.00299
1.00296
1.00291
1.00286
1.00278
1.00269
1.00257
1.00244
1.00228
1.0021
1.00189
1.00165
1.00139
1.0011
1.00077
1.00043
1.00005
0.999665
0.999265
0.998852
0.998443
0.998026
0.997625
0.997245
0.996737
0.99676
0.995506
0.99666
0.993964
0.996546
0.992538
0.995412
0.992354
1.00263
1.00299
1.00281
1.00304
1.00289
1.00297
1.00292
1.0029
1.00287
1.00282
1.00276
1.00267
1.00258
1.00246
1.00233
1.00216
1.00199
1.00178
1.00154
1.00128
1.00101
1.00069
1.00036
1
0.999631
0.999247
0.998854
0.998461
0.998069
0.997675
0.99731
0.996855
0.996769
0.995762
0.996547
0.994435
0.996303
0.993278
0.995321
0.993132
1.00262
1.00292
1.00278
1.00295
1.00284
1.00289
1.00284
1.00283
1.00278
1.00273
1.00266
1.00258
1.00248
1.00236
1.00222
1.00207
1.00188
1.00168
1.00144
1.00119
1.00091
1.00062
1.0003
0.999954
0.999599
0.99923
0.998857
0.998481
0.998103
0.997731
0.997367
0.996968
0.996789
0.996
0.996475
0.994855
0.996154
0.993899
0.995321
0.99373
1.00261
1.00284
1.00276
1.00286
1.00279
1.00281
1.00277
1.00275
1.0027
1.00265
1.00257
1.00249
1.00238
1.00227
1.00212
1.00197
1.00178
1.00158
1.00135
1.00111
1.00084
1.00054
1.00023
0.999911
0.99957
0.999218
0.998859
0.998503
0.998135
0.997785
0.997428
0.997068
0.996828
0.99621
0.996447
0.995218
0.996085
0.994414
0.995374
0.994237
1.00258
1.00278
1.00273
1.00278
1.00274
1.00274
1.00271
1.00267
1.00263
1.00256
1.00249
1.0024
1.0023
1.00217
1.00203
1.00187
1.0017
1.00149
1.00127
1.00103
1.00077
1.00048
1.00018
0.999874
0.999544
0.999209
0.998865
0.99852
0.998174
0.99783
0.997495
0.997152
0.996888
0.996392
0.996458
0.995532
0.996074
0.994845
0.995493
0.99463
1.00255
1.00272
1.00269
1.00272
1.00269
1.00267
1.00264
1.0026
1.00255
1.00248
1.00241
1.00231
1.00221
1.00208
1.00195
1.00178
1.00161
1.00141
1.00119
1.00096
1.0007
1.00043
1.00014
0.999838
0.999522
0.999197
0.998873
0.998535
0.998208
0.997876
0.997559
0.997231
0.996958
0.996549
0.996492
0.995806
0.996099
0.995215
0.995615
0.99497
1.00251
1.00267
1.00264
1.00266
1.00263
1.00261
1.00257
1.00254
1.00248
1.00241
1.00233
1.00224
1.00213
1.00201
1.00186
1.00171
1.00153
1.00134
1.00112
1.00089
1.00064
1.00038
1.0001
0.999805
0.999504
0.999192
0.998877
0.998559
0.998237
0.997928
0.997613
0.997313
0.997029
0.996695
0.996547
0.996046
0.996154
0.99553
0.995748
0.995285
1.00247
1.00262
1.0026
1.0026
1.00257
1.00256
1.00251
1.00247
1.00241
1.00235
1.00226
1.00217
1.00205
1.00193
1.00179
1.00163
1.00145
1.00127
1.00105
1.00083
1.00059
1.00033
1.00006
0.999778
0.999484
0.999189
0.998879
0.99858
0.998267
0.997973
0.99767
0.997386
0.997106
0.996817
0.996623
0.996246
0.996238
0.995791
0.995893
0.995508
1.00244
1.00258
1.00256
1.00255
1.00253
1.00249
1.00246
1.00241
1.00235
1.00227
1.0022
1.00209
1.00199
1.00186
1.00172
1.00156
1.00139
1.0012
1.001
1.00077
1.00054
1.00029
1.00002
0.999753
0.999471
0.999183
0.99889
0.998595
0.998305
0.998011
0.997733
0.997451
0.997192
0.996918
0.996717
0.996411
0.996341
0.996017
0.996049
0.995745
1.00242
1.00253
1.00252
1.0025
1.00248
1.00244
1.00241
1.00235
1.00229
1.00221
1.00213
1.00203
1.00192
1.00179
1.00166
1.00149
1.00133
1.00114
1.00094
1.00072
1.00049
1.00025
0.999994
0.999728
0.99946
0.999176
0.9989
0.99861
0.998336
0.99805
0.997788
0.997516
0.997269
0.997013
0.996812
0.996558
0.996446
0.99621
0.996189
0.995974
1.00239
1.00249
1.00247
1.00246
1.00243
1.0024
1.00235
1.0023
1.00223
1.00216
1.00207
1.00197
1.00186
1.00173
1.00159
1.00144
1.00127
1.00109
1.00089
1.00068
1.00045
1.00021
0.999967
0.99971
0.999446
0.999178
0.998903
0.998635
0.998361
0.998098
0.997834
0.997587
0.997337
0.997112
0.996901
0.996694
0.99655
0.996371
0.996311
0.996138
1.00237
1.00244
1.00242
1.00241
1.00238
1.00235
1.0023
1.00225
1.00218
1.00211
1.00201
1.00192
1.0018
1.00168
1.00153
1.00138
1.00121
1.00103
1.00084
1.00063
1.00041
1.00018
0.999939
0.999694
0.999432
0.999178
0.998909
0.998653
0.998387
0.998138
0.99788
0.997646
0.997407
0.997196
0.996991
0.996808
0.996659
0.996507
0.996437
0.996293
1.00236
1.0024
1.00239
1.00237
1.00234
1.0023
1.00226
1.0022
1.00213
1.00205
1.00197
1.00186
1.00175
1.00162
1.00148
1.00133
1.00117
1.00099
1.0008
1.00059
1.00038
1.00015
0.999919
0.999677
0.999429
0.999175
0.998924
0.998667
0.998422
0.998168
0.997933
0.997696
0.997482
0.997269
0.997087
0.996905
0.996773
0.996632
0.996568
0.996447
1.00233
1.00236
1.00235
1.00233
1.0023
1.00226
1.00221
1.00215
1.00209
1.002
1.00192
1.00181
1.0017
1.00157
1.00143
1.00128
1.00112
1.00094
1.00075
1.00055
1.00034
1.00012
0.999898
0.999656
0.999421
0.999171
0.998931
0.998681
0.998446
0.9982
0.997976
0.997747
0.997545
0.99734
0.997169
0.996999
0.996874
0.996751
0.996693
0.996567
1.0023
1.00233
1.00231
1.0023
1.00226
1.00223
1.00217
1.00212
1.00204
1.00197
1.00187
1.00177
1.00165
1.00153
1.00139
1.00124
1.00108
1.00091
1.00072
1.00052
1.00032
1.0001
0.999879
0.999651
0.999413
0.99918
0.998936
0.998706
0.998465
0.998242
0.998013
0.997808
0.997598
0.997419
0.99724
0.997096
0.996964
0.996866
0.996796
0.996671
1.00227
1.0023
1.00228
1.00227
1.00223
1.00219
1.00213
1.00207
1.002
1.00192
1.00182
1.00172
1.0016
1.00148
1.00134
1.00119
1.00103
1.00086
1.00068
1.00049
1.00029
1.00008
0.999855
0.999635
0.999403
0.999177
0.998942
0.998717
0.998485
0.998269
0.998048
0.997848
0.997649
0.997475
0.997308
0.997171
0.99705
0.996961
0.996901
0.996759
1.00224
1.00228
1.00226
1.00223
1.0022
1.00215
1.00211
1.00204
1.00197
1.00188
1.0018
1.00169
1.00158
1.00145
1.00132
1.00117
1.00101
1.00084
1.00066
1.00047
1.00027
1.00006
0.99985
0.999627
0.999408
0.999177
0.99896
0.998729
0.998516
0.998293
0.998095
0.99789
0.997711
0.997532
0.997384
0.997242
0.997137
0.997045
0.996993
0.996839
1.0022
1.00225
1.00224
1.00221
1.00217
1.00212
1.00206
1.002
1.00193
1.00184
1.00175
1.00164
1.00153
1.0014
1.00127
1.00112
1.00096
1.00079
1.00061
1.00043
1.00024
1.00003
0.999823
0.999609
0.999394
0.999174
0.998957
0.998738
0.998527
0.998317
0.998116
0.997922
0.997744
0.997578
0.997433
0.997304
0.997202
0.997121
0.997072
0.996924
1.00216
1.00223
1.00221
1.00218
1.00214
1.0021
1.00204
1.00198
1.0019
1.00183
1.00173
1.00163
1.00151
1.00139
1.00125
1.00111
1.00095
1.00078
1.00061
1.00042
1.00023
1.00003
0.999823
0.999617
0.999399
0.999191
0.998971
0.998764
0.998549
0.998352
0.998152
0.997973
0.997795
0.997641
0.997492
0.997374
0.997266
0.997195
0.997146
0.996997
1.00215
1.00222
1.0022
1.00216
1.00212
1.00207
1.00201
1.00194
1.00186
1.00178
1.00168
1.00158
1.00146
1.00134
1.0012
1.00105
1.00089
1.00073
1.00055
1.00037
1.00018
0.999985
0.999784
0.999578
0.999371
0.999161
0.998953
0.998746
0.998543
0.998346
0.998157
0.997977
0.99781
0.997657
0.997522
0.997406
0.997312
0.997247
0.997206
0.997048
1.00213
1.0022
1.00218
1.00214
1.0021
1.00205
1.00199
1.00192
1.00185
1.00176
1.00167
1.00157
1.00145
1.00133
1.0012
1.00105
1.00089
1.00073
1.00056
1.00038
1.00019
0.999999
0.999803
0.999598
0.999398
0.999189
0.998988
0.998782
0.998587
0.99839
0.998208
0.998029
0.997868
0.997715
0.997584
0.997467
0.997375
0.997307
0.997275
0.997162
1.00212
1.00218
1.00216
1.00212
1.00207
1.00202
1.00196
1.00189
1.00181
1.00173
1.00163
1.00153
1.00141
1.00128
1.00115
1.001
1.00085
1.00068
1.00051
1.00033
1.00014
0.99995
0.999752
0.999551
0.999349
0.999146
0.998944
0.998744
0.99855
0.998362
0.998184
0.998014
0.997857
0.997712
0.997585
0.997474
0.997386
0.99732
0.997299
0.997231
1.00213
1.00218
1.00215
1.00212
1.00206
1.00201
1.00194
1.00187
1.0018
1.00171
1.00161
1.00151
1.0014
1.00127
1.00114
1.00099
1.00084
1.00067
1.00051
1.00033
1.00015
0.999956
0.999761
0.999567
0.999366
0.999169
0.99897
0.998777
0.998585
0.998401
0.998224
0.998058
0.997902
0.997762
0.997636
0.997528
0.997437
0.997362
0.997326
0.997277
1.00215
1.00218
1.00215
1.00213
1.00207
1.00203
1.00195
1.00187
1.00179
1.0017
1.00161
1.0015
1.00138
1.00126
1.00112
1.00098
1.00083
1.00067
1.00051
1.00034
1.00016
0.999968
0.999776
0.999584
0.999386
0.999189
0.998993
0.9988
0.998611
0.998429
0.99825
0.998085
0.99793
0.997792
0.997666
0.997559
0.997465
0.997379
0.997354
0.99734
1.00215
1.00217
1.00214
1.00211
1.00206
1.002
1.00191
1.00184
1.00177
1.00169
1.00159
1.00149
1.00137
1.00125
1.00112
1.00097
1.00082
1.00066
1.0005
1.00034
1.00015
0.999961
0.999769
0.999578
0.999383
0.999189
0.998995
0.998806
0.99862
0.998442
0.998267
0.998106
0.997955
0.99782
0.997699
0.997595
0.997507
0.997432
0.997414
0.997372
)
;

boundaryField
{
    FrontBack
    {
        type            empty;
    }
    Cylinder
    {
        type            calculated;
        value           uniform 0;
    }
    Bottom
    {
        type            calculated;
        value           uniform 0;
    }
    Top
    {
        type            calculated;
        value           uniform 0;
    }
    Inlet
    {
        type            calculated;
        value           uniform 1;
    }
    Outlet
    {
        type            calculated;
        value           nonuniform List<scalar> 
40
(
1.00215
1.00217
1.00214
1.00211
1.00206
1.002
1.00191
1.00184
1.00177
1.00169
1.00159
1.00149
1.00137
1.00125
1.00112
1.00097
1.00082
1.00066
1.0005
1.00034
1.00015
0.999961
0.999769
0.999578
0.999383
0.999189
0.998995
0.998806
0.99862
0.998442
0.998267
0.998106
0.997955
0.99782
0.997699
0.997595
0.997507
0.997432
0.997414
0.997372
)
;
    }
}


// ************************************************************************* //
