/*--------------------------------*- C++ -*----------------------------------*\
  =========                 |
  \\      /  F ield         | OpenFOAM: The Open Source CFD Toolbox
   \\    /   O peration     | Website:  https://openfoam.org
    \\  /    A nd           | Version:  11
     \\/     M anipulation  |
\*---------------------------------------------------------------------------*/
FoamFile
{
    format      ascii;
    class       volScalarField;
    location    "8.5";
    object      mag(U);
}
// * * * * * * * * * * * * * * * * * * * * * * * * * * * * * * * * * * * * * //

dimensions      [0 1 -1 0 0 0 0];

internalField   nonuniform List<scalar> 
9600
(
0.965161
0.961952
0.959083
0.954506
0.948665
0.945856
0.942252
0.936205
0.929805
0.928003
0.926397
0.923115
0.923581
0.926083
0.930011
0.935829
0.944877
0.957131
0.967232
0.972141
0.980545
0.992952
0.993902
0.991018
0.986106
0.97965
0.969641
0.947455
0.913513
0.882215
0.851203
0.82483
0.80343
0.79079
0.787111
0.791387
0.822983
0.852106
0.895616
1.013
0.968128
0.966696
0.964549
0.963178
0.960472
0.957434
0.955356
0.953304
0.951803
0.949489
0.949603
0.950673
0.953108
0.958462
0.964151
0.971762
0.983319
0.99461
1.00605
1.01719
1.02192
1.025
1.03315
1.04047
1.04235
1.04239
1.04257
1.04098
1.03492
1.01815
0.988981
0.956214
0.924916
0.898154
0.878241
0.863879
0.85989
0.868297
0.885867
0.994459
0.966736
0.965209
0.963046
0.96181
0.959782
0.956818
0.954771
0.953386
0.952046
0.950119
0.950245
0.951282
0.95345
0.958683
0.965072
0.972931
0.983036
0.994299
1.00641
1.01852
1.02631
1.02746
1.02879
1.03365
1.0413
1.04752
1.05266
1.0561
1.05581
1.04864
1.0234
0.983736
0.945061
0.910284
0.88694
0.873049
0.868562
0.876441
0.887106
0.971762
0.966801
0.965282
0.962815
0.961217
0.95903
0.955815
0.953887
0.952633
0.951299
0.949868
0.950129
0.951603
0.9543
0.959871
0.966532
0.974038
0.98416
0.995672
1.00641
1.017
1.02705
1.03114
1.03081
1.03111
1.03551
1.04407
1.05283
1.06011
1.06447
1.06211
1.04959
1.01853
0.985861
0.947499
0.918349
0.889184
0.870324
0.872095
0.874994
0.93816
0.966068
0.96444
0.962005
0.960166
0.957742
0.955101
0.953489
0.952482
0.951211
0.9505
0.950979
0.952456
0.955702
0.959867
0.967044
0.975734
0.985193
0.995709
1.00653
1.01597
1.026
1.03298
1.03394
1.03264
1.03273
1.03696
1.04788
1.05994
1.07121
1.0748
1.06966
1.04908
1.01467
0.972481
0.935961
0.906088
0.882106
0.875945
0.87216
0.909834
0.965661
0.964092
0.961411
0.959096
0.957068
0.954705
0.95285
0.951865
0.950661
0.950061
0.950597
0.952406
0.956694
0.960608
0.967695
0.976829
0.986462
0.995935
1.00752
1.01709
1.02575
1.03143
1.03441
1.0336
1.03321
1.03532
1.04357
1.05684
1.07158
1.07874
1.07995
1.06734
1.04323
1.00188
0.96036
0.926462
0.891445
0.877415
0.86462
0.890756
0.964662
0.963106
0.960225
0.957928
0.955843
0.953815
0.951985
0.951045
0.95029
0.950064
0.951191
0.953086
0.957398
0.961335
0.968967
0.977307
0.987451
0.996001
1.00906
1.01773
1.02627
1.03047
1.03463
1.03435
1.03432
1.03534
1.04028
1.05129
1.06835
1.08075
1.08846
1.0806
1.06125
1.02706
0.984623
0.949609
0.909005
0.889062
0.866571
0.878607
0.964174
0.962434
0.959511
0.957082
0.954943
0.953259
0.951541
0.950781
0.950152
0.949969
0.951213
0.953014
0.958021
0.961877
0.97016
0.977316
0.988964
0.997162
1.01012
1.01848
1.02719
1.03041
1.03403
1.03411
1.03433
1.0347
1.03878
1.04802
1.06502
1.07882
1.09091
1.08962
1.07506
1.05188
1.00756
0.976079
0.929798
0.904269
0.865266
0.868255
0.962978
0.961232
0.958198
0.955813
0.953767
0.952269
0.950775
0.950174
0.949672
0.949607
0.951485
0.953186
0.958614
0.962489
0.971506
0.977772
0.990326
0.998044
1.01121
1.01929
1.02887
1.0312
1.03387
1.03361
1.03396
1.03402
1.03827
1.04615
1.06055
1.0757
1.09121
1.09827
1.08539
1.06841
1.02969
0.999519
0.947905
0.923195
0.877969
0.868479
0.962305
0.960562
0.957444
0.954985
0.952968
0.951724
0.9502
0.949745
0.949609
0.949249
0.951705
0.953342
0.958947
0.962943
0.972596
0.979005
0.99109
0.999361
1.01315
1.02008
1.02968
1.03209
1.03456
1.03337
1.03285
1.03232
1.03653
1.04316
1.0565
1.07296
1.08812
1.103
1.09571
1.08481
1.04903
1.02118
0.968617
0.944408
0.895082
0.872264
0.961038
0.959195
0.956164
0.95378
0.951643
0.95072
0.949644
0.948869
0.949423
0.949032
0.951726
0.953334
0.959387
0.96346
0.973329
0.979921
0.992612
1.00071
1.01495
1.02155
1.03083
1.03318
1.03571
1.03376
1.03197
1.03047
1.03403
1.04067
1.05282
1.07061
1.08521
1.10416
1.10418
1.10008
1.06777
1.04351
0.992391
0.964197
0.91508
0.881669
0.960237
0.958361
0.955402
0.953072
0.950703
0.949901
0.949316
0.948005
0.949076
0.948707
0.951742
0.9533
0.959621
0.963964
0.974185
0.981002
0.9942
1.00215
1.01601
1.02338
1.03335
1.0345
1.036
1.03363
1.03125
1.02899
1.03118
1.03824
1.04859
1.06626
1.08242
1.10322
1.10851
1.11181
1.08666
1.06604
1.01624
0.985106
0.940773
0.895633
0.958856
0.956968
0.95399
0.951855
0.949922
0.948411
0.948754
0.947357
0.948522
0.948163
0.951681
0.953384
0.960155
0.964467
0.975067
0.982142
0.99577
1.0039
1.01791
1.02502
1.03521
1.03674
1.03761
1.03444
1.03049
1.02798
1.02682
1.03455
1.04372
1.0627
1.07851
1.10277
1.11084
1.1233
1.10398
1.08689
1.04329
1.00925
0.968632
0.914004
0.957906
0.956018
0.953204
0.950707
0.949141
0.947483
0.947875
0.946524
0.948117
0.947673
0.951442
0.953221
0.960332
0.964865
0.975879
0.983011
0.997231
1.00542
1.02053
1.02721
1.03651
1.03883
1.03954
1.03593
1.03014
1.02644
1.02338
1.02953
1.03748
1.058
1.07413
1.1
1.11386
1.13023
1.12042
1.10866
1.06997
1.03332
1.00043
0.934668
0.956389
0.954425
0.952087
0.94921
0.947996
0.946471
0.947203
0.945571
0.947547
0.947152
0.951342
0.953122
0.96077
0.965388
0.976923
0.984283
0.998816
1.00776
1.02182
1.03084
1.03818
1.04184
1.04187
1.03769
1.03083
1.02527
1.01996
1.02375
1.03287
1.04623
1.07398
1.09269
1.11585
1.13477
1.13177
1.12695
1.101
1.0579
1.029
0.967235
0.955222
0.95324
0.950795
0.948145
0.946956
0.945112
0.946247
0.944504
0.946762
0.946258
0.950867
0.952736
0.960858
0.965639
0.977355
0.98616
0.998587
1.01211
1.02174
1.03515
1.04008
1.04442
1.04471
1.0401
1.03172
1.0248
1.01802
1.01713
1.02634
1.0373
1.0624
1.09117
1.10967
1.14031
1.14464
1.14039
1.128
1.08698
1.06074
0.997227
0.953687
0.951655
0.949564
0.946605
0.945855
0.943749
0.94517
0.943399
0.946073
0.945635
0.950745
0.952794
0.960735
0.96791
0.97619
0.990358
0.998971
1.01533
1.02466
1.03741
1.04431
1.04701
1.047
1.04302
1.03423
1.02462
1.01731
1.01132
1.01787
1.0296
1.04697
1.08543
1.10466
1.13788
1.15686
1.15489
1.15236
1.11579
1.09387
1.03266
0.952092
0.950109
0.948246
0.944856
0.944455
0.94214
0.943761
0.94188
0.94499
0.944646
0.948883
0.954291
0.958473
0.969826
0.976735
0.991048
1.00129
1.01699
1.02814
1.04024
1.04747
1.05105
1.05008
1.04565
1.03698
1.02458
1.01651
1.0077
1.00793
1.02087
1.03408
1.06749
1.09946
1.13306
1.16124
1.16906
1.17722
1.14429
1.12679
1.06478
0.950536
0.948216
0.946732
0.943675
0.943482
0.940893
0.942626
0.941108
0.943005
0.946017
0.947186
0.954693
0.958846
0.970949
0.978203
0.993156
1.00387
1.01914
1.03217
1.04343
1.05168
1.05541
1.05408
1.04904
1.0407
1.02666
1.01429
1.00599
1.00047
1.00879
1.02126
1.0477
1.08564
1.1228
1.16462
1.17591
1.1999
1.17425
1.1648
1.10146
0.948609
0.946183
0.944739
0.941622
0.941688
0.93927
0.939978
0.941405
0.940111
0.945002
0.946102
0.95464
0.958788
0.970812
0.979438
0.993728
1.00836
1.01999
1.03722
1.04606
1.05535
1.05999
1.05794
1.05257
1.04415
1.03032
1.01465
1.00243
0.994359
0.996203
1.00774
1.02674
1.06845
1.10356
1.15815
1.17942
1.21899
1.20236
1.2043
1.14149
0.946687
0.944271
0.942917
0.939871
0.939359
0.939389
0.936786
0.940677
0.939228
0.94454
0.945607
0.954597
0.959432
0.971806
0.982509
0.994396
1.0126
1.02349
1.04093
1.05175
1.05959
1.06484
1.06384
1.05696
1.04831
1.03342
1.01781
1.00069
0.989515
0.983726
0.993056
1.00319
1.04634
1.08082
1.14214
1.17155
1.23013
1.2273
1.24387
1.18475
0.944325
0.941723
0.939994
0.938459
0.935205
0.937208
0.934666
0.938554
0.936928
0.943179
0.944368
0.954076
0.959707
0.971433
0.984207
0.99659
1.0142
1.02827
1.0436
1.05624
1.06497
1.06916
1.06921
1.06263
1.05338
1.03704
1.02084
1.0006
0.986516
0.971735
0.979005
0.981084
1.01743
1.04988
1.11775
1.15155
1.22719
1.24073
1.28321
1.23004
0.942008
0.940462
0.937021
0.936477
0.93344
0.935442
0.932788
0.93732
0.935821
0.942767
0.94497
0.95406
0.961624
0.973599
0.986189
1.00146
1.01691
1.03414
1.04943
1.06175
1.07147
1.07569
1.07585
1.06924
1.06047
1.04237
1.02638
1.00188
0.987457
0.964006
0.96479
0.959241
0.988276
1.01247
1.0808
1.12062
1.21024
1.23483
1.31281
1.27322
0.937655
0.936898
0.93336
0.933276
0.929869
0.932237
0.929345
0.934343
0.933758
0.939927
0.944102
0.952733
0.962295
0.974955
0.987842
1.00417
1.02195
1.03731
1.05524
1.06808
1.07734
1.08254
1.08324
1.07602
1.0685
1.04909
1.0336
1.00501
0.989364
0.960619
0.953787
0.93838
0.957048
0.973983
1.03194
1.0749
1.17279
1.21051
1.32001
1.30928
0.934503
0.934014
0.930526
0.930622
0.927235
0.930283
0.927784
0.932278
0.934062
0.938969
0.945666
0.953584
0.96437
0.977378
0.993567
1.00857
1.02812
1.04502
1.06243
1.07595
1.08591
1.09038
1.09359
1.08503
1.07889
1.05845
1.04354
1.01343
0.994446
0.962505
0.946505
0.925659
0.928553
0.933917
0.977494
1.01736
1.10798
1.1619
1.28994
1.32777
0.931893
0.929111
0.926024
0.925774
0.921834
0.92493
0.924645
0.92697
0.931026
0.936285
0.943015
0.953585
0.964791
0.978234
0.99527
1.01384
1.03108
1.05073
1.06924
1.08258
1.09448
1.09774
1.10275
1.09398
1.08891
1.06941
1.05418
1.02403
1.00069
0.969393
0.943774
0.917062
0.906392
0.90146
0.91964
0.952697
1.02042
1.08949
1.21064
1.30665
0.92848
0.927957
0.923027
0.923607
0.920746
0.921521
0.923256
0.92591
0.930405
0.936241
0.9444
0.956198
0.967324
0.984509
0.99975
1.02005
1.0402
1.05898
1.07769
1.09119
1.10521
1.10783
1.11276
1.10672
1.10052
1.08352
1.0672
1.04025
1.01203
0.980651
0.949471
0.918446
0.890332
0.879044
0.869508
0.896207
0.921536
1.00181
1.09178
1.20317
0.920246
0.921069
0.917387
0.916449
0.916492
0.916121
0.918989
0.92079
0.928522
0.932685
0.944518
0.954157
0.969293
0.986575
1.00403
1.02516
1.046
1.06649
1.08638
1.10051
1.1136
1.11983
1.12208
1.11879
1.11226
1.09745
1.08076
1.05714
1.02698
0.994907
0.95746
0.927393
0.885706
0.867877
0.834409
0.848236
0.837859
0.901719
0.967848
0.932647
0.916494
0.915588
0.914816
0.911517
0.915456
0.912571
0.920699
0.920513
0.930939
0.935743
0.947885
0.96098
0.975681
0.994584
1.01445
1.03597
1.05775
1.08019
1.09818
1.11482
1.12683
1.13512
1.13745
1.13466
1.12903
1.11762
1.10032
1.07981
1.04891
1.02052
0.975258
0.945124
0.895364
0.871181
0.826365
0.813533
0.790726
0.801801
0.845759
0.734489
0.910123
0.905862
0.905762
0.90109
0.905891
0.904088
0.910737
0.915813
0.923243
0.934238
0.946185
0.962082
0.978312
0.999468
1.02073
1.04494
1.06659
1.09132
1.10873
1.12609
1.13877
1.14734
1.1502
1.14964
1.14381
1.13691
1.11835
1.10491
1.07266
1.05009
1.0027
0.970579
0.91974
0.881564
0.842597
0.797408
0.775613
0.743214
0.75208
0.654202
0.907413
0.903047
0.903993
0.901994
0.902409
0.906339
0.910848
0.917785
0.927132
0.938772
0.952166
0.970973
0.987145
1.01263
1.0317
1.05985
1.08168
1.10722
1.1246
1.14397
1.1542
1.16604
1.16614
1.17076
1.1619
1.16114
1.14171
1.1342
1.10491
1.08375
1.04522
1.00297
0.962396
0.90512
0.872571
0.816547
0.781259
0.73347
0.723355
0.652104
0.892289
0.891292
0.89196
0.890537
0.893878
0.897835
0.90251
0.91506
0.922123
0.939874
0.952594
0.976312
0.994002
1.02112
1.04265
1.07242
1.09434
1.12112
1.13823
1.15981
1.16848
1.18207
1.18168
1.1883
1.18009
1.18129
1.16826
1.1585
1.14371
1.11536
1.09474
1.04399
1.01195
0.952185
0.904674
0.853672
0.811347
0.746988
0.729177
0.686254
0.883036
0.886535
0.885546
0.889002
0.891642
0.899266
0.906162
0.920776
0.931765
0.950792
0.968036
0.990408
1.01437
1.04018
1.06661
1.09417
1.11921
1.14428
1.1639
1.18154
1.1943
1.20266
1.20962
1.20774
1.21313
1.20177
1.20635
1.18959
1.18652
1.16564
1.14362
1.11457
1.07407
1.02299
0.982897
0.908106
0.870731
0.81064
0.757655
0.713649
0.867425
0.868326
0.869623
0.872928
0.878811
0.887648
0.901029
0.913575
0.934309
0.951433
0.976936
0.999
1.02736
1.05459
1.08317
1.11185
1.13823
1.16181
1.1829
1.19764
1.21403
1.21821
1.22728
1.22746
1.22864
1.23039
1.22633
1.22574
1.2241
1.20517
1.2052
1.1719
1.14959
1.10829
1.06228
1.00956
0.956594
0.885512
0.839488
0.77329
0.864722
0.865391
0.870323
0.873651
0.884613
0.893852
0.913082
0.927509
0.951693
0.973222
0.99948
1.02818
1.05312
1.08878
1.11105
1.14892
1.16532
1.2002
1.21035
1.23472
1.24122
1.2517
1.25767
1.25643
1.26631
1.25803
1.27075
1.26893
1.26954
1.27237
1.2693
1.24987
1.24689
1.20777
1.1839
1.13729
1.08931
1.02854
0.980638
0.909002
0.84154
0.849223
0.856213
0.86576
0.878448
0.894345
0.914539
0.938258
0.962928
0.995445
1.01877
1.05918
1.08064
1.12364
1.14566
1.1828
1.20552
1.2311
1.25059
1.26505
1.27525
1.28625
1.28226
1.29623
1.28775
1.29791
1.29955
1.30208
1.31481
1.31726
1.32791
1.32867
1.33256
1.30522
1.31833
1.26655
1.25682
1.19465
1.1686
1.10508
0.834742
0.848612
0.863436
0.886
0.90564
0.93441
0.959946
0.990257
1.02082
1.05255
1.08724
1.11996
1.15517
1.18984
1.21869
1.25371
1.27158
1.29998
1.30783
1.32455
1.32447
1.33006
1.32392
1.32699
1.3191
1.3251
1.31632
1.32751
1.31965
1.33488
1.33326
1.35937
1.35981
1.38553
1.3695
1.38093
1.3371
1.33993
1.28194
1.29118
0.803413
0.832736
0.847069
0.877257
0.897022
0.935342
0.965587
1.00829
1.04488
1.0872
1.12651
1.16574
1.2027
1.23812
1.26739
1.2973
1.31496
1.33471
1.33993
1.34739
1.34325
1.33802
1.33078
1.31889
1.31658
1.3049
1.30432
1.3005
1.29775
1.28201
1.26399
1.25249
1.24545
1.25892
1.24781
1.24703
1.19583
1.19233
1.12592
1.16672
0.87372
0.917447
0.960572
1.01051
1.04825
1.09401
1.12976
1.1737
1.20661
1.24584
1.27431
1.30451
1.32731
1.3492
1.36162
1.37997
1.38259
1.39457
1.38496
1.38495
1.365
1.35148
1.32732
1.30162
1.27717
1.25083
1.23472
1.20048
1.17998
1.12462
1.05109
0.915939
0.733236
0.587107
0.442172
0.37127
0.335051
0.325789
0.308044
0.331369
0.997044
1.03537
1.07134
1.10953
1.1466
1.1807
1.2116
1.23814
1.26011
1.27719
1.28861
1.30043
1.304
1.31025
1.30469
1.29879
1.2834
1.26535
1.24072
1.20378
1.16692
1.10593
1.05836
0.967565
0.915801
0.806573
0.743031
0.626881
0.309518
0.0705735
0.147288
0.111644
0.0190735
0.0987019
0.154672
0.194028
0.237514
0.274404
0.299062
0.320546
1.131
1.27425
1.25624
0.955698
0.811931
0.797278
0.891797
0.981081
1.05134
1.06071
1.05501
1.04671
1.04033
1.03774
1.03203
1.03213
1.02802
1.02815
1.02548
1.02537
1.02365
1.02368
1.02231
1.02237
1.02101
1.02094
1.01982
1.01983
1.01899
1.01907
1.01822
1.01803
1.01702
1.01687
1.01606
1.01589
1.0154
1.01546
1.01568
1.01503
1.09413
1.18892
1.19107
0.962632
0.835021
0.819683
0.910877
1.00358
1.0739
1.07942
1.06734
1.05375
1.04553
1.04137
1.03472
1.03426
1.02993
1.02965
1.02705
1.02661
1.02478
1.02464
1.02326
1.02329
1.02197
1.02183
1.02062
1.02054
1.01968
1.01973
1.01907
1.01892
1.01797
1.01764
1.01679
1.01654
1.01599
1.01592
1.01559
1.01353
1.00111
1.11601
1.15127
0.958342
0.841664
0.839504
0.931533
1.03682
1.10665
1.10385
1.08281
1.06135
1.0512
1.04435
1.03714
1.03591
1.03136
1.03077
1.02818
1.02751
1.02583
1.02544
1.02413
1.02403
1.02273
1.02259
1.02142
1.02131
1.02041
1.02033
1.01968
1.01949
1.01863
1.01815
1.01728
1.01697
1.01641
1.01637
1.0164
1.01627
0.950991
1.0257
1.05556
0.93953
0.841775
0.842713
0.933088
1.05593
1.13758
1.12861
1.10116
1.07019
1.0576
1.04864
1.03999
1.03786
1.03297
1.03188
1.02959
1.02841
1.02692
1.02613
1.02487
1.02458
1.02326
1.02308
1.02191
1.02175
1.02086
1.02069
1.02016
1.01994
1.01932
1.01879
1.01796
1.0174
1.01682
1.01661
1.01645
1.01641
0.877388
0.950779
1.00345
0.89837
0.830811
0.835776
0.930293
1.07164
1.17592
1.16255
1.12298
1.08029
1.06516
1.05285
1.04295
1.03982
1.03459
1.03308
1.03082
1.02916
1.02787
1.02668
1.02548
1.02491
1.02368
1.02338
1.02227
1.02195
1.02119
1.02083
1.02045
1.0201
1.0197
1.01917
1.01868
1.01806
1.01751
1.01706
1.01662
1.01557
0.826792
0.860408
0.910535
0.855953
0.810572
0.815322
0.911741
1.0732
1.20176
1.19789
1.14616
1.09171
1.07261
1.05829
1.0466
1.04258
1.03668
1.03453
1.03244
1.03019
1.02908
1.02743
1.02647
1.02561
1.02451
1.02402
1.02302
1.02255
1.02195
1.02128
1.02107
1.02056
1.02041
1.01981
1.01942
1.01865
1.01828
1.01774
1.01768
1.01778
0.789115
0.81368
0.875073
0.814523
0.777482
0.77948
0.877754
1.06539
1.21713
1.23801
1.17367
1.10474
1.08064
1.06356
1.05034
1.04528
1.03893
1.03611
1.0343
1.03156
1.03086
1.02884
1.02811
1.02694
1.02613
1.02534
1.02457
1.02374
1.02334
1.02234
1.02202
1.02123
1.02115
1.02057
1.02039
1.01955
1.01911
1.01828
1.0177
1.01633
0.774586
0.772482
0.802591
0.777294
0.739899
0.739132
0.830749
1.03829
1.2132
1.26444
1.20252
1.11879
1.08748
1.06867
1.05377
1.04757
1.04102
1.03767
1.03575
1.03288
1.03211
1.03
1.02936
1.02788
1.02723
1.02624
1.02549
1.02454
1.02417
1.02308
1.02274
1.02177
1.02155
1.02087
1.02071
1.02005
1.01977
1.01928
1.0191
1.01892
0.781736
0.787909
0.803978
0.760055
0.720151
0.709159
0.797505
1.01056
1.20284
1.27093
1.2322
1.13485
1.09357
1.07328
1.05701
1.0491
1.04273
1.03874
1.03657
1.03378
1.03279
1.03066
1.03
1.02841
1.02773
1.02677
1.02587
1.02499
1.02447
1.02347
1.02303
1.02218
1.0219
1.02131
1.02108
1.02057
1.02015
1.01965
1.01908
1.0181
0.807389
0.804043
0.799318
0.768921
0.724239
0.719446
0.803899
0.999874
1.18359
1.25537
1.24941
1.14971
1.0999
1.0775
1.061
1.05073
1.04458
1.03984
1.03735
1.03478
1.03341
1.0314
1.03057
1.02899
1.02809
1.02735
1.02616
1.02556
1.02483
1.02406
1.02345
1.02249
1.02193
1.02145
1.02105
1.02083
1.02048
1.02036
1.02006
1.01993
0.829477
0.838161
0.841421
0.814161
0.775945
0.788395
0.871277
1.03593
1.15525
1.22194
1.24425
1.16273
1.10582
1.0811
1.06521
1.05301
1.04728
1.04213
1.03904
1.03684
1.03509
1.03333
1.03214
1.03097
1.02953
1.02904
1.02761
1.02713
1.02622
1.02548
1.02473
1.02391
1.02291
1.02235
1.02167
1.02149
1.02077
1.02059
1.02009
1.01955
0.864989
0.86877
0.864827
0.84799
0.832035
0.869307
0.942843
1.05529
1.12745
1.16859
1.20781
1.16845
1.10772
1.08141
1.06796
1.05479
1.0489
1.04442
1.04065
1.03847
1.03637
1.03497
1.03359
1.03259
1.03114
1.03045
1.0293
1.02847
1.0277
1.02688
1.02616
1.0255
1.02446
1.02375
1.0228
1.02249
1.02184
1.02148
1.02095
1.02076
0.88686
0.89859
0.907244
0.890162
0.87831
0.907492
0.964724
1.04963
1.09362
1.11395
1.15095
1.16113
1.10609
1.07861
1.06939
1.05464
1.04876
1.0455
1.04111
1.03921
1.03695
1.03572
1.03428
1.03338
1.032
1.03112
1.03014
1.02907
1.02849
1.02765
1.02697
1.02632
1.02564
1.02504
1.02402
1.02331
1.0225
1.02211
1.0214
1.02084
0.925337
0.931607
0.93507
0.923687
0.910981
0.927501
0.96613
1.02521
1.05396
1.0596
1.08393
1.13583
1.10018
1.07347
1.06742
1.05389
1.04752
1.04562
1.04136
1.03985
1.03747
1.03624
1.03494
1.03386
1.03259
1.03149
1.03066
1.02937
1.02889
1.02794
1.02744
1.02667
1.02618
1.02559
1.02485
1.02416
1.0233
1.02266
1.02219
1.02183
0.955404
0.961235
0.974122
0.966155
0.944773
0.942964
0.959639
0.989108
1.01397
1.0002
1.02169
1.09417
1.08832
1.06576
1.06297
1.05458
1.04754
1.04662
1.04251
1.0414
1.0393
1.03768
1.03657
1.03521
1.0342
1.03263
1.0319
1.03033
1.02962
1.02858
1.02786
1.02718
1.02655
1.02602
1.02531
1.02475
1.02394
1.0234
1.02271
1.02216
0.992831
1.00207
1.0123
1.00873
0.978512
0.94987
0.947711
0.950064
0.970379
0.944036
0.959852
1.0377
1.06942
1.05336
1.05551
1.05304
1.04659
1.04693
1.04336
1.04234
1.04075
1.03897
1.03814
1.03677
1.03612
1.03477
1.03392
1.03262
1.03133
1.03024
1.02907
1.02837
1.02738
1.02695
1.02612
1.0257
1.02472
1.02425
1.02352
1.02318
1.02623
1.04402
1.05847
1.05917
1.01931
0.963034
0.933945
0.91714
0.921696
0.895595
0.898617
0.982902
1.0424
1.03654
1.0437
1.04764
1.043
1.04506
1.04259
1.04169
1.04117
1.03949
1.03873
1.03742
1.03696
1.03598
1.03518
1.03437
1.03333
1.03241
1.03113
1.03037
1.02919
1.02848
1.02743
1.02695
1.02589
1.02542
1.0244
1.02399
1.06729
1.09155
1.1078
1.11144
1.05887
0.975418
0.914963
0.881176
0.867517
0.850786
0.835753
0.932786
1.00654
1.01765
1.02735
1.03988
1.03751
1.04118
1.04079
1.04032
1.04083
1.03982
1.03921
1.03799
1.03752
1.03667
1.03592
1.03518
1.03427
1.03346
1.03246
1.03174
1.03076
1.02995
1.02896
1.02814
1.02717
1.02654
1.02563
1.02512
1.10754
1.14567
1.16948
1.18055
1.09874
0.976758
0.885678
0.835231
0.80567
0.798459
0.777719
0.881777
0.970215
1.00062
1.01206
1.02991
1.03137
1.03663
1.03912
1.0392
1.04017
1.03997
1.03982
1.0387
1.0379
1.03727
1.03634
1.03569
1.03483
1.03407
1.0332
1.03251
1.03167
1.0309
1.02992
1.02912
1.02818
1.02737
1.02664
1.0262
1.15645
1.20946
1.24492
1.25182
1.11059
0.95204
0.833898
0.768563
0.732264
0.732319
0.725609
0.833608
0.936284
0.977337
0.996139
1.01751
1.02462
1.03218
1.03698
1.03793
1.03958
1.03986
1.04001
1.03968
1.03884
1.03811
1.03717
1.03632
1.03563
1.03482
1.03415
1.03333
1.03252
1.03174
1.0309
1.03009
1.02927
1.02834
1.02755
1.02691
1.21147
1.28511
1.33593
1.28443
1.09546
0.890738
0.747874
0.677379
0.643276
0.65438
0.682125
0.798625
0.904758
0.946401
0.980908
1.00386
1.01731
1.02621
1.03328
1.03611
1.03863
1.03937
1.04004
1.04004
1.03991
1.03969
1.03908
1.03807
1.03724
1.0364
1.03559
1.03477
1.03375
1.03296
1.03197
1.03126
1.03046
1.02971
1.02904
1.02852
1.2797
1.37332
1.41234
1.29342
1.02513
0.776823
0.620105
0.562079
0.547372
0.58191
0.649084
0.77412
0.874909
0.918298
0.965937
0.989227
1.00839
1.01899
1.0282
1.03314
1.03677
1.03853
1.04004
1.04049
1.04061
1.0406
1.04057
1.03991
1.03927
1.03841
1.03729
1.03667
1.03546
1.03486
1.03353
1.03287
1.03168
1.03089
1.03
1.02955
1.36234
1.46492
1.43787
1.24746
0.871308
0.601137
0.46935
0.456907
0.480037
0.54357
0.638064
0.758039
0.853459
0.900028
0.950064
0.976688
0.996841
1.01168
1.02148
1.02898
1.03409
1.03754
1.03954
1.04053
1.04109
1.04105
1.04124
1.04072
1.04044
1.0397
1.03898
1.03829
1.03725
1.03656
1.03541
1.03455
1.03337
1.03263
1.03174
1.03128
1.44589
1.50291
1.42
1.15989
0.715445
0.45792
0.405982
0.450104
0.501236
0.567259
0.660069
0.757065
0.839438
0.88753
0.936759
0.964703
0.987156
1.00446
1.01473
1.02494
1.03092
1.0353
1.03806
1.03981
1.04104
1.0411
1.04158
1.04117
1.04124
1.04064
1.04009
1.03964
1.0387
1.03804
1.03676
1.03597
1.03468
1.03396
1.0329
1.03251
1.46399
1.46262
1.34085
1.15116
0.805773
0.625677
0.578322
0.596341
0.612212
0.640302
0.710766
0.773754
0.836264
0.883662
0.9304
0.957069
0.981987
0.999448
1.01063
1.02117
1.02735
1.03234
1.03629
1.03872
1.0405
1.04115
1.04222
1.04193
1.04259
1.04215
1.04181
1.04175
1.04094
1.04066
1.03936
1.03887
1.03736
1.03672
1.03555
1.03516
1.35513
1.33772
1.28608
1.23744
1.04086
0.932936
0.834161
0.775852
0.731624
0.725955
0.769246
0.806555
0.853518
0.890627
0.931334
0.957435
0.980144
0.997268
1.00973
1.01829
1.02788
1.03276
1.03682
1.04013
1.042
1.04303
1.04456
1.04416
1.04463
1.04446
1.04381
1.04384
1.04275
1.04246
1.04117
1.04057
1.0392
1.03855
1.03735
1.03684
1.16747
1.22633
1.24488
1.24561
1.11088
1.0486
0.935934
0.877305
0.817639
0.8133
0.830668
0.852727
0.888649
0.908214
0.939853
0.96313
0.982833
0.997619
1.01345
1.01946
1.02925
1.03463
1.03832
1.04194
1.04375
1.04464
1.04631
1.04599
1.04611
1.04622
1.04538
1.04542
1.04427
1.04393
1.04279
1.04211
1.04116
1.04046
1.03965
1.03929
0.991659
1.08884
1.14735
1.16461
1.08897
1.05071
0.958384
0.932456
0.884017
0.900324
0.894672
0.911348
0.929407
0.937979
0.958655
0.97578
0.991227
1.0015
1.0171
1.02131
1.02994
1.03486
1.03854
1.04106
1.04418
1.04417
1.04627
1.04607
1.04616
1.04622
1.0457
1.04542
1.04506
1.04411
1.04393
1.04284
1.0426
1.04162
1.04098
1.04048
0.835192
0.91966
0.985744
1.00728
0.996503
0.972066
0.938865
0.950081
0.935017
0.956873
0.963459
0.977851
0.980606
0.983755
0.987229
0.997972
1.0064
1.01229
1.02199
1.02707
1.03233
1.03605
1.04087
1.04128
1.04616
1.04536
1.04813
1.04815
1.04929
1.04907
1.0493
1.0481
1.04839
1.04666
1.04707
1.04555
1.04598
1.04452
1.04469
1.04429
0.671117
0.714672
0.783566
0.833077
0.850424
0.861782
0.889607
0.92924
0.953515
0.985776
1.00687
1.02266
1.04157
1.04331
1.03187
1.03588
1.03313
1.03711
1.03884
1.04236
1.04546
1.04644
1.05071
1.04954
1.05294
1.05259
1.05423
1.05453
1.05532
1.0553
1.05532
1.05392
1.05398
1.05175
1.05161
1.04925
1.04899
1.04682
1.0466
1.04572
0.571581
0.542825
0.603773
0.656251
0.675818
0.71847
0.794241
0.865768
0.930669
0.977936
1.02098
1.04705
1.07043
1.08178
1.08976
1.08113
1.07358
1.07147
1.06791
1.06564
1.06736
1.06346
1.0672
1.06392
1.06546
1.0636
1.06345
1.06276
1.06204
1.062
1.06111
1.06085
1.06011
1.05903
1.05842
1.0561
1.05566
1.05321
1.05275
1.05157
0.593947
0.505471
0.490528
0.482107
0.479168
0.536591
0.648922
0.753326
0.857821
0.946966
1.01437
1.05348
1.08233
1.10253
1.11406
1.1193
1.11634
1.10455
1.10116
1.09378
1.09147
1.08508
1.0841
1.07892
1.07912
1.07393
1.07438
1.06968
1.06978
1.06649
1.06617
1.06439
1.06326
1.06234
1.06049
1.05951
1.05836
1.0569
1.05702
1.05617
0.659938
0.583632
0.507781
0.44555
0.358249
0.344937
0.433971
0.567422
0.721747
0.865862
0.961686
1.03702
1.07959
1.10777
1.12519
1.13916
1.14281
1.14184
1.13302
1.12675
1.1187
1.11356
1.10632
1.1027
1.09806
1.09379
1.09142
1.08682
1.0855
1.08056
1.0798
1.07581
1.07426
1.07127
1.06942
1.06745
1.06574
1.06395
1.06349
1.06248
0.707912
0.69051
0.640687
0.569435
0.501167
0.378034
0.272834
0.312908
0.494229
0.689337
0.851516
0.970353
1.04148
1.09247
1.12497
1.14398
1.15984
1.16648
1.16757
1.16357
1.15609
1.14947
1.14082
1.13516
1.12676
1.12297
1.11495
1.11314
1.10572
1.10327
1.09805
1.09496
1.09001
1.08732
1.08368
1.08131
1.07864
1.07717
1.07623
1.07535
0.863269
0.845441
0.822853
0.763198
0.690957
0.645729
0.562851
0.355279
0.26586
0.432767
0.650742
0.821322
0.955939
1.04135
1.09842
1.13618
1.15965
1.17686
1.18707
1.19122
1.19269
1.19047
1.18785
1.18054
1.17475
1.16558
1.15825
1.15266
1.14517
1.14186
1.13437
1.13135
1.12395
1.12044
1.11362
1.11071
1.10397
1.10033
1.09446
1.09263
1.08955
1.03905
0.959281
0.867824
0.818862
0.812392
0.83472
0.775298
0.63722
0.385387
0.406467
0.598825
0.798524
0.917655
1.02107
1.0829
1.13314
1.16582
1.18734
1.19884
1.20609
1.20954
1.21158
1.21017
1.21187
1.20942
1.20644
1.20115
1.19683
1.18882
1.1877
1.18209
1.18049
1.17334
1.1691
1.164
1.15493
1.14928
1.13839
1.1337
1.2018
1.08377
0.973163
0.86161
0.794455
0.76631
0.789027
0.830838
0.857612
0.830459
0.732564
0.530394
0.417794
0.548199
0.716048
0.880112
0.979612
1.0564
1.11669
1.15389
1.1831
1.19747
1.21044
1.21728
1.22203
1.22393
1.22619
1.2253
1.22572
1.22167
1.21997
1.21626
1.21562
1.21458
1.21029
1.20839
1.20283
1.19961
1.19335
1.18725
1.05135
0.87427
0.692631
0.573229
0.463333
0.407395
0.453986
0.5452
0.617823
0.63738
0.626021
0.607364
0.580714
0.49183
0.321673
0.338243
0.470581
0.604786
0.733802
0.865275
0.973102
1.05419
1.10355
1.14967
1.17706
1.1993
1.2133
1.22166
1.23042
1.23238
1.23198
1.22663
1.22352
1.22603
1.22406
1.22525
1.22441
1.22519
1.22913
1.23285
0.192372
0.0565596
0.0983665
0.149659
0.214761
0.279041
0.352617
0.414303
0.452189
0.464423
0.47256
0.439087
0.418381
0.390854
0.386992
0.376094
0.308394
0.281384
0.264361
0.194814
0.277189
0.398592
0.516128
0.629274
0.723759
0.800245
0.868121
0.930616
0.978765
1.02837
1.06809
1.10659
1.13337
1.15609
1.1807
1.19758
1.2192
1.22988
1.24349
1.24607
0.332304
0.358978
0.37551
0.403451
0.419134
0.43843
0.438417
0.444093
0.422648
0.388372
0.342625
0.291651
0.252334
0.220052
0.172179
0.155303
0.167295
0.196807
0.232299
0.235861
0.272744
0.345641
0.363838
0.269707
0.357288
0.528198
0.58901
0.640247
0.684058
0.722573
0.758454
0.792119
0.832111
0.867766
0.907701
0.946844
0.987228
1.03608
1.08478
1.14102
1.01837
1.01574
1.01254
1.00843
1.00312
0.997149
0.992352
0.989287
0.989996
0.99339
1.00102
1.0089
1.01607
1.01745
1.01758
1.01687
1.0164
1.01613
1.01617
1.0161
1.01605
1.01595
1.01583
1.01569
1.01551
1.01533
1.01513
1.0149
1.01466
1.0144
1.01412
1.01382
1.0135
1.01317
1.01281
1.01243
1.01203
1.01161
1.01112
1.01074
1.01168
1.01604
1.01896
1.02329
1.02693
1.03008
1.03086
1.03111
1.03032
1.02777
1.02301
1.01831
1.01681
1.01664
1.01691
1.01732
1.01769
1.01781
1.0178
1.01774
1.01761
1.01743
1.01721
1.01698
1.01678
1.01655
1.01626
1.01595
1.01563
1.01533
1.01502
1.01467
1.01433
1.01395
1.01349
1.01299
1.01246
1.01199
1.01162
1.01135
1.01603
1.01319
1.01102
1.00838
1.00725
1.0079
1.00958
1.01115
1.01284
1.01396
1.0149
1.01528
1.01573
1.01641
1.01701
1.01741
1.01766
1.01774
1.01772
1.01769
1.01767
1.01756
1.01735
1.01712
1.01692
1.01669
1.01644
1.01616
1.01587
1.01562
1.01532
1.015
1.0146
1.0143
1.01389
1.01343
1.01291
1.01256
1.01228
1.01215
1.01775
1.02204
1.02385
1.02718
1.02794
1.02863
1.02866
1.02834
1.02705
1.02498
1.02273
1.02044
1.01908
1.01865
1.01862
1.01866
1.01866
1.01857
1.01837
1.01818
1.01802
1.01791
1.01779
1.01757
1.01731
1.01702
1.01671
1.01643
1.01618
1.01592
1.0156
1.0152
1.01485
1.01449
1.01408
1.01361
1.01308
1.01272
1.01252
1.01232
1.01399
1.01265
1.01221
1.01205
1.01304
1.01374
1.01451
1.01508
1.0155
1.0161
1.01666
1.01712
1.01744
1.01753
1.01779
1.01791
1.01818
1.01819
1.01818
1.01797
1.01791
1.01778
1.01776
1.01756
1.01736
1.01711
1.01683
1.01659
1.01635
1.01619
1.01588
1.01556
1.01519
1.01487
1.01445
1.01405
1.01355
1.01328
1.01305
1.01287
1.0194
1.02191
1.02316
1.0246
1.02519
1.02544
1.02547
1.025
1.02419
1.02312
1.0221
1.02118
1.02051
1.01993
1.01966
1.01958
1.01949
1.01921
1.01881
1.01855
1.01844
1.01838
1.01823
1.01788
1.01765
1.01732
1.01704
1.01679
1.01651
1.0163
1.01598
1.01557
1.01518
1.01477
1.01445
1.01403
1.0136
1.01336
1.01313
1.01286
1.01479
1.0148
1.01501
1.01543
1.01619
1.01661
1.01693
1.01719
1.01742
1.01782
1.01815
1.01843
1.01853
1.01858
1.01864
1.0188
1.01892
1.01883
1.01858
1.01847
1.01843
1.01838
1.01823
1.01809
1.01779
1.01755
1.01725
1.01704
1.0169
1.01669
1.01643
1.01608
1.01558
1.01522
1.01484
1.01447
1.01407
1.01389
1.01367
1.01331
1.01984
1.02146
1.02211
1.02283
1.02309
1.02329
1.02305
1.02283
1.02233
1.02208
1.02171
1.02146
1.02093
1.02054
1.02031
1.02027
1.02013
1.01971
1.01932
1.01916
1.01909
1.01886
1.01858
1.01834
1.0181
1.01773
1.01747
1.01721
1.01701
1.01677
1.01642
1.01606
1.01553
1.01521
1.0149
1.01449
1.01417
1.01391
1.01361
1.01326
1.01717
1.01751
1.01759
1.01787
1.01808
1.01839
1.01855
1.01884
1.01901
1.01929
1.01945
1.01957
1.01958
1.01959
1.01969
1.0198
1.0197
1.01956
1.01937
1.01932
1.01923
1.01915
1.01892
1.01867
1.01842
1.01812
1.01783
1.01767
1.01755
1.01736
1.01705
1.01657
1.01608
1.01574
1.01536
1.01499
1.01468
1.0144
1.01405
1.01368
1.0204
1.02119
1.02149
1.02183
1.02191
1.02208
1.02204
1.02206
1.02194
1.02192
1.02171
1.0215
1.02116
1.02107
1.02105
1.021
1.02069
1.02028
1.02009
1.01996
1.01969
1.01939
1.01924
1.01893
1.01863
1.01837
1.01806
1.01775
1.01762
1.01741
1.01708
1.01661
1.01621
1.01584
1.0154
1.01504
1.01467
1.0143
1.01397
1.01365
1.01901
1.01918
1.01923
1.0195
1.01967
1.01996
1.02006
1.02028
1.02037
1.02057
1.02066
1.02073
1.02071
1.02077
1.02088
1.02088
1.02069
1.02055
1.02043
1.02035
1.02015
1.01995
1.01972
1.01947
1.01919
1.01895
1.01873
1.01847
1.01827
1.01811
1.01768
1.01724
1.01688
1.01647
1.01607
1.01566
1.01527
1.0149
1.01459
1.0143
1.02078
1.02141
1.02162
1.02189
1.022
1.02218
1.02216
1.02226
1.02226
1.02228
1.02207
1.02192
1.02179
1.02184
1.0218
1.02168
1.0214
1.02123
1.02105
1.0208
1.02052
1.02034
1.01998
1.0197
1.01945
1.01919
1.01883
1.0186
1.01845
1.01823
1.0178
1.01739
1.01703
1.01666
1.01614
1.01572
1.01532
1.01503
1.01472
1.01445
1.02045
1.02081
1.02091
1.02121
1.02132
1.02152
1.0216
1.02178
1.02188
1.02204
1.02203
1.02206
1.02206
1.02214
1.02207
1.02196
1.02187
1.02179
1.02161
1.02136
1.0212
1.02104
1.02077
1.02045
1.02024
1.02001
1.01967
1.01941
1.01925
1.01902
1.01857
1.01819
1.01783
1.01742
1.01694
1.01649
1.01609
1.01584
1.01556
1.0153
1.02173
1.02225
1.02237
1.02267
1.02273
1.02291
1.02294
1.0231
1.02307
1.02309
1.02295
1.02301
1.02297
1.02299
1.02277
1.02268
1.0225
1.02243
1.02206
1.0218
1.02149
1.02141
1.02098
1.02074
1.02041
1.02024
1.01989
1.01967
1.01942
1.01923
1.01877
1.01844
1.018
1.01757
1.01705
1.01665
1.01625
1.016
1.01571
1.01548
1.02197
1.02242
1.0225
1.02278
1.02283
1.02307
1.02317
1.0234
1.02347
1.02356
1.02354
1.02364
1.02365
1.02364
1.02347
1.02338
1.02328
1.0232
1.0229
1.02271
1.02254
1.0224
1.02201
1.0217
1.02137
1.02117
1.02084
1.02059
1.02033
1.02007
1.01965
1.0193
1.0189
1.01845
1.01792
1.01751
1.01712
1.01687
1.0166
1.01634
1.02287
1.02351
1.02357
1.02385
1.02387
1.02407
1.02412
1.02434
1.02428
1.02439
1.02431
1.02446
1.02435
1.0243
1.02408
1.02409
1.02388
1.02374
1.02326
1.02308
1.02285
1.02277
1.02229
1.02201
1.02167
1.02152
1.02113
1.02089
1.02058
1.02038
1.01993
1.01956
1.01905
1.01861
1.01805
1.01768
1.01726
1.01704
1.01669
1.01646
1.02364
1.0243
1.02425
1.02463
1.02466
1.02497
1.02505
1.02531
1.02527
1.0254
1.02537
1.0255
1.02541
1.02534
1.02516
1.02515
1.02502
1.02483
1.02439
1.02419
1.024
1.02388
1.02343
1.02312
1.0228
1.02268
1.02229
1.02199
1.02159
1.02137
1.02096
1.02059
1.02006
1.01961
1.01903
1.01865
1.01822
1.01797
1.0176
1.01737
1.02445
1.02527
1.02514
1.02547
1.0255
1.02576
1.02586
1.02601
1.02601
1.02608
1.02609
1.02619
1.02607
1.026
1.02577
1.02577
1.02558
1.0254
1.02492
1.02471
1.02447
1.02432
1.02387
1.02353
1.02319
1.02308
1.02272
1.02241
1.02194
1.02165
1.02123
1.02085
1.02028
1.01984
1.01926
1.01885
1.01836
1.01812
1.0177
1.01745
1.02585
1.02652
1.02637
1.02686
1.02683
1.02725
1.0272
1.0274
1.02728
1.02747
1.02743
1.0276
1.02743
1.02742
1.02717
1.02718
1.02692
1.0268
1.02633
1.02617
1.02584
1.02572
1.02521
1.02494
1.02458
1.02446
1.02405
1.02379
1.0233
1.02296
1.02249
1.02215
1.02154
1.02108
1.02044
1.02002
1.01952
1.01925
1.01881
1.01854
1.02658
1.02725
1.02719
1.02773
1.02772
1.0281
1.028
1.02819
1.02812
1.02832
1.02824
1.02836
1.02822
1.02823
1.02795
1.02788
1.02756
1.02743
1.02697
1.02685
1.02646
1.02623
1.02569
1.02555
1.02517
1.02497
1.02459
1.02434
1.02376
1.02328
1.02278
1.02249
1.0219
1.02139
1.02071
1.02027
1.0197
1.0194
1.01895
1.01868
1.02813
1.02887
1.02886
1.02937
1.02935
1.02969
1.02952
1.02983
1.02975
1.03006
1.02991
1.03013
1.02992
1.03002
1.02973
1.02969
1.0293
1.02918
1.02883
1.02875
1.02823
1.02793
1.02744
1.0273
1.02684
1.02669
1.02634
1.02608
1.02543
1.02498
1.02446
1.02409
1.02347
1.02296
1.02227
1.02178
1.0212
1.02087
1.02042
1.02013
1.02902
1.02985
1.02987
1.03036
1.03027
1.03062
1.03047
1.03083
1.03073
1.03107
1.03089
1.03106
1.03076
1.03092
1.03057
1.03049
1.03001
1.02998
1.0297
1.02952
1.02895
1.02869
1.02817
1.02796
1.02752
1.02741
1.02697
1.02666
1.02602
1.02558
1.02497
1.02456
1.02393
1.02336
1.02261
1.02208
1.02147
1.02111
1.02065
1.02032
1.03104
1.03185
1.03187
1.03237
1.0323
1.03272
1.03257
1.03299
1.03288
1.03326
1.03299
1.03323
1.03301
1.03325
1.03281
1.03275
1.03226
1.03233
1.03195
1.03184
1.03127
1.03097
1.03034
1.03012
1.02975
1.02966
1.02911
1.02884
1.02818
1.02772
1.02702
1.02664
1.02591
1.02531
1.02455
1.02399
1.02336
1.023
1.02255
1.02218
1.03212
1.03302
1.03303
1.0335
1.03346
1.03387
1.03373
1.03419
1.03399
1.03433
1.03403
1.0344
1.03411
1.03431
1.03379
1.03379
1.03329
1.03335
1.03294
1.03292
1.03221
1.03189
1.03122
1.03104
1.03067
1.03056
1.02996
1.02967
1.02892
1.02849
1.02772
1.02731
1.02646
1.02588
1.02501
1.02445
1.02376
1.02338
1.02287
1.02247
1.03467
1.03569
1.03565
1.03618
1.03616
1.03661
1.0365
1.03692
1.03671
1.03717
1.03694
1.03733
1.03696
1.03722
1.03668
1.03679
1.03627
1.03642
1.03594
1.03586
1.0351
1.03483
1.03409
1.03398
1.03354
1.03345
1.0328
1.03249
1.03169
1.03125
1.03043
1.02996
1.029
1.02842
1.02746
1.02694
1.02617
1.02582
1.02523
1.02487
1.03607
1.03707
1.03697
1.03756
1.0375
1.03794
1.03776
1.03822
1.03805
1.03855
1.03825
1.03865
1.03824
1.0385
1.03798
1.03823
1.03769
1.03786
1.0372
1.03715
1.03633
1.03612
1.03536
1.03532
1.03479
1.03472
1.03397
1.03365
1.03276
1.03234
1.03142
1.03084
1.02983
1.02915
1.02815
1.02757
1.02679
1.02638
1.02572
1.02535
1.03919
1.03999
1.04004
1.04078
1.04075
1.04133
1.04124
1.0418
1.04174
1.04228
1.04205
1.04245
1.04203
1.04238
1.04195
1.04232
1.04174
1.0419
1.04112
1.04107
1.04017
1.04003
1.03924
1.03929
1.03864
1.03858
1.03769
1.0374
1.0364
1.03599
1.03494
1.03443
1.03329
1.03262
1.0315
1.03091
1.03009
1.02963
1.02897
1.02854
1.04022
1.04124
1.04129
1.04203
1.0421
1.0427
1.04273
1.04333
1.04333
1.04383
1.04366
1.04402
1.04371
1.04413
1.04379
1.0442
1.04359
1.04378
1.04287
1.04285
1.04185
1.04185
1.04104
1.04117
1.0404
1.04035
1.03933
1.03903
1.03785
1.0375
1.03629
1.03578
1.03443
1.03373
1.03244
1.03182
1.03082
1.03035
1.02959
1.02916
1.04475
1.04558
1.04593
1.04659
1.04698
1.04755
1.04788
1.0483
1.04855
1.04892
1.04897
1.04929
1.04927
1.04964
1.04949
1.0498
1.04926
1.0493
1.04835
1.04827
1.0473
1.04739
1.04661
1.04675
1.04583
1.0457
1.04449
1.04416
1.04288
1.0425
1.04119
1.04066
1.03915
1.03852
1.03704
1.03649
1.03535
1.03502
1.03408
1.0337
1.04627
1.04723
1.04768
1.0486
1.04902
1.04981
1.05006
1.05067
1.05081
1.05136
1.05142
1.05189
1.05195
1.05236
1.05234
1.05252
1.05207
1.05193
1.05105
1.05094
1.0501
1.05025
1.04948
1.04951
1.04848
1.04818
1.04691
1.0465
1.04521
1.04476
1.04333
1.04276
1.04114
1.04043
1.03885
1.0382
1.03701
1.03658
1.03557
1.03517
1.05163
1.05299
1.05349
1.05478
1.05526
1.05636
1.05661
1.05755
1.05777
1.05859
1.05872
1.05939
1.05942
1.05998
1.05975
1.06
1.05923
1.05913
1.05812
1.05815
1.05725
1.05751
1.05654
1.05666
1.05538
1.0553
1.0538
1.05353
1.05184
1.05135
1.04948
1.04875
1.04672
1.04584
1.04394
1.04317
1.04164
1.04106
1.03978
1.0394
1.05686
1.05805
1.0592
1.06014
1.06107
1.06182
1.06257
1.0632
1.06391
1.06447
1.06517
1.06569
1.06623
1.06664
1.06676
1.06692
1.06649
1.06651
1.06586
1.06601
1.06545
1.06554
1.06475
1.06448
1.06322
1.06265
1.061
1.06034
1.05847
1.05774
1.05567
1.05482
1.05259
1.05166
1.04959
1.04878
1.04712
1.04652
1.0451
1.04454
1.06344
1.06546
1.06633
1.06815
1.069
1.07048
1.07115
1.07234
1.07279
1.07375
1.07405
1.07476
1.07495
1.07527
1.07512
1.07495
1.07429
1.07384
1.07297
1.0726
1.07178
1.0713
1.07037
1.06966
1.06846
1.06766
1.06636
1.06557
1.06412
1.06326
1.06147
1.06042
1.05825
1.05716
1.05481
1.05387
1.05174
1.05098
1.04919
1.04866
1.07437
1.078
1.08015
1.08188
1.08343
1.0849
1.08623
1.08748
1.08873
1.08987
1.09096
1.0919
1.09257
1.09315
1.09342
1.09374
1.09395
1.09413
1.09428
1.09415
1.09399
1.09345
1.09284
1.09173
1.09073
1.08903
1.08771
1.08556
1.08386
1.08133
1.07919
1.07635
1.0739
1.071
1.06845
1.06603
1.0638
1.06204
1.06008
1.05889
1.09073
1.09357
1.09456
1.09718
1.09795
1.10038
1.10067
1.10272
1.10253
1.1042
1.10373
1.10512
1.10435
1.10528
1.10403
1.10436
1.10256
1.10235
1.10034
1.0999
1.09785
1.09703
1.09483
1.09355
1.0914
1.09006
1.0882
1.08699
1.08534
1.08388
1.08206
1.08
1.07795
1.07549
1.07354
1.0711
1.06947
1.06726
1.06594
1.06406
1.13192
1.137
1.13681
1.14026
1.1397
1.14269
1.14215
1.14471
1.14423
1.1463
1.14583
1.14745
1.1469
1.14832
1.14772
1.14904
1.14847
1.14959
1.14889
1.1494
1.14827
1.14816
1.14675
1.14603
1.14408
1.14242
1.13983
1.13718
1.13393
1.13038
1.12647
1.12212
1.11755
1.11261
1.10774
1.10265
1.09805
1.09332
1.08952
1.08553
1.18535
1.18004
1.17882
1.17652
1.17622
1.17454
1.17438
1.17282
1.17258
1.17105
1.17063
1.16897
1.16821
1.1663
1.16522
1.16303
1.16153
1.159
1.15716
1.15436
1.15209
1.14862
1.1456
1.14143
1.13804
1.13405
1.13078
1.12716
1.12445
1.12126
1.11904
1.11586
1.11335
1.1093
1.10572
1.10078
1.09713
1.09323
1.09168
1.09083
1.23858
1.24665
1.25015
1.25671
1.25803
1.26317
1.26373
1.2682
1.26845
1.27252
1.2725
1.27619
1.27592
1.27917
1.27853
1.28116
1.28001
1.2819
1.28015
1.28133
1.27916
1.27996
1.27766
1.27803
1.27475
1.27344
1.2687
1.26563
1.25905
1.25417
1.24582
1.23929
1.22965
1.22232
1.21264
1.20573
1.19667
1.18944
1.17877
1.16791
1.25281
1.25412
1.2561
1.25638
1.25992
1.26433
1.27078
1.27513
1.28141
1.28511
1.29006
1.29277
1.29593
1.29731
1.2992
1.29952
1.30115
1.30103
1.30251
1.3008
1.30034
1.29537
1.29237
1.28437
1.27992
1.27003
1.26496
1.25422
1.24935
1.23818
1.23372
1.22312
1.2195
1.21048
1.20614
1.19537
1.18423
1.16732
1.151
1.13861
1.18452
1.22649
1.27003
1.30959
1.35087
1.38754
1.42552
1.45912
1.49358
1.52354
1.55453
1.58034
1.60761
1.62854
1.65096
1.66588
1.68235
1.69093
1.70185
1.70553
1.71262
1.71285
1.71669
1.71351
1.71367
1.70645
1.70227
1.6904
1.68219
1.66608
1.65361
1.63314
1.61728
1.59371
1.5752
1.54875
1.52586
1.49913
1.47493
1.4499
1.01083
1.01182
1.0117
1.01167
1.01177
1.01199
1.012
1.01222
1.01235
1.01245
1.01214
1.01222
1.01242
1.01281
1.01292
1.01256
1.01243
1.01195
1.01156
1.011
1.01057
1.00976
1.00877
1.0075
1.00589
1.00384
1.00132
0.998754
0.996065
0.992933
0.989342
0.986241
0.98297
0.977896
0.977835
0.973601
0.974375
0.971594
0.972687
0.970435
1.01132
1.01191
1.01169
1.01171
1.01186
1.01205
1.01204
1.01229
1.0125
1.01271
1.01242
1.01252
1.01267
1.01283
1.01302
1.01263
1.0124
1.01185
1.01147
1.01106
1.01057
1.00971
1.00869
1.00738
1.00572
1.00359
1.00111
0.99817
0.995454
0.992398
0.988121
0.9857
0.981803
0.97751
0.977308
0.972721
0.97376
0.970695
0.971943
0.970084
1.01197
1.0123
1.01195
1.01217
1.01221
1.01231
1.01243
1.01264
1.013
1.01316
1.01297
1.01289
1.01271
1.01281
1.013
1.01259
1.01232
1.0118
1.01149
1.01074
1.00997
1.00891
1.00772
1.00631
1.00452
1.00232
0.999888
0.99705
0.994126
0.99038
0.987474
0.983844
0.981445
0.977164
0.975822
0.972555
0.972414
0.970237
0.970647
0.969327
1.01213
1.01225
1.01196
1.01219
1.01217
1.01234
1.01248
1.01271
1.01303
1.01314
1.01293
1.01279
1.01233
1.01226
1.01229
1.01183
1.01161
1.01115
1.01088
1.00995
1.00918
1.00808
1.00678
1.00525
1.00337
1.00114
0.998537
0.995519
0.992338
0.989425
0.985488
0.983121
0.979821
0.977074
0.975037
0.972526
0.971671
0.969948
0.969719
0.969063
1.01259
1.01262
1.01236
1.01265
1.01259
1.01282
1.01291
1.01308
1.01333
1.01334
1.01321
1.01305
1.01261
1.01253
1.01224
1.01182
1.01154
1.0111
1.01073
1.00959
1.00858
1.00727
1.0058
1.00408
1.00221
0.999912
0.997278
0.994426
0.991264
0.98749
0.984967
0.98124
0.979196
0.97608
0.973488
0.971767
0.970243
0.969036
0.968399
0.968037
1.01258
1.01257
1.0124
1.0127
1.0126
1.01295
1.01303
1.01314
1.01319
1.01315
1.0131
1.01283
1.01239
1.0122
1.0118
1.01135
1.01111
1.01067
1.0102
1.00915
1.0082
1.00693
1.00539
1.00362
1.00162
0.999262
0.996558
0.993343
0.989834
0.987098
0.983204
0.980746
0.977507
0.975499
0.97283
0.971145
0.969613
0.968387
0.967557
0.967519
1.01301
1.01302
1.01297
1.01323
1.01311
1.0135
1.01353
1.01364
1.01355
1.01352
1.0135
1.0133
1.01294
1.01281
1.01235
1.0118
1.01142
1.01084
1.01028
1.0093
1.00812
1.00674
1.00511
1.00326
1.00118
0.998739
0.995815
0.992697
0.989461
0.985608
0.982962
0.979076
0.976983
0.973964
0.971402
0.969738
0.968249
0.967053
0.966235
0.966296
1.01295
1.01302
1.01312
1.01331
1.01326
1.01362
1.01352
1.01361
1.01353
1.01356
1.01339
1.01311
1.01295
1.0128
1.01225
1.01182
1.01144
1.01086
1.01034
1.00948
1.0084
1.00716
1.0055
1.00369
1.00144
0.998776
0.995883
0.992384
0.988643
0.985713
0.981489
0.978767
0.97533
0.973306
0.970711
0.968936
0.967458
0.966244
0.965424
0.965676
1.01347
1.01365
1.0137
1.01385
1.01397
1.01419
1.01399
1.01419
1.01416
1.01419
1.01398
1.01382
1.01374
1.01347
1.01298
1.01258
1.0122
1.01153
1.01096
1.01
1.00878
1.00742
1.00565
1.00368
1.00131
0.998637
0.995421
0.992142
0.988742
0.984559
0.981483
0.977272
0.974782
0.971614
0.969131
0.967282
0.965863
0.964758
0.96406
0.96442
1.01348
1.0137
1.01373
1.01397
1.01409
1.01418
1.01399
1.01425
1.01418
1.01408
1.0138
1.01371
1.01357
1.01334
1.01307
1.01289
1.01258
1.012
1.01139
1.01034
1.00927
1.00798
1.00614
1.0042
1.00168
0.99877
0.995695
0.992044
0.987993
0.984673
0.980147
0.976941
0.973194
0.970866
0.968255
0.966357
0.964899
0.963804
0.963079
0.96367
1.01418
1.01438
1.01449
1.01465
1.01476
1.01481
1.01478
1.01506
1.01479
1.01478
1.01456
1.01444
1.01432
1.01414
1.01383
1.0137
1.01341
1.01276
1.01198
1.01083
1.00965
1.00815
1.00611
1.00399
1.00121
0.998336
0.994786
0.991319
0.987703
0.98318
0.979863
0.975225
0.972307
0.968948
0.966381
0.964528
0.963127
0.962175
0.961552
0.962293
1.01428
1.01453
1.01462
1.01476
1.01479
1.01483
1.01489
1.01501
1.01467
1.01459
1.01439
1.01442
1.01433
1.01417
1.01404
1.01391
1.01363
1.01293
1.0122
1.01108
1.01001
1.00842
1.00641
1.0043
1.00147
0.998243
0.994881
0.99095
0.986603
0.983024
0.978187
0.974676
0.970655
0.968043
0.965311
0.963435
0.962035
0.961091
0.960429
0.961385
1.01511
1.01533
1.01542
1.01555
1.01559
1.01567
1.01575
1.01571
1.01544
1.01552
1.01541
1.01551
1.01532
1.01515
1.01492
1.0147
1.01425
1.01344
1.01263
1.01138
1.01018
1.00841
1.00617
1.00391
1.00065
0.997551
0.993699
0.989724
0.985943
0.981004
0.977475
0.972519
0.969387
0.965824
0.963169
0.961435
0.960185
0.959343
0.958815
0.959888
1.01524
1.01546
1.01545
1.01557
1.01557
1.01567
1.01565
1.0155
1.01536
1.01558
1.01549
1.01553
1.01525
1.01522
1.0151
1.01479
1.01423
1.01355
1.01275
1.01159
1.01039
1.00853
1.00641
1.00399
1.00091
0.997314
0.993637
0.989384
0.984525
0.980693
0.975494
0.971785
0.967535
0.964733
0.961926
0.960105
0.958914
0.958082
0.957541
0.958815
1.01611
1.0163
1.01623
1.0164
1.01642
1.01651
1.01644
1.01638
1.01649
1.01672
1.01655
1.01659
1.01636
1.01637
1.01598
1.01555
1.01493
1.01411
1.0132
1.01196
1.01061
1.00852
1.00613
1.00358
0.999922
0.996459
0.992226
0.98771
0.983643
0.978245
0.974392
0.969237
0.965947
0.962246
0.959563
0.957855
0.956873
0.956171
0.955816
0.95721
1.01616
1.01635
1.01624
1.01641
1.01634
1.01641
1.01629
1.01637
1.01667
1.01666
1.01647
1.01641
1.01627
1.0162
1.01585
1.01556
1.01492
1.01405
1.01312
1.01203
1.01052
1.00837
1.00625
1.00337
1
0.995975
0.991769
0.987388
0.981997
0.977793
0.972157
0.96828
0.963854
0.960878
0.95805
0.95623
0.955227
0.954578
0.954245
0.955909
1.01705
1.01727
1.01719
1.0174
1.01729
1.01742
1.01745
1.01774
1.01788
1.01769
1.01762
1.01759
1.01747
1.01744
1.0171
1.01659
1.01572
1.01479
1.01376
1.0125
1.01077
1.00857
1.00603
1.00307
0.998918
0.994971
0.990378
0.985231
0.980763
0.974885
0.970689
0.965287
0.961848
0.95812
0.955358
0.953629
0.952838
0.952393
0.952331
0.954169
1.0171
1.01731
1.0172
1.01739
1.01727
1.01745
1.01754
1.01788
1.01778
1.01756
1.01746
1.01747
1.01739
1.01738
1.01684
1.01637
1.01557
1.01468
1.01365
1.0123
1.01037
1.0081
1.00575
1.00232
0.998594
0.994272
0.989378
0.984812
0.978898
0.974205
0.96802
0.964005
0.959211
0.956048
0.953399
0.951588
0.950763
0.950408
0.950342
0.95256
1.01817
1.01844
1.01835
1.01862
1.0186
1.01898
1.01909
1.01925
1.01902
1.01899
1.01908
1.01903
1.01902
1.01874
1.01815
1.01768
1.01666
1.0158
1.01451
1.01289
1.01076
1.00848
1.00547
1.00205
0.997519
0.992907
0.988022
0.982146
0.977069
0.970706
0.966195
0.960423
0.956834
0.953077
0.950212
0.948599
0.948063
0.947966
0.948215
0.950683
1.01828
1.01854
1.01843
1.01872
1.01872
1.01911
1.01911
1.01917
1.01887
1.01888
1.01894
1.01898
1.01884
1.0184
1.01789
1.01723
1.01635
1.01545
1.01409
1.01245
1.01025
1.00763
1.00483
1.00077
0.99649
0.992051
0.986428
0.981477
0.974895
0.969753
0.962923
0.958705
0.95339
0.950145
0.947682
0.945979
0.945446
0.945524
0.94572
0.94863
1.0197
1.02005
1.01999
1.02038
1.02044
1.02078
1.02064
1.02073
1.02065
1.02091
1.02097
1.02084
1.02062
1.02018
1.01957
1.01896
1.01789
1.01688
1.01533
1.0134
1.01083
1.00834
1.00463
1.00049
0.995866
0.99039
0.984953
0.978306
0.97266
0.965634
0.960577
0.954372
0.950688
0.946839
0.943904
0.942611
0.942362
0.942804
0.943318
0.946516
1.0199
1.02026
1.02018
1.02057
1.02052
1.02079
1.02058
1.02069
1.02066
1.02099
1.02084
1.0206
1.0202
1.01971
1.01931
1.01851
1.01747
1.01645
1.01459
1.01261
1.01025
1.00716
1.00356
0.999176
0.994022
0.989039
0.982522
0.976945
0.969568
0.96393
0.956667
0.952002
0.946169
0.942916
0.940585
0.9389
0.938951
0.939625
0.94006
0.943756
1.02178
1.02222
1.02217
1.02256
1.02242
1.0227
1.02262
1.02305
1.02314
1.02326
1.02293
1.02281
1.02254
1.02217
1.02156
1.0206
1.01961
1.0182
1.01624
1.01427
1.01112
1.00803
1.00366
0.998634
0.993658
0.987103
0.980936
0.97346
0.967074
0.959243
0.953404
0.94662
0.942953
0.9389
0.93595
0.935235
0.935245
0.936458
0.937315
0.941365
1.02208
1.02247
1.02238
1.02272
1.02253
1.0228
1.02271
1.02315
1.02306
1.02303
1.0226
1.0224
1.02195
1.02149
1.02078
1.02004
1.01881
1.01729
1.01537
1.01282
1.00988
1.0063
1.00158
0.996767
0.99053
0.984668
0.977105
0.970731
0.962397
0.956102
0.948221
0.94323
0.936944
0.933543
0.931481
0.929971
0.930662
0.93223
0.933026
0.937742
1.02445
1.02486
1.02478
1.02515
1.02509
1.02559
1.02563
1.02595
1.02562
1.0257
1.0255
1.02549
1.02501
1.02447
1.02367
1.02259
1.02107
1.01948
1.01701
1.01454
1.01098
1.00687
1.00172
0.995666
0.989897
0.982118
0.975245
0.966696
0.95927
0.950285
0.944024
0.936544
0.932843
0.928632
0.925762
0.925698
0.92614
0.928472
0.929809
0.935272
1.02485
1.02522
1.02507
1.02541
1.02532
1.02576
1.02565
1.02581
1.02534
1.02535
1.02494
1.02477
1.02414
1.02355
1.02264
1.02137
1.01987
1.01793
1.01551
1.01255
1.00863
1.00419
0.998155
0.992837
0.985328
0.978341
0.969554
0.962065
0.952614
0.945657
0.936758
0.9312
0.924749
0.921118
0.919456
0.918518
0.919913
0.922797
0.92402
0.930449
1.02796
1.02843
1.02834
1.02885
1.02888
1.02929
1.02905
1.0292
1.02898
1.02922
1.0288
1.02859
1.02789
1.02727
1.02605
1.02466
1.02285
1.02057
1.01765
1.01416
1.00973
1.00425
0.998484
0.991368
0.98407
0.974967
0.967034
0.956958
0.94837
0.938244
0.931258
0.923215
0.919113
0.914918
0.912646
0.913179
0.914209
0.918196
0.919996
0.927205
1.02854
1.02895
1.02875
1.02922
1.02903
1.02932
1.02889
1.02897
1.02858
1.02863
1.028
1.02766
1.02674
1.02611
1.02462
1.02323
1.02105
1.01851
1.01525
1.01134
1.00601
1.00078
0.993411
0.98685
0.977474
0.969235
0.958957
0.949907
0.938931
0.93097
0.920986
0.914629
0.908105
0.904444
0.90295
0.903107
0.905353
0.91008
0.911957
0.920078
1.03289
1.03354
1.0333
1.03387
1.03352
1.03392
1.03365
1.03411
1.03371
1.0337
1.03296
1.03266
1.03168
1.03063
1.0289
1.02713
1.02444
1.02151
1.01766
1.01261
1.00738
1.00029
0.993293
0.984181
0.975216
0.964648
0.954832
0.942787
0.932958
0.921314
0.913355
0.904634
0.89996
0.896183
0.894511
0.895962
0.898041
0.90463
0.907166
0.916607
1.03428
1.03447
1.03408
1.03423
1.03384
1.03399
1.03365
1.03374
1.03311
1.03289
1.032
1.03162
1.03025
1.02915
1.02711
1.02515
1.02197
1.01881
1.01368
1.009
1.00184
0.995132
0.985718
0.977165
0.965524
0.955738
0.943035
0.931796
0.919183
0.909787
0.898312
0.891186
0.884622
0.881089
0.880502
0.881834
0.885126
0.892547
0.895982
0.906801
1.0385
1.03941
1.03912
1.0399
1.03969
1.04032
1.03998
1.0402
1.03965
1.0396
1.03873
1.03793
1.03633
1.03465
1.03229
1.02939
1.02593
1.02116
1.01619
1.00937
1.00231
0.992911
0.983851
0.972186
0.961448
0.948122
0.935605
0.921523
0.909688
0.896163
0.886892
0.877712
0.872611
0.869587
0.86908
0.87206
0.876043
0.885411
0.890132
0.901888
1.04337
1.04362
1.04297
1.04315
1.04245
1.04249
1.04162
1.04142
1.04029
1.0398
1.03814
1.03711
1.03466
1.03299
1.02942
1.02669
1.02153
1.01724
1.00988
1.00334
0.993368
0.984585
0.97202
0.961139
0.946193
0.93359
0.917439
0.903767
0.888677
0.876833
0.864366
0.856421
0.850354
0.847537
0.848464
0.851725
0.856749
0.867961
0.873657
0.886743
1.04737
1.04834
1.04786
1.04863
1.04818
1.04869
1.04819
1.04823
1.04749
1.04677
1.0455
1.0437
1.04164
1.03856
1.0353
1.03047
1.02546
1.0183
1.01112
1.00114
0.99142
0.978683
0.966633
0.951184
0.93706
0.919785
0.904009
0.886925
0.872212
0.856967
0.84623
0.837069
0.832231
0.830799
0.832722
0.838359
0.844735
0.858422
0.86726
0.880677
1.05727
1.05766
1.05656
1.05708
1.05569
1.05599
1.05408
1.05383
1.05117
1.0501
1.04654
1.04449
1.0399
1.03672
1.03073
1.02604
1.01776
1.01099
0.999745
0.990396
0.975948
0.963794
0.946311
0.931374
0.91162
0.894465
0.873728
0.856828
0.838133
0.823764
0.810923
0.802639
0.798008
0.797406
0.800864
0.808453
0.815712
0.832156
0.842616
0.862809
1.06311
1.06324
1.06291
1.06301
1.06232
1.062
1.06061
1.05941
1.05719
1.055
1.05208
1.04872
1.04499
1.03985
1.03474
1.02682
1.01933
1.00781
0.99715
0.981862
0.967642
0.949218
0.93144
0.910602
0.890188
0.867904
0.847362
0.826342
0.807892
0.792055
0.78041
0.772936
0.770234
0.77213
0.779079
0.790264
0.800277
0.819776
0.835987
0.854939
1.08308
1.08238
1.08069
1.08031
1.07773
1.07668
1.07278
1.07103
1.06578
1.06339
1.0568
1.05351
1.04501
1.03988
1.02856
1.0204
1.00548
0.993367
0.974838
0.958724
0.937052
0.917102
0.892715
0.869856
0.843105
0.819305
0.792931
0.770966
0.74956
0.733962
0.721842
0.715593
0.714514
0.719804
0.72906
0.74492
0.755753
0.780124
0.79902
0.826056
1.09235
1.09123
1.09132
1.08847
1.08613
1.08177
1.07879
1.07373
1.0702
1.06428
1.05959
1.05188
1.04454
1.0336
1.02244
1.0076
0.991991
0.972953
0.952946
0.930026
0.905926
0.878894
0.851343
0.821293
0.792036
0.762819
0.735172
0.711662
0.691043
0.677433
0.668002
0.666537
0.672146
0.682558
0.699321
0.723821
0.741934
0.769354
0.79177
0.817484
1.1535
1.14626
1.13269
1.1261
1.11517
1.11141
1.10262
1.09991
1.09055
1.08557
1.07283
1.06349
1.0461
1.03151
1.00909
0.989058
0.96163
0.936216
0.903937
0.87327
0.835778
0.801604
0.762118
0.726
0.689015
0.654143
0.624765
0.596125
0.578785
0.561016
0.560548
0.558016
0.572005
0.589211
0.608313
0.644741
0.671984
0.704931
0.749133
0.777533
1.13565
1.13039
1.13391
1.13386
1.13658
1.13543
1.13065
1.12202
1.1078
1.09124
1.0687
1.04551
1.0162
0.987221
0.951912
0.917322
0.876432
0.836603
0.791541
0.749354
0.703578
0.662936
0.61677
0.582192
0.539977
0.515896
0.484348
0.477504
0.46094
0.477626
0.485496
0.51616
0.550515
0.590031
0.631844
0.671846
0.719163
0.760102
0.78987
0.838494
1.4259
1.40323
1.3673
1.33469
1.29006
1.24939
1.19959
1.15574
1.10224
1.05665
1.00048
0.954364
0.89584
0.849267
0.788302
0.741377
0.67857
0.63175
0.567958
0.520916
0.458674
0.410815
0.357325
0.312521
0.279274
0.248052
0.257162
0.265878
0.281536
0.343692
0.397677
0.445072
0.531622
0.569894
0.6536
0.705558
0.777816
0.83192
0.900097
0.945386
0.999978
1
0.999998
0.999996
0.999996
0.999997
0.999998
0.999999
0.999999
0.999999
0.999999
0.999999
0.999999
0.999999
0.999998
0.999998
0.999997
0.999997
0.999997
0.999997
0.999997
0.999997
0.999997
0.999997
0.999998
0.999999
1
1
1
1
1
1
1
1
1
1
1
1.00001
1.00001
0.999982
0.99998
1.00002
1.00002
1.00002
1.00002
1.00002
1.00001
1.00001
1.00001
1.00001
1.00001
1.00001
1.00001
1.00001
1.00001
1.00001
1.00001
1.00001
1.00001
1.00001
1
1
1
1
1
0.999999
0.999997
0.999995
0.999993
0.999991
0.999988
0.999986
0.999985
0.999984
0.999983
0.999983
0.999983
0.999981
0.999985
0.999938
0.999981
1.00004
1.00003
1.00002
1.00002
1.00002
1.00002
1.00001
1.00001
1.00001
1.00001
1.00001
1.00001
1.00001
1
1
0.999998
0.999995
0.999992
0.99999
0.999987
0.999984
0.999981
0.999978
0.999975
0.999973
0.99997
0.999968
0.999968
0.99997
0.999971
0.999972
0.999972
0.999971
0.99997
0.999971
0.999971
0.999972
0.999975
0.999899
0.999986
1.00008
1.00007
1.00007
1.00006
1.00006
1.00005
1.00005
1.00005
1.00004
1.00004
1.00004
1.00003
1.00003
1.00003
1.00002
1.00002
1.00002
1.00001
1.00001
1
0.999995
0.99999
0.999987
0.999983
0.999979
0.999974
0.999969
0.999961
0.999954
0.999947
0.999937
0.999932
0.999928
0.999924
0.99992
0.999921
0.999924
0.999934
0.999821
1
1.00014
1.00013
1.00012
1.00011
1.00011
1.00011
1.0001
1.0001
1.00009
1.00009
1.00008
1.00007
1.00007
1.00006
1.00005
1.00004
1.00003
1.00002
1.00001
1
0.999989
0.999977
0.999962
0.999949
0.999937
0.999925
0.999913
0.999904
0.999893
0.999883
0.999879
0.999868
0.999859
0.999854
0.999853
0.999852
0.999858
0.999862
0.999721
1.00003
1.0002
1.00019
1.00017
1.00016
1.00015
1.00014
1.00013
1.00012
1.00011
1.00011
1.0001
1.00009
1.00008
1.00007
1.00006
1.00005
1.00003
1.00002
1.00001
0.999993
0.99998
0.999966
0.999954
0.99994
0.999926
0.99991
0.999895
0.999877
0.999863
0.999847
0.999825
0.999817
0.999811
0.999804
0.999798
0.999798
0.999793
0.999808
0.999616
1.00007
1.0003
1.00028
1.00027
1.00026
1.00025
1.00024
1.00023
1.00022
1.00021
1.0002
1.00019
1.00018
1.00017
1.00015
1.00013
1.00011
1.00009
1.00008
1.00005
1.00003
1.00001
0.999985
0.999956
0.999928
0.999902
0.999876
0.999851
0.999831
0.999806
0.999785
0.999777
0.999752
0.999728
0.99971
0.999699
0.999689
0.999698
0.999695
0.999479
1.00013
1.0004
1.0004
1.00038
1.00036
1.00035
1.00034
1.00033
1.00032
1.00031
1.00029
1.00028
1.00026
1.00024
1.00022
1.0002
1.00018
1.00015
1.00013
1.0001
1.00007
1.00004
1
0.999977
0.999947
0.999912
0.999878
0.999843
0.9998
0.999765
0.999728
0.999679
0.999658
0.999643
0.999624
0.99961
0.999604
0.999587
0.999606
0.999316
1.0002
1.00051
1.00049
1.00048
1.00047
1.00045
1.00044
1.00043
1.00041
1.00039
1.00037
1.00035
1.00033
1.00031
1.00028
1.00025
1.00022
1.00019
1.00015
1.00012
1.00008
1.00003
0.999995
0.999943
0.999892
0.999847
0.999801
0.999755
0.999722
0.999681
0.999643
0.999627
0.999583
0.999539
0.99951
0.999486
0.999469
0.999484
0.99946
0.999157
1.00027
1.00063
1.00063
1.00061
1.00059
1.00058
1.00057
1.00055
1.00053
1.00051
1.00049
1.00047
1.00044
1.00041
1.00038
1.00035
1.00031
1.00026
1.00022
1.00017
1.00012
1.00007
1.00001
0.999967
0.999917
0.999857
0.999799
0.999741
0.999669
0.999611
0.999552
0.999477
0.999442
0.999416
0.999383
0.999356
0.999336
0.999291
0.999315
0.998935
1.00037
1.00075
1.00073
1.00072
1.00071
1.0007
1.00068
1.00067
1.00064
1.00062
1.00059
1.00056
1.00054
1.00051
1.00046
1.00041
1.00036
1.00031
1.00026
1.0002
1.00013
1.00007
1.00001
0.999931
0.999853
0.999783
0.999708
0.999634
0.99958
0.999516
0.999456
0.999414
0.999351
0.999277
0.99923
0.999185
0.999149
0.999164
0.999119
0.99873
1.00047
1.0009
1.00087
1.00084
1.00082
1.00079
1.00077
1.00074
1.00071
1.00069
1.00065
1.00062
1.00057
1.00051
1.00047
1.00043
1.00037
1.00031
1.00025
1.00018
1.00011
1.00003
0.999946
0.999868
0.999789
0.999698
0.999616
0.999532
0.999428
0.999338
0.999257
0.999156
0.9991
0.999062
0.999007
0.99898
0.99896
0.998904
0.998942
0.998472
1.00057
1.00102
1.001
1.00096
1.00094
1.00091
1.00088
1.00085
1.00081
1.00077
1.00073
1.00068
1.00064
1.00059
1.00052
1.00044
1.00037
1.00029
1.0002
1.00011
1.00002
0.999934
0.999849
0.999745
0.999638
0.999541
0.999431
0.999326
0.999244
0.99916
0.999069
0.999017
0.998923
0.998841
0.99879
0.998724
0.998679
0.998706
0.998645
0.998182
1.00067
1.00118
1.00117
1.00115
1.00112
1.00109
1.00106
1.00103
1.00099
1.00095
1.0009
1.00085
1.00077
1.00071
1.00065
1.00059
1.00052
1.00044
1.00036
1.00028
1.00017
1.00006
0.999927
0.999809
0.999692
0.999562
0.999452
0.999339
0.999207
0.999084
0.998984
0.998858
0.998775
0.998699
0.998616
0.998577
0.998546
0.998459
0.998489
0.997932
1.00086
1.00142
1.00142
1.00138
1.00136
1.00134
1.00131
1.00128
1.00125
1.0012
1.00116
1.00111
1.00107
1.001
1.00092
1.00083
1.00073
1.00062
1.00051
1.00039
1.00028
1.00016
1.00005
0.999914
0.999778
0.999649
0.999494
0.999344
0.99921
0.99908
0.998937
0.998827
0.998702
0.998595
0.998507
0.998397
0.99831
0.998317
0.998249
0.997688
1.00103
1.00161
1.0016
1.00159
1.00157
1.00156
1.00153
1.0015
1.00146
1.00143
1.00138
1.00131
1.00122
1.00116
1.00109
1.00103
1.00094
1.00084
1.00073
1.0006
1.00046
1.00031
1.00014
0.999971
0.999802
0.999616
0.999466
0.999304
0.999132
0.998961
0.998806
0.998654
0.998519
0.99838
0.998269
0.998203
0.998142
0.998049
0.998058
0.997384
1.00118
1.00181
1.00178
1.00173
1.0017
1.00166
1.00162
1.00158
1.00153
1.00147
1.0014
1.00135
1.0013
1.0012
1.00111
1.00097
1.00084
1.00071
1.00057
1.00042
1.00028
1.00012
0.999965
0.999807
0.999647
0.999482
0.999272
0.999078
0.998897
0.998721
0.99855
0.998371
0.998218
0.9981
0.99797
0.99785
0.997739
0.997746
0.997656
0.997022
1.0013
1.00196
1.00194
1.00191
1.00189
1.00185
1.0018
1.00174
1.00168
1.00161
1.00154
1.00145
1.00133
1.00123
1.00111
1.00101
1.00089
1.00075
1.0006
1.00043
1.00023
1.00004
0.99982
0.999586
0.999343
0.999113
0.998926
0.998713
0.998501
0.998302
0.998104
0.997952
0.997784
0.997618
0.997513
0.997418
0.99738
0.99725
0.99728
0.996527
1.0015
1.00222
1.00219
1.00215
1.00209
1.00205
1.002
1.00194
1.00188
1.00179
1.00171
1.00164
1.00156
1.00145
1.00135
1.00116
1.001
1.00083
1.00065
1.00048
1.00031
1.00012
0.999913
0.999717
0.999514
0.999283
0.999016
0.998782
0.998544
0.998296
0.998072
0.997815
0.99762
0.997442
0.997244
0.997097
0.996955
0.996929
0.996826
0.996124
1.00179
1.00255
1.00253
1.00251
1.00249
1.00246
1.00241
1.00237
1.00231
1.00227
1.00221
1.00211
1.00199
1.00186
1.0017
1.00163
1.00149
1.00132
1.00115
1.00092
1.00065
1.0004
1.00012
0.999829
0.999529
0.999245
0.998973
0.998671
0.998382
0.998115
0.997846
0.997616
0.99737
0.997171
0.997021
0.996854
0.996751
0.996563
0.996576
0.995692
1.00212
1.00292
1.0029
1.00286
1.00281
1.00276
1.00271
1.00265
1.00258
1.00249
1.00238
1.00229
1.00218
1.00208
1.00195
1.00171
1.00152
1.00131
1.00109
1.00089
1.00072
1.00047
1.00021
0.999942
0.999649
0.999325
0.998998
0.998681
0.99836
0.998042
0.997734
0.997465
0.997176
0.996905
0.996641
0.996444
0.996234
0.99622
0.996061
0.995266
1.00227
1.00311
1.00307
1.00305
1.00301
1.00296
1.0029
1.00284
1.00277
1.0027
1.00263
1.00251
1.00237
1.00219
1.002
1.0019
1.00172
1.0015
1.00127
1.00097
1.00061
1.00029
0.999962
0.99962
0.999277
0.998897
0.998546
0.998163
0.997791
0.997452
0.997101
0.996788
0.996494
0.99626
0.996053
0.995883
0.995744
0.995576
0.99553
0.994544
1.00257
1.00346
1.00343
1.00337
1.00331
1.00326
1.0032
1.00312
1.00304
1.00293
1.00281
1.00267
1.00252
1.0024
1.00223
1.00198
1.00176
1.00151
1.00124
1.00097
1.00077
1.00046
1.0001
0.999727
0.999325
0.998979
0.998567
0.998188
0.997808
0.997367
0.996998
0.996572
0.996258
0.995875
0.995572
0.995285
0.995118
0.994987
0.994905
0.994039
1.00282
1.00374
1.00373
1.0037
1.00367
1.0036
1.00354
1.00347
1.0034
1.00331
1.00321
1.00309
1.00295
1.00277
1.00259
1.00242
1.0022
1.00193
1.00167
1.00131
1.00086
1.00047
1.00008
0.999676
0.999281
0.998787
0.998336
0.997857
0.997355
0.996945
0.996474
0.996134
0.995694
0.995401
0.995111
0.994874
0.994618
0.994466
0.994301
0.993246
1.00327
1.00425
1.00421
1.00414
1.00408
1.00404
1.00397
1.0039
1.00381
1.0037
1.00355
1.00341
1.00325
1.00308
1.00288
1.00264
1.00236
1.00208
1.00174
1.00145
1.00117
1.00078
1.00036
0.999923
0.999397
0.998944
0.998426
0.99793
0.997466
0.996909
0.996457
0.995875
0.995518
0.995074
0.994674
0.994342
0.994105
0.993908
0.993762
0.99279
1.00349
1.0045
1.0045
1.00447
1.00444
1.00436
1.0043
1.00423
1.00413
1.00402
1.0039
1.00376
1.00361
1.00343
1.00324
1.00298
1.00275
1.00244
1.00212
1.00172
1.00122
1.00076
1.00027
0.999727
0.999252
0.998677
0.998124
0.997568
0.996895
0.996409
0.995818
0.995414
0.994817
0.994388
0.994038
0.993691
0.99342
0.993202
0.99303
0.991849
1.00391
1.00495
1.00489
1.00483
1.00477
1.00473
1.00465
1.00456
1.00446
1.00435
1.00422
1.00406
1.0039
1.00368
1.00342
1.00316
1.00285
1.00252
1.00213
1.00172
1.0014
1.00094
1.00043
0.999919
0.999291
0.998702
0.998036
0.997349
0.996857
0.996125
0.995538
0.994809
0.994357
0.993821
0.993304
0.992946
0.992597
0.992395
0.992303
0.99119
1.00416
1.00525
1.00525
1.00521
1.00517
1.0051
1.00506
1.00497
1.00487
1.00474
1.00459
1.00447
1.00426
1.00405
1.0039
1.00365
1.00335
1.00302
1.00265
1.00223
1.00162
1.00109
1.00051
0.999858
0.999219
0.99852
0.997907
0.997261
0.996398
0.995782
0.995085
0.994534
0.993824
0.993256
0.992786
0.992268
0.991945
0.991597
0.99138
0.990044
1.00471
1.00584
1.00576
1.00572
1.00566
1.00561
1.00551
1.00542
1.00532
1.0052
1.0051
1.00489
1.00474
1.00454
1.00421
1.00391
1.00358
1.00322
1.00276
1.00228
1.00189
1.00129
1.00066
1.00003
0.999342
0.998621
0.997727
0.996848
0.996169
0.995315
0.994535
0.993716
0.993069
0.992432
0.991833
0.991438
0.990965
0.9907
0.990489
0.989401
1.005
1.00613
1.00615
1.0061
1.00606
1.006
1.00597
1.00588
1.00577
1.00563
1.00546
1.00533
1.00511
1.00487
1.00469
1.00444
1.00412
1.00374
1.00334
1.00282
1.00216
1.00157
1.0009
1.00014
0.999312
0.998459
0.997711
0.996954
0.996032
0.995197
0.994352
0.993557
0.992753
0.99201
0.991335
0.990639
0.990244
0.989871
0.989647
0.988089
1.00558
1.00673
1.00665
1.00663
1.00658
1.00653
1.00642
1.00634
1.00622
1.0061
1.00598
1.00577
1.00561
1.00538
1.00507
1.00474
1.00439
1.00401
1.00349
1.00302
1.00248
1.00175
1.001
1.0002
0.99937
0.998489
0.997499
0.996363
0.995344
0.994348
0.993394
0.992482
0.991603
0.990816
0.990121
0.989654
0.989002
0.988581
0.988263
0.987308
1.00589
1.00706
1.00709
1.00702
1.00698
1.00693
1.0069
1.0068
1.00672
1.0066
1.00641
1.00625
1.00603
1.0058
1.00559
1.00532
1.00499
1.00459
1.00415
1.00352
1.00285
1.00216
1.00135
1.00047
0.999508
0.998496
0.997448
0.99658
0.995554
0.994449
0.993364
0.992312
0.991334
0.990401
0.989559
0.988687
0.988247
0.987753
0.987455
0.985713
1.00653
1.0077
1.00761
1.0076
1.00755
1.00752
1.00743
1.00736
1.00722
1.00708
1.00692
1.00674
1.00656
1.00631
1.00604
1.00572
1.0054
1.00499
1.00443
1.00391
1.00322
1.00241
1.00153
1.00057
0.999558
0.998472
0.997361
0.995978
0.994723
0.993514
0.992347
0.991147
0.990091
0.989098
0.988209
0.987546
0.986711
0.986206
0.985804
0.9848
1.00686
1.00804
1.00809
1.00801
1.00796
1.00792
1.00791
1.00782
1.00778
1.00765
1.00748
1.00728
1.00702
1.00686
1.00662
1.00637
1.006
1.00565
1.00519
1.0045
1.00377
1.00291
1.00197
1.00093
0.999797
0.998596
0.997328
0.996172
0.994853
0.993527
0.992099
0.990988
0.989754
0.988583
0.98755
0.986485
0.985868
0.985263
0.984776
0.982991
1.00753
1.00871
1.00861
1.00861
1.00858
1.00854
1.0085
1.00846
1.0083
1.00814
1.00797
1.00777
1.00765
1.00737
1.00717
1.00689
1.00664
1.00619
1.00564
1.00506
1.00426
1.00336
1.00234
1.00123
1.00005
0.998748
0.997361
0.995837
0.994343
0.992816
0.991448
0.989635
0.988321
0.98715
0.985911
0.985233
0.983945
0.983636
0.982834
0.981942
1.00788
1.00907
1.00909
1.00903
1.00896
1.00892
1.009
1.00896
1.0089
1.00874
1.00856
1.00841
1.00812
1.00795
1.00779
1.00762
1.00719
1.00695
1.00656
1.00573
1.00486
1.0039
1.00285
1.00164
1.0003
0.998853
0.997347
0.995829
0.994226
0.992605
0.99068
0.989454
0.987892
0.986606
0.985063
0.984021
0.982853
0.982612
0.981475
0.979798
1.00858
1.00976
1.0096
1.00967
1.00967
1.00952
1.00969
1.00969
1.0095
1.00924
1.0092
1.00894
1.00873
1.00865
1.00849
1.00834
1.00813
1.00765
1.0073
1.00663
1.00567
1.00466
1.00355
1.00233
1.00093
0.999362
0.997711
0.995932
0.994087
0.992117
0.99061
0.98819
0.986406
0.985133
0.982935
0.982671
0.980397
0.980802
0.979256
0.97858
1.00894
1.01012
1.01005
1.01008
1.01011
1.0099
1.01019
1.01022
1.01016
1.00981
1.00981
1.00965
1.00935
1.00934
1.00919
1.00918
1.00878
1.00852
1.00844
1.00734
1.00638
1.0054
1.0043
1.003
1.00148
0.9998
0.997893
0.99608
0.994105
0.992137
0.989673
0.987957
0.985351
0.9845
0.982022
0.981357
0.979141
0.979602
0.977574
0.976096
1.00992
1.01104
1.01061
1.01079
1.01089
1.01057
1.011
1.01122
1.01104
1.01041
1.01067
1.01058
1.01015
1.01044
1.01016
1.01033
1.01003
1.00956
1.00973
1.0086
1.00765
1.00668
1.00553
1.00421
1.00263
1.0007
0.998521
0.996612
0.994335
0.991667
0.989852
0.986719
0.984559
0.982641
0.979489
0.979198
0.976488
0.977279
0.975159
0.974712
1.00926
1.01098
1.01106
1.01124
1.01121
1.01104
1.01167
1.01171
1.01156
1.01126
1.01153
1.01128
1.01102
1.0114
1.01136
1.01153
1.01115
1.01074
1.0108
1.00964
1.00902
1.0082
1.00717
1.00592
1.0043
1.00245
0.999954
0.997714
0.995175
0.992732
0.989396
0.987158
0.982881
0.980717
0.979016
0.976801
0.975561
0.974842
0.973802
0.970827
1.01262
1.01571
1.01435
1.01527
1.01566
1.0159
1.01668
1.01682
1.01778
1.01793
1.01884
1.01874
1.01958
1.0195
1.02069
1.02068
1.02208
1.02176
1.02309
1.02267
1.02442
1.02419
1.02662
1.02631
1.03016
1.02932
1.03444
1.03498
1.03819
1.04151
1.0359
1.01743
0.943072
0.8508
0.745015
0.741365
0.894351
1.28368
1.38358
1.24675
1.0128
1.01494
1.01362
1.01514
1.01527
1.01566
1.01617
1.01641
1.01713
1.01748
1.01822
1.01829
1.01894
1.01905
1.02
1.02024
1.02124
1.02125
1.02227
1.02206
1.0235
1.02317
1.02503
1.02457
1.0275
1.02619
1.02993
1.02857
1.02873
1.02715
1.01177
0.984312
0.901241
0.796499
0.677342
0.627048
0.75418
1.25816
1.47618
1.39496
1.01419
1.01399
1.01353
1.01472
1.01489
1.01524
1.01568
1.01597
1.01659
1.01696
1.01747
1.01765
1.01809
1.01836
1.01908
1.01949
1.0202
1.02044
1.02121
1.02136
1.02241
1.02224
1.02356
1.02295
1.02505
1.02339
1.02562
1.02283
1.02148
1.0147
0.99638
0.960537
0.867026
0.757901
0.629566
0.543701
0.640379
1.19911
1.54129
1.50976
1.01586
1.01322
1.0136
1.01433
1.01463
1.01495
1.01543
1.01568
1.01628
1.01658
1.01703
1.01714
1.01751
1.01778
1.01838
1.01882
1.01938
1.01969
1.02024
1.0205
1.02116
1.02113
1.02204
1.02151
1.0229
1.02083
1.02178
1.01804
1.01579
1.00507
0.987553
0.947324
0.844781
0.739039
0.615911
0.52827
0.618735
1.15477
1.55923
1.55642
1.01686
1.01311
1.01377
1.01399
1.01435
1.01467
1.01506
1.01534
1.01589
1.01617
1.01657
1.01664
1.01699
1.01721
1.0177
1.01814
1.01862
1.01899
1.01937
1.01959
1.02
1.02001
1.02062
1.02018
1.02085
1.01851
1.01859
1.01447
1.01136
0.999677
0.98452
0.94427
0.835728
0.737768
0.636102
0.574346
0.677745
1.14601
1.5308
1.53893
1.01686
1.01308
1.01374
1.01362
1.01407
1.01433
1.01469
1.015
1.01548
1.01575
1.0161
1.01617
1.01651
1.01669
1.01708
1.01743
1.01779
1.0182
1.01847
1.01873
1.01908
1.01902
1.01938
1.01877
1.01891
1.01668
1.01624
1.0123
1.00869
0.998375
0.98749
0.948777
0.837242
0.749236
0.675621
0.644594
0.754951
1.15432
1.47208
1.47206
1.01658
1.01299
1.01357
1.01334
1.01384
1.01407
1.0144
1.01473
1.01509
1.01536
1.01563
1.01572
1.01605
1.01619
1.01658
1.01684
1.01708
1.01744
1.01761
1.01785
1.01812
1.0179
1.01813
1.01727
1.01728
1.01549
1.01461
1.01139
1.00792
1.00015
0.994948
0.958997
0.846221
0.766532
0.718921
0.713682
0.817253
1.15094
1.39685
1.35582
1.01627
1.01275
1.01326
1.01316
1.01365
1.01384
1.01409
1.0144
1.01466
1.01492
1.01511
1.01524
1.01555
1.01567
1.0161
1.01628
1.01647
1.01675
1.0168
1.01691
1.017
1.01662
1.01697
1.01597
1.01602
1.01471
1.01347
1.01108
1.00846
1.0038
1.00425
0.973758
0.860622
0.78468
0.756849
0.771178
0.861813
1.14077
1.30733
1.26715
1.01613
1.0125
1.013
1.01299
1.01343
1.01357
1.01379
1.01411
1.01426
1.01453
1.01465
1.01482
1.01504
1.01516
1.01553
1.01563
1.01579
1.01597
1.01592
1.01593
1.01597
1.01552
1.0159
1.01479
1.01484
1.01379
1.01253
1.01109
1.00961
1.00829
1.01318
0.990229
0.878921
0.801802
0.786551
0.814472
0.894106
1.10861
1.21578
1.19536
1.01592
1.0123
1.01278
1.01276
1.01314
1.01325
1.01345
1.01378
1.01384
1.01412
1.01419
1.0144
1.01452
1.01464
1.01489
1.01492
1.01503
1.01508
1.01504
1.01501
1.01509
1.01455
1.01477
1.01366
1.01365
1.01269
1.01169
1.01123
1.01089
1.01269
1.02053
1.005
0.899136
0.81802
0.809238
0.84447
0.915488
1.0657
1.14537
1.13912
1.01582
1.0121
1.01259
1.01243
1.01281
1.01295
1.0131
1.01339
1.01341
1.01374
1.01377
1.014
1.01406
1.0142
1.01433
1.01431
1.01441
1.01436
1.01436
1.01429
1.01428
1.01361
1.01361
1.01267
1.01257
1.0116
1.01099
1.01147
1.01185
1.01634
1.02585
1.01578
0.919131
0.834614
0.827443
0.864553
0.927165
1.03582
1.09743
1.09699
1.01573
1.01199
1.01242
1.01207
1.01247
1.0126
1.01271
1.01296
1.013
1.01331
1.01331
1.01353
1.01354
1.01368
1.01374
1.01374
1.01387
1.01374
1.01378
1.01356
1.01345
1.01273
1.01261
1.01183
1.01156
1.01064
1.01038
1.01144
1.01217
1.01862
1.02894
1.02183
0.937382
0.852865
0.843765
0.878627
0.93333
1.01334
1.06334
1.06528
1.01557
1.01193
1.01229
1.01179
1.01212
1.01223
1.01235
1.0126
1.01263
1.01289
1.01284
1.01304
1.01303
1.01316
1.01319
1.01322
1.01334
1.01312
1.01313
1.01279
1.01258
1.01195
1.01177
1.01104
1.01068
1.00992
1.00992
1.01113
1.01205
1.01924
1.02956
1.02365
0.952804
0.872604
0.860035
0.889763
0.93694
0.997397
1.03832
1.04109
1.01525
1.0118
1.01214
1.01153
1.0118
1.01186
1.012
1.01222
1.01222
1.01242
1.01238
1.01259
1.01255
1.01267
1.01267
1.01264
1.0127
1.01239
1.01231
1.01193
1.01174
1.01122
1.01102
1.01034
1.00992
1.00936
1.00932
1.01048
1.01145
1.01856
1.02762
1.02233
0.965133
0.89234
0.877099
0.900081
0.939732
0.986756
1.01971
1.02216
1.01483
1.0115
1.01186
1.01125
1.01157
1.01156
1.01169
1.01185
1.01181
1.01198
1.01195
1.01215
1.01212
1.01222
1.01223
1.01207
1.01207
1.01173
1.01161
1.01126
1.01105
1.01058
1.01038
1.00967
1.00914
1.00853
1.00824
1.00928
1.0104
1.01625
1.02364
1.01914
0.974226
0.910673
0.894367
0.910546
0.942452
0.979903
1.00604
1.00751
1.0145
1.01114
1.01147
1.01096
1.01136
1.01127
1.01139
1.01149
1.01146
1.01161
1.01159
1.01176
1.01174
1.01182
1.01176
1.01152
1.01151
1.01124
1.0111
1.01077
1.01051
1.01
1.00972
1.0089
1.00826
1.00758
1.0069
1.00779
1.00918
1.01341
1.01873
1.01506
0.980306
0.927073
0.910951
0.921047
0.945245
0.975206
0.996127
0.996766
1.01427
1.01083
1.01116
1.0107
1.0111
1.01097
1.01111
1.01118
1.01116
1.0113
1.01125
1.01136
1.01133
1.01133
1.01126
1.01101
1.01102
1.0108
1.01058
1.01025
1.00987
1.0093
1.00884
1.00794
1.00732
1.0066
1.00562
1.00634
1.00766
1.0103
1.01363
1.01047
0.983746
0.940819
0.925754
0.931137
0.94837
0.9718
0.988854
0.989226
1.01401
1.01059
1.01095
1.0104
1.01078
1.01059
1.01078
1.01081
1.01079
1.01089
1.01082
1.01089
1.01086
1.01081
1.01076
1.01052
1.01052
1.01032
1.00996
1.00959
1.00919
1.00853
1.00798
1.0071
1.00649
1.00578
1.0047
1.00519
1.00623
1.0073
1.00897
1.00569
0.985255
0.951975
0.938452
0.940728
0.952184
0.969807
0.983684
0.984112
1.01372
1.01038
1.01073
1.01004
1.01045
1.01021
1.01045
1.01045
1.01043
1.0105
1.01038
1.01045
1.01045
1.01041
1.0104
1.01016
1.01009
1.00984
1.00938
1.00898
1.00851
1.00777
1.00721
1.00642
1.00579
1.00515
1.00423
1.00441
1.00492
1.00458
1.00493
1.00127
0.985793
0.960606
0.948788
0.949619
0.956654
0.96938
0.980276
0.980595
1.01347
1.01015
1.01047
1.00965
1.01012
1.00982
1.01011
1.01005
1.01003
1.01009
1.00999
1.01006
1.01008
1.01003
1.00999
1.00973
1.00956
1.00925
1.0087
1.00829
1.00781
1.00707
1.00656
1.00592
1.00534
1.00485
1.00416
1.00391
1.00371
1.00229
1.00166
0.997817
0.985932
0.96726
0.957056
0.957425
0.961379
0.97016
0.978075
0.978139
1.01323
1.00988
1.01016
1.00928
1.00982
1.0095
1.0098
1.00971
1.0097
1.00977
1.00968
1.00973
1.00973
1.00962
1.00953
1.00923
1.00897
1.00859
1.00803
1.00765
1.00719
1.00654
1.00614
1.00563
1.00506
1.00463
1.00404
1.00325
1.00234
1.00032
0.998919
0.995195
0.985766
0.972121
0.963273
0.963848
0.965988
0.971514
0.976574
0.97642
1.01288
1.00955
1.00981
1.00894
1.00953
1.00915
1.00945
1.00935
1.00937
1.0094
1.00935
1.00938
1.00931
1.00914
1.00899
1.00869
1.00836
1.00799
1.00748
1.00714
1.00671
1.00617
1.00585
1.00536
1.00467
1.00413
1.00352
1.00228
1.00087
0.998611
0.99664
0.993198
0.985533
0.975762
0.967974
0.969
0.970248
0.973094
0.975626
0.975428
1.01246
1.00919
1.00949
1.00866
1.00927
1.00886
1.0092
1.00908
1.00914
1.00915
1.00908
1.00908
1.00896
1.00878
1.00863
1.00835
1.008
1.00764
1.0072
1.00688
1.00645
1.00593
1.00562
1.00504
1.00417
1.00346
1.00276
1.00129
0.999502
0.997281
0.994832
0.99185
0.985304
0.978431
0.97149
0.973112
0.973962
0.974844
0.975306
0.975147
1.01203
1.00885
1.00923
1.00841
1.009
1.00854
1.00893
1.00876
1.00886
1.00883
1.00874
1.0087
1.00856
1.00839
1.00824
1.00796
1.00761
1.00726
1.00689
1.00659
1.00615
1.00563
1.0053
1.00467
1.00374
1.00288
1.00212
1.00055
0.998564
0.996475
0.993711
0.991148
0.985341
0.980676
0.974305
0.976388
0.976969
0.976834
0.975556
0.975463
1.01164
1.00856
1.009
1.00812
1.0087
1.00821
1.00864
1.00843
1.00855
1.00848
1.00837
1.00829
1.00814
1.00799
1.00784
1.00756
1.00724
1.00691
1.00659
1.00632
1.00591
1.00535
1.00498
1.00437
1.00341
1.00246
1.00155
1.00002
0.997857
0.996005
0.992953
0.990876
0.985427
0.982471
0.976442
0.978911
0.979169
0.979093
0.976022
0.975895
1.01134
1.00829
1.00872
1.00773
1.00834
1.00782
1.00829
1.00803
1.00816
1.00802
1.00791
1.00783
1.00769
1.00758
1.00744
1.0072
1.00691
1.00662
1.00631
1.00607
1.00567
1.00506
1.00467
1.00405
1.00309
1.002
1.00099
0.99952
0.997328
0.995693
0.992485
0.990849
0.985637
0.984043
0.978091
0.98088
0.980625
0.981672
0.977452
0.976136
1.01113
1.008
1.00835
1.00724
1.00797
1.00749
1.008
1.00773
1.00788
1.00771
1.00765
1.00757
1.00748
1.00741
1.00729
1.00709
1.00684
1.0065
1.00618
1.00591
1.00545
1.0048
1.00434
1.00367
1.00261
1.00145
1.00028
0.99899
0.996732
0.995387
0.992026
0.99096
0.985794
0.985303
0.979207
0.98245
0.981564
0.98448
0.979273
0.97615
1.01107
1.00769
1.00785
1.00673
1.00759
1.00714
1.00767
1.0074
1.00759
1.00742
1.00744
1.0074
1.00734
1.00727
1.00714
1.00693
1.00669
1.0063
1.00594
1.00561
1.00511
1.00444
1.00392
1.00319
1.00211
1.00093
0.999716
0.998548
0.996322
0.995214
0.991813
0.991218
0.986095
0.986502
0.979914
0.983798
0.982249
0.987098
0.981212
0.976439
1.01086
1.0073
1.00733
1.00631
1.00728
1.00688
1.0074
1.00715
1.0074
1.00724
1.00732
1.00728
1.00723
1.00713
1.00697
1.00675
1.00652
1.00606
1.00567
1.00531
1.00479
1.00411
1.00355
1.00279
1.00169
1.00058
0.999273
0.998257
0.995971
0.995165
0.991665
0.991552
0.98637
0.987514
0.980328
0.984949
0.982769
0.988815
0.983122
0.977242
1.01047
1.00672
1.0069
1.00603
1.00703
1.00662
1.00714
1.00687
1.00716
1.00701
1.00713
1.00708
1.00699
1.00685
1.00665
1.00643
1.00619
1.00573
1.00532
1.00493
1.00439
1.00377
1.00317
1.00239
1.00134
1.00031
0.998994
0.998029
0.995805
0.995195
0.991724
0.991912
0.986752
0.988465
0.980615
0.98591
0.98297
0.989309
0.983282
0.98159
1.00943
1.00611
1.00663
1.0059
1.00689
1.00647
1.00702
1.00674
1.00706
1.00694
1.00705
1.00695
1.00683
1.00665
1.00646
1.00623
1.00599
1.00552
1.00508
1.00465
1.00411
1.00352
1.00287
1.0021
1.00105
1.00011
0.99871
0.997888
0.995625
0.99527
0.991771
0.992257
0.987112
0.989208
0.981101
0.986593
0.982809
0.989028
0.981416
0.988296
1.00838
1.00554
1.00648
1.00586
1.00675
1.00631
1.00692
1.00662
1.00693
1.00678
1.00693
1.0068
1.00664
1.00643
1.00623
1.00597
1.00569
1.00525
1.0048
1.00431
1.00377
1.00321
1.00257
1.0018
1.00081
0.999901
0.998553
0.997768
0.995644
0.995369
0.992057
0.992613
0.987663
0.989923
0.981872
0.987129
0.981912
0.988347
0.979106
0.996107
1.00644
1.00518
1.00648
1.00588
1.00667
1.00623
1.00688
1.00659
1.00691
1.00674
1.00686
1.00669
1.00652
1.00628
1.00607
1.00579
1.00548
1.00505
1.00458
1.00407
1.00353
1.00297
1.00231
1.0016
1.00062
0.999775
0.998362
0.997752
0.995636
0.995539
0.992327
0.993006
0.988263
0.990513
0.983087
0.987903
0.980977
0.988017
0.977149
0.99964
1.00476
1.00513
1.00653
1.00593
1.00657
1.00612
1.00675
1.00648
1.00679
1.00655
1.00666
1.00647
1.00629
1.00603
1.00579
1.00548
1.00513
1.00475
1.00427
1.00376
1.00325
1.00271
1.00204
1.0014
1.0005
0.999627
0.998324
0.997734
0.995839
0.995698
0.992859
0.993399
0.989129
0.991138
0.984594
0.989167
0.981818
0.989754
0.979295
0.997948
1.00185
1.00532
1.00667
1.00603
1.0066
1.00609
1.00665
1.00643
1.00681
1.00651
1.00654
1.00633
1.00617
1.00588
1.00563
1.00529
1.00495
1.00457
1.00409
1.00362
1.00309
1.00253
1.00185
1.00127
1.00037
0.99954
0.998198
0.997786
0.995936
0.995914
0.993272
0.99383
0.989988
0.991679
0.986263
0.990645
0.984143
0.993002
0.98662
0.982427
0.999738
1.00579
1.0068
1.00622
1.0065
1.00604
1.00634
1.00623
1.00665
1.00632
1.00624
1.00604
1.00592
1.00562
1.00534
1.00499
1.00465
1.00429
1.0038
1.00338
1.00287
1.00227
1.00161
1.00106
1.00024
0.999371
0.998188
0.997748
0.996183
0.996017
0.993888
0.994158
0.991079
0.992147
0.988005
0.991921
0.987341
0.995926
0.997838
0.968627
0.996742
1.00668
1.00733
1.00639
1.00646
1.00598
1.00616
1.00611
1.00666
1.0063
1.00613
1.00594
1.00584
1.00555
1.00521
1.00486
1.00457
1.00419
1.00366
1.0033
1.00278
1.00212
1.00141
1.00094
1.0001
0.999288
0.998077
0.997787
0.996274
0.996186
0.994298
0.994524
0.991978
0.992527
0.989529
0.992728
0.990676
0.997073
1.00733
0.950819
0.995658
1.00753
1.00714
1.00648
1.00603
1.00581
1.00574
1.00588
1.00634
1.00602
1.00578
1.0056
1.0055
1.00522
1.00488
1.00452
1.00428
1.00391
1.00335
1.00303
1.00254
1.00187
1.00118
1.00069
0.999954
0.999116
0.998104
0.997707
0.99652
0.996199
0.994903
0.994671
0.993129
0.992722
0.991442
0.992955
0.993887
0.996939
1.01336
0.946344
0.994174
1.00833
1.0072
1.00651
1.00592
1.00571
1.00563
1.00582
1.00632
1.006
1.0057
1.00555
1.00544
1.00515
1.00479
1.00443
1.00422
1.00386
1.00324
1.00297
1.00247
1.00175
1.00104
1.00059
0.99982
0.999056
0.998029
0.997719
0.99659
0.996299
0.995236
0.994892
0.993824
0.992873
0.992568
0.992994
0.997011
0.995661
1.01486
0.939771
0.994839
1.00871
1.00642
1.00637
1.00532
1.00549
1.00518
1.00554
1.0058
1.0056
1.00526
1.00514
1.00501
1.00474
1.0044
1.00406
1.00389
1.00351
1.00287
1.00264
1.00216
1.00146
1.00077
1.00029
0.999665
0.998863
0.998127
0.997573
0.996928
0.996222
0.99594
0.994857
0.995155
0.992825
0.99501
0.992538
0.999252
0.990963
1.01294
0.948469
)
;

boundaryField
{
    FrontBack
    {
        type            empty;
    }
    Cylinder
    {
        type            calculated;
        value           uniform 0;
    }
    Bottom
    {
        type            calculated;
        value           uniform 0;
    }
    Top
    {
        type            calculated;
        value           uniform 0;
    }
    Inlet
    {
        type            calculated;
        value           uniform 1;
    }
    Outlet
    {
        type            calculated;
        value           nonuniform List<scalar> 
40
(
0.994839
1.00871
1.00642
1.00637
1.00532
1.00549
1.00518
1.00554
1.0058
1.0056
1.00526
1.00514
1.00501
1.00474
1.0044
1.00406
1.00389
1.00351
1.00287
1.00264
1.00216
1.00146
1.00077
1.00029
0.999665
0.998863
0.998127
0.997573
0.996928
0.996222
0.99594
0.994857
0.995155
0.992825
0.99501
0.992538
0.999252
0.990963
1.01294
0.948469
)
;
    }
}


// ************************************************************************* //
