/*--------------------------------*- C++ -*----------------------------------*\
  =========                 |
  \\      /  F ield         | OpenFOAM: The Open Source CFD Toolbox
   \\    /   O peration     | Website:  https://openfoam.org
    \\  /    A nd           | Version:  11
     \\/     M anipulation  |
\*---------------------------------------------------------------------------*/
FoamFile
{
    format      ascii;
    class       volScalarField;
    location    "7";
    object      mag(U);
}
// * * * * * * * * * * * * * * * * * * * * * * * * * * * * * * * * * * * * * //

dimensions      [0 1 -1 0 0 0 0];

internalField   nonuniform List<scalar> 
9600
(
0.992875
0.992348
0.991681
0.990832
0.990228
0.990227
0.990456
0.990909
0.991675
0.99283
0.994388
0.99625
0.998216
1.00034
1.00275
1.0057
1.00812
1.01071
1.01499
1.01789
1.01808
1.01558
1.00483
0.985923
0.972896
0.966929
0.966255
0.972061
0.987452
1.00314
1.01839
1.03371
1.04855
1.0615
1.0702
1.07367
1.07341
1.07115
1.06805
1.06015
0.993679
0.993502
0.993375
0.993486
0.993822
0.994505
0.995549
0.996314
0.997455
0.999535
1.00146
1.00328
1.00593
1.00936
1.01279
1.01616
1.01929
1.02198
1.02402
1.02637
1.02919
1.03153
1.03254
1.03276
1.03228
1.02931
1.02724
1.02811
1.0304
1.03604
1.04494
1.05421
1.06402
1.07198
1.07869
1.0824
1.0837
1.08219
1.08012
1.0658
0.993711
0.993541
0.993541
0.993692
0.994102
0.994868
0.99564
0.996481
0.997592
0.999601
1.00172
1.00383
1.0063
1.00966
1.01361
1.0171
1.01907
1.02069
1.0237
1.02834
1.03317
1.03596
1.03619
1.0346
1.03108
1.02469
1.02089
1.02105
1.02529
1.03252
1.04235
1.05296
1.06321
1.07265
1.08125
1.08842
1.09252
1.09334
1.09291
1.08889
0.99369
0.993581
0.993623
0.993811
0.994416
0.995118
0.995989
0.997076
0.998456
0.999736
1.00235
1.00484
1.00711
1.00932
1.01336
1.01724
1.02039
1.02182
1.02432
1.02761
1.03156
1.03377
1.03568
1.03611
1.03629
1.03622
1.039
1.04148
1.04592
1.04955
1.05635
1.06233
1.07077
1.07694
1.08423
1.08817
1.09176
1.09058
1.0883
1.07716
0.993652
0.993574
0.993682
0.993965
0.994563
0.995484
0.996284
0.997208
0.998402
1.00028
1.00226
1.00494
1.00761
1.01053
1.01331
1.01638
1.02037
1.02417
1.02695
1.02779
1.02858
1.03083
1.03606
1.04027
1.04303
1.04351
1.04342
1.04175
1.04211
1.04392
1.04943
1.05643
1.06548
1.07342
1.08129
1.08715
1.09242
1.09487
1.0956
1.09243
0.993596
0.993557
0.993707
0.993965
0.99478
0.99551
0.996529
0.997337
0.998708
1.00034
1.00328
1.00547
1.00794
1.01003
1.01379
1.01751
1.02145
1.02374
1.02568
1.02731
1.03046
1.03254
1.03618
1.03777
1.04027
1.04072
1.04373
1.04611
1.0505
1.053
1.05973
1.06444
1.07313
1.07906
1.08789
1.09245
1.09897
1.0994
1.09911
1.08906
0.99358
0.993567
0.993813
0.994034
0.994976
0.995623
0.996758
0.997586
0.999024
1.00054
1.00343
1.00604
1.00844
1.01021
1.01418
1.01813
1.02226
1.02404
1.02681
1.02838
1.03081
1.03234
1.03508
1.03676
1.03998
1.04192
1.0458
1.04667
1.04878
1.0499
1.05444
1.05885
1.06716
1.07437
1.08348
1.08918
1.09539
1.09744
1.10108
1.09731
0.993547
0.993523
0.993764
0.993972
0.994926
0.995556
0.996846
0.997513
0.999125
1.00103
1.00365
1.00601
1.00887
1.01122
1.01454
1.01775
1.02205
1.02536
1.02815
1.02929
1.03091
1.03189
1.03549
1.03791
1.04052
1.04072
1.04221
1.04259
1.04693
1.04913
1.05644
1.0613
1.07112
1.07743
1.08834
1.09403
1.10331
1.10587
1.11005
1.10184
0.993532
0.993544
0.993859
0.994068
0.99508
0.995758
0.996814
0.998079
0.999307
1.00131
1.00358
1.00678
1.00957
1.01169
1.01468
1.01815
1.02313
1.02621
1.02907
1.03034
1.0321
1.033
1.03555
1.03664
1.03928
1.03968
1.04189
1.0427
1.04512
1.04628
1.05175
1.05613
1.06494
1.0722
1.08344
1.0909
1.10062
1.10293
1.1089
1.10452
0.993432
0.993467
0.993725
0.993925
0.994958
0.995635
0.996789
0.998012
0.999494
1.00131
1.00389
1.00693
1.00985
1.01222
1.01544
1.01864
1.02315
1.02654
1.03005
1.03159
1.0335
1.03342
1.03505
1.03615
1.03899
1.03955
1.04118
1.0407
1.04274
1.04181
1.04767
1.05139
1.06218
1.06947
1.08327
1.09114
1.1043
1.10883
1.11874
1.11258
0.993343
0.993482
0.993869
0.994097
0.995063
0.995826
0.996837
0.998254
0.999856
1.00189
1.00389
1.00712
1.01054
1.01342
1.01622
1.0189
1.02351
1.02752
1.03149
1.03305
1.03455
1.03445
1.03577
1.0365
1.03857
1.03895
1.03972
1.03992
1.04188
1.04041
1.04375
1.0457
1.05412
1.06094
1.07467
1.08425
1.10043
1.10636
1.11835
1.1155
0.993143
0.993232
0.993668
0.993796
0.994879
0.995615
0.99657
0.997926
0.999946
1.00182
1.004
1.0072
1.01094
1.01359
1.01684
1.01959
1.02389
1.02791
1.03203
1.03384
1.0359
1.03598
1.0368
1.03636
1.03794
1.03834
1.03904
1.03885
1.04066
1.03829
1.04012
1.03972
1.04749
1.05314
1.06736
1.07743
1.09659
1.10483
1.1235
1.12158
0.992927
0.99316
0.993632
0.993894
0.995026
0.995779
0.996736
0.998235
1.00007
1.00244
1.00462
1.00748
1.01128
1.01435
1.01803
1.02077
1.02506
1.02864
1.03302
1.03513
1.03773
1.03797
1.03846
1.03788
1.03839
1.03812
1.03788
1.03713
1.03819
1.03644
1.03785
1.03586
1.04124
1.04467
1.05731
1.06663
1.08615
1.09635
1.11911
1.1229
0.992464
0.992691
0.993157
0.993476
0.99437
0.995364
0.99654
0.997731
0.999959
1.0022
1.00506
1.00743
1.01145
1.01474
1.01869
1.0217
1.02549
1.0291
1.03357
1.03631
1.03867
1.03949
1.04014
1.03942
1.03895
1.0379
1.03698
1.03542
1.03582
1.0335
1.0353
1.03211
1.03623
1.03739
1.04874
1.0567
1.07642
1.08765
1.11304
1.12383
0.992088
0.992405
0.993047
0.993477
0.994564
0.995499
0.996631
0.998217
1.00033
1.00258
1.00539
1.00815
1.0121
1.01568
1.02005
1.02289
1.02703
1.03058
1.03507
1.03813
1.04034
1.04193
1.04277
1.04207
1.04126
1.03897
1.03737
1.03416
1.03346
1.03064
1.03182
1.02832
1.03197
1.0312
1.04076
1.04676
1.0651
1.0772
1.10227
1.11748
0.991147
0.991686
0.992082
0.992736
0.993919
0.994693
0.99615
0.997242
1.00016
1.0021
1.00538
1.00815
1.01206
1.01583
1.02045
1.02393
1.02824
1.0316
1.03567
1.03898
1.04177
1.04332
1.04431
1.04335
1.04273
1.04013
1.03815
1.03354
1.03196
1.02682
1.0276
1.02279
1.02638
1.02447
1.03245
1.03778
1.05329
1.06607
1.08969
1.10939
0.991077
0.991465
0.991817
0.992277
0.993632
0.994917
0.996399
0.997739
1.00031
1.00317
1.00629
1.00916
1.01307
1.01648
1.02167
1.02594
1.03022
1.03401
1.03771
1.04097
1.04419
1.04591
1.04739
1.04623
1.0457
1.04254
1.04019
1.03481
1.03199
1.02506
1.0242
1.0178
1.01977
1.01672
1.02287
1.02678
1.03991
1.05287
1.07487
1.09873
0.989604
0.990297
0.990751
0.991014
0.992355
0.993703
0.995607
0.99699
0.999582
1.00245
1.00612
1.00921
1.01318
1.01679
1.02175
1.02648
1.03109
1.03531
1.03948
1.04246
1.04554
1.04733
1.04927
1.04795
1.04735
1.04376
1.04135
1.03542
1.03216
1.02425
1.02202
1.01354
1.01252
1.00839
1.01131
1.01387
1.0231
1.03721
1.05304
1.08369
0.989526
0.990312
0.990873
0.991018
0.992432
0.993361
0.995743
0.997395
1.00014
1.003
1.00696
1.01041
1.0151
1.01891
1.02352
1.02828
1.03319
1.03747
1.04272
1.04597
1.04919
1.05024
1.05274
1.05145
1.05128
1.04726
1.04464
1.03802
1.03401
1.02498
1.02139
1.01166
1.00859
1.00144
1.00068
1.00142
1.0039
1.01852
1.02697
1.06412
0.988175
0.988511
0.989299
0.989374
0.990954
0.992034
0.994237
0.996307
0.999259
1.00231
1.00637
1.01003
1.01506
1.01947
1.02459
1.02926
1.03464
1.03862
1.044
1.04765
1.05179
1.05273
1.05538
1.05398
1.05384
1.04953
1.04679
1.03974
1.0352
1.02567
1.02058
1.00982
1.0045
0.996827
0.990679
0.991302
0.985413
0.999278
0.998979
1.03449
0.988293
0.988437
0.989609
0.989392
0.9912
0.992278
0.994529
0.996782
0.999856
1.00313
1.0075
1.01157
1.01659
1.0213
1.02707
1.03191
1.0382
1.04226
1.04768
1.05109
1.05583
1.05694
1.06026
1.05893
1.05898
1.05442
1.05147
1.04433
1.03938
1.02965
1.02327
1.01177
1.00235
0.994848
0.983072
0.983122
0.97128
0.981714
0.974774
1.00502
0.986575
0.986813
0.987953
0.98784
0.989421
0.990593
0.993001
0.995364
0.998622
1.00211
1.0067
1.01128
1.01677
1.02148
1.02784
1.03278
1.03961
1.04428
1.05042
1.05367
1.05905
1.05991
1.06323
1.06225
1.06263
1.05831
1.05535
1.04785
1.04249
1.03281
1.02421
1.01465
1.00079
0.993692
0.977359
0.975924
0.958957
0.965723
0.952193
0.975663
0.986495
0.986795
0.988189
0.988201
0.989922
0.991279
0.993798
0.996244
0.99979
1.00346
1.00831
1.01285
1.01913
1.0239
1.03096
1.03606
1.04326
1.04813
1.05518
1.05833
1.06458
1.06601
1.06953
1.0684
1.06923
1.06499
1.06223
1.05535
1.04864
1.04086
1.02908
1.02087
1.00471
0.996887
0.977825
0.973072
0.952515
0.953397
0.934254
0.95069
0.983695
0.984029
0.985486
0.985941
0.987802
0.98949
0.992199
0.994995
0.998743
1.00234
1.00808
1.01232
1.01923
1.0243
1.03185
1.03729
1.04546
1.05015
1.0583
1.06144
1.06789
1.06965
1.074
1.07332
1.07412
1.07087
1.06682
1.06217
1.05314
1.0475
1.03392
1.02594
1.00884
0.999965
0.979724
0.972107
0.949303
0.94564
0.921748
0.929105
0.983528
0.984225
0.985683
0.986149
0.988253
0.990175
0.993222
0.996285
1.00102
1.00439
1.01094
1.01538
1.02287
1.02816
1.03627
1.04144
1.0506
1.05524
1.06392
1.06802
1.0746
1.07721
1.08082
1.08217
1.08145
1.08136
1.07541
1.07326
1.06305
1.05806
1.04455
1.03628
1.01911
1.00922
0.988311
0.978221
0.95414
0.94618
0.91927
0.917724
0.979777
0.980544
0.982126
0.982886
0.984842
0.986966
0.990866
0.99363
0.999374
1.00311
1.01019
1.01537
1.02368
1.02911
1.0385
1.0439
1.05333
1.05904
1.06703
1.07263
1.07808
1.08321
1.0851
1.08919
1.08694
1.08889
1.08256
1.08149
1.0718
1.06695
1.05403
1.0458
1.02877
1.01825
0.997475
0.985702
0.961474
0.949952
0.923035
0.912636
0.979502
0.981073
0.982262
0.983463
0.986165
0.988172
0.992592
0.995751
1.00172
1.00615
1.01347
1.01932
1.02821
1.03473
1.04367
1.05141
1.05941
1.06793
1.07419
1.08268
1.08633
1.09367
1.09423
1.10006
1.09745
1.10067
1.09504
1.09436
1.0856
1.08138
1.06914
1.06158
1.04542
1.03457
1.01484
1.00149
0.978796
0.96397
0.938018
0.921846
0.973344
0.975527
0.977498
0.978845
0.981599
0.984575
0.988644
0.993445
0.998848
1.00505
1.01187
1.01992
1.02739
1.03699
1.04451
1.05506
1.06193
1.07282
1.0781
1.08897
1.09157
1.1011
1.10145
1.10835
1.10614
1.10992
1.10515
1.10538
1.09734
1.09399
1.08274
1.07535
1.06083
1.04937
1.03178
1.01678
0.99625
0.978984
0.956132
0.935863
0.973684
0.975918
0.977337
0.980526
0.981574
0.986975
0.989827
0.996667
1.00136
1.01008
1.01569
1.02623
1.03301
1.04496
1.05178
1.06464
1.0704
1.08365
1.08793
1.1001
1.10303
1.11323
1.11394
1.12164
1.12028
1.12496
1.12121
1.12236
1.11604
1.11289
1.10413
1.09658
1.08506
1.07278
1.05823
1.04194
1.02466
1.00493
0.987554
0.961189
0.96597
0.970536
0.970492
0.975044
0.976273
0.98254
0.98525
0.993483
0.997803
1.00833
1.01405
1.02636
1.03308
1.04696
1.05367
1.0684
1.07399
1.08848
1.09308
1.10637
1.1095
1.12047
1.12209
1.1303
1.13024
1.1351
1.13345
1.13442
1.13124
1.12808
1.12281
1.11503
1.10722
1.09438
1.08385
1.06606
1.05332
1.03006
1.01884
0.988625
0.966147
0.972092
0.972605
0.977941
0.979539
0.986824
0.990175
0.999316
1.0045
1.01566
1.02247
1.03562
1.04315
1.05785
1.06492
1.08044
1.08619
1.10125
1.1065
1.11937
1.12384
1.13416
1.13783
1.14489
1.14759
1.15142
1.15276
1.15361
1.15332
1.15075
1.1482
1.14186
1.13694
1.12596
1.11866
1.10145
1.09424
1.06984
1.0609
1.0343
0.955441
0.962254
0.96335
0.969584
0.972473
0.980525
0.985727
0.995721
1.00277
1.01473
1.02292
1.03761
1.04597
1.06245
1.07025
1.08653
1.09423
1.10883
1.11624
1.12815
1.1349
1.14375
1.14994
1.15509
1.16069
1.16238
1.16767
1.16592
1.17113
1.16615
1.17017
1.16168
1.16467
1.15067
1.15164
1.13298
1.13004
1.10726
1.1017
1.0736
0.960114
0.964949
0.969312
0.973026
0.978651
0.985579
0.992877
1.00382
1.01284
1.02622
1.03635
1.05191
1.06199
1.07818
1.08944
1.10364
1.11459
1.12751
1.13656
1.14802
1.15518
1.16409
1.17064
1.17587
1.18297
1.18404
1.1925
1.18951
1.19968
1.19305
1.20205
1.19562
1.20005
1.19084
1.19511
1.18013
1.18072
1.16186
1.1597
1.13549
0.945555
0.953605
0.958192
0.966064
0.971721
0.982005
0.989765
1.00251
1.01359
1.02644
1.04161
1.05375
1.07074
1.0826
1.09997
1.10986
1.12732
1.13425
1.15106
1.1544
1.1702
1.17099
1.18504
1.18409
1.19718
1.19459
1.20747
1.20406
1.21678
1.2124
1.22565
1.21887
1.23183
1.22397
1.23425
1.22333
1.23028
1.21595
1.21917
1.19926
0.947311
0.953705
0.96054
0.966173
0.977997
0.986162
1.00466
1.01444
1.03497
1.04619
1.06795
1.07926
1.10096
1.11153
1.13358
1.14151
1.16275
1.16779
1.1867
1.18905
1.20517
1.2055
1.21932
1.21825
1.23059
1.22894
1.24112
1.23914
1.25228
1.24975
1.26397
1.26104
1.27598
1.27173
1.28645
1.2814
1.29405
1.28696
1.29749
1.28514
0.933714
0.942685
0.956293
0.965849
0.980418
0.990044
1.00812
1.0197
1.04161
1.0556
1.07801
1.09321
1.11426
1.12924
1.14952
1.16097
1.17938
1.18761
1.20253
1.20755
1.21949
1.2214
1.23121
1.23165
1.24017
1.24043
1.24972
1.24986
1.26149
1.26169
1.27483
1.2764
1.29116
1.29316
1.30984
1.31114
1.32926
1.32984
1.34836
1.34635
0.927386
0.940586
0.954532
0.97409
0.991842
1.01508
1.03663
1.06084
1.08081
1.1046
1.12307
1.14542
1.16216
1.18209
1.19683
1.21299
1.22461
1.23651
1.24448
1.25208
1.25642
1.26109
1.26197
1.26559
1.26511
1.26912
1.27029
1.27526
1.27939
1.28746
1.29257
1.3023
1.31084
1.31892
1.32988
1.33703
1.35008
1.36103
1.36849
1.38576
0.93392
0.956219
0.976663
0.997797
1.01724
1.03975
1.06002
1.08544
1.10685
1.13367
1.15475
1.1802
1.19903
1.22063
1.23617
1.25283
1.26439
1.27536
1.28207
1.28801
1.28976
1.29206
1.28917
1.28924
1.28466
1.28449
1.28219
1.28322
1.28426
1.28863
1.28852
1.29862
1.3041
1.31128
1.31256
1.31315
1.30822
1.30099
1.28276
1.29111
0.958829
0.993969
1.03275
1.06984
1.10616
1.14215
1.17569
1.20997
1.2402
1.27016
1.29621
1.32053
1.34133
1.35887
1.37423
1.38416
1.39303
1.39472
1.39534
1.38882
1.38004
1.36838
1.35157
1.33488
1.31337
1.29451
1.27344
1.25492
1.23867
1.2214
1.21184
1.19321
1.17329
1.14715
1.09868
1.03481
0.938431
0.862447
0.749762
0.694317
1.11164
1.14742
1.18288
1.21845
1.25325
1.28585
1.31538
1.34091
1.36155
1.37868
1.39062
1.401
1.40779
1.41422
1.41515
1.41359
1.40414
1.39137
1.37019
1.34598
1.31448
1.27916
1.23764
1.19034
1.13843
1.08035
1.02167
0.957854
0.897558
0.834616
0.77918
0.719754
0.658653
0.556426
0.291216
0.108385
0.143788
0.239306
0.277139
0.320209
1.07339
1.07497
1.07882
1.08415
1.08909
1.0835
1.05895
0.997183
0.925397
0.89284
0.860393
0.797663
0.90007
0.965487
0.976631
0.984744
0.995578
1.00027
1.00562
1.00854
1.01055
1.01224
1.0127
1.01351
1.01341
1.01388
1.01358
1.01365
1.01332
1.01322
1.01308
1.0129
1.01267
1.01228
1.01188
1.01154
1.01106
1.01089
1.01109
1.01274
1.07831
1.08044
1.08523
1.09301
1.10046
1.09521
1.06748
0.994113
0.918494
0.882148
0.843153
0.776406
0.878365
0.954952
0.971968
0.981818
0.993765
0.999147
1.00506
1.00855
1.01061
1.01275
1.01307
1.01417
1.01387
1.01448
1.01418
1.01426
1.01386
1.01368
1.01347
1.01338
1.01322
1.01296
1.01248
1.01207
1.01161
1.01125
1.01071
1.00825
1.08308
1.08594
1.09408
1.10404
1.11497
1.11422
1.08312
0.997904
0.912775
0.870404
0.826354
0.75884
0.868097
0.944429
0.965922
0.979689
0.992583
0.999013
1.00506
1.00894
1.01112
1.01339
1.01369
1.01491
1.0145
1.01518
1.01476
1.01492
1.01446
1.01428
1.01403
1.01392
1.01378
1.01348
1.01303
1.01248
1.01215
1.01182
1.01211
1.01375
1.08517
1.0918
1.10237
1.11578
1.1305
1.13435
1.09792
0.994307
0.899099
0.850216
0.797927
0.735026
0.851334
0.935388
0.961486
0.977604
0.991039
0.998236
1.00452
1.00888
1.01118
1.01383
1.01415
1.01551
1.01508
1.01583
1.01533
1.01553
1.01493
1.01476
1.01435
1.01425
1.01409
1.01384
1.01346
1.01284
1.01253
1.01195
1.01148
1.00937
1.09137
1.10042
1.11331
1.12875
1.15031
1.16335
1.11828
0.992426
0.882486
0.825468
0.767654
0.719079
0.844522
0.92615
0.956015
0.976534
0.990125
0.998697
1.0048
1.00949
1.01189
1.0146
1.01489
1.01627
1.0158
1.01654
1.01603
1.01626
1.01567
1.01547
1.01484
1.01459
1.01441
1.0141
1.0139
1.01338
1.01328
1.01276
1.01281
1.01355
1.09503
1.10698
1.12335
1.14353
1.17485
1.19696
1.13684
0.979074
0.852711
0.787315
0.729152
0.699158
0.835377
0.91938
0.953323
0.975838
0.989265
0.998941
1.00472
1.00978
1.01216
1.01502
1.01546
1.01681
1.0165
1.01734
1.01689
1.01719
1.01654
1.01632
1.01564
1.01525
1.01496
1.01467
1.01443
1.01379
1.01357
1.01291
1.01265
1.01099
1.10203
1.11947
1.13618
1.16179
1.21171
1.24409
1.14506
0.957052
0.813567
0.741453
0.690862
0.693128
0.834488
0.912633
0.950515
0.976081
0.989236
1.00042
1.00542
1.01088
1.01302
1.01584
1.01627
1.01768
1.01737
1.01814
1.0178
1.01812
1.01759
1.01739
1.01675
1.01626
1.01584
1.01549
1.01519
1.01467
1.01426
1.01376
1.01362
1.01362
1.10742
1.1267
1.1453
1.18382
1.25779
1.28234
1.14227
0.914522
0.756443
0.682435
0.65799
0.686796
0.83469
0.910375
0.950861
0.977111
0.990006
1.00152
1.00612
1.0118
1.01353
1.01648
1.01671
1.0181
1.01778
1.01849
1.01829
1.01869
1.01831
1.01816
1.01753
1.01699
1.0164
1.01591
1.01533
1.015
1.01454
1.01401
1.01383
1.01272
1.11494
1.14092
1.15767
1.21415
1.31471
1.30899
1.12332
0.85145
0.688842
0.625636
0.634334
0.699217
0.841733
0.910102
0.951796
0.979859
0.992117
1.00409
1.00824
1.01373
1.01514
1.01774
1.01787
1.01903
1.01856
1.01906
1.01885
1.01916
1.01883
1.01863
1.01804
1.0176
1.01691
1.01667
1.01598
1.0159
1.01533
1.01497
1.01451
1.01414
1.1227
1.14701
1.16949
1.25498
1.37417
1.32009
1.07336
0.763716
0.611258
0.582595
0.630926
0.713843
0.850011
0.915308
0.957005
0.983742
0.995176
1.00674
1.0105
1.01578
1.01692
1.01925
1.01921
1.02022
1.0197
1.02
1.01975
1.01984
1.01963
1.01931
1.01878
1.01842
1.01758
1.01743
1.01647
1.01658
1.01571
1.0156
1.0151
1.0145
1.13017
1.15846
1.18925
1.30898
1.41392
1.31465
0.992341
0.669672
0.554437
0.576172
0.646788
0.746254
0.863711
0.92308
0.96471
0.989462
1.00005
1.01094
1.01414
1.01886
1.01978
1.02172
1.02151
1.02224
1.02162
1.02145
1.02134
1.02099
1.02097
1.02052
1.02016
1.01987
1.0191
1.01892
1.01791
1.01785
1.01684
1.01669
1.01569
1.01534
1.1399
1.16051
1.2058
1.35682
1.43158
1.28577
0.894474
0.601038
0.546395
0.608462
0.684254
0.774786
0.880704
0.937666
0.976591
0.996808
1.00619
1.01512
1.01747
1.0214
1.02218
1.02367
1.02336
1.02377
1.02323
1.02258
1.02263
1.02178
1.02216
1.02137
1.0212
1.02056
1.01984
1.01935
1.01855
1.01824
1.0174
1.01725
1.01656
1.01624
1.14208
1.16924
1.23269
1.39228
1.43022
1.25614
0.840504
0.618646
0.612087
0.667812
0.732195
0.81707
0.904106
0.955888
0.991994
1.00753
1.01499
1.02139
1.02239
1.025
1.02524
1.02607
1.02534
1.02539
1.02492
1.02357
1.02392
1.02236
1.02309
1.02188
1.02219
1.02126
1.0209
1.02008
1.01965
1.01882
1.01823
1.01791
1.01738
1.01674
1.14562
1.17172
1.24777
1.39604
1.40196
1.23408
0.885028
0.727363
0.711469
0.739333
0.775814
0.855185
0.931068
0.98234
1.01156
1.02182
1.02567
1.02929
1.02832
1.02904
1.02868
1.02883
1.02774
1.02734
1.02697
1.02504
1.02548
1.0233
1.02408
1.02244
1.02301
1.02155
1.02158
1.02045
1.02034
1.01924
1.01907
1.01823
1.01806
1.01771
1.13841
1.17301
1.25928
1.35328
1.34763
1.23094
0.976405
0.856336
0.802374
0.797951
0.821942
0.902614
0.961858
1.01436
1.03356
1.04192
1.03887
1.04078
1.03652
1.03531
1.03377
1.03311
1.03137
1.03064
1.03
1.02764
1.02778
1.02535
1.02586
1.02407
1.02454
1.02307
1.02332
1.022
1.022
1.02069
1.02066
1.01925
1.01905
1.01822
1.13262
1.16135
1.23294
1.2632
1.28285
1.19904
1.00535
0.913653
0.838514
0.83614
0.867735
0.947152
0.996059
1.05341
1.05904
1.06671
1.05383
1.05439
1.04575
1.04286
1.03925
1.03807
1.03499
1.03422
1.03303
1.03087
1.03016
1.02801
1.02769
1.02594
1.02584
1.02438
1.02443
1.02324
1.02317
1.02202
1.02187
1.02036
1.0199
1.01932
1.11421
1.14302
1.17171
1.17218
1.19736
1.13687
0.995367
0.923895
0.847305
0.865075
0.917418
0.99354
1.03713
1.09523
1.09033
1.0959
1.07209
1.07049
1.05668
1.05205
1.04546
1.04401
1.03879
1.03824
1.03584
1.03424
1.03244
1.0311
1.02958
1.02859
1.02749
1.02661
1.02594
1.02478
1.02434
1.02324
1.02298
1.02177
1.02125
1.0203
1.09247
1.10983
1.07406
1.07246
1.08899
1.04945
0.956241
0.894705
0.832752
0.874306
0.92935
1.03098
1.08959
1.13942
1.1288
1.12605
1.09451
1.08733
1.06975
1.06212
1.05246
1.05064
1.04275
1.04229
1.03817
1.03725
1.03411
1.03359
1.03059
1.03041
1.02805
1.02789
1.02636
1.02599
1.02492
1.02426
1.02359
1.0227
1.02214
1.02156
1.05811
1.05714
0.986521
0.96414
0.977054
0.943107
0.886052
0.832897
0.80873
0.866077
0.926102
1.04125
1.12873
1.19077
1.17355
1.16257
1.12087
1.1072
1.08586
1.07397
1.06133
1.05837
1.04825
1.04701
1.04148
1.04047
1.03659
1.03634
1.03297
1.03287
1.02999
1.02992
1.0277
1.02759
1.02609
1.02591
1.02466
1.02428
1.02323
1.0229
1.02371
0.992456
0.898412
0.847109
0.853156
0.826479
0.794792
0.762986
0.761556
0.82524
0.898137
1.03689
1.15253
1.24696
1.22489
1.20654
1.15201
1.12893
1.1055
1.08748
1.07223
1.06763
1.05592
1.0532
1.04715
1.0445
1.04105
1.03938
1.03656
1.03568
1.03307
1.03243
1.03025
1.02968
1.02789
1.02743
1.0259
1.02566
1.02438
1.02434
0.982296
0.935077
0.833751
0.753019
0.736694
0.71845
0.704928
0.688255
0.687285
0.746692
0.837661
0.99707
1.15173
1.27642
1.28596
1.25524
1.19076
1.1502
1.12871
1.10243
1.08552
1.07782
1.06598
1.06036
1.05519
1.04972
1.04773
1.04372
1.04202
1.0396
1.03767
1.03576
1.03409
1.03243
1.03116
1.02985
1.0284
1.02739
1.02624
1.02584
0.943784
0.893157
0.789854
0.694421
0.650791
0.640472
0.634838
0.61611
0.604995
0.647788
0.746329
0.907291
1.11224
1.28081
1.33643
1.30676
1.23413
1.17155
1.15074
1.11735
1.09795
1.08575
1.07557
1.06581
1.0614
1.0537
1.05194
1.04657
1.04552
1.04167
1.04088
1.03767
1.03694
1.03419
1.03365
1.03163
1.03089
1.02905
1.02816
1.02729
0.909612
0.863806
0.777442
0.690323
0.627836
0.616872
0.609503
0.589666
0.563655
0.586369
0.661112
0.796824
1.03077
1.25337
1.34948
1.35886
1.28129
1.20056
1.16879
1.13491
1.10972
1.09464
1.08291
1.07216
1.06646
1.05873
1.05566
1.0503
1.04837
1.0446
1.04342
1.04045
1.03958
1.03683
1.03608
1.03368
1.03308
1.0311
1.03061
1.02945
0.891
0.847454
0.783628
0.717545
0.662655
0.655815
0.652039
0.639419
0.619341
0.637884
0.677232
0.765225
0.952852
1.18788
1.33344
1.3777
1.33319
1.23267
1.18578
1.1564
1.12416
1.10825
1.09265
1.08228
1.07332
1.06619
1.06022
1.05581
1.0516
1.04872
1.04571
1.04354
1.04147
1.03946
1.03805
1.03591
1.03483
1.03309
1.03214
1.03116
0.883121
0.840492
0.795416
0.762991
0.723619
0.714628
0.725837
0.737902
0.746424
0.785443
0.82862
0.895364
0.98848
1.09583
1.24468
1.34282
1.35781
1.26366
1.20149
1.17301
1.14205
1.12234
1.10643
1.09476
1.08387
1.07735
1.06884
1.06494
1.05845
1.05598
1.051
1.0489
1.04548
1.04361
1.04112
1.03961
1.03768
1.0365
1.03472
1.03432
0.884779
0.849216
0.82096
0.801778
0.78358
0.775297
0.788547
0.811875
0.837651
0.882578
0.93328
0.996624
1.04024
1.07419
1.10555
1.23101
1.30414
1.28361
1.20734
1.17553
1.1525
1.12841
1.11573
1.10312
1.09289
1.08595
1.07796
1.07298
1.06716
1.06344
1.05874
1.05555
1.05211
1.04907
1.04647
1.04401
1.04163
1.03993
1.03793
1.03699
0.897468
0.868887
0.851942
0.840519
0.836508
0.833878
0.846677
0.871272
0.898841
0.935525
0.979856
1.02052
1.0444
1.05568
1.04124
1.05169
1.18517
1.25189
1.20058
1.16434
1.1504
1.12966
1.11704
1.10756
1.09712
1.09117
1.08394
1.07879
1.0742
1.0695
1.06626
1.06181
1.05928
1.05543
1.05319
1.04971
1.04784
1.04489
1.04341
1.04171
0.917528
0.896567
0.898163
0.893942
0.891489
0.891387
0.905591
0.930701
0.951964
0.976028
1.01199
1.02527
1.02195
1.01169
0.975598
0.933575
1.00765
1.14787
1.18019
1.14347
1.13743
1.12516
1.11224
1.10685
1.09684
1.09202
1.08605
1.08038
1.07731
1.0724
1.07007
1.06577
1.06334
1.05965
1.05707
1.05365
1.05139
1.04853
1.04694
1.04543
0.950628
0.937915
0.934512
0.943589
0.953793
0.957658
0.969848
0.994841
1.01522
1.04465
1.03876
1.02032
0.985135
0.946805
0.899872
0.822855
0.81445
0.99284
1.10284
1.11002
1.10923
1.11611
1.10601
1.10371
1.09771
1.09197
1.08866
1.08223
1.07981
1.07487
1.07279
1.0689
1.06614
1.06394
1.06077
1.05884
1.05603
1.0539
1.05164
1.04989
0.983538
0.980227
0.984931
0.998738
1.01697
1.0328
1.04738
1.05957
1.08985
1.09555
1.05379
1.00463
0.935654
0.859555
0.797036
0.713175
0.656985
0.797117
0.981852
1.04874
1.06114
1.08829
1.09037
1.09407
1.09667
1.09217
1.09267
1.08768
1.08659
1.08165
1.07949
1.07508
1.07162
1.06809
1.06485
1.06283
1.05985
1.0584
1.05618
1.05546
1.0308
1.03401
1.04377
1.05932
1.08037
1.10234
1.12495
1.134
1.15323
1.11298
1.04801
0.954841
0.855712
0.746444
0.659069
0.586407
0.521574
0.617715
0.849307
0.943193
0.994059
1.03578
1.06138
1.07045
1.08437
1.08488
1.09012
1.08734
1.08795
1.08563
1.08404
1.08216
1.07995
1.07754
1.07335
1.07002
1.066
1.06299
1.06049
1.05932
1.07829
1.08182
1.09978
1.12984
1.1629
1.18576
1.19493
1.21505
1.177
1.10587
1.00423
0.861401
0.718764
0.590577
0.48659
0.4255
0.397625
0.466387
0.71937
0.840124
0.90824
0.969536
1.00671
1.03167
1.05263
1.06344
1.07394
1.07752
1.08067
1.08272
1.08216
1.0823
1.08162
1.08121
1.07996
1.07815
1.07546
1.07266
1.07019
1.06878
1.14058
1.1592
1.18542
1.21285
1.23813
1.25926
1.27656
1.2556
1.17793
1.05031
0.884391
0.703235
0.518007
0.376245
0.288151
0.274864
0.324863
0.40454
0.619939
0.746807
0.817808
0.900861
0.941458
0.986688
1.01013
1.02949
1.04774
1.05709
1.06535
1.07176
1.0755
1.07852
1.07987
1.08062
1.08082
1.08058
1.07988
1.07887
1.0772
1.0758
1.21253
1.23924
1.26519
1.29879
1.32643
1.33594
1.31465
1.23984
1.10213
0.910248
0.669535
0.449185
0.255484
0.151708
0.205181
0.290844
0.363765
0.4202
0.567256
0.673186
0.75404
0.841191
0.88269
0.939057
0.971483
0.996052
1.02171
1.03576
1.05167
1.05922
1.06816
1.07327
1.0764
1.07917
1.08005
1.08119
1.08125
1.08113
1.08076
1.08111
1.30724
1.33288
1.36871
1.38414
1.39518
1.36902
1.29116
1.1251
0.88908
0.623487
0.346648
0.131154
0.192718
0.319411
0.421065
0.459045
0.463732
0.456458
0.561074
0.643891
0.720834
0.801651
0.850758
0.910998
0.94609
0.978983
1.00653
1.02158
1.04036
1.05103
1.05939
1.06879
1.07272
1.07827
1.07971
1.08291
1.08341
1.08467
1.08488
1.08481
1.37414
1.39512
1.40944
1.40249
1.36356
1.26374
1.07604
0.842397
0.567955
0.314293
0.272624
0.411544
0.564576
0.642986
0.691208
0.653675
0.581603
0.558933
0.625784
0.668244
0.733696
0.792728
0.837689
0.896164
0.921315
0.960726
0.984413
1.00298
1.02357
1.03553
1.04797
1.05824
1.06406
1.07337
1.07429
1.08007
1.08123
1.08459
1.08802
1.08818
1.38781
1.37617
1.33418
1.23283
1.03908
0.794084
0.583891
0.46534
0.478496
0.577967
0.737688
0.840439
0.895547
0.910187
0.86064
0.737866
0.669423
0.651973
0.672788
0.696794
0.73499
0.784345
0.820077
0.864671
0.892964
0.926828
0.953386
0.978851
1.00316
1.01863
1.0373
1.04868
1.06237
1.07447
1.08426
1.09293
1.1022
1.10393
1.10924
1.11194
1.21647
1.10797
0.879307
0.586016
0.421385
0.466949
0.531901
0.577721
0.6567
0.756957
0.822015
0.859479
0.873093
0.862239
0.784501
0.684586
0.631807
0.61207
0.613273
0.631729
0.675252
0.723787
0.779337
0.829942
0.874151
0.912154
0.944492
0.974583
0.997362
1.02339
1.04073
1.05984
1.06997
1.08125
1.08654
1.09215
1.09753
1.10203
1.11196
1.12136
0.540376
0.279322
0.0635197
0.116709
0.25638
0.295822
0.351569
0.41435
0.48213
0.566778
0.621479
0.645247
0.65038
0.623051
0.49473
0.344627
0.320468
0.366338
0.42044
0.478421
0.543642
0.624811
0.729831
0.839383
0.931189
0.973428
0.999876
1.03821
1.05167
1.07676
1.08551
1.10835
1.12503
1.14507
1.16465
1.18185
1.2006
1.20926
1.21743
1.21838
0.346757
0.382752
0.394899
0.416127
0.443527
0.465792
0.481868
0.493487
0.488454
0.471011
0.457087
0.437015
0.418341
0.411059
0.389602
0.359495
0.329291
0.313252
0.309688
0.32061
0.346644
0.388074
0.441781
0.499569
0.540838
0.139508
0.499814
0.588335
0.600017
0.654499
0.69618
0.740271
0.797882
0.837207
0.895791
0.929549
0.983311
1.02369
1.08625
1.1441
1.01933
1.01931
1.01934
1.01866
1.01829
1.01654
1.01498
1.01177
1.00823
1.00282
0.996818
0.989366
0.983552
0.980135
0.98144
0.987177
0.997075
1.00728
1.01399
1.01414
1.01344
1.01217
1.01155
1.01124
1.01097
1.01067
1.01033
1.00999
1.00962
1.00923
1.00882
1.00839
1.00793
1.00746
1.007
1.00659
1.00618
1.00575
1.00532
1.00505
1.00208
1.00293
1.00278
1.00404
1.00453
1.00656
1.00801
1.0112
1.01389
1.0181
1.02147
1.02554
1.02694
1.02772
1.02738
1.02456
1.01891
1.01378
1.01193
1.0119
1.01228
1.01269
1.01285
1.01278
1.01254
1.01212
1.01168
1.01123
1.01073
1.01022
1.00975
1.00923
1.00862
1.00804
1.00751
1.00699
1.00658
1.00614
1.00565
1.00534
1.0184
1.01835
1.01805
1.01727
1.01642
1.01471
1.01301
1.01014
1.00767
1.00425
1.00259
1.00253
1.00486
1.00712
1.0096
1.01086
1.01171
1.01177
1.01193
1.01229
1.01259
1.01282
1.01288
1.01281
1.01259
1.01228
1.01185
1.01147
1.01103
1.01064
1.01018
1.00973
1.00913
1.00859
1.008
1.00755
1.00717
1.00675
1.00637
1.00604
1.00554
1.00698
1.008
1.00981
1.0115
1.01409
1.01647
1.01985
1.02243
1.02576
1.02703
1.0278
1.02793
1.02735
1.02515
1.02197
1.01877
1.01596
1.01449
1.01412
1.01411
1.01393
1.01366
1.01337
1.01301
1.01262
1.01222
1.01179
1.01137
1.01093
1.01042
1.00994
1.00936
1.00874
1.00817
1.00764
1.00727
1.00686
1.00642
1.00615
1.01633
1.01608
1.01535
1.01449
1.0133
1.01194
1.01056
1.00911
1.00829
1.00821
1.00932
1.0104
1.01163
1.01224
1.01266
1.01299
1.01327
1.01326
1.01336
1.01347
1.01346
1.01344
1.01339
1.01333
1.01308
1.01269
1.01226
1.01201
1.01174
1.01141
1.01088
1.01042
1.00987
1.00933
1.00876
1.00824
1.00787
1.00749
1.00702
1.00669
1.0091
1.0111
1.01214
1.01411
1.0155
1.01752
1.01909
1.02101
1.02238
1.02359
1.02401
1.02421
1.02398
1.02315
1.02191
1.02048
1.01907
1.01781
1.01672
1.0158
1.01511
1.01473
1.0145
1.01429
1.01381
1.0132
1.01267
1.01225
1.01195
1.01147
1.01093
1.01056
1.00998
1.00933
1.00873
1.00829
1.00791
1.00744
1.00708
1.00675
1.01479
1.01434
1.01364
1.01303
1.01219
1.01162
1.01105
1.01091
1.01117
1.0119
1.01275
1.01338
1.0137
1.01412
1.01442
1.01476
1.01486
1.01491
1.01471
1.01457
1.01435
1.01437
1.01422
1.01412
1.0138
1.01338
1.01297
1.01277
1.01242
1.01204
1.01157
1.0111
1.01056
1.01
1.00939
1.00899
1.00852
1.00806
1.00771
1.00737
1.01213
1.01402
1.01483
1.01641
1.01717
1.01852
1.01923
1.02027
1.02086
1.02143
1.02164
1.02171
1.02141
1.02084
1.0201
1.01937
1.01869
1.01814
1.0176
1.01678
1.01588
1.01553
1.01536
1.01501
1.01439
1.01386
1.01336
1.01296
1.01257
1.01221
1.01179
1.01119
1.01059
1.01006
1.0095
1.00902
1.00854
1.0081
1.00773
1.00738
1.01415
1.01397
1.01372
1.01368
1.01364
1.01384
1.01398
1.01435
1.01463
1.01505
1.01519
1.01544
1.01561
1.01594
1.01605
1.01617
1.01617
1.01623
1.01603
1.01576
1.01556
1.01547
1.01531
1.01506
1.01466
1.01427
1.01399
1.01369
1.01322
1.01294
1.01254
1.01198
1.01137
1.01078
1.01028
1.00978
1.00937
1.0089
1.00838
1.00811
1.0143
1.01586
1.01649
1.01756
1.01808
1.01894
1.01934
1.01989
1.0201
1.02031
1.02031
1.02035
1.0202
1.01999
1.01955
1.01918
1.0189
1.01858
1.01805
1.01729
1.0168
1.01663
1.01621
1.01558
1.01515
1.01472
1.01423
1.01392
1.01349
1.01314
1.01269
1.01218
1.01165
1.01101
1.0104
1.00987
1.00946
1.00897
1.00846
1.00817
1.01489
1.01521
1.01532
1.0156
1.01572
1.016
1.01615
1.0164
1.01652
1.01676
1.01701
1.01736
1.01756
1.01765
1.01758
1.01755
1.01759
1.01761
1.01739
1.01713
1.017
1.01683
1.01652
1.01615
1.01579
1.01551
1.01517
1.01464
1.01434
1.01406
1.01353
1.013
1.01251
1.01189
1.01129
1.01083
1.01041
1.00986
1.00935
1.00904
1.01611
1.01743
1.01792
1.01863
1.01893
1.0193
1.01945
1.01968
1.01973
1.01991
1.02006
1.0203
1.02019
1.01993
1.01964
1.01965
1.01953
1.01928
1.01867
1.01822
1.01793
1.01765
1.01706
1.01658
1.01623
1.01584
1.01548
1.01501
1.01458
1.01427
1.01384
1.0133
1.01275
1.01209
1.01143
1.01096
1.01053
1.00994
1.00935
1.00905
1.01649
1.01707
1.01726
1.01759
1.01773
1.01793
1.01804
1.01823
1.01841
1.01867
1.01892
1.01913
1.01921
1.01919
1.01914
1.01916
1.01918
1.01912
1.0189
1.01873
1.01857
1.01826
1.01788
1.01757
1.01716
1.01678
1.01641
1.01599
1.01563
1.01522
1.01474
1.01428
1.0137
1.01308
1.01242
1.01194
1.01156
1.011
1.01043
1.01007
1.01762
1.01871
1.01909
1.01964
1.01984
1.02019
1.02031
1.02056
1.02062
1.02086
1.0209
1.02104
1.0208
1.02076
1.02065
1.02078
1.02051
1.02021
1.01975
1.01952
1.01908
1.01873
1.01824
1.01798
1.01757
1.01718
1.01674
1.0164
1.016
1.0156
1.01508
1.0146
1.01403
1.01333
1.01263
1.01215
1.01175
1.01116
1.01051
1.01014
1.01817
1.01878
1.01903
1.01949
1.01975
1.02012
1.02034
1.0206
1.02079
1.02097
1.02103
1.02108
1.021
1.02103
1.02105
1.02113
1.02103
1.02091
1.02066
1.02047
1.02021
1.01988
1.01948
1.0191
1.01862
1.01823
1.01788
1.01754
1.01708
1.01663
1.01625
1.01578
1.01518
1.01442
1.01375
1.01331
1.01292
1.01232
1.01172
1.01137
1.01935
1.02027
1.02056
1.02112
1.02133
1.02177
1.02193
1.02226
1.02228
1.02251
1.02239
1.02245
1.0222
1.02232
1.02219
1.02223
1.02185
1.02166
1.0213
1.02108
1.02066
1.02041
1.02
1.01971
1.01916
1.01879
1.01836
1.01809
1.01752
1.01706
1.01658
1.01623
1.0155
1.01476
1.014
1.01362
1.01312
1.01256
1.0119
1.01157
1.02011
1.02087
1.02114
1.02169
1.02199
1.02244
1.02268
1.02303
1.02313
1.02335
1.02327
1.02338
1.02324
1.02338
1.02325
1.02325
1.023
1.02296
1.0227
1.0225
1.022
1.02168
1.02128
1.02101
1.02046
1.0201
1.01961
1.0194
1.01884
1.0184
1.01791
1.01756
1.01685
1.01605
1.01533
1.0149
1.01437
1.01385
1.01324
1.01283
1.02156
1.02218
1.02259
1.0231
1.02337
1.02377
1.02385
1.02419
1.02428
1.0245
1.02438
1.02444
1.02425
1.02437
1.02412
1.02407
1.02376
1.0237
1.02344
1.02318
1.02275
1.02242
1.02203
1.02169
1.0212
1.02074
1.02019
1.01993
1.01941
1.01899
1.01834
1.01799
1.01721
1.01649
1.0157
1.01524
1.01461
1.0142
1.0136
1.01331
1.02263
1.02343
1.02377
1.02431
1.0246
1.02504
1.02519
1.02562
1.02576
1.02602
1.02591
1.02603
1.02588
1.02603
1.02583
1.02583
1.02551
1.02542
1.02499
1.02475
1.02432
1.02409
1.0236
1.0232
1.02271
1.02225
1.02176
1.02148
1.02105
1.02053
1.01983
1.01941
1.01863
1.01795
1.01721
1.01672
1.016
1.0155
1.01479
1.01437
1.02399
1.02482
1.02519
1.02568
1.02586
1.02628
1.02638
1.02686
1.02681
1.02699
1.02681
1.02695
1.02696
1.02703
1.0268
1.02672
1.0265
1.02636
1.02592
1.02564
1.02528
1.02503
1.02448
1.02407
1.02351
1.02301
1.02249
1.02218
1.02177
1.02121
1.02054
1.01995
1.01906
1.01843
1.01782
1.01731
1.01658
1.01612
1.01566
1.01541
1.02553
1.02666
1.02689
1.02759
1.02774
1.02832
1.02843
1.02889
1.02869
1.02895
1.02877
1.02913
1.02906
1.02911
1.02882
1.02877
1.0285
1.02836
1.02791
1.02767
1.02731
1.02701
1.02646
1.02606
1.0254
1.02491
1.02439
1.02408
1.0236
1.02306
1.02235
1.02155
1.02064
1.02007
1.01941
1.01874
1.01779
1.01712
1.01635
1.01598
1.02687
1.02806
1.02825
1.02898
1.02905
1.02966
1.0297
1.03007
1.02984
1.03024
1.03011
1.0305
1.03022
1.03033
1.03014
1.03011
1.02972
1.0295
1.02908
1.02882
1.02838
1.02802
1.02757
1.02695
1.02625
1.02578
1.02533
1.02495
1.02448
1.02403
1.02327
1.02234
1.02146
1.02094
1.02041
1.01998
1.01923
1.0187
1.01807
1.01773
1.02933
1.03028
1.03056
1.03124
1.03143
1.03216
1.0321
1.03249
1.03235
1.03289
1.03272
1.03301
1.03267
1.03297
1.03269
1.03266
1.03221
1.0321
1.03169
1.03136
1.03082
1.03056
1.03003
1.02931
1.0286
1.02809
1.02763
1.02712
1.02665
1.02606
1.02516
1.0241
1.02309
1.02228
1.02155
1.02088
1.01993
1.01916
1.01847
1.01819
1.03087
1.03187
1.03211
1.03295
1.03325
1.0338
1.0337
1.03414
1.03411
1.03464
1.0344
1.03465
1.03439
1.03459
1.0342
1.03422
1.03374
1.0337
1.03314
1.03281
1.03224
1.03196
1.03132
1.03068
1.02995
1.0295
1.02902
1.02856
1.02811
1.0275
1.02676
1.02583
1.02503
1.02424
1.02369
1.02306
1.02234
1.02156
1.02064
1.02015
1.03369
1.03525
1.03532
1.03651
1.03639
1.03701
1.03694
1.03748
1.03743
1.03784
1.03753
1.03787
1.03745
1.03765
1.03732
1.03736
1.03685
1.03667
1.03602
1.03565
1.03495
1.0346
1.03392
1.03327
1.03236
1.03184
1.03122
1.03073
1.02997
1.0292
1.02807
1.02696
1.02594
1.02501
1.02426
1.02346
1.02271
1.02195
1.02138
1.02095
1.03616
1.03805
1.03793
1.03895
1.03857
1.03953
1.03929
1.04006
1.03979
1.04034
1.04
1.04022
1.03975
1.04009
1.03976
1.03986
1.03922
1.03912
1.0385
1.03819
1.03756
1.03731
1.03659
1.03584
1.03503
1.03446
1.03396
1.03349
1.0329
1.03211
1.03111
1.03022
1.02908
1.0282
1.0273
1.02653
1.02548
1.02448
1.02375
1.02317
1.04113
1.0427
1.04227
1.04321
1.04284
1.04371
1.04322
1.04396
1.04347
1.04409
1.04345
1.04385
1.04322
1.0436
1.04299
1.04291
1.04218
1.04191
1.04122
1.041
1.04032
1.03992
1.03897
1.03829
1.03731
1.03661
1.03585
1.03518
1.03433
1.03322
1.03217
1.03086
1.02988
1.0289
1.02796
1.02711
1.0261
1.02526
1.0244
1.02405
1.04475
1.04612
1.04565
1.0468
1.04635
1.04738
1.04687
1.04762
1.04703
1.04774
1.04715
1.04778
1.04715
1.04774
1.04688
1.04716
1.04616
1.04625
1.04555
1.04544
1.04462
1.04412
1.04315
1.04261
1.04169
1.0412
1.04046
1.03985
1.0389
1.03779
1.03634
1.03502
1.03405
1.03293
1.03201
1.03056
1.02957
1.0284
1.02761
1.02708
1.04898
1.0503
1.04966
1.05077
1.05026
1.05124
1.05057
1.0514
1.05067
1.05143
1.05056
1.0512
1.05026
1.05071
1.04966
1.04996
1.04885
1.04917
1.04812
1.04825
1.04691
1.04658
1.04529
1.04482
1.04368
1.04321
1.04221
1.0416
1.04025
1.03915
1.03762
1.03638
1.03502
1.03402
1.033
1.0318
1.03048
1.02916
1.02849
1.02777
1.05489
1.05602
1.05562
1.05671
1.05625
1.05725
1.05665
1.05759
1.05688
1.05778
1.0569
1.05762
1.05659
1.05717
1.05609
1.05652
1.05545
1.05582
1.05474
1.0548
1.05339
1.05313
1.05171
1.0514
1.0501
1.04974
1.04849
1.04788
1.04625
1.04496
1.0432
1.04195
1.04041
1.03927
1.03776
1.03653
1.03489
1.03366
1.03268
1.03191
1.05854
1.05982
1.05939
1.06046
1.05977
1.06082
1.06003
1.06108
1.0602
1.06119
1.06013
1.06099
1.05977
1.06051
1.05925
1.05989
1.05861
1.05915
1.0578
1.05806
1.0564
1.05635
1.0546
1.05452
1.05316
1.05296
1.05156
1.05079
1.04902
1.04776
1.04567
1.04442
1.04264
1.04146
1.03975
1.03839
1.03657
1.03526
1.03397
1.03315
1.06806
1.06914
1.06867
1.06965
1.06902
1.07013
1.06938
1.07049
1.06972
1.07066
1.06971
1.07061
1.0694
1.07026
1.06901
1.06974
1.06839
1.06895
1.06744
1.06775
1.06602
1.06613
1.06435
1.06427
1.06255
1.06226
1.06033
1.05934
1.05697
1.05553
1.05327
1.05176
1.04978
1.04828
1.0463
1.04468
1.04276
1.04121
1.0399
1.03884
1.0753
1.07529
1.07518
1.07552
1.07512
1.07587
1.07523
1.07624
1.07548
1.07652
1.07555
1.07653
1.07528
1.07623
1.07479
1.07572
1.07409
1.07492
1.07301
1.07354
1.07116
1.0713
1.06867
1.06876
1.06641
1.06648
1.06401
1.06364
1.0609
1.06018
1.05751
1.05666
1.05423
1.05316
1.05059
1.04892
1.04625
1.04449
1.0426
1.0414
1.08245
1.08193
1.08284
1.08281
1.0833
1.08414
1.0842
1.08548
1.08524
1.08659
1.08615
1.08751
1.08693
1.08844
1.08761
1.08909
1.08784
1.08908
1.08737
1.0885
1.08677
1.08784
1.08608
1.08666
1.08427
1.08413
1.08102
1.08006
1.07633
1.07492
1.07124
1.06977
1.06613
1.06432
1.06055
1.05843
1.05487
1.053
1.05054
1.04928
1.08605
1.08584
1.08785
1.08891
1.09095
1.09218
1.09401
1.09507
1.09652
1.09751
1.09839
1.0991
1.09947
1.10007
1.09991
1.10029
1.09951
1.09971
1.09825
1.09798
1.09544
1.0945
1.09138
1.09054
1.08743
1.08681
1.08354
1.08301
1.07948
1.0791
1.07547
1.07527
1.07135
1.07077
1.06639
1.06514
1.06077
1.05933
1.05599
1.05513
1.09307
1.09557
1.0997
1.10185
1.10495
1.10686
1.10987
1.1118
1.11456
1.11661
1.11906
1.12115
1.1233
1.12513
1.12699
1.12833
1.1296
1.13043
1.1313
1.13227
1.13325
1.13429
1.13457
1.13428
1.13301
1.13135
1.12881
1.12613
1.12236
1.11906
1.11419
1.11046
1.10456
1.10045
1.09387
1.08971
1.08303
1.07947
1.0736
1.07086
1.11471
1.11625
1.11974
1.12261
1.12633
1.12927
1.13266
1.13521
1.13817
1.14022
1.14248
1.14406
1.14547
1.14647
1.14708
1.14769
1.14792
1.14819
1.14749
1.14625
1.14375
1.14072
1.13692
1.1333
1.1296
1.12636
1.1228
1.11967
1.11631
1.11322
1.11007
1.10698
1.10364
1.10006
1.09569
1.09122
1.08608
1.08206
1.07822
1.07714
1.13341
1.14702
1.15806
1.17042
1.17796
1.18857
1.19529
1.20463
1.21068
1.21925
1.22438
1.23241
1.23639
1.24332
1.24587
1.25115
1.25251
1.25653
1.25761
1.26133
1.2621
1.26482
1.2644
1.26536
1.2628
1.261
1.25653
1.25231
1.24587
1.23944
1.23112
1.2228
1.21297
1.20354
1.19318
1.1837
1.17343
1.16381
1.15251
1.14055
1.223
1.22147
1.23007
1.23529
1.24688
1.25258
1.26408
1.26927
1.27928
1.28387
1.29162
1.29533
1.30039
1.30327
1.30569
1.30826
1.30909
1.31118
1.31051
1.31018
1.30694
1.30331
1.29711
1.29116
1.28225
1.27528
1.26515
1.25805
1.24733
1.24001
1.22907
1.2222
1.21173
1.20572
1.19458
1.18645
1.16998
1.15523
1.13451
1.12274
1.20154
1.23658
1.28573
1.32319
1.36699
1.40187
1.44121
1.47319
1.50872
1.53674
1.56864
1.59258
1.62018
1.63943
1.66148
1.67503
1.69063
1.69799
1.70749
1.71002
1.71506
1.71434
1.71572
1.71198
1.70923
1.70172
1.69342
1.68166
1.66796
1.65236
1.63306
1.61427
1.59063
1.56977
1.54248
1.51867
1.48821
1.46123
1.43169
1.40496
1.00487
1.00552
1.0054
1.00546
1.00554
1.00564
1.00576
1.00589
1.00602
1.00616
1.00629
1.00637
1.00642
1.00642
1.00635
1.00621
1.00592
1.0055
1.00491
1.00413
1.00316
1.00202
1.00081
0.999404
0.997743
0.996109
0.994808
0.993183
0.992184
0.991251
0.990669
0.990494
0.990686
0.991146
0.991792
0.992506
0.993182
0.993728
0.994111
0.993626
1.00516
1.00568
1.00538
1.00555
1.00567
1.00577
1.00592
1.00607
1.00623
1.00638
1.00649
1.00658
1.00663
1.00662
1.00655
1.00639
1.00612
1.00569
1.0051
1.00438
1.00344
1.00222
1.00074
0.999191
0.997694
0.996163
0.99422
0.992937
0.991478
0.990553
0.990006
0.989895
0.99007
0.990567
0.991257
0.992029
0.992767
0.993388
0.993866
0.993517
1.00581
1.00617
1.00586
1.00623
1.00628
1.00645
1.00661
1.00678
1.00695
1.00711
1.00726
1.00737
1.00743
1.00742
1.00732
1.00712
1.00676
1.00623
1.00554
1.00463
1.00357
1.00233
1.00092
0.99931
0.997455
0.995506
0.993985
0.992154
0.99103
0.990022
0.989437
0.989211
0.989462
0.990033
0.990795
0.99164
0.992451
0.993143
0.993742
0.993521
1.0059
1.00617
1.00589
1.00634
1.00636
1.00655
1.00672
1.00689
1.00706
1.00722
1.00737
1.0075
1.00754
1.00751
1.00737
1.00712
1.00674
1.00618
1.00548
1.00457
1.00341
1.00206
1.00048
0.998727
0.996976
0.995309
0.993097
0.99174
0.990155
0.989184
0.988566
0.988471
0.988759
0.989353
0.990136
0.991038
0.991929
0.992712
0.993471
0.993427
1.00647
1.00665
1.00649
1.00707
1.00695
1.00728
1.00742
1.00759
1.00779
1.00796
1.00814
1.00827
1.00834
1.00829
1.00811
1.00783
1.00739
1.00674
1.00585
1.00479
1.00351
1.00207
1.00044
0.99865
0.99667
0.994451
0.99281
0.990793
0.9896
0.988548
0.987934
0.987747
0.988054
0.988734
0.98962
0.990604
0.991571
0.992451
0.99334
0.993373
1.00652
1.00667
1.00662
1.00718
1.00703
1.00743
1.00752
1.00771
1.00789
1.00805
1.00821
1.00832
1.00837
1.0083
1.00809
1.00776
1.00727
1.00656
1.00569
1.0046
1.00332
1.00174
1
0.99807
0.99604
0.994181
0.99178
0.990316
0.988591
0.987579
0.987008
0.986828
0.987259
0.987952
0.988886
0.989932
0.990973
0.991926
0.992957
0.993186
1.0071
1.00728
1.00736
1.00783
1.00768
1.00822
1.00822
1.00844
1.00859
1.00874
1.00889
1.00902
1.00909
1.00904
1.00882
1.00844
1.00788
1.00711
1.00609
1.00486
1.00335
1.00171
0.99977
0.997738
0.995696
0.993157
0.991417
0.98923
0.987956
0.986868
0.986105
0.98617
0.986436
0.987232
0.988288
0.989454
0.990604
0.991627
0.992796
0.993135
1.00718
1.00739
1.0075
1.00788
1.00783
1.00835
1.00831
1.00858
1.00866
1.0088
1.00891
1.00901
1.00905
1.00897
1.00872
1.00827
1.00764
1.00681
1.00573
1.00445
1.003
1.00128
0.999377
0.997204
0.994768
0.992835
0.990257
0.988675
0.986755
0.985726
0.985328
0.985016
0.985537
0.986362
0.987464
0.988688
0.989938
0.991012
0.992309
0.992888
1.00787
1.00816
1.00827
1.00857
1.00863
1.00922
1.00911
1.00945
1.00946
1.00961
1.00971
1.00979
1.0098
1.00973
1.00947
1.00897
1.00826
1.00737
1.00616
1.00472
1.00295
1.00096
0.998767
0.996535
0.994486
0.991587
0.989789
0.987341
0.986053
0.984903
0.984091
0.984294
0.984611
0.985516
0.986736
0.988093
0.989488
0.990664
0.992098
0.992838
1.00798
1.00829
1.00837
1.00865
1.00878
1.00929
1.0092
1.0096
1.00954
1.0097
1.00973
1.00977
1.00974
1.00961
1.00929
1.00875
1.00806
1.00711
1.00585
1.0043
1.00256
1.00057
0.998465
0.99601
0.993168
0.991276
0.988363
0.986708
0.984614
0.983518
0.983125
0.982873
0.983525
0.984533
0.985785
0.987197
0.988714
0.989946
0.991475
0.992504
1.00884
1.00919
1.00924
1.00949
1.00975
1.01022
1.01015
1.01068
1.01055
1.01072
1.01072
1.01072
1.01066
1.01049
1.01014
1.00961
1.00878
1.00767
1.00632
1.00468
1.00263
1.00037
0.997808
0.995258
0.993052
0.989786
0.987872
0.985124
0.983811
0.982551
0.981737
0.98206
0.982543
0.983535
0.984927
0.986497
0.988187
0.989547
0.991189
0.992416
1.00893
1.00926
1.00929
1.0096
1.00986
1.01019
1.01021
1.01076
1.01052
1.01072
1.01062
1.01061
1.01047
1.01024
1.00989
1.00935
1.0086
1.00755
1.00614
1.00443
1.00237
1.00008
0.99761
0.994864
0.991545
0.989483
0.986159
0.984407
0.982103
0.980955
0.980612
0.980412
0.981192
0.982351
0.983791
0.985413
0.987246
0.988707
0.990373
0.991923
1.00994
1.01029
1.0104
1.0108
1.01099
1.01122
1.0114
1.01196
1.01165
1.01199
1.01175
1.01165
1.0114
1.01109
1.01067
1.01007
1.00916
1.00802
1.00646
1.00456
1.00224
0.999694
0.996776
0.993775
0.991388
0.987686
0.985607
0.98256
0.981106
0.979814
0.978918
0.979402
0.979968
0.981192
0.982812
0.984607
0.986628
0.988268
0.990024
0.991775
1.00996
1.0104
1.01058
1.01094
1.01101
1.01132
1.01162
1.01195
1.01175
1.01219
1.0118
1.01178
1.01148
1.0111
1.01063
1.00991
1.00901
1.0078
1.00629
1.00435
1.00196
0.999233
0.996345
0.993409
0.989517
0.987223
0.983515
0.981636
0.979128
0.977796
0.977525
0.97739
0.978395
0.979721
0.981413
0.983269
0.98542
0.987254
0.988972
0.991031
1.01114
1.01165
1.01181
1.01221
1.0122
1.01258
1.01271
1.01293
1.01282
1.01328
1.01278
1.01288
1.01245
1.01201
1.0113
1.01056
1.00948
1.00808
1.00634
1.00423
1.00162
0.998783
0.99543
0.991837
0.989207
0.985013
0.982737
0.979417
0.977819
0.976567
0.975554
0.976157
0.976858
0.978383
0.980291
0.982348
0.984702
0.986763
0.988595
0.990859
1.01135
1.0118
1.01199
1.01235
1.01249
1.01285
1.0129
1.01311
1.01323
1.01356
1.01312
1.01323
1.01266
1.01219
1.01153
1.01055
1.00936
1.00784
1.00611
1.00375
1.00103
0.997856
0.994582
0.991397
0.986946
0.984294
0.980237
0.97815
0.975483
0.97397
0.974003
0.973786
0.97498
0.97653
0.978539
0.980675
0.983143
0.985499
0.98732
0.989846
1.0125
1.01304
1.01309
1.01362
1.0136
1.01394
1.01369
1.014
1.01394
1.01426
1.01377
1.0141
1.0134
1.01305
1.01205
1.01104
1.00964
1.00794
1.00584
1.00346
1.00057
0.997329
0.993625
0.98936
0.986421
0.981738
0.979195
0.975534
0.973759
0.972488
0.9713
0.972261
0.973186
0.974994
0.977231
0.97961
0.982324
0.984925
0.986976
0.989647
1.01309
1.01345
1.01362
1.01406
1.01417
1.01441
1.01439
1.01469
1.01466
1.01469
1.01436
1.01442
1.01353
1.01306
1.0121
1.01096
1.00945
1.00758
1.00546
1.00269
0.999527
0.996011
0.992191
0.988842
0.983719
0.980721
0.976219
0.973861
0.971
0.969496
0.969562
0.969498
0.970793
0.972581
0.975004
0.977524
0.980315
0.983293
0.98547
0.988293
1.01396
1.01451
1.01451
1.01507
1.01499
1.01535
1.01516
1.01546
1.01513
1.01521
1.01485
1.01494
1.01413
1.01393
1.01277
1.01146
1.00978
1.00771
1.00524
1.00239
0.999031
0.9953
0.991267
0.986195
0.982942
0.977675
0.974839
0.970738
0.96878
0.967375
0.966337
0.967328
0.968626
0.970896
0.973469
0.976262
0.97936
0.982566
0.985097
0.988158
1.01517
1.01553
1.01555
1.01599
1.01591
1.01632
1.01618
1.01645
1.01593
1.01595
1.01541
1.01525
1.01425
1.01383
1.01227
1.01113
1.00921
1.00711
1.00447
1.00134
0.997674
0.993676
0.9891
0.985506
0.979607
0.976238
0.971162
0.968543
0.965425
0.963807
0.964006
0.964115
0.965575
0.967692
0.97061
0.973633
0.976771
0.980379
0.983161
0.986444
1.01577
1.01626
1.01628
1.01673
1.01663
1.01709
1.01696
1.01721
1.01678
1.01681
1.01618
1.01588
1.01494
1.01456
1.01311
1.01178
1.00969
1.00732
1.00436
1.00085
0.996862
0.992458
0.988105
0.982073
0.978458
0.972471
0.969353
0.96472
0.962539
0.961121
0.960043
0.961461
0.96294
0.965741
0.968833
0.972209
0.975661
0.979469
0.982696
0.986263
1.01738
1.01777
1.01767
1.01803
1.01783
1.01825
1.01787
1.01807
1.01744
1.0174
1.01663
1.01621
1.01516
1.01441
1.01253
1.01114
1.00876
1.00624
1.0031
0.999382
0.995116
0.990599
0.984907
0.98101
0.974267
0.970476
0.964695
0.961824
0.958406
0.956624
0.957041
0.957072
0.959275
0.961707
0.965069
0.968727
0.972384
0.976582
0.98013
0.983956
1.01811
1.01854
1.01855
1.01893
1.01878
1.01915
1.01882
1.01922
1.01871
1.01886
1.01782
1.0175
1.01615
1.01522
1.0132
1.01178
1.00905
1.00642
1.00275
0.998614
0.99395
0.988506
0.983862
0.976713
0.97259
0.965686
0.962218
0.957011
0.954605
0.953261
0.952151
0.954099
0.955667
0.959091
0.962981
0.966998
0.97106
0.975465
0.979519
0.983705
1.01979
1.02011
1.02002
1.02025
1.01998
1.02017
1.01976
1.01986
1.01915
1.01908
1.01802
1.01775
1.01619
1.01511
1.01292
1.01118
1.00808
1.00504
1.0011
0.996689
0.991478
0.986422
0.979354
0.974874
0.967141
0.962854
0.956293
0.953082
0.949328
0.947324
0.948107
0.948355
0.951461
0.954344
0.95804
0.962566
0.966849
0.971646
0.976083
0.980603
1.0207
1.02106
1.021
1.02143
1.02122
1.02154
1.02105
1.02125
1.02055
1.02058
1.01964
1.01902
1.01723
1.01597
1.01359
1.01155
1.00796
1.00484
1.00016
0.995209
0.989856
0.982914
0.977802
0.969421
0.964756
0.956949
0.952723
0.946858
0.944258
0.943116
0.942215
0.944423
0.94612
0.95036
0.955393
0.960291
0.965223
0.970301
0.975283
0.980315
1.02296
1.02301
1.02289
1.02315
1.02271
1.02283
1.02219
1.0221
1.02119
1.02082
1.01937
1.01876
1.0168
1.01564
1.01297
1.01055
1.00684
1.00302
0.997928
0.992786
0.985995
0.980345
0.971712
0.966737
0.957295
0.952104
0.945144
0.941445
0.937386
0.935078
0.935688
0.937209
0.941038
0.944717
0.948906
0.954471
0.959693
0.965244
0.970673
0.976155
1.02372
1.02381
1.02382
1.02404
1.02392
1.02424
1.02364
1.02369
1.02272
1.0224
1.02112
1.02026
1.01811
1.01671
1.01348
1.0108
1.00624
1.00216
0.996328
0.989975
0.983814
0.975065
0.969243
0.959198
0.9538
0.945417
0.939758
0.933198
0.930788
0.929558
0.929559
0.931222
0.934093
0.939029
0.945504
0.95159
0.957729
0.963654
0.969752
0.975875
1.02677
1.02665
1.02644
1.02634
1.02596
1.02583
1.02504
1.02473
1.02346
1.02288
1.02101
1.0198
1.01738
1.01536
1.01189
1.00867
1.00409
0.999347
0.992443
0.986678
0.977783
0.971584
0.960972
0.954739
0.94387
0.93735
0.929761
0.925388
0.920986
0.91861
0.91917
0.922038
0.926606
0.931601
0.936758
0.943622
0.950275
0.956828
0.96351
0.970453
1.02769
1.02749
1.02755
1.02756
1.02722
1.02728
1.02661
1.02653
1.02533
1.02473
1.02284
1.02169
1.01886
1.01678
1.01269
1.00923
1.00348
0.997388
0.990407
0.982277
0.974748
0.963857
0.956505
0.944945
0.937995
0.928793
0.921371
0.914456
0.911874
0.910917
0.911574
0.913836
0.918039
0.924265
0.932149
0.939924
0.947638
0.954922
0.962385
0.970547
1.03165
1.03115
1.03105
1.03049
1.02996
1.02941
1.02841
1.02781
1.02631
1.02533
1.02298
1.02102
1.01779
1.01481
1.00996
1.00539
0.998556
0.99275
0.983789
0.977054
0.965328
0.957983
0.945725
0.93739
0.925471
0.916521
0.907856
0.902431
0.898218
0.895656
0.89728
0.901154
0.906841
0.913273
0.920042
0.928794
0.937481
0.945482
0.953656
0.962922
1.03279
1.03231
1.03231
1.03186
1.03149
1.03103
1.03017
1.02964
1.02793
1.02706
1.02453
1.02293
1.01905
1.01574
1.01037
1.00511
0.998139
0.989863
0.981414
0.970241
0.960711
0.94814
0.937608
0.923978
0.914194
0.903605
0.895098
0.888827
0.884993
0.884554
0.885773
0.889654
0.89566
0.90439
0.913976
0.923522
0.933833
0.943243
0.952456
0.963488
1.03832
1.03739
1.03719
1.03625
1.03575
1.03457
1.03353
1.03193
1.03009
1.0281
1.02493
1.02196
1.01706
1.01292
1.0058
0.999804
0.989657
0.982218
0.969629
0.960726
0.946694
0.936349
0.921304
0.910383
0.896973
0.885915
0.875859
0.86853
0.865174
0.862718
0.866604
0.871459
0.879177
0.887397
0.896917
0.908411
0.919631
0.929874
0.939975
0.952831
1.04051
1.03944
1.03908
1.03817
1.03751
1.0364
1.03519
1.03375
1.03162
1.02926
1.02586
1.02229
1.01725
1.01161
1.00463
0.996256
0.987408
0.976027
0.965092
0.951334
0.93799
0.92239
0.907498
0.891855
0.878016
0.864977
0.85508
0.850146
0.845699
0.84599
0.848028
0.855046
0.863937
0.876437
0.88857
0.900308
0.914659
0.927434
0.939654
0.952788
1.0481
1.04688
1.04644
1.04505
1.04429
1.04233
1.04064
1.038
1.03496
1.0315
1.02641
1.02184
1.01398
1.00795
0.99675
0.988585
0.974095
0.963584
0.9465
0.933239
0.914554
0.899425
0.880982
0.866441
0.85011
0.837127
0.826441
0.816437
0.814737
0.81335
0.82078
0.828023
0.838836
0.850134
0.865078
0.87963
0.892893
0.907899
0.922428
0.936135
1.05321
1.05235
1.05095
1.04951
1.04778
1.04528
1.04303
1.03914
1.03589
1.03025
1.02557
1.0179
1.01114
1.00087
0.991026
0.978011
0.964835
0.949269
0.932812
0.914976
0.896066
0.87664
0.856499
0.836997
0.817835
0.802548
0.78989
0.788563
0.784376
0.787156
0.791802
0.80368
0.817902
0.83591
0.851961
0.869821
0.89012
0.903384
0.92336
0.937253
1.06693
1.0654
1.06259
1.06135
1.05752
1.05525
1.0498
1.04614
1.03899
1.03384
1.02467
1.01724
1.00489
0.994275
0.977956
0.963801
0.943555
0.926017
0.902331
0.881707
0.855573
0.83312
0.807348
0.786531
0.766377
0.752381
0.744121
0.732182
0.733042
0.735839
0.749365
0.761859
0.777945
0.79603
0.818852
0.836053
0.85889
0.878442
0.898258
0.916588
1.07676
1.07515
1.07367
1.06945
1.06553
1.05935
1.05406
1.0463
1.03952
1.02961
1.02018
1.00677
0.993428
0.97581
0.957961
0.936377
0.914141
0.889588
0.863162
0.836671
0.807545
0.781326
0.753385
0.73132
0.709351
0.695668
0.67833
0.681732
0.682898
0.69262
0.703838
0.725592
0.751528
0.774942
0.804392
0.82796
0.857298
0.877229
0.901889
0.917056
1.12641
1.11689
1.10265
1.09498
1.08274
1.07716
1.0656
1.05926
1.04513
1.03471
1.01583
0.999864
0.9759
0.954126
0.925481
0.898251
0.865616
0.83386
0.797477
0.763655
0.726377
0.694851
0.660344
0.634785
0.609736
0.591045
0.589413
0.587797
0.593276
0.607128
0.635112
0.654817
0.68595
0.714227
0.747965
0.775676
0.812637
0.839685
0.880354
0.907631
1.11617
1.11065
1.11143
1.10845
1.10557
1.09821
1.08598
1.07033
1.04839
1.02519
0.995088
0.965654
0.928828
0.89407
0.851578
0.812215
0.765848
0.724005
0.678021
0.63687
0.59437
0.558978
0.519718
0.49924
0.466875
0.476141
0.47208
0.489787
0.513725
0.54711
0.583266
0.632564
0.676092
0.715658
0.765872
0.796768
0.842041
0.866359
0.89951
0.926727
1.37455
1.34942
1.30712
1.27227
1.22166
1.17976
1.12437
1.07998
1.02171
0.976224
0.915911
0.869383
0.806631
0.758865
0.693657
0.645049
0.577697
0.529374
0.461978
0.416372
0.355285
0.312669
0.277718
0.241735
0.236487
0.309768
0.314407
0.373408
0.4245
0.479728
0.554471
0.595501
0.68519
0.722375
0.808731
0.847402
0.923597
0.96413
1.02932
1.06558
0.999994
1
1
1
1
1
1.00001
1.00001
1.00001
1.00001
1
1
1
1
0.999999
1.00001
1.00002
1.00001
1.00003
1.00003
1.00004
1.00004
1.00004
1.00004
1.00003
1.00003
1.00003
1.00002
1
0.999998
0.999992
0.999992
0.999993
0.999998
0.999997
1
0.999994
0.999995
0.999998
0.99999
0.999999
1.00001
1
1
1
0.999997
0.999995
0.999994
0.999995
0.999996
1
1
1
0.999998
0.999999
0.999985
0.99998
0.999989
0.99997
0.99997
0.99996
0.999961
0.999959
0.99996
0.999961
0.999968
0.999969
0.999979
0.999995
1
1
1
1
0.999994
0.999997
0.999985
0.999995
0.999993
0.999993
0.999973
1.00001
1.00003
1.00004
1.00004
1.00004
1.00004
1.00004
1.00004
1.00004
1.00004
1.00004
1.00003
1.00004
1.00004
1.00004
1.00005
1.00005
1.00004
1.00005
1.00005
1.00006
1.00005
1.00005
1.00004
1.00003
1.00001
1
0.999988
0.999972
0.999964
0.999956
0.999949
0.999944
0.999949
0.999942
0.999959
0.999947
0.999953
0.999958
0.999933
1.00003
1.00005
1.00004
1.00004
1.00004
1.00003
1.00004
1.00003
1.00003
1.00004
1.00004
1.00005
1.00005
1.00003
1.00004
1.00002
1.00001
1.00002
0.999998
0.999989
0.999975
0.999967
0.999951
0.999946
0.999944
0.999949
0.999945
0.999945
0.999948
0.999948
0.999952
0.999948
0.999944
0.999937
0.999942
0.999925
0.999937
0.999936
0.999939
0.999896
1.00005
1.00009
1.00009
1.00008
1.00008
1.00008
1.00008
1.00008
1.00008
1.00007
1.00006
1.00006
1.00006
1.00007
1.00006
1.00008
1.00008
1.00007
1.00008
1.00008
1.00008
1.00007
1.00006
1.00004
1.00002
0.999999
0.999981
0.999961
0.999941
0.999927
0.999902
0.999888
0.999881
0.999875
0.999867
0.999878
0.999872
0.999874
0.999884
0.999844
1.00007
1.00012
1.00011
1.00011
1.00011
1.00011
1.00011
1.00011
1.00012
1.00012
1.00013
1.00014
1.00013
1.00012
1.00012
1.00009
1.00007
1.00007
1.00004
1.00001
0.999993
0.999971
0.99994
0.999924
0.999904
0.999893
0.999877
0.999866
0.999855
0.999844
0.999855
0.999847
0.999836
0.999839
0.999833
0.999828
0.999831
0.999833
0.999841
0.999773
1.0001
1.00018
1.00017
1.00017
1.00016
1.00016
1.00016
1.00016
1.00016
1.00016
1.00015
1.00014
1.00014
1.00015
1.00013
1.00015
1.00015
1.00014
1.00014
1.00013
1.00011
1.00009
1.00007
1.00003
1
0.999961
0.999928
0.999892
0.999862
0.99984
0.999795
0.999778
0.999772
0.999751
0.999757
0.999753
0.999757
0.999761
0.999773
0.999715
1.00013
1.00021
1.0002
1.0002
1.0002
1.00019
1.0002
1.0002
1.0002
1.0002
1.00021
1.00022
1.00021
1.0002
1.0002
1.00017
1.00014
1.00012
1.00008
1.00004
1.00001
0.999981
0.999942
0.999912
0.999873
0.999844
0.999814
0.999793
0.999773
0.999746
0.999753
0.999738
0.999715
0.999723
0.999704
0.999713
0.999712
0.999714
0.999722
0.999615
1.00018
1.00029
1.00028
1.00028
1.00027
1.00028
1.00028
1.00028
1.00028
1.00028
1.00027
1.00026
1.00026
1.00025
1.00024
1.00025
1.00025
1.00022
1.00021
1.00019
1.00015
1.00011
1.00007
1.00001
0.99997
0.999916
0.999867
0.999808
0.999756
0.999724
0.999666
0.999637
0.999635
0.999611
0.99962
0.999608
0.999615
0.999624
0.999639
0.999547
1.00021
1.00033
1.00033
1.00032
1.00032
1.00032
1.00032
1.00032
1.00032
1.00032
1.00033
1.00033
1.00033
1.00032
1.00031
1.00027
1.00022
1.0002
1.00014
1.0001
1.00005
0.999995
0.999939
0.999882
0.999821
0.999768
0.999718
0.999687
0.999658
0.999621
0.999615
0.999603
0.999567
0.999571
0.999556
0.999564
0.999567
0.999571
0.999584
0.999443
1.00027
1.00042
1.00041
1.00041
1.00041
1.00041
1.00041
1.00041
1.00041
1.00041
1.00041
1.0004
1.00039
1.00038
1.00036
1.00035
1.00034
1.00031
1.00029
1.00024
1.00019
1.00013
1.00007
0.999997
0.999927
0.999853
0.999784
0.999705
0.999638
0.999585
0.999526
0.999483
0.999485
0.999455
0.999454
0.999454
0.999459
0.999469
0.999487
0.999361
1.00031
1.00047
1.00047
1.00046
1.00046
1.00046
1.00046
1.00047
1.00047
1.00047
1.00047
1.00046
1.00045
1.00044
1.00041
1.00037
1.00034
1.00029
1.00023
1.00017
1.00009
1.00001
0.999932
0.999846
0.999767
0.999691
0.999616
0.999563
0.999515
0.99948
0.999452
0.999436
0.999389
0.999396
0.999398
0.9994
0.999403
0.999414
0.999429
0.999249
1.00039
1.00057
1.00056
1.00056
1.00056
1.00056
1.00057
1.00057
1.00057
1.00057
1.00056
1.00055
1.00053
1.00051
1.0005
1.00048
1.00044
1.0004
1.00034
1.00028
1.00021
1.00014
1.00005
0.999957
0.999859
0.999762
0.999672
0.999579
0.9995
0.999427
0.999366
0.999309
0.999314
0.999284
0.999271
0.999277
0.99929
0.999302
0.999322
0.999166
1.00043
1.00062
1.00062
1.00062
1.00061
1.00062
1.00062
1.00062
1.00062
1.00062
1.00062
1.00061
1.0006
1.00058
1.00054
1.00049
1.00044
1.00038
1.00031
1.00021
1.00011
1
0.999893
0.999784
0.999677
0.999579
0.999481
0.999402
0.999333
0.999282
0.999243
0.99924
0.999186
0.999199
0.999208
0.999213
0.999218
0.999241
0.999255
0.999037
1.00052
1.00073
1.00072
1.00071
1.00072
1.00072
1.00072
1.00072
1.00072
1.00072
1.00071
1.00069
1.00067
1.00065
1.00063
1.00059
1.00054
1.00047
1.00039
1.00032
1.00024
1.00013
1.00002
0.999905
0.999776
0.999649
0.999542
0.999427
0.99932
0.999241
0.999185
0.999098
0.999108
0.999076
0.999064
0.999081
0.999107
0.999114
0.999141
0.998948
1.00056
1.00079
1.00078
1.00078
1.00077
1.00077
1.00077
1.00077
1.00077
1.00077
1.00077
1.00076
1.00076
1.00072
1.00067
1.00062
1.00055
1.00047
1.00039
1.00026
1.00014
1
0.999855
0.999716
0.999588
0.999464
0.999323
0.999215
0.999142
0.999066
0.998999
0.999018
0.998956
0.998966
0.998985
0.998994
0.999014
0.999039
0.999056
0.99881
1.00066
1.00091
1.0009
1.00089
1.00089
1.0009
1.0009
1.0009
1.0009
1.0009
1.00088
1.00088
1.00085
1.00083
1.0008
1.00074
1.00068
1.00059
1.00049
1.00039
1.00027
1.00014
1.00001
0.999853
0.999674
0.999506
0.999392
0.999252
0.999112
0.999019
0.998962
0.998855
0.998874
0.998852
0.998847
0.998872
0.998893
0.998919
0.998946
0.998717
1.00072
1.00098
1.00097
1.00096
1.00096
1.00096
1.00096
1.00096
1.00096
1.00096
1.00096
1.00096
1.00094
1.00089
1.00084
1.00077
1.00069
1.00059
1.00048
1.00033
1.00018
1.00002
0.999838
0.999659
0.999512
0.999364
0.99916
0.999026
0.998933
0.998833
0.998753
0.998767
0.998698
0.998697
0.998722
0.998741
0.998787
0.998817
0.998859
0.998577
1.00083
1.00112
1.00111
1.00111
1.00111
1.00112
1.00113
1.00113
1.00114
1.00114
1.00114
1.00112
1.0011
1.00107
1.00103
1.00097
1.00089
1.00079
1.00068
1.00055
1.00039
1.00023
1.00004
0.999844
0.999603
0.999372
0.99924
0.999057
0.998894
0.998775
0.998701
0.998594
0.998606
0.998608
0.998608
0.998639
0.99866
0.998701
0.998731
0.998482
1.0009
1.00119
1.00119
1.00118
1.00118
1.00119
1.00119
1.0012
1.0012
1.00122
1.00121
1.0012
1.00117
1.00113
1.00107
1.001
1.00091
1.00079
1.00065
1.00048
1.00029
1.00008
0.999857
0.999632
0.999458
0.999283
0.999014
0.998857
0.998713
0.998607
0.998494
0.998484
0.998425
0.998406
0.99844
0.998481
0.998536
0.998582
0.998629
0.998309
1.00103
1.00135
1.00135
1.00135
1.00136
1.00137
1.00138
1.00139
1.00139
1.0014
1.00139
1.00137
1.00135
1.00131
1.00125
1.00119
1.00109
1.00098
1.00082
1.00066
1.00047
1.00025
1.00002
0.999779
0.999468
0.999172
0.999018
0.998779
0.998613
0.998445
0.998387
0.998279
0.99827
0.9983
0.998317
0.998345
0.998387
0.998436
0.998495
0.998205
1.0011
1.00143
1.00143
1.00143
1.00143
1.00144
1.00145
1.00146
1.00147
1.00148
1.00147
1.00145
1.00141
1.00136
1.0013
1.0012
1.00108
1.00093
1.00077
1.00058
1.00034
1.00009
0.999819
0.999539
0.999335
0.999128
0.998795
0.998622
0.998415
0.998312
0.998144
0.998134
0.998097
0.998073
0.998115
0.998185
0.998248
0.998311
0.998341
0.998005
1.00124
1.0016
1.0016
1.0016
1.0016
1.00161
1.00162
1.00163
1.00164
1.00163
1.00162
1.0016
1.00158
1.00153
1.00146
1.00138
1.00127
1.00113
1.00095
1.00073
1.0005
1.00023
0.99995
0.999656
0.999272
0.998908
0.998727
0.998423
0.998249
0.998043
0.998012
0.997881
0.997874
0.99791
0.997948
0.99799
0.998052
0.99812
0.998205
0.997874
1.00132
1.00169
1.00168
1.00168
1.00168
1.00169
1.00169
1.00171
1.00172
1.00173
1.00172
1.00169
1.00166
1.00161
1.00152
1.0014
1.00127
1.0011
1.0009
1.00067
1.0004
1.0001
0.999765
0.999422
0.999172
0.998916
0.998506
0.998317
0.998054
0.997918
0.997709
0.997702
0.997653
0.99767
0.997724
0.997812
0.997902
0.997974
0.998013
0.997654
1.00149
1.00189
1.00188
1.00188
1.00189
1.0019
1.00191
1.00193
1.00194
1.00193
1.00193
1.00191
1.00188
1.00183
1.00175
1.00166
1.00152
1.00135
1.00115
1.00089
1.00059
1.00027
0.999928
0.999563
0.999097
0.998667
0.998441
0.998033
0.997826
0.997612
0.997548
0.997427
0.997448
0.997458
0.997522
0.997593
0.997671
0.997764
0.997854
0.997496
1.00159
1.002
1.00201
1.00201
1.00203
1.00204
1.00206
1.00209
1.00211
1.00212
1.00211
1.0021
1.00208
1.00202
1.00194
1.00182
1.00167
1.00147
1.00124
1.00096
1.00065
1.00029
0.999894
0.999482
0.999159
0.998804
0.998295
0.998089
0.997758
0.997532
0.997338
0.997272
0.997202
0.997251
0.997303
0.997397
0.997502
0.997593
0.997653
0.997262
1.0018
1.00224
1.00224
1.00225
1.00227
1.00229
1.00232
1.00235
1.00236
1.00237
1.00238
1.00239
1.00235
1.00231
1.00223
1.00211
1.00196
1.00178
1.00153
1.00123
1.00087
1.00046
1.00004
0.99959
0.999021
0.998521
0.998235
0.997698
0.997421
0.997201
0.997031
0.996935
0.996938
0.996947
0.997039
0.99714
0.997255
0.997362
0.997481
0.997093
1.00191
1.00236
1.00236
1.00237
1.00239
1.00241
1.00245
1.00247
1.0025
1.00252
1.00254
1.00253
1.00251
1.00246
1.00237
1.00225
1.00208
1.00185
1.00158
1.00127
1.00091
1.00049
1.00002
0.999498
0.99909
0.998613
0.99797
0.997716
0.997325
0.997011
0.996838
0.996709
0.996671
0.996715
0.996775
0.996893
0.997014
0.997139
0.997212
0.996801
1.0021
1.00258
1.00257
1.00257
1.00259
1.00261
1.00264
1.00266
1.00268
1.00269
1.0027
1.00269
1.00266
1.0026
1.00252
1.00238
1.00222
1.002
1.0017
1.00133
1.00092
1.00042
0.999911
0.99939
0.998717
0.99815
0.997829
0.997183
0.996836
0.99658
0.996368
0.996297
0.996267
0.996327
0.996443
0.996579
0.996741
0.996878
0.99702
0.996606
1.00222
1.0027
1.0027
1.00271
1.00273
1.00275
1.00279
1.00281
1.00284
1.00287
1.00287
1.00286
1.00284
1.00276
1.00265
1.00251
1.00228
1.00203
1.00172
1.00136
1.00092
1.00044
0.999884
0.99926
0.99879
0.998192
0.997406
0.997114
0.996666
0.996346
0.996142
0.996009
0.996004
0.996057
0.996162
0.996311
0.996474
0.996632
0.996735
0.996288
1.00245
1.00296
1.00296
1.00297
1.00299
1.00302
1.00305
1.00309
1.00311
1.00314
1.00315
1.00315
1.00312
1.00306
1.00298
1.00285
1.00267
1.00243
1.00208
1.00166
1.00116
1.0006
0.999981
0.999368
0.99853
0.997875
0.997494
0.996707
0.996302
0.995938
0.995707
0.9956
0.995599
0.995659
0.995803
0.995991
0.996185
0.996367
0.996531
0.996102
1.0026
1.00313
1.00315
1.00318
1.0032
1.00325
1.0033
1.00334
1.00339
1.00344
1.00346
1.00348
1.00346
1.00342
1.00332
1.00317
1.00294
1.00265
1.0023
1.0019
1.00138
1.0008
1.00015
0.999377
0.998814
0.998074
0.997116
0.996722
0.996109
0.995745
0.995483
0.995346
0.995312
0.995399
0.995541
0.995718
0.995939
0.996135
0.996275
0.99579
1.00286
1.00342
1.00342
1.00344
1.00347
1.00353
1.00358
1.00363
1.00369
1.00374
1.00377
1.0038
1.00379
1.00374
1.00366
1.00353
1.00334
1.00306
1.00269
1.0022
1.00164
1.001
1.00026
0.999532
0.998534
0.9977
0.997173
0.996247
0.995805
0.995342
0.99504
0.994911
0.994899
0.994981
0.995157
0.995386
0.995626
0.995859
0.996049
0.995599
1.00299
1.00356
1.00357
1.00359
1.00362
1.00367
1.00372
1.00378
1.00384
1.00388
1.00391
1.00391
1.00389
1.00384
1.00374
1.00356
1.00332
1.003
1.00259
1.0021
1.00149
1.0008
1.00004
0.999161
0.998455
0.997608
0.996566
0.996054
0.995263
0.994845
0.994616
0.994472
0.99447
0.99458
0.994787
0.995046
0.995325
0.995577
0.995762
0.99525
1.00324
1.00383
1.00383
1.00385
1.00388
1.00393
1.00399
1.00404
1.00411
1.00417
1.00422
1.00423
1.00423
1.00418
1.00409
1.00394
1.00372
1.0034
1.00299
1.00248
1.00186
1.00112
1.00023
0.999312
0.998202
0.997213
0.996492
0.995442
0.994946
0.99441
0.994023
0.993909
0.993907
0.994066
0.994305
0.994614
0.994944
0.995245
0.995483
0.995001
1.00339
1.00399
1.004
1.00402
1.00406
1.00412
1.00419
1.00426
1.00434
1.00439
1.00444
1.00447
1.00445
1.0044
1.00431
1.00414
1.00391
1.00356
1.0031
1.00253
1.00182
1.00102
1.00017
0.999196
0.998239
0.99722
0.996062
0.995385
0.994411
0.993882
0.993661
0.993514
0.993526
0.993663
0.993952
0.994305
0.994669
0.994997
0.995213
0.994682
1.0037
1.00433
1.00434
1.00437
1.00442
1.00449
1.00456
1.00464
1.00474
1.00482
1.0049
1.00495
1.00497
1.00494
1.00486
1.00472
1.00448
1.00413
1.00368
1.00308
1.00236
1.00152
1.00046
0.999355
0.998176
0.997004
0.996077
0.994883
0.99423
0.993598
0.993145
0.992999
0.993034
0.993231
0.993572
0.993979
0.994397
0.994757
0.995035
0.994495
1.00385
1.00449
1.0045
1.00454
1.00459
1.00467
1.00475
1.00485
1.00495
1.00504
1.0051
1.00514
1.00515
1.00512
1.00503
1.00486
1.00461
1.00422
1.00371
1.00306
1.00227
1.00136
1.00039
0.999266
0.998061
0.996838
0.995512
0.994655
0.993559
0.992904
0.992672
0.992502
0.992544
0.992782
0.993158
0.993626
0.994102
0.994508
0.994769
0.994184
1.00424
1.0049
1.00488
1.00491
1.00498
1.00505
1.00515
1.00524
1.00535
1.00545
1.00553
1.00558
1.0056
1.00558
1.0055
1.00535
1.0051
1.00472
1.00421
1.00355
1.00272
1.00171
1.00054
0.999311
0.997929
0.996547
0.995453
0.994046
0.993199
0.992433
0.99194
0.991778
0.991884
0.992192
0.992658
0.993214
0.993754
0.994209
0.994527
0.993968
1.00408
1.00483
1.0049
1.00494
1.005
1.00508
1.00517
1.00528
1.00538
1.00548
1.00556
1.00562
1.00565
1.00563
1.00557
1.00541
1.00515
1.00474
1.0042
1.0035
1.00262
1.00158
1.00037
0.999012
0.997699
0.996311
0.994757
0.993688
0.992463
0.991703
0.991349
0.99122
0.991332
0.991685
0.992252
0.992892
0.993499
0.99399
0.994282
0.993534
1.01079
1.01049
1.01002
1.01069
1.01115
1.01132
1.01172
1.01191
1.01221
1.01227
1.01243
1.01249
1.01274
1.01266
1.01279
1.0122
1.01205
1.01119
1.0106
1.0089
1.00686
1.00466
1.00022
0.997068
0.990067
0.986533
0.986618
0.925005
0.833145
0.875673
0.903919
0.927049
0.985999
1.03193
1.05537
1.0673
1.06729
1.06592
1.06557
1.06283
1.01152
1.00953
1.00961
1.0102
1.01045
1.01057
1.01094
1.01101
1.01133
1.01126
1.0115
1.01136
1.01153
1.01119
1.01122
1.01042
1.01034
1.00923
1.00865
1.00698
1.00538
1.00366
1.00111
1.00043
0.998271
1.00337
1.00978
0.971694
0.869543
0.877552
0.907157
0.928865
0.97358
1.00835
1.0265
1.04255
1.04713
1.04885
1.05171
1.04933
1.01221
1.00915
1.0096
1.00955
1.00977
1.00993
1.01018
1.01015
1.01046
1.01033
1.0105
1.01022
1.01035
1.00987
1.00985
1.00902
1.00898
1.00788
1.00728
1.00595
1.00455
1.00316
1.00186
1.00246
1.003
1.01223
1.01973
0.999363
0.907841
0.887671
0.910296
0.931441
0.965826
0.994926
1.00954
1.02465
1.03178
1.03514
1.03959
1.03909
1.01203
1.00899
1.00943
1.00882
1.00916
1.00923
1.00936
1.00932
1.00961
1.0094
1.00956
1.00923
1.00935
1.00888
1.00894
1.00822
1.00802
1.00699
1.00629
1.00525
1.00402
1.00293
1.00208
1.003
1.00448
1.0134
1.0201
1.00728
0.940131
0.910252
0.920654
0.937239
0.962617
0.9864
1.0002
1.01276
1.02061
1.02449
1.02973
1.03051
1.01162
1.00866
1.00906
1.00824
1.00869
1.00848
1.00867
1.00864
1.00874
1.00859
1.00873
1.00844
1.00852
1.0081
1.00815
1.00747
1.00706
1.00614
1.00541
1.00446
1.00337
1.00254
1.00194
1.00294
1.00444
1.01104
1.01524
1.00606
0.961503
0.935525
0.936439
0.946636
0.963862
0.981386
0.994216
1.00493
1.01249
1.01691
1.02137
1.02187
1.01097
1.00805
1.00831
1.00779
1.00827
1.00791
1.0082
1.00803
1.00808
1.00803
1.00813
1.00793
1.00791
1.0074
1.0072
1.00649
1.00603
1.00535
1.00466
1.00371
1.00277
1.00222
1.00182
1.00268
1.00398
1.00673
1.00878
1.00319
0.97489
0.956111
0.952359
0.957425
0.96831
0.979903
0.990113
0.999474
1.00632
1.0111
1.01399
1.01368
1.01017
1.00724
1.00767
1.0073
1.00774
1.00748
1.00774
1.00753
1.00759
1.00754
1.00755
1.00733
1.00717
1.00669
1.00636
1.00576
1.00536
1.00481
1.0041
1.0032
1.00248
1.00215
1.00177
1.00218
1.00268
1.00346
1.00318
0.999643
0.982831
0.970165
0.965364
0.967446
0.974119
0.981587
0.988338
0.995682
1.00143
1.00623
1.00814
1.00805
1.00974
1.00679
1.00721
1.00665
1.00709
1.00694
1.00719
1.00705
1.00712
1.00699
1.00686
1.00661
1.00644
1.00609
1.00577
1.00531
1.00491
1.00438
1.00371
1.00299
1.00239
1.00201
1.00147
1.00145
1.00122
1.00092
0.999536
0.996594
0.98728
0.979126
0.974911
0.975631
0.979754
0.985046
0.988767
0.99358
0.997783
1.0019
1.00408
1.00469
1.00943
1.00657
1.00689
1.00595
1.00649
1.00623
1.0065
1.00634
1.00633
1.0062
1.00607
1.0059
1.00575
1.00543
1.00514
1.00473
1.00432
1.00389
1.00338
1.00283
1.00225
1.00172
1.00099
1.00068
1.00005
0.999214
0.997622
0.99517
0.9897
0.984739
0.98146
0.981624
0.984241
0.988626
0.990468
0.993214
0.995567
0.998377
1.00107
1.00186
1.00904
1.00611
1.0064
1.00527
1.00595
1.00545
1.00573
1.00546
1.00543
1.0053
1.0052
1.00514
1.00498
1.00473
1.00448
1.00416
1.00377
1.0034
1.00296
1.00251
1.00198
1.00139
1.00061
1.00015
0.999367
0.99833
0.996733
0.994601
0.99121
0.988248
0.985703
0.985694
0.987247
0.991387
0.992402
0.994197
0.994768
0.996254
0.9984
0.999137
1.00856
1.00529
1.00555
1.0046
1.00542
1.00479
1.00518
1.00488
1.00496
1.0048
1.00478
1.00477
1.00465
1.00445
1.00422
1.00396
1.00356
1.00305
1.0025
1.0021
1.00167
1.00109
1.00036
0.999826
0.99902
0.997979
0.996463
0.994647
0.992354
0.990575
0.98851
0.988549
0.989149
0.993105
0.993833
0.99564
0.994826
0.995826
0.995925
0.996993
1.00804
1.00405
1.00473
1.00398
1.00494
1.00432
1.00489
1.00466
1.00489
1.00482
1.0049
1.00485
1.00469
1.00447
1.00419
1.00393
1.00348
1.00279
1.00214
1.00178
1.0014
1.00085
1.00017
0.999589
0.99884
0.997905
0.996562
0.995083
0.993384
0.992326
0.990613
0.990772
0.990584
0.994037
0.994578
0.99677
0.994969
0.996505
0.993621
0.995419
1.00687
1.00318
1.00428
1.00351
1.00448
1.00394
1.00466
1.00446
1.00485
1.00486
1.00502
1.0049
1.00465
1.00427
1.00389
1.00366
1.00325
1.0025
1.00186
1.00157
1.00124
1.00072
1.00008
0.999484
0.998797
0.997972
0.996866
0.995726
0.994376
0.993725
0.992303
0.992586
0.991907
0.994687
0.994867
0.997504
0.99498
0.99739
0.991595
0.994524
1.00446
1.00299
1.00411
1.00319
1.00402
1.00361
1.00441
1.0042
1.00472
1.00465
1.00488
1.00463
1.00429
1.00379
1.00338
1.00323
1.00289
1.00219
1.00164
1.00142
1.00111
1.00065
1.00007
0.99949
0.998841
0.998086
0.99724
0.99642
0.995291
0.994808
0.993632
0.994024
0.993178
0.995404
0.995049
0.998107
0.995139
0.998032
0.990606
0.993683
1.00103
1.0032
1.00409
1.00305
1.00367
1.00332
1.00422
1.004
1.00454
1.00441
1.00462
1.00432
1.00395
1.00344
1.00306
1.0029
1.00258
1.00197
1.00151
1.0013
1.00099
1.00059
1.00007
0.999509
0.998891
0.998187
0.997597
0.997046
0.996087
0.995639
0.994677
0.995133
0.994349
0.996242
0.995329
0.998634
0.995732
0.999022
0.990931
0.989615
0.997506
1.00387
1.00419
1.00321
1.0034
1.00317
1.00402
1.00397
1.0044
1.00424
1.00442
1.00413
1.00379
1.00328
1.00292
1.0027
1.00237
1.00185
1.00145
1.00119
1.00086
1.0005
1.00003
0.999514
0.998937
0.998289
0.997912
0.997556
0.996757
0.996305
0.99555
0.995971
0.99538
0.99694
0.99595
0.99886
0.996885
0.999676
0.993918
0.983517
0.995134
1.00471
1.0041
1.00349
1.00314
1.00316
1.00381
1.00387
1.00416
1.00402
1.00414
1.00388
1.00358
1.00311
1.00275
1.00249
1.00216
1.00176
1.00141
1.00111
1.00076
1.00042
0.999986
0.99952
0.999
0.99841
0.99818
0.997934
0.997296
0.996841
0.996296
0.996565
0.996271
0.997271
0.996794
0.998788
0.998005
0.999657
0.998349
0.9785
0.994291
1.00524
1.0037
1.00362
1.00284
1.00314
1.00352
1.00367
1.0038
1.00369
1.00373
1.00351
1.00325
1.00283
1.00251
1.00223
1.00193
1.00165
1.00135
1.00102
1.00067
1.00035
0.999956
0.99954
0.999083
0.998555
0.998407
0.998201
0.997719
0.997262
0.996927
0.996979
0.997027
0.997371
0.997677
0.998456
0.998922
0.998777
1.00072
0.976564
0.994585
1.00541
1.00317
1.00359
1.00255
1.00308
1.00319
1.00341
1.00339
1.00334
1.00329
1.00313
1.0029
1.00255
1.00225
1.00198
1.00172
1.00152
1.00125
1.00091
1.00057
1.00027
0.99992
0.99955
0.999155
0.998691
0.998578
0.998372
0.99803
0.997575
0.997428
0.997258
0.997601
0.997417
0.998374
0.997895
0.999504
0.997052
1.00177
0.977624
0.995586
1.00532
1.00258
1.00348
1.00228
1.003
1.00288
1.00316
1.00302
1.00304
1.00293
1.00281
1.00261
1.00232
1.00203
1.00177
1.00155
1.00139
1.00114
1.00082
1.0005
1.00022
0.999898
0.999568
0.99923
0.998827
0.998725
0.998498
0.998273
0.99782
0.997825
0.997462
0.998003
0.997432
0.998705
0.997369
0.999671
0.995709
1.00197
0.980697
0.996949
1.00489
1.00206
1.00332
1.00203
1.00293
1.00254
1.00292
1.00268
1.00277
1.0026
1.00253
1.00234
1.00209
1.00184
1.0016
1.00139
1.00124
1.00101
1.00072
1.00043
1.00016
0.999871
0.999575
0.999284
0.998936
0.998833
0.998585
0.998449
0.997993
0.998114
0.997592
0.998251
0.997397
0.998791
0.996827
0.999625
0.994751
1.0016
0.984696
0.998245
1.00409
1.00176
1.00308
1.00188
1.00279
1.00224
1.0027
1.00239
1.00253
1.00233
1.00228
1.00211
1.0019
1.00167
1.00146
1.00128
1.00113
1.00091
1.00064
1.00037
1.00013
0.999873
0.999607
0.999354
0.99905
0.998941
0.998677
0.998603
0.998145
0.998338
0.997698
0.998412
0.997315
0.998788
0.996471
0.999418
0.994553
1.00059
0.988424
0.999196
1.00343
1.00164
1.00285
1.00178
1.00261
1.00201
1.00248
1.00214
1.00229
1.00209
1.00205
1.00188
1.00171
1.00151
1.00132
1.00115
1.001
1.00079
1.00055
1.00032
1.00009
0.999859
0.999619
0.999395
0.999128
0.999014
0.998745
0.998708
0.998257
0.998485
0.997784
0.998501
0.997281
0.998749
0.996429
0.999143
0.994862
0.999725
0.991225
0.999817
1.00288
1.00157
1.00261
1.0017
1.00242
1.00187
1.00228
1.00196
1.0021
1.0019
1.00187
1.00171
1.00157
1.00139
1.00122
1.00106
1.00091
1.00072
1.00051
1.00029
1.00008
0.999873
0.999655
0.999452
0.999217
0.999096
0.998834
0.998812
0.998381
0.998612
0.997908
0.998583
0.997329
0.998721
0.996585
0.998918
0.995551
0.999025
0.993197
1.00019
1.00245
1.00154
1.00236
1.00164
1.00223
1.00174
1.00209
1.00179
1.00191
1.00172
1.00169
1.00155
1.00142
1.00126
1.00111
1.00096
1.00081
1.00063
1.00044
1.00025
1.00005
0.999863
0.999666
0.99948
0.999271
0.999148
0.998901
0.998881
0.998482
0.998692
0.998034
0.998632
0.997499
0.998677
0.99689
0.998702
0.996138
0.998567
0.994545
1.00038
1.00213
1.00152
1.00213
1.00158
1.00204
1.00164
1.00192
1.00166
1.00175
1.00159
1.00155
1.00142
1.00131
1.00117
1.00103
1.00089
1.00074
1.00058
1.00041
1.00023
1.00005
0.999877
0.999696
0.999525
0.999337
0.999211
0.998986
0.998955
0.998598
0.99877
0.998179
0.998677
0.997705
0.998646
0.997193
0.998575
0.996687
0.998325
0.995475
1.00046
1.00191
1.00149
1.00194
1.00152
1.00187
1.00155
1.00176
1.00154
1.0016
1.00146
1.00141
1.0013
1.00119
1.00107
1.00094
1.00081
1.00067
1.00052
1.00036
1.0002
1.00004
0.999874
0.999709
0.99955
0.999381
0.999255
0.999054
0.99901
0.998699
0.998826
0.99832
0.998709
0.997904
0.998629
0.997486
0.998498
0.997132
0.998231
0.99611
1.00047
1.00172
1.00145
1.00176
1.00145
1.0017
1.00146
1.0016
1.00143
1.00147
1.00135
1.00129
1.00119
1.00109
1.00098
1.00086
1.00074
1.00061
1.00047
1.00033
1.00018
1.00003
0.999882
0.99973
0.999583
0.999429
0.999304
0.999126
0.999066
0.998804
0.998881
0.998462
0.998749
0.998106
0.998643
0.997769
0.998498
0.997522
0.998223
0.996583
1.00044
1.00159
1.00141
1.00162
1.0014
1.00157
1.00139
1.00148
1.00134
1.00135
1.00125
1.0012
1.0011
1.00101
1.00091
1.0008
1.00068
1.00056
1.00043
1.0003
1.00016
1.00002
0.999886
0.999745
0.999608
0.999468
0.999346
0.999191
0.999118
0.9989
0.998934
0.998596
0.998792
0.998287
0.998668
0.998011
0.998522
0.997832
0.998252
0.996904
1.00038
1.00146
1.00134
1.00147
1.00132
1.00143
1.0013
1.00135
1.00125
1.00123
1.00115
1.00109
1.00101
1.00092
1.00083
1.00072
1.00062
1.00051
1.00039
1.00027
1.00014
1.00001
0.999887
0.999758
0.999632
0.999504
0.999388
0.999252
0.99917
0.998991
0.998989
0.998723
0.998843
0.99846
0.998718
0.998238
0.998582
0.998104
0.998362
0.997149
1.00032
1.00137
1.00129
1.00137
1.00127
1.00133
1.00123
1.00125
1.00117
1.00115
1.00108
1.00102
1.00094
1.00086
1.00077
1.00068
1.00058
1.00047
1.00036
1.00025
1.00013
1.00001
0.999895
0.999775
0.999657
0.999539
0.999427
0.999305
0.999217
0.999069
0.999038
0.998831
0.998892
0.998603
0.998762
0.998413
0.998633
0.998304
0.998464
0.997331
1.00024
1.00126
1.00121
1.00126
1.00119
1.00122
1.00115
1.00115
1.00108
1.00105
1.00099
1.00093
1.00086
1.00078
1.0007
1.00061
1.00052
1.00043
1.00032
1.00022
1.00011
1.00001
0.999898
0.999789
0.99968
0.999572
0.999469
0.999361
0.999273
0.999152
0.999103
0.998943
0.99896
0.998748
0.998835
0.998585
0.998716
0.99849
0.998586
0.997513
1.00018
1.00119
1.00116
1.00118
1.00113
1.00114
1.00109
1.00107
1.00102
1.00098
1.00093
1.00087
1.0008
1.00073
1.00065
1.00057
1.00049
1.00039
1.0003
1.0002
1.0001
1
0.999902
0.999799
0.999698
0.999597
0.999499
0.9994
0.999312
0.999207
0.999145
0.99902
0.999004
0.998848
0.998886
0.998711
0.998782
0.998627
0.998683
0.997654
1.0001
1.0011
1.00108
1.00109
1.00105
1.00105
1.00101
1.00099
1.00094
1.0009
1.00085
1.0008
1.00074
1.00067
1.0006
1.00052
1.00045
1.00036
1.00028
1.00019
1.0001
1
0.999911
0.999818
0.999725
0.999633
0.999543
0.999454
0.999371
0.999281
0.999217
0.999118
0.999085
0.99897
0.998973
0.99885
0.998882
0.998777
0.998804
0.997788
1.00004
1.00104
1.00103
1.00103
1.001
1.00099
1.00095
1.00093
1.00089
1.00085
1.0008
1.00075
1.00069
1.00063
1.00056
1.00049
1.00041
1.00034
1.00025
1.00017
1.00008
0.999999
0.999911
0.999824
0.999736
0.99965
0.999565
0.999482
0.999404
0.999323
0.999257
0.999175
0.999131
0.999044
0.999027
0.998938
0.998944
0.998873
0.998881
0.997868
0.999967
1.00096
1.00095
1.00094
1.00092
1.00091
1.00088
1.00085
1.00082
1.00078
1.00073
1.00068
1.00063
1.00057
1.00051
1.00045
1.00038
1.00031
1.00023
1.00016
1.00008
1
0.999921
0.999841
0.999762
0.999683
0.999606
0.999531
0.999459
0.999387
0.999324
0.999255
0.999207
0.999139
0.999112
0.999048
0.999038
0.998992
0.998989
0.997976
0.999923
1.00092
1.00091
1.0009
1.00088
1.00086
1.00084
1.00081
1.00078
1.00074
1.0007
1.00065
1.0006
1.00054
1.00049
1.00042
1.00036
1.00029
1.00022
1.00015
1.00007
0.999999
0.999923
0.999848
0.999772
0.999698
0.999626
0.999555
0.999487
0.999421
0.999361
0.999299
0.99925
0.999192
0.999159
0.99911
0.999091
0.999059
0.999051
0.998045
0.999849
1.00084
1.00083
1.00082
1.00081
1.00079
1.00077
1.00074
1.00071
1.00067
1.00063
1.00059
1.00054
1.00049
1.00044
1.00038
1.00032
1.00026
1.0002
1.00013
1.00007
0.999999
0.999931
0.999863
0.999795
0.999729
0.999663
0.999599
0.999538
0.999478
0.999423
0.999369
0.999323
0.999275
0.99924
0.999201
0.999179
0.999154
0.999144
0.998164
0.999815
1.00081
1.0008
1.00079
1.00078
1.00076
1.00073
1.00071
1.00068
1.00065
1.00061
1.00057
1.00052
1.00047
1.00042
1.00037
1.00031
1.00025
1.00019
1.00013
1.00006
0.999999
0.999934
0.999869
0.999804
0.99974
0.999677
0.999616
0.999558
0.999501
0.999448
0.999398
0.999354
0.99931
0.999276
0.999241
0.999219
0.999195
0.999185
0.998219
0.999734
1.00073
1.00072
1.00071
1.0007
1.00068
1.00066
1.00063
1.00061
1.00058
1.00054
1.00051
1.00047
1.00042
1.00038
1.00033
1.00028
1.00022
1.00017
1.00012
1.00006
1
0.999944
0.999887
0.99983
0.999774
0.999719
0.999665
0.999614
0.999565
0.999518
0.999475
0.999435
0.999398
0.999367
0.999338
0.999316
0.999295
0.999285
0.998342
)
;

boundaryField
{
    FrontBack
    {
        type            empty;
    }
    Cylinder
    {
        type            calculated;
        value           uniform 0;
    }
    Bottom
    {
        type            calculated;
        value           uniform 0;
    }
    Top
    {
        type            calculated;
        value           uniform 0;
    }
    Inlet
    {
        type            calculated;
        value           uniform 1;
    }
    Outlet
    {
        type            calculated;
        value           nonuniform List<scalar> 
40
(
0.999734
1.00073
1.00072
1.00071
1.0007
1.00068
1.00066
1.00063
1.00061
1.00058
1.00054
1.00051
1.00047
1.00042
1.00038
1.00033
1.00028
1.00022
1.00017
1.00012
1.00006
1
0.999944
0.999887
0.99983
0.999774
0.999719
0.999665
0.999614
0.999565
0.999518
0.999475
0.999435
0.999398
0.999367
0.999338
0.999316
0.999295
0.999285
0.998342
)
;
    }
}


// ************************************************************************* //
