/*--------------------------------*- C++ -*----------------------------------*\
  =========                 |
  \\      /  F ield         | OpenFOAM: The Open Source CFD Toolbox
   \\    /   O peration     | Website:  https://openfoam.org
    \\  /    A nd           | Version:  11
     \\/     M anipulation  |
\*---------------------------------------------------------------------------*/
FoamFile
{
    format      ascii;
    class       volScalarField;
    location    "4";
    object      mag(U);
}
// * * * * * * * * * * * * * * * * * * * * * * * * * * * * * * * * * * * * * //

dimensions      [0 1 -1 0 0 0 0];

internalField   nonuniform List<scalar> 
9600
(
0.969036
0.9658
0.964456
0.963355
0.956885
0.946862
0.940904
0.940718
0.940737
0.927909
0.88038
0.837521
0.81995
0.819284
0.825857
0.849636
0.888625
0.928271
0.964523
0.999219
1.0382
1.07346
1.10392
1.13863
1.16985
1.1824
1.18106
1.17399
1.15871
1.12954
1.09416
1.06113
1.03257
1.0104
0.993533
0.982596
0.974877
0.969002
0.964284
0.956759
0.972863
0.971757
0.968984
0.966717
0.964276
0.960557
0.957085
0.954743
0.952359
0.946533
0.93162
0.916203
0.907552
0.906685
0.910711
0.925692
0.956912
0.98853
1.01851
1.04677
1.07702
1.10758
1.13529
1.16418
1.19317
1.21171
1.21542
1.21204
1.19927
1.17016
1.1395
1.10611
1.07561
1.04906
1.02685
1.0096
0.99552
0.983584
0.979145
0.97014
0.971706
0.970806
0.96845
0.966094
0.964661
0.961727
0.955607
0.952328
0.952356
0.95061
0.945132
0.930299
0.913982
0.910874
0.915986
0.93634
0.962734
0.988542
1.01769
1.04594
1.07264
1.10431
1.13536
1.16211
1.18955
1.21246
1.21977
1.21785
1.20803
1.18154
1.15085
1.11752
1.08744
1.06284
1.04291
1.02629
1.01754
1.00889
1.00508
0.997251
0.97075
0.96974
0.967162
0.965073
0.96305
0.958906
0.954329
0.952703
0.952592
0.951427
0.949774
0.945469
0.937487
0.937373
0.946258
0.966101
0.988258
1.01203
1.03629
1.05999
1.08311
1.10864
1.13661
1.16237
1.18679
1.20969
1.22183
1.22095
1.21038
1.18572
1.1575
1.12681
1.09618
1.07013
1.04618
1.02895
1.01224
0.998424
0.987577
0.979271
0.969873
0.968734
0.966119
0.963654
0.961452
0.958895
0.955608
0.951984
0.950549
0.95328
0.958386
0.96158
0.958247
0.954959
0.95943
0.971181
0.988418
1.0088
1.03291
1.05903
1.08325
1.10722
1.13644
1.16377
1.18609
1.20728
1.22271
1.22476
1.21707
1.19472
1.16594
1.13374
1.10414
1.07638
1.05454
1.03493
1.02311
1.01221
1.00791
0.998953
0.968735
0.967496
0.964777
0.962281
0.960547
0.958334
0.954552
0.951254
0.951124
0.955635
0.962981
0.965584
0.96255
0.961787
0.970969
0.985566
1.00433
1.02458
1.04715
1.06925
1.09124
1.11277
1.13773
1.16399
1.18681
1.20761
1.22447
1.2295
1.22194
1.20091
1.17439
1.14388
1.11344
1.08547
1.0605
1.04199
1.02522
1.01065
0.99962
0.986487
0.967741
0.96641
0.963646
0.961333
0.959755
0.957352
0.953697
0.951631
0.952506
0.958025
0.966029
0.969019
0.969044
0.972276
0.981889
0.992323
1.00662
1.02352
1.0442
1.06674
1.09043
1.11244
1.13678
1.1641
1.18813
1.20666
1.22285
1.23216
1.22877
1.21004
1.1836
1.15249
1.12252
1.09244
1.0683
1.047
1.03278
1.0182
1.01258
1.00206
0.966578
0.965196
0.962533
0.960454
0.958754
0.956188
0.953343
0.952539
0.953853
0.960187
0.967772
0.970555
0.972214
0.975523
0.984829
0.997299
1.01489
1.03346
1.05407
1.07556
1.09629
1.11712
1.13899
1.16414
1.18783
1.20884
1.22696
1.23767
1.23472
1.21756
1.19406
1.1628
1.13109
1.10134
1.07425
1.05332
1.0361
1.02036
1.01139
0.994707
0.96567
0.964285
0.961663
0.95964
0.957792
0.95525
0.953466
0.953462
0.955106
0.961837
0.9688
0.971176
0.97359
0.978271
0.988423
1.00052
1.0168
1.0348
1.05372
1.07587
1.09667
1.11787
1.13821
1.16331
1.18895
1.20925
1.22589
1.23872
1.24036
1.22747
1.20352
1.17358
1.14379
1.11225
1.08589
1.06158
1.04576
1.02766
1.01939
1.0061
0.964486
0.963101
0.960608
0.958611
0.956515
0.954536
0.953823
0.954103
0.955983
0.962631
0.969269
0.972336
0.976776
0.980884
0.988451
0.999051
1.0168
1.0381
1.05878
1.0812
1.10183
1.12257
1.14256
1.16459
1.18833
1.21017
1.23064
1.24523
1.24735
1.23765
1.21545
1.18538
1.15417
1.12275
1.09382
1.06897
1.04946
1.03003
1.02077
1.00476
0.963518
0.962192
0.959717
0.95754
0.955559
0.954291
0.954071
0.954538
0.956601
0.96303
0.970606
0.973183
0.976777
0.981311
0.990395
1.00175
1.01731
1.03799
1.05793
1.08062
1.1023
1.12409
1.14281
1.16441
1.1894
1.2129
1.23112
1.24675
1.25317
1.24611
1.2274
1.19802
1.16771
1.1343
1.10591
1.07849
1.05986
1.03941
1.029
1.01361
0.962204
0.960888
0.958521
0.956271
0.954713
0.953934
0.95389
0.954647
0.957121
0.963841
0.971012
0.973048
0.977405
0.984228
0.992006
1.0008
1.01374
1.03496
1.05767
1.08184
1.10533
1.12679
1.14792
1.16984
1.19152
1.21398
1.23562
1.25351
1.26205
1.25823
1.24191
1.21387
1.18203
1.14769
1.11752
1.08866
1.06743
1.04433
1.03188
1.01475
0.961179
0.959856
0.957556
0.955408
0.954252
0.953711
0.953661
0.95468
0.958195
0.963697
0.970043
0.973882
0.978848
0.984332
0.991257
1.00176
1.01427
1.03348
1.05478
1.07743
1.10131
1.12459
1.14741
1.16903
1.1914
1.21807
1.23888
1.2575
1.26875
1.26752
1.25486
1.22807
1.19674
1.16117
1.13088
1.09982
1.07765
1.05399
1.04095
1.02284
0.959862
0.958568
0.956359
0.954335
0.953613
0.953301
0.953172
0.954428
0.958758
0.963426
0.969595
0.974445
0.978066
0.984863
0.993309
1.00338
1.01393
1.0292
1.04931
1.07271
1.09813
1.1215
1.14561
1.17083
1.19461
1.21937
1.24361
1.26523
1.27962
1.28169
1.27162
1.24734
1.21679
1.1797
1.14659
1.11355
1.08899
1.06354
1.0477
1.02741
0.958813
0.95761
0.955443
0.953566
0.953134
0.953031
0.952693
0.954241
0.958732
0.9634
0.968531
0.973082
0.977729
0.986254
0.993524
1.00312
1.01461
1.02828
1.04815
1.07001
1.09105
1.11473
1.13888
1.16425
1.18966
1.21874
1.24645
1.27121
1.28874
1.29401
1.28678
1.265
1.23525
1.1962
1.16151
1.12642
1.09975
1.07233
1.05708
1.03502
0.957474
0.95636
0.954175
0.952502
0.952281
0.952129
0.952038
0.953094
0.957939
0.962072
0.966338
0.972125
0.977888
0.984845
0.994263
1.00485
1.01773
1.03191
1.04616
1.06519
1.08552
1.10754
1.12929
1.15546
1.18385
1.21413
1.24487
1.27566
1.29933
1.31054
1.30715
1.28773
1.25853
1.2207
1.18377
1.14652
1.11634
1.08707
1.06784
1.04404
0.956274
0.955275
0.953173
0.951755
0.951643
0.951624
0.951724
0.952411
0.956961
0.961103
0.966225
0.97124
0.976785
0.985384
0.994244
1.00519
1.0182
1.03186
1.04664
1.06472
1.08109
1.1009
1.12034
1.14356
1.16947
1.20218
1.23598
1.27218
1.30329
1.32286
1.32608
1.3108
1.2829
1.2436
1.20317
1.16329
1.1316
1.09803
1.0786
1.05198
0.954802
0.953819
0.952093
0.950733
0.950165
0.950267
0.951194
0.951024
0.954016
0.959582
0.96596
0.969578
0.975617
0.983455
0.993265
1.00433
1.01513
1.03237
1.04749
1.06322
1.07773
1.09561
1.11095
1.13167
1.15581
1.18791
1.22196
1.26184
1.30098
1.33207
1.34464
1.33914
1.31398
1.2763
1.23318
1.18994
1.15313
1.1168
1.09461
1.06462
0.953509
0.952664
0.950831
0.950279
0.949563
0.948729
0.950805
0.950515
0.953998
0.958933
0.965966
0.97164
0.975684
0.983197
0.991484
1.0037
1.01603
1.03175
1.04563
1.06409
1.07707
1.09324
1.1061
1.12527
1.14312
1.17215
1.20424
1.24612
1.28736
1.33019
1.35564
1.36288
1.34506
1.31082
1.26625
1.21764
1.17847
1.13619
1.11233
1.07767
0.952099
0.951361
0.949579
0.948614
0.948222
0.946725
0.947753
0.949144
0.952673
0.956432
0.963008
0.970093
0.975873
0.983676
0.990093
1.00407
1.01563
1.03271
1.04611
1.06424
1.07632
1.09308
1.10295
1.11935
1.13466
1.16189
1.18985
1.23184
1.27213
1.31965
1.35612
1.37977
1.37605
1.35035
1.30707
1.25496
1.21056
1.16254
1.13494
1.09675
0.951131
0.950219
0.948633
0.947002
0.947543
0.94612
0.946748
0.947859
0.952128
0.95762
0.962056
0.969908
0.975332
0.986303
0.992959
1.0057
1.01574
1.03531
1.04715
1.06519
1.07627
1.09201
1.10099
1.11564
1.12923
1.15331
1.17868
1.2204
1.26152
1.31066
1.34977
1.38416
1.39701
1.38606
1.353
1.29957
1.25102
1.19378
1.16278
1.11766
0.949389
0.948163
0.946804
0.944908
0.944626
0.943814
0.944729
0.945453
0.948321
0.954347
0.95887
0.966831
0.970962
0.984265
0.991423
1.00821
1.01847
1.03685
1.04917
1.06754
1.07749
1.0909
1.10132
1.11149
1.12306
1.14384
1.16876
1.20878
1.25198
1.30627
1.35045
1.38789
1.40911
1.41238
1.39596
1.34963
1.30225
1.23811
1.19892
1.14463
0.947956
0.946715
0.945446
0.943602
0.943255
0.942371
0.94317
0.946257
0.947665
0.953749
0.956924
0.967159
0.971792
0.984421
0.992334
1.00989
1.0209
1.04072
1.0528
1.07017
1.08116
1.09173
1.10093
1.1069
1.11816
1.13443
1.15559
1.19442
1.23783
1.29719
1.35208
1.40028
1.42832
1.43418
1.42917
1.39519
1.35855
1.2918
1.2503
1.18132
0.945091
0.943601
0.942126
0.940669
0.939651
0.939715
0.938835
0.942207
0.943571
0.950967
0.953054
0.963176
0.968368
0.982308
0.99133
1.0086
1.02039
1.0413
1.0549
1.07139
1.08421
1.09173
1.10201
1.10375
1.11286
1.12337
1.14244
1.17267
1.21913
1.27714
1.34408
1.40467
1.45449
1.46975
1.47057
1.43583
1.41097
1.34597
1.31211
1.23334
0.943318
0.942081
0.939728
0.938746
0.937431
0.939095
0.937488
0.941863
0.94177
0.949404
0.953344
0.964009
0.970091
0.983974
0.993936
1.01213
1.02535
1.04468
1.05924
1.07304
1.08706
1.092
1.1017
1.10135
1.10678
1.11069
1.12843
1.14779
1.19521
1.24625
1.32773
1.39053
1.4674
1.50101
1.53092
1.49654
1.47368
1.3994
1.37039
1.29627
0.938896
0.938127
0.934922
0.934529
0.931203
0.934082
0.932091
0.936986
0.937238
0.944364
0.94803
0.958897
0.967674
0.981899
0.993959
1.01123
1.0282
1.04553
1.06279
1.07597
1.08929
1.09393
1.10103
1.09962
1.10129
1.09792
1.1122
1.12078
1.16702
1.20785
1.30019
1.36201
1.47013
1.51176
1.57827
1.5632
1.56566
1.49022
1.44523
1.35694
0.935855
0.936207
0.931767
0.93278
0.929289
0.932153
0.930206
0.935113
0.936814
0.943213
0.950259
0.958619
0.970714
0.981769
1.0001
1.01435
1.03451
1.05146
1.06837
1.08243
1.0946
1.09915
1.1028
1.10008
1.09661
1.0896
1.09425
1.09724
1.12936
1.16564
1.25364
1.31756
1.45589
1.50855
1.61757
1.61547
1.65389
1.59204
1.564
1.45496
0.928708
0.929099
0.924123
0.925241
0.921477
0.92437
0.92394
0.926571
0.931433
0.934903
0.946103
0.952156
0.969239
0.980198
0.998879
1.01526
1.03474
1.05415
1.07033
1.08557
1.09497
1.10142
1.10387
1.10031
1.09294
1.08474
1.07644
1.07962
1.08744
1.12116
1.18526
1.25988
1.40062
1.48291
1.62799
1.64033
1.72424
1.68334
1.69565
1.59254
0.924659
0.925825
0.920921
0.921169
0.920135
0.919964
0.924367
0.923971
0.933294
0.935519
0.948253
0.956892
0.97165
0.98635
1.00493
1.02397
1.04213
1.06276
1.07777
1.09338
1.10257
1.10816
1.10928
1.10424
1.0923
1.08298
1.06355
1.06143
1.04878
1.07321
1.10437
1.18517
1.30049
1.42801
1.52841
1.57479
1.67352
1.70197
1.74322
1.73495
0.914411
0.913425
0.911276
0.906927
0.910911
0.90733
0.91421
0.915185
0.922989
0.930946
0.940762
0.954516
0.969238
0.986808
1.00557
1.02638
1.04576
1.06696
1.08253
1.09841
1.10725
1.11333
1.1135
1.10921
1.09611
1.08418
1.06169
1.04779
1.02404
1.02477
1.02972
1.08951
1.17889
1.27766
1.26757
1.33563
1.41238
1.52985
1.58225
1.70078
0.913031
0.908092
0.908989
0.90452
0.905305
0.908643
0.909573
0.918776
0.922262
0.934726
0.945402
0.960456
0.976958
0.9956
1.01647
1.03762
1.0582
1.07829
1.09436
1.1094
1.11782
1.1242
1.12354
1.11959
1.10751
1.0946
1.06968
1.04582
1.01555
0.988226
0.978649
0.977589
1.04906
1.00035
0.931585
1.03438
1.1379
1.23081
1.27656
1.39965
0.89803
0.896256
0.891737
0.893887
0.890499
0.896999
0.89904
0.906609
0.916245
0.927498
0.941956
0.958658
0.977517
0.99824
1.02032
1.04263
1.06423
1.08517
1.10107
1.11714
1.12523
1.13211
1.13232
1.12852
1.11834
1.10504
1.08558
1.05328
1.0277
0.978948
0.955482
0.905478
0.907963
0.790853
0.733631
0.852793
0.965679
1.04367
1.09374
1.12915
0.886917
0.889439
0.888138
0.888257
0.89099
0.894707
0.902118
0.91142
0.923195
0.937148
0.952629
0.972611
0.992656
1.01533
1.03824
1.06207
1.08343
1.10413
1.11979
1.13425
1.14349
1.1491
1.15085
1.14785
1.14315
1.12657
1.11426
1.083
1.05474
1.00822
0.962745
0.900646
0.850153
0.72983
0.600006
0.640957
0.742768
0.856901
0.958718
1.04605
0.866895
0.866231
0.866451
0.869179
0.873367
0.881026
0.890118
0.90346
0.917816
0.935626
0.954772
0.976393
0.999939
1.02273
1.049
1.07235
1.09411
1.11577
1.13006
1.14684
1.15357
1.16215
1.16315
1.16462
1.16188
1.15411
1.14296
1.11802
1.09399
1.04578
1.0063
0.932393
0.869977
0.789961
0.608484
0.465899
0.467805
0.582007
0.710276
0.827494
0.857358
0.860892
0.860834
0.866638
0.871545
0.883149
0.894784
0.911555
0.929602
0.950063
0.973323
0.996388
1.02275
1.04779
1.07477
1.0992
1.12113
1.14321
1.15677
1.17441
1.17934
1.19025
1.19235
1.19415
1.19895
1.18934
1.19211
1.16499
1.14823
1.10359
1.06011
1.0028
0.914514
0.837447
0.747996
0.542829
0.363761
0.324013
0.333317
0.470637
0.828736
0.836779
0.839729
0.850256
0.858331
0.875859
0.890883
0.914478
0.93546
0.96288
0.988101
1.01662
1.04458
1.07205
1.10056
1.12447
1.14856
1.16807
1.182
1.19903
1.20329
1.21324
1.21688
1.21527
1.22273
1.21422
1.21553
1.20415
1.17803
1.1585
1.1071
1.05944
0.999711
0.905641
0.806782
0.721378
0.564426
0.393347
0.299584
0.163999
0.822459
0.832991
0.845835
0.863517
0.88232
0.907797
0.929201
0.95911
0.982874
1.01565
1.04201
1.07518
1.10373
1.13373
1.16073
1.18477
1.20474
1.22072
1.22957
1.23496
1.23289
1.23375
1.22917
1.22832
1.22941
1.22632
1.22847
1.22001
1.19983
1.18584
1.14359
1.09519
1.04545
0.964457
0.870799
0.814631
0.731629
0.608147
0.556976
0.501013
0.791989
0.812786
0.830621
0.852692
0.873969
0.904922
0.93361
0.972201
1.00478
1.04483
1.07738
1.11403
1.14382
1.17387
1.19707
1.21824
1.2316
1.24126
1.24224
1.24005
1.23226
1.22612
1.21399
1.21895
1.21796
1.21928
1.21245
1.1826
1.15087
1.10023
1.05425
1.01147
0.928017
0.854689
0.731274
0.6418
0.532117
0.480073
0.460856
0.593389
0.842773
0.881497
0.927057
0.965838
1.00662
1.04343
1.08067
1.1162
1.14841
1.18033
1.20462
1.22915
1.24384
1.25799
1.26416
1.27435
1.26912
1.27091
1.24999
1.23858
1.21098
1.18214
1.16113
1.13304
1.10139
1.06627
1.02622
0.934055
0.792073
0.616404
0.46858
0.372961
0.274325
0.2049
0.180322
0.195489
0.221653
0.313127
0.393001
0.524402
0.95277
0.990042
1.0233
1.05909
1.09347
1.12452
1.15232
1.17446
1.19407
1.20804
1.20604
1.22169
1.20469
1.21865
1.19168
1.1965
1.15341
1.14087
1.08362
1.0514
0.978055
0.918733
0.829471
0.738484
0.663473
0.427252
0.08728
0.0236987
0.0392497
0.0746939
0.110263
0.125238
0.139919
0.130563
0.135483
0.140888
0.159507
0.179589
0.218915
0.287693
0.982299
0.981291
0.974871
0.971173
0.96724
0.966982
0.972725
0.984095
0.992219
0.995935
0.997758
1.00108
1.00261
1.00339
1.00392
1.00459
1.00569
1.00667
1.00743
1.00793
1.0083
1.00853
1.00892
1.0092
1.00912
1.00919
1.00911
1.00903
1.00882
1.00866
1.00861
1.00846
1.0084
1.00831
1.0081
1.00798
1.0077
1.00765
1.00754
1.01132
0.986398
0.982181
0.973458
0.9685
0.963897
0.963629
0.970131
0.983273
0.992917
0.996605
0.998533
1.00156
1.00254
1.00303
1.00381
1.00492
1.00611
1.00692
1.00744
1.00796
1.0084
1.00861
1.009
1.00925
1.00918
1.0093
1.00929
1.00926
1.00906
1.00883
1.0088
1.00868
1.00862
1.00859
1.00836
1.00825
1.00798
1.00757
1.00678
1.00549
0.987765
0.982345
0.972599
0.965702
0.960302
0.959758
0.967182
0.982735
0.99432
0.997877
0.999755
1.00236
1.00274
1.00287
1.00388
1.00525
1.00641
1.00727
1.00782
1.00832
1.00878
1.009
1.0094
1.00965
1.00955
1.00959
1.00957
1.00952
1.00935
1.00915
1.0091
1.009
1.00894
1.00889
1.00867
1.00852
1.00839
1.00825
1.00869
1.01097
0.987154
0.983525
0.971839
0.962602
0.956028
0.954914
0.963168
0.981245
0.995318
0.999352
1.00087
1.00264
1.00284
1.00283
1.00407
1.00564
1.00683
1.00748
1.00785
1.00844
1.00911
1.00928
1.00956
1.0099
1.00987
1.00982
1.00978
1.00974
1.00962
1.00942
1.00928
1.00922
1.00909
1.00906
1.00889
1.00867
1.00844
1.0081
1.00744
1.00566
0.990697
0.983652
0.97089
0.959203
0.951181
0.949158
0.95829
0.979453
0.996915
1.00161
1.0024
1.00344
1.00346
1.00313
1.00457
1.00606
1.00684
1.00755
1.00825
1.00888
1.00951
1.00962
1.0098
1.01027
1.01029
1.01026
1.01026
1.01017
1.01011
1.00991
1.00973
1.00962
1.00939
1.0093
1.00919
1.00911
1.00899
1.00883
1.00917
1.01049
0.989849
0.984395
0.970638
0.956004
0.945612
0.942407
0.951703
0.97614
0.998332
1.00423
1.00401
1.00408
1.00414
1.00367
1.00492
1.00624
1.00696
1.00785
1.00862
1.00909
1.0096
1.00969
1.00982
1.01031
1.01035
1.01037
1.01055
1.0105
1.01051
1.01031
1.0101
1.00999
1.00972
1.00957
1.00934
1.00922
1.00908
1.00872
1.00823
1.00673
0.994354
0.98466
0.969571
0.952344
0.939558
0.934581
0.943574
0.971655
0.999856
1.00774
1.00645
1.00543
1.00539
1.00448
1.00547
1.00658
1.00712
1.00805
1.0089
1.00944
1.01
1.01019
1.01016
1.01048
1.01052
1.01059
1.01085
1.01084
1.01092
1.0108
1.01062
1.01044
1.01016
1.01001
1.0098
1.00969
1.00962
1.00942
1.00964
1.01033
0.993916
0.985109
0.969423
0.948909
0.93311
0.925837
0.933296
0.965447
1.00082
1.01103
1.00923
1.00695
1.00671
1.00537
1.00563
1.00665
1.00726
1.00816
1.00897
1.00954
1.01002
1.01042
1.01062
1.01078
1.01076
1.0108
1.01109
1.01115
1.01124
1.01108
1.01094
1.01081
1.01051
1.01027
1.00995
1.00979
1.0097
1.00934
1.00906
1.00783
0.999026
0.986006
0.968742
0.945301
0.926431
0.916553
0.921244
0.957769
1.00154
1.01393
1.01269
1.00918
1.00818
1.00625
1.0061
1.00708
1.00763
1.00843
1.00913
1.00991
1.01031
1.01089
1.01116
1.01118
1.01126
1.01126
1.01149
1.01147
1.01162
1.01143
1.01124
1.01117
1.01097
1.01086
1.01055
1.01032
1.01031
1.01005
1.01019
1.01046
0.998918
0.986764
0.968702
0.941816
0.919804
0.906676
0.907273
0.94753
1.00207
1.01617
1.01583
1.01152
1.00952
1.00709
1.00625
1.00707
1.00765
1.00847
1.00929
1.01012
1.01036
1.01101
1.01146
1.01147
1.01186
1.01176
1.01197
1.0118
1.01195
1.01174
1.01157
1.01146
1.01119
1.01112
1.01084
1.01058
1.01046
1.0101
1.0099
1.00904
1.00512
0.988865
0.96914
0.938976
0.913691
0.897137
0.89219
0.934599
1.00141
1.0184
1.01892
1.01395
1.01043
1.00789
1.00685
1.00755
1.00789
1.00874
1.00963
1.01051
1.01078
1.01137
1.01182
1.01169
1.0123
1.01224
1.01251
1.01227
1.01243
1.01217
1.01203
1.01201
1.01179
1.01173
1.0115
1.01128
1.01108
1.01077
1.01071
1.01072
1.00591
0.98981
0.969924
0.936804
0.907637
0.887957
0.876391
0.918132
0.998441
1.0196
1.02057
1.01579
1.01089
1.00845
1.00733
1.00768
1.00786
1.00882
1.0099
1.01069
1.01115
1.01165
1.01222
1.0121
1.01287
1.01276
1.01305
1.0127
1.01285
1.01251
1.01236
1.01217
1.01193
1.01187
1.01163
1.01152
1.01116
1.01086
1.01056
1.01014
1.01343
0.993293
0.972097
0.936194
0.902809
0.880282
0.861093
0.898427
0.992248
1.01985
1.02146
1.01732
1.01139
1.00911
1.00808
1.00808
1.00806
1.00908
1.01009
1.01082
1.01178
1.01224
1.01303
1.01276
1.01348
1.01318
1.01365
1.01319
1.01332
1.013
1.01296
1.0127
1.01248
1.01236
1.01211
1.01214
1.01175
1.01163
1.01131
1.01133
1.01559
0.994922
0.974291
0.937001
0.898423
0.873671
0.847613
0.875
0.980955
1.01799
1.02098
1.0176
1.01145
1.00921
1.00829
1.00812
1.00823
1.00916
1.01019
1.01093
1.01229
1.01266
1.01356
1.01348
1.01439
1.01386
1.01435
1.01382
1.01385
1.01341
1.01337
1.01309
1.01298
1.01282
1.0125
1.01247
1.01199
1.01185
1.01137
1.01129
1.02462
1.001
0.978666
0.940014
0.8956
0.868328
0.837165
0.849514
0.963564
1.01466
1.01996
1.0169
1.01081
1.00895
1.00809
1.00827
1.00855
1.00953
1.01042
1.01124
1.01266
1.01297
1.01419
1.01422
1.01497
1.01455
1.01504
1.01463
1.01477
1.01437
1.01444
1.01412
1.01414
1.01391
1.01357
1.01332
1.01279
1.01266
1.01223
1.01219
1.02945
1.00523
0.982847
0.944651
0.894035
0.863586
0.830008
0.823011
0.937926
1.00744
1.01667
1.01433
1.00919
1.008
1.00738
1.00803
1.00848
1.00963
1.0107
1.01174
1.01318
1.01351
1.01468
1.01477
1.01557
1.0153
1.01562
1.01518
1.01532
1.01487
1.015
1.01459
1.0146
1.01425
1.01395
1.01348
1.01301
1.01274
1.0124
1.01241
1.0401
1.0161
0.990393
0.95122
0.894143
0.859308
0.825868
0.800102
0.902849
0.995371
1.01205
1.01051
1.00613
1.00627
1.0061
1.00763
1.00836
1.01007
1.01117
1.01247
1.01377
1.01424
1.01524
1.01539
1.0159
1.01598
1.01616
1.01585
1.01603
1.01553
1.01566
1.01509
1.01511
1.01458
1.01455
1.01402
1.01385
1.01342
1.01317
1.01317
1.04916
1.02499
0.997338
0.958133
0.896776
0.855008
0.823315
0.780091
0.859958
0.975681
1.00351
1.00412
1.00141
1.0035
1.00365
1.00654
1.00745
1.01004
1.01151
1.01324
1.01453
1.01515
1.01607
1.01628
1.01656
1.01668
1.01671
1.01642
1.01643
1.0161
1.01617
1.01575
1.0158
1.01516
1.01512
1.01447
1.01446
1.01378
1.01375
1.01368
1.06369
1.04202
1.01018
0.967461
0.901625
0.85086
0.820059
0.762738
0.814414
0.948008
0.990888
0.995584
0.994848
0.999742
1.00027
1.00506
1.00651
1.00973
1.01157
1.01337
1.01484
1.01581
1.01671
1.01719
1.01753
1.01761
1.01773
1.01772
1.01771
1.01756
1.01755
1.01731
1.01738
1.01679
1.01673
1.01589
1.01566
1.01482
1.01475
1.01448
1.07913
1.05707
1.02383
0.97784
0.909946
0.847464
0.81327
0.746157
0.765925
0.91029
0.972521
0.983727
0.986093
0.994675
0.995693
1.00271
1.0049
1.00893
1.01174
1.0136
1.01531
1.01656
1.01733
1.01781
1.01837
1.01835
1.01857
1.01856
1.01873
1.01873
1.0187
1.01845
1.01828
1.01761
1.01753
1.01661
1.01651
1.01568
1.01567
1.01533
1.1009
1.08169
1.04682
0.994464
0.921759
0.844224
0.800473
0.728884
0.715601
0.863488
0.94866
0.968575
0.974559
0.987938
0.990279
0.999748
1.003
1.00819
1.01155
1.01375
1.01563
1.01728
1.01804
1.01847
1.01931
1.01898
1.01945
1.01911
1.01948
1.01925
1.01937
1.01914
1.01908
1.01839
1.0184
1.01746
1.01751
1.01664
1.01663
1.01625
1.1293
1.10722
1.07207
1.01468
0.936725
0.840758
0.779937
0.704732
0.663374
0.805424
0.916731
0.948163
0.959812
0.978063
0.983288
0.995596
1.00042
1.0067
1.011
1.01416
1.01601
1.01806
1.01887
1.01928
1.0203
1.01977
1.0204
1.01975
1.02023
1.01968
1.02002
1.01963
1.01983
1.01913
1.01936
1.0184
1.01858
1.01764
1.01767
1.01724
1.16597
1.14549
1.11157
1.04586
0.952477
0.833293
0.748039
0.668046
0.609713
0.740182
0.877295
0.921762
0.940974
0.965083
0.974715
0.989916
0.996772
1.00413
1.00943
1.01353
1.01597
1.01893
1.02011
1.02093
1.02212
1.0214
1.02219
1.02139
1.02208
1.0213
1.02182
1.02115
1.02132
1.0204
1.02058
1.01952
1.01972
1.01869
1.01876
1.01831
1.20989
1.18625
1.15761
1.07987
0.962361
0.815911
0.700958
0.611914
0.548502
0.67187
0.831146
0.889012
0.919723
0.949977
0.964152
0.982119
0.991202
1.00042
1.00711
1.01229
1.01537
1.01927
1.02073
1.02217
1.02364
1.02307
1.02412
1.02323
1.02407
1.02302
1.02358
1.02256
1.02277
1.02168
1.02183
1.02074
1.02095
1.01984
1.01997
1.01946
1.26591
1.25147
1.23515
1.11541
0.954601
0.775408
0.62909
0.532043
0.476492
0.603237
0.78188
0.851898
0.896142
0.933283
0.952099
0.973676
0.984579
0.996376
1.00362
1.01009
1.01376
1.01854
1.01987
1.02216
1.02376
1.02374
1.02519
1.02442
1.02553
1.0244
1.02518
1.02401
1.02438
1.02331
1.02352
1.02252
1.02261
1.02149
1.02157
1.02104
1.33674
1.35504
1.2867
1.11754
0.904289
0.69258
0.522772
0.424806
0.395828
0.535702
0.731
0.812397
0.869106
0.915471
0.940078
0.964862
0.978464
0.992318
1.00011
1.00794
1.01177
1.01734
1.01882
1.02212
1.02372
1.02441
1.02588
1.02568
1.027
1.02609
1.02722
1.02603
1.02676
1.02564
1.02596
1.02492
1.02474
1.02367
1.02347
1.02301
1.43408
1.4229
1.29672
1.06821
0.796664
0.551482
0.372812
0.298514
0.327574
0.485332
0.684337
0.772593
0.843596
0.895974
0.927043
0.955788
0.972118
0.988693
0.997249
1.00694
1.01132
1.01798
1.01961
1.02379
1.02526
1.02681
1.02807
1.02836
1.02949
1.02892
1.03001
1.02887
1.02971
1.02839
1.02882
1.02753
1.02721
1.02625
1.02557
1.0254
1.56075
1.46155
1.25612
0.929217
0.599926
0.339095
0.196088
0.220869
0.314712
0.472051
0.651289
0.739645
0.821374
0.876505
0.914556
0.945692
0.965775
0.984534
0.995327
1.00737
1.01249
1.02035
1.02256
1.02724
1.02825
1.0306
1.03096
1.03197
1.03217
1.03205
1.03257
1.03144
1.03217
1.03068
1.03137
1.02972
1.02967
1.02846
1.02764
1.02775
1.65846
1.43682
1.08584
0.65953
0.307275
0.148686
0.22163
0.323756
0.388124
0.502316
0.64182
0.722973
0.809438
0.859755
0.905899
0.93575
0.960658
0.98014
0.993884
1.00665
1.01367
1.0216
1.02496
1.02968
1.0306
1.03359
1.03315
1.03505
1.03416
1.03486
1.03433
1.03384
1.03405
1.03286
1.03355
1.03171
1.03224
1.03057
1.03049
1.0305
1.60181
1.28747
0.804077
0.393451
0.301424
0.427969
0.497251
0.527296
0.506554
0.565485
0.661777
0.731246
0.810982
0.854156
0.90407
0.929783
0.959546
0.975527
0.993747
1.00288
1.01431
1.01907
1.02557
1.02899
1.03142
1.03478
1.03461
1.03751
1.03606
1.03818
1.03642
1.03737
1.03635
1.036
1.03588
1.03437
1.03472
1.03258
1.03314
1.03257
1.35424
1.05002
0.749928
0.719968
0.749313
0.775398
0.764168
0.692459
0.61694
0.660517
0.709597
0.770417
0.829156
0.867376
0.912055
0.933389
0.963147
0.973901
0.995743
0.999645
1.01618
1.01663
1.02844
1.02875
1.03485
1.03685
1.03857
1.04137
1.04067
1.0433
1.04113
1.04322
1.04109
1.04217
1.04072
1.04012
1.03921
1.03766
1.03823
1.03766
1.11796
1.10655
1.01006
1.05694
1.01777
0.991091
0.891492
0.787736
0.747972
0.786523
0.785707
0.845339
0.869617
0.908449
0.934772
0.956669
0.976468
0.987121
1.00481
1.00857
1.02559
1.02428
1.03847
1.03621
1.04523
1.0445
1.04866
1.04915
1.05025
1.0509
1.05012
1.05099
1.04923
1.0499
1.04732
1.04706
1.04479
1.04447
1.04376
1.04349
1.08115
1.11261
1.05517
1.07613
1.03038
0.965978
0.869036
0.850501
0.836591
0.861236
0.874207
0.916131
0.933071
0.972254
0.979661
1.00532
1.00869
1.02487
1.02839
1.03757
1.04571
1.04688
1.05678
1.05438
1.06156
1.05887
1.0628
1.06073
1.06256
1.06106
1.06184
1.06001
1.05995
1.05835
1.05747
1.05597
1.05415
1.05369
1.05167
1.05177
0.937486
0.912887
0.905398
0.908245
0.870824
0.837074
0.834347
0.852466
0.848989
0.877297
0.896183
0.943846
0.966095
1.00555
1.02707
1.05027
1.05888
1.07298
1.06611
1.07601
1.07123
1.07559
1.07623
1.07561
1.0776
1.07629
1.07689
1.07644
1.07583
1.07566
1.07458
1.07286
1.07265
1.06908
1.06886
1.06598
1.06595
1.06454
1.06343
1.06356
0.607483
0.569068
0.626706
0.642647
0.673529
0.694677
0.74844
0.76621
0.811826
0.855044
0.898671
0.947292
0.973757
1.01495
1.04002
1.0655
1.08471
1.10193
1.10786
1.11604
1.11063
1.11006
1.10616
1.10394
1.10377
1.10338
1.10279
1.10518
1.10195
1.10501
1.09959
1.10115
1.09749
1.09687
1.09431
1.0913
1.09002
1.08687
1.08386
1.08302
0.204236
0.159427
0.252539
0.303796
0.380869
0.44609
0.527009
0.599261
0.686266
0.765562
0.844288
0.914204
0.965423
1.00744
1.04644
1.0681
1.09438
1.11196
1.12555
1.14273
1.14973
1.15764
1.16047
1.15827
1.1563
1.15072
1.14899
1.14501
1.14457
1.14333
1.14086
1.13997
1.13742
1.13656
1.13467
1.13338
1.12478
1.12171
1.1128
1.11057
0.343719
0.281303
0.166163
0.102703
0.0503585
0.0950234
0.179178
0.285931
0.42022
0.543693
0.653735
0.768432
0.854554
0.92444
0.990188
1.03201
1.07838
1.10461
1.13384
1.15006
1.16735
1.17841
1.18877
1.19465
1.20159
1.20241
1.20426
1.20207
1.1996
1.19722
1.19818
1.19345
1.19633
1.18926
1.19069
1.18738
1.18516
1.18268
1.17737
1.17351
0.616457
0.618093
0.546438
0.465809
0.398561
0.339778
0.277801
0.220393
0.170801
0.248166
0.34343
0.455614
0.562307
0.667499
0.749541
0.850251
0.919573
0.995293
1.04655
1.09422
1.12994
1.15553
1.17954
1.19129
1.20439
1.20949
1.21596
1.21668
1.21884
1.21542
1.22086
1.2154
1.21857
1.21347
1.2138
1.21044
1.21306
1.21254
1.21731
1.22425
0.562282
0.575912
0.578788
0.577198
0.591016
0.605472
0.622923
0.641879
0.65592
0.647056
0.617528
0.630436
0.688097
0.666027
0.520447
0.444128
0.443046
0.465655
0.507319
0.579009
0.66241
0.755063
0.825921
0.896561
0.958397
1.0116
1.06193
1.10336
1.14206
1.16809
1.19414
1.21689
1.23931
1.25609
1.27309
1.28484
1.29836
1.30464
1.31216
1.31372
0.323143
0.347061
0.380162
0.423242
0.477011
0.530608
0.582376
0.632142
0.677218
0.715903
0.746213
0.762825
0.77014
0.756192
0.740743
0.713476
0.688012
0.650524
0.599652
0.548218
0.338327
0.267873
0.504309
0.559998
0.614529
0.652672
0.698633
0.734795
0.777738
0.81917
0.86882
0.911114
0.965253
1.00447
1.05662
1.09102
1.14495
1.18728
1.25408
1.30374
1.01733
1.01686
1.01849
1.01881
1.01966
1.01963
1.0202
1.02006
1.02057
1.02021
1.02049
1.0204
1.02008
1.02019
1.01931
1.01925
1.01769
1.01681
1.01424
1.01161
1.0072
1.00204
0.995384
0.988199
0.982111
0.98025
0.98469
0.994651
1.00344
1.0078
1.00826
1.00826
1.00841
1.00855
1.0086
1.00858
1.00855
1.00844
1.0083
1.00824
1.00019
1.00079
0.99965
1.00002
0.999372
1.00006
0.99951
1.00008
0.999883
1.00008
1.00033
1.0002
1.00088
1.00071
1.00154
1.00185
1.00296
1.0043
1.00635
1.00931
1.01294
1.01733
1.02168
1.02599
1.02768
1.02791
1.02608
1.02034
1.01259
1.01022
1.00979
1.00989
1.00994
1.00992
1.00975
1.00957
1.00921
1.00892
1.00874
1.00865
1.01512
1.01547
1.01713
1.01763
1.01871
1.01871
1.01945
1.01903
1.01943
1.01924
1.01886
1.01887
1.01805
1.01795
1.0166
1.01628
1.01418
1.01312
1.01023
1.00807
1.00465
1.00208
0.999817
0.999847
1.00126
1.00367
1.00659
1.00809
1.00849
1.00863
1.00882
1.00905
1.00924
1.00942
1.00935
1.00932
1.00939
1.00922
1.00911
1.00907
1.00213
1.0029
1.00213
1.00238
1.0018
1.00233
1.00204
1.00254
1.00252
1.00287
1.00328
1.00353
1.00439
1.00497
1.00573
1.00714
1.00822
1.01044
1.01223
1.0151
1.01731
1.01997
1.02199
1.02325
1.02361
1.02312
1.02123
1.019
1.01638
1.01367
1.01236
1.01184
1.01152
1.01087
1.01058
1.01023
1.00967
1.00946
1.00929
1.00925
1.01349
1.01438
1.01564
1.0162
1.01699
1.01703
1.01755
1.0174
1.01732
1.01737
1.01671
1.01658
1.01578
1.01543
1.01426
1.01356
1.01183
1.0107
1.00863
1.00714
1.00534
1.00455
1.00459
1.00541
1.00588
1.00702
1.00872
1.00977
1.01011
1.01016
1.01015
1.01027
1.01047
1.01042
1.01035
1.01036
1.01012
1.00983
1.00968
1.00964
1.00441
1.00487
1.00442
1.00478
1.00447
1.0048
1.00489
1.0052
1.0056
1.00607
1.00656
1.00706
1.00768
1.00855
1.0093
1.01051
1.01155
1.013
1.01416
1.01565
1.01655
1.01776
1.01874
1.01945
1.0195
1.01912
1.01848
1.01744
1.01567
1.01411
1.01331
1.01295
1.01237
1.01152
1.01114
1.01058
1.01021
1.01004
1.0099
1.00982
1.01238
1.01342
1.01432
1.01496
1.01544
1.01571
1.01572
1.01595
1.01558
1.01562
1.01517
1.01496
1.01431
1.01388
1.01292
1.01224
1.01103
1.01018
1.00889
1.00813
1.00726
1.00708
1.00725
1.00777
1.00805
1.00903
1.01027
1.01085
1.01107
1.01115
1.01132
1.01139
1.01146
1.01147
1.0114
1.01105
1.01067
1.01043
1.01026
1.01023
1.0063
1.00639
1.00643
1.00675
1.007
1.00738
1.00765
1.00804
1.00845
1.00876
1.00926
1.00982
1.0104
1.01106
1.01164
1.01244
1.01313
1.01389
1.01457
1.01523
1.01591
1.01679
1.01716
1.01724
1.01696
1.01663
1.01633
1.01558
1.01442
1.01359
1.01341
1.01315
1.01238
1.01188
1.01156
1.01119
1.01088
1.01065
1.01044
1.01041
1.01172
1.01278
1.01324
1.01389
1.01407
1.01446
1.01439
1.01473
1.01446
1.01466
1.01422
1.01412
1.01365
1.01336
1.01275
1.0123
1.01163
1.01124
1.01068
1.01027
1.00977
1.00991
1.01013
1.01014
1.01023
1.01096
1.01159
1.01188
1.01202
1.01219
1.01237
1.01238
1.0124
1.01229
1.01199
1.01161
1.01126
1.01098
1.0108
1.01075
1.00826
1.00837
1.00854
1.00887
1.00933
1.00972
1.01002
1.01036
1.0107
1.01113
1.01152
1.01199
1.01244
1.01289
1.0134
1.01384
1.01432
1.01483
1.01521
1.01572
1.01627
1.0165
1.01651
1.01613
1.01556
1.01537
1.01517
1.01451
1.01383
1.01348
1.01333
1.01283
1.01254
1.01238
1.01218
1.01185
1.01155
1.01128
1.01106
1.011
1.01171
1.01237
1.01275
1.01332
1.01343
1.01389
1.01389
1.01426
1.01414
1.01439
1.01412
1.01411
1.01388
1.01378
1.01347
1.01332
1.01308
1.01295
1.01262
1.01237
1.01216
1.01227
1.01216
1.01208
1.01227
1.01272
1.01295
1.01307
1.01314
1.0133
1.01335
1.01321
1.01305
1.01283
1.0125
1.01214
1.01188
1.0117
1.01136
1.01117
1.00973
1.01033
1.01058
1.01107
1.01131
1.0117
1.01188
1.01221
1.01246
1.01287
1.0132
1.0136
1.01394
1.01428
1.01457
1.01498
1.01531
1.01561
1.01597
1.01637
1.01658
1.01653
1.01614
1.01559
1.01526
1.01509
1.01477
1.01431
1.01398
1.0138
1.01355
1.01337
1.01331
1.01325
1.0129
1.01245
1.01216
1.01202
1.0118
1.01167
1.01181
1.01239
1.01281
1.01323
1.01355
1.014
1.0141
1.01447
1.01446
1.01472
1.01466
1.01482
1.01478
1.01484
1.01477
1.01474
1.01474
1.01472
1.01445
1.01428
1.0142
1.01424
1.01409
1.01405
1.01423
1.01432
1.01435
1.01438
1.01439
1.01435
1.01417
1.01392
1.0138
1.01368
1.01339
1.01297
1.01261
1.01246
1.01218
1.01188
1.01118
1.01187
1.0122
1.0126
1.01287
1.01324
1.01348
1.01388
1.01413
1.0145
1.01478
1.01515
1.01545
1.01576
1.01605
1.01633
1.01649
1.0167
1.01682
1.017
1.01687
1.0166
1.01616
1.01592
1.01567
1.0154
1.01512
1.01493
1.01478
1.01468
1.01457
1.01438
1.01422
1.01404
1.01373
1.01335
1.01305
1.01291
1.01282
1.01258
1.01244
1.01308
1.01338
1.01393
1.01418
1.01464
1.01478
1.01516
1.01526
1.01559
1.01566
1.01595
1.016
1.01626
1.01633
1.01652
1.01646
1.01639
1.01614
1.01606
1.01589
1.0158
1.01576
1.01578
1.01585
1.01585
1.01569
1.01551
1.01541
1.01531
1.01514
1.01492
1.01481
1.01467
1.01441
1.01395
1.01349
1.01332
1.01325
1.01295
1.01273
1.01322
1.01356
1.014
1.01427
1.01468
1.01489
1.01526
1.01542
1.01577
1.01593
1.01627
1.01643
1.01675
1.0169
1.01717
1.0172
1.01736
1.01733
1.0174
1.01714
1.01696
1.01673
1.01663
1.01655
1.01643
1.01622
1.01606
1.01601
1.01591
1.01565
1.01531
1.01514
1.01507
1.01489
1.01445
1.01402
1.01387
1.01386
1.01366
1.01348
1.01412
1.01442
1.01495
1.01518
1.01564
1.01578
1.01617
1.01625
1.01659
1.01668
1.017
1.01709
1.01741
1.01749
1.0177
1.01761
1.01761
1.01747
1.01748
1.01734
1.01732
1.01727
1.01735
1.01734
1.01723
1.01703
1.0169
1.01682
1.01674
1.0165
1.01612
1.01586
1.01576
1.0156
1.01515
1.01465
1.01447
1.01442
1.01434
1.01408
1.01469
1.01504
1.01555
1.01582
1.01627
1.01647
1.01689
1.01705
1.01746
1.01763
1.018
1.01813
1.01847
1.01852
1.0187
1.0186
1.01864
1.01851
1.0185
1.01829
1.01825
1.01815
1.01821
1.01812
1.018
1.01778
1.01765
1.01751
1.01736
1.0171
1.01675
1.0164
1.01625
1.01609
1.01568
1.0152
1.01499
1.01488
1.01464
1.01484
1.0155
1.01585
1.01641
1.01668
1.01716
1.01738
1.01781
1.01801
1.01845
1.01862
1.01901
1.01913
1.01945
1.01945
1.0196
1.01945
1.01951
1.01944
1.01948
1.01932
1.01931
1.01923
1.01928
1.01918
1.0191
1.01892
1.01882
1.0187
1.01854
1.01831
1.01795
1.01754
1.01726
1.01701
1.01662
1.01615
1.0159
1.01581
1.01566
1.01569
1.01635
1.01673
1.01731
1.01762
1.01816
1.01842
1.01893
1.01917
1.01965
1.01984
1.02024
1.02033
1.02061
1.02055
1.02065
1.02045
1.02055
1.02045
1.02047
1.02026
1.02026
1.02015
1.02019
1.02008
1.01994
1.01972
1.01963
1.01943
1.01924
1.01895
1.01864
1.01826
1.01794
1.01755
1.01714
1.01682
1.01663
1.01635
1.01609
1.01661
1.01728
1.01771
1.01833
1.01869
1.01926
1.01959
1.02015
1.02041
1.02093
1.0211
1.02148
1.02152
1.02179
1.02169
1.0218
1.0217
1.02189
1.02177
1.02176
1.0215
1.02151
1.02143
1.02156
1.02143
1.02132
1.02117
1.02112
1.0209
1.0207
1.02039
1.0201
1.01976
1.01939
1.0188
1.01822
1.01791
1.01776
1.01756
1.01739
1.01765
1.01835
1.01883
1.0195
1.01992
1.02051
1.02091
1.02145
1.02174
1.02221
1.02233
1.02266
1.02266
1.02293
1.02285
1.02311
1.02312
1.02335
1.02315
1.02305
1.02271
1.02269
1.02257
1.02264
1.02239
1.02229
1.0221
1.02195
1.02166
1.02148
1.02116
1.02091
1.02062
1.02032
1.01969
1.01899
1.01856
1.01838
1.01811
1.01792
1.01878
1.01952
1.02007
1.02076
1.02125
1.02187
1.02228
1.02281
1.02311
1.02353
1.02365
1.02401
1.02406
1.02442
1.0245
1.02491
1.02494
1.02514
1.02479
1.02467
1.02432
1.02439
1.02426
1.02429
1.02407
1.02412
1.02385
1.02368
1.02342
1.0233
1.02293
1.0227
1.02242
1.02211
1.02149
1.02077
1.02016
1.01992
1.01981
1.01973
1.02001
1.02084
1.02152
1.02222
1.0228
1.02339
1.02379
1.02423
1.02446
1.0248
1.02494
1.0253
1.02544
1.02588
1.02608
1.02653
1.02654
1.02664
1.02624
1.02617
1.0259
1.02608
1.02581
1.02576
1.02549
1.02551
1.02516
1.02498
1.0247
1.02454
1.02415
1.02394
1.02358
1.02316
1.02255
1.02184
1.02098
1.0205
1.02036
1.02037
1.02166
1.02257
1.02338
1.02412
1.02471
1.0253
1.02566
1.02606
1.02632
1.02669
1.02693
1.02733
1.0276
1.02809
1.02833
1.02878
1.02879
1.02886
1.02848
1.02856
1.02852
1.02877
1.02838
1.02828
1.02806
1.02807
1.02767
1.02746
1.02712
1.02692
1.02649
1.02631
1.02588
1.0254
1.0247
1.02401
1.02322
1.02287
1.02274
1.02272
1.02362
1.02455
1.02535
1.02605
1.0266
1.02711
1.02746
1.02795
1.02828
1.02881
1.02913
1.02963
1.02985
1.03028
1.03045
1.03086
1.03081
1.03084
1.03051
1.03077
1.03071
1.03079
1.0303
1.03026
1.02994
1.02985
1.02938
1.02931
1.0288
1.02857
1.0282
1.02812
1.02753
1.02686
1.02606
1.02523
1.02445
1.0241
1.02386
1.02373
1.02607
1.02704
1.02763
1.02843
1.02891
1.02959
1.0301
1.0309
1.03143
1.03218
1.03262
1.0332
1.03343
1.03395
1.03421
1.0347
1.03458
1.03463
1.03441
1.03472
1.0345
1.03451
1.03409
1.03406
1.03349
1.0334
1.03305
1.033
1.03231
1.03218
1.03179
1.03167
1.03088
1.03018
1.02908
1.02832
1.02762
1.02733
1.02694
1.02676
1.02832
1.02913
1.02974
1.03054
1.0311
1.03201
1.03259
1.03345
1.034
1.03477
1.03517
1.03572
1.03599
1.03673
1.03699
1.03737
1.03714
1.03742
1.03733
1.03751
1.03709
1.03716
1.03672
1.03661
1.03595
1.03592
1.03539
1.03521
1.03458
1.03452
1.03393
1.03368
1.03271
1.03197
1.03067
1.02994
1.02909
1.02878
1.02842
1.02837
1.03137
1.03221
1.03321
1.03406
1.03509
1.03599
1.03682
1.03781
1.0386
1.03942
1.0399
1.0406
1.04118
1.04203
1.04212
1.04243
1.04244
1.04299
1.04289
1.04289
1.04249
1.04266
1.04222
1.04213
1.04153
1.04133
1.04053
1.04044
1.04003
1.03995
1.03915
1.03878
1.03762
1.03679
1.03551
1.03474
1.03361
1.03324
1.03285
1.03291
1.0338
1.03509
1.03627
1.03739
1.03859
1.03935
1.04063
1.04144
1.04243
1.04289
1.04375
1.04458
1.04536
1.04572
1.04588
1.0464
1.04678
1.04709
1.04683
1.04686
1.04667
1.0466
1.04615
1.04605
1.04532
1.04488
1.04418
1.04418
1.0436
1.04336
1.04249
1.04182
1.04033
1.03941
1.03789
1.03699
1.03584
1.03546
1.03483
1.03486
1.0394
1.04128
1.04238
1.04402
1.04495
1.04656
1.04764
1.04864
1.04948
1.05028
1.05154
1.05221
1.0529
1.05316
1.05394
1.05443
1.05454
1.05438
1.05426
1.05435
1.05401
1.05384
1.05353
1.05338
1.0528
1.05264
1.05216
1.05197
1.05144
1.05131
1.05032
1.04935
1.04781
1.04663
1.04483
1.04399
1.04287
1.04245
1.04156
1.04136
1.04416
1.04592
1.0479
1.04932
1.05106
1.05223
1.05327
1.05437
1.05556
1.05703
1.058
1.05861
1.05941
1.06011
1.06126
1.06158
1.06254
1.06282
1.06356
1.06351
1.06358
1.06305
1.06249
1.0619
1.06123
1.06048
1.05941
1.05882
1.05797
1.05749
1.05605
1.05497
1.05304
1.05181
1.04997
1.04887
1.04745
1.04692
1.04594
1.04581
1.05324
1.0554
1.0572
1.05942
1.0607
1.06264
1.06369
1.06586
1.06686
1.06833
1.06892
1.06997
1.07069
1.07147
1.07194
1.07214
1.07196
1.07167
1.07131
1.07097
1.07019
1.06987
1.06923
1.06935
1.0686
1.06865
1.06779
1.06783
1.06696
1.06677
1.06554
1.06469
1.06288
1.06142
1.05932
1.05779
1.05582
1.05496
1.05379
1.05345
1.06217
1.0668
1.0693
1.07139
1.07346
1.07576
1.07803
1.07986
1.08164
1.08317
1.08487
1.0861
1.08769
1.0889
1.09047
1.09166
1.09299
1.09395
1.0949
1.09556
1.09595
1.09577
1.09518
1.09445
1.09324
1.09206
1.09011
1.08875
1.0865
1.0851
1.08276
1.08063
1.07773
1.07505
1.07215
1.06981
1.06769
1.06602
1.06472
1.06401
1.08192
1.08481
1.08603
1.08912
1.09066
1.09365
1.09485
1.09704
1.09767
1.09955
1.10015
1.10192
1.10236
1.10347
1.10296
1.10284
1.10155
1.1008
1.09933
1.09868
1.09732
1.09659
1.09525
1.09456
1.09339
1.09279
1.09172
1.09119
1.09022
1.08961
1.08831
1.08704
1.08518
1.08323
1.08095
1.07903
1.07716
1.07572
1.07437
1.07332
1.11173
1.11827
1.12143
1.12625
1.12853
1.13267
1.13479
1.13837
1.14022
1.14327
1.14479
1.14761
1.14913
1.15181
1.15337
1.15586
1.15734
1.15952
1.16075
1.16223
1.16242
1.16257
1.16165
1.16071
1.15879
1.15685
1.15403
1.15119
1.14762
1.144
1.1397
1.13538
1.13037
1.12546
1.11993
1.11505
1.10986
1.10577
1.10142
1.09831
1.17234
1.16822
1.16895
1.16767
1.16935
1.16879
1.17034
1.16982
1.17104
1.17043
1.17135
1.17055
1.17098
1.16959
1.1692
1.167
1.1658
1.16299
1.16131
1.15817
1.15628
1.15292
1.15084
1.14751
1.14552
1.14236
1.14048
1.13761
1.13584
1.13322
1.13156
1.129
1.12703
1.12379
1.12069
1.11631
1.11243
1.10856
1.10648
1.10626
1.23161
1.24418
1.25144
1.26209
1.26608
1.275
1.27795
1.28583
1.28818
1.29519
1.29701
1.30317
1.30451
1.30993
1.31089
1.31574
1.31628
1.32033
1.3201
1.323
1.3215
1.32307
1.32019
1.32003
1.31563
1.31363
1.30747
1.30359
1.29578
1.2901
1.28074
1.27341
1.26287
1.25461
1.24403
1.23614
1.22635
1.21833
1.20725
1.19584
1.31582
1.30911
1.31376
1.31464
1.32352
1.32551
1.33449
1.33563
1.34364
1.3435
1.35008
1.34834
1.35313
1.34959
1.35272
1.34779
1.35018
1.34501
1.34695
1.34067
1.34051
1.33186
1.32935
1.31884
1.31476
1.3037
1.29915
1.28829
1.28323
1.27275
1.26713
1.25757
1.25236
1.24444
1.23884
1.22874
1.21663
1.19883
1.18181
1.16802
1.36512
1.39185
1.44233
1.4812
1.5209
1.55456
1.59004
1.61954
1.65125
1.67698
1.70474
1.72661
1.7501
1.76753
1.78604
1.79799
1.81065
1.81657
1.82351
1.82454
1.82745
1.82527
1.82505
1.81976
1.81597
1.80655
1.79843
1.78513
1.77262
1.75493
1.73802
1.71613
1.69513
1.66971
1.64565
1.61802
1.59214
1.56536
1.53966
1.51469
1.00845
1.00905
1.00908
1.00918
1.00927
1.00939
1.00948
1.00963
1.00981
1.00998
1.01037
1.0108
1.01083
1.01097
1.01119
1.01134
1.01137
1.01115
1.01086
1.01062
1.01015
1.00946
1.00861
1.00757
1.00618
1.00447
1.00229
0.999782
0.997178
0.994585
0.991905
0.989109
0.986049
0.982145
0.980196
0.977308
0.977052
0.975541
0.975634
0.97358
1.00873
1.00919
1.00915
1.00932
1.00948
1.00958
1.00963
1.00978
1.01007
1.01045
1.01091
1.01125
1.0113
1.01122
1.01144
1.01163
1.01158
1.0113
1.01099
1.01086
1.01043
1.00954
1.00864
1.00759
1.00634
1.00447
1.00226
0.999313
0.996706
0.994183
0.991348
0.98857
0.985347
0.981421
0.979346
0.97641
0.976058
0.974533
0.974637
0.972883
1.00916
1.00948
1.0094
1.00968
1.00972
1.00985
1.00993
1.01012
1.01039
1.01079
1.01122
1.01145
1.01141
1.01118
1.01135
1.01147
1.01137
1.01107
1.01069
1.01044
1.01002
1.00926
1.00831
1.00718
1.00553
1.00346
1.00129
0.998784
0.996062
0.993338
0.990294
0.987352
0.984288
0.981097
0.978731
0.976289
0.975278
0.973899
0.973642
0.972225
1.00933
1.00952
1.00949
1.00973
1.00969
1.0099
1.01008
1.01024
1.01047
1.01083
1.01121
1.01138
1.01125
1.01095
1.01099
1.01095
1.01084
1.01056
1.01024
1.0099
1.00939
1.00848
1.00736
1.00614
1.00456
1.00271
1.00042
0.998095
0.994852
0.991932
0.988935
0.985911
0.98297
0.980323
0.977902
0.975877
0.974333
0.972807
0.972413
0.971376
1.0097
1.00978
1.0098
1.01001
1.00989
1.01021
1.01043
1.01062
1.01071
1.01102
1.01127
1.01135
1.01117
1.01088
1.01081
1.01068
1.01047
1.01018
1.00983
1.00952
1.00891
1.00804
1.00691
1.00567
1.0039
1.00183
0.999606
0.997135
0.994177
0.9913
0.987876
0.984759
0.981922
0.979611
0.97725
0.975391
0.973746
0.971968
0.971512
0.970721
1.00986
1.0099
1.0099
1.01003
1.00992
1.0104
1.01064
1.01089
1.01098
1.0112
1.01135
1.0114
1.01126
1.01106
1.01104
1.01088
1.01067
1.01033
1.01007
1.00978
1.00904
1.00799
1.00666
1.00533
1.00374
1.00178
0.999555
0.996946
0.993883
0.990638
0.987155
0.983896
0.98105
0.978708
0.976401
0.974558
0.972964
0.970893
0.970486
0.969743
1.01026
1.01024
1.01023
1.0103
1.0103
1.01073
1.01102
1.01133
1.01133
1.01133
1.01143
1.01144
1.0113
1.01126
1.01119
1.01095
1.01072
1.0105
1.01022
1.00986
1.00908
1.008
1.00669
1.0052
1.00352
1.00157
0.999103
0.996263
0.993328
0.990092
0.986406
0.983101
0.980118
0.977701
0.975326
0.973438
0.972093
0.969912
0.969547
0.968828
1.01049
1.01054
1.0105
1.01055
1.01074
1.01123
1.01147
1.01185
1.01181
1.01179
1.01194
1.01196
1.0119
1.01194
1.01201
1.01181
1.01162
1.01148
1.01116
1.01065
1.00989
1.00879
1.00748
1.00597
1.00418
1.00205
0.99953
0.996628
0.993507
0.989976
0.986269
0.982884
0.979626
0.976936
0.974419
0.972268
0.971143
0.969008
0.968365
0.967622
1.0108
1.01086
1.01078
1.01091
1.01124
1.01161
1.01164
1.01203
1.01195
1.01197
1.01209
1.01214
1.01204
1.01198
1.01208
1.0119
1.01176
1.01166
1.01134
1.01079
1.00997
1.00893
1.00756
1.0059
1.00394
1.00167
0.99887
0.995813
0.992551
0.988882
0.98528
0.981652
0.978306
0.975516
0.972983
0.970779
0.969845
0.968064
0.96763
0.96672
1.01114
1.0113
1.01131
1.01144
1.01187
1.01211
1.01214
1.01261
1.01265
1.01275
1.01289
1.01301
1.01295
1.01288
1.01303
1.01291
1.01285
1.01281
1.01253
1.012
1.0112
1.01018
1.00872
1.00699
1.0048
1.00227
0.999325
0.996108
0.992702
0.988881
0.985011
0.981361
0.977818
0.974787
0.972098
0.969751
0.968748
0.96714
0.966722
0.965549
1.01133
1.01156
1.01156
1.01168
1.01208
1.01229
1.01233
1.01266
1.01277
1.01298
1.01298
1.01315
1.01309
1.01296
1.01311
1.01306
1.01296
1.01283
1.01238
1.01181
1.01098
1.00987
1.00836
1.00648
1.00414
1.00133
0.998306
0.994924
0.991325
0.987239
0.983499
0.979658
0.976162
0.973164
0.970577
0.968305
0.967389
0.965891
0.965902
0.964592
1.01182
1.01206
1.01219
1.0123
1.01268
1.01292
1.01299
1.01324
1.01342
1.01383
1.01369
1.01398
1.01402
1.01388
1.01398
1.01401
1.01383
1.01357
1.01323
1.01271
1.01196
1.01086
1.0094
1.00738
1.00502
1.00201
0.998777
0.995062
0.991272
0.987181
0.983026
0.979185
0.975415
0.972209
0.969602
0.967214
0.966217
0.964534
0.964577
0.963204
1.01195
1.01224
1.01242
1.01255
1.01286
1.01303
1.01319
1.0134
1.01351
1.01382
1.01359
1.01392
1.01396
1.01391
1.01389
1.01389
1.01367
1.01335
1.01301
1.01236
1.0115
1.01029
1.00878
1.00667
1.00415
1.00101
0.997493
0.993684
0.989758
0.98535
0.981415
0.977202
0.973566
0.970394
0.967873
0.96563
0.964733
0.962901
0.9634
0.962063
1.01248
1.01293
1.01309
1.01337
1.01351
1.01367
1.01394
1.0141
1.01425
1.01459
1.01439
1.01475
1.01488
1.01491
1.01478
1.01486
1.01464
1.01437
1.01398
1.01326
1.01243
1.01123
1.0096
1.00746
1.00486
1.00144
0.997805
0.993739
0.989509
0.985222
0.980664
0.976561
0.972584
0.969211
0.966638
0.964229
0.963383
0.961435
0.961794
0.960676
1.01284
1.01325
1.01357
1.01387
1.01402
1.01414
1.0144
1.01438
1.01465
1.01495
1.01472
1.01494
1.01501
1.01508
1.01492
1.01507
1.0149
1.01455
1.01398
1.01312
1.01207
1.01059
1.00875
1.00655
1.00366
1.00035
0.996454
0.992314
0.987914
0.983196
0.97894
0.974176
0.970423
0.967017
0.964523
0.962244
0.961568
0.959716
0.960572
0.959475
1.01329
1.01384
1.01408
1.01454
1.0147
1.01477
1.01489
1.01482
1.01541
1.01581
1.01576
1.01598
1.01603
1.01631
1.01614
1.01637
1.01616
1.01578
1.01516
1.0142
1.01298
1.01148
1.00962
1.0072
1.00434
1.00071
0.996748
0.992212
0.987502
0.983051
0.977736
0.973465
0.969353
0.965776
0.963145
0.960618
0.96008
0.958255
0.958927
0.958118
1.01423
1.01449
1.01471
1.0151
1.01527
1.01537
1.01551
1.01551
1.01612
1.01647
1.01671
1.01677
1.01665
1.01683
1.01667
1.01678
1.01655
1.01609
1.01531
1.01424
1.01282
1.01111
1.00884
1.00639
1.00311
0.999578
0.995316
0.99057
0.985773
0.980459
0.975887
0.970639
0.966654
0.963126
0.96053
0.958254
0.957988
0.956375
0.957513
0.956765
1.01451
1.01477
1.01508
1.01539
1.01574
1.01599
1.01628
1.01628
1.01672
1.017
1.01751
1.01766
1.01758
1.01796
1.01763
1.01776
1.01746
1.01704
1.01628
1.01522
1.01371
1.01196
1.00981
1.00703
1.0039
0.999989
0.995384
0.990306
0.984921
0.980097
0.974025
0.96962
0.965179
0.961562
0.958871
0.956343
0.956123
0.954728
0.955559
0.955138
1.0155
1.01592
1.01616
1.01642
1.01671
1.01694
1.01717
1.01727
1.01758
1.01784
1.0184
1.01853
1.01879
1.01889
1.01836
1.01827
1.01775
1.01717
1.01639
1.0153
1.01364
1.01178
1.00907
1.0062
1.00245
0.998379
0.993568
0.988224
0.982975
0.977016
0.972044
0.966166
0.961882
0.958366
0.955885
0.953677
0.953673
0.952673
0.953827
0.953652
1.01597
1.01635
1.01656
1.01697
1.01746
1.01771
1.01815
1.01841
1.01865
1.01889
1.01914
1.01942
1.01981
1.01985
1.01939
1.01934
1.0187
1.01812
1.01729
1.01617
1.01465
1.0125
1.01003
1.00663
1.00304
0.998699
0.993418
0.98792
0.98173
0.976434
0.969611
0.96483
0.960044
0.956358
0.95368
0.951229
0.951278
0.950458
0.951453
0.951719
1.01734
1.01764
1.01793
1.01855
1.01904
1.01924
1.01962
1.01986
1.02008
1.02021
1.02039
1.02069
1.02109
1.02106
1.02072
1.02055
1.01967
1.01893
1.01775
1.0165
1.01457
1.01233
1.00922
1.00568
1.00147
0.996574
0.991235
0.985058
0.979228
0.972582
0.967289
0.96071
0.956071
0.952552
0.950015
0.948004
0.948374
0.947974
0.949583
0.950095
1.01797
1.01822
1.01848
1.01901
1.01956
1.02007
1.02052
1.02075
1.02112
1.02133
1.02157
1.02171
1.02185
1.02187
1.02181
1.02167
1.02094
1.02018
1.01904
1.01737
1.01549
1.01281
1.00976
1.00579
1.00142
0.996364
0.990394
0.984251
0.977138
0.971459
0.963954
0.958738
0.953493
0.949755
0.947095
0.944725
0.945287
0.944919
0.946628
0.947938
1.01977
1.02013
1.02033
1.02088
1.02151
1.02197
1.02229
1.02251
1.02277
1.023
1.02312
1.02315
1.02331
1.02332
1.02326
1.02296
1.02216
1.02132
1.01966
1.01802
1.01565
1.01274
1.00907
1.00488
0.999881
0.994076
0.988008
0.980709
0.974301
0.966505
0.96085
0.953515
0.948447
0.945061
0.942654
0.940729
0.941913
0.941908
0.944439
0.946344
1.02043
1.02085
1.02107
1.02159
1.02204
1.02244
1.02283
1.02323
1.0236
1.02381
1.02394
1.02417
1.02426
1.02409
1.02399
1.02345
1.02292
1.02191
1.0206
1.01867
1.01633
1.01292
1.00938
1.00459
0.999167
0.993233
0.986072
0.979158
0.97084
0.96471
0.956347
0.95054
0.944787
0.940868
0.938595
0.936157
0.937727
0.9379
0.940368
0.943445
1.02274
1.02336
1.02369
1.02428
1.0246
1.02517
1.02566
1.02618
1.02651
1.02663
1.02679
1.0269
1.02688
1.02665
1.0262
1.02554
1.02464
1.02345
1.02161
1.01965
1.01649
1.013
1.00867
1.00327
0.997513
0.990486
0.983405
0.974795
0.967584
0.958488
0.95226
0.943793
0.938472
0.935261
0.932949
0.931059
0.933482
0.933977
0.937475
0.941472
1.02362
1.02418
1.02448
1.02514
1.02545
1.02592
1.02628
1.02675
1.02714
1.02756
1.02778
1.02793
1.02796
1.02751
1.02713
1.02625
1.02544
1.02377
1.02216
1.01953
1.0165
1.01256
1.00793
1.00239
0.995583
0.988595
0.979822
0.971901
0.962044
0.955177
0.945552
0.939297
0.933227
0.928567
0.927254
0.924517
0.927389
0.928288
0.931652
0.937075
1.02656
1.02721
1.0277
1.02861
1.02899
1.02949
1.02991
1.03059
1.03114
1.03132
1.03152
1.03153
1.03136
1.03106
1.03038
1.02955
1.02802
1.02619
1.02381
1.02086
1.01704
1.01253
1.00726
1.00026
0.993292
0.984603
0.976331
0.965912
0.957415
0.947071
0.940092
0.931116
0.924902
0.922103
0.920001
0.918389
0.921851
0.923069
0.927639
0.934495
1.02796
1.02855
1.02887
1.02962
1.02993
1.03048
1.03091
1.03144
1.03177
1.03197
1.03228
1.03226
1.03215
1.03153
1.03096
1.02985
1.02844
1.02631
1.02378
1.02033
1.01615
1.01133
1.00483
0.998051
0.989455
0.98103
0.970292
0.96093
0.949248
0.941245
0.930235
0.923053
0.916942
0.911941
0.911665
0.908493
0.91298
0.914834
0.919161
0.927888
1.0325
1.03321
1.0335
1.03428
1.03482
1.03573
1.03643
1.03688
1.03712
1.0374
1.03735
1.03733
1.03672
1.03607
1.03498
1.03368
1.03156
1.02912
1.02594
1.02164
1.01696
1.01051
1.00374
0.994835
0.986194
0.975161
0.965153
0.952626
0.942687
0.930744
0.922726
0.913066
0.906254
0.903386
0.902106
0.900805
0.9058
0.908185
0.913413
0.924304
1.03444
1.03512
1.03526
1.0359
1.03623
1.03699
1.03745
1.03793
1.03822
1.03833
1.0384
1.03791
1.0375
1.0365
1.03544
1.03371
1.03114
1.02841
1.02422
1.01993
1.01368
1.00746
0.998748
0.990035
0.978846
0.968384
0.95521
0.943907
0.930223
0.920099
0.908212
0.899636
0.893276
0.888419
0.889752
0.886581
0.8926
0.896349
0.901077
0.914115
1.04091
1.04193
1.04206
1.04303
1.04337
1.04437
1.04463
1.04524
1.04529
1.04558
1.04515
1.04475
1.04381
1.04259
1.04106
1.03835
1.03562
1.03148
1.02711
1.02081
1.01436
1.00543
0.996469
0.984647
0.973703
0.959649
0.947334
0.932127
0.920113
0.906413
0.896643
0.886318
0.878614
0.87664
0.877572
0.875872
0.883047
0.888331
0.893955
0.908197
1.04512
1.0458
1.04591
1.04661
1.04683
1.0472
1.04728
1.04734
1.04738
1.04712
1.04648
1.04568
1.0442
1.04276
1.04005
1.03751
1.03342
1.02933
1.02286
1.01676
1.00754
0.99875
0.986538
0.975138
0.960554
0.947007
0.930666
0.91646
0.900197
0.887646
0.874301
0.864158
0.857871
0.854245
0.857521
0.855009
0.862644
0.870214
0.87634
0.89116
1.05255
1.0538
1.05372
1.05507
1.05508
1.05614
1.05608
1.05659
1.05618
1.05574
1.05499
1.05368
1.05227
1.04956
1.04706
1.04263
1.03865
1.03179
1.02548
1.01572
1.00634
0.99378
0.981126
0.965712
0.950836
0.932841
0.917121
0.898049
0.883187
0.867354
0.855434
0.844608
0.837326
0.83685
0.841919
0.840049
0.849249
0.859722
0.867907
0.883666
1.06341
1.06395
1.06375
1.06427
1.0638
1.06416
1.06326
1.0632
1.06155
1.06089
1.05837
1.05685
1.05318
1.05054
1.04539
1.04106
1.03357
1.02681
1.01644
1.00653
0.993087
0.979973
0.962936
0.946884
0.927007
0.909173
0.887629
0.869347
0.849924
0.834256
0.819801
0.808886
0.803309
0.802741
0.810014
0.808924
0.818354
0.832146
0.841492
0.86149
1.07241
1.07301
1.07299
1.07368
1.07362
1.07373
1.07314
1.07218
1.07089
1.06886
1.06686
1.06352
1.06057
1.05556
1.05111
1.04355
1.03648
1.02559
1.01502
1.00027
0.985607
0.966849
0.948409
0.926876
0.906126
0.882731
0.861217
0.837944
0.819131
0.801384
0.788065
0.778204
0.773467
0.775585
0.787665
0.788343
0.800051
0.81806
0.831632
0.851192
1.0954
1.0957
1.09417
1.0948
1.09262
1.09255
1.08911
1.08805
1.08335
1.08134
1.07549
1.07232
1.06487
1.05961
1.0495
1.04098
1.02718
1.01442
0.996347
0.979179
0.957152
0.93617
0.911147
0.887466
0.860021
0.834708
0.806683
0.782861
0.760117
0.742046
0.728304
0.719594
0.716117
0.721628
0.736607
0.740903
0.753475
0.776319
0.791417
0.820144
1.10831
1.10809
1.10885
1.10715
1.10534
1.10206
1.09915
1.09495
1.09135
1.08624
1.08153
1.07433
1.06713
1.05642
1.04553
1.03029
1.01492
0.9948
0.974878
0.950468
0.926478
0.898576
0.87058
0.839918
0.809267
0.778437
0.74883
0.722885
0.700314
0.683259
0.672215
0.666684
0.670619
0.679167
0.701868
0.717131
0.732578
0.760241
0.78285
0.806819
1.1811
1.17436
1.16068
1.15475
1.14371
1.14059
1.13147
1.12947
1.11954
1.11526
1.10144
1.0928
1.0741
1.06025
1.03646
1.01683
0.988052
0.962613
0.92945
0.898506
0.861524
0.825175
0.785808
0.746722
0.708575
0.671457
0.639355
0.608258
0.587067
0.56593
0.561707
0.557319
0.569755
0.580407
0.608617
0.635294
0.657316
0.69265
0.732625
0.763397
1.16699
1.16065
1.16721
1.16581
1.17099
1.16802
1.16553
1.1547
1.14244
1.12346
1.10249
1.07692
1.04861
1.01755
0.982663
0.946755
0.905944
0.865692
0.819917
0.776433
0.72839
0.684874
0.637676
0.598097
0.555275
0.525553
0.492642
0.48016
0.458171
0.469673
0.474669
0.499296
0.528346
0.569292
0.604197
0.651964
0.691581
0.725484
0.766676
0.799681
1.48914
1.46593
1.42794
1.39403
1.34753
1.30512
1.2534
1.20773
1.15312
1.10558
1.04934
1.00055
0.942752
0.892473
0.832972
0.781528
0.720802
0.669068
0.607489
0.556067
0.493636
0.4433
0.385782
0.340469
0.298731
0.262444
0.264675
0.261354
0.265334
0.32757
0.369965
0.423578
0.496737
0.540918
0.619094
0.66921
0.743272
0.791797
0.861293
0.902339
0.999981
1
0.999999
0.999998
0.999998
0.999998
0.999998
0.999998
0.999998
0.999999
0.999999
1
1
1
1
1
1
1
1
1
1
1
1
1
1
1
1
1
1
1
1
1
1
1
1
1
1
0.999998
0.999997
0.999978
0.999986
1.00002
1.00002
1.00001
1.00001
1.00001
1.00001
1.00001
1.00001
1.00001
1.00001
1
1
1
0.999999
0.999998
0.999997
0.999996
0.999994
0.999993
0.999991
0.99999
0.999988
0.999986
0.999985
0.999983
0.999981
0.999979
0.999978
0.999977
0.999976
0.999975
0.999974
0.999974
0.999975
0.999976
0.999977
0.99998
0.999985
0.999933
0.999998
1.00006
1.00005
1.00004
1.00003
1.00003
1.00002
1.00002
1.00002
1.00002
1.00002
1.00001
1.00001
1.00001
1.00001
1
1
0.999997
0.999994
0.99999
0.999986
0.999982
0.999978
0.999974
0.999969
0.999965
0.99996
0.999956
0.999951
0.999947
0.999943
0.999939
0.999935
0.999932
0.999929
0.999926
0.999925
0.999926
0.99993
0.999855
1.00002
1.00011
1.0001
1.00008
1.00007
1.00005
1.00005
1.00004
1.00003
1.00002
1.00001
1
0.999991
0.999982
0.999972
0.999963
0.999954
0.999945
0.999935
0.999925
0.999915
0.999904
0.999894
0.999884
0.999874
0.999865
0.999856
0.999847
0.999839
0.999831
0.999825
0.99982
0.999816
0.999813
0.999812
0.999814
0.999818
0.999825
0.999841
0.999724
1.00005
1.00018
1.00017
1.00015
1.00014
1.00013
1.00013
1.00012
1.00011
1.0001
1.00009
1.00008
1.00007
1.00006
1.00005
1.00004
1.00003
1.00002
1.00001
0.999993
0.99998
0.999966
0.999951
0.999937
0.999922
0.999907
0.999892
0.999877
0.999863
0.999849
0.999836
0.999823
0.999812
0.999804
0.999796
0.999792
0.99979
0.99979
0.999802
0.999656
1.00014
1.00034
1.00033
1.00032
1.00032
1.00031
1.00031
1.0003
1.0003
1.00029
1.00029
1.00028
1.00027
1.00026
1.00025
1.00023
1.00022
1.0002
1.00018
1.00016
1.00014
1.00012
1.0001
1.00007
1.00004
1.00002
0.999991
0.999963
0.999934
0.999907
0.99988
0.999854
0.999828
0.999803
0.999782
0.999763
0.999751
0.999742
0.999745
0.999551
1.0002
1.00046
1.00045
1.00043
1.00043
1.00042
1.00042
1.00042
1.00041
1.00041
1.0004
1.00039
1.00037
1.00036
1.00034
1.00033
1.00031
1.00028
1.00026
1.00023
1.0002
1.00017
1.00014
1.0001
1.00007
1.00003
0.999993
0.999954
0.999912
0.999872
0.999831
0.999792
0.999756
0.999723
0.999694
0.99967
0.999655
0.999646
0.999644
0.999416
1.00023
1.0005
1.00049
1.00047
1.00045
1.00044
1.00042
1.0004
1.00039
1.00037
1.00035
1.00032
1.0003
1.00027
1.00025
1.00022
1.00019
1.00015
1.00012
1.00008
1.00004
0.999999
0.999955
0.99991
0.999865
0.999819
0.999775
0.999731
0.999689
0.999648
0.999608
0.999572
0.99954
0.99951
0.999486
0.999465
0.999452
0.999445
0.99944
0.999158
1.00028
1.00058
1.00057
1.00054
1.00051
1.00049
1.00046
1.00044
1.00041
1.00038
1.00034
1.00031
1.00027
1.00024
1.0002
1.00015
1.00011
1.00006
1.00001
0.999959
0.999906
0.999851
0.999795
0.999738
0.999681
0.999622
0.999564
0.999507
0.999453
0.999402
0.999355
0.999312
0.999272
0.999237
0.999208
0.999184
0.999171
0.999165
0.999164
0.998828
1.00037
1.00071
1.00069
1.00067
1.00064
1.00062
1.00059
1.00057
1.00054
1.00051
1.00048
1.00044
1.00041
1.00037
1.00032
1.00027
1.00022
1.00017
1.00011
1.00005
0.999987
0.999919
0.999848
0.999777
0.999704
0.999634
0.999563
0.999494
0.999427
0.999362
0.999301
0.999244
0.99919
0.999145
0.999107
0.999077
0.999056
0.999046
0.999048
0.99867
1.00057
1.00097
1.00096
1.00094
1.00093
1.00091
1.00089
1.00087
1.00085
1.00082
1.00079
1.00076
1.00072
1.00068
1.00064
1.00058
1.00053
1.00047
1.0004
1.00033
1.00026
1.00018
1.0001
1.00002
0.999932
0.999842
0.99975
0.999657
0.999564
0.999473
0.999383
0.999298
0.999221
0.99915
0.999087
0.999032
0.998989
0.998965
0.998956
0.998545
1.00071
1.00115
1.00113
1.00112
1.0011
1.00108
1.00106
1.00104
1.00101
1.00098
1.00095
1.00091
1.00087
1.00082
1.00077
1.00071
1.00065
1.00057
1.00049
1.00041
1.00032
1.00024
1.00015
1.00004
0.999935
0.999828
0.999719
0.999608
0.999501
0.999396
0.999293
0.999196
0.999105
0.999025
0.998953
0.998893
0.998843
0.998808
0.99879
0.998344
1.00076
1.00123
1.00121
1.00119
1.00116
1.00114
1.00111
1.00107
1.00103
1.00099
1.00094
1.00088
1.00082
1.00076
1.00069
1.00061
1.00054
1.00045
1.00035
1.00025
1.00014
1.00003
0.999907
0.999787
0.999665
0.999543
0.99942
0.999297
0.999178
0.999064
0.998955
0.998853
0.998758
0.998671
0.998596
0.998531
0.998483
0.99845
0.998427
0.997932
1.00086
1.00134
1.00132
1.0013
1.00127
1.00123
1.0012
1.00115
1.00111
1.00106
1.001
1.00094
1.00088
1.0008
1.00073
1.00064
1.00055
1.00045
1.00033
1.00022
1.00009
0.999964
0.999829
0.99969
0.999548
0.999404
0.999259
0.999114
0.998971
0.998831
0.998697
0.998573
0.998459
0.998356
0.998267
0.998192
0.998133
0.998092
0.998067
0.997544
1.00108
1.0016
1.00159
1.00156
1.00154
1.00151
1.00147
1.00144
1.00139
1.00134
1.00128
1.00122
1.00114
1.00107
1.00098
1.00089
1.00078
1.00067
1.00055
1.00041
1.00027
1.00013
0.999973
0.999813
0.999649
0.99948
0.999311
0.999141
0.998973
0.998809
0.998652
0.998504
0.998367
0.998242
0.998132
0.998041
0.997966
0.997918
0.997886
0.997334
1.00136
1.0019
1.00188
1.00186
1.00183
1.0018
1.00176
1.00171
1.00166
1.0016
1.00154
1.00146
1.00139
1.0013
1.0012
1.00108
1.00096
1.00084
1.0007
1.00054
1.00038
1.00021
1.00004
0.999856
0.999669
0.999478
0.999285
0.999093
0.998904
0.99872
0.998543
0.998376
0.99822
0.998079
0.997955
0.997851
0.997768
0.997708
0.99767
0.997109
1.00152
1.00206
1.00205
1.00202
1.00199
1.00196
1.00191
1.00186
1.00181
1.00174
1.00167
1.0016
1.0015
1.0014
1.00128
1.00115
1.00101
1.00088
1.00072
1.00055
1.00036
1.00017
0.999975
0.999767
0.999554
0.999337
0.999117
0.998898
0.998681
0.998471
0.998267
0.998075
0.997896
0.997733
0.99759
0.997468
0.997371
0.9973
0.997251
0.996679
1.0017
1.00225
1.00223
1.00221
1.00218
1.00214
1.00209
1.00204
1.00198
1.00191
1.00182
1.00174
1.00164
1.00152
1.0014
1.00126
1.0011
1.00095
1.00078
1.00058
1.00038
1.00017
0.999946
0.999713
0.999472
0.999225
0.998975
0.998725
0.998477
0.998235
0.998002
0.99778
0.997573
0.997386
0.997221
0.997079
0.996965
0.996883
0.996822
0.996224
1.00196
1.00252
1.00249
1.00247
1.00244
1.0024
1.00235
1.00229
1.00223
1.00215
1.00206
1.00197
1.00186
1.00173
1.00159
1.00144
1.00127
1.0011
1.00091
1.0007
1.00047
1.00023
0.999987
0.999725
0.999454
0.999178
0.998899
0.998618
0.99834
0.998067
0.997805
0.997556
0.997323
0.997112
0.996922
0.996764
0.996631
0.996538
0.996469
0.995865
1.00222
1.00278
1.00277
1.00274
1.0027
1.00266
1.00261
1.00255
1.00248
1.00239
1.00231
1.0022
1.00208
1.00194
1.00179
1.00162
1.00144
1.00125
1.00104
1.0008
1.00056
1.0003
1.00002
0.999736
0.999437
0.99913
0.998819
0.998506
0.998194
0.997889
0.997594
0.99731
0.99705
0.996812
0.996601
0.996422
0.996275
0.99616
0.996091
0.995479
1.00247
1.00303
1.003
1.00298
1.00294
1.0029
1.00285
1.00278
1.00271
1.00262
1.00253
1.00241
1.00229
1.00214
1.00198
1.00179
1.0016
1.00139
1.00116
1.0009
1.00065
1.00036
1.00005
0.999725
0.999392
0.999051
0.998704
0.998355
0.998011
0.997669
0.99734
0.997031
0.996737
0.996467
0.996226
0.996022
0.995853
0.995728
0.995633
0.995045
1.00272
1.00327
1.00327
1.00324
1.0032
1.00315
1.00309
1.00302
1.00294
1.00285
1.00275
1.00263
1.00249
1.00234
1.00217
1.00198
1.00176
1.00154
1.00128
1.00102
1.00072
1.00041
1.00007
0.999726
0.999364
0.998988
0.998606
0.998219
0.99783
0.99745
0.997082
0.996721
0.996395
0.9961
0.995834
0.995602
0.995418
0.995257
0.995172
0.994542
1.00298
1.00354
1.00351
1.00348
1.00345
1.00341
1.00335
1.00328
1.0032
1.00312
1.003
1.00288
1.00273
1.00257
1.00238
1.00218
1.00195
1.00171
1.00145
1.00115
1.00083
1.00049
1.00012
0.999734
0.999329
0.998914
0.998491
0.998063
0.997643
0.997222
0.996814
0.996442
0.996071
0.995727
0.995423
0.995163
0.994944
0.994803
0.994665
0.994072
1.00325
1.00381
1.0038
1.00378
1.00373
1.00368
1.00362
1.00355
1.00346
1.00337
1.00325
1.00312
1.00297
1.0028
1.00261
1.0024
1.00216
1.0019
1.0016
1.00128
1.00094
1.00057
1.00018
0.999769
0.999338
0.998886
0.998423
0.997952
0.997472
0.997004
0.996549
0.996088
0.995689
0.995327
0.994996
0.99471
0.994486
0.994268
0.994192
0.9935
1.00353
1.00408
1.00405
1.00402
1.00399
1.00395
1.00389
1.00382
1.00374
1.00365
1.00353
1.00339
1.00324
1.00306
1.00285
1.00262
1.00238
1.0021
1.00179
1.00145
1.00108
1.00068
1.00025
0.999787
0.999302
0.998804
0.998291
0.99777
0.997264
0.996752
0.996254
0.995808
0.995342
0.994903
0.994528
0.9942
0.993912
0.993772
0.993561
0.992978
1.0038
1.00438
1.00436
1.00434
1.00429
1.00424
1.00418
1.0041
1.00401
1.00392
1.00379
1.00365
1.00349
1.0033
1.0031
1.00288
1.00262
1.00232
1.00199
1.00163
1.00123
1.00081
1.00035
0.999866
0.999354
0.998812
0.998258
0.997691
0.997097
0.996522
0.995959
0.995378
0.994895
0.994456
0.99404
0.993688
0.993422
0.993105
0.993051
0.992308
1.0041
1.00464
1.00462
1.00459
1.00456
1.00451
1.00446
1.00439
1.00431
1.00421
1.00409
1.00395
1.00379
1.00361
1.00338
1.00314
1.00286
1.00255
1.00221
1.00181
1.0014
1.00093
1.00044
0.999891
0.999319
0.99873
0.998109
0.997478
0.99687
0.996252
0.995646
0.995104
0.994514
0.99397
0.993508
0.993088
0.992711
0.992572
0.992263
0.991722
1.00436
1.00495
1.00493
1.00491
1.00487
1.00483
1.00477
1.00469
1.00461
1.00451
1.00438
1.00424
1.00406
1.00386
1.00366
1.00343
1.00315
1.00282
1.00246
1.00208
1.00164
1.00115
1.0006
1.00003
0.999422
0.998771
0.99811
0.997431
0.996711
0.996001
0.995309
0.99461
0.994023
0.993468
0.99294
0.99251
0.992191
0.991766
0.991727
0.990938
1.0047
1.00524
1.00522
1.00519
1.00516
1.00512
1.00507
1.005
1.00493
1.00482
1.0047
1.00456
1.00441
1.00422
1.004
1.00372
1.00343
1.00309
1.00271
1.00226
1.00178
1.00126
1.00071
1.00009
0.99942
0.99873
0.997986
0.997221
0.996479
0.995735
0.994999
0.994289
0.993565
0.992919
0.992353
0.991821
0.991334
0.991143
0.990758
0.990261
1.00496
1.00552
1.00551
1.00551
1.00547
1.00544
1.00538
1.00532
1.00525
1.00515
1.00502
1.00487
1.00469
1.00451
1.0043
1.00406
1.00377
1.00346
1.00308
1.00265
1.00216
1.0016
1.00095
1.00027
0.999542
0.998761
0.997977
0.997161
0.996301
0.995437
0.994586
0.993792
0.993052
0.992323
0.991669
0.991132
0.990734
0.990251
0.990153
0.989306
1.00529
1.00587
1.00585
1.00582
1.0058
1.00577
1.00572
1.00566
1.00559
1.00548
1.00536
1.00523
1.00509
1.0049
1.00467
1.00439
1.00409
1.00373
1.00331
1.00285
1.00232
1.00173
1.00111
1.00041
0.999648
0.998839
0.99795
0.997036
0.99612
0.995206
0.9943
0.993364
0.992503
0.991739
0.991015
0.990368
0.989749
0.98944
0.989021
0.988513
1.00558
1.00611
1.00611
1.00611
1.00609
1.00607
1.00603
1.00598
1.00592
1.00585
1.00573
1.00557
1.00538
1.00521
1.00501
1.00479
1.00453
1.00421
1.00382
1.00334
1.00278
1.00216
1.00142
1.0006
0.999744
0.99882
0.997885
0.996899
0.995871
0.994828
0.993794
0.992857
0.991909
0.991004
0.990233
0.989531
0.989026
0.988454
0.988233
0.987352
1.00592
1.0065
1.0065
1.00649
1.00647
1.00645
1.00642
1.00638
1.00631
1.0062
1.00606
1.00594
1.00583
1.00565
1.00544
1.00518
1.00488
1.00452
1.00409
1.00362
1.00308
1.00241
1.0017
1.0009
1.00002
0.99907
0.998017
0.996926
0.995813
0.994682
0.993553
0.992398
0.991354
0.990368
0.989428
0.988645
0.987879
0.987469
0.987012
0.98644
1.00617
1.00674
1.00673
1.00672
1.00673
1.00672
1.00671
1.00668
1.00664
1.00657
1.0065
1.00635
1.00618
1.00599
1.00578
1.00561
1.00538
1.00508
1.00471
1.00417
1.00354
1.00285
1.00203
1.00112
1.00011
0.999027
0.997909
0.996712
0.99545
0.994174
0.992907
0.991734
0.990569
0.989526
0.988581
0.987699
0.987019
0.986256
0.985929
0.984979
1.00658
1.00715
1.00715
1.00714
1.00713
1.00713
1.00715
1.00715
1.00711
1.00702
1.00685
1.0067
1.00657
1.00646
1.00632
1.0061
1.00583
1.00553
1.00513
1.00468
1.00412
1.00338
1.00252
1.00158
1.00055
0.999453
0.998218
0.996931
0.995589
0.994189
0.99277
0.991339
0.990017
0.98876
0.987639
0.986597
0.985736
0.985147
0.9845
0.983966
1.0068
1.00737
1.00738
1.00739
1.00739
1.00741
1.00742
1.00745
1.00746
1.0074
1.00731
1.00716
1.00703
1.00688
1.0067
1.00658
1.00642
1.00618
1.00584
1.00527
1.00455
1.00379
1.00292
1.00192
1.00078
0.999488
0.998151
0.996694
0.995143
0.99357
0.991968
0.990501
0.989084
0.987791
0.986579
0.985529
0.984516
0.983753
0.983278
0.982095
1.00722
1.0078
1.0078
1.00778
1.00777
1.0078
1.00788
1.00797
1.00801
1.00794
1.00774
1.00757
1.00745
1.00735
1.00731
1.00719
1.00701
1.00678
1.00648
1.00604
1.00542
1.00461
1.00366
1.0026
1.00139
1.00009
0.998666
0.997144
0.995542
0.993755
0.991968
0.990109
0.9885
0.986971
0.985488
0.984288
0.983041
0.982412
0.98141
0.980994
1.00742
1.008
1.00803
1.00804
1.00805
1.00807
1.00815
1.00829
1.00838
1.00837
1.00824
1.00804
1.00795
1.00789
1.00789
1.00786
1.00772
1.00757
1.00736
1.00686
1.00608
1.00524
1.00429
1.00317
1.00193
1.00045
0.998793
0.997122
0.995228
0.993208
0.991196
0.989178
0.987336
0.985833
0.984123
0.983076
0.981444
0.981077
0.979834
0.978741
1.00795
1.00852
1.00851
1.00849
1.00848
1.00851
1.00869
1.00893
1.00909
1.00915
1.00894
1.00874
1.00857
1.00868
1.0088
1.00882
1.00865
1.00857
1.00848
1.00797
1.00721
1.00639
1.00551
1.00439
1.003
1.00146
0.9997
0.997932
0.995993
0.993659
0.991484
0.988982
0.986892
0.984967
0.982667
0.981507
0.97953
0.979352
0.977957
0.977423
1.00755
1.00838
1.00864
1.00871
1.00876
1.0088
1.00895
1.0092
1.00945
1.00955
1.00951
1.00958
1.00948
1.00958
1.00975
1.00988
1.00981
1.00971
1.00967
1.0092
1.00849
1.00772
1.00684
1.00573
1.00435
1.00269
1.00065
0.998556
0.996177
0.993691
0.991191
0.988681
0.985752
0.983232
0.980981
0.979333
0.977845
0.97735
0.976328
0.973826
1.01272
1.0066
1.00781
1.00729
1.00779
1.00781
1.00795
1.00806
1.00818
1.00833
1.0084
1.00856
1.00874
1.00873
1.0088
1.00879
1.00877
1.00852
1.00824
1.00803
1.00744
1.00663
1.00595
1.00534
1.00465
1.00432
1.00367
1.00217
0.999516
0.996545
0.994865
0.99065
0.984077
0.975188
0.970508
0.971388
0.973673
0.9763
0.979486
0.980683
1.0133
1.00637
1.00818
1.00677
1.00756
1.00743
1.00761
1.00776
1.00788
1.00801
1.00811
1.00823
1.0083
1.00828
1.00837
1.00831
1.00817
1.00792
1.00763
1.00721
1.00665
1.00622
1.00592
1.00553
1.00473
1.00425
1.00342
1.00131
0.998374
0.995752
0.993977
0.989622
0.984182
0.977941
0.97367
0.975811
0.976972
0.978435
0.978818
0.979805
1.01277
1.00687
1.00802
1.00647
1.00733
1.00703
1.00734
1.00749
1.00759
1.00772
1.0078
1.00788
1.00791
1.00789
1.00789
1.00777
1.00757
1.00723
1.00691
1.00666
1.00639
1.00616
1.00609
1.00555
1.00447
1.00376
1.00262
1.00019
0.997831
0.995277
0.993291
0.989462
0.984348
0.980357
0.975952
0.979069
0.97961
0.980584
0.978708
0.979835
1.01139
1.00703
1.00767
1.00616
1.0071
1.00669
1.00713
1.00724
1.0073
1.00742
1.00748
1.00755
1.00755
1.00753
1.0075
1.00734
1.0071
1.00681
1.00663
1.00656
1.00636
1.00607
1.00592
1.00527
1.00404
1.00284
1.00146
0.99954
0.997575
0.994969
0.992583
0.989725
0.984686
0.982489
0.977607
0.98174
0.982072
0.983168
0.978803
0.980107
1.01017
1.00686
1.00722
1.00602
1.00692
1.0065
1.00699
1.00698
1.00709
1.00719
1.00721
1.00725
1.00725
1.00723
1.00716
1.00702
1.00686
1.00668
1.00662
1.00659
1.00623
1.00573
1.00544
1.00462
1.0031
1.00193
1.00062
0.99894
0.997212
0.994788
0.992017
0.990095
0.985276
0.984324
0.978768
0.983991
0.984021
0.985659
0.980143
0.97956
1.00961
1.0065
1.00678
1.00589
1.00674
1.00633
1.00682
1.00676
1.0069
1.00695
1.00695
1.00698
1.00698
1.00696
1.00692
1.00686
1.00678
1.00668
1.00657
1.0064
1.00595
1.00522
1.00455
1.00368
1.00246
1.00132
1.00005
0.998376
0.996611
0.994611
0.991726
0.990462
0.985911
0.985863
0.979708
0.985099
0.984672
0.987176
0.981605
0.979584
1.00948
1.0061
1.0064
1.00558
1.00646
1.00604
1.00661
1.0065
1.00669
1.00671
1.0067
1.00675
1.00677
1.00679
1.00679
1.0068
1.00673
1.00652
1.00621
1.00596
1.00543
1.00457
1.00395
1.0032
1.0021
1.00092
0.999627
0.997891
0.99608
0.994517
0.991646
0.990785
0.986283
0.987112
0.980638
0.985497
0.984674
0.988293
0.982443
0.980143
1.00952
1.00567
1.00606
1.00516
1.00614
1.00574
1.00638
1.00623
1.00644
1.00644
1.0065
1.0066
1.00663
1.0067
1.0067
1.00669
1.00653
1.00618
1.00575
1.00543
1.00486
1.00422
1.00373
1.00295
1.00175
1.00048
0.999219
0.997674
0.995958
0.994676
0.991746
0.991259
0.9865
0.988176
0.981263
0.986402
0.984451
0.990206
0.983541
0.981445
1.00966
1.00524
1.00571
1.00478
1.00589
1.0055
1.00617
1.00602
1.00627
1.00628
1.0064
1.00653
1.00661
1.00663
1.00656
1.00645
1.00622
1.00583
1.00545
1.00509
1.00456
1.004
1.00344
1.00264
1.00146
1.00018
0.99907
0.997826
0.996136
0.995032
0.992011
0.992008
0.986866
0.989227
0.981458
0.987782
0.983939
0.992564
0.985035
0.982967
1.00933
1.00484
1.00547
1.00457
1.00578
1.00532
1.00601
1.00587
1.0062
1.00622
1.00638
1.00649
1.00645
1.00635
1.00621
1.00604
1.00582
1.00542
1.00507
1.00468
1.0042
1.00365
1.00305
1.00229
1.00128
1.00016
0.999126
0.997985
0.996215
0.99535
0.992268
0.992711
0.987375
0.990234
0.981604
0.988825
0.983394
0.993961
0.986195
0.985251
1.00724
1.00448
1.00537
1.0046
1.00577
1.00524
1.00591
1.00575
1.00618
1.00616
1.00631
1.00635
1.0062
1.00604
1.00588
1.0057
1.00551
1.00512
1.00478
1.00436
1.00391
1.00337
1.00271
1.00197
1.00107
1.00004
0.99895
0.997816
0.996034
0.995466
0.992378
0.993089
0.987893
0.991022
0.98191
0.989424
0.982474
0.994014
0.985793
0.989608
1.0045
1.00424
1.00545
1.00483
1.0058
1.00527
1.00598
1.00578
1.00622
1.00616
1.00627
1.00623
1.00607
1.00589
1.00573
1.00554
1.00535
1.00497
1.00463
1.00417
1.00367
1.00313
1.0024
1.00166
1.00075
0.999709
0.998572
0.997545
0.995855
0.995495
0.992526
0.993343
0.988506
0.991576
0.982711
0.990025
0.981165
0.99332
0.984435
0.994655
1.00232
1.00421
1.00555
1.0051
1.00591
1.00539
1.00612
1.0058
1.00624
1.00612
1.00618
1.00611
1.00595
1.00577
1.00561
1.00539
1.00518
1.00481
1.00439
1.00387
1.00335
1.00281
1.00208
1.00138
1.00051
0.999485
0.998395
0.997541
0.995943
0.995671
0.99295
0.993733
0.989312
0.992034
0.98428
0.990794
0.980637
0.992024
0.98263
0.99903
1.00037
1.00425
1.00578
1.00535
1.00602
1.00544
1.00608
1.00571
1.00619
1.00599
1.00599
1.00589
1.00574
1.00554
1.00536
1.00507
1.00482
1.00445
1.00398
1.00351
1.00305
1.00251
1.00185
1.00126
1.00048
0.999496
0.998484
0.997766
0.99625
0.99601
0.993603
0.994219
0.990279
0.992469
0.986198
0.991711
0.981451
0.991967
0.98166
1.00006
0.998063
1.00452
1.00643
1.00553
1.00588
1.00527
1.00575
1.00554
1.00607
1.00573
1.00565
1.00556
1.00545
1.00523
1.005
1.00467
1.00444
1.00411
1.00367
1.00331
1.00288
1.00233
1.00169
1.00119
1.00048
0.999504
0.998544
0.997931
0.996537
0.996312
0.994246
0.994631
0.99132
0.99283
0.988204
0.992754
0.984932
0.994295
0.987085
0.988358
0.995792
1.00563
1.00681
1.00555
1.00567
1.00508
1.00538
1.00535
1.00597
1.00561
1.00543
1.00535
1.00528
1.00507
1.00481
1.00449
1.00429
1.004
1.00354
1.00324
1.00277
1.00218
1.00152
1.00105
1.00035
0.99938
0.99847
0.997956
0.996712
0.99648
0.994791
0.994943
0.992415
0.993088
0.990137
0.993543
0.990002
0.996822
1.00047
0.967303
0.994246
1.00701
1.00672
1.00554
1.00539
1.00491
1.00509
1.00517
1.00583
1.00553
1.00527
1.00521
1.00516
1.00496
1.00467
1.00437
1.00418
1.00387
1.00336
1.00311
1.00261
1.00195
1.00129
1.00084
1.00015
0.999205
0.998359
0.997921
0.996827
0.996556
0.995269
0.995183
0.993522
0.993229
0.992018
0.993742
0.994735
0.99727
1.01723
0.947497
0.993602
1.00823
1.0064
1.00553
1.00501
1.00474
1.00479
1.00499
1.00561
1.00534
1.00506
1.005
1.00495
1.00475
1.00445
1.00415
1.00401
1.00368
1.00312
1.00292
1.00243
1.00174
1.00108
1.00063
0.999982
0.999107
0.998321
0.997911
0.99696
0.996627
0.995732
0.995367
0.994595
0.993314
0.993954
0.993553
0.999346
0.995879
1.02492
0.934781
0.993749
1.00887
1.00593
1.0055
1.00462
1.00461
1.0045
1.00482
1.00531
1.00507
1.0048
1.00473
1.00466
1.00446
1.00417
1.00387
1.00378
1.00344
1.00285
1.00269
1.00224
1.00154
1.00089
1.00044
0.99983
0.999038
0.998308
0.997891
0.997081
0.996671
0.996126
0.995463
0.995506
0.99335
0.995847
0.993066
1.00253
0.99193
1.02573
0.934551
0.994569
1.00893
1.00535
1.00546
1.00428
1.00453
1.00432
1.00469
1.00504
1.00485
1.00459
1.00453
1.00443
1.00423
1.00396
1.00369
1.00362
1.00328
1.00266
1.00252
1.00207
1.0014
1.00076
1.0003
0.999722
0.999004
0.998327
0.997887
0.99721
0.996711
0.996476
0.995485
0.996243
0.993367
0.997334
0.992316
1.00362
0.987793
1.02426
0.941259
0.995921
1.00865
1.0047
1.00537
1.00402
1.00449
1.00416
1.00458
1.00475
1.00462
1.0044
1.00433
1.0042
1.00401
1.00375
1.0035
1.00341
1.00309
1.00246
1.00231
1.00186
1.00123
1.00062
1.00016
0.999601
0.998951
0.998323
0.997858
0.997309
0.996708
0.996732
0.995456
0.996756
0.993314
0.998147
0.991536
1.00362
0.984344
1.02051
0.951268
0.997525
1.00781
1.00407
1.00524
1.00382
1.00446
1.00402
1.00448
1.00449
1.00443
1.00423
1.00415
1.00402
1.00382
1.00359
1.00334
1.00324
1.00292
1.00232
1.00213
1.0017
1.00112
1.00054
1.00008
0.999542
0.998951
0.998372
0.997877
0.997446
0.996739
0.996974
0.995427
0.99714
0.993268
0.998545
0.990695
1.00327
0.982624
1.01477
0.961547
0.998989
1.00688
1.00364
1.0051
1.00369
1.00439
1.00388
1.00433
1.00422
1.00422
1.00403
1.00394
1.0038
1.0036
1.00339
1.00314
1.00301
1.0027
1.00215
1.00193
1.00151
1.00097
1.00043
0.999981
0.999471
0.998922
0.998393
0.997873
0.997538
0.996742
0.997134
0.995405
0.997355
0.993207
0.998661
0.99004
1.00238
0.98285
1.01023
0.970022
1.00012
1.00608
1.00339
1.00491
1.00358
1.00431
1.00377
1.0042
1.00402
1.00405
1.00386
1.00378
1.00363
1.00344
1.00323
1.00299
1.00283
1.00254
1.00203
1.00179
1.00139
1.00089
1.00039
0.99994
0.999455
0.998943
0.998454
0.997922
0.997664
0.996797
0.997302
0.995415
0.997525
0.993249
0.998667
0.989924
1.00148
0.983984
1.00621
0.976483
1.00096
1.00537
1.00325
1.0047
1.0035
1.00422
1.00367
1.00406
1.00384
1.00388
1.0037
1.00361
1.00345
1.00327
1.00306
1.00284
1.00265
1.00237
1.00191
1.00164
1.00125
1.00079
1.00031
0.99988
0.999411
0.998932
0.998474
0.997934
0.997738
0.996818
0.997403
0.995427
0.997595
0.993327
0.998537
0.990165
1.00058
0.985398
1.00296
0.981299
1.00156
1.00482
1.00316
1.00448
1.00341
1.00409
1.00357
1.00391
1.00368
1.00372
1.00355
1.00346
1.0033
1.00312
1.00292
1.0027
1.00249
1.00221
1.0018
1.00152
1.00114
1.00071
1.00027
0.999848
0.999399
0.998946
0.998521
0.997981
0.997831
0.996884
0.997509
0.995481
0.997647
0.99351
0.998381
0.990643
0.999775
0.986941
1.00058
0.984849
1.00196
1.0044
1.00312
1.00427
1.00335
1.00397
1.00349
1.00379
1.00355
1.00358
1.00343
1.00331
1.00317
1.00298
1.00279
1.00257
1.00235
1.00208
1.0017
1.00141
1.00104
1.00064
1.00022
0.999812
0.999387
0.998949
0.998551
0.998016
0.997893
0.996942
0.997565
0.995581
0.99764
0.993725
0.998176
0.991193
0.999047
0.988366
0.998872
0.987428
1.00222
1.00407
1.0031
1.00406
1.00328
1.00383
1.00338
1.00364
1.00341
1.00343
1.00328
1.00317
1.00301
1.00284
1.00264
1.00242
1.0022
1.00194
1.00159
1.0013
1.00094
1.00056
1.00017
0.999766
0.999363
0.998945
0.998567
0.998051
0.997939
0.997012
0.997605
0.995708
0.997621
0.993989
0.997988
0.991798
0.998465
0.989674
0.997726
0.989314
1.00237
1.00384
1.0031
1.00389
1.00323
1.00371
1.00331
1.00353
1.00331
1.00332
1.00316
1.00306
1.0029
1.00273
1.00253
1.00232
1.00208
1.00184
1.00151
1.00122
1.00088
1.00052
1.00014
0.999762
0.999366
0.998973
0.998603
0.998111
0.997996
0.997102
0.997647
0.995856
0.997595
0.994274
0.997803
0.992388
0.997974
0.990786
0.996965
0.990718
1.00244
1.00364
1.00307
1.0037
1.00316
1.00356
1.00321
1.00338
1.00319
1.00318
1.00303
1.00292
1.00277
1.00259
1.00241
1.00219
1.00196
1.00171
1.00141
1.00112
1.00078
1.00044
1.00008
0.999711
0.999336
0.998955
0.998606
0.998133
0.998019
0.997172
0.997662
0.996002
0.997559
0.994569
0.997642
0.992967
0.997608
0.991767
0.996506
0.99178
1.00248
1.0035
1.00306
1.00357
1.00312
1.00345
1.00314
1.00328
1.0031
1.00307
1.00294
1.00281
1.00267
1.00249
1.00231
1.00209
1.00186
1.00161
1.00133
1.00105
1.00073
1.0004
1.00006
0.999699
0.999344
0.998973
0.99864
0.998189
0.99806
0.997272
0.997682
0.996169
0.997521
0.994866
0.997493
0.99349
0.997309
0.99256
0.996208
0.992569
1.00248
1.00336
1.00302
1.00342
1.00305
1.00332
1.00305
1.00316
1.00299
1.00295
1.00282
1.0027
1.00255
1.00238
1.00219
1.00199
1.00176
1.00152
1.00124
1.00096
1.00066
1.00034
1.00001
0.999672
0.999326
0.998979
0.99865
0.998236
0.998084
0.997369
0.9977
0.996346
0.997501
0.995172
0.997397
0.993998
0.99712
0.993277
0.9961
0.99327
1.00248
1.00326
1.003
1.00331
1.00301
1.00321
1.00299
1.00306
1.0029
1.00285
1.00272
1.0026
1.00245
1.00229
1.0021
1.0019
1.00167
1.00143
1.00116
1.00089
1.0006
1.00029
0.999967
0.999644
0.999308
0.998976
0.998652
0.998263
0.998092
0.99744
0.997695
0.996485
0.997454
0.995422
0.997285
0.994406
0.996957
0.993833
0.996026
0.993753
1.00243
1.00316
1.00296
1.00319
1.00295
1.0031
1.00291
1.00294
1.00281
1.00274
1.00262
1.00249
1.00235
1.00218
1.002
1.0018
1.00158
1.00134
1.00109
1.00082
1.00054
1.00024
0.999945
0.999631
0.999318
0.998996
0.998691
0.998324
0.998143
0.997554
0.99774
0.996674
0.997471
0.995721
0.997257
0.99485
0.996894
0.994396
0.996085
0.99423
1.0024
1.00308
1.00292
1.0031
1.0029
1.00301
1.00285
1.00286
1.00274
1.00266
1.00254
1.00241
1.00227
1.0021
1.00192
1.00172
1.00151
1.00128
1.00102
1.00076
1.00048
1.0002
0.999906
0.999601
0.999297
0.998984
0.998685
0.998339
0.998139
0.997614
0.997721
0.996798
0.997424
0.995933
0.997174
0.995162
0.996809
0.994775
0.996099
0.994511
1.00235
1.003
1.00287
1.00299
1.00283
1.0029
1.00276
1.00275
1.00264
1.00256
1.00244
1.00231
1.00216
1.002
1.00182
1.00163
1.00141
1.00119
1.00095
1.00069
1.00043
1.00015
0.999871
0.999585
0.99929
0.998998
0.998705
0.998392
0.998176
0.997717
0.997761
0.996969
0.997454
0.996197
0.997186
0.995535
0.996821
0.995213
0.996214
0.994873
1.00231
1.00294
1.00284
1.00292
1.00279
1.00284
1.00272
1.00269
1.00258
1.0025
1.00238
1.00225
1.0021
1.00194
1.00176
1.00157
1.00136
1.00114
1.0009
1.00066
1.00039
1.00013
0.999855
0.999574
0.999289
0.999002
0.998718
0.998417
0.99819
0.997782
0.997763
0.997082
0.997436
0.996367
0.99715
0.99576
0.996802
0.995466
0.99628
0.995097
1.00226
1.00285
1.00278
1.00282
1.00272
1.00274
1.00264
1.00259
1.00249
1.0024
1.00228
1.00215
1.00201
1.00184
1.00167
1.00148
1.00128
1.00106
1.00083
1.00059
1.00034
1.00008
0.999819
0.999549
0.999279
0.999003
0.998736
0.998451
0.998227
0.997863
0.99781
0.997229
0.997483
0.996598
0.997194
0.996078
0.996855
0.995826
0.996413
0.995428
1.00224
1.00281
1.00275
1.00278
1.00269
1.00269
1.0026
1.00254
1.00245
1.00235
1.00223
1.0021
1.00196
1.0018
1.00163
1.00144
1.00124
1.00102
1.0008
1.00056
1.00032
1.00006
0.999808
0.999545
0.999279
0.999012
0.998747
0.998476
0.998242
0.997918
0.997813
0.997319
0.997476
0.996719
0.997185
0.996226
0.996875
0.995977
0.996481
0.995559
1.00219
1.00272
1.00267
1.00268
1.00261
1.00259
1.0025
1.00244
1.00234
1.00224
1.00213
1.002
1.00185
1.0017
1.00153
1.00134
1.00115
1.00094
1.00073
1.0005
1.00027
1.00003
0.999783
0.999534
0.999282
0.999031
0.998783
0.998529
0.998308
0.998014
0.997903
0.997475
0.997578
0.996955
0.997295
0.996539
0.997001
0.996326
0.996673
0.995881
)
;

boundaryField
{
    FrontBack
    {
        type            empty;
    }
    Cylinder
    {
        type            calculated;
        value           uniform 0;
    }
    Bottom
    {
        type            calculated;
        value           uniform 0;
    }
    Top
    {
        type            calculated;
        value           uniform 0;
    }
    Inlet
    {
        type            calculated;
        value           uniform 1;
    }
    Outlet
    {
        type            calculated;
        value           nonuniform List<scalar> 
40
(
1.00219
1.00272
1.00267
1.00268
1.00261
1.00259
1.0025
1.00244
1.00234
1.00224
1.00213
1.002
1.00185
1.0017
1.00153
1.00134
1.00115
1.00094
1.00073
1.0005
1.00027
1.00003
0.999783
0.999534
0.999282
0.999031
0.998783
0.998529
0.998308
0.998014
0.997903
0.997475
0.997578
0.996955
0.997295
0.996539
0.997001
0.996326
0.996673
0.995881
)
;
    }
}


// ************************************************************************* //
