/*--------------------------------*- C++ -*----------------------------------*\
  =========                 |
  \\      /  F ield         | OpenFOAM: The Open Source CFD Toolbox
   \\    /   O peration     | Website:  https://openfoam.org
    \\  /    A nd           | Version:  11
     \\/     M anipulation  |
\*---------------------------------------------------------------------------*/
FoamFile
{
    format      ascii;
    class       volScalarField;
    location    "0.5";
    object      mag(U);
}
// * * * * * * * * * * * * * * * * * * * * * * * * * * * * * * * * * * * * * //

dimensions      [0 1 -1 0 0 0 0];

internalField   nonuniform List<scalar> 
9600
(
0.86773
0.786708
0.803276
0.867905
0.912751
0.944266
0.965451
0.977961
0.987773
0.997361
1.00557
1.01395
1.02336
1.03486
1.04829
1.06216
1.07641
1.08893
1.09748
1.10304
1.10417
1.09911
1.09049
1.07992
1.06645
1.05199
1.03876
1.02708
1.01759
1.01076
1.00393
1.00017
0.997465
0.992075
0.99088
0.988408
0.9852
0.97906
0.966907
0.879031
0.89398
0.883575
0.929923
0.970357
0.97571
0.975941
0.975922
0.97953
0.986427
0.99246
0.998469
1.00596
1.01431
1.02473
1.0369
1.04929
1.06303
1.07409
1.08262
1.08679
1.08642
1.08347
1.07599
1.06537
1.05165
1.037
1.02347
1.01143
1.00159
0.993644
0.986315
0.982388
0.977571
0.970678
0.969105
0.965657
0.965745
0.954729
0.957577
0.912762
0.91253
0.895083
0.9026
0.920926
0.941669
0.964184
0.980192
0.988875
0.998163
1.00615
1.01319
1.02152
1.03067
1.04146
1.05394
1.0669
1.08036
1.09193
1.09965
1.10445
1.10641
1.10264
1.09508
1.08567
1.07272
1.05865
1.04576
1.03488
1.02541
1.01816
1.01133
1.00564
1.00133
0.998025
0.994291
0.99088
0.987983
0.975568
0.954136
0.896086
0.950526
0.948822
0.978095
0.997392
0.997271
0.990748
0.985286
0.984903
0.989937
0.995646
1.00072
1.00792
1.01643
1.0274
1.04034
1.05271
1.06606
1.07824
1.08669
1.09071
1.09054
1.08749
1.08103
1.07188
1.0584
1.04351
1.02921
1.01614
1.0054
0.997764
0.990753
0.987079
0.983928
0.97724
0.975428
0.973405
0.979777
0.979236
0.982191
0.961004
0.973541
0.951552
0.950436
0.944271
0.948403
0.964246
0.978769
0.990089
1.00034
1.00824
1.01532
1.02388
1.03305
1.04358
1.05541
1.06756
1.08058
1.09164
1.09781
1.10262
1.10479
1.10112
1.09382
1.08507
1.07311
1.05961
1.04736
1.03687
1.02774
1.02059
1.01317
1.00585
1.0017
0.997623
0.994046
0.989097
0.978798
0.959099
0.951962
0.935184
0.978763
0.971332
0.985055
0.992427
1.00207
1.00282
0.996598
0.993471
0.994167
0.998697
1.00307
1.00986
1.01867
1.02991
1.04384
1.05631
1.06968
1.08234
1.09117
1.09588
1.09514
1.09223
1.08707
1.07827
1.06498
1.04991
1.03501
1.02122
1.00967
1.0017
0.994964
0.990023
0.987845
0.983434
0.983203
0.983109
0.988537
0.987045
0.987712
0.972103
0.986493
0.975443
0.977385
0.967609
0.960774
0.964287
0.974967
0.988493
1.00076
1.00945
1.01728
1.0261
1.03505
1.04559
1.05701
1.06864
1.08096
1.09178
1.09824
1.1022
1.10408
1.10119
1.09393
1.08507
1.07351
1.0604
1.0486
1.03821
1.02927
1.02241
1.01518
1.00698
1.00187
0.996274
0.98969
0.98292
0.969854
0.958738
0.961185
0.955637
0.993682
0.985075
0.988598
0.989315
0.993452
1.00208
1.00453
1.00263
1.00132
1.0015
1.00524
1.01249
1.02188
1.03383
1.04751
1.06075
1.07395
1.0867
1.09612
1.10099
1.10011
1.09723
1.09264
1.08349
1.07075
1.05592
1.04105
1.02668
1.01446
1.00537
0.998858
0.993332
0.992177
0.989619
0.989538
0.988897
0.993397
0.986761
0.985317
0.973095
0.999161
0.991471
0.993835
0.98592
0.977259
0.972745
0.97565
0.986819
0.999142
1.00907
1.01859
1.02785
1.03659
1.04744
1.05848
1.07003
1.08187
1.09321
1.1003
1.10407
1.10553
1.10272
1.09577
1.08648
1.07501
1.06202
1.04988
1.03919
1.03027
1.02344
1.0167
1.00827
1.00205
0.993047
0.985558
0.976333
0.972204
0.967487
0.971858
0.967862
1.00342
0.996358
0.997525
0.991377
0.991434
0.994705
1.00207
1.00709
1.00657
1.00643
1.00816
1.0151
1.0256
1.03845
1.05208
1.06577
1.07891
1.09182
1.10126
1.10604
1.10586
1.10283
1.09737
1.08808
1.07602
1.06179
1.04722
1.03276
1.0199
1.00981
1.00263
0.996634
0.996682
0.994601
0.994172
0.990915
0.990515
0.982231
0.981584
0.973427
1.00714
1.00086
1.00204
0.994075
0.989896
0.986019
0.982687
0.988249
0.998181
1.00883
1.01877
1.02867
1.03767
1.04884
1.06016
1.07213
1.08413
1.09596
1.10397
1.10806
1.1091
1.1061
1.10019
1.09061
1.07818
1.06451
1.05153
1.0402
1.03096
1.02367
1.01763
1.00939
1.00069
0.990541
0.985725
0.978794
0.977996
0.975936
0.978889
0.973813
1.01022
1.00476
1.00595
0.996533
0.99329
0.994658
0.996668
1.00424
1.00803
1.01028
1.01265
1.02034
1.03068
1.04393
1.05762
1.07144
1.08456
1.09751
1.10659
1.11118
1.11165
1.1083
1.10286
1.09311
1.08055
1.06704
1.05294
1.03864
1.02619
1.01482
1.00687
1.00082
0.99994
0.997621
0.996856
0.99112
0.985734
0.980663
0.981411
0.976048
1.01267
1.00805
1.00925
1.00009
0.995732
0.993999
0.99294
0.994043
1.001
1.01
1.01941
1.02969
1.03902
1.05061
1.06283
1.07541
1.08802
1.10063
1.1096
1.11411
1.11473
1.1115
1.106
1.09623
1.083
1.06906
1.05516
1.04185
1.03203
1.0235
1.01777
1.01004
1.00044
0.991458
0.989707
0.984628
0.983485
0.980718
0.982045
0.977525
1.01454
1.01095
1.01248
1.00301
0.997681
0.995854
0.997712
1.00248
1.0078
1.01244
1.01799
1.02659
1.03671
1.05001
1.06393
1.07758
1.09064
1.10345
1.11274
1.11724
1.11831
1.11507
1.10927
1.09959
1.08606
1.07158
1.05735
1.04359
1.03156
1.02004
1.01144
1.00515
1.00264
0.99985
0.996066
0.989355
0.98531
0.982285
0.983264
0.979212
1.01576
1.0134
1.01535
1.00608
0.999865
0.997465
0.998246
1.0006
1.00618
1.01338
1.02156
1.03128
1.04099
1.05374
1.067
1.08089
1.09387
1.10648
1.11627
1.12083
1.12226
1.11914
1.11313
1.10339
1.08934
1.07414
1.05953
1.04561
1.03377
1.02428
1.01751
1.01014
1.00163
0.996562
0.994628
0.988923
0.98606
0.982986
0.984001
0.980507
1.01637
1.01539
1.01778
1.00901
1.0024
0.999626
0.999448
1.00296
1.009
1.0153
1.02219
1.03173
1.04217
1.05576
1.06959
1.08439
1.09711
1.10996
1.12044
1.12542
1.12645
1.12326
1.11697
1.10707
1.09297
1.07768
1.06209
1.04777
1.03573
1.02469
1.01615
1.00883
1.00414
0.999988
0.996131
0.990904
0.98756
0.983982
0.984701
0.981559
1.01626
1.01663
1.01945
1.01184
1.00481
1.00089
1.00051
1.00442
1.01033
1.0166
1.02402
1.03382
1.04488
1.0581
1.07306
1.08805
1.10092
1.11387
1.12423
1.13073
1.13071
1.12717
1.12131
1.11102
1.09622
1.08078
1.06485
1.05001
1.03758
1.0266
1.01847
1.0107
1.00459
0.999547
0.99672
0.991781
0.98862
0.984947
0.985427
0.982584
1.01552
1.01735
1.02064
1.01408
1.00635
1.00209
1.00168
1.00571
1.01117
1.01781
1.02554
1.0354
1.04745
1.06066
1.07657
1.09204
1.10542
1.11838
1.12822
1.13691
1.1361
1.13104
1.1253
1.11519
1.10046
1.08438
1.06785
1.05261
1.03979
1.0285
1.01954
1.01141
1.00582
1.00035
0.997215
0.992514
0.989574
0.986065
0.98644
0.983852
1.0144
1.01787
1.0217
1.01614
1.00863
1.00397
1.00285
1.00646
1.01228
1.01928
1.02738
1.0375
1.05018
1.06393
1.08034
1.09664
1.11042
1.12359
1.13285
1.14261
1.14238
1.13654
1.13083
1.1201
1.10519
1.08857
1.07118
1.05559
1.04239
1.03061
1.02131
1.01234
1.00681
1.00093
0.997683
0.993019
0.990317
0.986713
0.986833
0.98433
1.013
1.01778
1.02205
1.01782
1.01049
1.0052
1.00359
1.00705
1.01329
1.02058
1.02922
1.03987
1.05307
1.06739
1.08467
1.10141
1.11577
1.12915
1.13801
1.1488
1.14949
1.14258
1.1371
1.12576
1.11015
1.09337
1.07521
1.05811
1.0444
1.03231
1.0228
1.01376
1.0078
1.00146
0.998092
0.99329
0.990774
0.987208
0.987107
0.984605
1.01128
1.01709
1.02173
1.01941
1.01189
1.00667
1.00483
1.00756
1.01387
1.02189
1.03132
1.04254
1.05618
1.07158
1.08957
1.10638
1.12232
1.13552
1.14393
1.15588
1.15862
1.15058
1.14438
1.13277
1.11591
1.09885
1.08022
1.06164
1.04659
1.03385
1.02444
1.01476
1.00888
1.002
0.99852
0.993542
0.991091
0.987545
0.987413
0.984971
1.01054
1.01635
1.02119
1.02106
1.01343
1.00826
1.00643
1.00886
1.01502
1.0235
1.03348
1.04545
1.05989
1.0761
1.09459
1.11243
1.12889
1.14289
1.15161
1.1635
1.16769
1.15902
1.15159
1.14045
1.12226
1.10461
1.08644
1.06643
1.04947
1.03498
1.02536
1.01584
1.00964
1.00217
0.998701
0.993794
0.9913
0.987647
0.987488
0.985181
1.00976
1.01571
1.02078
1.02248
1.01613
1.01029
1.00796
1.01001
1.01616
1.02502
1.03592
1.04884
1.06388
1.08079
1.10032
1.11924
1.13617
1.15116
1.15998
1.1718
1.17718
1.16944
1.15937
1.14852
1.13073
1.11038
1.09199
1.073
1.05476
1.03838
1.02735
1.0168
1.01099
1.0027
0.998651
0.993613
0.991379
0.987592
0.987361
0.985138
1.00903
1.01537
1.02095
1.02415
1.01953
1.01156
1.00921
1.01248
1.01768
1.02656
1.03865
1.05192
1.06771
1.08544
1.10638
1.12672
1.14391
1.16065
1.16973
1.18092
1.18762
1.18109
1.16969
1.15705
1.14008
1.11835
1.09762
1.07934
1.06101
1.04266
1.02899
1.01704
1.01057
1.00203
0.998102
0.9933
0.991128
0.986943
0.986635
0.984559
1.00787
1.01427
1.02028
1.02553
1.02151
1.0128
1.01125
1.01417
1.01926
1.02928
1.0415
1.05557
1.07277
1.09224
1.11444
1.13613
1.1534
1.17211
1.18159
1.19084
1.19937
1.19369
1.18212
1.16788
1.14939
1.12813
1.10572
1.0851
1.06714
1.04989
1.03475
1.02103
1.0128
1.00313
0.998309
0.992728
0.990395
0.985891
0.985516
0.983532
1.00554
1.01194
1.0185
1.02647
1.02259
1.01452
1.01307
1.01542
1.0219
1.0312
1.04438
1.06044
1.07921
1.0997
1.12314
1.14638
1.16395
1.18411
1.1949
1.20279
1.21239
1.20826
1.19591
1.18033
1.16013
1.13715
1.11514
1.09259
1.07308
1.05465
1.04005
1.02537
1.01573
1.00492
0.999541
0.9927
0.989602
0.984199
0.983634
0.981948
1.00206
1.00836
1.01537
1.02494
1.02334
1.01581
1.01389
1.01673
1.02492
1.0348
1.04881
1.06544
1.08613
1.10806
1.13267
1.15846
1.17654
1.19702
1.21028
1.21685
1.22692
1.22465
1.2118
1.1944
1.17208
1.14676
1.12405
1.10058
1.08081
1.06027
1.04542
1.02915
1.01829
1.00682
1.00113
0.993289
0.989398
0.982647
0.98128
0.979504
0.997892
1.00373
1.01113
1.02176
1.02349
1.01705
1.01477
1.01896
1.028
1.03908
1.05412
1.0727
1.09495
1.12026
1.14489
1.17181
1.19347
1.20964
1.22854
1.23565
1.24163
1.24053
1.23003
1.21427
1.19062
1.16269
1.13714
1.11173
1.09038
1.06838
1.05128
1.03431
1.0225
1.00889
1.00142
0.992696
0.988819
0.981619
0.979166
0.97664
0.992907
0.998436
1.00579
1.01708
1.02247
1.01885
1.0173
1.02195
1.03117
1.0439
1.06108
1.0818
1.10487
1.13321
1.16013
1.18698
1.21358
1.22696
1.24653
1.25775
1.26099
1.25734
1.24856
1.2359
1.21406
1.1846
1.15531
1.12748
1.10297
1.07873
1.05965
1.04004
1.02709
1.01211
1.00334
0.992774
0.98823
0.980438
0.97714
0.973694
0.985917
0.991482
0.998931
1.01091
1.02089
1.02058
1.02068
1.02632
1.03614
1.05002
1.06976
1.09343
1.11846
1.14731
1.17686
1.20439
1.2329
1.24964
1.26711
1.27959
1.28425
1.28034
1.27075
1.25797
1.23667
1.20597
1.17404
1.14342
1.11718
1.091
1.07062
1.04839
1.03374
1.01662
1.0066
0.994514
0.98899
0.980173
0.975418
0.971299
0.97831
0.984317
0.991703
1.00359
1.01822
1.02264
1.02474
1.03251
1.04359
1.05955
1.08016
1.10658
1.13494
1.16587
1.19772
1.22598
1.25557
1.27692
1.29264
1.30433
1.31118
1.30811
1.29631
1.28175
1.26225
1.23277
1.19897
1.16528
1.13575
1.10687
1.08475
1.05937
1.04216
1.02343
1.01174
0.996956
0.989469
0.979639
0.972914
0.968528
0.968152
0.975564
0.983072
0.995474
1.01371
1.02431
1.03087
1.04079
1.05479
1.07309
1.09566
1.12295
1.15512
1.18894
1.22258
1.25359
1.28008
1.30456
1.32206
1.33133
1.3387
1.33986
1.32799
1.30889
1.28815
1.2624
1.23198
1.19734
1.1653
1.13186
1.10556
1.07716
1.05592
1.03316
1.01918
1.00185
0.991762
0.981078
0.971282
0.966189
0.962127
0.968716
0.975239
0.987459
1.00839
1.02696
1.03986
1.05423
1.07235
1.09314
1.11804
1.14736
1.18091
1.21692
1.25216
1.2861
1.31414
1.33745
1.35657
1.36631
1.37108
1.37325
1.36571
1.34586
1.32068
1.2928
1.26418
1.23076
1.19873
1.16339
1.13372
1.10174
1.07736
1.0497
1.03174
1.01158
0.996977
0.984861
0.970645
0.96438
0.951916
0.959835
0.965965
0.978004
1.00017
1.02684
1.04792
1.06945
1.09449
1.12068
1.14869
1.18038
1.21498
1.25175
1.28887
1.32452
1.3555
1.37975
1.39804
1.40893
1.41182
1.41132
1.40525
1.38855
1.36415
1.33324
1.3016
1.26623
1.23297
1.19587
1.16397
1.12861
1.10139
1.07013
1.04717
1.02504
1.00472
0.991325
0.9725
0.96363
0.954212
0.963633
0.971206
0.984338
1.00716
1.03655
1.06463
1.08976
1.12336
1.15638
1.18998
1.22421
1.26037
1.29971
1.33729
1.37447
1.40786
1.43413
1.45265
1.46358
1.46669
1.46308
1.45407
1.43813
1.41511
1.38596
1.35492
1.31923
1.28301
1.24242
1.21009
1.17387
1.1449
1.11366
1.08364
1.05855
1.02859
1.0089
0.983143
0.967184
0.946153
0.963591
0.97596
0.985889
1.00744
1.03485
1.07657
1.10489
1.14598
1.18809
1.23004
1.27309
1.314
1.35823
1.4011
1.44011
1.47597
1.50549
1.52692
1.5428
1.54809
1.54391
1.53154
1.51023
1.48412
1.44992
1.41646
1.37777
1.34244
1.29998
1.2622
1.22271
1.18363
1.14757
1.10876
1.08151
1.05145
1.03398
1.01059
0.985201
0.968971
0.990661
1.02089
1.04147
1.08117
1.11459
1.1617
1.19462
1.23022
1.2772
1.32079
1.37073
1.41506
1.45797
1.50285
1.54145
1.57184
1.59919
1.61733
1.62534
1.62907
1.6289
1.62347
1.61175
1.59334
1.56404
1.52849
1.49392
1.4551
1.41719
1.37058
1.33334
1.29253
1.26165
1.22576
1.1918
1.15239
1.10919
1.0765
1.03541
0.973139
0.997041
1.03474
1.06508
1.10655
1.14544
1.19055
1.24529
1.28903
1.34064
1.38543
1.43968
1.48468
1.53232
1.57089
1.61416
1.64699
1.67868
1.70022
1.71446
1.71242
1.70525
1.68222
1.65332
1.61926
1.58774
1.54986
1.51726
1.47353
1.43373
1.38465
1.34566
1.29974
1.26651
1.23476
1.20393
1.17421
1.14179
1.10996
1.07245
1.08842
1.14039
1.19836
1.25226
1.30048
1.34972
1.39699
1.44499
1.48999
1.53467
1.5732
1.61188
1.6447
1.67892
1.70211
1.7295
1.75076
1.77617
1.79275
1.8104
1.82169
1.8332
1.83489
1.8325
1.82096
1.80612
1.77976
1.75455
1.71415
1.67887
1.62639
1.58931
1.52892
1.48409
1.42276
1.38344
1.32463
1.28629
1.22864
1.20705
1.24763
1.28691
1.32735
1.37012
1.41205
1.4502
1.48504
1.51566
1.54211
1.56463
1.57669
1.596
1.60242
1.62114
1.62932
1.63979
1.64165
1.64101
1.63491
1.62902
1.61491
1.59457
1.56731
1.53466
1.49805
1.46457
1.42391
1.39255
1.353
1.32173
1.28057
1.24388
1.19619
1.15465
1.10465
1.06011
1.00768
0.961104
0.910351
0.866799
0.994867
0.979662
0.993097
0.984143
0.993818
0.988479
0.993078
0.992123
0.994291
0.995531
0.996926
0.997865
0.998844
0.999425
1.00009
1.00169
1.00235
1.00252
1.00349
1.00415
1.00412
1.00396
1.00429
1.00424
1.00413
1.00454
1.0048
1.00479
1.00466
1.00465
1.00471
1.00442
1.00326
1.00287
1.00325
1.00384
1.0033
1.0046
1.0043
0.994615
1.01184
0.978132
0.992521
0.982206
0.991346
0.988154
0.992596
0.992063
0.993575
0.994613
0.995835
0.996937
0.997974
0.99891
0.999783
1.001
1.00172
1.00223
1.0029
1.00315
1.00297
1.00334
1.00383
1.00373
1.0036
1.00413
1.00431
1.00421
1.00451
1.00469
1.00452
1.00432
1.00456
1.00457
1.00469
1.00468
1.00386
1.0055
1.01131
1.01895
1.0191
0.973536
0.992204
0.981703
0.990314
0.988019
0.991786
0.992269
0.993254
0.994234
0.995448
0.996701
0.997785
0.998939
1.00018
1.00093
1.00168
1.00253
1.00295
1.00301
1.00285
1.00378
1.00393
1.00387
1.00434
1.00451
1.00429
1.00419
1.00497
1.00525
1.0044
1.00397
1.00483
1.00494
1.00514
1.00505
1.00388
1.00361
1.00353
0.995403
1.03108
0.973151
0.992591
0.981254
0.989435
0.987632
0.99079
0.992085
0.992738
0.993805
0.995123
0.996428
0.997842
0.999187
1.00046
1.00086
1.00154
1.00231
1.0029
1.00308
1.00319
1.00402
1.00387
1.00428
1.00464
1.00469
1.0043
1.00444
1.00509
1.00535
1.00497
1.005
1.00521
1.0052
1.00557
1.00566
1.00496
1.00567
1.00801
1.00947
1.02953
0.971623
0.993792
0.980761
0.98888
0.987249
0.989906
0.991352
0.992338
0.99359
0.995053
0.996447
0.998063
0.999514
1.0007
1.00122
1.00164
1.00261
1.00351
1.00343
1.00325
1.0039
1.00427
1.00472
1.00465
1.00481
1.00503
1.00497
1.00482
1.00488
1.00553
1.00566
1.00529
1.00545
1.00594
1.00529
1.00447
1.00511
1.00444
0.996986
1.03776
0.970986
0.995318
0.979832
0.988422
0.986565
0.989042
0.990671
0.991692
0.99314
0.994802
0.996494
0.99808
0.999566
1.00074
1.00137
1.00205
1.00333
1.00378
1.00351
1.00333
1.0039
1.00451
1.00482
1.00451
1.00525
1.00561
1.00507
1.00457
1.00478
1.0058
1.00602
1.00591
1.00626
1.0066
1.00484
1.00456
1.00668
1.00727
1.00657
1.03633
0.970032
0.996921
0.978811
0.987837
0.985911
0.988152
0.989724
0.991108
0.992791
0.994664
0.996391
0.998295
0.999886
1.00098
1.00167
1.0031
1.00366
1.00368
1.00359
1.00402
1.00411
1.0041
1.00431
1.00486
1.00561
1.00577
1.00523
1.00552
1.00641
1.00658
1.00665
1.00641
1.00669
1.00679
1.00459
1.00434
1.00599
1.00537
1.00112
1.03984
0.969698
0.998339
0.977653
0.987144
0.984985
0.987332
0.988848
0.990416
0.992294
0.994363
0.996356
0.998161
0.999803
1.00122
1.00267
1.00353
1.00374
1.00355
1.00354
1.00424
1.00414
1.00395
1.00433
1.00533
1.00573
1.00547
1.00565
1.00685
1.00716
1.00734
1.00701
1.00664
1.00693
1.00691
1.00514
1.00537
1.00735
1.00684
1.00528
1.03862
0.969429
0.999215
0.976538
0.986541
0.984034
0.986493
0.987889
0.989703
0.991759
0.993992
0.996097
0.998144
0.99992
1.00155
1.00325
1.00373
1.00356
1.00377
1.00354
1.00374
1.00367
1.00417
1.00467
1.00526
1.00533
1.00541
1.00684
1.00748
1.0079
1.00768
1.00733
1.00676
1.0071
1.00699
1.00538
1.00571
1.00749
1.00618
1.00395
1.03804
0.969361
0.99944
0.975508
0.986138
0.983005
0.985648
0.986951
0.988907
0.991143
0.993524
0.995793
0.99789
0.99977
1.00155
1.00322
1.00349
1.00359
1.00383
1.00341
1.00327
1.00363
1.00466
1.00491
1.00505
1.00517
1.00649
1.00751
1.00818
1.00847
1.0082
1.00781
1.0072
1.00746
1.00708
1.00565
1.00635
1.00822
1.00678
1.0048
1.03671
0.969819
0.999355
0.974513
0.985742
0.982008
0.98478
0.985975
0.988059
0.99042
0.992923
0.995315
0.99761
0.999584
1.0014
1.00262
1.0027
1.00321
1.00334
1.00342
1.00319
1.00364
1.00476
1.0049
1.00465
1.00613
1.00752
1.00791
1.00833
1.00854
1.00826
1.00761
1.00725
1.00771
1.00718
1.00584
1.0067
1.00851
1.00659
1.00478
1.03505
0.97062
0.998925
0.973839
0.985203
0.980994
0.983841
0.984958
0.987127
0.989587
0.992193
0.994735
0.997135
0.999227
1.00101
1.00174
1.00194
1.00224
1.00303
1.00325
1.00308
1.00393
1.00444
1.00441
1.00552
1.00724
1.00778
1.00777
1.00805
1.00816
1.00749
1.007
1.00705
1.00783
1.00732
1.0062
1.00738
1.00891
1.00647
1.00491
1.03316
0.971742
0.998319
0.973336
0.984557
0.979922
0.982753
0.983891
0.986087
0.98863
0.99133
0.994006
0.996513
0.998767
1.00038
1.00051
1.001
1.00176
1.00248
1.00258
1.00315
1.00382
1.00383
1.00494
1.0068
1.00759
1.00812
1.00792
1.00833
1.00821
1.00731
1.00703
1.0073
1.00811
1.00754
1.00646
1.00786
1.00918
1.00646
1.00511
1.03091
0.973154
0.997583
0.973048
0.983744
0.978785
0.981573
0.982763
0.984933
0.987537
0.990351
0.993137
0.995677
0.998
0.999228
0.999422
1.00007
1.00092
1.00182
1.00223
1.00305
1.00357
1.00403
1.00668
1.00761
1.00863
1.0088
1.00893
1.00903
1.00878
1.00783
1.00754
1.00793
1.0087
1.00808
1.007
1.00845
1.00949
1.00658
1.00547
1.02856
0.974781
0.996655
0.972985
0.982775
0.977714
0.980286
0.981517
0.983634
0.986299
0.989215
0.992112
0.994809
0.997015
0.997633
0.998287
0.99922
1.00041
1.0014
1.00199
1.00286
1.00414
1.0056
1.00739
1.00855
1.00901
1.0091
1.00909
1.00918
1.00909
1.00856
1.0082
1.00848
1.00942
1.00872
1.00778
1.00918
1.00979
1.00679
1.00593
1.02603
0.976331
0.995565
0.973009
0.981576
0.976759
0.978585
0.98008
0.98213
0.984889
0.987879
0.990851
0.993753
0.995697
0.995997
0.997234
0.998487
0.99979
1.00081
1.00159
1.00395
1.00616
1.00713
1.00846
1.00914
1.00938
1.00904
1.00866
1.00856
1.009
1.00881
1.0084
1.00883
1.00988
1.00914
1.00834
1.00958
1.00983
1.00699
1.00637
1.02336
0.977903
0.994241
0.972986
0.980101
0.975648
0.976756
0.978413
0.980445
0.983265
0.986333
0.989392
0.992321
0.993758
0.994591
0.9962
0.997917
0.999348
1.00027
1.00183
1.00525
1.00742
1.00908
1.01003
1.01083
1.0105
1.00939
1.00873
1.00849
1.00866
1.00886
1.00856
1.00918
1.01015
1.00957
1.00903
1.00996
1.00981
1.00727
1.00685
1.02064
0.979352
0.992741
0.972899
0.978371
0.974166
0.97516
0.976525
0.978594
0.981351
0.984525
0.98793
0.990456
0.991325
0.993195
0.995316
0.997362
0.998918
1.00003
1.00292
1.00613
1.00859
1.01017
1.01194
1.01233
1.01127
1.01077
1.00995
1.00935
1.00914
1.00895
1.00869
1.00943
1.01034
1.0098
1.00946
1.01053
1.01011
1.00782
1.00754
1.01762
0.980489
0.990942
0.972597
0.976333
0.972513
0.972945
0.974376
0.976459
0.979146
0.982369
0.985871
0.988193
0.989255
0.991749
0.994438
0.996843
0.998511
1.00062
1.00443
1.00679
1.0092
1.01109
1.01262
1.01278
1.01187
1.01172
1.01135
1.01097
1.01045
1.00983
1.0093
1.00986
1.01066
1.00979
1.0096
1.01073
1.01023
1.00827
1.00807
1.0145
0.981207
0.988844
0.972057
0.973973
0.970556
0.970415
0.97179
0.973903
0.976698
0.980194
0.983278
0.98486
0.987354
0.990326
0.993467
0.996056
0.998321
1.00222
1.00552
1.00771
1.01021
1.01205
1.01284
1.01257
1.01242
1.01215
1.01211
1.01169
1.01172
1.0114
1.01091
1.01144
1.01161
1.01047
1.01018
1.01087
1.01017
1.00853
1.0084
1.01126
0.981618
0.986458
0.971268
0.971257
0.968089
0.967727
0.968766
0.970865
0.973794
0.977456
0.980283
0.981964
0.985334
0.988916
0.992194
0.99492
0.998983
1.00406
1.00652
1.00967
1.01251
1.01336
1.0132
1.01264
1.01223
1.01211
1.01237
1.01224
1.01232
1.01233
1.01269
1.0135
1.01329
1.01206
1.01157
1.01213
1.01091
1.00934
1.00912
1.00762
0.981695
0.983684
0.970135
0.968013
0.965209
0.964358
0.96533
0.967408
0.970627
0.97409
0.976254
0.979374
0.983311
0.987321
0.990534
0.994169
1.00022
1.00476
1.00856
1.01252
1.01429
1.01396
1.01367
1.01354
1.0132
1.01282
1.01225
1.01228
1.01265
1.01292
1.01328
1.01419
1.01408
1.01311
1.01256
1.01312
1.01171
1.01043
1.01016
1.00342
0.98137
0.980497
0.968581
0.964122
0.961706
0.960606
0.96126
0.963255
0.966691
0.969935
0.972085
0.976588
0.981254
0.985444
0.989024
0.994648
1.00079
1.00592
1.01096
1.01352
1.01389
1.01344
1.01421
1.01388
1.01431
1.01387
1.01341
1.01291
1.01332
1.01377
1.01409
1.01472
1.01468
1.01385
1.01349
1.01396
1.01243
1.01138
1.0111
0.999197
0.980729
0.976918
0.966456
0.959714
0.957333
0.956037
0.956485
0.958517
0.961735
0.964495
0.968354
0.973525
0.978854
0.983353
0.98889
0.996017
1.00151
1.00758
1.01171
1.0137
1.01296
1.01265
1.01322
1.01296
1.01365
1.01359
1.01372
1.01366
1.01422
1.01479
1.01529
1.01574
1.01539
1.01458
1.01438
1.01469
1.01328
1.01241
1.01214
0.994475
0.979275
0.973198
0.96367
0.954825
0.952263
0.950675
0.950798
0.952764
0.955728
0.958626
0.96408
0.97004
0.97582
0.982164
0.990674
0.99696
1.00252
1.00721
1.0113
1.01356
1.01352
1.012
1.0124
1.0119
1.01244
1.01257
1.01338
1.01382
1.01461
1.01553
1.01653
1.01679
1.01624
1.01544
1.01528
1.01544
1.01419
1.01342
1.01309
0.989081
0.976865
0.969435
0.960028
0.949377
0.946546
0.944309
0.94419
0.945961
0.948783
0.953016
0.959098
0.965751
0.97305
0.982734
0.992038
0.998005
1.00239
1.0059
1.00928
1.0131
1.01403
1.01214
1.0126
1.01204
1.01262
1.0128
1.01347
1.01407
1.01477
1.01608
1.01723
1.01737
1.01695
1.01615
1.01607
1.01616
1.01522
1.01475
1.01447
0.983184
0.973994
0.964449
0.95541
0.943509
0.939891
0.93686
0.936502
0.938171
0.941136
0.946418
0.953343
0.961407
0.971384
0.982761
0.991005
0.997583
1.00171
1.00509
1.00837
1.01282
1.01317
1.01174
1.013
1.01267
1.01353
1.01407
1.01501
1.01603
1.01657
1.0172
1.01841
1.0185
1.01797
1.01702
1.01679
1.01672
1.01574
1.01551
1.01532
0.97707
0.970562
0.95865
0.949712
0.937319
0.931874
0.928098
0.92728
0.928887
0.932204
0.938643
0.947188
0.957385
0.968852
0.979694
0.98846
0.995917
1.00157
1.00549
1.00893
1.0102
1.01067
1.01117
1.01247
1.01381
1.01452
1.0155
1.01619
1.01784
1.01872
1.01977
1.02054
1.02056
1.01983
1.01874
1.0185
1.01816
1.017
1.01669
1.01645
0.970835
0.966345
0.952118
0.942604
0.929731
0.92183
0.917403
0.916043
0.917348
0.921259
0.929526
0.940078
0.951681
0.964608
0.97527
0.984564
0.992773
1.00051
1.00508
1.0061
1.00667
1.00863
1.01083
1.01122
1.01378
1.01467
1.01638
1.01768
1.01896
1.0206
1.02215
1.0225
1.0223
1.02138
1.02059
1.02044
1.01998
1.01882
1.0184
1.0181
0.964838
0.961059
0.945444
0.933342
0.919274
0.909326
0.903979
0.901757
0.902833
0.908097
0.917959
0.929673
0.943826
0.958268
0.969681
0.980113
0.988202
0.994181
0.99796
1.0017
1.00558
1.0068
1.00948
1.01197
1.01307
1.01552
1.01686
1.01878
1.02024
1.02228
1.02383
1.02393
1.02366
1.02301
1.02269
1.02254
1.02214
1.02115
1.02068
1.02029
0.958614
0.952753
0.938279
0.922005
0.90601
0.894167
0.887411
0.883551
0.885091
0.891722
0.901897
0.915754
0.932723
0.948256
0.962603
0.975051
0.98362
0.98889
0.994077
0.998144
1.00169
1.00608
1.00831
1.01108
1.01358
1.01566
1.01808
1.0204
1.02216
1.02381
1.02587
1.02614
1.02595
1.02532
1.02504
1.02505
1.02464
1.02373
1.02326
1.0229
0.952262
0.941297
0.928637
0.909086
0.891472
0.875594
0.867116
0.860959
0.862727
0.869408
0.880397
0.897076
0.916317
0.934063
0.950772
0.963983
0.973592
0.981639
0.988264
0.994707
0.999614
1.00354
1.00759
1.01071
1.0136
1.01655
1.01931
1.02217
1.02405
1.02652
1.0286
1.029
1.0287
1.02777
1.02775
1.02787
1.02753
1.02648
1.02599
1.0259
0.946826
0.929561
0.916385
0.894589
0.874357
0.853356
0.841645
0.833169
0.832645
0.838966
0.850946
0.870613
0.892369
0.914648
0.935206
0.949962
0.961224
0.973602
0.982077
0.989781
0.996363
1.00166
1.00619
1.01041
1.01411
1.01776
1.02088
1.02421
1.02617
1.02798
1.02871
1.02887
1.02845
1.02925
1.03074
1.0314
1.03128
1.02984
1.02948
1.02955
0.942933
0.919327
0.901912
0.877208
0.853307
0.827502
0.809081
0.797974
0.792642
0.798311
0.810353
0.831358
0.855486
0.882517
0.908325
0.928263
0.944233
0.960939
0.973994
0.983776
0.992696
0.999236
1.00502
1.01044
1.01471
1.01938
1.02244
1.02561
1.02698
1.02795
1.02818
1.02899
1.031
1.03342
1.03545
1.03647
1.03586
1.03431
1.0345
1.03453
0.944188
0.911242
0.887483
0.858484
0.829686
0.798707
0.769387
0.752829
0.741046
0.742831
0.754733
0.7736
0.801192
0.833593
0.866369
0.89269
0.917528
0.941136
0.960276
0.97521
0.987751
0.997601
1.00485
1.01218
1.01707
1.02227
1.02526
1.02852
1.02968
1.0315
1.03181
1.03327
1.03604
1.0389
1.04155
1.04294
1.04309
1.04139
1.04228
1.04204
0.967455
0.918547
0.880403
0.846233
0.810217
0.773236
0.729866
0.699279
0.679421
0.670698
0.676403
0.690188
0.718449
0.756356
0.799122
0.835001
0.869439
0.903554
0.932917
0.955936
0.977141
0.992319
1.00477
1.01488
1.02237
1.02855
1.03294
1.03746
1.04076
1.04443
1.04534
1.04752
1.05091
1.05454
1.05865
1.06011
1.06061
1.05989
1.06332
1.06164
1.00753
0.959884
0.906348
0.861301
0.817922
0.771216
0.714364
0.654821
0.612123
0.578498
0.565145
0.569791
0.592943
0.631747
0.681469
0.731316
0.778358
0.826949
0.873343
0.910578
0.94659
0.972955
0.996719
1.01511
1.03079
1.04161
1.05035
1.05648
1.0615
1.0656
1.06577
1.06775
1.07058
1.07486
1.07777
1.08016
1.08795
1.08961
1.09205
1.09242
1.03874
1.00714
0.960566
0.913468
0.869162
0.808854
0.737534
0.654634
0.569889
0.490575
0.415943
0.365638
0.354368
0.38773
0.448803
0.522914
0.600631
0.66788
0.735411
0.792413
0.845461
0.890403
0.930443
0.963939
0.993241
1.01546
1.0351
1.05054
1.06214
1.07005
1.07507
1.08579
1.08959
1.09419
1.09472
1.09233
1.09129
1.08889
1.09364
1.09579
1.15374
1.10512
1.03958
0.951134
0.865246
0.784224
0.69259
0.59947
0.513668
0.431254
0.350469
0.263706
0.174438
0.0939232
0.0585008
0.113669
0.191396
0.276813
0.359141
0.443384
0.525024
0.600878
0.674196
0.740724
0.804734
0.861285
0.913239
0.961666
1.00184
1.03641
1.06411
1.08996
1.11483
1.13715
1.15974
1.17615
1.18771
1.19352
1.19914
1.19999
0.797393
0.73839
0.680796
0.596681
0.529605
0.485324
0.42643
0.369727
0.329136
0.27443
0.198815
0.12467
0.0720706
0.0562023
0.0863102
0.0990548
0.0998135
0.0882741
0.089672
0.114398
0.152274
0.197322
0.242141
0.294917
0.348162
0.408108
0.469493
0.52839
0.590044
0.649801
0.709793
0.764852
0.819894
0.870378
0.918031
0.96254
1.00868
1.05933
1.11785
1.17373
0.924192
1.01279
1.0018
1.01187
1.01233
1.01501
1.01538
1.01618
1.01646
1.01672
1.01685
1.01696
1.01704
1.01709
1.01712
1.01715
1.01716
1.01716
1.01714
1.0171
1.01702
1.0169
1.01677
1.01661
1.01645
1.01623
1.01598
1.01565
1.01523
1.01465
1.01377
1.01239
1.01025
1.00654
0.999696
0.99081
0.985661
0.969674
0.952078
0.976401
1.02761
1.00847
1.00259
1.00068
0.99881
0.998176
0.997351
0.997025
0.996703
0.996569
0.996468
0.996432
0.996436
0.996464
0.996493
0.996498
0.996506
0.996512
0.99645
0.996343
0.996274
0.996231
0.996164
0.996098
0.996044
0.995997
0.995989
0.996045
0.996195
0.996497
0.997061
0.998166
1.00007
1.0025
1.00484
1.01129
1.02618
1.02899
1.0237
1.02285
0.985806
0.998028
0.998367
1.00565
1.00764
1.01042
1.01143
1.01253
1.01318
1.01365
1.01399
1.01422
1.01439
1.01449
1.01455
1.01461
1.01462
1.01456
1.01458
1.01463
1.01453
1.01434
1.01412
1.01386
1.01356
1.0132
1.01273
1.01211
1.0113
1.01021
1.00869
1.00662
1.00425
1.00061
0.994699
0.992864
0.994268
0.991784
0.984411
0.994858
1.0171
1.01535
1.00973
1.00913
1.00601
1.0048
1.00279
1.00188
1.001
1.00046
1.00004
0.999788
0.99963
0.99953
0.999458
0.999398
0.999366
0.999353
0.999246
0.999071
0.999039
0.99911
0.999165
0.999242
0.999363
0.999557
0.999853
1.00028
1.00088
1.00171
1.00282
1.00444
1.00672
1.00889
1.00959
1.01362
1.02031
1.0191
1.01381
1.01497
0.991827
0.998944
0.998526
1.00352
1.00566
1.0076
1.00873
1.00975
1.01044
1.01096
1.01133
1.01158
1.01167
1.01179
1.01186
1.01183
1.0118
1.01176
1.01186
1.01196
1.01183
1.01156
1.01128
1.01098
1.01061
1.01017
1.00963
1.0089
1.00801
1.00691
1.00553
1.00403
1.00262
1.00008
0.99733
0.997657
1.00102
0.999225
0.993601
1.00063
1.00976
1.01196
1.00928
1.01001
1.00916
1.00823
1.00673
1.00572
1.00475
1.00409
1.00358
1.00323
1.00298
1.00279
1.0027
1.0026
1.00257
1.00261
1.00228
1.00183
1.00192
1.00213
1.00223
1.00244
1.00265
1.00296
1.00333
1.00374
1.00436
1.0051
1.00594
1.00701
1.00853
1.00903
1.00821
1.01103
1.01517
1.01166
1.00515
1.00733
0.999519
1.00316
1.00186
1.00477
1.00597
1.00723
1.00794
1.00852
1.00893
1.00923
1.00944
1.00958
1.00965
1.00965
1.00963
1.00956
1.00947
1.00945
1.0096
1.00967
1.00948
1.0092
1.00893
1.00864
1.00833
1.00793
1.00739
1.00685
1.0062
1.00543
1.00461
1.00389
1.00346
1.00186
1.00051
1.00216
1.00551
1.00275
0.997898
1.00387
1.00631
1.00901
1.00748
1.0092
1.00951
1.00935
1.00866
1.008
1.00735
1.00683
1.0064
1.00605
1.00577
1.00553
1.00533
1.00516
1.00502
1.00484
1.00455
1.00436
1.00444
1.00463
1.00478
1.00495
1.00514
1.00536
1.00562
1.00592
1.00623
1.00658
1.00694
1.00743
1.00805
1.00749
1.00656
1.00869
1.01158
1.00703
1.00189
1.00545
1.00412
1.00645
1.00503
1.00678
1.0074
1.0079
1.00837
1.0087
1.00877
1.00878
1.00877
1.0087
1.00862
1.00849
1.00837
1.00821
1.00808
1.00808
1.00818
1.00817
1.00792
1.00764
1.00744
1.00722
1.00699
1.00675
1.00649
1.00619
1.00589
1.00557
1.00526
1.00517
1.00527
1.00447
1.00367
1.00627
1.00913
1.00538
1.0018
1.00611
1.00571
1.00776
1.00657
1.0084
1.00912
1.00943
1.00935
1.00912
1.00883
1.00855
1.00828
1.00803
1.0078
1.00758
1.00739
1.00721
1.00702
1.00668
1.00636
1.00627
1.00632
1.00645
1.00654
1.00663
1.00669
1.00675
1.00681
1.00687
1.00693
1.00698
1.00699
1.00719
1.00739
1.0065
1.00573
1.00806
1.01034
1.00569
1.00294
1.00675
1.00605
1.00771
1.00664
1.00815
1.00873
1.00904
1.00929
1.00944
1.00934
1.00919
1.00902
1.00883
1.00864
1.00843
1.00823
1.00804
1.00791
1.00784
1.00781
1.00768
1.00745
1.00723
1.0071
1.00698
1.00688
1.00679
1.00671
1.00664
1.00659
1.00656
1.00658
1.00683
1.00698
1.00628
1.00569
1.00843
1.01038
1.00561
1.00366
1.0073
1.00643
1.00782
1.00694
1.00844
1.00906
1.00939
1.00958
1.00973
1.0097
1.00956
1.0094
1.00919
1.00899
1.00877
1.00855
1.00832
1.00809
1.00785
1.00763
1.0075
1.00749
1.00749
1.00745
1.00742
1.00736
1.0073
1.00724
1.00718
1.00713
1.00708
1.00707
1.00732
1.00742
1.0066
1.00608
1.00892
1.0104
1.0056
1.00414
1.00763
1.00675
1.00788
1.0072
1.00869
1.00932
1.00966
1.00984
1.01004
1.01009
1.00996
1.0098
1.00961
1.0094
1.00918
1.00896
1.00874
1.00853
1.00834
1.00818
1.00803
1.00787
1.00774
1.00766
1.0076
1.00755
1.0075
1.00746
1.00742
1.0074
1.00737
1.00742
1.0077
1.00779
1.00692
1.00652
1.00943
1.01048
1.00582
1.00473
1.00795
1.00709
1.00801
1.00748
1.00897
1.00961
1.00995
1.01014
1.01035
1.01043
1.01033
1.01019
1.01001
1.00982
1.0096
1.00938
1.00917
1.00895
1.00875
1.00856
1.0084
1.00826
1.00814
1.00804
1.00795
1.00788
1.00782
1.00777
1.00772
1.00769
1.00766
1.00775
1.00807
1.00815
1.00732
1.00709
1.00998
1.01064
1.00628
1.00549
1.00832
1.00747
1.00818
1.0078
1.00928
1.00993
1.01029
1.01047
1.01065
1.01076
1.01073
1.01061
1.01043
1.01024
1.01004
1.00983
1.00961
1.0094
1.0092
1.009
1.00883
1.00868
1.00854
1.00842
1.00832
1.00823
1.00816
1.0081
1.00804
1.00799
1.00795
1.00805
1.00837
1.00841
1.00757
1.00749
1.01023
1.01057
1.0065
1.00597
1.00848
1.00783
1.00837
1.00814
1.00963
1.01029
1.01065
1.01083
1.01098
1.01112
1.01112
1.01101
1.01087
1.01069
1.01051
1.0103
1.0101
1.00989
1.00969
1.00949
1.00931
1.00914
1.00899
1.00886
1.00873
1.00862
1.00852
1.00843
1.00835
1.00826
1.00816
1.00823
1.00848
1.0084
1.0075
1.00756
1.01001
1.01004
1.00637
1.00608
1.00845
1.00815
1.00864
1.00853
1.01003
1.01068
1.01105
1.01126
1.01146
1.01154
1.01151
1.01143
1.01131
1.01116
1.01099
1.0108
1.01061
1.01041
1.01022
1.01002
1.00984
1.00966
1.0095
1.00935
1.00921
1.00908
1.00896
1.00885
1.00875
1.00864
1.00854
1.00865
1.00889
1.00875
1.00788
1.00812
1.0104
1.01017
1.00681
1.00658
1.00863
1.00869
1.00909
1.00905
1.01051
1.01115
1.0115
1.01169
1.01188
1.01198
1.01197
1.0119
1.0118
1.01166
1.01153
1.01136
1.01118
1.01099
1.01081
1.01061
1.01042
1.01023
1.01005
1.00988
1.00973
1.00958
1.00944
1.0093
1.00916
1.00902
1.00893
1.00913
1.00938
1.00919
1.0084
1.00884
1.01092
1.01043
1.00741
1.00736
1.00917
1.00918
1.00946
1.00953
1.01098
1.01162
1.01197
1.01218
1.01238
1.01245
1.01246
1.0124
1.01234
1.01223
1.01212
1.01196
1.01181
1.01163
1.01145
1.01126
1.01106
1.01086
1.01067
1.01049
1.01031
1.01015
1.00998
1.00982
1.00965
1.00945
1.00936
1.00967
1.00991
1.00964
1.00891
1.00952
1.0114
1.01066
1.00796
1.00801
1.00953
1.00944
1.00981
1.01005
1.01149
1.0121
1.01246
1.0127
1.01294
1.01302
1.01305
1.01301
1.01296
1.01288
1.01277
1.01264
1.0125
1.01233
1.01216
1.01196
1.01177
1.01156
1.01135
1.01115
1.01095
1.01076
1.01058
1.01039
1.01018
1.00994
1.0099
1.01032
1.01051
1.01017
1.00951
1.01032
1.01198
1.01101
1.00863
1.00874
1.00993
1.00982
1.01037
1.0107
1.01213
1.01272
1.01314
1.01339
1.01358
1.01365
1.0137
1.0137
1.01368
1.0136
1.01353
1.01341
1.01328
1.01312
1.01294
1.01275
1.01255
1.01232
1.0121
1.01188
1.01166
1.01144
1.01123
1.01101
1.01075
1.01049
1.01052
1.01094
1.01109
1.0107
1.01015
1.01117
1.01259
1.01142
1.00938
1.00956
1.01036
1.01052
1.01117
1.01154
1.01295
1.01352
1.01399
1.01419
1.01436
1.01444
1.01451
1.0145
1.0145
1.01443
1.01437
1.01426
1.01413
1.01398
1.01381
1.01361
1.01339
1.01316
1.01292
1.01268
1.01244
1.01221
1.01197
1.01173
1.01145
1.01118
1.01121
1.0116
1.01172
1.01129
1.01085
1.01199
1.01314
1.01172
1.01001
1.01029
1.01077
1.01129
1.01198
1.01241
1.01376
1.01431
1.01475
1.01496
1.01517
1.01531
1.0154
1.01543
1.01544
1.01542
1.01535
1.01527
1.01514
1.01498
1.0148
1.0146
1.01437
1.01411
1.01385
1.01359
1.01332
1.01306
1.0128
1.01253
1.01222
1.01191
1.01192
1.01227
1.01236
1.01188
1.01154
1.01277
1.01363
1.01197
1.01059
1.01087
1.01113
1.01223
1.01287
1.01337
1.01473
1.01528
1.01564
1.01575
1.01611
1.01639
1.01661
1.01674
1.01671
1.01661
1.01655
1.01638
1.01626
1.01607
1.01589
1.01567
1.01542
1.01516
1.01488
1.0146
1.01432
1.01404
1.01376
1.01346
1.01313
1.01283
1.01281
1.01308
1.01315
1.01261
1.01235
1.0136
1.01419
1.01229
1.01111
1.01131
1.01152
1.01308
1.01361
1.01428
1.01576
1.01638
1.01699
1.01735
1.01756
1.01763
1.01772
1.0178
1.01781
1.0178
1.01773
1.01764
1.01751
1.01735
1.01715
1.01692
1.01666
1.01638
1.01608
1.01578
1.01548
1.01517
1.01486
1.01454
1.01419
1.01385
1.01383
1.01412
1.01417
1.01364
1.0135
1.01478
1.01514
1.01319
1.01206
1.01224
1.01232
1.01449
1.01497
1.01559
1.01685
1.01737
1.01782
1.01843
1.019
1.01914
1.01938
1.01934
1.01938
1.01931
1.01922
1.0191
1.01895
1.01877
1.01857
1.01833
1.01806
1.01777
1.01747
1.01716
1.01684
1.01652
1.0162
1.01588
1.01551
1.01517
1.01517
1.01539
1.01535
1.01486
1.01485
1.01602
1.01619
1.01424
1.01319
1.0134
1.01316
1.01553
1.01623
1.0169
1.01814
1.01869
1.01947
1.02009
1.02064
1.02085
1.02111
1.02107
1.02113
1.02104
1.02097
1.02083
1.02068
1.02049
1.02027
1.02002
1.01974
1.01944
1.01913
1.01881
1.01848
1.01815
1.01783
1.01748
1.01711
1.01678
1.01669
1.01679
1.01665
1.01624
1.01635
1.01722
1.01718
1.01511
1.01427
1.01442
1.01377
1.01677
1.01774
1.0187
1.02008
1.02072
1.02156
1.0221
1.02267
1.0228
1.02311
1.02307
1.02316
1.02305
1.02301
1.02286
1.02271
1.02252
1.0223
1.02204
1.02176
1.02145
1.02113
1.0208
1.02045
1.02011
1.01974
1.01937
1.01897
1.01858
1.01834
1.01839
1.0182
1.01786
1.01803
1.01866
1.01838
1.01613
1.01548
1.01549
1.01458
1.01845
1.01966
1.02073
1.02233
1.023
1.02413
1.02459
1.02513
1.02517
1.02543
1.02541
1.02549
1.02545
1.0254
1.02529
1.02515
1.02496
1.02476
1.02451
1.02424
1.02392
1.0236
1.02326
1.02291
1.02254
1.02218
1.02183
1.02142
1.021
1.02077
1.02078
1.02035
1.02006
1.02021
1.02067
1.02007
1.01752
1.01696
1.01691
1.01586
1.02067
1.02202
1.02321
1.02486
1.02558
1.02678
1.02727
1.0279
1.028
1.02834
1.02836
1.02849
1.02847
1.02849
1.02839
1.02828
1.02811
1.02792
1.02767
1.02738
1.02705
1.02671
1.02635
1.02596
1.02555
1.02515
1.02472
1.02427
1.02383
1.02367
1.02366
1.02319
1.02299
1.0231
1.02337
1.02215
1.01944
1.019
1.01904
1.01785
1.02362
1.02497
1.02632
1.02799
1.02877
1.0301
1.03055
1.03131
1.03146
1.03191
1.03201
1.03225
1.03229
1.03238
1.03236
1.03231
1.0322
1.03203
1.03183
1.03156
1.03125
1.03091
1.03054
1.03009
1.02962
1.02918
1.02872
1.02823
1.02777
1.02759
1.02751
1.02701
1.02683
1.02679
1.02689
1.02476
1.02232
1.02203
1.02207
1.0209
1.02701
1.0284
1.0302
1.03175
1.03278
1.03414
1.03462
1.03554
1.03574
1.03639
1.03654
1.03692
1.03704
1.03723
1.03728
1.0373
1.03722
1.03711
1.03691
1.03666
1.03635
1.03599
1.03556
1.03508
1.03455
1.03402
1.03344
1.03275
1.03215
1.03194
1.03163
1.03092
1.0306
1.03047
1.0301
1.02705
1.02479
1.02444
1.02401
1.02228
1.03111
1.03289
1.03498
1.03667
1.03802
1.03942
1.04003
1.04118
1.04145
1.04241
1.04255
1.04322
1.04337
1.04374
1.04383
1.04397
1.04395
1.04387
1.04372
1.04349
1.04317
1.0428
1.04237
1.04185
1.04127
1.04065
1.03993
1.03914
1.0386
1.03837
1.03767
1.03671
1.03625
1.03615
1.03519
1.03123
1.02926
1.029
1.02846
1.02698
1.03671
1.03899
1.04125
1.04337
1.04495
1.0466
1.04759
1.049
1.04944
1.05077
1.05094
1.05197
1.05211
1.05272
1.05282
1.05308
1.05308
1.05312
1.05306
1.05299
1.05282
1.05248
1.05198
1.05134
1.05063
1.0498
1.04883
1.04795
1.04751
1.04704
1.04565
1.04407
1.04344
1.04303
1.04053
1.0356
1.03377
1.03371
1.03372
1.03111
1.04484
1.04811
1.05045
1.0535
1.05514
1.05751
1.05881
1.06064
1.06147
1.06327
1.06366
1.06524
1.06553
1.06664
1.06687
1.06747
1.06753
1.06764
1.06722
1.06653
1.06565
1.06483
1.06403
1.06332
1.06269
1.06192
1.06112
1.06063
1.06056
1.05984
1.05773
1.05567
1.05493
1.05386
1.04999
1.04543
1.04361
1.04308
1.04246
1.04021
1.06094
1.06588
1.06823
1.07118
1.07254
1.07485
1.07612
1.07776
1.07887
1.08042
1.08095
1.08268
1.08282
1.0844
1.08454
1.08572
1.086
1.08701
1.08779
1.08885
1.08945
1.08965
1.08937
1.08863
1.08748
1.08579
1.08383
1.08227
1.08075
1.07758
1.07279
1.06945
1.0682
1.06531
1.05932
1.05441
1.05208
1.04856
1.0459
1.04489
1.0943
1.09621
1.09876
1.10218
1.10461
1.10794
1.11015
1.11273
1.11466
1.11661
1.11778
1.1195
1.1194
1.12086
1.11981
1.12073
1.1191
1.11855
1.11611
1.11411
1.11118
1.1087
1.10628
1.10417
1.10223
1.10024
1.09873
1.09762
1.0954
1.09098
1.08702
1.08672
1.08675
1.08234
1.07669
1.07405
1.07092
1.06573
1.06248
1.06061
1.09971
1.11138
1.11876
1.12667
1.13165
1.13852
1.14314
1.14947
1.15431
1.16008
1.16497
1.17088
1.17474
1.18062
1.18326
1.18953
1.19222
1.19818
1.20074
1.20555
1.20733
1.20999
1.21021
1.21014
1.2082
1.20631
1.20352
1.19918
1.19186
1.18435
1.18015
1.17703
1.16902
1.15691
1.14723
1.14012
1.13148
1.12258
1.11362
1.10268
1.20242
1.20058
1.20592
1.20886
1.21773
1.21984
1.2293
1.22994
1.23858
1.23784
1.24509
1.24347
1.24957
1.24743
1.25113
1.24826
1.24875
1.24548
1.24309
1.23938
1.23437
1.22944
1.22296
1.21772
1.21101
1.205
1.19774
1.19159
1.18547
1.17921
1.17323
1.16639
1.15855
1.15032
1.14356
1.13591
1.12539
1.11323
1.10081
1.09029
1.22395
1.25798
1.30349
1.33633
1.37705
1.40662
1.44393
1.46986
1.50369
1.52558
1.55554
1.57304
1.59864
1.61153
1.63258
1.64096
1.65712
1.661
1.67262
1.67297
1.68023
1.67536
1.67727
1.66798
1.66529
1.65109
1.64283
1.62531
1.61351
1.59375
1.57707
1.5535
1.53108
1.50396
1.47792
1.44931
1.4214
1.39391
1.36632
1.33863
0.998307
1.00807
1.00754
1.0063
1.00595
1.00578
1.00567
1.00573
1.00658
1.00745
1.00773
1.00774
1.00762
1.00738
1.00704
1.00646
1.00582
1.0054
1.00523
1.00472
1.00335
1.00254
1.00225
1.0018
1.00119
1.00049
0.999537
0.998445
0.997517
0.996728
0.995789
0.99452
0.993969
0.993924
0.99387
0.993884
0.996725
0.991848
1.01177
0.966739
1.0101
1.01
1.00694
1.00602
1.00582
1.00583
1.00594
1.0061
1.00696
1.00783
1.00821
1.00846
1.00887
1.00892
1.00865
1.00751
1.00656
1.00612
1.00563
1.00465
1.00325
1.00259
1.00243
1.00249
1.00194
1.00108
1.00005
0.998896
0.997714
0.996731
0.995763
0.994361
0.993848
0.993676
0.993765
0.993619
0.997326
0.992766
1.01707
0.97447
1.0091
1.00893
1.00696
1.00643
1.00669
1.00686
1.00706
1.00705
1.007
1.00762
1.00788
1.00821
1.00865
1.00868
1.00853
1.00814
1.00745
1.00629
1.00552
1.00442
1.00321
1.00303
1.00338
1.00329
1.00261
1.00132
1.00027
0.998884
0.997737
0.996537
0.995611
0.994191
0.993694
0.993408
0.993739
0.992917
0.998477
0.991706
1.03005
0.98416
1.01068
1.0076
1.00642
1.00623
1.00671
1.00684
1.00692
1.00697
1.00659
1.00665
1.00695
1.00767
1.00838
1.00844
1.00822
1.00848
1.00768
1.0068
1.00576
1.00465
1.00384
1.0045
1.00428
1.00344
1.00252
1.00097
0.99991
0.998495
0.99737
0.995934
0.994797
0.993776
0.993388
0.993124
0.993636
0.992017
1.00019
0.990837
1.04065
0.990681
1.00726
1.00527
1.0056
1.00558
1.00611
1.00604
1.0064
1.00669
1.00652
1.00647
1.00694
1.00749
1.00759
1.00758
1.00813
1.00848
1.00842
1.00809
1.0065
1.00583
1.00598
1.00554
1.00436
1.00328
1.00234
1.00105
0.999665
0.99819
0.996902
0.995277
0.994031
0.992989
0.992654
0.992281
0.993261
0.990887
1.00145
0.990303
1.03974
0.997983
1.0076
1.00515
1.00571
1.00569
1.0062
1.00608
1.00663
1.00698
1.00698
1.00702
1.00761
1.00794
1.00766
1.00735
1.00781
1.00807
1.0084
1.00865
1.00902
1.00924
1.00791
1.00587
1.00455
1.00344
1.00225
1.00124
0.99972
0.998188
0.996722
0.99506
0.993767
0.992539
0.992016
0.99124
0.992767
0.989618
1.00126
0.988815
1.02802
1.00156
1.00633
1.0049
1.00604
1.00618
1.00691
1.00688
1.00777
1.00812
1.00839
1.0086
1.00907
1.00951
1.00896
1.00797
1.0079
1.00818
1.00834
1.0081
1.00909
1.00978
1.00876
1.00622
1.00482
1.00341
1.00213
1.00097
0.999613
0.998053
0.996433
0.994837
0.993532
0.992271
0.991487
0.990202
0.992324
0.988341
0.999948
0.988328
1.01251
1.00445
1.00637
1.00505
1.0066
1.00693
1.00816
1.00835
1.00832
1.00835
1.00887
1.00895
1.00924
1.00984
1.00973
1.00936
1.0087
1.00892
1.00887
1.00835
1.00877
1.00903
1.0085
1.0069
1.00517
1.00343
1.00197
1.00059
0.999206
0.997587
0.995873
0.994296
0.99306
0.991817
0.990696
0.989153
0.991785
0.987216
0.997992
0.989195
1.00089
1.00803
1.00655
1.00561
1.00698
1.00709
1.00804
1.00812
1.00761
1.00746
1.00803
1.00815
1.00841
1.0092
1.00935
1.0091
1.00861
1.00974
1.01038
1.00964
1.00923
1.0093
1.00851
1.00747
1.0058
1.00382
1.00196
1.00036
0.99877
0.997031
0.995259
0.993618
0.992334
0.990985
0.98974
0.98812
0.991109
0.986296
0.995661
0.990675
0.989487
1.01144
1.00679
1.00602
1.00733
1.00733
1.00798
1.00791
1.00744
1.00729
1.00762
1.00773
1.00754
1.00825
1.00917
1.00908
1.00878
1.00955
1.01141
1.01205
1.01069
1.01026
1.00899
1.00792
1.00637
1.00441
1.00221
1.00027
0.998419
0.996529
0.994654
0.992903
0.991468
0.990013
0.988707
0.987091
0.990247
0.985634
0.992778
0.992868
0.979612
1.0124
1.00706
1.00639
1.00758
1.00761
1.00799
1.00779
1.00795
1.0079
1.00798
1.00804
1.00771
1.00792
1.00891
1.00966
1.0098
1.00977
1.01156
1.0125
1.01226
1.01093
1.00939
1.00822
1.00663
1.00489
1.00265
1.0003
0.998141
0.99605
0.994007
0.992125
0.990487
0.988952
0.987664
0.986069
0.989205
0.985174
0.989624
0.995444
0.971786
1.01309
1.00729
1.00665
1.00765
1.00782
1.00795
1.00758
1.00788
1.00837
1.0091
1.00927
1.0089
1.00839
1.00879
1.00979
1.01015
1.01
1.01131
1.01244
1.0124
1.01111
1.00976
1.0083
1.00674
1.00501
1.00292
1.00039
0.997916
0.995582
0.993306
0.991214
0.989398
0.987814
0.986544
0.984978
0.987949
0.984842
0.986499
0.999079
0.965817
1.01359
1.00748
1.00685
1.00759
1.00786
1.0081
1.00772
1.00781
1.00806
1.00914
1.00964
1.01007
1.00978
1.0092
1.00977
1.00991
1.00952
1.01031
1.01186
1.01187
1.01117
1.00983
1.00852
1.0067
1.00498
1.0029
1.00044
0.997725
0.995075
0.992544
0.990278
0.988283
0.986579
0.985329
0.98386
0.986478
0.984601
0.983367
1.00203
0.961437
1.01375
1.00777
1.00737
1.00784
1.00806
1.00848
1.00847
1.00823
1.00814
1.00872
1.00913
1.01004
1.01043
1.0102
1.01004
1.01033
1.00927
1.0087
1.01004
1.01114
1.0109
1.01005
1.00841
1.00678
1.00485
1.00274
1.00033
0.997549
0.994616
0.991791
0.989209
0.986989
0.985262
0.984032
0.982635
0.984695
0.984544
0.980185
1.00385
0.958247
1.01361
1.00783
1.00767
1.00793
1.00801
1.00906
1.00958
1.00948
1.00887
1.0091
1.00921
1.00988
1.01066
1.01088
1.01063
1.01133
1.01035
1.00875
1.00837
1.00948
1.01034
1.00964
1.00858
1.00662
1.00476
1.00249
1
0.997216
0.994123
0.990908
0.988123
0.985713
0.983834
0.982587
0.981348
0.982771
0.984659
0.976902
1.00499
0.95596
1.01316
1.00796
1.00791
1.00813
1.00808
1.00891
1.00964
1.01042
1.0105
1.01014
1.00998
1.01022
1.01085
1.01091
1.01059
1.01188
1.01239
1.01045
1.00877
1.00882
1.00939
1.00965
1.00818
1.00662
1.0045
1.00214
0.999501
0.99663
0.993514
0.990152
0.986999
0.984265
0.982261
0.98107
0.980083
0.980739
0.984773
0.973661
1.00565
0.954454
1.01239
1.00811
1.00822
1.00852
1.0085
1.00897
1.00969
1.01132
1.01191
1.01214
1.01194
1.01132
1.0111
1.01035
1.01015
1.01186
1.01355
1.01377
1.01137
1.00963
1.00937
1.00922
1.0083
1.0063
1.00422
1.00169
0.99883
0.995804
0.992644
0.989217
0.985701
0.982738
0.980654
0.979451
0.978475
0.978486
0.984716
0.970647
1.00579
0.953519
1.01124
1.00865
1.00903
1.00946
1.00954
1.00953
1.0101
1.01152
1.01189
1.01206
1.01191
1.01144
1.01105
1.01045
1.0101
1.01171
1.01402
1.01446
1.0142
1.01243
1.01049
1.00958
1.00804
1.0061
1.00381
1.00103
0.998048
0.994759
0.991477
0.987963
0.984418
0.981322
0.978886
0.977595
0.977087
0.97607
0.984541
0.967848
1.00542
0.952953
1.00968
1.00912
1.00961
1.00986
1.00976
1.00998
1.01079
1.01168
1.01158
1.0113
1.01091
1.01089
1.01073
1.01086
1.01068
1.01149
1.01344
1.01355
1.01396
1.01357
1.01165
1.00978
1.00796
1.00577
1.00318
1.00034
0.997049
0.993541
0.989998
0.986311
0.982654
0.979536
0.977041
0.975528
0.975482
0.973742
0.984283
0.965329
1.0046
0.952737
1.0079
1.00954
1.0102
1.01036
1.00997
1.00981
1.01027
1.01115
1.01135
1.01137
1.01109
1.01119
1.01105
1.01169
1.01172
1.01062
1.01177
1.01328
1.01364
1.01316
1.01155
1.00965
1.00775
1.00516
1.00262
0.999347
0.995908
0.992158
0.988248
0.984408
0.980686
0.977577
0.975059
0.973515
0.973366
0.971354
0.982966
0.963233
1.00338
0.952831
1.0059
1.00972
1.01051
1.01113
1.01105
1.01058
1.01087
1.0116
1.01198
1.01215
1.01213
1.01256
1.01294
1.01272
1.01281
1.0106
1.01088
1.01241
1.01228
1.01269
1.01107
1.00941
1.0072
1.00488
1.00167
0.998377
0.994529
0.990493
0.986339
0.982247
0.978485
0.975363
0.972743
0.971284
0.970992
0.968724
0.981073
0.961358
1.00171
0.953178
1.00347
1.00991
1.01132
1.01286
1.01338
1.01297
1.01277
1.01324
1.01384
1.01438
1.01465
1.01481
1.01347
1.01229
1.01249
1.0121
1.01116
1.01155
1.01113
1.01182
1.01037
1.00908
1.00707
1.00394
1.00097
0.997034
0.992964
0.988502
0.984076
0.97974
0.975796
0.97255
0.969963
0.96854
0.968264
0.965871
0.978823
0.959502
0.999716
0.953784
1.00077
1.0102
1.01177
1.01366
1.01431
1.01522
1.01587
1.01665
1.01678
1.01663
1.01644
1.01644
1.01463
1.0126
1.01212
1.01279
1.01274
1.0123
1.01176
1.0124
1.01034
1.00913
1.00613
1.00351
0.999757
0.995857
0.991064
0.986251
0.981395
0.976861
0.972699
0.969224
0.96666
0.965266
0.965051
0.962812
0.976217
0.95762
0.997314
0.954504
0.998003
1.01077
1.01196
1.01326
1.01399
1.01524
1.01586
1.0168
1.01685
1.01672
1.01651
1.01632
1.01649
1.0147
1.01302
1.0127
1.01301
1.01373
1.01329
1.01256
1.01023
1.00871
1.0055
1.00262
0.998872
0.993856
0.98907
0.983493
0.978201
0.973376
0.968999
0.965364
0.962792
0.961435
0.961343
0.959434
0.973178
0.955645
0.994509
0.955304
0.995245
1.01195
1.01326
1.01389
1.01421
1.01523
1.01577
1.01684
1.01669
1.01672
1.01707
1.01731
1.01785
1.01766
1.01511
1.01295
1.01184
1.01266
1.01346
1.01218
1.00987
1.00823
1.00498
1.00153
0.9966
0.992504
0.986587
0.980606
0.974688
0.969297
0.96478
0.960886
0.958171
0.956966
0.957069
0.955558
0.969648
0.953528
0.991377
0.955844
0.992169
1.01297
1.01479
1.01534
1.01548
1.01622
1.01681
1.01807
1.01785
1.01731
1.01726
1.01782
1.01829
1.0184
1.01706
1.01406
1.01282
1.0128
1.01338
1.01095
1.00983
1.00795
1.00306
0.999615
0.995554
0.989434
0.983664
0.97723
0.970323
0.964359
0.959528
0.95547
0.952899
0.951723
0.952102
0.951168
0.965366
0.95096
0.987461
0.955923
0.988664
1.01342
1.01636
1.01805
1.01846
1.01869
1.01918
1.01985
1.01983
1.01995
1.01937
1.02003
1.02034
1.02021
1.0205
1.01912
1.01634
1.01449
1.01398
1.01121
1.00999
1.00633
1.00163
0.998395
0.99163
0.986768
0.980549
0.973288
0.965997
0.959194
0.953476
0.949383
0.946603
0.945623
0.946241
0.946011
0.960247
0.947769
0.982805
0.955643
0.984591
1.01417
1.01675
1.01876
1.01975
1.02075
1.02081
1.02135
1.02107
1.02169
1.02129
1.02136
1.02096
1.01998
1.01929
1.01866
1.01714
1.01555
1.01446
1.01134
1.00889
1.00425
0.999192
0.994872
0.98905
0.982714
0.975284
0.968172
0.960284
0.952241
0.946555
0.942052
0.939087
0.938328
0.939264
0.939818
0.954212
0.944178
0.97754
0.955127
0.979642
1.01559
1.01749
1.0193
1.01999
1.02143
1.02154
1.02223
1.02179
1.02225
1.02167
1.02176
1.02124
1.02103
1.02081
1.02092
1.02007
1.01798
1.01504
1.01128
1.0069
1.00184
0.997356
0.992006
0.984058
0.977379
0.96993
0.961881
0.953394
0.945739
0.938339
0.933224
0.930555
0.929661
0.931051
0.932506
0.947014
0.939537
0.970942
0.953969
0.97438
1.01707
1.01823
1.01941
1.02029
1.0219
1.02206
1.02305
1.02274
1.02346
1.0231
1.02366
1.02346
1.0236
1.02358
1.02291
1.0195
1.01416
1.0092
1.00614
1.00328
0.999082
0.993194
0.985427
0.978001
0.970561
0.961471
0.953015
0.944604
0.935054
0.927149
0.922768
0.919533
0.918964
0.920785
0.923501
0.937884
0.933698
0.962848
0.951295
0.967966
1.01996
1.02059
1.02167
1.02312
1.02459
1.0253
1.02654
1.02629
1.02743
1.0269
1.02748
1.02646
1.02518
1.02303
1.02055
1.01612
1.01035
1.00635
1.00316
0.999646
0.994157
0.98597
0.979769
0.971764
0.96281
0.953295
0.943279
0.932263
0.922624
0.915401
0.910153
0.907057
0.90672
0.909162
0.913114
0.927931
0.92736
0.954533
0.948783
0.962536
1.02147
1.02246
1.02338
1.02461
1.02552
1.02655
1.02695
1.02672
1.0275
1.02597
1.02595
1.02367
1.02139
1.01809
1.01555
1.01326
1.0097
1.00562
1.00058
0.994305
0.986926
0.978776
0.972558
0.960625
0.94965
0.937542
0.925674
0.914873
0.905225
0.897537
0.8922
0.888923
0.889713
0.89309
0.898608
0.914052
0.917049
0.94242
0.942814
0.954439
1.0267
1.02764
1.02809
1.02938
1.03024
1.03078
1.03102
1.03082
1.03104
1.02894
1.02874
1.02558
1.02404
1.02089
1.01888
1.01655
1.01308
1.00756
1.00029
0.991644
0.982456
0.972624
0.96245
0.947811
0.936743
0.922895
0.910631
0.898046
0.887902
0.880021
0.873594
0.871526
0.873055
0.877622
0.885092
0.899631
0.907823
0.934483
0.938637
0.951956
1.02881
1.02875
1.02784
1.0291
1.02945
1.03008
1.03023
1.02972
1.02916
1.02669
1.02612
1.0224
1.02108
1.01737
1.01462
1.00983
1.00396
0.995948
0.987054
0.977427
0.966787
0.954667
0.941019
0.92538
0.911883
0.894938
0.880646
0.866561
0.855814
0.846867
0.841238
0.839411
0.843137
0.849721
0.861003
0.875825
0.88773
0.917565
0.926328
0.940997
1.03868
1.03828
1.03743
1.03821
1.03785
1.03784
1.03771
1.03681
1.03593
1.03355
1.03244
1.0282
1.02608
1.02098
1.01637
1.00923
1.00056
0.990062
0.979051
0.966518
0.95266
0.936989
0.920353
0.902421
0.885823
0.866824
0.851
0.836677
0.825944
0.817613
0.814187
0.81519
0.821585
0.832576
0.845696
0.864981
0.879848
0.913857
0.926764
0.944046
1.04425
1.04425
1.04397
1.04308
1.04073
1.03959
1.037
1.03389
1.03199
1.02731
1.02528
1.01885
1.01582
1.00736
1.00096
0.989822
0.979224
0.966179
0.951635
0.93567
0.917398
0.898283
0.877792
0.857024
0.835477
0.814326
0.795561
0.779417
0.766965
0.758485
0.75642
0.760408
0.76741
0.786139
0.800804
0.826016
0.843247
0.880209
0.906115
0.929212
1.05921
1.05991
1.05857
1.05668
1.05407
1.05133
1.04612
1.04332
1.03801
1.03221
1.02786
1.01835
1.01221
1.0001
0.990069
0.975267
0.960379
0.941542
0.922303
0.899303
0.876374
0.851255
0.826579
0.801505
0.777228
0.755016
0.736395
0.722111
0.713732
0.711686
0.716531
0.728341
0.745507
0.772657
0.791979
0.831481
0.85117
0.895238
0.921348
0.948952
1.0924
1.08517
1.07569
1.07085
1.06274
1.05877
1.05174
1.04826
1.03883
1.03363
1.02052
1.0093
0.994092
0.975193
0.958134
0.934263
0.911748
0.883381
0.853298
0.823214
0.7889
0.756969
0.722989
0.69121
0.660048
0.633949
0.61189
0.597579
0.590748
0.593167
0.603766
0.621187
0.650582
0.687738
0.713026
0.766701
0.804955
0.843715
0.912708
0.941602
1.08741
1.08192
1.08285
1.07875
1.07699
1.06848
1.05931
1.04435
1.02864
1.00804
0.985903
0.960169
0.931887
0.901778
0.868869
0.830532
0.795593
0.754358
0.71985
0.678736
0.643566
0.607146
0.576315
0.548672
0.527841
0.51524
0.514639
0.523881
0.542554
0.574995
0.61023
0.653531
0.698819
0.761359
0.796968
0.857387
0.902921
0.948086
0.980752
1.03974
1.31032
1.28263
1.24423
1.20723
1.16165
1.1203
1.0716
1.02782
0.977862
0.932197
0.879659
0.831472
0.775899
0.726291
0.671006
0.619046
0.565068
0.509572
0.464157
0.406963
0.368704
0.325419
0.301781
0.285838
0.293133
0.312329
0.347731
0.407377
0.457417
0.517651
0.603422
0.650007
0.736434
0.794536
0.878598
0.935494
1.01811
1.07149
1.14696
1.19602
0.975542
0.975562
0.975561
0.97556
0.975559
0.975559
0.975559
0.975558
0.975558
0.975558
0.975557
0.975557
0.975557
0.975556
0.975556
0.975555
0.975555
0.975553
0.975552
0.975551
0.97555
0.975549
0.975548
0.975547
0.975546
0.975546
0.975545
0.975544
0.975543
0.975542
0.975541
0.975541
0.97554
0.97554
0.975539
0.975539
0.975539
0.975539
0.975541
0.97552
0.99832
0.998347
0.998344
0.998342
0.998341
0.99834
0.99834
0.998339
0.998339
0.998338
0.998338
0.998337
0.998336
0.998335
0.998335
0.998334
0.998335
0.998332
0.998331
0.998329
0.998327
0.998325
0.998323
0.998322
0.99832
0.998318
0.998316
0.998314
0.998313
0.998311
0.99831
0.998308
0.998307
0.998306
0.998305
0.998304
0.998304
0.998306
0.99831
0.99828
1.01569
1.01574
1.01574
1.01573
1.01573
1.01573
1.01573
1.01572
1.01572
1.01572
1.01571
1.01571
1.0157
1.0157
1.01569
1.01569
1.0157
1.01567
1.01567
1.01566
1.01565
1.01564
1.01564
1.01563
1.01562
1.01561
1.0156
1.0156
1.01559
1.01558
1.01557
1.01557
1.01556
1.01556
1.01555
1.01555
1.01555
1.01555
1.01555
1.0155
1.00178
1.00184
1.00183
1.00183
1.00182
1.00182
1.00182
1.00181
1.00181
1.0018
1.00179
1.00179
1.00178
1.00177
1.00176
1.00175
1.00175
1.00174
1.00172
1.00171
1.0017
1.00169
1.00168
1.00166
1.00165
1.00164
1.00162
1.00161
1.0016
1.00159
1.00158
1.00157
1.00156
1.00155
1.00154
1.00154
1.00153
1.00153
1.00153
1.00147
0.995448
0.995513
0.995508
0.995503
0.995498
0.995493
0.995486
0.995479
0.995471
0.995462
0.995452
0.99544
0.995428
0.995414
0.995398
0.995381
0.99536
0.995371
0.995344
0.995324
0.995305
0.995285
0.995265
0.995244
0.995223
0.995202
0.995182
0.995161
0.995142
0.995125
0.995107
0.995091
0.995077
0.995063
0.995052
0.995043
0.995037
0.995032
0.995031
0.994962
0.999352
0.999418
0.999414
0.999408
0.999402
0.999395
0.999387
0.999378
0.999368
0.999357
0.999344
0.999329
0.999313
0.999295
0.999274
0.999249
0.999219
0.999224
0.999198
0.999172
0.999147
0.999122
0.999096
0.99907
0.999043
0.999017
0.998991
0.998966
0.998943
0.99892
0.998899
0.998879
0.99886
0.998844
0.998829
0.998818
0.998809
0.998803
0.998799
0.998728
1.00109
1.00115
1.00115
1.00114
1.00114
1.00113
1.00112
1.00111
1.00109
1.00108
1.00106
1.00104
1.00102
1.00099
1.00097
1.00094
1.0009
1.00089
1.00086
1.00083
1.0008
1.00076
1.00073
1.0007
1.00066
1.00063
1.00059
1.00056
1.00053
1.0005
1.00047
1.00044
1.00041
1.00039
1.00037
1.00036
1.00034
1.00033
1.00033
1.00025
1.00053
1.0006
1.00059
1.00059
1.00058
1.00057
1.00056
1.00054
1.00053
1.00051
1.00049
1.00046
1.00044
1.00041
1.00038
1.00035
1.00031
1.00029
1.00026
1.00022
1.00019
1.00015
1.00011
1.00007
1.00003
0.999996
0.999957
0.99992
0.999883
0.999847
0.999813
0.999781
0.999752
0.999727
0.999704
0.999686
0.999671
0.99966
0.999652
0.999578
1.00039
1.00045
1.00045
1.00044
1.00043
1.00042
1.00041
1.00039
1.00037
1.00035
1.00032
1.00029
1.00026
1.00023
1.0002
1.00016
1.00012
1.00008
1.00004
0.999998
0.999952
0.999904
0.999855
0.999804
0.999754
0.999705
0.999656
0.999609
0.999563
0.999518
0.999475
0.999435
0.999398
0.999366
0.999338
0.999315
0.999296
0.999281
0.999271
0.999196
1.00052
1.00059
1.00058
1.00057
1.00056
1.00055
1.00053
1.00051
1.00049
1.00047
1.00044
1.00041
1.00037
1.00034
1.0003
1.00026
1.00021
1.00017
1.00012
1.00007
1.00002
0.999971
0.999917
0.999862
0.999807
0.999752
0.999698
0.999644
0.999591
0.99954
0.999492
0.999447
0.999405
0.999367
0.999335
0.999307
0.999285
0.999268
0.999257
0.99918
1.00064
1.00071
1.0007
1.00069
1.00068
1.00066
1.00065
1.00062
1.0006
1.00057
1.00054
1.0005
1.00046
1.00042
1.00038
1.00033
1.00028
1.00023
1.00017
1.00011
1.00006
0.999995
0.999932
0.999869
0.999806
0.999742
0.99968
0.999619
0.99956
0.999502
0.999448
0.999397
0.99935
0.999307
0.99927
0.999239
0.999213
0.999194
0.999181
0.999105
1.00071
1.00078
1.00077
1.00076
1.00075
1.00073
1.00071
1.00069
1.00066
1.00063
1.00059
1.00055
1.00051
1.00047
1.00042
1.00036
1.00031
1.00025
1.00019
1.00012
1.00006
0.999988
0.999918
0.999847
0.999775
0.999703
0.999632
0.999563
0.999495
0.99943
0.999368
0.99931
0.999256
0.999208
0.999166
0.99913
0.999101
0.999079
0.999064
0.998979
1.0008
1.00086
1.00086
1.00084
1.00083
1.00081
1.00079
1.00076
1.00073
1.0007
1.00066
1.00062
1.00057
1.00052
1.00046
1.00041
1.00034
1.00028
1.00021
1.00014
1.00006
0.999988
0.99991
0.99983
0.99975
0.99967
0.999591
0.999513
0.999437
0.999364
0.999295
0.99923
0.99917
0.999115
0.999067
0.999027
0.998994
0.998968
0.998951
0.998876
1.00088
1.00095
1.00094
1.00093
1.00092
1.0009
1.00087
1.00084
1.00081
1.00077
1.00073
1.00068
1.00063
1.00058
1.00052
1.00045
1.00038
1.00031
1.00024
1.00016
1.00007
0.99999
0.999904
0.999815
0.999726
0.999637
0.999549
0.999462
0.999377
0.999296
0.999219
0.999146
0.99908
0.999018
0.998965
0.998919
0.998882
0.998854
0.998835
0.998755
1.00097
1.00104
1.00103
1.00102
1.001
1.00098
1.00096
1.00093
1.00089
1.00085
1.00081
1.00075
1.0007
1.00064
1.00057
1.0005
1.00043
1.00035
1.00026
1.00018
1.00009
0.999995
0.999899
0.999801
0.999703
0.999604
0.999506
0.99941
0.999316
0.999226
0.99914
0.999059
0.998985
0.998917
0.998857
0.998806
0.998766
0.998735
0.998717
0.998609
1.00107
1.00113
1.00113
1.00111
1.00109
1.00107
1.00104
1.00101
1.00097
1.00093
1.00088
1.00083
1.00077
1.0007
1.00063
1.00055
1.00047
1.00039
1.0003
1.0002
1.0001
0.999999
0.999894
0.999787
0.999679
0.99957
0.999463
0.999356
0.999252
0.999153
0.999058
0.998968
0.998886
0.998811
0.998744
0.998687
0.998642
0.998608
0.998586
0.998494
1.00116
1.00123
1.00122
1.00121
1.00119
1.00116
1.00114
1.0011
1.00106
1.00101
1.00096
1.0009
1.00084
1.00077
1.00069
1.00061
1.00052
1.00043
1.00033
1.00022
1.00012
1
0.999891
0.999773
0.999655
0.999536
0.999418
0.999301
0.999187
0.999077
0.998972
0.998874
0.998782
0.998699
0.998626
0.998561
0.998509
0.998469
0.998439
0.998384
1.00126
1.00133
1.00132
1.0013
1.00128
1.00126
1.00123
1.00119
1.00115
1.0011
1.00105
1.00098
1.00092
1.00084
1.00076
1.00067
1.00057
1.00047
1.00036
1.00025
1.00013
1.00001
0.999888
0.99976
0.999631
0.999501
0.999372
0.999244
0.99912
0.998998
0.998883
0.998774
0.998674
0.998584
0.9985
0.998429
0.998369
0.998322
0.998288
0.998229
1.00136
1.00143
1.00142
1.0014
1.00138
1.00136
1.00133
1.00129
1.00124
1.00119
1.00113
1.00107
1.001
1.00092
1.00083
1.00073
1.00063
1.00052
1.0004
1.00028
1.00015
1.00002
0.999888
0.999748
0.999607
0.999466
0.999325
0.999185
0.999049
0.998917
0.99879
0.998669
0.998562
0.998459
0.998367
0.998288
0.998223
0.998172
0.998138
0.998069
1.00147
1.00153
1.00152
1.00151
1.00149
1.00146
1.00143
1.00139
1.00134
1.00129
1.00123
1.00116
1.00108
1.001
1.0009
1.0008
1.00069
1.00057
1.00045
1.00032
1.00018
1.00003
0.99989
0.999739
0.999585
0.99943
0.999276
0.999125
0.998976
0.998831
0.998693
0.998562
0.99844
0.998327
0.998227
0.998141
0.998069
0.998014
0.997977
0.997901
1.00157
1.00164
1.00163
1.00161
1.00159
1.00157
1.00153
1.00149
1.00145
1.00139
1.00132
1.00125
1.00117
1.00108
1.00098
1.00087
1.00075
1.00063
1.00049
1.00035
1.0002
1.00005
0.999893
0.999729
0.999563
0.999396
0.999228
0.999062
0.9989
0.998742
0.998592
0.998449
0.998312
0.998189
0.99808
0.997985
0.997905
0.997844
0.997803
0.997719
1.00168
1.00175
1.00174
1.00173
1.0017
1.00168
1.00164
1.0016
1.00155
1.00149
1.00143
1.00135
1.00127
1.00117
1.00106
1.00095
1.00082
1.00069
1.00055
1.00039
1.00023
1.00007
0.999898
0.999721
0.999541
0.99936
0.999178
0.998998
0.998822
0.998649
0.998485
0.998328
0.998179
0.998044
0.997923
0.997817
0.997729
0.997661
0.997615
0.997524
1.00179
1.00186
1.00185
1.00184
1.00182
1.00179
1.00176
1.00172
1.00167
1.00161
1.00154
1.00146
1.00137
1.00127
1.00115
1.00103
1.0009
1.00076
1.0006
1.00044
1.00027
1.00009
0.999907
0.999716
0.999521
0.999324
0.999127
0.998931
0.99874
0.998553
0.998373
0.9982
0.998039
0.99789
0.997756
0.997639
0.997541
0.997465
0.997413
0.997318
1.00191
1.00198
1.00197
1.00196
1.00194
1.00191
1.00188
1.00184
1.00178
1.00172
1.00165
1.00157
1.00147
1.00137
1.00125
1.00112
1.00098
1.00083
1.00067
1.00049
1.00031
1.00012
0.999918
0.999712
0.999502
0.999289
0.999076
0.998863
0.998654
0.998453
0.998256
0.998067
0.997891
0.997727
0.997579
0.997449
0.997339
0.997254
0.997196
0.997093
1.00203
1.00209
1.00209
1.00208
1.00206
1.00204
1.002
1.00196
1.00191
1.00185
1.00177
1.00169
1.00159
1.00148
1.00136
1.00122
1.00107
1.00091
1.00074
1.00055
1.00035
1.00015
0.999933
0.999711
0.999483
0.999253
0.999023
0.998794
0.998566
0.998348
0.998132
0.997929
0.997735
0.997555
0.997391
0.997246
0.997124
0.997027
0.99696
0.996856
1.00214
1.00221
1.00221
1.0022
1.00219
1.00217
1.00214
1.00209
1.00204
1.00198
1.0019
1.00181
1.00171
1.00159
1.00147
1.00133
1.00117
1.001
1.00081
1.00062
1.0004
1.00018
0.999953
0.999713
0.999468
0.999219
0.99897
0.998721
0.998477
0.998237
0.998004
0.997782
0.99757
0.997373
0.997192
0.99703
0.996892
0.996782
0.996704
0.996595
1.00226
1.00233
1.00234
1.00234
1.00232
1.0023
1.00227
1.00223
1.00218
1.00211
1.00203
1.00194
1.00184
1.00172
1.00159
1.00144
1.00128
1.0011
1.0009
1.00069
1.00047
1.00023
0.999977
0.999719
0.999454
0.999186
0.998915
0.998647
0.998384
0.998121
0.997871
0.997629
0.997399
0.997181
0.996981
0.9968
0.996643
0.996517
0.996427
0.996294
1.00238
1.00245
1.00246
1.00247
1.00246
1.00245
1.00242
1.00238
1.00233
1.00226
1.00218
1.00208
1.00198
1.00186
1.00172
1.00156
1.00139
1.0012
1.001
1.00078
1.00054
1.00028
1.00001
0.999727
0.999441
0.999151
0.998861
0.998571
0.998284
0.998003
0.997731
0.997469
0.997218
0.996981
0.996758
0.996554
0.996376
0.99623
0.996124
0.995977
1.0025
1.00257
1.00259
1.00261
1.00261
1.0026
1.00257
1.00253
1.00248
1.00241
1.00233
1.00223
1.00212
1.002
1.00186
1.0017
1.00152
1.00133
1.00111
1.00087
1.00061
1.00034
1.00004
0.99974
0.999431
0.999119
0.998806
0.998493
0.998182
0.99788
0.997586
0.997304
0.99703
0.996769
0.996524
0.996295
0.996089
0.995917
0.995789
0.995637
1.00261
1.00269
1.00272
1.00275
1.00276
1.00275
1.00274
1.0027
1.00264
1.00257
1.00249
1.00239
1.00228
1.00215
1.00201
1.00185
1.00167
1.00146
1.00123
1.00098
1.0007
1.0004
1.00009
0.999757
0.999424
0.999088
0.998751
0.998412
0.998077
0.997751
0.997436
0.99713
0.996835
0.99655
0.996281
0.99602
0.99578
0.995575
0.995415
0.995246
1.00271
1.00281
1.00285
1.0029
1.00292
1.00293
1.00291
1.00287
1.00282
1.00275
1.00266
1.00256
1.00245
1.00232
1.00217
1.002
1.00183
1.00161
1.00137
1.00109
1.0008
1.00047
1.00013
0.99978
0.99942
0.999056
0.998694
0.998332
0.997964
0.997616
0.997279
0.996951
0.996633
0.996326
0.996025
0.995735
0.995454
0.995202
0.995001
0.994802
1.00279
1.00291
1.00299
1.00306
1.0031
1.00311
1.0031
1.00306
1.003
1.00293
1.00284
1.00273
1.00262
1.00249
1.00235
1.00219
1.002
1.00177
1.00152
1.00123
1.00091
1.00056
1.00019
0.999807
0.999418
0.999026
0.998633
0.998249
0.997845
0.997477
0.997116
0.996765
0.996425
0.996096
0.995765
0.995442
0.995112
0.994791
0.994549
0.994276
1.00284
1.00302
1.00312
1.00322
1.00329
1.00331
1.0033
1.00326
1.0032
1.00311
1.00302
1.00292
1.00281
1.00268
1.00254
1.00238
1.00219
1.00196
1.00169
1.00138
1.00104
1.00065
1.00025
0.999839
0.999416
0.998993
0.998568
0.998154
0.997727
0.997333
0.996944
0.996574
0.996214
0.99586
0.995504
0.995151
0.994774
0.994322
0.994066
0.993648
1.00284
1.00307
1.00328
1.00342
1.0035
1.00353
1.00352
1.00347
1.0034
1.00331
1.00321
1.0031
1.00299
1.00287
1.00274
1.00259
1.0024
1.00216
1.00188
1.00155
1.00117
1.00076
1.00032
0.999874
0.99942
0.998962
0.998503
0.998051
0.997607
0.997178
0.996766
0.99637
0.995994
0.995623
0.995247
0.994857
0.994482
0.993764
0.993601
0.992795
1.00274
1.00318
1.00342
1.00362
1.00373
1.00377
1.00375
1.00369
1.00361
1.00351
1.0034
1.0033
1.00319
1.00307
1.00296
1.00281
1.00263
1.00241
1.00212
1.00177
1.00135
1.00089
1.00041
0.999908
0.999417
0.99892
0.998426
0.997937
0.997471
0.997006
0.996566
0.996165
0.995774
0.995395
0.995005
0.994548
0.994282
0.99311
0.993152
0.991762
1.00257
1.00333
1.00369
1.00394
1.00405
1.00407
1.00403
1.00394
1.00383
1.00372
1.0036
1.00348
1.00337
1.00328
1.00318
1.00306
1.00289
1.00267
1.00237
1.00199
1.00153
1.00101
1.00048
0.999953
0.999433
0.998908
0.99838
0.997849
0.99733
0.996836
0.996375
0.995922
0.995518
0.99517
0.994812
0.994253
0.994262
0.992352
0.992972
0.989932
1.0022
1.0032
1.00396
1.00425
1.0044
1.0044
1.00431
1.0042
1.00407
1.00394
1.0038
1.00369
1.00358
1.0035
1.00341
1.00331
1.00318
1.00299
1.00272
1.00233
1.00181
1.0012
1.00059
0.999993
0.99942
0.998853
0.99827
0.997689
0.997158
0.996624
0.99612
0.99574
0.995322
0.994958
0.994676
0.993976
0.99437
0.991651
0.992906
0.988115
1.00053
1.00394
1.00473
1.00494
1.00498
1.00486
1.0047
1.00455
1.00437
1.00419
1.00406
1.00392
1.0038
1.00373
1.0037
1.00366
1.00354
1.00335
1.00308
1.00266
1.002
1.00133
1.00065
1.00005
0.999489
0.998931
0.998316
0.997674
0.997027
0.996442
0.995925
0.995326
0.994962
0.99472
0.994585
0.993835
0.994868
0.990774
0.994402
0.982802
1.00259
1.00445
1.00552
1.00547
1.00545
1.00517
1.00495
1.00483
1.00473
1.00455
1.00442
1.00429
1.00411
1.00406
1.00404
1.004
1.00387
1.00371
1.0035
1.00306
1.00231
1.0015
1.00077
1.00011
0.999515
0.998931
0.998194
0.997416
0.99677
0.996192
0.995638
0.995163
0.994747
0.994432
0.994391
0.993789
0.99518
0.990726
0.9961
0.980707
0.987234
1.008
1.00924
1.00767
1.00705
1.00654
1.00626
1.00618
1.00646
1.00637
1.00625
1.00609
1.00588
1.00571
1.0055
1.0052
1.00483
1.00457
1.00432
1.00394
1.00289
1.00196
1.00138
1.00084
1.00023
0.999632
0.998761
0.997805
0.996924
0.996234
0.995474
0.994716
0.994354
0.994206
0.994034
0.993988
0.996088
0.990592
1.0053
0.957231
1.00841
1.00394
1.00774
1.00206
1.00156
0.999297
0.999691
1.00095
1.00311
1.0029
1.00236
1.00285
1.0033
1.00331
1.00315
1.00309
1.00349
1.00353
1.00336
1.00366
1.0037
1.00303
1.0022
1.00208
1.00133
0.999966
0.999339
0.998967
0.997916
0.99712
0.995993
0.99532
0.992774
0.993913
0.989207
0.996762
0.986786
1.00021
0.990949
0.988222
1.00037
1.00727
1.00686
1.0012
1.00142
1.00081
1.00158
1.00232
1.00331
1.00311
1.00274
1.00305
1.00332
1.00328
1.00317
1.00315
1.00352
1.00344
1.00319
1.00334
1.00312
1.00256
1.00183
1.00151
1.00096
0.999999
0.999259
0.998766
0.997629
0.996946
0.995968
0.995433
0.993858
0.994053
0.991873
0.9963
0.996953
1.00104
1.0382
0.954349
0.991516
1.00811
1.00455
1.00274
1.00382
1.0043
1.00433
1.00438
1.00463
1.00459
1.00452
1.00451
1.00448
1.0044
1.00421
1.004
1.00404
1.00382
1.00333
1.00338
1.00304
1.00243
1.00172
1.00129
1.00058
0.999607
0.998749
0.998209
0.997408
0.996924
0.996021
0.995534
0.994512
0.994136
0.994507
0.994561
1.00459
0.994734
1.05563
0.912919
0.995315
1.00811
1.00444
1.00428
1.00389
1.00374
1.00354
1.00364
1.00403
1.00403
1.00397
1.00401
1.00404
1.004
1.00383
1.00366
1.0037
1.00347
1.00292
1.00299
1.00262
1.00195
1.00128
1.00082
1.00016
0.999353
0.998625
0.998223
0.997491
0.996981
0.996296
0.996044
0.995481
0.994531
0.996346
0.992998
1.00563
0.987117
1.0474
0.925145
0.998926
1.00738
1.00408
1.00392
1.0029
1.00268
1.00255
1.00269
1.00295
1.00295
1.00291
1.00296
1.00299
1.00295
1.00284
1.00277
1.00286
1.00274
1.00228
1.00239
1.00211
1.00165
1.00112
1.00071
1.00019
0.999577
0.998931
0.998433
0.997708
0.997192
0.996618
0.996326
0.996005
0.994856
0.997312
0.992439
1.00494
0.984368
1.02566
0.949094
0.999365
1.006
1.00326
1.00367
1.00278
1.00284
1.00276
1.0029
1.00307
1.00308
1.00305
1.00307
1.00307
1.00301
1.00291
1.00283
1.00287
1.00273
1.00229
1.00233
1.00206
1.00162
1.0011
1.00068
1.00017
0.999608
0.998987
0.998457
0.997834
0.997365
0.99683
0.996445
0.996234
0.994981
0.997663
0.992223
1.00351
0.984761
1.01519
0.964722
1.00045
1.00482
1.00303
1.00371
1.00301
1.00314
1.00306
1.00314
1.00322
1.0032
1.00317
1.00316
1.00313
1.00306
1.00296
1.00285
1.00283
1.0027
1.00227
1.00222
1.00192
1.00145
1.00097
1.00054
1.00005
0.999503
0.998939
0.998435
0.997892
0.997439
0.996944
0.996548
0.996429
0.995111
0.997699
0.992333
1.00207
0.986083
1.00796
0.974235
1.00154
1.00408
1.0029
1.00357
1.00299
1.00307
1.003
1.00301
1.00306
1.00306
1.00305
1.00302
1.003
1.00292
1.00284
1.00272
1.00264
1.00249
1.00212
1.00196
1.00166
1.00126
1.00085
1.00042
0.999957
0.999456
0.998938
0.998456
0.997954
0.997503
0.997049
0.996662
0.996567
0.995289
0.997567
0.992671
1.0006
0.987586
1.0028
0.98076
1.00195
1.00362
1.00279
1.00334
1.0029
1.00296
1.00289
1.00289
1.00291
1.0029
1.00287
1.00285
1.00279
1.00273
1.00263
1.00252
1.0024
1.00226
1.00196
1.00179
1.0015
1.00115
1.00075
1.00034
0.999898
0.999437
0.998953
0.998489
0.998021
0.997583
0.997156
0.996779
0.996645
0.995501
0.997347
0.993128
0.999327
0.989093
0.999652
0.985223
1.00221
1.00331
1.00273
1.00317
1.00286
1.0029
1.00285
1.00284
1.00283
1.00282
1.00278
1.00275
1.00269
1.00262
1.00251
1.0024
1.00227
1.00212
1.00185
1.00166
1.00137
1.00104
1.00066
1.00027
0.99985
0.999412
0.998963
0.998521
0.998076
0.997658
0.997253
0.996888
0.996694
0.995724
0.997111
0.993629
0.998314
0.990464
0.997786
0.988238
1.00238
1.00308
1.00271
1.00302
1.00282
1.00283
1.0028
1.00277
1.00276
1.00273
1.0027
1.00265
1.00259
1.00251
1.00241
1.00228
1.00215
1.00198
1.00174
1.00151
1.00125
1.00092
1.00058
1.0002
0.999805
0.999389
0.998967
0.998551
0.998121
0.997727
0.997341
0.996982
0.99674
0.995942
0.996901
0.994125
0.997549
0.991641
0.996681
0.990319
1.00245
1.00292
1.00268
1.00289
1.00277
1.00276
1.00273
1.0027
1.00269
1.00265
1.00261
1.00255
1.00249
1.0024
1.0023
1.00217
1.00203
1.00185
1.00163
1.0014
1.00114
1.00083
1.0005
1.00014
0.999761
0.99937
0.998969
0.998574
0.998165
0.99779
0.997421
0.997067
0.99679
0.996149
0.996731
0.994596
0.996992
0.992636
0.996052
0.991798
1.00247
1.00281
1.00264
1.00279
1.00271
1.0027
1.00266
1.00264
1.0026
1.00257
1.00252
1.00247
1.00238
1.0023
1.00219
1.00206
1.00191
1.00174
1.00152
1.0013
1.00103
1.00075
1.00042
1.00009
0.999722
0.999352
0.998974
0.998594
0.998211
0.997849
0.997491
0.997151
0.996843
0.996343
0.996608
0.995026
0.996607
0.993465
0.995725
0.992878
1.00248
1.00271
1.00261
1.0027
1.00265
1.00263
1.0026
1.00257
1.00253
1.0025
1.00243
1.00238
1.00229
1.0022
1.00208
1.00196
1.0018
1.00163
1.00142
1.0012
1.00094
1.00066
1.00036
1.00004
0.999691
0.999337
0.998976
0.998615
0.998251
0.997905
0.997555
0.997233
0.99691
0.996506
0.996545
0.9954
0.996369
0.994142
0.995594
0.993685
1.00247
1.00263
1.00258
1.00262
1.00259
1.00256
1.00254
1.0025
1.00247
1.00241
1.00236
1.00229
1.00221
1.00211
1.002
1.00186
1.00171
1.00153
1.00133
1.0011
1.00086
1.00058
1.00029
0.999985
0.999661
0.999324
0.998978
0.998635
0.998288
0.997954
0.997625
0.997302
0.996994
0.996639
0.996538
0.995714
0.996248
0.994692
0.995588
0.994299
1.00244
1.00256
1.00254
1.00255
1.00253
1.0025
1.00248
1.00243
1.0024
1.00234
1.00229
1.0022
1.00213
1.00202
1.00191
1.00177
1.00162
1.00144
1.00125
1.00102
1.00078
1.00052
1.00024
0.999945
0.999633
0.999312
0.998982
0.998653
0.998326
0.997998
0.997691
0.997372
0.997079
0.996758
0.996572
0.995984
0.996208
0.995144
0.995654
0.994784
1.0024
1.00251
1.00249
1.0025
1.00247
1.00245
1.00241
1.00238
1.00232
1.00228
1.0022
1.00214
1.00204
1.00194
1.00182
1.00169
1.00153
1.00136
1.00116
1.00095
1.00071
1.00046
1.00019
0.999908
0.99961
0.9993
0.998988
0.998673
0.998359
0.998049
0.997744
0.997448
0.997157
0.996871
0.996632
0.996212
0.996225
0.995518
0.995762
0.99518
1.00237
1.00246
1.00244
1.00244
1.00241
1.00239
1.00235
1.00232
1.00226
1.00221
1.00213
1.00206
1.00196
1.00187
1.00174
1.00161
1.00145
1.00129
1.00109
1.00088
1.00065
1.00041
1.00015
0.999874
0.999588
0.999292
0.998992
0.998694
0.998386
0.998098
0.997798
0.997521
0.997236
0.996972
0.996719
0.996397
0.996296
0.995821
0.995901
0.995502
1.00234
1.0024
1.0024
1.00238
1.00237
1.00233
1.0023
1.00225
1.00221
1.00214
1.00208
1.00199
1.0019
1.00179
1.00167
1.00153
1.00138
1.00121
1.00103
1.00082
1.0006
1.00036
1.00011
0.999845
0.999568
0.999286
0.998998
0.99871
0.998421
0.998137
0.997859
0.997583
0.997323
0.997061
0.996824
0.996547
0.996403
0.996064
0.996059
0.995778
1.00229
1.00236
1.00235
1.00233
1.00232
1.00228
1.00225
1.00219
1.00215
1.00208
1.00201
1.00192
1.00184
1.00172
1.00161
1.00146
1.00132
1.00114
1.00096
1.00076
1.00054
1.00031
1.00007
0.999817
0.999551
0.999279
0.999008
0.998725
0.998454
0.998176
0.997914
0.997647
0.997403
0.997151
0.996927
0.996684
0.996521
0.996272
0.996218
0.995997
1.00227
1.00232
1.0023
1.00229
1.00226
1.00223
1.00219
1.00215
1.00209
1.00203
1.00195
1.00187
1.00177
1.00166
1.00153
1.0014
1.00125
1.00109
1.0009
1.00071
1.0005
1.00027
1.00004
0.999791
0.999537
0.999275
0.999012
0.998746
0.998477
0.998222
0.99796
0.997716
0.997472
0.997245
0.99702
0.996815
0.996638
0.996455
0.99637
0.996224
1.00222
1.00228
1.00226
1.00225
1.00221
1.00219
1.00214
1.0021
1.00203
1.00197
1.00189
1.00181
1.00171
1.0016
1.00147
1.00135
1.00119
1.00103
1.00085
1.00066
1.00045
1.00024
1.00001
0.99977
0.999523
0.999276
0.999015
0.998767
0.998504
0.998261
0.99801
0.997778
0.997542
0.997331
0.997116
0.996931
0.99676
0.996612
0.99652
0.996382
1.0022
1.00223
1.00223
1.0022
1.00218
1.00213
1.0021
1.00204
1.00199
1.00192
1.00184
1.00175
1.00166
1.00154
1.00143
1.00128
1.00114
1.00097
1.0008
1.00061
1.00041
1.0002
0.999981
0.999751
0.999513
0.999272
0.999026
0.998778
0.998538
0.998291
0.998064
0.997829
0.997617
0.997403
0.997215
0.99703
0.996883
0.996746
0.996666
0.996543
1.00219
1.00219
1.00218
1.00215
1.00213
1.00209
1.00205
1.002
1.00194
1.00187
1.00179
1.0017
1.00161
1.00149
1.00137
1.00123
1.00109
1.00093
1.00076
1.00057
1.00038
1.00017
0.999957
0.999732
0.999507
0.999267
0.999037
0.998793
0.998566
0.998325
0.99811
0.997884
0.997683
0.997478
0.997304
0.997129
0.996993
0.996867
0.996791
0.996753
1.00217
1.00215
1.00213
1.00212
1.00209
1.00206
1.00201
1.00196
1.00189
1.00183
1.00174
1.00166
1.00155
1.00145
1.00132
1.00119
1.00104
1.00089
1.00072
1.00054
1.00035
1.00014
0.999935
0.999718
0.999496
0.999269
0.999038
0.998814
0.998583
0.998366
0.998146
0.997944
0.997737
0.997558
0.997379
0.997229
0.997088
0.99698
0.996898
0.996874
1.00214
1.00212
1.0021
1.00208
1.00205
1.00202
1.00197
1.00192
1.00185
1.00178
1.0017
1.00161
1.00151
1.0014
1.00127
1.00114
1.001
1.00084
1.00068
1.0005
1.00031
1.00012
0.999913
0.999707
0.999485
0.999272
0.999044
0.998831
0.998607
0.9984
0.998185
0.997994
0.997796
0.997626
0.997454
0.997317
0.997184
0.997085
0.997008
0.996964
1.00213
1.00208
1.00207
1.00204
1.00202
1.00198
1.00194
1.00187
1.00182
1.00174
1.00166
1.00157
1.00147
1.00135
1.00124
1.0011
1.00096
1.00081
1.00064
1.00047
1.00029
1.00009
0.999897
0.999692
0.999482
0.999267
0.999056
0.998839
0.998636
0.998424
0.99823
0.998032
0.997857
0.997681
0.997533
0.997389
0.99728
0.997179
0.997122
0.997071
1.00211
1.00205
1.00204
1.00201
1.00199
1.00194
1.0019
1.00184
1.00178
1.0017
1.00162
1.00153
1.00143
1.00132
1.0012
1.00107
1.00093
1.00077
1.00061
1.00044
1.00026
1.00007
0.999884
0.999678
0.99948
0.999267
0.999065
0.998854
0.998658
0.998452
0.998266
0.998075
0.997909
0.997739
0.9976
0.997464
0.997363
0.997271
0.997222
0.997161
1.00205
1.00203
1.00201
1.00199
1.00195
1.00192
1.00186
1.00181
1.00174
1.00167
1.00158
1.0015
1.00139
1.00129
1.00116
1.00103
1.00089
1.00074
1.00058
1.00042
1.00024
1.00006
0.999866
0.999672
0.99947
0.999273
0.999066
0.998874
0.99867
0.998485
0.998292
0.998122
0.997947
0.997801
0.997653
0.997539
0.997431
0.997359
0.997306
0.99724
1.00202
1.00201
1.00199
1.00197
1.00193
1.00189
1.00184
1.00178
1.00171
1.00164
1.00155
1.00146
1.00136
1.00125
1.00113
1.001
1.00086
1.00072
1.00056
1.00039
1.00022
1.00004
0.999852
0.999666
0.999466
0.999275
0.999075
0.998886
0.99869
0.99851
0.998323
0.998158
0.997991
0.99785
0.997711
0.997601
0.9975
0.997433
0.997383
0.997314
1.00201
1.00199
1.00197
1.00194
1.00191
1.00186
1.00181
1.00175
1.00169
1.0016
1.00153
1.00143
1.00133
1.00122
1.0011
1.00097
1.00083
1.00069
1.00053
1.00037
1.0002
1.00002
0.99984
0.999649
0.999465
0.999267
0.999085
0.998888
0.998711
0.998522
0.998356
0.998182
0.998036
0.997886
0.997767
0.997648
0.997566
0.997492
0.99746
0.997377
1.00199
1.00197
1.00196
1.00192
1.00189
1.00184
1.00179
1.00173
1.00166
1.00158
1.0015
1.00141
1.00131
1.00119
1.00108
1.00095
1.00081
1.00067
1.00051
1.00035
1.00019
1.00001
0.999832
0.999647
0.999462
0.999275
0.999091
0.998904
0.998726
0.998547
0.998381
0.998218
0.998071
0.997931
0.997811
0.997703
0.997619
0.997553
0.997514
0.997446
1.00195
1.00196
1.00193
1.00191
1.00186
1.00182
1.00176
1.0017
1.00163
1.00156
1.00147
1.00138
1.00127
1.00117
1.00104
1.00092
1.00078
1.00064
1.00049
1.00033
1.00017
0.999993
0.999814
0.999639
0.999453
0.999278
0.999089
0.998916
0.998733
0.998568
0.998396
0.998247
0.998094
0.997969
0.997844
0.997749
0.997659
0.997605
0.997569
0.997502
1.00194
1.00195
1.00192
1.00189
1.00185
1.0018
1.00175
1.00168
1.00161
1.00154
1.00145
1.00136
1.00126
1.00115
1.00103
1.00091
1.00077
1.00063
1.00048
1.00032
1.00015
0.999985
0.999811
0.999633
0.999455
0.999276
0.999097
0.99892
0.998748
0.99858
0.998421
0.998269
0.998129
0.997999
0.997884
0.997785
0.997704
0.997646
0.997611
0.997549
1.00194
1.00193
1.00192
1.00188
1.00183
1.00178
1.00172
1.00165
1.00158
1.0015
1.00142
1.00133
1.00123
1.00112
1.001
1.00087
1.00073
1.00059
1.00044
1.0003
1.00013
0.99996
0.999792
0.999616
0.999447
0.999266
0.999097
0.998919
0.998755
0.998587
0.998432
0.998279
0.998145
0.998015
0.997908
0.997809
0.997734
0.997672
0.99765
0.997654
1.00194
1.00191
1.00189
1.00185
1.00181
1.00177
1.00171
1.00164
1.00158
1.0015
1.00142
1.00132
1.00123
1.00112
1.001
1.00087
1.00074
1.00059
1.00044
1.00029
1.00013
0.99996
0.999788
0.999617
0.999442
0.999269
0.999095
0.998925
0.998758
0.998597
0.998444
0.9983
0.998165
0.998042
0.997932
0.997836
0.997755
0.997686
0.997676
0.997747
1.00195
1.00191
1.00188
1.00185
1.00179
1.00175
1.00167
1.00161
1.00154
1.00146
1.00138
1.00129
1.00118
1.00107
1.00095
1.00082
1.00069
1.00054
1.0004
1.00024
1.00008
0.999914
0.999744
0.999577
0.999402
0.999233
0.999061
0.998896
0.998731
0.998576
0.998423
0.998283
0.99815
0.998034
0.997927
0.997837
0.997758
0.997688
0.997671
0.997745
1.00198
1.00192
1.00189
1.00187
1.00181
1.00176
1.00168
1.00162
1.00155
1.00147
1.00139
1.00129
1.00119
1.00108
1.00096
1.00084
1.0007
1.00056
1.00042
1.00029
1.00012
0.999956
0.99979
0.999626
0.999456
0.999287
0.999118
0.998954
0.998792
0.998637
0.998481
0.998341
0.998208
0.998091
0.997984
0.997894
0.997815
0.997743
0.997731
0.99776
1.00198
1.00194
1.0019
1.00188
1.00183
1.00177
1.00167
1.0016
1.00153
1.00146
1.00137
1.00128
1.00117
1.00106
1.00094
1.00081
1.00068
1.00054
1.0004
1.00027
1.00011
0.999937
0.99977
0.999606
0.999437
0.999268
0.9991
0.998935
0.998776
0.998622
0.998468
0.998329
0.998198
0.998084
0.99798
0.997893
0.997819
0.997759
0.997746
0.997756
1.00195
1.00194
1.0019
1.00188
1.00182
1.00176
1.00165
1.00159
1.00153
1.00146
1.00137
1.00128
1.00118
1.00108
1.00096
1.00083
1.00069
1.00055
1.00041
1.00028
1.00011
0.999943
0.999775
0.999611
0.999444
0.999278
0.999111
0.998948
0.99879
0.998638
0.998487
0.99835
0.998221
0.998108
0.998006
0.997921
0.997849
0.997799
0.997775
0.997751
)
;

boundaryField
{
    FrontBack
    {
        type            empty;
    }
    Cylinder
    {
        type            calculated;
        value           uniform 0;
    }
    Bottom
    {
        type            calculated;
        value           uniform 0;
    }
    Top
    {
        type            calculated;
        value           uniform 0;
    }
    Inlet
    {
        type            calculated;
        value           uniform 1;
    }
    Outlet
    {
        type            calculated;
        value           nonuniform List<scalar> 
40
(
1.00195
1.00194
1.0019
1.00188
1.00182
1.00176
1.00165
1.00159
1.00153
1.00146
1.00137
1.00128
1.00118
1.00108
1.00096
1.00083
1.00069
1.00055
1.00041
1.00028
1.00011
0.999943
0.999775
0.999611
0.999444
0.999278
0.999111
0.998948
0.99879
0.998638
0.998487
0.99835
0.998221
0.998108
0.998006
0.997921
0.997849
0.997799
0.997775
0.997751
)
;
    }
}


// ************************************************************************* //
