/*--------------------------------*- C++ -*----------------------------------*\
  =========                 |
  \\      /  F ield         | OpenFOAM: The Open Source CFD Toolbox
   \\    /   O peration     | Website:  https://openfoam.org
    \\  /    A nd           | Version:  11
     \\/     M anipulation  |
\*---------------------------------------------------------------------------*/
FoamFile
{
    format      ascii;
    class       volScalarField;
    location    "3.5";
    object      mag(U);
}
// * * * * * * * * * * * * * * * * * * * * * * * * * * * * * * * * * * * * * //

dimensions      [0 1 -1 0 0 0 0];

internalField   nonuniform List<scalar> 
9600
(
0.972417
0.972263
0.97074
0.963098
0.95418
0.950908
0.951936
0.946953
0.913529
0.858496
0.827126
0.818909
0.8218
0.835365
0.872402
0.90732
0.9424
0.977999
1.0117
1.0505
1.08582
1.11509
1.14653
1.16783
1.17035
1.16595
1.15565
1.13616
1.10732
1.07646
1.04801
1.02376
1.00454
0.990824
0.981403
0.975213
0.969867
0.966024
0.964137
0.959109
0.975347
0.974314
0.972539
0.970253
0.966362
0.962996
0.960336
0.955537
0.942504
0.924686
0.911039
0.906028
0.907263
0.916868
0.944187
0.973467
1.00089
1.02722
1.05468
1.08582
1.11586
1.14268
1.16996
1.19095
1.1965
1.19483
1.18679
1.16581
1.13935
1.10855
1.08084
1.05275
1.03126
1.01202
0.997804
0.986563
0.97792
0.973676
0.971677
0.966661
0.974671
0.97366
0.971935
0.970292
0.966186
0.960396
0.958945
0.958177
0.952637
0.939267
0.918377
0.908898
0.910627
0.925129
0.947728
0.971102
0.995706
1.02276
1.05154
1.08074
1.11367
1.14362
1.16758
1.19022
1.20204
1.20173
1.19531
1.17791
1.15027
1.12159
1.09409
1.06707
1.0479
1.03061
1.01833
1.01065
1.00545
0.999218
0.996499
0.991678
0.973916
0.972836
0.971065
0.968583
0.963903
0.960657
0.960064
0.958619
0.955631
0.951293
0.941531
0.93753
0.942267
0.958621
0.979626
0.999819
1.02123
1.04158
1.06351
1.08894
1.11665
1.14357
1.16716
1.18803
1.20086
1.20171
1.19472
1.17619
1.15227
1.12551
1.09785
1.07137
1.04879
1.02961
1.01324
1.00042
0.987149
0.980207
0.974931
0.973906
0.973068
0.9719
0.96977
0.967317
0.964361
0.961007
0.958478
0.959051
0.962724
0.965276
0.963523
0.956666
0.955113
0.962033
0.974479
0.991014
1.01271
1.03617
1.06246
1.0883
1.11564
1.14482
1.16881
1.18616
1.2008
1.20562
1.20096
1.18571
1.16036
1.13384
1.10537
1.0791
1.05697
1.03726
1.02414
1.0135
1.00789
1.00092
0.997944
0.992105
0.972069
0.970837
0.968672
0.966623
0.963665
0.960074
0.958681
0.961814
0.967111
0.969819
0.967234
0.962512
0.965644
0.977768
0.995227
1.0141
1.0339
1.05315
1.07407
1.09586
1.12067
1.1459
1.16922
1.18769
1.20218
1.20809
1.20321
1.18726
1.16506
1.13922
1.11183
1.08476
1.06168
1.04153
1.02539
1.01171
0.997451
0.988523
0.980966
0.97758
0.971214
0.969981
0.967919
0.965822
0.962752
0.959943
0.959825
0.964237
0.97071
0.973474
0.972776
0.972678
0.97744
0.985544
0.994699
1.00723
1.02531
1.04555
1.0703
1.09538
1.12077
1.1463
1.17161
1.18858
1.20049
1.20887
1.20854
1.19547
1.17308
1.14724
1.11937
1.09239
1.06815
1.04709
1.03237
1.01918
1.01182
1.00391
1.00049
0.992912
0.970356
0.969176
0.967189
0.96483
0.962048
0.960512
0.961289
0.966264
0.973304
0.9756
0.974761
0.976414
0.981363
0.990976
1.00515
1.02204
1.04088
1.05934
1.08089
1.10181
1.12551
1.14935
1.17201
1.19072
1.20537
1.21395
1.21205
1.19957
1.17883
1.15454
1.12723
1.09897
1.07461
1.05214
1.03506
1.02096
1.00727
0.997124
0.988107
0.98164
0.969668
0.968505
0.966428
0.963951
0.961789
0.961248
0.962622
0.968456
0.974718
0.976167
0.976107
0.978743
0.985377
0.995837
1.00866
1.02198
1.03902
1.05702
1.07913
1.10243
1.12551
1.14959
1.17357
1.19351
1.20413
1.21343
1.21619
1.20672
1.1874
1.16255
1.13561
1.10904
1.08315
1.05971
1.04278
1.02724
1.01738
1.00737
1.00357
0.995017
0.968732
0.967636
0.965481
0.963084
0.961872
0.962003
0.963821
0.969704
0.975476
0.977536
0.978423
0.980936
0.985585
0.994206
1.00937
1.02762
1.04758
1.06607
1.08789
1.10886
1.12989
1.15359
1.1749
1.1946
1.20981
1.22035
1.2222
1.21256
1.1955
1.17142
1.14392
1.11601
1.08953
1.06533
1.04599
1.02945
1.0159
1.00553
0.996491
0.986476
0.967931
0.966892
0.964613
0.962674
0.962241
0.962595
0.96479
0.970816
0.976064
0.978929
0.978392
0.980471
0.987127
0.996731
1.0118
1.02857
1.04812
1.0669
1.0886
1.11139
1.13192
1.15425
1.17648
1.19837
1.21123
1.22034
1.22504
1.22009
1.20352
1.18142
1.15392
1.12663
1.09993
1.07445
1.05518
1.03669
1.02519
1.01276
1.00697
0.997658
0.966946
0.965966
0.963694
0.96239
0.962334
0.962955
0.965862
0.971623
0.97658
0.978908
0.978841
0.981752
0.988632
0.995558
1.00833
1.02751
1.05077
1.07285
1.09507
1.11825
1.13843
1.16027
1.18106
1.19991
1.2154
1.22838
1.23333
1.22814
1.21393
1.19162
1.16428
1.13601
1.10813
1.08215
1.06044
1.04072
1.02619
1.01293
1.00491
0.992469
0.96624
0.965281
0.963162
0.962375
0.962426
0.963296
0.966531
0.972611
0.975797
0.978653
0.980156
0.981766
0.987064
0.994764
1.00852
1.02732
1.0498
1.07304
1.09543
1.12052
1.1423
1.16285
1.18285
1.20414
1.22095
1.23079
1.23673
1.23599
1.22231
1.20295
1.17615
1.14753
1.11989
1.09229
1.06993
1.04826
1.03454
1.02011
1.01214
1.00108
0.965348
0.964461
0.962473
0.962134
0.962267
0.96341
0.967358
0.972675
0.975418
0.978523
0.97994
0.981357
0.987578
0.995788
1.0062
1.02273
1.04531
1.07151
1.09761
1.12494
1.14792
1.17037
1.1919
1.20863
1.22579
1.23875
1.24602
1.24563
1.23454
1.21555
1.1896
1.15996
1.13033
1.1019
1.0785
1.05572
1.03936
1.02284
1.01282
1.00028
0.964712
0.963825
0.962094
0.961946
0.962097
0.963508
0.967517
0.972279
0.974533
0.977197
0.979077
0.982032
0.987557
0.994075
1.0032
1.02085
1.04241
1.07026
1.0961
1.12236
1.15013
1.17358
1.19429
1.21439
1.23282
1.24574
1.25221
1.25361
1.24457
1.22758
1.20282
1.1728
1.14274
1.11341
1.08828
1.06342
1.04678
1.03014
1.01962
1.00741
0.963733
0.962879
0.961394
0.961286
0.961379
0.962929
0.966605
0.970811
0.973393
0.975346
0.978895
0.981803
0.987227
0.995803
1.00513
1.01964
1.03931
1.06377
1.09155
1.12036
1.14852
1.17557
1.20024
1.22212
1.23999
1.25526
1.26417
1.26585
1.25846
1.24279
1.21885
1.18988
1.15902
1.12739
1.10019
1.0745
1.05489
1.0362
1.02354
1.00898
0.963036
0.962292
0.961038
0.960949
0.961112
0.962553
0.966026
0.970186
0.97286
0.974489
0.977673
0.981316
0.988085
0.996262
1.00583
1.01973
1.03631
1.06039
1.08828
1.11498
1.14389
1.1728
1.19824
1.22372
1.24501
1.26307
1.27367
1.27761
1.27156
1.25748
1.2342
1.20479
1.17287
1.14068
1.11231
1.08438
1.06273
1.04369
1.03019
1.0158
0.961994
0.961393
0.960093
0.959582
0.960421
0.961585
0.964047
0.968577
0.972274
0.972364
0.974148
0.979767
0.986831
0.994094
1.00483
1.01887
1.03671
1.05644
1.08018
1.10874
1.13658
1.16511
1.19413
1.22413
1.24794
1.2695
1.28511
1.29288
1.28929
1.27819
1.25648
1.22627
1.19356
1.15983
1.12768
1.09881
1.07447
1.05342
1.03714
1.02033
0.961597
0.960843
0.959644
0.958974
0.959796
0.962177
0.964587
0.96825
0.97242
0.971738
0.972932
0.9764
0.984733
0.993006
1.00324
1.01845
1.03565
1.05486
1.07695
1.10271
1.12898
1.15765
1.18467
1.21568
1.24354
1.27129
1.29155
1.30614
1.30597
1.29743
1.27729
1.24945
1.21442
1.17939
1.14541
1.11493
1.08759
1.06366
1.04683
1.02777
0.960634
0.959537
0.958376
0.957394
0.957799
0.960021
0.963627
0.965622
0.969145
0.970559
0.971268
0.97389
0.981343
0.991858
1.00359
1.01739
1.03443
1.05602
1.07618
1.09978
1.1235
1.14994
1.17415
1.20516
1.23438
1.26603
1.29155
1.31552
1.32385
1.32073
1.30244
1.2771
1.24075
1.20389
1.16741
1.13352
1.10425
1.07757
1.05841
1.03697
0.96
0.958895
0.95797
0.957296
0.957544
0.959029
0.963963
0.965815
0.968124
0.969223
0.97215
0.975003
0.980251
0.99051
1.00233
1.01883
1.03511
1.05568
1.07629
1.10045
1.1202
1.14637
1.16856
1.19709
1.22283
1.25651
1.28408
1.315
1.33274
1.34236
1.32931
1.30752
1.27149
1.23298
1.19193
1.15492
1.12372
1.0929
1.07222
1.04712
0.958268
0.957203
0.955829
0.954598
0.955869
0.955987
0.959258
0.961677
0.963705
0.964658
0.968026
0.974536
0.980259
0.989936
1.00151
1.01941
1.03528
1.05734
1.07622
1.10202
1.12106
1.14597
1.16503
1.19269
1.21601
1.24804
1.27518
1.30844
1.33209
1.35341
1.35443
1.34042
1.30808
1.26838
1.22541
1.18222
1.14632
1.11189
1.09025
1.06145
0.957486
0.956466
0.955048
0.953636
0.955386
0.955957
0.958194
0.959017
0.961696
0.964649
0.966982
0.974517
0.981371
0.994066
1.0034
1.02133
1.03667
1.06058
1.07752
1.10332
1.12166
1.14695
1.16494
1.19222
1.21397
1.24528
1.27015
1.30421
1.32839
1.35443
1.36558
1.36779
1.34588
1.31032
1.26524
1.21803
1.17739
1.13576
1.11076
1.07789
0.954442
0.954195
0.952049
0.949851
0.950846
0.951392
0.953249
0.954479
0.954831
0.959318
0.962693
0.97167
0.977474
0.993
1.00378
1.02488
1.0388
1.06359
1.08054
1.10577
1.12259
1.14807
1.1656
1.19227
1.21274
1.24523
1.27034
1.30582
1.33076
1.35891
1.37184
1.38169
1.37422
1.35154
1.31238
1.26348
1.21845
1.16852
1.13814
1.09938
0.952958
0.952308
0.951088
0.949286
0.948847
0.949652
0.950678
0.953632
0.954189
0.959198
0.961142
0.972544
0.978729
0.994963
1.00533
1.02779
1.0422
1.06788
1.08368
1.10992
1.12495
1.15011
1.16452
1.19151
1.21013
1.24331
1.26934
1.30895
1.33768
1.37225
1.38839
1.39865
1.39455
1.38129
1.35612
1.31251
1.26911
1.21328
1.17803
1.12794
0.948859
0.947342
0.945082
0.943839
0.94285
0.943452
0.942662
0.946941
0.947112
0.955312
0.95741
0.968989
0.975722
0.993663
1.00481
1.02761
1.04219
1.06902
1.08488
1.11202
1.12639
1.15125
1.16512
1.18927
1.20663
1.23788
1.26438
1.3058
1.34029
1.38177
1.41051
1.42993
1.42921
1.41333
1.39134
1.35356
1.32251
1.26554
1.23137
1.16897
0.946616
0.945515
0.942579
0.94136
0.939234
0.942313
0.940469
0.945666
0.945635
0.954474
0.958225
0.971927
0.979378
0.997009
1.00953
1.03252
1.04866
1.0728
1.09007
1.11269
1.12931
1.14969
1.165
1.18457
1.20317
1.22913
1.25763
1.29558
1.33674
1.38187
1.4223
1.45392
1.4736
1.46531
1.44945
1.40141
1.37
1.31025
1.28555
1.22662
0.938576
0.937945
0.933637
0.93353
0.929307
0.932667
0.930763
0.937528
0.938299
0.948038
0.952754
0.966633
0.977112
0.995492
1.01136
1.03149
1.05295
1.07355
1.09496
1.11356
1.13259
1.14778
1.16464
1.1785
1.198
1.21705
1.24878
1.27915
1.32923
1.37111
1.43036
1.46496
1.50757
1.51103
1.51969
1.47615
1.44885
1.37899
1.33872
1.27844
0.9344
0.935233
0.929516
0.930775
0.92706
0.93088
0.929942
0.935731
0.938603
0.947497
0.956226
0.967854
0.983131
0.996908
1.01834
1.03577
1.05999
1.07823
1.10208
1.11746
1.13772
1.14947
1.16579
1.17455
1.19273
1.2056
1.23505
1.25992
1.31381
1.35117
1.42956
1.46603
1.53853
1.54902
1.58231
1.55389
1.54438
1.47619
1.43807
1.35784
0.921382
0.923131
0.917076
0.917764
0.915707
0.918261
0.920962
0.924246
0.932998
0.93806
0.953139
0.961397
0.982256
0.995991
1.02009
1.03658
1.0627
1.07983
1.10399
1.11813
1.13734
1.14874
1.16182
1.17351
1.18248
1.19723
1.21589
1.24099
1.2866
1.32652
1.41216
1.45099
1.55674
1.57568
1.64812
1.62925
1.64714
1.58718
1.56142
1.47121
0.917496
0.917353
0.914876
0.912169
0.915738
0.913287
0.922261
0.923444
0.935874
0.941818
0.957315
0.969255
0.98898
1.00474
1.02837
1.04771
1.07126
1.09062
1.11139
1.12732
1.14249
1.15585
1.16306
1.17537
1.17851
1.19033
1.19739
1.22156
1.2493
1.29197
1.36636
1.42217
1.53295
1.58134
1.67294
1.67893
1.72832
1.69528
1.69211
1.62947
0.903825
0.899228
0.900627
0.894457
0.901016
0.900785
0.907794
0.914888
0.923185
0.93709
0.950078
0.967565
0.985919
1.00711
1.02885
1.05174
1.07372
1.09473
1.11369
1.13046
1.14423
1.15638
1.16439
1.17315
1.17601
1.18481
1.18627
1.20107
1.21471
1.25149
1.29228
1.36766
1.4433
1.52322
1.5749
1.62096
1.65673
1.70781
1.70844
1.73223
0.900177
0.895242
0.896984
0.895273
0.896001
0.902695
0.908652
0.918248
0.930595
0.944051
0.960218
0.979263
0.999257
1.02191
1.04456
1.06766
1.08947
1.11009
1.1273
1.14319
1.15522
1.16568
1.17256
1.18002
1.18209
1.18539
1.18363
1.18718
1.18302
1.20173
1.21531
1.25779
1.29843
1.31537
1.28563
1.31584
1.34763
1.44219
1.46041
1.5861
0.874366
0.877113
0.875831
0.878922
0.882912
0.889353
0.898979
0.911603
0.925317
0.942816
0.960827
0.983024
1.00474
1.02843
1.05301
1.07644
1.0972
1.1184
1.13419
1.14961
1.16177
1.17172
1.17976
1.18588
1.19078
1.19107
1.18667
1.17832
1.16565
1.14631
1.13277
1.11224
1.0945
0.949189
0.848882
0.925629
0.997734
1.05714
1.08338
1.13363
0.861279
0.865113
0.867723
0.870584
0.878742
0.889504
0.90298
0.919767
0.937248
0.959005
0.979364
1.00428
1.02767
1.05364
1.07767
1.10167
1.12289
1.14212
1.15829
1.17207
1.18347
1.19246
1.19979
1.20424
1.20368
1.2004
1.18967
1.1761
1.14712
1.1188
1.05825
0.98867
0.877651
0.566566
0.570352
0.689537
0.727388
0.803719
0.864467
0.88621
0.839885
0.843994
0.848734
0.857077
0.866658
0.881878
0.897873
0.920113
0.940817
0.966839
0.990839
1.01909
1.04379
1.07251
1.09627
1.12151
1.14208
1.16242
1.1781
1.18954
1.19842
1.20329
1.20706
1.20766
1.20593
1.20068
1.18532
1.16757
1.1256
1.08422
1.00011
0.906297
0.75969
0.380054
0.3415
0.348456
0.382658
0.548525
0.693186
0.781646
0.825936
0.844928
0.854063
0.875686
0.892126
0.918059
0.937964
0.965771
0.989955
1.01913
1.04637
1.07613
1.10338
1.13199
1.15455
1.17803
1.19186
1.20415
1.20659
1.20758
1.20606
1.20337
1.20573
1.20231
1.20189
1.18583
1.16879
1.13752
1.08017
1.02294
0.908561
0.801002
0.636695
0.31256
0.195165
0.087865
0.0512068
0.163779
0.301984
0.430806
0.791489
0.818372
0.82972
0.855767
0.874903
0.907316
0.937306
0.973407
1.0088
1.04326
1.07816
1.10867
1.13854
1.16331
1.18361
1.19937
1.20607
1.21129
1.20441
1.20315
1.18658
1.18528
1.18147
1.17709
1.16565
1.13276
1.09223
1.0043
0.92429
0.797542
0.665856
0.443602
0.176497
0.182102
0.198412
0.220544
0.196417
0.176998
0.177385
0.157643
0.84748
0.892351
0.932734
0.97408
1.01014
1.04579
1.08113
1.11138
1.14434
1.16591
1.19205
1.20385
1.22112
1.22358
1.23556
1.22756
1.22702
1.20677
1.19192
1.1619
1.13766
1.10796
1.07191
1.0466
0.982164
0.922772
0.792093
0.619436
0.356956
0.216299
0.138686
0.143926
0.159092
0.17557
0.199879
0.22973
0.261268
0.280096
0.278603
0.276844
0.958688
0.99396
1.02495
1.05879
1.0906
1.11885
1.14237
1.16048
1.17304
1.17777
1.18608
1.18123
1.18502
1.16659
1.1573
1.12206
1.10018
1.04649
1.00643
0.932694
0.868864
0.770711
0.683963
0.613067
0.308455
0.113065
0.13426
0.0948692
0.127612
0.137339
0.135588
0.121823
0.121247
0.115096
0.112464
0.130977
0.150055
0.17676
0.20738
0.239562
0.979176
0.978341
0.978266
0.978474
0.975946
0.973921
0.97763
0.983314
0.988067
0.992556
0.994867
0.997548
1.00076
1.00365
1.00512
1.00572
1.00642
1.00667
1.00687
1.00726
1.00769
1.00801
1.00827
1.00843
1.00854
1.00855
1.00842
1.00834
1.0082
1.00803
1.00789
1.00778
1.00768
1.00758
1.00737
1.00718
1.00689
1.00682
1.00661
1.01067
0.982319
0.97903
0.976911
0.977224
0.973745
0.972337
0.976035
0.982665
0.988015
0.992603
0.994906
0.99759
1.00084
1.00385
1.00534
1.00566
1.00619
1.00661
1.00701
1.00734
1.00772
1.00802
1.00829
1.00855
1.00867
1.00872
1.00857
1.00849
1.00839
1.00819
1.00807
1.00796
1.00788
1.00788
1.00766
1.00748
1.00722
1.00677
1.00586
1.00486
0.983631
0.978692
0.975192
0.975149
0.971479
0.970424
0.974443
0.982081
0.988328
0.993066
0.995326
0.998169
1.00154
1.00415
1.00545
1.00576
1.00621
1.00668
1.00711
1.00747
1.00795
1.00843
1.00867
1.00885
1.0089
1.00902
1.0089
1.00881
1.00875
1.00851
1.00839
1.00832
1.00824
1.00822
1.00795
1.00775
1.00765
1.00749
1.00783
1.01013
0.982879
0.978989
0.973871
0.972789
0.968955
0.968172
0.97238
0.981111
0.988496
0.993346
0.99558
0.998555
1.00202
1.00429
1.00528
1.0056
1.00615
1.00676
1.0073
1.00778
1.00832
1.00862
1.00876
1.009
1.00911
1.00919
1.00902
1.009
1.00905
1.00881
1.00865
1.00856
1.00845
1.00845
1.00824
1.00797
1.00773
1.00735
1.00661
1.00505
0.984859
0.978894
0.972058
0.969903
0.966086
0.965457
0.970082
0.980155
0.988954
0.99401
0.996235
0.999431
1.0028
1.00414
1.00502
1.00564
1.00641
1.00719
1.00769
1.00816
1.00879
1.00913
1.0092
1.00941
1.00952
1.00949
1.00928
1.00932
1.00934
1.00912
1.00897
1.00888
1.00871
1.00864
1.00848
1.00834
1.00826
1.00809
1.00832
1.00961
0.98408
0.978942
0.970556
0.966711
0.96271
0.961952
0.967208
0.978747
0.989254
0.994551
0.996723
1.00014
1.00323
1.004
1.00476
1.00537
1.00637
1.00729
1.00792
1.00841
1.00903
1.00925
1.00928
1.00962
1.00986
1.0098
1.00966
1.00972
1.00976
1.00956
1.00932
1.00917
1.00898
1.00883
1.00867
1.00843
1.00836
1.00802
1.00745
1.00615
0.986146
0.979133
0.968991
0.963348
0.958834
0.957952
0.963807
0.977251
0.989893
0.995577
0.997727
1.00116
1.00366
1.00386
1.00458
1.00556
1.00675
1.00788
1.00853
1.00883
1.00931
1.0095
1.00945
1.00989
1.01008
1.00998
1.01004
1.01014
1.01014
1.01007
1.00977
1.00959
1.00934
1.00918
1.00909
1.00888
1.00888
1.00872
1.00879
1.00944
0.985246
0.979078
0.967392
0.959503
0.954088
0.952716
0.959386
0.974788
0.990351
0.996656
0.998574
1.00176
1.00382
1.00389
1.00455
1.00566
1.00699
1.00807
1.00875
1.009
1.0095
1.00979
1.00966
1.00995
1.01012
1.01011
1.0104
1.0105
1.01049
1.0105
1.0102
1.01002
1.00974
1.00946
1.00925
1.009
1.00898
1.00867
1.00829
1.00731
0.988085
0.979359
0.966151
0.955684
0.949054
0.946757
0.953924
0.971759
0.991038
0.998583
1.0003
1.00274
1.00437
1.00415
1.00488
1.00631
1.00752
1.00835
1.00898
1.00926
1.00986
1.01024
1.01018
1.01041
1.01045
1.01037
1.01064
1.01074
1.01078
1.01083
1.01056
1.01042
1.01023
1.01003
1.00983
1.00949
1.00947
1.0093
1.00934
1.00955
0.986848
0.978609
0.964507
0.951447
0.942766
0.939495
0.946944
0.967129
0.990963
1.00052
1.00208
1.00344
1.00505
1.00475
1.00529
1.0068
1.0078
1.00835
1.00907
1.00953
1.01005
1.01057
1.01073
1.0109
1.01082
1.01086
1.0111
1.01114
1.0111
1.01111
1.01083
1.01066
1.01047
1.01024
1.01008
1.00968
1.0096
1.0093
1.00913
1.00847
0.990232
0.979127
0.96341
0.947138
0.936317
0.931338
0.938014
0.961065
0.99077
1.00364
1.00522
1.00514
1.00645
1.00587
1.00602
1.00728
1.00802
1.00864
1.00945
1.01001
1.01034
1.01085
1.01116
1.01142
1.01145
1.0115
1.0116
1.01147
1.01139
1.01139
1.01118
1.01111
1.01098
1.01079
1.01074
1.01031
1.01026
1.00991
1.00987
1.00986
0.989264
0.977812
0.961755
0.942498
0.929108
0.922076
0.926962
0.951978
0.989396
1.0059
1.00846
1.00693
1.00792
1.00723
1.00662
1.00748
1.0082
1.00887
1.00967
1.01033
1.01058
1.01118
1.0117
1.01171
1.01192
1.01214
1.01222
1.01206
1.01189
1.01182
1.0115
1.01136
1.01127
1.01099
1.01107
1.01063
1.01056
1.01005
1.00983
1.00944
0.993301
0.978917
0.960834
0.937855
0.921697
0.912234
0.913778
0.940755
0.988317
1.00862
1.01217
1.00989
1.00984
1.00876
1.00716
1.00786
1.00853
1.00947
1.01008
1.01082
1.01109
1.01158
1.01215
1.01214
1.01241
1.0127
1.01274
1.01256
1.01236
1.01233
1.01208
1.01195
1.01185
1.01152
1.01159
1.01116
1.01115
1.01061
1.01045
1.01033
0.992963
0.977627
0.959196
0.933194
0.914469
0.901971
0.898342
0.925918
0.985518
1.01054
1.01455
1.01268
1.01154
1.01006
1.00809
1.00844
1.00889
1.00968
1.01012
1.01098
1.01171
1.01226
1.01308
1.01294
1.0132
1.01334
1.01331
1.01319
1.01284
1.01273
1.0124
1.01226
1.0121
1.01176
1.01178
1.01139
1.01138
1.01079
1.01059
1.01035
0.997825
0.980118
0.959105
0.929072
0.907075
0.891918
0.881365
0.908165
0.981242
1.01217
1.01676
1.0158
1.01357
1.01129
1.00908
1.00927
1.00962
1.01012
1.0105
1.0114
1.01235
1.01283
1.01377
1.0136
1.01411
1.01397
1.01398
1.01385
1.0135
1.0134
1.0131
1.01299
1.01279
1.01256
1.01239
1.012
1.01191
1.01145
1.01141
1.01121
0.998375
0.97956
0.958444
0.925498
0.900833
0.88265
0.863851
0.886218
0.973024
1.01218
1.01777
1.01732
1.01463
1.01205
1.01009
1.01007
1.01019
1.01031
1.01089
1.01178
1.01299
1.0134
1.01454
1.01443
1.01517
1.01471
1.0147
1.01461
1.01426
1.01411
1.01379
1.01378
1.0135
1.01345
1.01315
1.01272
1.01232
1.01184
1.01163
1.01155
1.00431
0.983521
0.960766
0.924063
0.894515
0.874539
0.847608
0.861243
0.959923
1.01073
1.01811
1.01815
1.01533
1.01277
1.01127
1.01093
1.01085
1.01086
1.0118
1.01224
1.01364
1.01386
1.01505
1.01481
1.01579
1.01544
1.01552
1.01538
1.01513
1.01507
1.01475
1.01481
1.01426
1.01426
1.01374
1.01353
1.01297
1.01264
1.01227
1.01221
1.00626
0.984201
0.962635
0.924073
0.889527
0.868138
0.834269
0.833434
0.938877
1.00554
1.01653
1.01723
1.01519
1.0131
1.01162
1.01123
1.01136
1.01144
1.01268
1.01297
1.01463
1.01479
1.01582
1.01553
1.01629
1.01589
1.01619
1.01585
1.01575
1.01558
1.01526
1.01533
1.01475
1.01468
1.01397
1.01384
1.01317
1.0131
1.01264
1.01277
1.01429
0.990897
0.968089
0.92712
0.884995
0.862559
0.825071
0.806262
0.908327
0.996027
1.01378
1.01574
1.01386
1.01272
1.01138
1.0114
1.01169
1.01215
1.01362
1.01402
1.01556
1.01558
1.01658
1.01644
1.01705
1.01659
1.01705
1.01646
1.01651
1.01616
1.016
1.0159
1.0155
1.01544
1.01488
1.01475
1.01403
1.01396
1.01341
1.01346
1.0201
0.995376
0.972328
0.931458
0.88283
0.857766
0.820172
0.780616
0.868325
0.979125
1.00734
1.01185
1.01112
1.01138
1.01029
1.01113
1.01171
1.0127
1.01408
1.01483
1.01633
1.01657
1.01742
1.01751
1.01795
1.01747
1.01793
1.01735
1.01772
1.01728
1.01742
1.01716
1.01694
1.01671
1.01617
1.01588
1.01519
1.01486
1.0143
1.01429
1.03206
1.00764
0.981527
0.938872
0.883237
0.853189
0.818125
0.759308
0.820678
0.9532
0.997011
1.00586
1.00675
1.00907
1.00785
1.01006
1.01141
1.01299
1.01469
1.01553
1.01683
1.01741
1.0181
1.01845
1.01884
1.01867
1.01893
1.01854
1.01888
1.0186
1.01893
1.01854
1.01847
1.01798
1.01753
1.01685
1.01639
1.01574
1.01532
1.0152
1.04335
1.01806
0.989747
0.947104
0.888257
0.849797
0.816837
0.741981
0.767478
0.915037
0.980295
0.996101
0.99946
1.00521
1.004
1.00825
1.01083
1.0129
1.01539
1.01638
1.01779
1.01849
1.01902
1.0194
1.01962
1.01967
1.01978
1.01953
1.01967
1.01937
1.01959
1.01908
1.01913
1.01844
1.01836
1.01748
1.01737
1.01653
1.01643
1.01615
1.05988
1.03666
1.00604
0.960516
0.898049
0.848324
0.812157
0.728655
0.712681
0.863262
0.956079
0.981849
0.98833
0.998493
0.998671
1.00519
1.00935
1.01217
1.01563
1.01725
1.01889
1.01954
1.02025
1.02049
1.02069
1.02062
1.02047
1.02016
1.02021
1.01987
1.02009
1.01947
1.01983
1.01903
1.01928
1.01829
1.01842
1.01752
1.01754
1.0172
1.08096
1.05605
1.02263
0.975868
0.912917
0.849434
0.802838
0.714034
0.660013
0.794918
0.920801
0.960374
0.972144
0.987767
0.991358
0.999879
1.00659
1.01035
1.01498
1.01731
1.01967
1.0205
1.02178
1.02219
1.02255
1.02244
1.02227
1.02178
1.02187
1.02133
1.0217
1.02089
1.02127
1.02029
1.02053
1.01943
1.01958
1.01859
1.01865
1.01825
1.11121
1.08738
1.05418
1.00419
0.934677
0.852385
0.786292
0.691822
0.608257
0.716703
0.874043
0.930991
0.951087
0.973136
0.981651
0.992049
1.00161
1.00649
1.01259
1.016
1.01975
1.02087
1.02324
1.02373
1.02466
1.02453
1.02455
1.02427
1.02461
1.02375
1.02417
1.0229
1.02323
1.02195
1.02209
1.02088
1.02101
1.01993
1.01999
1.01954
1.14922
1.12165
1.09055
1.0409
0.960681
0.85444
0.758672
0.654537
0.548283
0.630932
0.815695
0.893282
0.924397
0.954461
0.96922
0.982257
0.99473
1.00149
1.00879
1.01338
1.01859
1.02029
1.02357
1.02418
1.02589
1.02592
1.02654
1.02632
1.02678
1.02585
1.02634
1.0249
1.02533
1.02385
1.02413
1.02281
1.02301
1.02174
1.02176
1.0212
1.1964
1.16512
1.14769
1.09309
0.986194
0.8481
0.714084
0.594502
0.476847
0.535631
0.743961
0.846213
0.890749
0.931541
0.953922
0.971322
0.986792
0.995728
1.00428
1.00978
1.01611
1.01823
1.02247
1.02344
1.02623
1.02639
1.02787
1.02786
1.02862
1.02798
1.02873
1.02745
1.02805
1.02661
1.02698
1.02555
1.0257
1.02419
1.02413
1.02348
1.25425
1.23801
1.24013
1.14286
0.990621
0.813449
0.64192
0.5018
0.385942
0.437232
0.659957
0.789094
0.848914
0.90315
0.934334
0.958015
0.977316
0.989185
0.999874
1.00671
1.01446
1.01726
1.02261
1.02379
1.02756
1.02751
1.02985
1.02995
1.03122
1.03091
1.03173
1.03072
1.03133
1.0299
1.03019
1.02864
1.02866
1.02703
1.02694
1.0262
1.33051
1.35531
1.30006
1.15566
0.952472
0.728856
0.525415
0.368005
0.270393
0.345723
0.576462
0.725687
0.800341
0.868418
0.909471
0.940919
0.964939
0.980651
0.994092
1.00346
1.01309
1.01735
1.02364
1.02525
1.02976
1.02956
1.03264
1.03255
1.03387
1.03389
1.0342
1.03363
1.03365
1.03258
1.03258
1.03132
1.03135
1.02991
1.02987
1.02925
1.45287
1.42991
1.31222
1.10975
0.837095
0.566866
0.343868
0.190412
0.162907
0.277702
0.510154
0.663765
0.751273
0.830517
0.879992
0.921519
0.94867
0.971015
0.986822
0.999489
1.01008
1.01603
1.02354
1.02563
1.03099
1.03052
1.03443
1.03378
1.03548
1.0357
1.03549
1.03584
1.03489
1.03491
1.03424
1.03362
1.0333
1.03199
1.03197
1.0314
1.59219
1.473
1.26675
0.96162
0.618296
0.310289
0.0860789
0.109086
0.213793
0.28904
0.473252
0.613369
0.711442
0.796337
0.851456
0.901296
0.930506
0.959967
0.976005
0.993267
1.00412
1.01224
1.02048
1.02343
1.02997
1.02981
1.03534
1.03418
1.03735
1.03738
1.0376
1.03876
1.03723
1.03843
1.03664
1.0371
1.03577
1.03518
1.0349
1.03467
1.65
1.40306
1.06142
0.647351
0.257662
0.0738531
0.253641
0.368157
0.408753
0.40045
0.494077
0.591427
0.692509
0.772944
0.831735
0.884448
0.916191
0.948831
0.965849
0.98588
0.996867
1.0082
1.01675
1.02223
1.0297
1.03098
1.03763
1.03653
1.04171
1.04068
1.04299
1.04346
1.04254
1.04376
1.04144
1.04265
1.04
1.04027
1.03883
1.0389
1.47729
1.16299
0.729426
0.377655
0.396381
0.567135
0.649728
0.669337
0.602009
0.507874
0.556731
0.621113
0.70381
0.768755
0.828741
0.874395
0.911186
0.941533
0.961354
0.98478
0.994576
1.01172
1.01839
1.0281
1.03455
1.03788
1.04441
1.04383
1.04983
1.04755
1.05233
1.05045
1.05243
1.05174
1.05121
1.05135
1.04899
1.04948
1.04769
1.04772
1.10256
0.871032
0.728389
0.828813
0.908163
0.933085
0.928597
0.85853
0.707121
0.651146
0.673389
0.683367
0.756027
0.787054
0.852663
0.881195
0.924953
0.949469
0.974018
0.997426
1.00812
1.02714
1.03081
1.04425
1.04668
1.05282
1.05623
1.05695
1.06146
1.05914
1.06376
1.0602
1.06364
1.06004
1.06143
1.05839
1.05882
1.05801
1.05791
1.05707
0.886184
0.968312
0.979802
1.06206
1.05596
1.06232
0.997949
0.882891
0.794431
0.77754
0.763315
0.77412
0.809579
0.83939
0.894337
0.91661
0.959906
0.976983
1.00443
1.01752
1.03291
1.04379
1.04993
1.06108
1.06158
1.07028
1.06965
1.07485
1.07545
1.07808
1.07904
1.07881
1.08077
1.07817
1.08069
1.07617
1.07832
1.07413
1.07427
1.07304
0.842811
0.894526
0.902846
0.937057
0.940212
0.932743
0.848666
0.809543
0.793335
0.785758
0.780505
0.807198
0.830159
0.873251
0.916813
0.943034
0.98083
0.997412
1.02211
1.03482
1.05461
1.05992
1.07301
1.07528
1.08183
1.08636
1.08821
1.09504
1.09376
1.10093
1.09871
1.10333
1.10219
1.10313
1.10448
1.10297
1.10383
1.09581
1.09655
1.08974
0.549135
0.585992
0.655111
0.678955
0.697468
0.698182
0.670605
0.693941
0.690803
0.692856
0.733518
0.766427
0.793004
0.836581
0.881847
0.920298
0.958255
0.997253
1.01813
1.04248
1.06016
1.07699
1.09204
1.10536
1.11655
1.12408
1.13019
1.13193
1.13457
1.13731
1.13921
1.14377
1.14626
1.14951
1.15155
1.14988
1.15147
1.15054
1.14999
1.14691
0.260917
0.256889
0.325259
0.350659
0.381884
0.407666
0.418098
0.419928
0.410557
0.415389
0.439751
0.484441
0.546326
0.618806
0.699702
0.778261
0.846699
0.914821
0.968403
1.01836
1.05164
1.08613
1.10486
1.12547
1.13565
1.14615
1.15336
1.16077
1.16504
1.17087
1.17121
1.17209
1.17122
1.16893
1.16938
1.1661
1.16842
1.16803
1.17547
1.18207
0.261278
0.286974
0.281607
0.27224
0.255887
0.231733
0.187701
0.159212
0.269958
0.348006
0.319152
0.262083
0.284652
0.340557
0.389514
0.454358
0.523355
0.604932
0.691624
0.781531
0.843563
0.899336
0.949252
0.996689
1.03159
1.074
1.10001
1.12999
1.15272
1.17723
1.19742
1.21798
1.23498
1.25055
1.26642
1.27851
1.29131
1.295
1.30287
1.29858
0.273163
0.314658
0.35659
0.39926
0.444381
0.488234
0.527616
0.559257
0.576896
0.577711
0.573132
0.557506
0.546493
0.516781
0.491853
0.447017
0.409345
0.334642
0.245913
0.104468
0.0896848
0.486749
0.534371
0.577217
0.62613
0.657938
0.711597
0.743927
0.805785
0.843372
0.907946
0.947086
1.00867
1.04448
1.09929
1.13227
1.18769
1.23022
1.29631
1.34873
1.01667
1.01612
1.01784
1.01813
1.01903
1.01908
1.01969
1.01949
1.01993
1.01996
1.01982
1.02019
1.0197
1.02017
1.01943
1.01972
1.01879
1.01852
1.01724
1.01596
1.01363
1.01058
1.00626
1.00073
0.993821
0.986022
0.979946
0.979308
0.985853
0.994499
1.00229
1.00701
1.00706
1.00707
1.0072
1.0072
1.00728
1.00742
1.00749
1.00746
0.999667
1.00033
0.999129
0.999528
0.998692
0.99925
0.998978
0.999156
0.999343
0.999111
0.999654
0.999258
0.99984
0.999673
1.00004
1.00022
1.00056
1.00118
1.00194
1.00336
1.0053
1.00817
1.01193
1.01651
1.02096
1.02519
1.02721
1.02747
1.02527
1.01796
1.0109
1.0091
1.00884
1.00888
1.00875
1.00868
1.00843
1.00805
1.00786
1.00785
1.01396
1.01448
1.01632
1.01691
1.01804
1.01801
1.01877
1.01877
1.01867
1.01905
1.01852
1.0189
1.01808
1.01843
1.01725
1.01741
1.01596
1.01541
1.01356
1.01199
1.00943
1.00676
1.00367
1.00087
0.99864
0.998029
0.999676
1.00323
1.00596
1.0069
1.00733
1.00772
1.00784
1.00801
1.00807
1.00797
1.00809
1.00827
1.00819
1.00819
1.00177
1.00245
1.00167
1.00187
1.00126
1.00154
1.00134
1.00155
1.00176
1.00169
1.00211
1.00218
1.00246
1.00318
1.00326
1.00429
1.00473
1.00621
1.00729
1.00937
1.01131
1.01381
1.01637
1.01895
1.02092
1.02214
1.02263
1.02222
1.02041
1.01753
1.01441
1.01279
1.01182
1.01078
1.00999
1.00964
1.00918
1.00865
1.00845
1.00843
1.01228
1.01329
1.01464
1.0154
1.01636
1.01654
1.01677
1.01715
1.01683
1.01718
1.01672
1.01676
1.01604
1.01605
1.01513
1.01484
1.01356
1.01269
1.0111
1.00961
1.00772
1.00602
1.00447
1.00356
1.00313
1.0034
1.00464
1.00667
1.0079
1.00838
1.00888
1.00917
1.0093
1.00937
1.00925
1.00924
1.00925
1.00909
1.00885
1.00879
1.00407
1.00447
1.00397
1.00412
1.00404
1.00406
1.00417
1.00425
1.0044
1.00466
1.00498
1.00543
1.00569
1.00632
1.0067
1.00756
1.00828
1.00955
1.01053
1.01202
1.01323
1.01453
1.01574
1.01691
1.01759
1.01794
1.01838
1.01842
1.01748
1.0154
1.014
1.01327
1.01277
1.01165
1.0107
1.01019
1.00967
1.00927
1.00914
1.0091
1.01115
1.01235
1.01331
1.01414
1.01456
1.01516
1.01509
1.01548
1.01533
1.01544
1.01509
1.01512
1.0146
1.01443
1.01367
1.01321
1.01215
1.01137
1.01012
1.00906
1.00782
1.0069
1.00616
1.00593
1.00583
1.00604
1.00717
1.00859
1.00909
1.00935
1.00995
1.01025
1.01038
1.01042
1.01042
1.01032
1.01002
1.00971
1.00955
1.00946
1.00604
1.00585
1.00587
1.00609
1.00626
1.00652
1.00678
1.00691
1.00723
1.00749
1.0077
1.00809
1.00844
1.00897
1.00939
1.01001
1.01067
1.01142
1.01214
1.01292
1.01357
1.01435
1.0152
1.01566
1.01577
1.0158
1.01596
1.01575
1.01491
1.01366
1.01292
1.01288
1.01237
1.01149
1.01092
1.01056
1.0102
1.00993
1.00979
1.00968
1.01055
1.01179
1.01226
1.013
1.01322
1.01382
1.01376
1.01418
1.01403
1.01428
1.01408
1.01407
1.01371
1.01355
1.01302
1.01261
1.01188
1.01129
1.01056
1.00997
1.00927
1.00882
1.00871
1.00877
1.00862
1.00883
1.00966
1.01016
1.01036
1.01049
1.011
1.01126
1.01136
1.01138
1.01123
1.01092
1.01057
1.01026
1.0101
1.01003
1.00781
1.00778
1.00795
1.00815
1.00846
1.00886
1.00915
1.00939
1.00954
1.00978
1.01006
1.01036
1.01075
1.01106
1.01144
1.01191
1.01232
1.01281
1.01329
1.01377
1.01427
1.0149
1.01523
1.0153
1.0151
1.01476
1.01463
1.01424
1.01351
1.01281
1.01259
1.01239
1.01187
1.01147
1.01127
1.01104
1.01077
1.01051
1.01034
1.01016
1.01032
1.01139
1.01176
1.01245
1.01256
1.01312
1.01311
1.01354
1.01355
1.0138
1.01373
1.01374
1.01352
1.01348
1.01315
1.01295
1.01251
1.01224
1.0118
1.01146
1.01111
1.01103
1.01102
1.01098
1.01087
1.01111
1.01163
1.01177
1.01178
1.01188
1.01213
1.01224
1.01214
1.01195
1.01169
1.01138
1.01101
1.0108
1.01069
1.01056
1.00921
1.0096
1.00985
1.01029
1.01051
1.01082
1.011
1.0112
1.01135
1.01161
1.01186
1.01213
1.01238
1.01274
1.01299
1.01326
1.01361
1.01396
1.01426
1.01464
1.01502
1.01527
1.01532
1.01506
1.01466
1.0144
1.01414
1.01368
1.01316
1.01289
1.01271
1.01248
1.01223
1.01213
1.01202
1.01173
1.01129
1.01102
1.01094
1.01085
1.01089
1.01142
1.01181
1.01236
1.01255
1.01305
1.0132
1.01361
1.01369
1.01394
1.01397
1.01403
1.01401
1.01402
1.01391
1.0139
1.0137
1.01358
1.01332
1.01313
1.01298
1.01301
1.01306
1.01297
1.01293
1.01312
1.01331
1.01326
1.01322
1.01321
1.01318
1.013
1.01273
1.01259
1.01242
1.01217
1.0118
1.01152
1.01143
1.01136
1.01054
1.0111
1.01138
1.01184
1.01206
1.01238
1.01254
1.01281
1.01301
1.01326
1.01348
1.01376
1.01398
1.01423
1.01443
1.01472
1.01488
1.01513
1.0153
1.01559
1.01572
1.01574
1.01543
1.01506
1.01484
1.01467
1.01434
1.01396
1.01375
1.01363
1.01352
1.01337
1.01315
1.01298
1.01278
1.01243
1.01207
1.01181
1.01175
1.01178
1.01151
1.01209
1.01241
1.01295
1.01319
1.01366
1.01384
1.01421
1.01433
1.01461
1.01466
1.01488
1.01489
1.01506
1.01507
1.01522
1.01513
1.01514
1.01495
1.0149
1.01484
1.01481
1.01468
1.01461
1.0146
1.01464
1.01465
1.01449
1.01433
1.0142
1.0141
1.01387
1.01366
1.01352
1.01336
1.01307
1.01266
1.01233
1.01224
1.01226
1.01189
1.01241
1.01272
1.01318
1.0134
1.01377
1.01396
1.01429
1.01443
1.01471
1.01481
1.01505
1.01512
1.01534
1.01539
1.01563
1.01567
1.01587
1.01589
1.01606
1.01599
1.01587
1.01554
1.01537
1.01531
1.01528
1.01518
1.01499
1.01482
1.01475
1.01467
1.01439
1.01406
1.01384
1.01369
1.01346
1.01306
1.01271
1.01265
1.01272
1.01254
1.01314
1.01346
1.014
1.01422
1.01467
1.01483
1.01521
1.01531
1.01559
1.01565
1.01588
1.01588
1.01606
1.01609
1.01626
1.01624
1.0163
1.01616
1.01618
1.01607
1.01596
1.01579
1.0158
1.0159
1.01596
1.01587
1.01568
1.01554
1.01548
1.01541
1.01519
1.01483
1.01452
1.01436
1.01418
1.01373
1.01328
1.01317
1.01321
1.01315
1.01374
1.01407
1.01459
1.01482
1.01527
1.01545
1.01584
1.01597
1.01627
1.01635
1.01663
1.0167
1.01696
1.01705
1.01727
1.01728
1.01737
1.01724
1.01724
1.01698
1.01678
1.01659
1.01663
1.0167
1.01676
1.0166
1.01637
1.01624
1.01617
1.01603
1.01579
1.01542
1.01502
1.01478
1.01461
1.01423
1.01377
1.01363
1.0137
1.01385
1.01449
1.01483
1.01536
1.01563
1.01609
1.01628
1.01668
1.01681
1.01715
1.01724
1.01757
1.01764
1.01792
1.01801
1.01824
1.01823
1.01826
1.01808
1.01803
1.01776
1.01762
1.01752
1.01763
1.01771
1.01772
1.01751
1.01733
1.01725
1.0172
1.01708
1.01691
1.01656
1.01608
1.01574
1.01554
1.01519
1.01473
1.01446
1.01445
1.01468
1.01534
1.01568
1.01623
1.01649
1.01699
1.01718
1.01762
1.01775
1.01816
1.01829
1.01868
1.01878
1.01913
1.01921
1.01946
1.01936
1.01935
1.01911
1.01899
1.01866
1.01854
1.01848
1.01857
1.01858
1.01851
1.01826
1.01811
1.01802
1.01793
1.01775
1.01751
1.01711
1.01667
1.01629
1.01598
1.01557
1.01529
1.01523
1.01511
1.01563
1.01626
1.01662
1.01717
1.01745
1.01798
1.01818
1.01867
1.01883
1.0193
1.01945
1.01988
1.02002
1.02039
1.02046
1.02068
1.02051
1.02049
1.02021
1.02009
1.01981
1.01975
1.01968
1.01976
1.01973
1.01962
1.01938
1.01934
1.01932
1.01924
1.01904
1.01879
1.01842
1.01806
1.01769
1.01721
1.01659
1.0163
1.01631
1.01617
1.01662
1.01725
1.01766
1.01822
1.01856
1.01909
1.01934
1.01985
1.02006
1.02057
1.02075
1.02121
1.02133
1.02168
1.02168
1.02182
1.02161
1.02161
1.02137
1.02134
1.02111
1.02109
1.02098
1.02099
1.02081
1.02059
1.02032
1.02029
1.02012
1.01995
1.01971
1.01944
1.01905
1.01875
1.01839
1.01786
1.01722
1.01686
1.01688
1.01694
1.01772
1.01839
1.01882
1.0194
1.01978
1.02033
1.02063
1.02116
1.0214
1.02194
1.02215
1.02262
1.0227
1.02304
1.02297
1.02314
1.02297
1.02309
1.02294
1.02294
1.02271
1.0227
1.02254
1.02254
1.02224
1.02206
1.02189
1.02183
1.02157
1.02147
1.02133
1.02107
1.02066
1.02034
1.01994
1.01936
1.01873
1.01823
1.01813
1.01838
1.01884
1.01954
1.02005
1.02069
1.02118
1.02177
1.02214
1.0227
1.02299
1.02353
1.02368
1.02409
1.02409
1.02432
1.02419
1.0244
1.02431
1.02456
1.02436
1.02439
1.02408
1.02409
1.02395
1.02392
1.02357
1.02346
1.02326
1.0231
1.02277
1.02267
1.02243
1.02208
1.0217
1.0214
1.02089
1.02031
1.01972
1.01916
1.01882
1.0189
1.02019
1.02102
1.02161
1.02234
1.02292
1.02358
1.02409
1.02468
1.02502
1.0255
1.02566
1.02598
1.02592
1.02614
1.02607
1.0264
1.02638
1.02666
1.02644
1.02638
1.02607
1.02619
1.02618
1.02614
1.02576
1.02574
1.02562
1.02556
1.02519
1.02496
1.02457
1.02422
1.02387
1.02354
1.02286
1.02215
1.02152
1.02098
1.02075
1.02087
1.02188
1.02283
1.02351
1.02438
1.02499
1.02573
1.02618
1.02675
1.02701
1.02744
1.0275
1.02782
1.02779
1.02814
1.02818
1.02862
1.0286
1.02883
1.02844
1.02829
1.02799
1.02826
1.02806
1.02792
1.02744
1.0275
1.02732
1.0272
1.02682
1.02647
1.02603
1.02572
1.02547
1.02496
1.02404
1.02328
1.02265
1.02221
1.02189
1.02192
1.02414
1.02524
1.02604
1.0269
1.02752
1.02823
1.02857
1.02912
1.02934
1.02983
1.03001
1.03056
1.03076
1.03135
1.03152
1.03206
1.0321
1.03232
1.03188
1.0319
1.03172
1.03197
1.03154
1.03143
1.03104
1.03109
1.0306
1.03051
1.03009
1.02984
1.02933
1.02917
1.02869
1.02805
1.02705
1.02627
1.02545
1.02512
1.02485
1.02483
1.02686
1.02787
1.02865
1.02943
1.02989
1.03046
1.03075
1.03133
1.03156
1.03224
1.0325
1.03321
1.03339
1.03393
1.03406
1.03465
1.03462
1.03479
1.0344
1.03466
1.03438
1.03438
1.03381
1.03392
1.03349
1.03334
1.03267
1.03263
1.03211
1.03201
1.03148
1.03123
1.03041
1.0297
1.02863
1.02774
1.02674
1.02633
1.02598
1.026
1.0301
1.03102
1.03161
1.03238
1.03294
1.03367
1.03423
1.03503
1.03546
1.03636
1.03677
1.03753
1.03771
1.0384
1.03876
1.03945
1.03931
1.03953
1.0394
1.03985
1.03945
1.03934
1.03888
1.03907
1.03852
1.0383
1.03763
1.03752
1.03688
1.03692
1.03647
1.03605
1.035
1.03426
1.03308
1.03225
1.03133
1.03079
1.03028
1.03023
1.03267
1.03319
1.03421
1.03498
1.03588
1.03677
1.03758
1.03843
1.03916
1.04005
1.04056
1.04115
1.04155
1.04238
1.04276
1.04306
1.0429
1.04335
1.04345
1.04361
1.04294
1.04295
1.0426
1.04254
1.04182
1.0417
1.04095
1.0407
1.04012
1.04029
1.03953
1.03896
1.03775
1.03679
1.0353
1.0344
1.03328
1.03273
1.03222
1.0322
1.03604
1.03726
1.03867
1.03976
1.04129
1.04223
1.04358
1.04466
1.04583
1.04668
1.04724
1.04809
1.04891
1.04979
1.04987
1.05006
1.05022
1.05076
1.05051
1.05029
1.04995
1.05024
1.04979
1.04959
1.04904
1.04895
1.04819
1.04807
1.04744
1.04724
1.04628
1.04592
1.04454
1.04331
1.04173
1.04077
1.03955
1.03911
1.03867
1.03867
1.04032
1.0417
1.04323
1.04464
1.04597
1.04716
1.0489
1.04982
1.05118
1.05171
1.05317
1.05411
1.05513
1.05531
1.0557
1.05652
1.05733
1.05787
1.05792
1.05831
1.05813
1.05808
1.05722
1.05692
1.05579
1.05552
1.0546
1.05431
1.05317
1.05273
1.05177
1.05115
1.04941
1.04817
1.0462
1.04518
1.04379
1.04318
1.04244
1.04228
1.04916
1.05125
1.05247
1.05441
1.05603
1.05781
1.05917
1.06032
1.06145
1.06296
1.06424
1.0652
1.0655
1.06626
1.0666
1.06743
1.06701
1.06721
1.06624
1.0662
1.06531
1.06543
1.06462
1.0645
1.06391
1.06412
1.06359
1.0634
1.06256
1.06231
1.06121
1.06055
1.05886
1.05753
1.05542
1.0539
1.05198
1.05112
1.04987
1.04978
1.05807
1.06052
1.06334
1.06517
1.06726
1.06846
1.07017
1.0719
1.07404
1.07568
1.07688
1.078
1.07935
1.08081
1.08196
1.08341
1.08443
1.08601
1.08655
1.08766
1.08754
1.08801
1.08734
1.08697
1.08569
1.0844
1.08288
1.0814
1.07951
1.07769
1.07571
1.07383
1.07159
1.06941
1.06657
1.06443
1.06203
1.06083
1.05958
1.05943
1.07373
1.07646
1.0782
1.08058
1.08196
1.08445
1.08637
1.08876
1.09002
1.09155
1.09217
1.09346
1.0942
1.09547
1.09566
1.09577
1.09493
1.09396
1.09246
1.09146
1.09038
1.08974
1.08896
1.08827
1.08739
1.0867
1.08599
1.08552
1.08472
1.08409
1.08291
1.08187
1.08022
1.07858
1.07626
1.07442
1.07224
1.07077
1.06931
1.06856
1.09522
1.10011
1.10383
1.10839
1.11124
1.11534
1.11824
1.12184
1.12449
1.12764
1.12992
1.13262
1.13474
1.13737
1.13959
1.14239
1.14469
1.14718
1.14894
1.15068
1.15121
1.15169
1.15101
1.15041
1.14845
1.14685
1.14398
1.1416
1.13801
1.13486
1.13054
1.12662
1.12161
1.11719
1.11167
1.10729
1.10205
1.09843
1.09415
1.0918
1.14818
1.14528
1.14667
1.14639
1.14872
1.14921
1.15136
1.15185
1.15348
1.15374
1.1548
1.15493
1.15564
1.15544
1.15527
1.15416
1.15277
1.15068
1.14854
1.14611
1.14396
1.14156
1.13964
1.13727
1.13537
1.13317
1.13132
1.12926
1.12747
1.12545
1.12372
1.1217
1.1198
1.11714
1.11408
1.11022
1.10633
1.10288
1.10071
1.10057
1.19333
1.20746
1.21767
1.23024
1.23655
1.24721
1.25232
1.26174
1.26602
1.27436
1.27777
1.28509
1.28774
1.29428
1.29636
1.30228
1.30388
1.3091
1.30982
1.31364
1.31268
1.31435
1.3114
1.31125
1.30677
1.3046
1.29848
1.29431
1.28667
1.28065
1.27162
1.26394
1.25387
1.24516
1.23502
1.2264
1.21692
1.20816
1.19763
1.18592
1.30132
1.29251
1.29823
1.29823
1.30796
1.30929
1.3188
1.31944
1.32767
1.32723
1.33383
1.33204
1.33662
1.33323
1.33585
1.33117
1.33263
1.3278
1.32872
1.32321
1.32212
1.31469
1.31125
1.30234
1.29797
1.28864
1.28407
1.2743
1.26981
1.2598
1.25509
1.24569
1.24123
1.23353
1.22811
1.21865
1.20639
1.19021
1.17311
1.16122
1.40798
1.43159
1.48101
1.51726
1.55497
1.58653
1.61984
1.64748
1.67693
1.70086
1.72647
1.74656
1.76813
1.78389
1.80063
1.81112
1.82211
1.82684
1.83236
1.83252
1.83432
1.83141
1.83018
1.82382
1.81845
1.80771
1.79831
1.78349
1.76997
1.75154
1.73413
1.71185
1.69036
1.66443
1.63956
1.61105
1.58433
1.55665
1.53036
1.50419
1.00769
1.00824
1.00828
1.0084
1.00849
1.0086
1.0087
1.00887
1.00908
1.00932
1.00976
1.01006
1.01003
1.01006
1.01035
1.01046
1.01046
1.01026
1.00997
1.00964
1.00923
1.00857
1.00777
1.00681
1.00546
1.00375
1.00163
0.99967
0.997103
0.994848
0.992355
0.989888
0.986958
0.983711
0.981854
0.979404
0.97906
0.977818
0.977777
0.975858
1.008
1.00843
1.00843
1.00861
1.00872
1.00883
1.00892
1.00906
1.00931
1.00971
1.01021
1.01052
1.01051
1.01034
1.0105
1.01066
1.01071
1.01049
1.01019
1.00988
1.00946
1.00875
1.00778
1.00677
1.00548
1.00376
1.00169
0.999429
0.996592
0.994603
0.991802
0.989487
0.986329
0.983122
0.981124
0.978685
0.97827
0.976944
0.977016
0.975135
1.00833
1.00871
1.00867
1.00894
1.00894
1.00902
1.00913
1.00935
1.00957
1.00991
1.01038
1.0107
1.01067
1.01042
1.01041
1.01051
1.0105
1.0103
1.00985
1.00944
1.00895
1.00839
1.0075
1.00639
1.00484
1.00287
1.00085
0.998881
0.996057
0.993516
0.990875
0.988243
0.98549
0.982699
0.980539
0.978474
0.977612
0.976194
0.976074
0.974584
1.00856
1.00877
1.00874
1.009
1.00892
1.00908
1.00931
1.00954
1.00969
1.00998
1.01033
1.01053
1.01045
1.0101
1.00993
1.00995
1.00987
1.00957
1.00922
1.00897
1.00847
1.00768
1.00651
1.00536
1.00396
1.00221
1.00027
0.997541
0.994939
0.992492
0.98952
0.986925
0.984267
0.981933
0.979801
0.978067
0.976898
0.975267
0.97511
0.973966
1.00889
1.00904
1.00901
1.00924
1.00912
1.00933
1.00959
1.00987
1.01008
1.01017
1.01035
1.01051
1.01047
1.01024
1.01007
1.01003
1.00985
1.00958
1.00924
1.00892
1.00826
1.0074
1.00633
1.0051
1.00357
1.0016
0.999472
0.997205
0.994815
0.991897
0.988843
0.985965
0.983466
0.981336
0.97928
0.977655
0.976458
0.974537
0.974359
0.973274
1.00913
1.00916
1.00914
1.00925
1.00916
1.00949
1.00978
1.01015
1.0103
1.01022
1.01029
1.0104
1.01041
1.01025
1.01015
1.00996
1.0097
1.0095
1.00923
1.00882
1.00826
1.0072
1.00597
1.00454
1.00305
1.00151
0.999386
0.996772
0.994163
0.991151
0.988017
0.985133
0.982483
0.980343
0.97837
0.97665
0.9756
0.973494
0.973268
0.972289
1.00954
1.00962
1.00961
1.00966
1.00961
1.01009
1.01024
1.01063
1.01072
1.01056
1.01058
1.01072
1.01079
1.01061
1.01058
1.01048
1.01024
1.01006
1.00976
1.00924
1.00849
1.00753
1.00638
1.00504
1.00343
1.00143
0.999204
0.99667
0.994159
0.991041
0.987748
0.984623
0.981878
0.97968
0.977661
0.975799
0.97491
0.972914
0.972465
0.971389
1.00968
1.00978
1.00981
1.00979
1.00979
1.01034
1.01046
1.01079
1.01085
1.0108
1.01081
1.01096
1.01107
1.01085
1.01084
1.01079
1.01063
1.01048
1.01025
1.00979
1.00901
1.00804
1.00671
1.00514
1.00343
1.00162
0.999339
0.996676
0.993701
0.990237
0.987098
0.983874
0.981003
0.97861
0.976509
0.974478
0.973737
0.972021
0.971711
0.970417
1.01011
1.01025
1.01037
1.01027
1.01036
1.01092
1.01093
1.01123
1.01135
1.01155
1.01149
1.01156
1.01155
1.01139
1.01139
1.01144
1.01125
1.01118
1.0109
1.01031
1.00954
1.00853
1.00728
1.0058
1.00399
1.00163
0.999111
0.996122
0.993165
0.989916
0.986572
0.983277
0.980279
0.977785
0.975617
0.973542
0.972847
0.971321
0.971235
0.96976
1.01016
1.01037
1.01061
1.01056
1.01062
1.01108
1.01118
1.0115
1.01154
1.01196
1.01193
1.01202
1.01213
1.01197
1.01188
1.01201
1.01199
1.01178
1.01151
1.01095
1.0103
1.00923
1.00793
1.00611
1.00421
1.00164
0.999035
0.996068
0.992839
0.989141
0.985761
0.982389
0.97931
0.976661
0.974531
0.972447
0.971821
0.970236
0.970353
0.968816
1.01045
1.01069
1.01102
1.01097
1.01109
1.0115
1.01172
1.01199
1.01188
1.01235
1.01225
1.01221
1.01223
1.01225
1.01204
1.01216
1.0121
1.01165
1.01142
1.01098
1.01033
1.00935
1.00812
1.00628
1.00405
1.00136
0.998432
0.995131
0.991736
0.988213
0.984685
0.981158
0.978069
0.975402
0.973335
0.971351
0.970766
0.969208
0.96958
0.967953
1.01072
1.01097
1.01134
1.01132
1.01152
1.01174
1.01198
1.0123
1.01222
1.01258
1.01268
1.01281
1.01287
1.01296
1.0127
1.01272
1.01266
1.01236
1.01217
1.01184
1.01112
1.01021
1.00873
1.00691
1.00459
1.00161
0.99842
0.99512
0.991504
0.987746
0.983978
0.98037
0.977192
0.974371
0.972305
0.970268
0.969695
0.967976
0.968319
0.966806
1.01108
1.01127
1.01173
1.01183
1.01209
1.01208
1.01242
1.01262
1.01246
1.01278
1.01274
1.01283
1.01278
1.01299
1.01272
1.01265
1.01261
1.01235
1.01197
1.01147
1.01064
1.00955
1.00799
1.0061
1.00359
1.00062
0.99732
0.993872
0.990027
0.986168
0.982402
0.97864
0.975446
0.972664
0.970725
0.968786
0.9684
0.96685
0.967356
0.96598
1.01167
1.01177
1.01223
1.0125
1.01278
1.01269
1.013
1.01319
1.01322
1.0136
1.01362
1.01366
1.01354
1.01393
1.01379
1.01369
1.01374
1.01349
1.01301
1.01245
1.01152
1.01035
1.00878
1.00685
1.00425
1.0012
0.997737
0.993966
0.9899
0.986055
0.981842
0.977957
0.974503
0.971561
0.969509
0.967419
0.967103
0.965599
0.965975
0.964913
1.01203
1.01197
1.01245
1.01284
1.01322
1.01306
1.01328
1.01326
1.01338
1.01376
1.01382
1.01395
1.01368
1.01398
1.01404
1.01392
1.01394
1.0136
1.01288
1.01211
1.01095
1.00959
1.00785
1.00575
1.00306
0.999967
0.996353
0.992334
0.988262
0.984144
0.979941
0.97592
0.972448
0.969645
0.967637
0.965755
0.965624
0.964358
0.965059
0.964186
1.01271
1.01273
1.01306
1.01345
1.01379
1.01389
1.01399
1.01397
1.01425
1.01467
1.015
1.01534
1.01486
1.01509
1.01522
1.01528
1.01525
1.01497
1.01423
1.01329
1.012
1.01061
1.00885
1.00661
1.00391
1.00066
0.996751
0.992425
0.987926
0.983685
0.979057
0.974862
0.971093
0.968175
0.966061
0.964098
0.964038
0.963003
0.963589
0.963127
1.01312
1.01304
1.01334
1.01363
1.01394
1.01411
1.01416
1.01423
1.01447
1.01478
1.01522
1.01558
1.01517
1.01526
1.01521
1.01511
1.01495
1.01458
1.01387
1.01293
1.01162
1.00997
1.008
1.00555
1.00259
0.999198
0.995048
0.990572
0.986
0.981266
0.976716
0.972235
0.968614
0.965882
0.963926
0.962171
0.962303
0.961579
0.962548
0.962308
1.01362
1.01363
1.01406
1.01444
1.01469
1.01491
1.01506
1.01528
1.01545
1.01561
1.01615
1.01663
1.01655
1.01677
1.01646
1.01626
1.01603
1.01563
1.01504
1.01417
1.01289
1.01111
1.00909
1.00636
1.00333
0.999569
0.995268
0.990536
0.985379
0.980809
0.975521
0.971061
0.967006
0.964116
0.962102
0.960226
0.960532
0.95984
0.960894
0.961093
1.0144
1.01447
1.0149
1.01513
1.01542
1.01566
1.01579
1.01601
1.01626
1.01646
1.01689
1.01711
1.01726
1.01737
1.01689
1.01649
1.01606
1.01553
1.01483
1.01377
1.01247
1.01059
1.00814
1.00522
1.00173
0.997904
0.993428
0.988421
0.983348
0.977814
0.973161
0.968048
0.964022
0.961277
0.959353
0.957793
0.958492
0.958103
0.959805
0.960206
1.0149
1.01499
1.01536
1.01579
1.01633
1.01676
1.01709
1.01729
1.01756
1.01787
1.01806
1.01815
1.01838
1.01858
1.01842
1.01817
1.01776
1.01703
1.01612
1.01487
1.01348
1.01133
1.00891
1.00569
1.0022
0.998006
0.993245
0.987939
0.981968
0.977116
0.971352
0.966519
0.961965
0.959022
0.957093
0.955169
0.956204
0.955778
0.95774
0.958788
1.01596
1.01624
1.01679
1.01719
1.01756
1.01797
1.01831
1.01839
1.01862
1.01868
1.01892
1.01894
1.01921
1.01929
1.01931
1.01897
1.01832
1.01739
1.01628
1.0148
1.01311
1.0109
1.00789
1.00455
1.0004
0.995873
0.990832
0.985129
0.979595
0.973323
0.968533
0.962584
0.958213
0.955489
0.953838
0.952194
0.953788
0.953679
0.956498
0.957994
1.01664
1.01702
1.01741
1.01768
1.01803
1.01864
1.01903
1.01938
1.01947
1.0196
1.01986
1.01998
1.02011
1.02009
1.02017
1.02002
1.01946
1.01868
1.01749
1.01581
1.01425
1.01146
1.00866
1.00491
1.00064
0.99591
0.990309
0.984469
0.977547
0.972017
0.965529
0.960325
0.955472
0.952363
0.950861
0.948657
0.950641
0.950677
0.953675
0.956103
1.01844
1.01881
1.01917
1.01938
1.01972
1.02015
1.02071
1.02086
1.02092
1.02094
1.0211
1.02104
1.02107
1.02104
1.02109
1.02072
1.02009
1.01923
1.01771
1.01613
1.01391
1.01115
1.00769
1.00365
0.998825
0.993283
0.987346
0.980687
0.97437
0.96724
0.962131
0.955334
0.950798
0.94789
0.946787
0.944911
0.947629
0.947836
0.952011
0.955117
1.01907
1.01944
1.01991
1.0202
1.02056
1.02093
1.02148
1.02179
1.02209
1.0224
1.02259
1.02263
1.02272
1.02269
1.02246
1.02175
1.02111
1.02002
1.01877
1.01698
1.01483
1.01158
1.00802
1.00366
0.998322
0.992743
0.986056
0.979446
0.971446
0.965179
0.957759
0.952276
0.94708
0.943639
0.942686
0.940167
0.943065
0.943593
0.947907
0.952135
1.02109
1.0216
1.02218
1.02254
1.02272
1.02304
1.02351
1.02377
1.02416
1.02438
1.02448
1.02452
1.02437
1.02427
1.02383
1.02317
1.02223
1.02108
1.01932
1.01726
1.01435
1.01098
1.00682
1.00188
0.996197
0.989426
0.982521
0.974373
0.967192
0.959052
0.953257
0.94582
0.941006
0.937895
0.937557
0.935377
0.939124
0.939855
0.94534
0.95075
1.02202
1.02232
1.02277
1.0232
1.02365
1.0242
1.02441
1.02469
1.02508
1.02562
1.02598
1.02609
1.02601
1.02596
1.02556
1.02472
1.02379
1.02213
1.02023
1.01774
1.01495
1.01098
1.00653
1.00116
0.994555
0.987741
0.979582
0.971891
0.962458
0.955469
0.947159
0.941279
0.935479
0.931865
0.931771
0.928897
0.932631
0.933846
0.939157
0.946129
1.02472
1.02487
1.02536
1.02607
1.02687
1.02739
1.02781
1.028
1.02839
1.02874
1.02888
1.0289
1.02853
1.02831
1.02735
1.02665
1.02521
1.02364
1.02121
1.01847
1.01474
1.01031
1.00517
0.998662
0.991838
0.983457
0.975377
0.96542
0.957387
0.947702
0.941091
0.932965
0.92715
0.924295
0.924996
0.922542
0.927244
0.929095
0.935147
0.943715
1.02591
1.02612
1.02665
1.02718
1.02788
1.02845
1.02913
1.02946
1.02999
1.03001
1.03025
1.0301
1.03003
1.02964
1.02894
1.02767
1.02626
1.02404
1.02157
1.01824
1.0143
1.00939
1.00339
0.996679
0.988489
0.980192
0.969858
0.960794
0.949593
0.941335
0.932101
0.9249
0.918763
0.914856
0.916626
0.913175
0.917932
0.920708
0.926171
0.936214
1.03017
1.0309
1.0314
1.0319
1.03258
1.03328
1.03369
1.03419
1.03457
1.03468
1.03455
1.03433
1.03381
1.03326
1.03182
1.03064
1.02848
1.02628
1.02284
1.01895
1.01424
1.00806
1.00167
0.993222
0.984707
0.973787
0.964126
0.95208
0.942501
0.931031
0.923338
0.914662
0.907402
0.905356
0.907442
0.904975
0.910478
0.914543
0.920776
0.932479
1.03195
1.03253
1.03285
1.03339
1.03391
1.03439
1.03482
1.03524
1.03586
1.03582
1.03599
1.03543
1.03517
1.03402
1.03298
1.03128
1.0291
1.02612
1.02212
1.01785
1.01188
1.00557
0.997344
0.988611
0.977922
0.96753
0.954667
0.943813
0.930178
0.920447
0.909532
0.900753
0.894328
0.890565
0.894896
0.890637
0.896943
0.902497
0.908254
0.920876
1.03825
1.03882
1.03914
1.04015
1.0406
1.04127
1.04154
1.04204
1.04205
1.04206
1.04167
1.04126
1.04024
1.03893
1.03705
1.03487
1.03187
1.02804
1.02346
1.0177
1.01113
1.00277
0.993921
0.982383
0.971731
0.957728
0.9457
0.930834
0.919159
0.905648
0.896412
0.887194
0.879458
0.877932
0.882538
0.880264
0.887051
0.89443
0.90135
0.916009
1.04191
1.04209
1.04242
1.04265
1.04319
1.04345
1.04398
1.04402
1.04406
1.04366
1.04323
1.04238
1.04125
1.03961
1.03741
1.03472
1.03063
1.02647
1.02041
1.01434
1.00544
0.996597
0.984691
0.97341
0.959032
0.9457
0.929379
0.915685
0.899434
0.887147
0.874893
0.864951
0.858549
0.855684
0.862506
0.859397
0.866574
0.875768
0.883067
0.898959
1.04927
1.05036
1.05068
1.05163
1.05187
1.05245
1.05258
1.05272
1.05245
1.05198
1.05118
1.04985
1.04807
1.04554
1.04282
1.03854
1.03408
1.02776
1.02106
1.01197
1.00243
0.989992
0.977691
0.962442
0.947952
0.92991
0.91422
0.895984
0.881226
0.865915
0.854737
0.84562
0.838073
0.83786
0.845859
0.845119
0.853838
0.86526
0.874576
0.891378
1.05881
1.05902
1.05906
1.05937
1.05929
1.05929
1.0587
1.05817
1.05691
1.05582
1.05366
1.05179
1.04852
1.04576
1.04089
1.03643
1.02943
1.02293
1.01288
1.00327
0.989473
0.976633
0.959613
0.943846
0.92405
0.906086
0.885263
0.867348
0.848294
0.833106
0.820155
0.809963
0.804542
0.803463
0.812657
0.814558
0.823031
0.836523
0.847005
0.86582
1.06774
1.06814
1.06823
1.06864
1.06887
1.06873
1.06851
1.06737
1.06655
1.06432
1.06263
1.05916
1.05638
1.05127
1.04665
1.03903
1.03175
1.02081
1.00993
0.994947
0.980112
0.961703
0.943764
0.922135
0.901638
0.878325
0.857341
0.835335
0.816604
0.799848
0.787595
0.779736
0.774845
0.776838
0.789079
0.794561
0.806015
0.822997
0.837318
0.857154
1.08927
1.08942
1.08813
1.0885
1.08652
1.08606
1.08286
1.08128
1.07697
1.07436
1.06908
1.0652
1.05827
1.05225
1.04269
1.03363
1.02039
1.00754
0.989909
0.973234
0.951596
0.931456
0.905862
0.882841
0.854854
0.830553
0.803592
0.779948
0.758345
0.740557
0.72841
0.721165
0.717923
0.721809
0.73489
0.747201
0.760777
0.781971
0.797674
0.824648
1.10217
1.10157
1.10213
1.1002
1.09844
1.09526
1.09234
1.0884
1.08472
1.07987
1.07495
1.06791
1.06048
1.04992
1.03906
1.02396
1.00883
0.988652
0.96917
0.944352
0.920695
0.891588
0.864492
0.832824
0.803665
0.773431
0.74467
0.720079
0.69868
0.682752
0.673781
0.669836
0.674129
0.682065
0.699274
0.720357
0.739379
0.766797
0.791903
0.814522
1.17212
1.16501
1.15254
1.14647
1.13669
1.13308
1.12507
1.12196
1.11265
1.10698
1.09383
1.08399
1.06606
1.05133
1.02814
1.00792
0.979329
0.953571
0.920192
0.889021
0.85091
0.816297
0.77606
0.739699
0.701396
0.665801
0.634059
0.605483
0.584506
0.566733
0.562945
0.560423
0.573723
0.588749
0.604792
0.633288
0.660195
0.694328
0.73439
0.774504
1.15926
1.15441
1.15959
1.15928
1.16284
1.16043
1.1556
1.14513
1.13084
1.11232
1.09018
1.06512
1.03657
1.00569
0.97107
0.934293
0.893902
0.852224
0.80806
0.764294
0.719544
0.675237
0.6301
0.591122
0.548507
0.520004
0.489647
0.478859
0.462972
0.473116
0.484876
0.509624
0.538792
0.581829
0.616701
0.662956
0.698362
0.739167
0.768764
0.815131
1.47803
1.45372
1.4152
1.38046
1.33307
1.2903
1.23805
1.19289
1.13742
1.09164
1.03406
0.987904
0.928013
0.880705
0.818386
0.76981
0.706191
0.657435
0.593979
0.544712
0.481866
0.432442
0.377245
0.328963
0.293319
0.260376
0.269882
0.287818
0.28821
0.344018
0.388989
0.438979
0.515889
0.55587
0.637294
0.679914
0.758276
0.803025
0.869672
0.910512
0.999983
1
1
1
1
1.00001
1.00001
1.00001
1.00001
1.00001
1.00001
1.00001
1.00001
1.00001
1.00001
1.00001
1.00001
1
1
1
1
1
1
1
1
1
1
1
1
1
1
1
1
1
1
1
1
1
1
0.999977
0.999988
1.00002
1.00002
1.00002
1.00002
1.00001
1.00001
1.00001
1.00001
1.00001
1.00001
1.00001
1.00001
1.00001
1
1
1
1
1
1
0.999998
0.999997
0.999995
0.999993
0.999991
0.999989
0.999987
0.999984
0.999982
0.99998
0.999978
0.999976
0.999974
0.999973
0.999972
0.999972
0.999973
0.999975
0.999978
0.999929
0.999998
1.00006
1.00004
1.00003
1.00002
1.00001
1.00001
1
0.999997
0.999994
0.99999
0.999987
0.999983
0.99998
0.999975
0.99997
0.999965
0.99996
0.999955
0.999949
0.999944
0.999939
0.999934
0.999929
0.999924
0.999919
0.999914
0.99991
0.999906
0.999903
0.999899
0.999896
0.999894
0.999892
0.99989
0.999889
0.99989
0.999892
0.999899
0.999825
1.00002
1.00011
1.0001
1.00008
1.00006
1.00005
1.00004
1.00003
1.00002
1.00001
0.999998
0.999987
0.999976
0.999965
0.999954
0.999945
0.999935
0.999925
0.999915
0.999905
0.999895
0.999884
0.999874
0.999864
0.999854
0.999844
0.999835
0.999826
0.999818
0.999811
0.999806
0.999802
0.999799
0.999798
0.999799
0.999802
0.999808
0.999817
0.999835
0.999717
1.00007
1.00022
1.00021
1.0002
1.00019
1.00018
1.00018
1.00017
1.00017
1.00016
1.00015
1.00015
1.00014
1.00013
1.00012
1.00011
1.0001
1.00009
1.00008
1.00006
1.00005
1.00003
1.00002
1
0.999987
0.999971
0.999954
0.999937
0.999919
0.999902
0.999885
0.999869
0.999854
0.99984
0.999828
0.999818
0.999812
0.999809
0.999815
0.999664
1.00016
1.00038
1.00037
1.00036
1.00036
1.00035
1.00035
1.00035
1.00034
1.00034
1.00034
1.00033
1.00032
1.00031
1.0003
1.00029
1.00027
1.00026
1.00024
1.00022
1.0002
1.00017
1.00015
1.00012
1.00009
1.00006
1.00003
1
0.999974
0.999943
0.999912
0.999881
0.999852
0.999823
0.999798
0.999777
0.999763
0.999753
0.999752
0.999557
1.00018
1.00043
1.00042
1.00041
1.0004
1.00039
1.00039
1.00038
1.00037
1.00036
1.00035
1.00034
1.00033
1.00031
1.00029
1.00027
1.00025
1.00023
1.00021
1.00018
1.00015
1.00012
1.00009
1.00005
1.00002
0.999986
0.999949
0.999912
0.999876
0.999839
0.999802
0.999767
0.999736
0.999707
0.999681
0.999661
0.999648
0.999641
0.999639
0.999413
1.0002
1.00047
1.00045
1.00043
1.00041
1.00039
1.00037
1.00035
1.00032
1.0003
1.00028
1.00025
1.00022
1.0002
1.00016
1.00013
1.0001
1.00006
1.00002
0.999985
0.999944
0.999901
0.999858
0.999814
0.99977
0.999726
0.999683
0.999642
0.999602
0.999565
0.999531
0.9995
0.999472
0.999446
0.999425
0.999409
0.999398
0.999394
0.999393
0.999104
1.00026
1.00055
1.00053
1.00051
1.00048
1.00046
1.00043
1.0004
1.00038
1.00035
1.00032
1.00028
1.00025
1.00021
1.00017
1.00013
1.00008
1.00004
0.999989
0.999939
0.999887
0.999834
0.99978
0.999724
0.999669
0.999613
0.999558
0.999504
0.999452
0.999403
0.999358
0.999316
0.999279
0.999247
0.999222
0.999202
0.999194
0.999194
0.999201
0.998859
1.00037
1.00072
1.00071
1.00069
1.00067
1.00065
1.00063
1.00061
1.00059
1.00057
1.00054
1.00051
1.00048
1.00044
1.0004
1.00036
1.00031
1.00026
1.00021
1.00015
1.00009
1.00002
0.99996
0.999892
0.999821
0.999751
0.999682
0.999612
0.999545
0.999481
0.999419
0.999359
0.999307
0.999261
0.99922
0.999186
0.99916
0.999146
0.999143
0.998771
1.00057
1.00097
1.00096
1.00095
1.00094
1.00092
1.00091
1.00089
1.00087
1.00085
1.00082
1.00079
1.00075
1.00072
1.00067
1.00062
1.00057
1.00051
1.00045
1.00038
1.00031
1.00024
1.00016
1.00008
1
0.999917
0.999827
0.999737
0.999648
0.99956
0.999472
0.999389
0.999311
0.99924
0.999176
0.999121
0.999075
0.999047
0.999031
0.998637
1.00064
1.00107
1.00105
1.00104
1.00102
1.001
1.00098
1.00095
1.00092
1.00089
1.00085
1.00081
1.00076
1.00071
1.00066
1.0006
1.00054
1.00046
1.00038
1.0003
1.00021
1.00012
1.00003
0.999934
0.999834
0.999733
0.999631
0.999529
0.999431
0.999335
0.999244
0.999157
0.999077
0.999004
0.998941
0.998888
0.998845
0.998817
0.9988
0.998365
1.00071
1.00114
1.00113
1.0011
1.00108
1.00105
1.00102
1.00098
1.00094
1.0009
1.00085
1.00079
1.00073
1.00067
1.0006
1.00052
1.00044
1.00036
1.00026
1.00017
1.00006
0.999948
0.999835
0.999719
0.999601
0.999483
0.999364
0.999246
0.999131
0.99902
0.998913
0.998816
0.998724
0.998642
0.998569
0.99851
0.998462
0.998429
0.998409
0.997942
1.00085
1.00131
1.00129
1.00127
1.00125
1.00122
1.00119
1.00115
1.00111
1.00106
1.00101
1.00095
1.00089
1.00082
1.00074
1.00067
1.00058
1.00049
1.00038
1.00027
1.00015
1.00002
0.999891
0.999758
0.99962
0.999479
0.999338
0.999197
0.999057
0.998921
0.998791
0.998669
0.998558
0.998458
0.998371
0.998299
0.998242
0.998204
0.99818
0.997692
1.00114
1.00161
1.0016
1.00157
1.00155
1.00152
1.00149
1.00145
1.0014
1.00135
1.00129
1.00123
1.00116
1.00108
1.001
1.0009
1.00079
1.0007
1.00057
1.00044
1.0003
1.00016
1.00001
0.999857
0.999699
0.999538
0.999377
0.999216
0.999058
0.998905
0.998759
0.998621
0.998491
0.998374
0.99827
0.998184
0.998116
0.998067
0.998036
0.997539
1.00132
1.0018
1.00179
1.00177
1.00174
1.00171
1.00167
1.00163
1.00158
1.00152
1.00145
1.00138
1.0013
1.00121
1.00111
1.001
1.00088
1.00077
1.00063
1.00048
1.00032
1.00016
0.999991
0.999816
0.999636
0.999454
0.999272
0.999089
0.998911
0.998737
0.998569
0.99841
0.998265
0.998133
0.998016
0.997918
0.997842
0.997783
0.997747
0.997245
1.00145
1.00194
1.00192
1.0019
1.00187
1.00184
1.0018
1.00175
1.0017
1.00163
1.00156
1.00148
1.00139
1.0013
1.00118
1.00106
1.00092
1.0008
1.00065
1.00048
1.00031
1.00013
0.999936
0.999738
0.999535
0.999328
0.999118
0.998909
0.998703
0.998503
0.998308
0.998125
0.997955
0.9978
0.997665
0.997549
0.997456
0.99739
0.997339
0.996817
1.00166
1.00215
1.00214
1.00211
1.00208
1.00205
1.002
1.00195
1.00189
1.00182
1.00174
1.00166
1.00157
1.00146
1.00133
1.0012
1.00105
1.0009
1.00074
1.00056
1.00036
1.00016
0.999948
0.999726
0.999498
0.999265
0.999028
0.998794
0.998561
0.998332
0.998113
0.997906
0.997713
0.997539
0.997384
0.997252
0.997143
0.997066
0.997009
0.996475
1.00191
1.00239
1.00238
1.00236
1.00232
1.00229
1.00224
1.00218
1.00212
1.00205
1.00196
1.00186
1.00177
1.00164
1.00151
1.00136
1.0012
1.00104
1.00085
1.00065
1.00044
1.00022
0.999981
0.999735
0.999482
0.999223
0.99896
0.998698
0.998438
0.998184
0.997939
0.997707
0.997491
0.997295
0.997119
0.996972
0.996849
0.996756
0.996696
0.996173
1.00213
1.00262
1.0026
1.00258
1.00255
1.00251
1.00246
1.0024
1.00233
1.00225
1.00216
1.00206
1.00195
1.00182
1.00167
1.00152
1.00134
1.00116
1.00096
1.00074
1.0005
1.00026
0.999998
0.999728
0.999447
0.999161
0.998869
0.998577
0.998287
0.998003
0.997729
0.997468
0.997225
0.997004
0.996809
0.996641
0.996505
0.996395
0.996327
0.995806
1.00235
1.00284
1.00282
1.00279
1.00276
1.00272
1.00267
1.00261
1.00254
1.00245
1.00236
1.00226
1.00213
1.00199
1.00184
1.00167
1.00148
1.00128
1.00106
1.00082
1.00057
1.0003
1.00001
0.999717
0.999407
0.99909
0.998767
0.998443
0.998122
0.997805
0.9975
0.99721
0.996938
0.996691
0.996471
0.99628
0.996125
0.996005
0.99592
0.995393
1.00258
1.00307
1.00306
1.00303
1.00299
1.00295
1.0029
1.00283
1.00276
1.00267
1.00257
1.00246
1.00233
1.00218
1.00202
1.00184
1.00164
1.00142
1.00118
1.00092
1.00065
1.00035
1.00004
0.999721
0.999382
0.999032
0.998677
0.998318
0.99796
0.99761
0.99727
0.996943
0.996642
0.996366
0.99612
0.995907
0.995735
0.995598
0.995511
0.99495
1.00282
1.00331
1.00328
1.00326
1.00323
1.00318
1.00313
1.00306
1.00299
1.0029
1.0028
1.00268
1.00254
1.00239
1.00221
1.00202
1.00181
1.00158
1.00132
1.00105
1.00075
1.00044
1.00009
0.999732
0.999358
0.998974
0.998581
0.998187
0.997795
0.997406
0.99703
0.996677
0.99634
0.996027
0.99575
0.995514
0.995316
0.995179
0.995069
0.994521
1.00306
1.00355
1.00354
1.00352
1.00348
1.00343
1.00337
1.0033
1.00322
1.00313
1.00303
1.0029
1.00276
1.0026
1.00242
1.00222
1.00199
1.00174
1.00147
1.00118
1.00085
1.00051
1.00014
0.999756
0.999354
0.998935
0.998505
0.998069
0.997631
0.997202
0.996785
0.996374
0.996002
0.995663
0.995359
0.995096
0.994883
0.994705
0.99461
0.99402
1.00331
1.0038
1.00377
1.00374
1.00371
1.00367
1.00362
1.00355
1.00347
1.00338
1.00327
1.00315
1.003
1.00283
1.00264
1.00242
1.00219
1.00193
1.00165
1.00133
1.00099
1.00061
1.00021
0.999782
0.999335
0.998874
0.998401
0.997923
0.99745
0.996977
0.996516
0.996094
0.995673
0.995281
0.994936
0.99464
0.994387
0.994227
0.994068
0.993546
1.00356
1.00405
1.00405
1.00402
1.00398
1.00394
1.00388
1.00381
1.00372
1.00362
1.00352
1.00339
1.00323
1.00306
1.00287
1.00265
1.0024
1.00213
1.00182
1.00148
1.00111
1.00071
1.00028
0.999839
0.999364
0.998865
0.998351
0.997827
0.997288
0.996764
0.996251
0.995732
0.99528
0.994871
0.994494
0.994166
0.99391
0.993656
0.993568
0.992951
1.00382
1.0043
1.00428
1.00425
1.00423
1.00418
1.00413
1.00407
1.00399
1.0039
1.00379
1.00366
1.0035
1.00333
1.00312
1.00288
1.00264
1.00235
1.00203
1.00167
1.00128
1.00084
1.00038
0.999878
0.999347
0.9988
0.998231
0.997653
0.99709
0.996517
0.995958
0.995457
0.99493
0.994435
0.994008
0.993634
0.993304
0.99314
0.992898
0.992414
1.00407
1.00459
1.00457
1.00455
1.00451
1.00447
1.00442
1.00435
1.00426
1.00417
1.00405
1.00392
1.00376
1.00357
1.00337
1.00315
1.00289
1.00259
1.00225
1.00187
1.00146
1.00101
1.00051
0.999989
0.99943
0.998836
0.998225
0.997597
0.996938
0.996295
0.995667
0.995015
0.994472
0.993976
0.993503
0.993103
0.992799
0.992432
0.992372
0.99171
1.00436
1.00482
1.00481
1.00479
1.00477
1.00473
1.00468
1.00462
1.00455
1.00447
1.00435
1.00421
1.00406
1.00389
1.00367
1.00343
1.00315
1.00284
1.00249
1.00208
1.00165
1.00116
1.00063
1.00004
0.99942
0.998775
0.998093
0.997394
0.996718
0.996031
0.995354
0.994742
0.994081
0.993471
0.992951
0.992474
0.992044
0.991879
0.991532
0.991073
1.0046
1.00512
1.0051
1.0051
1.00506
1.00503
1.00498
1.00492
1.00484
1.00475
1.00464
1.0045
1.00434
1.00415
1.00395
1.00373
1.00346
1.00314
1.00278
1.0024
1.00194
1.00142
1.00083
1.00022
0.999559
0.998847
0.998123
0.997375
0.996577
0.995786
0.995013
0.994241
0.99358
0.992949
0.992353
0.991866
0.991499
0.99103
0.990964
0.990227
1.00491
1.0054
1.00538
1.00535
1.00535
1.00531
1.00528
1.00522
1.00515
1.00507
1.00496
1.00483
1.00469
1.00451
1.0043
1.00405
1.00376
1.00343
1.00306
1.0026
1.0021
1.00156
1.00098
1.00031
0.999597
0.998846
0.998029
0.997187
0.99636
0.995531
0.994708
0.993904
0.993098
0.992382
0.991745
0.991145
0.990592
0.990351
0.989931
0.989484
1.00516
1.00564
1.00564
1.00565
1.00563
1.00561
1.00557
1.00553
1.00546
1.00539
1.00528
1.00514
1.00496
1.00479
1.00462
1.0044
1.00414
1.00383
1.00347
1.00304
1.00254
1.00196
1.00127
1.00054
0.999754
0.998904
0.998043
0.997143
0.996195
0.995236
0.994287
0.99341
0.992574
0.991751
0.991021
0.990407
0.989947
0.989416
0.989266
0.988465
1.00546
1.00598
1.00597
1.00595
1.00595
1.00593
1.00591
1.00587
1.00581
1.00571
1.00561
1.0055
1.00538
1.00521
1.00499
1.00475
1.00447
1.00415
1.00374
1.0033
1.00276
1.00214
1.00149
1.00074
0.999925
0.999048
0.998075
0.997069
0.996047
0.995022
0.994009
0.992961
0.992003
0.991151
0.990328
0.989608
0.988909
0.988522
0.988072
0.987608
1.00572
1.00619
1.00619
1.0062
1.00621
1.0062
1.0062
1.00618
1.00614
1.00608
1.00599
1.00584
1.00566
1.00552
1.00534
1.00516
1.00493
1.00466
1.00431
1.00384
1.00327
1.00263
1.00185
1.00099
1.00006
0.999064
0.998038
0.996949
0.995807
0.994642
0.993482
0.992429
0.991364
0.990374
0.989523
0.988715
0.98814
0.987466
0.987164
0.986331
1.00604
1.00655
1.00657
1.00658
1.00657
1.00658
1.00658
1.00657
1.00655
1.00646
1.00632
1.00619
1.00608
1.00596
1.00581
1.00559
1.00536
1.00505
1.00467
1.00422
1.00368
1.00299
1.00222
1.00138
1.00043
0.999401
0.998257
0.997052
0.995814
0.994542
0.993265
0.991977
0.990804
0.989689
0.988656
0.987754
0.986911
0.986428
0.985889
0.985332
1.00625
1.00676
1.00677
1.00679
1.0068
1.00682
1.00684
1.00686
1.00687
1.00682
1.00674
1.00661
1.00647
1.00631
1.00615
1.00602
1.00588
1.00565
1.00533
1.00483
1.00419
1.00347
1.00264
1.00168
1.00062
0.999432
0.998212
0.996885
0.995481
0.994036
0.992601
0.991261
0.989978
0.988813
0.987744
0.986771
0.985936
0.985129
0.984703
0.983726
1.00662
1.00714
1.00717
1.00717
1.00717
1.0072
1.00727
1.00735
1.00739
1.00732
1.00713
1.00698
1.00688
1.0068
1.00674
1.00662
1.00642
1.00621
1.0059
1.0055
1.00493
1.00417
1.00328
1.00228
1.00119
0.999999
0.998648
0.997236
0.995755
0.994153
0.992525
0.990851
0.98939
0.988014
0.986729
0.985633
0.984567
0.984019
0.983094
0.982636
1.0068
1.00733
1.00736
1.00739
1.00742
1.00745
1.00752
1.00764
1.00774
1.00772
1.00759
1.00744
1.00735
1.0073
1.00721
1.00717
1.00711
1.00695
1.00671
1.00621
1.00549
1.00473
1.00386
1.00283
1.00164
1.00025
0.998756
0.997166
0.995451
0.993637
0.9918
0.990013
0.98843
0.987015
0.985476
0.984525
0.983101
0.982643
0.981801
0.980636
1.00726
1.00776
1.00779
1.0078
1.00782
1.00787
1.008
1.00821
1.00839
1.00846
1.00818
1.00802
1.00796
1.008
1.00805
1.00812
1.00795
1.00784
1.00769
1.0073
1.00661
1.0058
1.00491
1.00387
1.00258
1.00117
0.999588
0.997863
0.996153
0.99403
0.99203
0.989795
0.987888
0.986142
0.984157
0.983073
0.981413
0.981103
0.979958
0.979478
1.00679
1.00762
1.00789
1.008
1.00806
1.00812
1.00826
1.00849
1.00871
1.00879
1.00878
1.00881
1.0088
1.00881
1.00897
1.00912
1.00903
1.00894
1.00883
1.00836
1.00774
1.00697
1.00608
1.00503
1.00375
1.00221
1.0003
0.998394
0.99627
0.993907
0.991707
0.989323
0.98687
0.984708
0.982748
0.981298
0.980028
0.979543
0.978606
0.976207
1.01273
1.00551
1.00731
1.00636
1.00707
1.0071
1.00726
1.00739
1.00754
1.00772
1.00786
1.00798
1.00807
1.00813
1.00825
1.00824
1.00808
1.00776
1.00748
1.0073
1.00705
1.00691
1.00692
1.00643
1.00527
1.00407
1.00265
0.99999
0.997164
0.99461
0.992172
0.987874
0.983615
0.979458
0.975769
0.978536
0.980147
0.980444
0.977915
0.978897
1.01306
1.00538
1.00755
1.00599
1.00689
1.00669
1.00693
1.00712
1.00729
1.00744
1.00756
1.00765
1.00768
1.00771
1.00767
1.00756
1.00739
1.00721
1.00716
1.00716
1.00707
1.00685
1.00673
1.00608
1.00433
1.00303
1.00163
0.999418
0.997091
0.994506
0.99199
0.988415
0.983955
0.981571
0.977409
0.981026
0.981976
0.982905
0.978427
0.979039
1.01207
1.00615
1.00728
1.00562
1.00663
1.00631
1.0067
1.00688
1.00699
1.00712
1.0072
1.00726
1.00727
1.00727
1.00723
1.00719
1.00715
1.00706
1.00708
1.00715
1.00688
1.00647
1.0062
1.00511
1.00365
1.0024
1.00088
0.999052
0.997082
0.994457
0.991772
0.989205
0.984326
0.98357
0.978426
0.983075
0.983028
0.985721
0.978982
0.980419
1.01045
1.00622
1.00698
1.00533
1.00645
1.00606
1.00658
1.00663
1.00676
1.00686
1.00691
1.00696
1.00699
1.00703
1.00706
1.00708
1.00708
1.00705
1.007
1.00695
1.00657
1.00578
1.00517
1.00433
1.00302
1.00173
1.00024
0.998652
0.996915
0.994493
0.991555
0.989951
0.984903
0.985375
0.979075
0.985105
0.983854
0.988383
0.980874
0.980854
1.00967
1.00602
1.00645
1.00521
1.0063
1.00586
1.00646
1.0064
1.00659
1.00665
1.00668
1.00676
1.00684
1.00693
1.00699
1.00706
1.00704
1.0069
1.00676
1.00658
1.0059
1.00501
1.00441
1.00363
1.00247
1.0012
0.999835
0.998248
0.996475
0.994492
0.991465
0.990562
0.985613
0.986839
0.979645
0.986265
0.983925
0.989907
0.982869
0.981054
1.00896
1.00551
1.00594
1.00489
1.00609
1.00563
1.00631
1.00621
1.00642
1.00646
1.00655
1.00668
1.00678
1.00687
1.00693
1.00694
1.00687
1.00661
1.00613
1.00569
1.0052
1.00452
1.00388
1.00314
1.00207
1.00085
0.999553
0.997843
0.995964
0.994448
0.99147
0.990988
0.986177
0.987976
0.980348
0.986477
0.983687
0.990706
0.983865
0.981559
1.00859
1.00487
1.00545
1.00464
1.00586
1.00543
1.00615
1.006
1.00628
1.00635
1.00652
1.00669
1.00676
1.00679
1.00673
1.00669
1.00649
1.00602
1.00556
1.00522
1.00474
1.00422
1.00368
1.00285
1.00169
1.00043
0.999146
0.997545
0.995753
0.994568
0.991575
0.991422
0.986561
0.988917
0.980969
0.987025
0.983096
0.992009
0.984561
0.982972
1.00828
1.00441
1.00524
1.00457
1.00576
1.00533
1.006
1.00591
1.00622
1.0063
1.00651
1.00665
1.00665
1.00659
1.00646
1.00634
1.00611
1.00573
1.00539
1.00499
1.00448
1.00399
1.00341
1.00253
1.00133
1.00008
0.998896
0.997599
0.995909
0.994907
0.991878
0.992121
0.987045
0.989837
0.981305
0.988247
0.982349
0.993472
0.985482
0.98516
1.00717
1.00438
1.00535
1.00465
1.00577
1.00526
1.00594
1.00586
1.00627
1.00632
1.00646
1.00652
1.00642
1.00627
1.00613
1.00595
1.00575
1.00538
1.00508
1.00463
1.00416
1.00365
1.00296
1.00217
1.00118
1.00006
0.998981
0.99784
0.996124
0.995306
0.992308
0.992885
0.9877
0.990728
0.981681
0.989386
0.981313
0.993856
0.985302
0.990102
1.00461
1.0043
1.00556
1.00482
1.00579
1.00522
1.00599
1.00577
1.00626
1.00621
1.0063
1.00627
1.00607
1.00589
1.00575
1.00555
1.00538
1.00504
1.00472
1.00429
1.00386
1.00333
1.00262
1.00192
1.00109
1.00008
0.998983
0.99786
0.996146
0.995569
0.992672
0.993346
0.9884
0.991407
0.982537
0.990133
0.980188
0.993178
0.98412
0.995116
1.00141
1.0042
1.00574
1.00508
1.00589
1.00534
1.00609
1.00577
1.00625
1.00609
1.00611
1.00605
1.00591
1.00573
1.00559
1.00537
1.00521
1.00489
1.00453
1.0041
1.00365
1.0031
1.00235
1.00169
1.00087
0.99983
0.9987
0.997683
0.996086
0.995688
0.992998
0.993597
0.989186
0.991846
0.98416
0.990776
0.980012
0.991815
0.982282
0.999025
0.998934
1.00423
1.00604
1.00548
1.00618
1.00551
1.0061
1.00576
1.00626
1.00604
1.006
1.00594
1.00583
1.00566
1.0055
1.00525
1.00507
1.00475
1.00432
1.00387
1.00337
1.00279
1.00207
1.00145
1.00062
0.999537
0.998472
0.997651
0.996191
0.995846
0.993487
0.993946
0.990175
0.992201
0.986257
0.991639
0.981346
0.991949
0.981982
0.998395
0.997062
1.00472
1.00663
1.00564
1.00609
1.00534
1.00583
1.00562
1.00618
1.0059
1.00582
1.00576
1.00568
1.0055
1.0053
1.00499
1.00478
1.00445
1.00395
1.00355
1.00308
1.00249
1.00181
1.00128
1.0005
0.999442
0.998479
0.997818
0.996464
0.996118
0.994148
0.994412
0.991312
0.992545
0.988393
0.992656
0.985798
0.994373
0.988306
0.984177
0.99544
1.00612
1.00698
1.00556
1.00563
1.00502
1.00534
1.00534
1.00601
1.00566
1.00546
1.00542
1.00538
1.00518
1.00492
1.00458
1.00439
1.00409
1.00361
1.00333
1.00288
1.00227
1.00162
1.00114
1.00043
0.999423
0.998528
0.99796
0.996727
0.996375
0.994789
0.994812
0.992475
0.992818
0.990369
0.993285
0.990897
0.996497
1.00418
0.962239
0.994151
1.0075
1.00678
1.00552
1.00523
1.00481
1.00496
1.00511
1.00577
1.00548
1.0052
1.00515
1.00513
1.00494
1.00466
1.00436
1.00421
1.00392
1.00344
1.00324
1.00276
1.00209
1.00143
1.00096
1.00027
0.999312
0.998466
0.997956
0.996868
0.996503
0.995293
0.995062
0.993598
0.992952
0.992291
0.993339
0.995854
0.996544
1.0207
0.943158
0.993567
1.00863
1.00631
1.00551
1.00493
1.00469
1.00474
1.00498
1.00559
1.00535
1.00507
1.00502
1.00498
1.0048
1.00451
1.00425
1.00414
1.00382
1.00325
1.0031
1.00259
1.00189
1.0012
1.00073
1.00006
0.999162
0.998368
0.997894
0.996947
0.996544
0.995702
0.995204
0.994641
0.993024
0.994293
0.993023
1.00047
0.994464
1.02705
0.931666
0.993955
1.0091
1.00577
1.0055
1.00459
1.00461
1.00454
1.00485
1.00534
1.00513
1.00487
1.00482
1.00476
1.00457
1.0043
1.00403
1.00396
1.00362
1.00301
1.00285
1.00237
1.00166
1.00098
1.00051
0.999874
0.999061
0.99832
0.997851
0.997039
0.996567
0.996064
0.995278
0.995523
0.993072
0.996164
0.992412
1.00319
0.989891
1.027
0.933759
0.995107
1.00904
1.00518
1.00546
1.00423
1.00456
1.00433
1.00472
1.00503
1.00486
1.00464
1.00458
1.00449
1.00429
1.00405
1.00379
1.00373
1.00338
1.00276
1.00261
1.00216
1.00148
1.00083
1.00035
0.999749
0.99902
0.99833
0.997842
0.997158
0.996604
0.996386
0.995306
0.996201
0.993095
0.997466
0.991638
1.00379
0.985871
1.0249
0.942381
0.99666
1.00855
1.00452
1.00536
1.00398
1.00453
1.00416
1.00461
1.00472
1.00463
1.00442
1.00436
1.00424
1.00405
1.00382
1.00357
1.00349
1.00317
1.00255
1.00239
1.00194
1.00132
1.0007
1.00022
0.999649
0.998988
0.998348
0.997839
0.99727
0.99663
0.996647
0.995287
0.996677
0.99306
0.998127
0.990836
1.00364
0.98287
1.01942
0.953464
0.998265
1.00749
1.00394
1.00524
1.00384
1.00449
1.00404
1.00449
1.00447
1.00444
1.00425
1.00418
1.00405
1.00387
1.00364
1.00341
1.0033
1.003
1.0024
1.0022
1.00177
1.00119
1.00061
1.00013
0.999581
0.998976
0.998378
0.997857
0.997388
0.996661
0.996868
0.995264
0.997011
0.993021
0.998423
0.990034
1.00303
0.982003
1.0135
0.963786
0.999621
1.0066
1.00359
1.00509
1.00373
1.00443
1.00392
1.00435
1.00423
1.00425
1.00407
1.00399
1.00385
1.00367
1.00346
1.00322
1.00309
1.00278
1.00224
1.00201
1.00159
1.00105
1.00052
1.00004
0.999514
0.998957
0.998399
0.997867
0.997489
0.996683
0.997029
0.995257
0.997212
0.993011
0.99849
0.989621
1.00198
0.98276
1.00875
0.971886
1.00067
1.00581
1.00339
1.0049
1.00363
1.00435
1.00383
1.00423
1.00405
1.00408
1.00392
1.00382
1.00369
1.0035
1.0033
1.00307
1.00291
1.00261
1.00213
1.00186
1.00145
1.00096
1.00045
0.99999
0.999488
0.998963
0.998448
0.997908
0.997599
0.996737
0.997175
0.995287
0.99735
0.993095
0.99844
0.989729
1.00105
0.984112
1.00472
0.977968
1.00141
1.00516
1.00328
1.00468
1.00355
1.00424
1.00372
1.00407
1.00386
1.00391
1.00374
1.00365
1.0035
1.00332
1.00312
1.0029
1.0027
1.00242
1.00198
1.0017
1.0013
1.00085
1.00037
0.99992
0.999443
0.998947
0.998465
0.997929
0.997668
0.996779
0.997265
0.995334
0.997399
0.993223
0.998282
0.990104
1.00012
0.985657
1.00168
0.9824
1.00191
1.00466
1.00323
1.00445
1.00348
1.00412
1.00363
1.00395
1.00373
1.00377
1.00361
1.00352
1.00336
1.00319
1.00299
1.00278
1.00256
1.00229
1.00189
1.00159
1.00121
1.00078
1.00033
0.999896
0.999435
0.998971
0.998511
0.997985
0.997757
0.996857
0.997365
0.995439
0.997444
0.993445
0.99811
0.990649
0.999305
0.987213
0.999514
0.985625
1.00225
1.0043
1.00319
1.00425
1.00341
1.00399
1.00354
1.0038
1.00359
1.00361
1.00346
1.00335
1.0032
1.00303
1.00284
1.00261
1.0024
1.00212
1.00176
1.00146
1.00108
1.00068
1.00025
0.999836
0.999393
0.99895
0.998515
0.998002
0.997797
0.996907
0.997403
0.995533
0.997418
0.993677
0.997884
0.991234
0.998591
0.988632
0.998022
0.987977
1.00245
1.00402
1.00318
1.00405
1.00335
1.00385
1.00345
1.00368
1.00347
1.00348
1.00334
1.00323
1.00309
1.00291
1.00272
1.0025
1.00228
1.00201
1.00167
1.00137
1.00101
1.00063
1.00022
0.999816
0.9994
0.998971
0.998562
0.998066
0.99787
0.997008
0.997466
0.995695
0.997415
0.993984
0.997703
0.99187
0.998036
0.9899
0.997057
0.989699
1.00257
1.00381
1.00317
1.00388
1.00329
1.00372
1.00337
1.00355
1.00335
1.00335
1.00321
1.0031
1.00295
1.00278
1.00258
1.00237
1.00213
1.00188
1.00156
1.00126
1.00091
1.00054
1.00016
0.999765
0.999365
0.998955
0.998559
0.998088
0.997888
0.997074
0.997475
0.995829
0.997362
0.994264
0.997503
0.992449
0.997569
0.990957
0.99643
0.990962
1.00263
1.00364
1.00315
1.00371
1.00323
1.00359
1.00327
1.00342
1.00325
1.00322
1.00309
1.00298
1.00282
1.00266
1.00247
1.00226
1.00202
1.00177
1.00147
1.00118
1.00084
1.00049
1.00012
0.999748
0.999359
0.998974
0.998587
0.998147
0.997936
0.997179
0.997514
0.996006
0.997346
0.994584
0.997364
0.993029
0.997243
0.991894
0.996082
0.991942
1.00265
1.00351
1.00313
1.00358
1.00319
1.00347
1.00321
1.00331
1.00316
1.00311
1.00299
1.00287
1.00272
1.00255
1.00236
1.00215
1.00192
1.00167
1.00139
1.0011
1.00077
1.00044
1.00008
0.999718
0.999346
0.99897
0.998602
0.998181
0.997964
0.99726
0.997528
0.996161
0.997309
0.994874
0.997224
0.99354
0.996973
0.992654
0.995871
0.992703
1.00263
1.00339
1.0031
1.00344
1.00312
1.00334
1.00312
1.00319
1.00305
1.00299
1.00287
1.00274
1.0026
1.00243
1.00225
1.00204
1.00181
1.00156
1.00128
1.001
1.0007
1.00037
1.00003
0.999677
0.999327
0.99896
0.998614
0.998213
0.997987
0.997348
0.997541
0.996329
0.997283
0.995171
0.997124
0.994028
0.996804
0.993328
0.995791
0.993289
1.00261
1.00329
1.00307
1.00334
1.00308
1.00325
1.00306
1.0031
1.00297
1.00291
1.00278
1.00266
1.00251
1.00235
1.00216
1.00196
1.00173
1.00149
1.00122
1.00094
1.00064
1.00034
1.00001
0.999677
0.999333
0.998988
0.998643
0.998272
0.998025
0.997454
0.997563
0.996504
0.997266
0.995452
0.997045
0.994453
0.996675
0.993873
0.995776
0.993785
1.00258
1.0032
1.00303
1.00322
1.00301
1.00313
1.00297
1.00299
1.00287
1.0028
1.00267
1.00255
1.0024
1.00224
1.00205
1.00185
1.00163
1.00139
1.00113
1.00086
1.00057
1.00026
0.999951
0.999632
0.999298
0.998971
0.998636
0.99829
0.998032
0.997524
0.997571
0.99665
0.997253
0.995705
0.996997
0.994841
0.996618
0.994372
0.99584
0.994212
1.00254
1.00313
1.003
1.00314
1.00297
1.00305
1.00292
1.0029
1.0028
1.00271
1.0026
1.00247
1.00232
1.00216
1.00198
1.00178
1.00156
1.00133
1.00107
1.00081
1.00053
1.00024
0.999937
0.999624
0.999309
0.998987
0.998671
0.998332
0.998075
0.997612
0.997601
0.996799
0.997253
0.995941
0.996962
0.995177
0.996574
0.994778
0.995903
0.99453
1.00248
1.00305
1.00294
1.00304
1.0029
1.00295
1.00284
1.00281
1.00271
1.00262
1.00251
1.00237
1.00223
1.00207
1.00189
1.00169
1.00148
1.00125
1.001
1.00074
1.00047
1.00019
0.999901
0.999598
0.999297
0.998987
0.998684
0.998365
0.998104
0.997694
0.997629
0.99695
0.99727
0.99618
0.996963
0.99551
0.996586
0.995167
0.996022
0.994846
1.00245
1.00299
1.00291
1.00297
1.00286
1.00288
1.00278
1.00274
1.00264
1.00255
1.00243
1.0023
1.00216
1.002
1.00182
1.00162
1.00141
1.00118
1.00094
1.00069
1.00042
1.00015
0.999862
0.999575
0.999276
0.998982
0.998681
0.998382
0.99811
0.997749
0.997632
0.997058
0.997258
0.996355
0.996938
0.995752
0.996581
0.995436
0.996084
0.995056
1.0024
1.00292
1.00285
1.00288
1.00279
1.00279
1.0027
1.00265
1.00256
1.00246
1.00235
1.00222
1.00207
1.00191
1.00173
1.00154
1.00134
1.00112
1.00088
1.00064
1.00038
1.00012
0.999845
0.999567
0.999284
0.999001
0.998715
0.99843
0.998165
0.997839
0.997691
0.997204
0.997314
0.996567
0.996991
0.996033
0.996645
0.995746
0.99623
0.995367
1.00237
1.00286
1.00281
1.00282
1.00275
1.00273
1.00266
1.00259
1.00251
1.0024
1.00229
1.00216
1.00202
1.00185
1.00168
1.00149
1.00128
1.00107
1.00083
1.00059
1.00034
1.00008
0.999817
0.999542
0.999269
0.998988
0.998715
0.998433
0.998176
0.99787
0.997699
0.997283
0.997312
0.996696
0.996985
0.996202
0.996663
0.995926
0.996301
0.995539
1.00234
1.00279
1.00274
1.00275
1.00268
1.00266
1.00258
1.00251
1.00242
1.00232
1.00221
1.00208
1.00193
1.00177
1.0016
1.00141
1.00121
1.001
1.00077
1.00054
1.0003
1.00004
0.999789
0.999528
0.999264
0.998998
0.998734
0.998468
0.998219
0.997942
0.997756
0.997404
0.997375
0.996878
0.997054
0.996443
0.996749
0.996195
0.996444
0.99578
1.00233
1.00275
1.00271
1.00271
1.00265
1.00262
1.00255
1.00248
1.00238
1.00228
1.00217
1.00204
1.00189
1.00173
1.00156
1.00138
1.00118
1.00097
1.00075
1.00052
1.00028
1.00003
0.999781
0.999526
0.999266
0.999007
0.998747
0.99849
0.998241
0.997983
0.997778
0.997473
0.99739
0.996975
0.997072
0.996558
0.996789
0.996313
0.996518
0.995882
1.00227
1.00268
1.00264
1.00263
1.00258
1.00254
1.00246
1.00239
1.0023
1.00219
1.00208
1.00195
1.0018
1.00165
1.00148
1.0013
1.0011
1.0009
1.00069
1.00047
1.00024
1
0.999761
0.999517
0.99927
0.999024
0.998778
0.998536
0.998302
0.998061
0.997865
0.997596
0.997497
0.997156
0.997194
0.996794
0.996931
0.99658
0.996705
0.996123
)
;

boundaryField
{
    FrontBack
    {
        type            empty;
    }
    Cylinder
    {
        type            calculated;
        value           uniform 0;
    }
    Bottom
    {
        type            calculated;
        value           uniform 0;
    }
    Top
    {
        type            calculated;
        value           uniform 0;
    }
    Inlet
    {
        type            calculated;
        value           uniform 1;
    }
    Outlet
    {
        type            calculated;
        value           nonuniform List<scalar> 
40
(
1.00227
1.00268
1.00264
1.00263
1.00258
1.00254
1.00246
1.00239
1.0023
1.00219
1.00208
1.00195
1.0018
1.00165
1.00148
1.0013
1.0011
1.0009
1.00069
1.00047
1.00024
1
0.999761
0.999517
0.99927
0.999024
0.998778
0.998536
0.998302
0.998061
0.997865
0.997596
0.997497
0.997156
0.997194
0.996794
0.996931
0.99658
0.996705
0.996123
)
;
    }
}


// ************************************************************************* //
