/*--------------------------------*- C++ -*----------------------------------*\
  =========                 |
  \\      /  F ield         | OpenFOAM: The Open Source CFD Toolbox
   \\    /   O peration     | Website:  https://openfoam.org
    \\  /    A nd           | Version:  11
     \\/     M anipulation  |
\*---------------------------------------------------------------------------*/
FoamFile
{
    format      ascii;
    class       volScalarField;
    location    "2";
    object      mag(U);
}
// * * * * * * * * * * * * * * * * * * * * * * * * * * * * * * * * * * * * * //

dimensions      [0 1 -1 0 0 0 0];

internalField   nonuniform List<scalar> 
9600
(
0.980777
0.97783
0.977276
0.960874
0.893824
0.839206
0.826633
0.831408
0.855045
0.88894
0.917154
0.941829
0.963654
0.985377
1.00697
1.02846
1.05146
1.07168
1.09369
1.10932
1.12306
1.12518
1.12155
1.11253
1.09558
1.07502
1.05257
1.03179
1.01592
1.00244
0.993909
0.987058
0.982112
0.977764
0.975494
0.973642
0.973043
0.975244
0.975364
0.971641
0.982729
0.979026
0.974252
0.963641
0.935241
0.918005
0.914937
0.920248
0.943346
0.967342
0.981314
0.989738
0.999503
1.01293
1.02919
1.04817
1.06699
1.08609
1.10381
1.11914
1.12879
1.12876
1.1253
1.11632
1.09799
1.07783
1.05615
1.03592
1.0183
1.00099
0.991984
0.980971
0.976503
0.971063
0.97027
0.966345
0.966191
0.964472
0.967911
0.968801
0.981759
0.977803
0.976774
0.971301
0.951465
0.9256
0.916766
0.923313
0.93504
0.947463
0.9624
0.978645
0.994764
1.01217
1.03115
1.05068
1.07118
1.09128
1.10971
1.12636
1.13668
1.1422
1.1404
1.1324
1.11566
1.09595
1.07501
1.0552
1.03884
1.02399
1.01609
1.00692
1.00258
0.999082
0.994807
0.991768
0.990564
0.987938
0.989243
0.987015
0.983005
0.98171
0.981944
0.975061
0.965364
0.957439
0.958327
0.968771
0.987696
0.999578
1.00385
1.00763
1.01152
1.01807
1.03207
1.05043
1.06809
1.089
1.10425
1.12091
1.13201
1.13221
1.12886
1.12091
1.10505
1.08671
1.06675
1.04656
1.03074
1.01209
1.00042
0.988543
0.980441
0.974096
0.971698
0.971165
0.970279
0.968329
0.969909
0.976347
0.984263
0.984074
0.983993
0.982458
0.981674
0.978484
0.971741
0.965113
0.961812
0.962843
0.972049
0.98643
1.00115
1.01799
1.03594
1.05414
1.07372
1.09339
1.10995
1.12621
1.13573
1.14062
1.14104
1.13354
1.11834
1.0987
1.07888
1.05781
1.04214
1.02696
1.01785
1.00872
1.00439
1.00004
0.996521
0.994023
0.988714
0.986756
0.986334
0.984108
0.985057
0.98553
0.98749
0.988181
0.986928
0.982368
0.981758
0.986806
0.997785
1.0162
1.02179
1.02308
1.02546
1.02931
1.0377
1.05411
1.07069
1.09046
1.1071
1.12175
1.13519
1.13815
1.13405
1.12574
1.11111
1.09335
1.07528
1.05527
1.0396
1.02219
1.00818
0.995839
0.985768
0.977922
0.974943
0.973731
0.973296
0.97194
0.974645
0.979645
0.986278
0.987663
0.991762
0.992829
0.992119
0.991185
0.990518
0.989927
0.986782
0.98134
0.982156
0.992476
1.00599
1.02249
1.04046
1.05836
1.07716
1.09544
1.11193
1.12834
1.1365
1.1405
1.1431
1.13611
1.12209
1.10296
1.08373
1.06278
1.04616
1.03138
1.02017
1.01132
1.00625
1.00116
0.99775
0.994316
0.989297
0.986508
0.984555
0.981439
0.98774
0.990522
0.995165
0.995587
0.994735
0.995629
0.9972
0.998931
1.00236
1.01295
1.02453
1.03029
1.03378
1.03899
1.04772
1.06038
1.07589
1.093
1.11042
1.12503
1.13792
1.14334
1.13958
1.13216
1.1194
1.10122
1.08356
1.06343
1.04665
1.03036
1.01551
1.00263
0.991367
0.982194
0.978143
0.976515
0.97616
0.975706
0.978837
0.981208
0.989127
0.993779
0.997599
0.997531
0.997119
0.999098
1.00209
1.00491
1.00469
1.00165
0.999013
1.00263
1.01218
1.02642
1.04465
1.06211
1.0806
1.09884
1.1146
1.13107
1.13985
1.14295
1.14583
1.14003
1.12735
1.10918
1.09009
1.0696
1.05075
1.03603
1.02304
1.01468
1.00734
1.00329
0.998633
0.994726
0.989133
0.986229
0.983747
0.979572
0.991101
0.997283
0.999372
0.99878
0.99912
1.00098
1.00267
1.00484
1.00876
1.01623
1.02484
1.03094
1.03568
1.04337
1.05477
1.06686
1.08186
1.0979
1.11482
1.12895
1.14161
1.14898
1.14627
1.13879
1.12751
1.10998
1.09281
1.07191
1.05361
1.0373
1.02203
1.00908
0.997377
0.987125
0.981697
0.979438
0.978784
0.979459
0.980502
0.981007
0.99458
0.999897
1.00043
0.999749
0.999797
1.00131
1.00299
1.00833
1.01436
1.01711
1.01774
1.01818
1.02267
1.03241
1.04901
1.06605
1.08414
1.10327
1.1188
1.13481
1.14507
1.14803
1.15052
1.14553
1.1343
1.11662
1.09779
1.07817
1.05808
1.0422
1.02656
1.01753
1.00993
1.00459
0.99975
0.994757
0.98944
0.986196
0.981916
0.97722
0.998818
1.00106
1.00099
1.00001
1.00003
1.0009
1.00266
1.00973
1.01523
1.02052
1.0278
1.03455
1.03985
1.04677
1.05909
1.07243
1.08768
1.10436
1.12109
1.13485
1.14701
1.15525
1.15435
1.14668
1.13672
1.12007
1.10153
1.08018
1.06169
1.04475
1.02871
1.01536
1.00346
0.991867
0.985571
0.98325
0.981869
0.981109
0.98088
0.981067
1.00012
1.00121
1.00089
0.999858
0.999229
0.999687
1.00151
1.00921
1.01919
1.02662
1.03081
1.03269
1.03659
1.04265
1.05593
1.07214
1.08917
1.1087
1.12513
1.14011
1.15236
1.15536
1.1576
1.15336
1.14256
1.12639
1.10718
1.08767
1.06666
1.04961
1.03234
1.02048
1.01265
1.00615
1.00081
0.995285
0.989641
0.98506
0.979848
0.976496
1.00021
1.00123
1.0006
0.999109
0.9981
0.998399
1.00039
1.00899
1.02068
1.02773
1.03243
1.03902
1.04612
1.0531
1.06449
1.0789
1.09444
1.11153
1.12905
1.14252
1.15418
1.16248
1.16311
1.15695
1.1473
1.13048
1.11219
1.09084
1.07118
1.05318
1.03664
1.02187
1.00969
0.997152
0.989485
0.986344
0.984414
0.982241
0.981128
0.981094
0.999976
1.00082
0.999532
0.997419
0.996332
0.996673
0.998841
1.00681
1.01984
1.03046
1.03891
1.04445
1.04882
1.05382
1.06476
1.08045
1.09671
1.11562
1.13279
1.14747
1.15945
1.16466
1.16662
1.16349
1.15299
1.13825
1.11814
1.09758
1.07678
1.0582
1.04061
1.02596
1.01544
1.00757
1.00149
0.996573
0.989431
0.983637
0.978602
0.976802
1.00041
1.00008
0.998206
0.996216
0.995458
0.995967
0.998269
1.0051
1.01859
1.03219
1.04117
1.04799
1.05453
1.06148
1.07184
1.08633
1.10197
1.11953
1.13701
1.15118
1.16178
1.17037
1.17347
1.16923
1.15833
1.14357
1.12475
1.10373
1.08255
1.06256
1.04571
1.03009
1.01661
1.00316
0.993536
0.988905
0.986441
0.983915
0.981292
0.980646
1.00039
0.998776
0.99684
0.995441
0.995241
0.99601
0.998492
1.00511
1.01741
1.03208
1.04292
1.05296
1.06117
1.06713
1.07684
1.09119
1.1054
1.12291
1.14118
1.15507
1.16738
1.17476
1.17874
1.17572
1.16534
1.15153
1.13261
1.11091
1.08933
1.06825
1.0502
1.03416
1.02019
1.01028
1.00274
0.996969
0.989195
0.983789
0.978453
0.977048
0.998021
0.995689
0.993875
0.992976
0.993417
0.994619
0.997442
1.00505
1.01522
1.03094
1.04472
1.056
1.06588
1.07248
1.08304
1.09867
1.11315
1.12853
1.14706
1.16239
1.17343
1.1822
1.18655
1.18328
1.17305
1.15904
1.14091
1.11927
1.09733
1.07432
1.05504
1.0381
1.02369
1.01011
0.997686
0.991101
0.987199
0.985124
0.981223
0.979951
0.995628
0.992775
0.990527
0.989658
0.99046
0.99219
0.99552
1.00365
1.01294
1.02854
1.04458
1.05688
1.0708
1.08103
1.09038
1.10482
1.11982
1.13466
1.1524
1.16863
1.18084
1.18818
1.19323
1.19156
1.18206
1.16729
1.14995
1.12836
1.10593
1.08216
1.06109
1.04286
1.02702
1.01398
1.0039
0.997711
0.988987
0.984161
0.978567
0.977585
0.992407
0.989862
0.987173
0.986216
0.987145
0.989845
0.993997
1.00155
1.01014
1.02461
1.04271
1.05736
1.07346
1.08758
1.09785
1.11199
1.12875
1.14288
1.15896
1.17546
1.18815
1.19581
1.20094
1.19981
1.19165
1.17623
1.15939
1.1381
1.11555
1.09113
1.06808
1.04783
1.03157
1.01753
1.00339
0.994412
0.987358
0.98483
0.979675
0.978986
0.990811
0.988273
0.985078
0.983592
0.984538
0.987782
0.992517
0.999253
1.00733
1.02006
1.03899
1.05656
1.07332
1.09202
1.1063
1.12029
1.13849
1.15354
1.16805
1.18331
1.19686
1.20449
1.20918
1.20854
1.20203
1.18723
1.16973
1.14839
1.12616
1.10119
1.07675
1.05502
1.0366
1.02185
1.00785
0.999744
0.989302
0.984326
0.977205
0.976361
0.986856
0.98525
0.98256
0.981054
0.981557
0.985594
0.990617
0.99703
1.00478
1.01591
1.03369
1.05432
1.07255
1.09286
1.11364
1.12934
1.14807
1.16574
1.18021
1.19419
1.2069
1.21471
1.21978
1.21858
1.21255
1.1991
1.18162
1.15971
1.13723
1.11261
1.08789
1.06431
1.04288
1.0277
1.01206
1.00186
0.990314
0.985235
0.977628
0.97534
0.985733
0.984718
0.982595
0.98078
0.980186
0.983726
0.988915
0.995024
1.00281
1.01284
1.0281
1.04916
1.07104
1.09214
1.1169
1.13856
1.15766
1.17745
1.1947
1.20697
1.2196
1.22696
1.23119
1.23036
1.22427
1.21097
1.19468
1.17315
1.14952
1.12481
1.10002
1.07615
1.05197
1.03406
1.01585
1.00559
0.993616
0.986891
0.978405
0.975014
0.981248
0.980709
0.979918
0.979135
0.978098
0.980561
0.987155
0.99262
1.00098
1.01071
1.02378
1.04336
1.06701
1.09131
1.11656
1.14335
1.16703
1.18713
1.20831
1.22273
1.23383
1.24178
1.24563
1.24355
1.23787
1.22523
1.2085
1.1875
1.16417
1.13868
1.11195
1.08855
1.0632
1.04329
1.02237
1.00896
0.995844
0.987769
0.979742
0.975588
0.980878
0.980595
0.980336
0.980785
0.98026
0.980139
0.986461
0.992237
0.999289
1.01005
1.02251
1.03915
1.06143
1.08772
1.11464
1.1421
1.17075
1.19542
1.21784
1.23678
1.2499
1.2571
1.26193
1.26054
1.25363
1.24138
1.22505
1.20415
1.18047
1.15597
1.12762
1.10264
1.07564
1.05474
1.03255
1.01561
0.999476
0.989684
0.979624
0.975893
0.97617
0.975951
0.97585
0.976866
0.97905
0.978861
0.983119
0.990945
0.998564
1.00828
1.02352
1.03888
1.05852
1.08276
1.11109
1.13924
1.16854
1.19788
1.22374
1.24491
1.2631
1.27377
1.27857
1.27909
1.27344
1.26064
1.24366
1.224
1.19908
1.17474
1.14567
1.12046
1.09188
1.06856
1.04356
1.02511
1.00589
0.995104
0.981165
0.976588
0.976775
0.976098
0.976973
0.977129
0.981125
0.983781
0.985239
0.992362
1.00193
1.01014
1.02437
1.04193
1.06154
1.08257
1.10894
1.13786
1.16623
1.19534
1.224
1.24799
1.26845
1.28493
1.29427
1.29719
1.29435
1.28485
1.26618
1.24612
1.22077
1.19761
1.16679
1.13959
1.1092
1.08512
1.05847
1.03879
1.01554
1.0016
0.984981
0.976808
0.971661
0.970383
0.971995
0.972365
0.97401
0.980466
0.98496
0.991594
1.00143
1.013
1.02673
1.04456
1.06541
1.08948
1.11358
1.14146
1.16949
1.19631
1.22278
1.24864
1.26963
1.28825
1.30272
1.31196
1.3118
1.30853
1.29345
1.27511
1.24687
1.22335
1.19275
1.16523
1.13267
1.1057
1.07547
1.05386
1.03005
1.01274
0.995674
0.979923
0.972606
0.972722
0.972969
0.975345
0.977387
0.982
0.989313
0.999543
1.00895
1.02089
1.03531
1.05495
1.07452
1.09958
1.1254
1.15257
1.179
1.20688
1.22989
1.25307
1.27263
1.29153
1.30434
1.31832
1.32294
1.32674
1.31731
1.30655
1.28127
1.25555
1.22335
1.1951
1.16189
1.132
1.09923
1.07335
1.0484
1.02692
1.0089
0.990644
0.96317
0.965283
0.966405
0.968842
0.971888
0.977611
0.984541
0.995558
1.00857
1.02529
1.04027
1.06279
1.08541
1.11333
1.13822
1.16842
1.19395
1.22309
1.24574
1.26953
1.2841
1.30215
1.31103
1.32499
1.32823
1.33718
1.3329
1.32973
1.31314
1.2955
1.26348
1.2333
1.1956
1.16594
1.13126
1.1007
1.07153
1.0453
1.02557
1.00438
0.964636
0.967119
0.969054
0.972688
0.977276
0.984537
0.992032
1.00522
1.01652
1.03803
1.05439
1.07985
1.1003
1.13333
1.15812
1.19015
1.21339
1.24533
1.26503
1.29142
1.30436
1.32379
1.32909
1.34168
1.34281
1.34937
1.34588
1.34645
1.33592
1.32675
1.30393
1.2803
1.24545
1.20989
1.17225
1.13719
1.10599
1.07466
1.04849
1.02349
0.951687
0.95524
0.957251
0.962704
0.96773
0.979071
0.987243
1.00457
1.01672
1.04262
1.05794
1.08955
1.10999
1.14719
1.17172
1.21059
1.23252
1.26696
1.28507
1.31311
1.32445
1.3452
1.35196
1.36596
1.36689
1.37606
1.37084
1.37192
1.35988
1.35279
1.33575
1.31683
1.29309
1.26299
1.22958
1.1896
1.15328
1.11568
1.08758
1.05324
0.95493
0.95998
0.962388
0.970181
0.97547
0.990207
0.998973
1.02097
1.03377
1.06339
1.08066
1.11628
1.13565
1.17496
1.1985
1.23832
1.26011
1.29392
1.31062
1.33738
1.34859
1.36827
1.37384
1.389
1.39302
1.40439
1.40463
1.40933
1.40325
1.3966
1.37958
1.36195
1.33706
1.31192
1.28175
1.24905
1.21768
1.17883
1.14747
1.10944
0.935812
0.945442
0.947682
0.959829
0.965326
0.985002
0.995592
1.02214
1.03757
1.07094
1.0912
1.12946
1.15456
1.19424
1.21974
1.26051
1.28238
1.31745
1.33235
1.36103
1.37003
1.39058
1.39623
1.41227
1.41654
1.43047
1.43582
1.44514
1.44736
1.44686
1.44179
1.42527
1.41132
1.37907
1.35593
1.31262
1.28445
1.24269
1.21389
1.17661
0.940352
0.952297
0.957538
0.9724
0.9837
1.00423
1.02415
1.04793
1.07425
1.10283
1.13358
1.16687
1.20018
1.2344
1.26755
1.30021
1.32965
1.3561
1.37889
1.3957
1.41356
1.42169
1.43749
1.4403
1.45915
1.46027
1.48167
1.48231
1.50425
1.49945
1.515
1.4993
1.50234
1.4733
1.46402
1.42263
1.40014
1.35165
1.32564
1.2779
0.925141
0.936267
0.9501
0.961179
0.982848
1.00141
1.0314
1.05714
1.09269
1.12335
1.16231
1.19546
1.23594
1.26891
1.30771
1.33661
1.36933
1.39265
1.41601
1.43166
1.44633
1.45401
1.46591
1.46774
1.48391
1.48568
1.5079
1.50982
1.53829
1.53714
1.5682
1.56217
1.58592
1.56791
1.57566
1.54434
1.53829
1.49724
1.47695
1.43493
0.942043
0.962036
0.986431
1.01152
1.04076
1.07123
1.1033
1.13933
1.17294
1.21443
1.24883
1.29192
1.32556
1.36574
1.39562
1.42782
1.44999
1.47124
1.48211
1.49096
1.49175
1.4934
1.48883
1.49282
1.48905
1.49532
1.49925
1.51206
1.51765
1.53972
1.54607
1.57097
1.57364
1.59779
1.58711
1.60485
1.57324
1.58599
1.537
1.55031
0.932522
0.957471
0.98458
1.01762
1.05223
1.09382
1.13296
1.1789
1.21856
1.26526
1.30243
1.34618
1.37808
1.41606
1.44004
1.4693
1.48183
1.49785
1.49745
1.49984
1.48972
1.48374
1.46875
1.46534
1.45081
1.45558
1.45245
1.45362
1.442
1.43445
1.41538
1.40637
1.38549
1.38007
1.3542
1.35097
1.31661
1.31599
1.26598
1.29928
1.03359
1.08835
1.13612
1.18629
1.22612
1.2713
1.3082
1.35076
1.38298
1.41956
1.44417
1.47172
1.48668
1.50668
1.51429
1.53066
1.52693
1.53047
1.51423
1.50334
1.47682
1.45157
1.41979
1.38842
1.35314
1.32462
1.27496
1.23346
1.15196
1.0445
0.914662
0.772906
0.631911
0.504683
0.407015
0.351919
0.322205
0.322765
0.313394
0.302729
1.17789
1.21387
1.24849
1.28581
1.32128
1.35258
1.379
1.40013
1.41558
1.43007
1.43103
1.43837
1.43389
1.43639
1.4222
1.41045
1.38178
1.3537
1.30753
1.26124
1.19705
1.13354
1.0492
0.967643
0.870465
0.780002
0.678394
0.509244
0.259383
0.152102
0.196
0.238717
0.275149
0.314968
0.383345
0.437387
0.474166
0.525039
0.574441
0.610364
0.980095
0.982649
0.990622
0.980589
0.984924
0.978876
0.986636
0.985295
0.989648
0.991876
0.994369
0.996789
0.998929
1.00087
1.00258
1.00387
1.00491
1.00578
1.00619
1.00644
1.0065
1.00663
1.00712
1.00742
1.0075
1.00739
1.00717
1.00703
1.00679
1.00636
1.00601
1.00579
1.0056
1.00538
1.00512
1.0048
1.00427
1.00362
1.00265
1.00815
0.981246
0.982818
0.98991
0.980956
0.983973
0.978759
0.985703
0.985342
0.988649
0.99123
0.993758
0.996225
0.998538
1.00063
1.00227
1.00345
1.00465
1.00563
1.00596
1.00628
1.00655
1.0068
1.00715
1.00738
1.00749
1.00752
1.0074
1.00712
1.0068
1.00649
1.00616
1.00601
1.00592
1.00576
1.00559
1.00533
1.00492
1.00396
1.00217
1.00189
0.981605
0.982946
0.988296
0.981902
0.982699
0.978542
0.984517
0.98533
0.988146
0.991063
0.993782
0.996369
0.998896
1.00102
1.00249
1.00382
1.00514
1.00583
1.00609
1.00662
1.00726
1.00746
1.00736
1.00765
1.00794
1.00785
1.00765
1.00719
1.00667
1.00642
1.00623
1.00617
1.00606
1.0059
1.00577
1.00556
1.00523
1.00503
1.00489
1.00657
0.980234
0.982437
0.987844
0.982186
0.982132
0.978214
0.983336
0.984741
0.987463
0.990395
0.993341
0.996102
0.998753
1.00087
1.00248
1.00407
1.00512
1.00576
1.00603
1.00671
1.00752
1.00765
1.00743
1.00793
1.00828
1.00803
1.0077
1.00727
1.00694
1.00672
1.00652
1.00647
1.00633
1.0062
1.00604
1.00584
1.00547
1.00488
1.00402
1.00337
0.980289
0.982238
0.986541
0.982483
0.980602
0.977798
0.982115
0.984157
0.987005
0.990225
0.993386
0.996353
0.999089
1.00125
1.00302
1.00454
1.00575
1.00651
1.00669
1.00712
1.00764
1.00784
1.00803
1.00855
1.00859
1.00819
1.00782
1.00746
1.00705
1.00684
1.00673
1.00672
1.00656
1.00646
1.00628
1.00616
1.00591
1.00572
1.00543
1.0054
0.979257
0.981474
0.985878
0.982459
0.979874
0.977232
0.980924
0.983211
0.986252
0.989463
0.992848
0.995993
0.998801
1.00102
1.00297
1.00461
1.00598
1.00682
1.00724
1.00736
1.00753
1.00797
1.0087
1.00884
1.00872
1.00831
1.00804
1.00777
1.00749
1.00731
1.00727
1.00719
1.00687
1.00671
1.00651
1.00635
1.0061
1.00583
1.00532
1.00505
0.978933
0.981233
0.98482
0.982212
0.978295
0.976408
0.979675
0.982326
0.985572
0.989162
0.992716
0.996154
0.999068
1.00145
1.00349
1.00495
1.00617
1.00732
1.00793
1.00774
1.00778
1.00866
1.00922
1.00905
1.00884
1.00853
1.00831
1.00806
1.00771
1.00762
1.00765
1.00747
1.00714
1.00695
1.00678
1.00663
1.00644
1.00633
1.00596
1.00537
0.978315
0.980003
0.983762
0.981524
0.977431
0.975539
0.978369
0.981169
0.984595
0.988305
0.992047
0.995601
0.998553
1.00123
1.00358
1.00503
1.0061
1.0073
1.00795
1.00814
1.0088
1.00937
1.00952
1.00922
1.00893
1.0086
1.00835
1.0082
1.00801
1.00806
1.00812
1.00774
1.00738
1.00715
1.007
1.00685
1.0067
1.00653
1.00629
1.00619
0.977777
0.979904
0.982491
0.980688
0.97592
0.974291
0.976799
0.980017
0.983639
0.987779
0.991762
0.995494
0.998619
1.00159
1.00393
1.00541
1.00637
1.00714
1.00805
1.00909
1.00954
1.00985
1.00974
1.00943
1.00914
1.00881
1.00857
1.00832
1.00824
1.00835
1.00834
1.00795
1.0077
1.00747
1.00727
1.00711
1.00698
1.00684
1.00658
1.00591
0.977539
0.978263
0.981107
0.979585
0.974551
0.972839
0.975237
0.978765
0.982413
0.98677
0.990989
0.994774
0.998042
1.00125
1.00392
1.00555
1.00627
1.00705
1.00816
1.00951
1.00988
1.01005
1.00993
1.00971
1.00936
1.00911
1.00884
1.00861
1.00859
1.0088
1.00875
1.00829
1.00801
1.00781
1.00763
1.00745
1.00729
1.00708
1.00703
1.00693
0.977127
0.978236
0.979676
0.978202
0.97276
0.971263
0.97325
0.977267
0.981267
0.986133
0.990598
0.994493
0.997938
1.00121
1.00403
1.00583
1.00647
1.00708
1.00871
1.00979
1.01007
1.01031
1.01024
1.00986
1.00952
1.00926
1.00914
1.00903
1.00909
1.00921
1.00904
1.00861
1.00842
1.00825
1.00799
1.0078
1.00757
1.00733
1.00715
1.00669
0.977234
0.976184
0.977713
0.976527
0.970862
0.969438
0.971207
0.97561
0.979747
0.984962
0.989742
0.993887
0.997538
1.00056
1.00358
1.00578
1.00684
1.00752
1.00906
1.01005
1.01049
1.01079
1.01059
1.01024
1.00982
1.00964
1.00944
1.00934
1.00944
1.00952
1.00938
1.00906
1.00884
1.0087
1.00845
1.00826
1.00802
1.00776
1.00753
1.00749
0.976742
0.975862
0.976052
0.974452
0.968623
0.967368
0.968854
0.973564
0.97841
0.984087
0.989223
0.993736
0.99735
1.00029
1.00318
1.00571
1.00737
1.00803
1.00945
1.01074
1.01115
1.01129
1.01113
1.0107
1.01029
1.01014
1.00981
1.00971
1.00974
1.00968
1.00947
1.00928
1.00921
1.00907
1.00877
1.00861
1.00832
1.00803
1.00768
1.00749
0.976831
0.973226
0.973554
0.972099
0.966141
0.96487
0.966394
0.971266
0.97653
0.982736
0.988478
0.993442
0.996957
0.999536
1.00245
1.00567
1.0077
1.00864
1.01017
1.01135
1.01169
1.0117
1.01151
1.01116
1.01111
1.01098
1.0106
1.01026
1.01026
1.01003
1.00982
1.00964
1.0096
1.0095
1.00926
1.00915
1.00884
1.00854
1.0082
1.00798
0.976203
0.972457
0.971255
0.96924
0.96331
0.962095
0.963451
0.968658
0.974759
0.981555
0.987975
0.99326
0.996791
0.999194
1.00204
1.00587
1.00814
1.00937
1.01117
1.01218
1.0122
1.01203
1.01175
1.01165
1.01179
1.01188
1.01149
1.01097
1.01087
1.01041
1.01013
1.00998
1.00998
1.0098
1.00953
1.00945
1.00911
1.00881
1.00847
1.00832
0.975955
0.969656
0.96794
0.965996
0.96017
0.958587
0.960017
0.965545
0.972264
0.979998
0.987295
0.992659
0.996229
0.998747
1.00186
1.00579
1.00875
1.01048
1.01188
1.01254
1.01263
1.01258
1.01243
1.01235
1.01239
1.01254
1.01232
1.01181
1.01166
1.01124
1.01094
1.01076
1.01064
1.0104
1.01015
1.01003
1.00963
1.00925
1.00892
1.00877
0.974988
0.968121
0.964701
0.962204
0.956513
0.954506
0.956034
0.961788
0.969805
0.978712
0.986692
0.991908
0.995666
0.998732
1.00221
1.006
1.00971
1.01143
1.01204
1.01269
1.01312
1.01336
1.01344
1.01344
1.01323
1.01323
1.01296
1.01244
1.01234
1.01189
1.0116
1.01141
1.01118
1.01088
1.01061
1.01048
1.01003
1.00965
1.00933
1.00923
0.974847
0.965745
0.960527
0.957898
0.952111
0.949422
0.951252
0.957272
0.966565
0.977266
0.985833
0.990807
0.994871
0.998929
1.00261
1.0068
1.01064
1.01193
1.0123
1.01283
1.01369
1.01421
1.0145
1.0146
1.0145
1.0142
1.01382
1.01329
1.01331
1.01282
1.01247
1.01247
1.01209
1.01176
1.01136
1.01113
1.01065
1.01018
1.00983
1.00972
0.973042
0.963646
0.956173
0.952787
0.946809
0.943279
0.945113
0.951795
0.96332
0.975681
0.98487
0.98991
0.994512
0.999173
1.00329
1.00774
1.01086
1.01219
1.01265
1.01322
1.01462
1.01548
1.01572
1.01569
1.01547
1.01522
1.01481
1.01414
1.01386
1.01348
1.01303
1.01317
1.01289
1.01254
1.01222
1.01184
1.01135
1.01085
1.01049
1.01036
0.972296
0.961732
0.951808
0.946984
0.940488
0.935646
0.937631
0.945077
0.959051
0.973209
0.983667
0.989166
0.994225
0.999555
1.00427
1.00844
1.01102
1.01262
1.01339
1.01433
1.01571
1.01667
1.01661
1.01662
1.01631
1.01624
1.01608
1.01576
1.0152
1.01478
1.01428
1.01422
1.01402
1.01362
1.01327
1.01276
1.01221
1.01163
1.01127
1.0111
0.969302
0.959137
0.947092
0.940049
0.932868
0.926648
0.92821
0.936746
0.953088
0.969552
0.982594
0.989192
0.99419
0.99968
1.00512
1.00905
1.01143
1.01346
1.01478
1.01591
1.01711
1.01779
1.01769
1.01753
1.01718
1.01681
1.01669
1.01664
1.01616
1.01574
1.01536
1.01528
1.01495
1.01469
1.01423
1.01365
1.01309
1.01248
1.01209
1.01191
0.967792
0.956956
0.942768
0.932081
0.923897
0.916047
0.916679
0.92587
0.944168
0.964274
0.980891
0.989319
0.994835
1.00065
1.00606
1.0103
1.01219
1.01478
1.01657
1.0179
1.01898
1.01918
1.01927
1.01887
1.0186
1.01787
1.0178
1.01758
1.01711
1.0167
1.01629
1.01615
1.0158
1.01556
1.01512
1.01457
1.01395
1.01339
1.01296
1.01281
0.96561
0.953309
0.937755
0.923257
0.913737
0.903879
0.902499
0.911306
0.931608
0.956648
0.97833
0.989932
0.996247
1.00233
1.00783
1.0121
1.01411
1.01717
1.01903
1.02017
1.02078
1.02077
1.02099
1.0204
1.02029
1.01942
1.01919
1.01877
1.0181
1.0178
1.01736
1.01725
1.01689
1.01685
1.01626
1.01587
1.01505
1.01449
1.01402
1.01382
0.964177
0.949059
0.93255
0.914678
0.902824
0.890195
0.884733
0.891871
0.913899
0.945097
0.974266
0.991034
0.99856
1.00495
1.01043
1.01449
1.0178
1.02077
1.02196
1.02263
1.02263
1.02249
1.02295
1.02213
1.02229
1.02127
1.0212
1.02047
1.01987
1.0196
1.01912
1.01897
1.01861
1.01853
1.01781
1.01731
1.01649
1.01574
1.0153
1.01507
0.962802
0.943777
0.926658
0.907198
0.892234
0.875192
0.86302
0.866158
0.889196
0.928111
0.968473
0.99166
1.00114
1.00849
1.01402
1.01798
1.02223
1.02487
1.02502
1.0255
1.02489
1.02457
1.02494
1.0239
1.02416
1.02309
1.02312
1.02238
1.02189
1.02152
1.02106
1.02067
1.02033
1.01989
1.01907
1.01844
1.01766
1.0169
1.01658
1.01632
0.960995
0.939504
0.920691
0.900905
0.882975
0.859773
0.837435
0.832829
0.85543
0.904098
0.959886
0.990835
1.00328
1.01211
1.01849
1.02239
1.02667
1.02874
1.02846
1.02916
1.02819
1.02753
1.02738
1.02637
1.0263
1.02541
1.02517
1.02431
1.0238
1.02306
1.02248
1.02205
1.02159
1.02105
1.02037
1.01951
1.01904
1.01814
1.01798
1.01763
0.961637
0.937957
0.914587
0.895168
0.8757
0.845881
0.809272
0.79184
0.810941
0.870652
0.945757
0.987214
1.00381
1.01459
1.02286
1.02606
1.03139
1.03313
1.03255
1.03328
1.03203
1.0313
1.03065
1.02965
1.02933
1.02828
1.0275
1.0264
1.02571
1.0248
1.0243
1.02403
1.02356
1.02306
1.02251
1.02154
1.02113
1.02003
1.01974
1.0194
0.965236
0.940102
0.910552
0.890124
0.870621
0.83541
0.781962
0.744733
0.754656
0.824317
0.921197
0.978047
1.0014
1.01489
1.02464
1.02882
1.03503
1.03687
1.03701
1.0374
1.03582
1.03557
1.03493
1.03417
1.03338
1.03212
1.03135
1.03003
1.02949
1.02855
1.02817
1.02772
1.02703
1.02612
1.02548
1.02412
1.02355
1.02235
1.02194
1.02167
0.973264
0.946509
0.912212
0.887954
0.868325
0.829575
0.759584
0.694882
0.686495
0.760724
0.879788
0.959231
0.993062
1.0116
1.02359
1.0299
1.03744
1.03999
1.04062
1.04099
1.03977
1.04008
1.03932
1.03916
1.0384
1.03746
1.03668
1.03558
1.0345
1.03395
1.03296
1.0324
1.03131
1.02994
1.0292
1.02749
1.02692
1.02541
1.0249
1.02452
0.983982
0.955426
0.92101
0.893418
0.87131
0.828871
0.74505
0.648344
0.608846
0.675173
0.813063
0.924336
0.975575
1.00219
1.01967
1.02909
1.03865
1.04224
1.04408
1.04563
1.04461
1.04508
1.04396
1.04388
1.04334
1.04257
1.04165
1.04053
1.03928
1.03857
1.03711
1.03618
1.0351
1.03358
1.03317
1.03132
1.03085
1.02908
1.02853
1.02794
1.00305
0.97038
0.938102
0.912547
0.885957
0.833549
0.73732
0.611858
0.527729
0.566172
0.714307
0.861711
0.942296
0.982083
1.00916
1.02402
1.03711
1.04415
1.04846
1.05098
1.05033
1.05056
1.04943
1.049
1.04811
1.04694
1.04616
1.04444
1.04352
1.04199
1.04113
1.0397
1.0394
1.03733
1.03727
1.03472
1.03439
1.03243
1.03223
1.03148
1.02995
0.994988
0.968146
0.950174
0.918542
0.845622
0.731958
0.58595
0.452607
0.436822
0.578251
0.759824
0.881041
0.943084
0.983717
1.00929
1.02928
1.04263
1.04986
1.05464
1.05601
1.05686
1.05671
1.05622
1.05538
1.05387
1.05254
1.05074
1.04979
1.04833
1.04805
1.04589
1.04555
1.04227
1.04183
1.03867
1.03842
1.03619
1.03636
1.03523
1.0771
1.04254
1.03045
1.01325
0.965984
0.86704
0.725098
0.562049
0.39321
0.30036
0.400991
0.609706
0.77899
0.874157
0.934424
0.976769
1.00754
1.02974
1.044
1.05302
1.05945
1.06245
1.06483
1.06479
1.0644
1.0632
1.06155
1.06041
1.05941
1.05785
1.05689
1.05385
1.05317
1.04984
1.04939
1.04652
1.04629
1.04383
1.04366
1.04248
1.14491
1.13287
1.1453
1.10125
1.0134
0.883964
0.710474
0.52678
0.346425
0.195462
0.19388
0.405642
0.62416
0.763987
0.853884
0.917706
0.965633
0.999607
1.02531
1.04073
1.05431
1.06027
1.06668
1.06808
1.06977
1.0701
1.06926
1.06928
1.0678
1.06682
1.06537
1.06343
1.06284
1.06048
1.06015
1.05754
1.05774
1.05532
1.05586
1.05266
1.26655
1.27882
1.23154
1.13697
1.01444
0.856501
0.665056
0.467976
0.289058
0.170834
0.0838283
0.142749
0.401343
0.59947
0.732452
0.824236
0.896994
0.946498
0.987753
1.01099
1.03411
1.04585
1.0579
1.064
1.06952
1.07401
1.07563
1.07817
1.07778
1.07891
1.07757
1.07775
1.07693
1.07673
1.07601
1.07462
1.07296
1.07056
1.06912
1.06692
1.41645
1.34417
1.24523
1.12282
0.960802
0.762353
0.557572
0.384111
0.245127
0.211048
0.256063
0.185909
0.208948
0.40633
0.572341
0.686572
0.788363
0.855163
0.91939
0.957315
0.995082
1.01848
1.03872
1.05336
1.06344
1.07411
1.07913
1.08639
1.08864
1.09312
1.09411
1.09656
1.09621
1.09674
1.09507
1.0954
1.09221
1.08891
1.08501
1.08417
1.46722
1.32714
1.17008
0.980885
0.764853
0.53909
0.340403
0.254414
0.299664
0.377384
0.467158
0.493447
0.458567
0.175105
0.329493
0.464978
0.611313
0.70672
0.805023
0.8703
0.926991
0.969983
0.998607
1.02636
1.0414
1.05954
1.06903
1.07975
1.08663
1.0931
1.09873
1.10337
1.10755
1.11161
1.11251
1.11483
1.11461
1.11537
1.11399
1.11296
1.18364
0.94887
0.722467
0.493591
0.269074
0.11254
0.18388
0.295266
0.37842
0.455773
0.513983
0.601868
0.642291
0.552377
0.337272
0.201771
0.409387
0.536319
0.640832
0.728143
0.794923
0.866446
0.91324
0.960893
0.992742
1.01592
1.03587
1.04752
1.05995
1.06561
1.07506
1.08366
1.09002
1.09689
1.10074
1.10784
1.10996
1.11702
1.12162
1.13206
0.173568
0.318281
0.40041
0.505709
0.566491
0.622773
0.672986
0.709108
0.745021
0.769843
0.779452
0.802189
0.782923
0.746791
0.701257
0.609089
0.631299
0.426333
0.185726
0.346771
0.481418
0.609303
0.703704
0.755139
0.82488
0.859546
0.918058
0.951023
0.991559
1.01296
1.04284
1.05912
1.08314
1.10025
1.11908
1.13495
1.14672
1.15755
1.16169
1.1665
0.653318
0.697637
0.744888
0.787555
0.823598
0.850203
0.867224
0.876792
0.881481
0.865742
0.843172
0.806804
0.758084
0.707822
0.657097
0.619216
0.633593
0.595917
0.426333
0.476952
0.578379
0.590862
0.411598
0.338532
0.522164
0.557997
0.606821
0.633027
0.667088
0.707503
0.742977
0.794208
0.828234
0.882239
0.911887
0.963538
0.993102
1.05147
1.09317
1.15758
1.01386
1.01345
1.01546
1.01615
1.01647
1.01729
1.01707
1.01774
1.01738
1.01802
1.01756
1.01807
1.0178
1.01804
1.01793
1.01797
1.0179
1.01784
1.01767
1.01746
1.01719
1.0168
1.01629
1.01556
1.01452
1.01301
1.01073
1.00725
1.00226
0.995803
0.987853
0.97839
0.971601
0.976716
0.98846
0.995436
0.999727
1.00219
1.00217
1.00332
0.997265
0.997659
0.997533
0.996746
0.997117
0.996505
0.997027
0.996629
0.996843
0.996843
0.996797
0.996956
0.996888
0.99702
0.997006
0.997077
0.997022
0.997001
0.997019
0.99705
0.997075
0.997177
0.997395
0.997774
0.998447
0.999608
1.00142
1.00405
1.00789
1.01333
1.01919
1.02348
1.02495
1.02418
1.0196
1.01088
1.00719
1.00547
1.00516
1.00471
1.00831
1.01056
1.0123
1.01431
1.01448
1.01582
1.0155
1.0165
1.01591
1.01681
1.01615
1.01674
1.01634
1.01655
1.01637
1.01636
1.01623
1.01608
1.01574
1.01529
1.01474
1.01399
1.01303
1.01179
1.01019
1.00822
1.00571
1.00258
0.99913
0.996429
0.994681
0.993256
0.99406
0.999854
1.00344
1.00407
1.00385
1.00346
1.00414
1.0045
1.00251
1.00158
1.00128
1.00046
1.00027
0.999782
0.99958
0.999656
0.999116
0.999545
0.999007
0.999428
0.999103
0.99941
0.999332
0.9995
0.999396
0.999437
0.999667
1.00001
1.00038
1.00096
1.00175
1.00272
1.00403
1.0057
1.00772
1.00991
1.01234
1.0153
1.01771
1.01818
1.0182
1.01778
1.01599
1.01325
1.01043
1.00875
1.00726
1.00621
1.00559
1.00867
1.0099
1.01194
1.01254
1.01358
1.01363
1.01439
1.01414
1.01474
1.01445
1.0147
1.01453
1.01453
1.01434
1.01428
1.01418
1.01397
1.01347
1.01288
1.01217
1.01126
1.01019
1.00893
1.00747
1.00585
1.00401
1.00193
1.00028
0.999707
0.999459
0.998801
0.999674
1.00285
1.00521
1.00547
1.00523
1.00539
1.00603
1.00622
1.00528
1.00411
1.00366
1.00355
1.00317
1.00299
1.00263
1.00261
1.00227
1.00241
1.00215
1.00234
1.00209
1.00214
1.00202
1.0021
1.00208
1.00219
1.00251
1.00299
1.00353
1.00427
1.00509
1.00609
1.00732
1.00858
1.00984
1.01085
1.01193
1.01339
1.01387
1.01323
1.01298
1.01356
1.01307
1.01145
1.00967
1.00836
1.0075
1.00696
1.00501
1.00755
1.00845
1.00981
1.0107
1.01159
1.01183
1.01245
1.01248
1.01286
1.01273
1.01298
1.01281
1.01279
1.01265
1.01265
1.0125
1.01218
1.01165
1.01101
1.01025
1.00938
1.00843
1.00738
1.00624
1.0051
1.00392
1.00272
1.00214
1.00236
1.00233
1.00182
1.00261
1.00483
1.00607
1.00622
1.00635
1.00682
1.00698
1.00695
1.00664
1.00588
1.00539
1.00517
1.00527
1.00554
1.0053
1.00522
1.00508
1.00496
1.00486
1.00484
1.00479
1.00481
1.00468
1.0046
1.00451
1.00468
1.00505
1.0055
1.00601
1.00666
1.00738
1.00813
1.00891
1.00964
1.01014
1.01045
1.01105
1.01154
1.01148
1.01088
1.01061
1.0106
1.01032
1.00927
1.00813
1.00765
1.00719
1.00702
1.0054
1.00719
1.00803
1.00906
1.00958
1.01027
1.01055
1.01102
1.01112
1.0114
1.01142
1.01153
1.01148
1.01153
1.01149
1.01147
1.01127
1.01091
1.0104
1.00982
1.00918
1.00848
1.00769
1.00692
1.00625
1.0057
1.00512
1.0047
1.00489
1.00538
1.00536
1.00501
1.00585
1.00696
1.00718
1.00722
1.00731
1.00744
1.00734
1.00713
1.0072
1.00695
1.0069
1.00686
1.00687
1.00704
1.00734
1.00748
1.0075
1.0075
1.00741
1.00736
1.00726
1.00709
1.0069
1.00678
1.00678
1.00691
1.00717
1.00753
1.00795
1.00841
1.00893
1.00938
1.0098
1.0101
1.01017
1.0103
1.01065
1.01076
1.01045
1.00978
1.00944
1.00917
1.00863
1.00811
1.00782
1.00751
1.00727
1.00716
1.00631
1.00744
1.00807
1.00883
1.00937
1.00984
1.00999
1.01035
1.01038
1.01058
1.01058
1.01072
1.01085
1.011
1.01095
1.01087
1.01069
1.01039
1.00995
1.00947
1.00897
1.00842
1.00793
1.00751
1.00719
1.00701
1.00688
1.00697
1.00742
1.00779
1.00767
1.00762
1.00814
1.00849
1.00834
1.00813
1.00794
1.00778
1.00745
1.0073
1.00754
1.00777
1.0082
1.00843
1.00869
1.00885
1.00896
1.00902
1.00904
1.00906
1.009
1.00901
1.00909
1.00903
1.00872
1.00864
1.00863
1.00872
1.00895
1.00916
1.00937
1.00966
1.00987
1.01006
1.0102
1.01016
1.01007
1.01014
1.01029
1.01018
1.00977
1.00935
1.00921
1.00899
1.00857
1.00825
1.00815
1.00794
1.00767
1.00758
1.00741
1.00821
1.00872
1.0092
1.0096
1.00991
1.01012
1.01034
1.0104
1.01058
1.01061
1.01084
1.0109
1.01099
1.01093
1.01086
1.01073
1.01049
1.01014
1.00975
1.00939
1.00902
1.00882
1.00873
1.00869
1.00868
1.00872
1.00895
1.00932
1.00946
1.00946
1.00947
1.00944
1.00938
1.00906
1.00863
1.00845
1.00818
1.00793
1.00785
1.00795
1.00864
1.00904
1.00954
1.00979
1.01012
1.01024
1.01048
1.01051
1.01058
1.01052
1.01058
1.01046
1.01039
1.01028
1.01023
1.01017
1.01012
1.01016
1.01023
1.01031
1.01039
1.01047
1.01052
1.01047
1.01034
1.01034
1.01048
1.01043
1.01026
1.01002
1.00985
1.00977
1.00967
1.00933
1.00904
1.00877
1.00847
1.00824
1.00805
1.00848
1.00918
1.00952
1.01007
1.0103
1.01066
1.01079
1.01105
1.01112
1.01132
1.01132
1.01147
1.01145
1.0115
1.01143
1.01137
1.01126
1.01109
1.01084
1.01055
1.01028
1.01009
1.01003
1.01006
1.01006
1.0101
1.01038
1.01058
1.01066
1.0106
1.0103
1.01008
1.01007
1.00992
1.00956
1.00932
1.00908
1.00883
1.00867
1.00842
1.00892
1.00962
1.00997
1.01054
1.01078
1.01114
1.01129
1.01153
1.01157
1.01174
1.01172
1.01181
1.01174
1.01175
1.01166
1.01158
1.01145
1.01132
1.01121
1.01111
1.01099
1.01085
1.01072
1.0106
1.01046
1.01037
1.01046
1.01064
1.01068
1.01058
1.01032
1.01022
1.01027
1.01018
1.00988
1.0096
1.00932
1.00921
1.00907
1.00871
1.00944
1.01012
1.0105
1.01107
1.01134
1.01169
1.01181
1.01208
1.01217
1.01234
1.01233
1.01247
1.01239
1.01243
1.01234
1.01229
1.01216
1.01202
1.01182
1.01158
1.01133
1.01112
1.011
1.01095
1.0109
1.01087
1.01096
1.01108
1.01104
1.01086
1.01056
1.01052
1.01056
1.01047
1.0102
1.00996
1.00973
1.00962
1.0096
1.00942
1.01
1.0107
1.01111
1.01165
1.01192
1.01228
1.01242
1.01269
1.01277
1.01295
1.01295
1.01308
1.01301
1.01305
1.01295
1.0129
1.01277
1.01263
1.01244
1.01225
1.01203
1.01183
1.0117
1.01165
1.01157
1.01157
1.01168
1.01174
1.01164
1.01134
1.01107
1.01105
1.01105
1.01093
1.01066
1.01041
1.01015
1.01
1.00996
1.00985
1.01065
1.01136
1.01176
1.01228
1.01257
1.01291
1.01308
1.01338
1.01347
1.01365
1.01366
1.01378
1.01372
1.01378
1.01367
1.01364
1.01349
1.01336
1.01317
1.01297
1.01272
1.01254
1.01243
1.01237
1.01228
1.0123
1.01238
1.01237
1.0122
1.01183
1.01161
1.0116
1.0116
1.01146
1.01123
1.01096
1.01069
1.01052
1.01048
1.01052
1.01137
1.01207
1.01245
1.01297
1.01327
1.01366
1.01383
1.01415
1.01423
1.01444
1.01446
1.01458
1.01453
1.01458
1.01448
1.01445
1.0143
1.0142
1.01399
1.0138
1.01355
1.01338
1.01331
1.01323
1.01314
1.0132
1.01327
1.01319
1.01294
1.01248
1.01229
1.01225
1.01219
1.01195
1.01166
1.01135
1.01106
1.0109
1.01078
1.01066
1.01217
1.01289
1.01328
1.01383
1.01412
1.01454
1.0147
1.01504
1.0151
1.01533
1.01532
1.01548
1.01541
1.01549
1.01537
1.01537
1.0152
1.0151
1.0149
1.01471
1.01445
1.01433
1.01426
1.01418
1.01409
1.01415
1.01414
1.014
1.01364
1.01318
1.01303
1.01299
1.01288
1.01257
1.01226
1.01197
1.01171
1.01157
1.01146
1.01136
1.01313
1.01387
1.01423
1.01479
1.01507
1.01549
1.01566
1.01599
1.01606
1.01631
1.0163
1.01648
1.01642
1.01651
1.01639
1.01641
1.01624
1.01616
1.01593
1.01574
1.01549
1.01538
1.01525
1.01513
1.01505
1.01506
1.01495
1.0147
1.01425
1.01391
1.01383
1.01382
1.01364
1.01329
1.01298
1.0126
1.01215
1.01192
1.01169
1.0115
1.01414
1.0149
1.01524
1.01585
1.01611
1.01657
1.01676
1.01714
1.01723
1.01749
1.01748
1.01766
1.01759
1.01771
1.01755
1.01758
1.01739
1.0173
1.01706
1.01686
1.01662
1.01648
1.01631
1.01615
1.01608
1.01599
1.01582
1.0155
1.01507
1.01483
1.01479
1.01474
1.01444
1.01414
1.01391
1.01344
1.01287
1.01254
1.01226
1.01212
1.01539
1.01615
1.01648
1.01713
1.01736
1.01786
1.01798
1.01843
1.01847
1.01878
1.01879
1.01894
1.01892
1.01902
1.01887
1.01892
1.0187
1.01862
1.01836
1.01819
1.01797
1.01777
1.01751
1.0173
1.01711
1.01696
1.01667
1.01626
1.01581
1.01562
1.01559
1.01544
1.01503
1.01476
1.01458
1.01403
1.0134
1.01302
1.01263
1.0124
1.0167
1.01746
1.01781
1.01845
1.01868
1.01926
1.01939
1.01986
1.01998
1.02028
1.02031
1.02053
1.02042
1.02059
1.0204
1.02046
1.02022
1.02018
1.01998
1.01987
1.01966
1.01941
1.0191
1.01885
1.01861
1.01835
1.01803
1.01753
1.0171
1.01691
1.01689
1.01673
1.01621
1.01588
1.01561
1.01514
1.01473
1.01433
1.01397
1.01377
1.01806
1.01891
1.01932
1.0201
1.02038
1.02098
1.02115
1.02162
1.02172
1.02208
1.02206
1.02233
1.02219
1.02236
1.02222
1.02221
1.0221
1.02204
1.02193
1.02182
1.02154
1.02128
1.02081
1.02048
1.02004
1.01979
1.01939
1.01887
1.01844
1.01826
1.01821
1.01787
1.01723
1.01682
1.01637
1.01577
1.01539
1.01498
1.01452
1.01423
1.01989
1.02077
1.02117
1.02199
1.02229
1.02299
1.02315
1.02376
1.02378
1.02422
1.02417
1.02447
1.0243
1.02453
1.02432
1.02448
1.02434
1.02443
1.02423
1.02415
1.02372
1.02339
1.02277
1.02233
1.02184
1.02166
1.02134
1.02096
1.02065
1.02058
1.02043
1.02005
1.01974
1.01946
1.0188
1.0181
1.01759
1.01701
1.01656
1.01629
1.02222
1.0232
1.02361
1.02449
1.02471
1.02546
1.02555
1.0262
1.0262
1.02667
1.0266
1.02694
1.02675
1.02703
1.02686
1.02711
1.02696
1.02706
1.02677
1.02661
1.02606
1.02562
1.02474
1.02423
1.0237
1.02361
1.02306
1.0226
1.02223
1.02205
1.02151
1.02106
1.02087
1.02044
1.01963
1.01882
1.01811
1.01743
1.0171
1.01696
1.02507
1.0262
1.02655
1.02752
1.02766
1.02847
1.0285
1.02919
1.02916
1.0297
1.02963
1.03007
1.02999
1.03038
1.03031
1.03062
1.03047
1.03055
1.03012
1.02991
1.02922
1.02867
1.02776
1.02742
1.02712
1.02691
1.02613
1.0256
1.02535
1.0252
1.02465
1.02423
1.02401
1.02349
1.02274
1.02198
1.02103
1.02014
1.01973
1.01961
1.02842
1.02952
1.0299
1.0309
1.03106
1.03193
1.032
1.03277
1.03274
1.03344
1.03339
1.03401
1.03396
1.03444
1.0343
1.03457
1.03421
1.03406
1.03335
1.03298
1.0321
1.03148
1.03071
1.03063
1.03024
1.02961
1.02843
1.02814
1.02801
1.02762
1.02666
1.02622
1.02577
1.02493
1.02409
1.02319
1.02203
1.02104
1.02063
1.02043
1.03211
1.03324
1.03385
1.03491
1.03536
1.03637
1.03666
1.03756
1.03774
1.03861
1.03871
1.03948
1.03939
1.03989
1.03963
1.03977
1.03914
1.03874
1.038
1.03765
1.03683
1.03636
1.03585
1.03593
1.03524
1.03438
1.03358
1.03369
1.03341
1.0326
1.03158
1.03135
1.0307
1.02961
1.0284
1.02712
1.0259
1.02493
1.02431
1.02385
1.03628
1.03758
1.03843
1.03979
1.04039
1.04164
1.04204
1.04316
1.04346
1.04433
1.04439
1.045
1.04464
1.04496
1.04427
1.04427
1.04346
1.04343
1.04306
1.04273
1.04188
1.04129
1.04092
1.04027
1.0386
1.03736
1.03672
1.03657
1.03566
1.03479
1.03426
1.03398
1.03288
1.03181
1.03047
1.02922
1.02813
1.02721
1.02626
1.0255
1.04342
1.04563
1.04652
1.04824
1.04898
1.05037
1.05079
1.05194
1.05199
1.05274
1.05237
1.05283
1.05236
1.05278
1.05201
1.05207
1.05141
1.0518
1.05082
1.05
1.04874
1.04892
1.04844
1.04723
1.04564
1.04517
1.04505
1.04478
1.04383
1.04344
1.04246
1.04147
1.04002
1.03896
1.03709
1.03555
1.03393
1.0328
1.03165
1.03073
1.05325
1.05493
1.05634
1.05739
1.05809
1.05906
1.05952
1.06043
1.0606
1.06151
1.06155
1.06238
1.06219
1.06264
1.06243
1.06349
1.06378
1.06416
1.06309
1.06338
1.0638
1.06449
1.06281
1.06132
1.05996
1.05965
1.05832
1.05647
1.05435
1.05283
1.05045
1.04857
1.04666
1.0449
1.04307
1.04162
1.03966
1.03804
1.03634
1.03541
1.06635
1.06724
1.06814
1.06937
1.07019
1.07137
1.07193
1.07263
1.07284
1.07357
1.0738
1.07431
1.07375
1.07389
1.07397
1.07427
1.07276
1.07121
1.06952
1.06995
1.06865
1.06736
1.06461
1.0638
1.06235
1.06226
1.06108
1.0608
1.05897
1.05812
1.05624
1.05527
1.05358
1.05251
1.05051
1.04883
1.04626
1.04451
1.04224
1.04107
1.08489
1.08797
1.08855
1.09107
1.09123
1.09348
1.09377
1.09611
1.09675
1.09869
1.09877
1.10017
1.1009
1.10301
1.10315
1.1038
1.10355
1.10521
1.10579
1.10697
1.10696
1.1073
1.10573
1.10479
1.103
1.1019
1.0995
1.09757
1.09446
1.09141
1.08729
1.0837
1.07915
1.07521
1.07072
1.06685
1.06248
1.05904
1.05564
1.05329
1.1126
1.11079
1.11056
1.11016
1.11071
1.11103
1.11217
1.11258
1.11278
1.11295
1.11361
1.11448
1.11434
1.1139
1.11326
1.11296
1.11183
1.11068
1.10898
1.10738
1.1046
1.10228
1.09954
1.09713
1.09451
1.09223
1.0901
1.08819
1.08624
1.08441
1.08231
1.08005
1.07752
1.07468
1.07152
1.06865
1.06526
1.06281
1.05999
1.05868
1.13812
1.14925
1.15662
1.16526
1.16975
1.17715
1.18088
1.18759
1.19081
1.19652
1.19901
1.20392
1.20583
1.2101
1.21181
1.21567
1.21688
1.22016
1.22074
1.22328
1.22268
1.22403
1.22198
1.22174
1.21821
1.21647
1.21119
1.20765
1.20071
1.19548
1.18724
1.18069
1.17159
1.16452
1.1552
1.14811
1.13861
1.13097
1.12041
1.1106
1.1683
1.16654
1.1707
1.17488
1.1819
1.18747
1.19439
1.19955
1.20565
1.20973
1.21475
1.2174
1.22103
1.22214
1.2246
1.22455
1.22644
1.22566
1.22691
1.2244
1.2238
1.21866
1.21596
1.20885
1.20521
1.19759
1.19372
1.1856
1.18165
1.17317
1.16933
1.16101
1.15777
1.14984
1.14607
1.13562
1.12711
1.11135
1.09953
1.08667
1.19725
1.23916
1.27703
1.31381
1.35024
1.38249
1.41669
1.44491
1.47596
1.50046
1.52794
1.5487
1.5723
1.58888
1.60777
1.6192
1.63241
1.63816
1.64594
1.64715
1.65116
1.64921
1.65004
1.64458
1.64131
1.63108
1.62377
1.6092
1.5978
1.57905
1.56424
1.54214
1.52446
1.49918
1.47805
1.44971
1.42406
1.39554
1.36873
1.34057
1.00388
1.00512
1.00551
1.00586
1.00596
1.00607
1.00604
1.00612
1.00627
1.00648
1.00667
1.00666
1.00655
1.00665
1.00694
1.007
1.00694
1.00671
1.00632
1.00583
1.00539
1.00475
1.00396
1.00297
1.00194
1.00077
0.99934
0.998061
0.996776
0.995396
0.994112
0.992852
0.991437
0.990273
0.989722
0.988641
0.989284
0.987611
0.98857
0.985983
1.00464
1.00558
1.00579
1.00615
1.00614
1.00622
1.00619
1.00627
1.00646
1.00674
1.00684
1.00679
1.00683
1.00697
1.00706
1.00706
1.00701
1.0068
1.00645
1.00596
1.00544
1.00481
1.00402
1.00293
1.00182
1.00061
0.999166
0.99787
0.996613
0.995165
0.993836
0.992505
0.99112
0.990006
0.989463
0.988469
0.989207
0.987494
0.988218
0.98566
1.00509
1.00598
1.00598
1.00636
1.00629
1.00638
1.00635
1.00643
1.00654
1.00672
1.00674
1.00674
1.00687
1.007
1.00689
1.00672
1.00664
1.00643
1.00613
1.0057
1.00501
1.00435
1.00356
1.00244
1.00131
1.00022
0.99878
0.997373
0.996015
0.994551
0.993204
0.991759
0.99054
0.989678
0.98926
0.988357
0.989021
0.987378
0.987708
0.985023
1.00578
1.00634
1.00615
1.00652
1.00639
1.00641
1.00637
1.00648
1.00659
1.00671
1.00675
1.00669
1.00679
1.00693
1.00677
1.0064
1.0062
1.00615
1.00583
1.00533
1.00468
1.00396
1.00304
1.00193
1.00101
0.999754
0.998461
0.99698
0.99548
0.994025
0.992538
0.991099
0.98995
0.989299
0.988994
0.988161
0.988804
0.987344
0.987589
0.9845
1.00636
1.00671
1.00645
1.00666
1.00652
1.00652
1.00656
1.00668
1.00684
1.00688
1.00694
1.00684
1.00686
1.00697
1.00691
1.00649
1.0063
1.00622
1.006
1.00543
1.00468
1.00369
1.00267
1.00161
1.0005
0.999506
0.998067
0.996713
0.995154
0.993642
0.991982
0.990548
0.989346
0.988805
0.988691
0.987854
0.988576
0.98727
0.987921
0.984421
1.00679
1.00699
1.00671
1.00685
1.00672
1.00678
1.00681
1.0069
1.00717
1.00721
1.00724
1.00713
1.00701
1.00711
1.00712
1.00686
1.00654
1.00653
1.00613
1.00558
1.00461
1.00367
1.00257
1.00159
1.00053
0.999308
0.997991
0.996699
0.994874
0.99327
0.991492
0.990044
0.988852
0.988298
0.988282
0.987547
0.98837
0.987203
0.988427
0.984664
1.00697
1.00699
1.00677
1.00697
1.0069
1.0071
1.00709
1.00708
1.00749
1.00759
1.00758
1.00743
1.00733
1.00724
1.00738
1.00725
1.00683
1.00687
1.00633
1.00573
1.005
1.00411
1.00302
1.0021
1.00073
0.999519
0.998005
0.996359
0.994526
0.99272
0.991001
0.989562
0.988319
0.987688
0.987763
0.987231
0.988198
0.987096
0.989292
0.985081
1.00709
1.00699
1.00687
1.00702
1.00702
1.0073
1.00716
1.00723
1.00768
1.00783
1.00779
1.00769
1.00782
1.00746
1.00729
1.00748
1.00717
1.00688
1.00671
1.00598
1.00549
1.00461
1.00359
1.00246
1.00105
0.999599
0.997681
0.996053
0.993906
0.992108
0.990298
0.988946
0.987739
0.987137
0.987232
0.986856
0.988095
0.987034
0.989995
0.986086
1.00717
1.00705
1.00703
1.00715
1.00725
1.00753
1.00739
1.00741
1.00783
1.00804
1.00809
1.00781
1.00793
1.00765
1.00733
1.00725
1.00695
1.00687
1.00696
1.00633
1.00593
1.00523
1.00409
1.00275
1.00128
0.999327
0.997607
0.995298
0.993448
0.99135
0.989557
0.988208
0.986968
0.986453
0.986639
0.986475
0.988006
0.987069
0.990272
0.986727
1.0072
1.00716
1.00739
1.00734
1.00753
1.00778
1.00766
1.00765
1.00798
1.00826
1.00824
1.00772
1.0078
1.00784
1.0076
1.00736
1.00715
1.00683
1.00692
1.00659
1.00625
1.00584
1.00451
1.00302
1.00115
0.999212
0.997077
0.995026
0.992802
0.990885
0.989017
0.987498
0.98613
0.985603
0.985925
0.98597
0.987922
0.986894
0.99044
0.987262
1.00733
1.00747
1.00777
1.00771
1.0079
1.00823
1.00813
1.00815
1.00836
1.00858
1.00867
1.00808
1.008
1.00826
1.00808
1.0078
1.00772
1.00715
1.00719
1.00712
1.00658
1.00591
1.00449
1.00288
1.00101
0.998845
0.996807
0.994226
0.992379
0.99017
0.98847
0.986722
0.985319
0.984783
0.985254
0.985236
0.987725
0.986632
0.990596
0.988004
1.00757
1.00778
1.00808
1.00801
1.00818
1.00849
1.00872
1.00864
1.0085
1.00869
1.00892
1.00864
1.00845
1.00864
1.00862
1.00837
1.00848
1.00769
1.00734
1.00727
1.00635
1.00529
1.00421
1.00266
1.00047
0.998245
0.995908
0.993765
0.991278
0.989259
0.98748
0.985713
0.984307
0.983818
0.984586
0.984336
0.987347
0.98659
0.990751
0.988877
1.00792
1.00805
1.00824
1.00821
1.00827
1.00841
1.00881
1.00882
1.00853
1.00861
1.00886
1.00891
1.00876
1.0087
1.00867
1.00845
1.00861
1.00832
1.00759
1.00739
1.00661
1.00535
1.00389
1.00236
1.00044
0.998124
0.995499
0.992693
0.990644
0.988151
0.986361
0.984445
0.983213
0.982783
0.983922
0.983338
0.98688
0.986523
0.991007
0.991446
1.00807
1.00824
1.00832
1.00841
1.00836
1.00846
1.00894
1.00895
1.00871
1.00866
1.00887
1.00905
1.00894
1.00883
1.00871
1.00827
1.00842
1.00873
1.00788
1.0074
1.00616
1.00508
1.00391
1.00238
1.00022
0.997474
0.994861
0.992363
0.989465
0.987025
0.984999
0.983163
0.98185
0.981508
0.983132
0.982139
0.986217
0.986097
0.991226
0.994023
1.00839
1.00857
1.00873
1.009
1.00879
1.00886
1.00933
1.00937
1.00917
1.00915
1.00931
1.00966
1.00968
1.00946
1.00914
1.00851
1.00829
1.00855
1.00823
1.00772
1.00671
1.00549
1.004
1.00188
0.999842
0.997641
0.994589
0.991304
0.988777
0.985906
0.983868
0.98191
0.980579
0.980129
0.982251
0.980781
0.985666
0.985631
0.991561
0.996141
1.00851
1.00868
1.00901
1.00943
1.00939
1.0094
1.00977
1.01006
1.01013
1.0097
1.00971
1.01016
1.01027
1.00986
1.0096
1.00887
1.00845
1.00822
1.00803
1.00737
1.00624
1.00483
1.00324
1.00147
0.999314
0.996273
0.993502
0.990796
0.987524
0.984452
0.982108
0.980454
0.978932
0.978245
0.980972
0.979123
0.984903
0.984864
0.991506
0.997621
1.00899
1.00933
1.00973
1.01012
1.01012
1.00994
1.01001
1.01035
1.01046
1.01025
1.0105
1.01086
1.01115
1.01094
1.01083
1.01006
1.00951
1.00896
1.00825
1.00748
1.00651
1.00518
1.00348
1.00094
0.998554
0.996091
0.993188
0.989676
0.986363
0.983221
0.980929
0.979049
0.977216
0.97637
0.979822
0.977533
0.984015
0.983884
0.991061
0.999272
1.00941
1.00966
1.00978
1.01017
1.01038
1.01045
1.01047
1.01069
1.01068
1.01038
1.0104
1.01067
1.01098
1.01091
1.01075
1.01018
1.00967
1.00922
1.0083
1.00734
1.00613
1.00441
1.0024
1.00026
0.9978
0.994524
0.991412
0.988345
0.985014
0.981371
0.978588
0.976768
0.974791
0.973669
0.977797
0.975257
0.982052
0.982152
0.98916
0.99868
1.01033
1.01037
1.01042
1.01075
1.01089
1.01105
1.01121
1.01165
1.0116
1.01106
1.01089
1.01115
1.01165
1.01176
1.01168
1.01096
1.01052
1.00984
1.00891
1.00782
1.00634
1.00457
1.00267
1.00001
0.997111
0.993984
0.990906
0.987366
0.983494
0.97996
0.977151
0.975066
0.972901
0.971706
0.976329
0.973567
0.980497
0.98132
0.987506
0.997761
1.01047
1.01052
1.01063
1.01091
1.01105
1.01139
1.0118
1.0124
1.01212
1.01165
1.01139
1.01105
1.0111
1.01121
1.01152
1.01074
1.01021
1.00954
1.00855
1.0074
1.00578
1.00378
1.00159
0.998958
0.995826
0.992317
0.988601
0.984916
0.981347
0.977571
0.97422
0.971958
0.96975
0.968309
0.973377
0.970772
0.97728
0.979279
0.984403
0.993796
1.01131
1.01151
1.01176
1.01203
1.01218
1.0123
1.01241
1.01298
1.0131
1.01271
1.01229
1.01221
1.01207
1.0118
1.01208
1.01186
1.01123
1.01047
1.00915
1.00765
1.00588
1.00363
1.00117
0.998194
0.994775
0.991199
0.987336
0.983518
0.979353
0.975327
0.972038
0.969802
0.967547
0.966149
0.971579
0.969282
0.9754
0.978418
0.98296
0.991564
1.01145
1.01193
1.01218
1.01232
1.01239
1.01251
1.01233
1.01266
1.01286
1.01295
1.01325
1.01325
1.01246
1.0116
1.01149
1.01128
1.01079
1.01018
1.00888
1.00735
1.00537
1.00286
1.00028
0.997175
0.993428
0.98946
0.98507
0.9806
0.976248
0.972236
0.968532
0.965986
0.963692
0.962172
0.967752
0.966005
0.970877
0.975331
0.979087
0.986584
1.01239
1.01298
1.0132
1.0136
1.01394
1.01423
1.01374
1.01363
1.0139
1.01402
1.01367
1.01351
1.01316
1.01253
1.01238
1.01203
1.01127
1.01031
1.00866
1.00696
1.00479
1.00201
0.999154
0.99541
0.991264
0.987007
0.982337
0.977708
0.973136
0.968662
0.965021
0.962384
0.960416
0.959189
0.964812
0.96443
0.968735
0.973847
0.978082
0.985119
1.01244
1.0131
1.01336
1.01367
1.01401
1.01442
1.01422
1.01415
1.0143
1.01447
1.01431
1.01437
1.01447
1.01401
1.01335
1.01249
1.01127
1.00992
1.00868
1.00682
1.0045
1.00173
0.998331
0.994377
0.99011
0.985406
0.980108
0.974933
0.969613
0.964994
0.960759
0.958048
0.95595
0.9544
0.959835
0.960198
0.963395
0.969566
0.973581
0.980214
1.01392
1.01464
1.015
1.0153
1.01562
1.0161
1.01625
1.01642
1.01623
1.01611
1.01561
1.01527
1.01451
1.01387
1.01314
1.01223
1.01097
1.00965
1.00785
1.00524
1.00249
0.999262
0.995667
0.991293
0.986497
0.98098
0.975406
0.969799
0.964579
0.959459
0.955458
0.952827
0.951288
0.950391
0.955172
0.957827
0.960921
0.967488
0.972942
0.97963
1.01443
1.01527
1.01575
1.01627
1.01631
1.01653
1.01669
1.01687
1.01672
1.01661
1.01627
1.01625
1.01558
1.01496
1.01439
1.01352
1.01223
1.01034
1.00836
1.00561
1.00294
0.999487
0.995231
0.990382
0.984896
0.979141
0.97274
0.96648
0.960192
0.954569
0.949973
0.946844
0.944979
0.943836
0.947754
0.951905
0.954218
0.961561
0.967443
0.974458
1.01644
1.01719
1.01748
1.01815
1.01809
1.01835
1.01825
1.01835
1.0182
1.01805
1.01733
1.01697
1.01644
1.01545
1.01435
1.01285
1.01084
1.00877
1.00668
1.00356
1.00006
0.995502
0.990668
0.98534
0.979693
0.97295
0.966216
0.959254
0.953014
0.947196
0.942767
0.940061
0.93898
0.938482
0.942142
0.948512
0.951696
0.958753
0.966404
0.974429
1.01699
1.01746
1.01763
1.01811
1.01799
1.01859
1.01884
1.01944
1.01923
1.01933
1.01856
1.01806
1.0174
1.01627
1.01522
1.01378
1.01192
1.00967
1.00723
1.00337
0.999508
0.994723
0.989617
0.983917
0.976755
0.969463
0.961178
0.953999
0.946006
0.939962
0.934521
0.93147
0.929892
0.929318
0.931861
0.940112
0.943115
0.950182
0.958764
0.967995
1.01966
1.01991
1.02004
1.02027
1.0201
1.02027
1.01997
1.0201
1.01973
1.01983
1.01932
1.01899
1.01782
1.01657
1.01485
1.01325
1.0107
1.00798
1.00444
1.00022
0.995949
0.99046
0.98424
0.976991
0.969322
0.960985
0.953249
0.943963
0.937122
0.929608
0.92526
0.922242
0.921653
0.922215
0.924504
0.935322
0.939914
0.947055
0.957216
0.968206
1.02051
1.021
1.02121
1.02139
1.02129
1.02143
1.0214
1.02181
1.02125
1.02106
1.02054
1.01993
1.01879
1.01719
1.01536
1.01323
1.01029
1.00695
1.00304
0.998609
0.993371
0.986898
0.979162
0.971923
0.96277
0.954215
0.943521
0.935083
0.925256
0.918694
0.91245
0.909311
0.908697
0.908826
0.910284
0.922754
0.927856
0.935321
0.946207
0.958748
1.0239
1.0244
1.02472
1.02498
1.02455
1.0244
1.02408
1.02426
1.02351
1.02351
1.02234
1.02159
1.01948
1.01797
1.0154
1.01284
1.00897
1.0051
1.00046
0.994631
0.988313
0.980317
0.972298
0.963034
0.953366
0.942214
0.932532
0.921763
0.913039
0.904625
0.899631
0.897325
0.897351
0.899176
0.901078
0.915902
0.923696
0.932043
0.944528
0.959581
1.02538
1.02588
1.02629
1.02637
1.02602
1.0255
1.02507
1.02463
1.02432
1.02388
1.02244
1.02103
1.01901
1.01692
1.01379
1.01084
1.0066
1.00209
0.996261
0.989672
0.981577
0.97294
0.962685
0.952665
0.939934
0.928234
0.916069
0.904668
0.893412
0.885553
0.879337
0.876224
0.877182
0.878889
0.880458
0.896504
0.905581
0.915513
0.929264
0.945567
1.03013
1.03069
1.03063
1.03102
1.03051
1.03058
1.02983
1.0297
1.0284
1.02734
1.02543
1.02349
1.02049
1.01744
1.01336
1.00924
1.00351
0.997817
0.990486
0.98166
0.972914
0.961792
0.950684
0.936747
0.924281
0.909971
0.898107
0.884242
0.874591
0.865606
0.860633
0.859557
0.861542
0.866144
0.8688
0.887375
0.900688
0.912306
0.928822
0.947767
1.03468
1.03432
1.03387
1.0335
1.03335
1.03301
1.03195
1.03051
1.02834
1.02636
1.02337
1.02079
1.01708
1.01358
1.00843
1.00364
0.996484
0.989398
0.979514
0.970695
0.958226
0.945507
0.930307
0.916023
0.899312
0.884235
0.868182
0.853348
0.841791
0.832223
0.826812
0.825682
0.829168
0.834589
0.837841
0.858172
0.873684
0.888107
0.906749
0.928463
1.03975
1.04
1.03939
1.03957
1.03874
1.0382
1.03667
1.03487
1.03237
1.02942
1.02575
1.02189
1.01738
1.01222
1.00581
0.998342
0.989601
0.979497
0.967837
0.954623
0.940234
0.923695
0.907241
0.888365
0.871274
0.852811
0.836591
0.82125
0.81102
0.8019
0.799002
0.801041
0.807882
0.818174
0.824123
0.847835
0.869407
0.887269
0.909559
0.933454
1.05161
1.05088
1.04944
1.04809
1.04526
1.04313
1.03946
1.03666
1.03205
1.02862
1.02304
1.01829
1.0107
1.00408
0.99404
0.984869
0.971709
0.959453
0.942836
0.927127
0.906719
0.887833
0.864743
0.84372
0.821233
0.799938
0.780407
0.764764
0.752018
0.742757
0.741345
0.745279
0.754145
0.768075
0.776725
0.804435
0.831197
0.853703
0.878868
0.906405
1.0575
1.05608
1.05398
1.05129
1.04777
1.04415
1.04003
1.03566
1.0308
1.02537
1.01921
1.01144
1.00283
0.992046
0.980438
0.965945
0.95045
0.931761
0.911929
0.888482
0.864489
0.839227
0.812843
0.788198
0.763394
0.741327
0.723103
0.708569
0.699022
0.695427
0.701
0.710423
0.727334
0.753747
0.767713
0.79738
0.83248
0.862289
0.893479
0.91975
1.09866
1.09189
1.08147
1.0762
1.06756
1.06387
1.05554
1.05107
1.04051
1.03318
1.01883
1.00759
0.989099
0.973833
0.951084
0.93077
0.902838
0.876549
0.843636
0.813354
0.778607
0.746011
0.712009
0.680572
0.65092
0.624897
0.606445
0.586182
0.582316
0.579898
0.592241
0.603734
0.627774
0.670255
0.695326
0.729807
0.776648
0.813737
0.870847
0.902619
1.08556
1.07894
1.08251
1.07877
1.07928
1.06993
1.06244
1.04616
1.03095
1.0086
0.986682
0.959088
0.931298
0.899081
0.865504
0.828845
0.789565
0.751466
0.7101
0.673521
0.632998
0.601081
0.565517
0.542121
0.516055
0.511552
0.499118
0.510691
0.52498
0.552933
0.587356
0.63125
0.670537
0.721414
0.776082
0.816186
0.861806
0.907123
0.94187
0.991148
1.3133
1.28608
1.24852
1.2105
1.16507
1.12246
1.07389
1.02899
0.979018
0.932708
0.88124
0.833054
0.779944
0.730216
0.676372
0.625719
0.572432
0.520756
0.470193
0.42075
0.378243
0.338058
0.314666
0.291505
0.305328
0.325198
0.330509
0.385847
0.440053
0.490181
0.572632
0.611821
0.711708
0.743187
0.838529
0.883509
0.966419
1.01379
1.08618
1.12975
0.999987
1
1
1
1
1
1
1.00001
1.00001
1.00001
1.00001
1.00001
1.00002
1.00002
1.00002
1.00002
1.00002
1.00002
1.00002
1.00002
1.00002
1.00002
1.00002
1.00002
1.00002
1.00002
1.00002
1.00002
1.00001
1.00001
1.00001
1.00001
1
1
0.999999
0.999997
0.999995
0.999994
0.999994
0.999979
0.999809
0.999878
0.999873
0.999861
0.999851
0.999843
0.999836
0.999829
0.999823
0.999817
0.999811
0.999806
0.999801
0.999796
0.999792
0.999787
0.999784
0.999781
0.999778
0.999776
0.999774
0.999773
0.999772
0.999771
0.999771
0.999771
0.999772
0.999773
0.999774
0.999776
0.999779
0.999781
0.999784
0.999788
0.999791
0.999795
0.9998
0.999804
0.99981
0.999753
0.999798
0.999882
0.999876
0.999865
0.999857
0.999851
0.999845
0.999839
0.999834
0.999829
0.999824
0.999819
0.999814
0.999809
0.999804
0.999799
0.999795
0.999791
0.999787
0.999783
0.99978
0.999776
0.999773
0.99977
0.999768
0.999766
0.999764
0.999763
0.999761
0.999761
0.99976
0.999759
0.999758
0.999758
0.999757
0.999758
0.99976
0.999764
0.999773
0.999686
1.00014
1.00023
1.00023
1.00022
1.00022
1.00022
1.00022
1.00021
1.00021
1.00021
1.00021
1.00021
1.00021
1.00021
1.0002
1.0002
1.0002
1.00019
1.00019
1.00019
1.00018
1.00018
1.00017
1.00016
1.00016
1.00015
1.00014
1.00014
1.00013
1.00012
1.00012
1.00011
1.00011
1.0001
1.0001
1.0001
1.0001
1.0001
1.00011
1
1.00042
1.00058
1.00057
1.00056
1.00056
1.00055
1.00055
1.00055
1.00054
1.00054
1.00054
1.00053
1.00053
1.00052
1.00052
1.00051
1.0005
1.00049
1.00048
1.00047
1.00046
1.00045
1.00044
1.00043
1.00042
1.00041
1.00039
1.00038
1.00037
1.00036
1.00035
1.00033
1.00032
1.00032
1.00031
1.0003
1.0003
1.0003
1.00031
1.00015
1.0001
1.00027
1.00026
1.00025
1.00025
1.00024
1.00024
1.00023
1.00023
1.00022
1.00022
1.00021
1.0002
1.0002
1.00019
1.00018
1.00017
1.00016
1.00015
1.00014
1.00013
1.00011
1.0001
1.00009
1.00008
1.00006
1.00005
1.00004
1.00003
1.00002
1.00001
0.999995
0.999986
0.999978
0.999972
0.999968
0.999967
0.999971
0.999977
0.999797
0.999631
0.999853
0.999845
0.999833
0.999824
0.999815
0.999806
0.999797
0.999787
0.999776
0.999764
0.999752
0.999738
0.999723
0.999708
0.999691
0.999677
0.999655
0.99963
0.99961
0.999588
0.999565
0.999542
0.999518
0.999494
0.99947
0.999446
0.999422
0.999399
0.999378
0.999358
0.999339
0.999321
0.999307
0.999295
0.999287
0.999282
0.999284
0.999288
0.999059
0.99983
1.00006
1.00005
1.00004
1.00003
1.00002
1.00001
1
0.999993
0.999981
0.99997
0.999955
0.99994
0.999923
0.999906
0.999887
0.999872
0.999849
0.99982
0.999798
0.999773
0.999748
0.999722
0.999696
0.999669
0.999642
0.999616
0.99959
0.999565
0.999542
0.99952
0.9995
0.999481
0.999465
0.999452
0.999443
0.999438
0.999439
0.999442
0.999203
1.00045
1.0007
1.0007
1.00068
1.00067
1.00066
1.00065
1.00064
1.00062
1.00061
1.00059
1.00057
1.00054
1.00052
1.00049
1.00046
1.00043
1.00041
1.00037
1.00033
1.00029
1.00025
1.00021
1.00017
1.00013
1.00009
1.00004
1
0.999964
0.999926
0.99989
0.999857
0.999827
0.9998
0.999776
0.999758
0.999744
0.999737
0.999734
0.999468
1.00042
1.00069
1.00068
1.00067
1.00066
1.00064
1.00063
1.00062
1.0006
1.00058
1.00056
1.00054
1.00051
1.00049
1.00045
1.00042
1.00038
1.00036
1.00032
1.00028
1.00024
1.00019
1.00015
1.0001
1.00005
1.00001
0.999962
0.999916
0.99987
0.999828
0.999787
0.99975
0.999715
0.999685
0.999657
0.999636
0.999621
0.999611
0.999606
0.999335
1.00032
1.0006
1.00059
1.00058
1.00056
1.00055
1.00053
1.00051
1.00049
1.00046
1.00043
1.0004
1.00036
1.00033
1.00028
1.00024
1.00018
1.00015
1.0001
1.00004
0.999983
0.999924
0.999862
0.9998
0.999737
0.999674
0.999611
0.99955
0.999491
0.999433
0.999379
0.99933
0.999284
0.999244
0.999208
0.999179
0.999156
0.999141
0.999131
0.998847
1.00039
1.00066
1.00066
1.00064
1.00063
1.00061
1.00059
1.00057
1.00055
1.00052
1.00049
1.00045
1.00042
1.00037
1.00033
1.00027
1.00022
1.00018
1.00012
1.00006
0.999994
0.999928
0.999859
0.999789
0.999717
0.999646
0.999574
0.999503
0.999435
0.999369
0.999305
0.999244
0.999188
0.999138
0.999094
0.999057
0.999028
0.999007
0.998993
0.998704
1.00063
1.00091
1.0009
1.00089
1.00088
1.00086
1.00084
1.00081
1.00078
1.00075
1.00071
1.00067
1.00063
1.00058
1.00052
1.00046
1.0004
1.00035
1.00028
1.0002
1.00012
1.00004
0.999963
0.999879
0.999794
0.999709
0.999624
0.999542
0.99946
0.999381
0.999306
0.999237
0.999174
0.999118
0.999069
0.999028
0.998996
0.998972
0.998957
0.998667
1.00077
1.00105
1.00104
1.00103
1.00101
1.00099
1.00097
1.00094
1.00091
1.00087
1.00083
1.00078
1.00073
1.00067
1.00061
1.00054
1.00046
1.0004
1.00032
1.00024
1.00015
1.00006
0.999971
0.999875
0.999779
0.999684
0.999588
0.999495
0.999406
0.999318
0.999236
0.999158
0.999088
0.999025
0.99897
0.998924
0.998887
0.99886
0.998842
0.998545
1.00083
1.00111
1.0011
1.00109
1.00107
1.00105
1.00102
1.00099
1.00095
1.00091
1.00087
1.00081
1.00076
1.00069
1.00063
1.00055
1.00047
1.00039
1.00031
1.00021
1.00012
1.00002
0.999916
0.99981
0.999701
0.999592
0.999482
0.999373
0.999267
0.999164
0.999067
0.998974
0.998891
0.998815
0.998749
0.998693
0.998647
0.998615
0.998591
0.998294
1.00095
1.00123
1.00122
1.00121
1.00119
1.00116
1.00114
1.0011
1.00106
1.00102
1.00097
1.00091
1.00085
1.00078
1.0007
1.00062
1.00053
1.00044
1.00035
1.00024
1.00013
1.00002
0.999906
0.999786
0.999663
0.99954
0.999417
0.999296
0.999177
0.999063
0.998955
0.998854
0.998759
0.998676
0.998601
0.998538
0.998485
0.998444
0.998417
0.998126
1.00109
1.00137
1.00136
1.00135
1.00133
1.0013
1.00127
1.00123
1.00119
1.00114
1.00109
1.00103
1.00096
1.00088
1.0008
1.00071
1.00061
1.00051
1.0004
1.00029
1.00016
1.00004
0.999911
0.999778
0.999643
0.999506
0.99937
0.999236
0.999104
0.998976
0.998856
0.998743
0.998638
0.998544
0.998459
0.998389
0.998331
0.998282
0.998256
0.997961
1.00122
1.0015
1.00149
1.00148
1.00146
1.00143
1.0014
1.00136
1.00131
1.00126
1.0012
1.00113
1.00106
1.00098
1.00089
1.00079
1.00068
1.00057
1.00045
1.00032
1.00019
1.00005
0.999911
0.999764
0.999613
0.999462
0.999309
0.999159
0.999013
0.998871
0.998735
0.998608
0.998492
0.998383
0.998292
0.998212
0.998148
0.998099
0.99807
0.997761
1.00136
1.00164
1.00162
1.00161
1.00159
1.00156
1.00152
1.00148
1.00143
1.00138
1.00132
1.00124
1.00116
1.00108
1.00098
1.00087
1.00076
1.00064
1.0005
1.00037
1.00022
1.00007
0.99991
0.999747
0.999581
0.999413
0.999245
0.999077
0.998915
0.998757
0.998606
0.998465
0.998333
0.998215
0.998113
0.998023
0.997951
0.9979
0.997862
0.997543
1.00149
1.00177
1.00176
1.00174
1.00172
1.00169
1.00166
1.00161
1.00156
1.0015
1.00144
1.00136
1.00128
1.00118
1.00108
1.00096
1.00084
1.00071
1.00056
1.00041
1.00025
1.00008
0.999914
0.999734
0.999551
0.999366
0.99918
0.998996
0.998816
0.998641
0.998475
0.998317
0.998173
0.998042
0.997925
0.997825
0.997743
0.997685
0.99764
0.997325
1.00164
1.00191
1.0019
1.00189
1.00186
1.00183
1.00179
1.00175
1.0017
1.00163
1.00156
1.00148
1.00139
1.00129
1.00118
1.00106
1.00093
1.00078
1.00063
1.00046
1.00029
1.00011
0.999921
0.999725
0.999524
0.99932
0.999116
0.998913
0.998714
0.998521
0.998337
0.998164
0.998004
0.997857
0.997727
0.997618
0.997527
0.997457
0.99741
0.997111
1.00178
1.00206
1.00205
1.00203
1.002
1.00197
1.00194
1.00189
1.00184
1.00177
1.0017
1.00161
1.00152
1.00141
1.00129
1.00116
1.00102
1.00087
1.0007
1.00052
1.00034
1.00014
0.999932
0.999717
0.999497
0.999274
0.99905
0.998828
0.998609
0.998396
0.998193
0.998002
0.997824
0.997662
0.997519
0.997397
0.997297
0.997218
0.997167
0.996879
1.00193
1.00221
1.00219
1.00218
1.00215
1.00212
1.00208
1.00204
1.00198
1.00191
1.00184
1.00175
1.00165
1.00154
1.00141
1.00127
1.00112
1.00096
1.00079
1.0006
1.00039
1.00018
0.999947
0.999714
0.999474
0.99923
0.998984
0.998739
0.998499
0.998266
0.998042
0.997831
0.997635
0.997456
0.9973
0.997164
0.997053
0.996966
0.996908
0.996616
1.00208
1.00236
1.00235
1.00233
1.00231
1.00228
1.00224
1.00219
1.00213
1.00206
1.00198
1.00189
1.00179
1.00167
1.00154
1.00139
1.00123
1.00106
1.00087
1.00067
1.00045
1.00022
0.999968
0.999714
0.999452
0.999186
0.998916
0.998649
0.998385
0.998129
0.997883
0.997651
0.997435
0.997239
0.997065
0.996915
0.996793
0.996697
0.996634
0.996335
1.00223
1.00251
1.0025
1.00248
1.00246
1.00243
1.00239
1.00235
1.00229
1.00222
1.00214
1.00204
1.00193
1.00181
1.00167
1.00152
1.00136
1.00117
1.00097
1.00075
1.00051
1.00026
0.999994
0.999719
0.999434
0.999142
0.998849
0.998556
0.998268
0.997985
0.997716
0.997461
0.997224
0.997008
0.996815
0.99665
0.996515
0.99641
0.99634
0.996037
1.00239
1.00267
1.00266
1.00265
1.00262
1.0026
1.00256
1.00251
1.00245
1.00238
1.0023
1.0022
1.00209
1.00196
1.00182
1.00167
1.00149
1.00129
1.00107
1.00084
1.00059
1.00031
1.00003
0.999728
0.999419
0.999102
0.998782
0.998461
0.998144
0.997836
0.997541
0.997259
0.996999
0.996761
0.99655
0.996368
0.996219
0.996104
0.996027
0.995707
1.00255
1.00283
1.00282
1.00281
1.00279
1.00276
1.00273
1.00268
1.00262
1.00255
1.00247
1.00237
1.00226
1.00212
1.00197
1.00182
1.00163
1.00142
1.00119
1.00094
1.00067
1.00038
1.00007
0.999746
0.999409
0.999062
0.998712
0.998362
0.998015
0.997679
0.997353
0.997049
0.996763
0.996501
0.996267
0.996066
0.9959
0.995776
0.995688
0.995374
1.00271
1.00299
1.00299
1.00298
1.00297
1.00294
1.00291
1.00286
1.0028
1.00273
1.00265
1.00254
1.00243
1.00229
1.00215
1.00198
1.00178
1.00156
1.00132
1.00105
1.00076
1.00045
1.00012
0.99977
0.999406
0.99903
0.998648
0.998266
0.997883
0.997514
0.997158
0.996818
0.996505
0.99622
0.995965
0.995743
0.995561
0.995416
0.995326
0.994981
1.00288
1.00317
1.00315
1.00314
1.00313
1.00311
1.00309
1.00305
1.00299
1.00292
1.00284
1.00274
1.00262
1.00248
1.00233
1.00215
1.00195
1.00172
1.00147
1.00119
1.00088
1.00054
1.00018
0.999803
0.999403
0.998991
0.998573
0.998154
0.997743
0.997337
0.996947
0.996588
0.996243
0.995925
0.995641
0.995396
0.995188
0.995039
0.994915
0.994613
1.00304
1.00332
1.00334
1.00334
1.00332
1.00331
1.00328
1.00324
1.00319
1.00312
1.00303
1.00293
1.00281
1.00268
1.00252
1.00234
1.00213
1.00189
1.00162
1.00132
1.001
1.00064
1.00025
0.999851
0.999423
0.998977
0.998523
0.998064
0.997603
0.99716
0.996735
0.996315
0.995941
0.995607
0.995298
0.995028
0.99481
0.99461
0.994517
0.994131
1.0032
1.00348
1.00348
1.00349
1.00349
1.00349
1.00347
1.00344
1.0034
1.00333
1.00325
1.00315
1.00303
1.0029
1.00273
1.00254
1.00233
1.00209
1.00182
1.00151
1.00116
1.00077
1.00036
0.9999
0.999422
0.998931
0.99843
0.997927
0.997439
0.996954
0.996488
0.996079
0.99566
0.995269
0.994927
0.994626
0.994356
0.994203
0.993999
0.993724
1.00337
1.00368
1.00369
1.00371
1.00371
1.0037
1.00369
1.00366
1.00361
1.00354
1.00346
1.00336
1.00324
1.0031
1.00294
1.00277
1.00255
1.0023
1.00201
1.00168
1.00131
1.00091
1.00046
0.999989
0.999483
0.998955
0.998415
0.997864
0.997302
0.996765
0.996255
0.995729
0.995294
0.994905
0.994542
0.994217
0.993956
0.993661
0.993585
0.993136
1.00354
1.00379
1.00383
1.00386
1.00388
1.00389
1.00389
1.00387
1.00384
1.00379
1.00371
1.0036
1.00349
1.00336
1.00319
1.00299
1.00278
1.00254
1.00225
1.00191
1.00153
1.00108
1.00059
1.00005
0.999477
0.998889
0.998286
0.997673
0.997099
0.99652
0.995971
0.995508
0.994997
0.994513
0.994111
0.99374
0.993377
0.993246
0.99291
0.99261
1.00366
1.00401
1.00404
1.00409
1.00411
1.00414
1.00413
1.00412
1.00408
1.00402
1.00393
1.00384
1.00372
1.00357
1.00342
1.00325
1.00305
1.0028
1.0025
1.00217
1.00176
1.0013
1.00076
1.0002
0.999604
0.998961
0.998319
0.997665
0.996967
0.996312
0.995697
0.995058
0.994564
0.994113
0.993665
0.9933
0.992997
0.992555
0.992473
0.991946
1.00384
1.00415
1.00418
1.00423
1.0043
1.00433
1.00435
1.00436
1.00434
1.0043
1.00422
1.00412
1.00401
1.00388
1.0037
1.00352
1.00332
1.00308
1.0028
1.00241
1.00196
1.00146
1.00091
1.00028
0.999606
0.998911
0.99817
0.997433
0.996725
0.996049
0.995391
0.994811
0.994198
0.993657
0.993194
0.992757
0.992298
0.992086
0.991661
0.991339
1.00393
1.00429
1.00437
1.00449
1.00453
1.00458
1.00461
1.00462
1.0046
1.00456
1.00448
1.00438
1.00424
1.00409
1.00396
1.00382
1.00364
1.00343
1.00317
1.00282
1.00239
1.00185
1.00121
1.00052
0.999791
0.998996
0.998205
0.997416
0.996591
0.9958
0.995023
0.994339
0.993762
0.993191
0.992647
0.992228
0.991896
0.991328
0.991207
0.990399
1.00404
1.00454
1.00459
1.00469
1.00479
1.00484
1.00489
1.00493
1.00494
1.00488
1.0048
1.00473
1.00465
1.00449
1.00428
1.00414
1.00398
1.00379
1.0035
1.00311
1.00261
1.00202
1.0014
1.0007
0.999918
0.999088
0.998175
0.997269
0.996389
0.99554
0.994748
0.993938
0.99327
0.992726
0.992156
0.991641
0.991141
0.990643
0.990259
0.989743
1.00402
1.00458
1.00468
1.00486
1.00497
1.00505
1.00512
1.00518
1.00522
1.00522
1.00513
1.00505
1.00493
1.0048
1.00464
1.00454
1.00442
1.00429
1.00407
1.0037
1.00319
1.00257
1.00184
1.00103
1.00015
0.999182
0.998192
0.997213
0.996232
0.995252
0.994291
0.993475
0.992772
0.992122
0.991552
0.990988
0.99072
0.989949
0.989736
0.98847
1.00407
1.0049
1.0051
1.00532
1.00538
1.00544
1.00548
1.0056
1.00572
1.00571
1.00557
1.00551
1.0055
1.00545
1.00522
1.00515
1.00501
1.00485
1.00461
1.00421
1.00367
1.00302
1.0023
1.00153
1.00066
0.999616
0.998487
0.997363
0.99627
0.995204
0.99414
0.993102
0.992296
0.991605
0.990869
0.990324
0.989858
0.98918
0.98904
0.987837
1.00242
1.00435
1.00498
1.00537
1.0056
1.00571
1.00577
1.00586
1.00595
1.00599
1.00599
1.00602
1.00606
1.00591
1.00585
1.0059
1.00582
1.00573
1.00544
1.00495
1.00442
1.00377
1.00303
1.00215
1.00118
0.999988
0.998767
0.997511
0.996275
0.994998
0.99383
0.992736
0.991682
0.990858
0.990158
0.989466
0.989392
0.987988
0.988741
0.985328
1.01165
1.00089
1.00459
1.0035
1.00478
1.00475
1.00521
1.00543
1.0057
1.00603
1.00645
1.00673
1.00686
1.00695
1.00693
1.00689
1.00672
1.00648
1.00639
1.00636
1.00606
1.00573
1.00545
1.00464
1.00342
1.00216
1.00055
0.998811
0.996912
0.994625
0.992015
0.990545
0.985156
0.98797
0.979017
0.986362
0.978237
0.993108
0.982669
0.984649
1.01028
1.00136
1.00515
1.00339
1.00503
1.00462
1.00519
1.00542
1.00586
1.00615
1.00644
1.00665
1.00664
1.00648
1.0064
1.00639
1.00632
1.0063
1.00626
1.00601
1.00567
1.0054
1.00498
1.00416
1.00294
1.00163
1.00027
0.998807
0.997144
0.995136
0.992255
0.991752
0.985682
0.989284
0.979383
0.989048
0.977236
0.995771
0.983447
0.991663
1.00697
1.00255
1.00562
1.00359
1.00516
1.00447
1.00537
1.00555
1.00602
1.00612
1.0063
1.00632
1.00625
1.00616
1.00608
1.00605
1.00615
1.00605
1.00588
1.00561
1.00533
1.00486
1.00413
1.00346
1.00253
1.00124
1.00007
0.998692
0.997045
0.995408
0.992487
0.992499
0.986708
0.990156
0.980203
0.990238
0.977454
0.995411
0.983754
0.993741
1.00139
1.00334
1.00584
1.00401
1.00541
1.00464
1.00573
1.00562
1.00604
1.00603
1.00599
1.00602
1.00597
1.00592
1.0059
1.00585
1.00587
1.00567
1.00542
1.00513
1.00478
1.00424
1.00352
1.00291
1.00211
1.00103
0.999792
0.998299
0.996641
0.995389
0.992683
0.992827
0.987989
0.990741
0.981866
0.990206
0.977622
0.993024
0.982823
0.995039
0.997427
1.00338
1.00613
1.00477
1.00606
1.00531
1.00583
1.00558
1.00601
1.0059
1.00587
1.00595
1.00592
1.00586
1.00584
1.00573
1.00567
1.00546
1.00516
1.0048
1.00438
1.00392
1.00326
1.00261
1.00175
1.0006
0.999313
0.997963
0.996478
0.995519
0.99309
0.993116
0.98911
0.991198
0.984324
0.990527
0.978714
0.990971
0.981209
0.997693
0.99596
1.00383
1.00669
1.00536
1.00621
1.00532
1.00567
1.00543
1.00596
1.00583
1.00576
1.00585
1.00586
1.00576
1.0057
1.00552
1.00543
1.0052
1.00485
1.00449
1.00411
1.00361
1.00294
1.00235
1.00147
1.00025
0.99912
0.998123
0.99677
0.995901
0.993786
0.993661
0.990274
0.991601
0.986717
0.9915
0.982959
0.991734
0.983295
0.992382
0.995353
1.00535
1.00699
1.0051
1.00561
1.0046
1.00514
1.00507
1.00582
1.00565
1.00546
1.00552
1.00558
1.0055
1.00536
1.00507
1.00496
1.00473
1.00434
1.00412
1.00377
1.00323
1.0026
1.00216
1.00138
1.00025
0.999277
0.998477
0.997159
0.996324
0.994563
0.994335
0.991532
0.991966
0.988913
0.992279
0.988254
0.994211
0.993929
0.971923
0.994579
1.00704
1.00685
1.00485
1.00487
1.00423
1.00458
1.00474
1.00554
1.00532
1.00507
1.00514
1.0052
1.00511
1.00493
1.0047
1.00465
1.00444
1.00404
1.00395
1.00358
1.003
1.00237
1.00194
1.00123
1.00018
0.999248
0.998504
0.997282
0.996556
0.995121
0.994719
0.992723
0.99219
0.991049
0.992389
0.993848
0.994989
1.0177
0.948816
0.993616
1.00843
1.00631
1.00485
1.00458
1.00426
1.00446
1.00472
1.00543
1.00522
1.00499
1.00504
1.00506
1.00496
1.00477
1.00459
1.00459
1.00437
1.00396
1.00389
1.00344
1.00277
1.00207
1.0016
1.00087
0.999867
0.99896
0.998277
0.997205
0.996572
0.995448
0.994865
0.993835
0.992318
0.993277
0.992034
0.999713
0.993524
1.03222
0.9285
0.993628
1.00914
1.00551
1.00495
1.00441
1.00428
1.00437
1.00468
1.00528
1.00512
1.00491
1.00494
1.00496
1.00486
1.00467
1.00451
1.00452
1.00426
1.00372
1.00362
1.00314
1.00243
1.00173
1.00123
1.00051
0.999593
0.99875
0.99812
0.997164
0.996553
0.995736
0.994984
0.994823
0.992448
0.995375
0.99127
1.00349
0.988578
1.03453
0.923622
0.995148
1.00913
1.00499
1.00507
1.0041
1.00425
1.0042
1.00457
1.00495
1.00483
1.00469
1.00471
1.00469
1.00457
1.00438
1.0042
1.00422
1.00393
1.00333
1.00323
1.0028
1.00212
1.00147
1.00096
1.0003
0.999493
0.998713
0.998094
0.997226
0.996602
0.996046
0.995082
0.99557
0.992568
0.996825
0.990484
1.00439
0.983929
1.03164
0.934609
0.996968
1.00838
1.00432
1.00502
1.00386
1.00421
1.00402
1.00446
1.00458
1.00453
1.00442
1.00442
1.00436
1.00423
1.00406
1.00388
1.00388
1.00363
1.00304
1.00294
1.00253
1.00192
1.00129
1.00079
1.00017
0.999449
0.998716
0.998097
0.997319
0.996674
0.996318
0.995125
0.996072
0.992634
0.997558
0.98976
1.00411
0.981124
1.02264
0.948868
0.998626
1.00712
1.00375
1.00495
1.00375
1.00424
1.00394
1.00435
1.00437
1.00437
1.00427
1.00424
1.00416
1.00404
1.00388
1.00372
1.00367
1.00343
1.00286
1.00273
1.00231
1.00175
1.00116
1.00065
1.00005
0.999384
0.998699
0.998092
0.997396
0.996727
0.996521
0.995142
0.996408
0.992671
0.997878
0.989161
1.00309
0.98074
1.01444
0.961346
1.00001
1.00613
1.00345
1.00485
1.00368
1.00425
1.00389
1.00425
1.00421
1.00423
1.00415
1.0041
1.00401
1.00388
1.00373
1.00356
1.00347
1.00322
1.00271
1.0025
1.0021
1.00157
1.00103
1.00052
0.999945
0.999321
0.998681
0.998095
0.997467
0.996775
0.996681
0.995174
0.99663
0.99275
0.997957
0.989053
1.00186
0.981909
1.0084
0.970617
1.00107
1.00533
1.0033
1.00466
1.0036
1.00418
1.0038
1.00412
1.00403
1.00406
1.00398
1.00392
1.00383
1.0037
1.00355
1.00337
1.00324
1.00299
1.00254
1.00229
1.0019
1.00141
1.0009
1.00041
0.999861
0.999279
0.998676
0.998111
0.997541
0.996833
0.996808
0.995244
0.996764
0.992905
0.997869
0.989372
1.00068
0.983544
1.00361
0.977285
1.00177
1.00473
1.00322
1.00445
1.00352
1.00408
1.00371
1.00398
1.00387
1.0039
1.00382
1.00375
1.00365
1.00352
1.00337
1.00318
1.00303
1.00279
1.00238
1.00212
1.00172
1.00128
1.00079
1.00031
0.999794
0.999246
0.99868
0.998133
0.997608
0.996902
0.996905
0.995347
0.996832
0.993121
0.997688
0.989892
0.999568
0.985288
1.00032
0.982004
1.00223
1.00431
1.00319
1.00424
1.00346
1.00397
1.00363
1.00386
1.00374
1.00376
1.00367
1.0036
1.00349
1.00337
1.00321
1.00303
1.00284
1.00261
1.00224
1.00196
1.00158
1.00116
1.0007
1.00023
0.999737
0.999217
0.99868
0.998159
0.997659
0.996976
0.996982
0.99547
0.996858
0.993382
0.997468
0.990505
0.998627
0.986944
0.998174
0.985338
1.00251
1.00401
1.00317
1.00405
1.00341
1.00385
1.00355
1.00373
1.00363
1.00362
1.00355
1.00346
1.00336
1.00322
1.00307
1.00287
1.00269
1.00244
1.00211
1.00181
1.00145
1.00104
1.00061
1.00016
0.999685
0.999192
0.99868
0.998183
0.997708
0.99705
0.997043
0.995611
0.996858
0.993678
0.997242
0.991157
0.997864
0.988418
0.996799
0.987735
1.00267
1.00379
1.00316
1.00388
1.00335
1.00373
1.00347
1.00361
1.00351
1.00349
1.00342
1.00332
1.00322
1.00308
1.00293
1.00273
1.00253
1.00229
1.00198
1.00168
1.00133
1.00094
1.00053
1.00009
0.999638
0.999167
0.998683
0.998203
0.99775
0.997126
0.997085
0.995767
0.996838
0.993994
0.997024
0.991809
0.997259
0.989697
0.995955
0.989455
1.00277
1.00363
1.00315
1.00373
1.0033
1.00362
1.00339
1.0035
1.0034
1.00337
1.00329
1.0032
1.00308
1.00295
1.00279
1.0026
1.00239
1.00216
1.00186
1.00156
1.00122
1.00085
1.00045
1.00003
0.999598
0.999146
0.998687
0.998227
0.997787
0.99721
0.997118
0.995936
0.996812
0.994319
0.996837
0.992429
0.996801
0.99079
0.995474
0.990755
1.00282
1.00349
1.00314
1.00358
1.00325
1.0035
1.00331
1.00339
1.0033
1.00326
1.00317
1.00308
1.00296
1.00283
1.00266
1.00247
1.00226
1.00202
1.00174
1.00145
1.00112
1.00076
1.00038
0.999977
0.999559
0.99913
0.998687
0.998251
0.997819
0.997292
0.997146
0.996103
0.996789
0.994634
0.996687
0.992999
0.996471
0.991705
0.995223
0.991729
1.00283
1.00339
1.00312
1.00346
1.0032
1.00339
1.00324
1.00328
1.00321
1.00315
1.00307
1.00297
1.00285
1.0027
1.00254
1.00235
1.00214
1.0019
1.00163
1.00135
1.00103
1.00068
1.00032
0.999928
0.999525
0.999115
0.998694
0.99827
0.997857
0.997367
0.997181
0.996266
0.996776
0.994938
0.996572
0.993522
0.996244
0.992481
0.995115
0.992489
1.00282
1.0033
1.0031
1.00335
1.00315
1.00329
1.00317
1.00318
1.00311
1.00304
1.00296
1.00285
1.00274
1.00259
1.00243
1.00224
1.00203
1.00179
1.00153
1.00124
1.00094
1.00061
1.00025
0.99988
0.999496
0.999098
0.9987
0.998288
0.997893
0.997438
0.997213
0.996422
0.996767
0.995227
0.996485
0.993998
0.996094
0.993148
0.995104
0.993121
1.0028
1.00322
1.00307
1.00326
1.00309
1.00319
1.00309
1.00309
1.00302
1.00295
1.00286
1.00276
1.00263
1.00249
1.00232
1.00214
1.00193
1.0017
1.00144
1.00116
1.00086
1.00054
1.0002
0.99984
0.999472
0.999091
0.998704
0.998316
0.997926
0.997513
0.997246
0.996577
0.996769
0.995501
0.996432
0.994427
0.996013
0.993712
0.995156
0.993617
1.00277
1.00314
1.00303
1.00316
1.00304
1.0031
1.00302
1.003
1.00293
1.00286
1.00276
1.00266
1.00253
1.00239
1.00222
1.00204
1.00183
1.0016
1.00135
1.00108
1.00078
1.00047
1.00015
0.999801
0.999443
0.999083
0.998705
0.998337
0.997958
0.997577
0.997282
0.996716
0.99678
0.995744
0.996406
0.994798
0.995978
0.994183
0.995247
0.994038
1.00275
1.00308
1.003
1.00308
1.00299
1.00302
1.00296
1.00292
1.00285
1.00278
1.00268
1.00257
1.00245
1.0023
1.00214
1.00195
1.00175
1.00152
1.00128
1.00101
1.00072
1.00042
1.0001
0.999773
0.999428
0.999077
0.998719
0.99836
0.998003
0.997633
0.997336
0.996844
0.996815
0.995967
0.996413
0.995133
0.995986
0.9946
0.995368
0.994416
1.00269
1.00302
1.00296
1.00301
1.00294
1.00294
1.00288
1.00283
1.00277
1.00268
1.0026
1.00248
1.00235
1.0022
1.00204
1.00185
1.00165
1.00143
1.00119
1.00093
1.00065
1.00036
1.00005
0.999732
0.999407
0.999061
0.998724
0.998373
0.998036
0.997681
0.997383
0.996952
0.996847
0.996163
0.996428
0.995425
0.996014
0.99496
0.995501
0.994701
1.00265
1.00296
1.00292
1.00294
1.00288
1.00288
1.00282
1.00277
1.0027
1.00262
1.00252
1.00241
1.00228
1.00214
1.00197
1.00179
1.00159
1.00138
1.00114
1.00088
1.00061
1.00032
1.00003
0.999718
0.999397
0.99907
0.998737
0.998407
0.998074
0.997745
0.997438
0.99707
0.9969
0.996355
0.996469
0.995693
0.996069
0.995267
0.995628
0.994946
1.00262
1.0029
1.00287
1.00288
1.00283
1.00281
1.00275
1.0027
1.00262
1.00254
1.00243
1.00232
1.00219
1.00205
1.00188
1.0017
1.0015
1.00129
1.00105
1.00081
1.00054
1.00027
0.999977
0.999682
0.999366
0.999057
0.998732
0.99842
0.998096
0.997787
0.997479
0.997151
0.996941
0.996503
0.99651
0.995909
0.996131
0.995519
0.995757
0.995203
1.0026
1.00285
1.00282
1.00281
1.00278
1.00275
1.0027
1.00264
1.00257
1.00248
1.00239
1.00227
1.00214
1.00199
1.00183
1.00165
1.00146
1.00125
1.00102
1.00077
1.00052
1.00025
0.999968
0.999674
0.999375
0.999068
0.998763
0.998452
0.998151
0.997841
0.997556
0.997245
0.997026
0.996652
0.99659
0.996113
0.996222
0.995747
0.995895
0.995449
1.00256
1.0028
1.00278
1.00276
1.00273
1.00269
1.00264
1.00257
1.0025
1.0024
1.0023
1.00218
1.00205
1.0019
1.00174
1.00156
1.00137
1.00116
1.00094
1.0007
1.00045
1.00019
0.999917
0.999628
0.999344
0.999045
0.998753
0.99845
0.998162
0.997863
0.99759
0.997298
0.997072
0.996754
0.996643
0.996271
0.996296
0.995938
0.996013
0.995635
1.00254
1.00275
1.00272
1.00272
1.00268
1.00264
1.00258
1.00253
1.00245
1.00236
1.00225
1.00214
1.00201
1.00187
1.0017
1.00153
1.00134
1.00113
1.00092
1.00068
1.00044
1.00018
0.999913
0.999641
0.999356
0.999076
0.998783
0.998503
0.998212
0.997938
0.997661
0.997399
0.997157
0.996891
0.996734
0.996444
0.996398
0.996125
0.996141
0.995813
1.00252
1.0027
1.00268
1.00267
1.00263
1.00259
1.00253
1.00247
1.00238
1.0023
1.00219
1.00207
1.00194
1.00179
1.00163
1.00146
1.00127
1.00106
1.00085
1.00062
1.00037
1.00012
0.999864
0.999597
0.999321
0.999047
0.998766
0.998491
0.998213
0.997948
0.997683
0.997432
0.997199
0.996959
0.996791
0.996551
0.996472
0.996261
0.996251
0.995945
1.0025
1.00266
1.00264
1.00262
1.00259
1.00254
1.00248
1.00241
1.00234
1.00224
1.00214
1.00202
1.00189
1.00174
1.00159
1.00141
1.00123
1.00103
1.00081
1.00059
1.00036
1.00011
0.999859
0.999597
0.999337
0.999064
0.998802
0.998527
0.998268
0.998002
0.997755
0.997507
0.997288
0.997059
0.996892
0.99668
0.996587
0.996416
0.996381
0.996071
1.00244
1.00262
1.00261
1.00259
1.00255
1.00251
1.00245
1.00238
1.0023
1.0022
1.0021
1.00197
1.00184
1.0017
1.00154
1.00137
1.00118
1.00098
1.00077
1.00055
1.00032
1.00008
0.999833
0.999579
0.99932
0.999059
0.998797
0.998535
0.998279
0.998026
0.997784
0.99755
0.997333
0.997123
0.996951
0.996767
0.996659
0.99652
0.996481
0.996192
1.00241
1.00259
1.00257
1.00254
1.0025
1.00245
1.00239
1.00232
1.00224
1.00215
1.00204
1.00192
1.00179
1.00164
1.00148
1.00131
1.00113
1.00093
1.00072
1.0005
1.00028
1.00004
0.999797
0.999552
0.999297
0.999048
0.99879
0.998541
0.998289
0.998051
0.997814
0.997595
0.997384
0.997191
0.997019
0.996861
0.996747
0.996637
0.996583
0.996285
1.00239
1.00257
1.00255
1.00252
1.00248
1.00243
1.00237
1.0023
1.00221
1.00212
1.00201
1.00189
1.00175
1.00161
1.00145
1.00128
1.0011
1.00091
1.0007
1.00049
1.00027
1.00004
0.999803
0.99956
0.999315
0.999067
0.998818
0.998572
0.998329
0.998094
0.997864
0.997647
0.997443
0.997254
0.997087
0.996936
0.99682
0.99672
0.996675
0.996394
1.00235
1.00254
1.00252
1.00248
1.00244
1.00238
1.00232
1.00225
1.00216
1.00207
1.00196
1.00184
1.00171
1.00156
1.00141
1.00124
1.00106
1.00087
1.00066
1.00045
1.00023
1
0.999769
0.999528
0.99929
0.999045
0.998805
0.998564
0.998331
0.998101
0.997885
0.997675
0.997483
0.997302
0.997146
0.997006
0.9969
0.996815
0.996773
0.996481
1.00232
1.00253
1.00251
1.00247
1.00243
1.00237
1.0023
1.00223
1.00214
1.00204
1.00194
1.00181
1.00168
1.00154
1.00138
1.00121
1.00103
1.00084
1.00065
1.00044
1.00022
0.999996
0.999766
0.999532
0.999295
0.999055
0.998819
0.998583
0.998354
0.998129
0.997915
0.99771
0.997521
0.997345
0.997192
0.997057
0.996952
0.996874
0.996826
0.996522
1.0023
1.00251
1.00248
1.00244
1.0024
1.00234
1.00227
1.00219
1.0021
1.00201
1.0019
1.00178
1.00165
1.0015
1.00135
1.00118
1.00101
1.00082
1.00063
1.00042
1.00021
0.999992
0.999767
0.999539
0.999308
0.999076
0.998846
0.998618
0.998396
0.99818
0.997973
0.997777
0.997595
0.997428
0.997281
0.997152
0.997048
0.996971
0.99693
0.996656
)
;

boundaryField
{
    FrontBack
    {
        type            empty;
    }
    Cylinder
    {
        type            calculated;
        value           uniform 0;
    }
    Bottom
    {
        type            calculated;
        value           uniform 0;
    }
    Top
    {
        type            calculated;
        value           uniform 0;
    }
    Inlet
    {
        type            calculated;
        value           uniform 1;
    }
    Outlet
    {
        type            calculated;
        value           nonuniform List<scalar> 
40
(
1.0023
1.00251
1.00248
1.00244
1.0024
1.00234
1.00227
1.00219
1.0021
1.00201
1.0019
1.00178
1.00165
1.0015
1.00135
1.00118
1.00101
1.00082
1.00063
1.00042
1.00021
0.999992
0.999767
0.999539
0.999308
0.999076
0.998846
0.998618
0.998396
0.99818
0.997973
0.997777
0.997595
0.997428
0.997281
0.997152
0.997048
0.996971
0.99693
0.996656
)
;
    }
}


// ************************************************************************* //
