/*--------------------------------*- C++ -*----------------------------------*\
  =========                 |
  \\      /  F ield         | OpenFOAM: The Open Source CFD Toolbox
   \\    /   O peration     | Website:  https://openfoam.org
    \\  /    A nd           | Version:  11
     \\/     M anipulation  |
\*---------------------------------------------------------------------------*/
FoamFile
{
    format      ascii;
    class       volScalarField;
    location    "4.5";
    object      Ccy;
}
// * * * * * * * * * * * * * * * * * * * * * * * * * * * * * * * * * * * * * //

dimensions      [0 1 0 0 0 0 0];

internalField   nonuniform List<scalar> 
9600
(
-7.47524
-7.47541
-7.47557
-7.47572
-7.47586
-7.476
-7.47613
-7.47625
-7.47636
-7.47646
-7.47656
-7.47664
-7.47672
-7.47679
-7.47684
-7.47689
-7.47693
-7.47696
-7.47698
-7.47699
-7.47699
-7.47698
-7.47696
-7.47693
-7.47689
-7.47684
-7.47679
-7.47672
-7.47664
-7.47656
-7.47646
-7.47636
-7.47625
-7.47613
-7.476
-7.47586
-7.47572
-7.47557
-7.47541
-7.47524
-7.42555
-7.42605
-7.42653
-7.42699
-7.42742
-7.42783
-7.42821
-7.42857
-7.42891
-7.42922
-7.4295
-7.42976
-7.42998
-7.43018
-7.43035
-7.4305
-7.43061
-7.4307
-7.43076
-7.43078
-7.43078
-7.43076
-7.4307
-7.43061
-7.4305
-7.43035
-7.43018
-7.42998
-7.42976
-7.4295
-7.42922
-7.42891
-7.42857
-7.42821
-7.42783
-7.42742
-7.42699
-7.42653
-7.42605
-7.42555
-7.37586
-7.3767
-7.3775
-7.37825
-7.37898
-7.37966
-7.3803
-7.3809
-7.38146
-7.38197
-7.38244
-7.38287
-7.38325
-7.38358
-7.38386
-7.3841
-7.38429
-7.38444
-7.38454
-7.38458
-7.38458
-7.38454
-7.38444
-7.38429
-7.3841
-7.38386
-7.38358
-7.38325
-7.38287
-7.38244
-7.38197
-7.38146
-7.3809
-7.3803
-7.37966
-7.37898
-7.37826
-7.37749
-7.3767
-7.37586
-7.32618
-7.32734
-7.32846
-7.32952
-7.33053
-7.33149
-7.33239
-7.33322
-7.334
-7.33472
-7.33538
-7.33598
-7.33651
-7.33698
-7.33737
-7.33771
-7.33798
-7.33818
-7.33832
-7.33838
-7.33838
-7.33832
-7.33818
-7.33798
-7.33771
-7.33737
-7.33698
-7.33651
-7.33598
-7.33538
-7.33472
-7.334
-7.33322
-7.33239
-7.33149
-7.33053
-7.32952
-7.32846
-7.32734
-7.32618
-7.27649
-7.27799
-7.27942
-7.28079
-7.28209
-7.28332
-7.28447
-7.28555
-7.28655
-7.28748
-7.28832
-7.28909
-7.28977
-7.29037
-7.29088
-7.29132
-7.29166
-7.29192
-7.2921
-7.29218
-7.29218
-7.2921
-7.29192
-7.29166
-7.29132
-7.29088
-7.29037
-7.28977
-7.28909
-7.28832
-7.28748
-7.28655
-7.28555
-7.28447
-7.28332
-7.28209
-7.28079
-7.27942
-7.27799
-7.27649
-7.2268
-7.22863
-7.23039
-7.23206
-7.23364
-7.23515
-7.23656
-7.23787
-7.2391
-7.24023
-7.24126
-7.2422
-7.24304
-7.24377
-7.2444
-7.24492
-7.24535
-7.24566
-7.24588
-7.24598
-7.24598
-7.24588
-7.24566
-7.24535
-7.24492
-7.2444
-7.24377
-7.24304
-7.2422
-7.24126
-7.24023
-7.2391
-7.23787
-7.23655
-7.23515
-7.23364
-7.23206
-7.23039
-7.22863
-7.2268
-7.17711
-7.17928
-7.18135
-7.18333
-7.1852
-7.18697
-7.18864
-7.1902
-7.19165
-7.19299
-7.19421
-7.19531
-7.1963
-7.19716
-7.19791
-7.19853
-7.19903
-7.19941
-7.19966
-7.19978
-7.19978
-7.19966
-7.19941
-7.19903
-7.19853
-7.19791
-7.19716
-7.1963
-7.19531
-7.19421
-7.19299
-7.19165
-7.1902
-7.18864
-7.18697
-7.1852
-7.18333
-7.18135
-7.17928
-7.17711
-7.12742
-7.12992
-7.13231
-7.13459
-7.13676
-7.1388
-7.14072
-7.14253
-7.1442
-7.14574
-7.14715
-7.14842
-7.14956
-7.15056
-7.15142
-7.15214
-7.15271
-7.15315
-7.15343
-7.15358
-7.15358
-7.15343
-7.15315
-7.15271
-7.15214
-7.15142
-7.15056
-7.14956
-7.14842
-7.14715
-7.14574
-7.1442
-7.14253
-7.14072
-7.1388
-7.13676
-7.13459
-7.13231
-7.12992
-7.12742
-7.07774
-7.08057
-7.08328
-7.08586
-7.08831
-7.09063
-7.09281
-7.09485
-7.09675
-7.09849
-7.10009
-7.10153
-7.10282
-7.10396
-7.10493
-7.10574
-7.1064
-7.10689
-7.10721
-7.10738
-7.10738
-7.10721
-7.10689
-7.1064
-7.10574
-7.10493
-7.10396
-7.10282
-7.10153
-7.10009
-7.09849
-7.09675
-7.09485
-7.09281
-7.09063
-7.08831
-7.08586
-7.08328
-7.08057
-7.07774
-7.02805
-7.03121
-7.03424
-7.03713
-7.03987
-7.04246
-7.0449
-7.04718
-7.0493
-7.05125
-7.05303
-7.05464
-7.05609
-7.05735
-7.05844
-7.05935
-7.06008
-7.06063
-7.06099
-7.06118
-7.06118
-7.06099
-7.06063
-7.06008
-7.05935
-7.05844
-7.05735
-7.05609
-7.05464
-7.05303
-7.05125
-7.0493
-7.04718
-7.0449
-7.04246
-7.03987
-7.03713
-7.03424
-7.03121
-7.02805
-6.97836
-6.98186
-6.98521
-6.9884
-6.99143
-6.99429
-6.99698
-6.9995
-7.00184
-7.004
-7.00597
-7.00775
-7.00935
-7.01075
-7.01195
-7.01296
-7.01376
-7.01437
-7.01478
-7.01498
-7.01498
-7.01478
-7.01437
-7.01376
-7.01296
-7.01195
-7.01075
-7.00935
-7.00775
-7.00597
-7.004
-7.00184
-6.9995
-6.99698
-6.99429
-6.99143
-6.9884
-6.98521
-6.98186
-6.97836
-6.92867
-6.9325
-6.93617
-6.93967
-6.94298
-6.94612
-6.94907
-6.95183
-6.95439
-6.95675
-6.95891
-6.96087
-6.96261
-6.96415
-6.96546
-6.96657
-6.96745
-6.96811
-6.96856
-6.96878
-6.96878
-6.96856
-6.96811
-6.96745
-6.96657
-6.96546
-6.96415
-6.96261
-6.96087
-6.95891
-6.95675
-6.95439
-6.95183
-6.94907
-6.94612
-6.94298
-6.93967
-6.93617
-6.9325
-6.92867
-6.87899
-6.88315
-6.88714
-6.89094
-6.89454
-6.89795
-6.90116
-6.90415
-6.90694
-6.90951
-6.91186
-6.91398
-6.91588
-6.91754
-6.91898
-6.92017
-6.92113
-6.92185
-6.92234
-6.92258
-6.92258
-6.92234
-6.92185
-6.92113
-6.92017
-6.91898
-6.91754
-6.91588
-6.91398
-6.91186
-6.90951
-6.90694
-6.90415
-6.90116
-6.89795
-6.89454
-6.89094
-6.88714
-6.88315
-6.87899
-6.8293
-6.8338
-6.8381
-6.8422
-6.8461
-6.84978
-6.85324
-6.85648
-6.85949
-6.86226
-6.8648
-6.8671
-6.86914
-6.87094
-6.87249
-6.87378
-6.87482
-6.8756
-6.87612
-6.87638
-6.87638
-6.87612
-6.8756
-6.87482
-6.87378
-6.87249
-6.87094
-6.86914
-6.8671
-6.8648
-6.86226
-6.85949
-6.85648
-6.85324
-6.84978
-6.8461
-6.8422
-6.8381
-6.8338
-6.8293
-6.77961
-6.78444
-6.78907
-6.79347
-6.79766
-6.80161
-6.80533
-6.80881
-6.81204
-6.81502
-6.81774
-6.82021
-6.82241
-6.82434
-6.826
-6.82739
-6.82851
-6.82934
-6.8299
-6.83018
-6.83018
-6.8299
-6.82934
-6.8285
-6.82739
-6.826
-6.82434
-6.82241
-6.82021
-6.81774
-6.81502
-6.81204
-6.80881
-6.80533
-6.80161
-6.79766
-6.79347
-6.78907
-6.78444
-6.77961
-6.72992
-6.73509
-6.74003
-6.74474
-6.74922
-6.75344
-6.75742
-6.76114
-6.76459
-6.76777
-6.77069
-6.77332
-6.77567
-6.77774
-6.77951
-6.781
-6.78219
-6.78309
-6.78368
-6.78398
-6.78398
-6.78368
-6.78309
-6.78219
-6.781
-6.77951
-6.77774
-6.77567
-6.77332
-6.77069
-6.76777
-6.76459
-6.76114
-6.75742
-6.75344
-6.74922
-6.74474
-6.74003
-6.73509
-6.72992
-6.68024
-6.68574
-6.691
-6.69601
-6.70077
-6.70527
-6.7095
-6.71346
-6.71714
-6.72053
-6.72363
-6.72644
-6.72894
-6.73114
-6.73303
-6.73461
-6.73587
-6.73683
-6.73746
-6.73778
-6.73778
-6.73746
-6.73683
-6.73587
-6.73461
-6.73303
-6.73114
-6.72894
-6.72644
-6.72363
-6.72053
-6.71714
-6.71346
-6.7095
-6.70527
-6.70077
-6.69601
-6.691
-6.68574
-6.68024
-6.63055
-6.63638
-6.64196
-6.64728
-6.65233
-6.6571
-6.66159
-6.66579
-6.66969
-6.67329
-6.67657
-6.67955
-6.6822
-6.68454
-6.68654
-6.68822
-6.68956
-6.69057
-6.69125
-6.69158
-6.69158
-6.69125
-6.69057
-6.68956
-6.68822
-6.68654
-6.68454
-6.6822
-6.67955
-6.67657
-6.67329
-6.66969
-6.66579
-6.66159
-6.6571
-6.65233
-6.64728
-6.64196
-6.63638
-6.63055
-6.58087
-6.58703
-6.59293
-6.59855
-6.60389
-6.60893
-6.61368
-6.61812
-6.62224
-6.62604
-6.62952
-6.63266
-6.63547
-6.63793
-6.64006
-6.64183
-6.64325
-6.64432
-6.64503
-6.64539
-6.64539
-6.64503
-6.64432
-6.64325
-6.64183
-6.64006
-6.63793
-6.63547
-6.63266
-6.62952
-6.62604
-6.62224
-6.61812
-6.61368
-6.60893
-6.60389
-6.59855
-6.59293
-6.58703
-6.58087
-6.53118
-6.53768
-6.54389
-6.54982
-6.55545
-6.56076
-6.56577
-6.57045
-6.57479
-6.5788
-6.58246
-6.58578
-6.58874
-6.59134
-6.59357
-6.59544
-6.59693
-6.59806
-6.59881
-6.59919
-6.59919
-6.59881
-6.59806
-6.59693
-6.59544
-6.59357
-6.59133
-6.58874
-6.58578
-6.58246
-6.5788
-6.57479
-6.57045
-6.56577
-6.56076
-6.55545
-6.54982
-6.54389
-6.53768
-6.53118
-6.48149
-6.48832
-6.49486
-6.50109
-6.50701
-6.5126
-6.51786
-6.52277
-6.52734
-6.53156
-6.53541
-6.53889
-6.542
-6.54474
-6.54709
-6.54905
-6.55062
-6.5518
-6.5526
-6.55299
-6.55299
-6.5526
-6.5518
-6.55062
-6.54905
-6.54709
-6.54474
-6.542
-6.53889
-6.53541
-6.53156
-6.52734
-6.52277
-6.51786
-6.5126
-6.50701
-6.50109
-6.49486
-6.48832
-6.48149
-6.43181
-6.43897
-6.44583
-6.45236
-6.45857
-6.46443
-6.46995
-6.4751
-6.4799
-6.48431
-6.48836
-6.49201
-6.49527
-6.49814
-6.5006
-6.50266
-6.50431
-6.50555
-6.50638
-6.50679
-6.50679
-6.50638
-6.50555
-6.50431
-6.50266
-6.5006
-6.49814
-6.49527
-6.49201
-6.48836
-6.48431
-6.47989
-6.4751
-6.46995
-6.46443
-6.45857
-6.45236
-6.44583
-6.43897
-6.43181
-6.38212
-6.38962
-6.3968
-6.40363
-6.41013
-6.41626
-6.42204
-6.42743
-6.43245
-6.43707
-6.4413
-6.44512
-6.44854
-6.45154
-6.45412
-6.45627
-6.458
-6.4593
-6.46017
-6.4606
-6.4606
-6.46017
-6.4593
-6.458
-6.45627
-6.45412
-6.45154
-6.44854
-6.44512
-6.4413
-6.43707
-6.43245
-6.42743
-6.42204
-6.41626
-6.41013
-6.40363
-6.3968
-6.38962
-6.38212
-6.33244
-6.34027
-6.34776
-6.35491
-6.36169
-6.3681
-6.37413
-6.37976
-6.385
-6.38983
-6.39425
-6.39824
-6.40181
-6.40494
-6.40763
-6.40989
-6.41169
-6.41305
-6.41395
-6.4144
-6.4144
-6.41395
-6.41305
-6.41169
-6.40989
-6.40763
-6.40494
-6.40181
-6.39824
-6.39425
-6.38983
-6.385
-6.37976
-6.37413
-6.3681
-6.36169
-6.35491
-6.34776
-6.34027
-6.33244
-6.28276
-6.29092
-6.29873
-6.30618
-6.31325
-6.31993
-6.32622
-6.33209
-6.33756
-6.34259
-6.3472
-6.35136
-6.35508
-6.35834
-6.36115
-6.3635
-6.36538
-6.3668
-6.36774
-6.36821
-6.36821
-6.36774
-6.3668
-6.36538
-6.3635
-6.36115
-6.35834
-6.35507
-6.35136
-6.3472
-6.34259
-6.33756
-6.33209
-6.32622
-6.31993
-6.31325
-6.30618
-6.29873
-6.29092
-6.28276
-6.23307
-6.24157
-6.2497
-6.25745
-6.26481
-6.27177
-6.27831
-6.28443
-6.29011
-6.29535
-6.30015
-6.30448
-6.30835
-6.31175
-6.31467
-6.31711
-6.31908
-6.32055
-6.32153
-6.32202
-6.32202
-6.32153
-6.32055
-6.31908
-6.31711
-6.31467
-6.31175
-6.30835
-6.30448
-6.30015
-6.29535
-6.29011
-6.28443
-6.27831
-6.27177
-6.26481
-6.25745
-6.2497
-6.24157
-6.23307
-6.18339
-6.19222
-6.20067
-6.20873
-6.21637
-6.22361
-6.2304
-6.23676
-6.24267
-6.24812
-6.2531
-6.2576
-6.26162
-6.26515
-6.26819
-6.27073
-6.27277
-6.2743
-6.27532
-6.27583
-6.27583
-6.27532
-6.2743
-6.27277
-6.27073
-6.26819
-6.26515
-6.26162
-6.2576
-6.2531
-6.24812
-6.24267
-6.23676
-6.2304
-6.22361
-6.21637
-6.20873
-6.20067
-6.19222
-6.18339
-6.13371
-6.14287
-6.15164
-6.16
-6.16794
-6.17544
-6.18249
-6.18909
-6.19522
-6.20088
-6.20605
-6.21072
-6.2149
-6.21856
-6.22171
-6.22435
-6.22646
-6.22805
-6.22911
-6.22964
-6.22964
-6.22911
-6.22805
-6.22646
-6.22435
-6.22171
-6.21856
-6.21489
-6.21072
-6.20605
-6.20088
-6.19522
-6.18909
-6.18249
-6.17544
-6.16794
-6.16
-6.15164
-6.14287
-6.13371
-6.08403
-6.09352
-6.10261
-6.11128
-6.1195
-6.12727
-6.13459
-6.14143
-6.14778
-6.15364
-6.159
-6.16385
-6.16817
-6.17197
-6.17524
-6.17797
-6.18016
-6.1818
-6.1829
-6.18345
-6.18345
-6.1829
-6.1818
-6.18016
-6.17797
-6.17524
-6.17197
-6.16817
-6.16385
-6.159
-6.15364
-6.14778
-6.14143
-6.13459
-6.12727
-6.1195
-6.11128
-6.10261
-6.09352
-6.08403
-6.03434
-6.04418
-6.05358
-6.06255
-6.07107
-6.07911
-6.08668
-6.09376
-6.10034
-6.10641
-6.11196
-6.11697
-6.12145
-6.12538
-6.12877
-6.13159
-6.13386
-6.13556
-6.1367
-6.13726
-6.13726
-6.1367
-6.13556
-6.13386
-6.13159
-6.12877
-6.12538
-6.12145
-6.11697
-6.11195
-6.10641
-6.10034
-6.09376
-6.08668
-6.07911
-6.07107
-6.06255
-6.05358
-6.04418
-6.03435
-5.98467
-5.99483
-6.00456
-6.01383
-6.02263
-6.03096
-6.03878
-6.0461
-6.05291
-6.05918
-6.06491
-6.0701
-6.07472
-6.07879
-6.08229
-6.08522
-6.08756
-6.08932
-6.09049
-6.09108
-6.09108
-6.09049
-6.08932
-6.08756
-6.08522
-6.08229
-6.07879
-6.07472
-6.07009
-6.06491
-6.05918
-6.05291
-6.04611
-6.03878
-6.03096
-6.02263
-6.01383
-6.00456
-5.99483
-5.98467
-5.93499
-5.94549
-5.95553
-5.96511
-5.9742
-5.9828
-5.99088
-5.99844
-6.00547
-6.01195
-6.01787
-6.02323
-6.02801
-6.03221
-6.03582
-6.03884
-6.04126
-6.04308
-6.0443
-6.0449
-6.0449
-6.0443
-6.04308
-6.04126
-6.03884
-6.03582
-6.03221
-6.02801
-6.02323
-6.01787
-6.01195
-6.00547
-5.99844
-5.99088
-5.9828
-5.9742
-5.96511
-5.95553
-5.94549
-5.93499
-5.88531
-5.89614
-5.90651
-5.91639
-5.92578
-5.93464
-5.94298
-5.95079
-5.95804
-5.96472
-5.97083
-5.97636
-5.9813
-5.98563
-5.98936
-5.99247
-5.99497
-5.99685
-5.9981
-5.99873
-5.99873
-5.9981
-5.99685
-5.99497
-5.99248
-5.98936
-5.98563
-5.9813
-5.97636
-5.97083
-5.96472
-5.95804
-5.95079
-5.94298
-5.93464
-5.92578
-5.91639
-5.90651
-5.89614
-5.88531
-5.83563
-5.8468
-5.85749
-5.86768
-5.87735
-5.88649
-5.89509
-5.90313
-5.9106
-5.9175
-5.9238
-5.9295
-5.93459
-5.93905
-5.9429
-5.94611
-5.94869
-5.95062
-5.95192
-5.95257
-5.95257
-5.95192
-5.95062
-5.94869
-5.94611
-5.9429
-5.93905
-5.93459
-5.9295
-5.9238
-5.9175
-5.9106
-5.90313
-5.89509
-5.88649
-5.87735
-5.86768
-5.85749
-5.8468
-5.83563
-5.78596
-5.79746
-5.80847
-5.81896
-5.82892
-5.83834
-5.8472
-5.85548
-5.86318
-5.87028
-5.87677
-5.88264
-5.88788
-5.89248
-5.89645
-5.89975
-5.90241
-5.90441
-5.90574
-5.9064
-5.9064
-5.90574
-5.90441
-5.90241
-5.89975
-5.89645
-5.89248
-5.88788
-5.88264
-5.87677
-5.87028
-5.86318
-5.85548
-5.8472
-5.83834
-5.82892
-5.81896
-5.80847
-5.79746
-5.78596
-5.73629
-5.74813
-5.75945
-5.77025
-5.78051
-5.7902
-5.79931
-5.80784
-5.81576
-5.82307
-5.82975
-5.83579
-5.84118
-5.84593
-5.85
-5.85341
-5.85615
-5.8582
-5.85957
-5.86025
-5.86025
-5.85957
-5.8582
-5.85615
-5.85341
-5.85
-5.84593
-5.84118
-5.83579
-5.82975
-5.82307
-5.81576
-5.80784
-5.79931
-5.7902
-5.78051
-5.77025
-5.75945
-5.74813
-5.73629
-5.68662
-5.69879
-5.71044
-5.72155
-5.73209
-5.74206
-5.75143
-5.7602
-5.76835
-5.77587
-5.78273
-5.78895
-5.7945
-5.79938
-5.80357
-5.80708
-5.80989
-5.812
-5.81341
-5.81412
-5.81412
-5.81341
-5.812
-5.80989
-5.80708
-5.80357
-5.79938
-5.7945
-5.78895
-5.78273
-5.77586
-5.76835
-5.7602
-5.75143
-5.74206
-5.73209
-5.72155
-5.71044
-5.69879
-5.68662
-5.63696
-5.64947
-5.66144
-5.67285
-5.68368
-5.69393
-5.70356
-5.71258
-5.72095
-5.72868
-5.73574
-5.74213
-5.74784
-5.75285
-5.75716
-5.76077
-5.76366
-5.76583
-5.76728
-5.76801
-5.76801
-5.76728
-5.76583
-5.76366
-5.76077
-5.75716
-5.75285
-5.74784
-5.74213
-5.73574
-5.72868
-5.72095
-5.71258
-5.70356
-5.69393
-5.68368
-5.67285
-5.66144
-5.64947
-5.63696
-5.5873
-5.60014
-5.61244
-5.62415
-5.63528
-5.64581
-5.6557
-5.66496
-5.67357
-5.6815
-5.68876
-5.69533
-5.7012
-5.70635
-5.71078
-5.71449
-5.71747
-5.7197
-5.72119
-5.72194
-5.72194
-5.72119
-5.7197
-5.71746
-5.71449
-5.71078
-5.70635
-5.7012
-5.69533
-5.68876
-5.6815
-5.67357
-5.66496
-5.6557
-5.64581
-5.63529
-5.62415
-5.61244
-5.60014
-5.5873
-5.53765
-5.55083
-5.56345
-5.57547
-5.5869
-5.5977
-5.60786
-5.61737
-5.62621
-5.63436
-5.64182
-5.64856
-5.6546
-5.65989
-5.66446
-5.66827
-5.67133
-5.67363
-5.67517
-5.67594
-5.67594
-5.67517
-5.67363
-5.67133
-5.66827
-5.66446
-5.6599
-5.65459
-5.64857
-5.64182
-5.63435
-5.62621
-5.61737
-5.60786
-5.5977
-5.58689
-5.57548
-5.56344
-5.55083
-5.53765
-7.29001
-6.91949
-6.54897
-6.17845
-5.80791
-5.43737
-5.06683
-4.69628
-4.32573
-3.95517
-3.58461
-3.21404
-2.84347
-2.4729
-2.10233
-1.73175
-1.36118
-0.990595
-0.620014
-0.249434
0.121147
0.491727
0.862307
1.23288
1.60346
1.97404
2.34461
2.71518
3.08574
3.45631
3.82687
4.19742
4.56797
4.93851
5.30906
5.67959
6.05012
6.42064
6.79116
7.16167
-7.24466
-6.88316
-6.52164
-6.1601
-5.79855
-5.43697
-5.07539
-4.71378
-4.35217
-3.99054
-3.6289
-3.26725
-2.90559
-2.54392
-2.18224
-1.82056
-1.45887
-1.09718
-0.735483
-0.373786
-0.0120895
0.349606
0.7113
1.07299
1.43468
1.79636
2.15803
2.5197
2.88136
3.24301
3.60464
3.96627
4.32788
4.68948
5.05107
5.41264
5.77419
6.13572
6.49723
6.85873
-7.19931
-6.84683
-6.49431
-6.14176
-5.78918
-5.43657
-5.08395
-4.73129
-4.37861
-4.02591
-3.67319
-3.32045
-2.9677
-2.61493
-2.26215
-1.90936
-1.55657
-1.20376
-0.850952
-0.498139
-0.145326
0.207486
0.560292
0.913098
1.2659
1.61868
1.97146
2.32422
2.67697
3.02971
3.38242
3.73512
4.0878
4.44045
4.79308
5.14568
5.49826
5.8508
6.20331
6.55579
-7.15396
-6.81049
-6.46698
-6.12342
-5.77982
-5.43618
-5.0925
-4.7488
-4.40505
-4.06128
-3.71748
-3.37366
-3.02981
-2.68595
-2.34206
-1.99817
-1.65426
-1.31035
-0.96642
-0.622491
-0.278562
0.0653657
0.409289
0.753204
1.09711
1.44101
1.78489
2.12875
2.47259
2.81641
3.16021
3.50397
3.84772
4.19142
4.53509
4.87872
5.22232
5.56587
5.90939
6.25285
-7.10862
-6.77416
-6.43965
-6.10507
-5.77045
-5.43578
-5.10106
-4.7663
-4.43149
-4.09665
-3.76177
-3.42687
-3.09193
-2.75696
-2.42198
-2.08697
-1.75195
-1.41693
-1.08189
-0.746843
-0.411797
-0.0767563
0.258286
0.593311
0.928329
1.26333
1.59831
1.93327
2.26821
2.60311
2.93799
3.27283
3.60763
3.94239
4.2771
4.61177
4.94639
5.28095
5.61547
5.94991
-7.06327
-6.73783
-6.41232
-6.08673
-5.76109
-5.43538
-5.10961
-4.7838
-4.45794
-4.13202
-3.80606
-3.48007
-3.15404
-2.82798
-2.50189
-2.17578
-1.84965
-1.52351
-1.19735
-0.871194
-0.545033
-0.218874
0.107277
0.433423
0.759546
1.08565
1.41174
1.7378
2.06382
2.38981
2.71577
3.04168
3.36754
3.69335
4.01911
4.34482
4.67046
4.99603
5.32154
5.64698
-7.01793
-6.7015
-6.38498
-6.06839
-5.75172
-5.43498
-5.11818
-4.8013
-4.48438
-4.16739
-3.85035
-3.53327
-3.21615
-2.89899
-2.5818
-2.26459
-1.94734
-1.63009
-1.31282
-0.995546
-0.678268
-0.360992
-0.043725
0.273528
0.590767
0.907981
1.22517
1.54232
1.85944
2.17652
2.49355
2.81053
3.12746
3.44433
3.76113
4.07786
4.39453
4.71111
5.02762
5.34404
-6.97258
-6.66516
-6.35765
-6.05005
-5.74236
-5.43459
-5.12674
-4.81881
-4.51081
-4.20276
-3.89464
-3.58648
-3.27826
-2.97
-2.66171
-2.35339
-2.04504
-1.73667
-1.42829
-1.1199
-0.811502
-0.503111
-0.194729
0.113637
0.421986
0.730308
1.0386
1.34685
1.65506
1.96323
2.27134
2.57939
2.88738
3.19529
3.50314
3.81091
4.11859
4.42619
4.7337
5.0411
-6.92723
-6.62883
-6.33032
-6.03171
-5.733
-5.43419
-5.13529
-4.83631
-4.53725
-4.23812
-3.93893
-3.63968
-3.34037
-3.04102
-2.74162
-2.44219
-2.14273
-1.84325
-1.54375
-1.24425
-0.944736
-0.645229
-0.345734
-0.0462498
0.253205
0.552634
0.852029
1.15138
1.45068
1.74993
2.04912
2.34824
2.64729
2.94627
3.24516
3.54396
3.84267
4.14127
4.43978
4.73817
-6.88189
-6.5925
-6.30299
-6.01337
-5.72363
-5.43379
-5.14385
-4.85381
-4.5637
-4.27349
-3.98323
-3.69288
-3.40248
-3.11203
-2.82153
-2.531
-2.24043
-1.94983
-1.65922
-1.3686
-1.07797
-0.787345
-0.496734
-0.206142
0.0844273
0.374963
0.665457
0.955905
1.2463
1.53663
1.8269
2.1171
2.40721
2.69724
2.98717
3.27701
3.56674
3.85636
4.14586
4.43524
-6.83654
-6.55616
-6.27566
-5.99502
-5.71426
-5.43339
-5.15241
-4.87132
-4.59014
-4.30887
-4.02752
-3.74609
-3.4646
-3.18304
-2.90144
-2.6198
-2.33812
-2.05641
-1.77469
-1.49295
-1.2112
-0.929462
-0.647736
-0.366029
-0.0843525
0.19729
0.478888
0.760437
1.04192
1.32334
1.60469
1.88596
2.16713
2.44821
2.72919
3.01006
3.29081
3.57144
3.85194
4.13231
-6.79119
-6.51983
-6.24833
-5.97668
-5.7049
-5.43299
-5.16096
-4.88882
-4.61658
-4.34423
-4.07181
-3.79929
-3.52671
-3.25406
-2.98136
-2.7086
-2.43581
-2.16299
-1.89015
-1.61729
-1.34443
-1.07158
-0.798736
-0.525917
-0.253129
0.0196203
0.29232
0.564965
0.837544
1.11005
1.38248
1.65482
1.92705
2.19919
2.47121
2.74311
3.01488
3.28652
3.55802
3.82938
-6.74585
-6.4835
-6.221
-5.95834
-5.69554
-5.43259
-5.16952
-4.90633
-4.64302
-4.3796
-4.11609
-3.8525
-3.58882
-3.32507
-3.06126
-2.79741
-2.5335
-2.26957
-2.00561
-1.74164
-1.47766
-1.21369
-0.949735
-0.685806
-0.421906
-0.158051
0.105754
0.369497
0.633168
0.896761
1.16027
1.42367
1.68697
1.95016
2.21323
2.47616
2.73896
3.00161
3.26411
3.52644
-6.7005
-6.44718
-6.19367
-5.94
-5.68617
-5.43219
-5.17807
-4.92383
-4.66946
-4.41497
-4.16038
-3.9057
-3.65093
-3.39608
-3.14117
-2.8862
-2.63119
-2.37615
-2.12108
-1.86599
-1.61089
-1.3558
-1.10073
-0.845692
-0.590683
-0.335718
-0.0808126
0.174028
0.428792
0.683471
0.938054
1.19253
1.4469
1.70114
1.95525
2.20922
2.46303
2.7167
2.97019
3.22352
-6.65516
-6.41084
-6.16634
-5.92166
-5.67681
-5.43179
-5.18663
-4.94133
-4.69589
-4.45034
-4.20467
-3.9589
-3.71304
-3.4671
-3.22108
-2.97501
-2.72888
-2.48272
-2.23654
-1.99034
-1.74412
-1.49792
-1.25174
-1.00558
-0.759456
-0.513387
-0.267377
-0.0214387
0.224418
0.470183
0.715845
0.961394
1.20682
1.45212
1.69727
1.94227
2.18711
2.43179
2.67628
2.92059
-6.60982
-6.37451
-6.13901
-5.90331
-5.66744
-5.4314
-5.19519
-4.95884
-4.72234
-4.4857
-4.24896
-4.0121
-3.77515
-3.53811
-3.30099
-3.06381
-2.82657
-2.5893
-2.352
-2.11468
-1.87735
-1.64004
-1.40273
-1.16546
-0.928229
-0.691053
-0.453941
-0.216904
0.020045
0.256896
0.493637
0.730258
0.966749
1.2031
1.43929
1.67533
1.91119
2.14688
2.38236
2.61766
-6.56447
-6.33818
-6.11168
-5.88497
-5.65808
-5.431
-5.20375
-4.97634
-4.74878
-4.52108
-4.29324
-4.0653
-3.83725
-3.60912
-3.3809
-3.15261
-2.92426
-2.69588
-2.46746
-2.23902
-2.01058
-1.78215
-1.55373
-1.32534
-1.097
-0.868719
-0.640502
-0.412368
-0.184326
0.04361
0.27143
0.499123
0.726675
0.954076
1.18132
1.40839
1.63527
1.86196
2.08846
2.31473
-6.51913
-6.30185
-6.08435
-5.86663
-5.64871
-5.4306
-5.21231
-4.99384
-4.77522
-4.55644
-4.33753
-4.1185
-3.89936
-3.68012
-3.4608
-3.24141
-3.02195
-2.80245
-2.58292
-2.36336
-2.14381
-1.92426
-1.70472
-1.48522
-1.26577
-1.04638
-0.827061
-0.60783
-0.388696
-0.169674
0.0492254
0.267989
0.486604
0.70506
0.923346
1.14145
1.35935
1.57706
1.79455
2.01181
-6.47379
-6.26552
-6.05702
-5.84829
-5.63935
-5.4302
-5.22086
-5.01134
-4.80165
-4.59181
-4.38182
-4.1717
-3.96147
-3.75113
-3.5407
-3.3302
-3.11964
-2.90902
-2.69837
-2.4877
-2.27703
-2.06636
-1.85571
-1.6451
-1.43454
-1.22404
-1.01362
-0.803291
-0.593064
-0.382956
-0.172977
0.0368572
0.246535
0.456045
0.665373
0.874508
1.08344
1.29216
1.50064
1.70889
-6.42844
-6.22919
-6.02969
-5.82995
-5.62998
-5.4298
-5.22942
-5.02884
-4.82809
-4.62718
-4.42611
-4.2249
-4.02358
-3.82214
-3.62061
-3.419
-3.21732
-3.0156
-2.81383
-2.61204
-2.41025
-2.20847
-2.00671
-1.80498
-1.60331
-1.4017
-1.20018
-0.998749
-0.79743
-0.596235
-0.395178
-0.194272
0.00646858
0.207033
0.407405
0.607573
0.807528
1.00725
1.20674
1.40598
-6.3831
-6.19286
-6.00236
-5.81161
-5.62062
-5.4294
-5.23798
-5.04635
-4.85453
-4.66254
-4.47039
-4.2781
-4.08568
-3.89315
-3.70051
-3.5078
-3.31501
-3.12217
-2.92929
-2.73638
-2.54347
-2.35057
-2.1577
-1.96485
-1.77207
-1.57936
-1.38673
-1.1942
-1.00179
-0.809511
-0.617375
-0.425399
-0.233595
-0.0419782
0.149438
0.340641
0.531616
0.722353
0.91284
1.10306
-6.33776
-6.15653
-5.97503
-5.79327
-5.61126
-5.42901
-5.24653
-5.06385
-4.88097
-4.69791
-4.51468
-4.3313
-4.14779
-3.96415
-3.78041
-3.59659
-3.41269
-3.22874
-3.04474
-2.86072
-2.67669
-2.49268
-2.30868
-2.12473
-1.94083
-1.75701
-1.57328
-1.38966
-1.20615
-1.02279
-0.839572
-0.656522
-0.473655
-0.290985
-0.108524
0.0737126
0.255709
0.437457
0.61894
0.800147
-6.29242
-6.12021
-5.94771
-5.77493
-5.6019
-5.42861
-5.25509
-5.08135
-4.9074
-4.73327
-4.55897
-4.3845
-4.20989
-4.03516
-3.86031
-3.68538
-3.51037
-3.3353
-3.16019
-2.98505
-2.80991
-2.63477
-2.45966
-2.2846
-2.10959
-1.93467
-1.75983
-1.58511
-1.41051
-1.23606
-1.06176
-0.887644
-0.713713
-0.539989
-0.366484
-0.193217
-0.0201937
0.152562
0.325047
0.497239
-6.24708
-6.08388
-5.92038
-5.75659
-5.59253
-5.42821
-5.26364
-5.09885
-4.93384
-4.76863
-4.60325
-4.43769
-4.27199
-4.10616
-3.94021
-3.77417
-3.60805
-3.44186
-3.27564
-3.10938
-2.94312
-2.77687
-2.61065
-2.44446
-2.27835
-2.11231
-1.94637
-1.78055
-1.61486
-1.44932
-1.28395
-1.11876
-0.953767
-0.788989
-0.624441
-0.460138
-0.296095
-0.132324
0.0311516
0.194336
-6.20174
-6.04756
-5.89305
-5.73825
-5.58317
-5.42781
-5.2722
-5.11635
-4.96027
-4.804
-4.64753
-4.49089
-4.33409
-4.17716
-4.02011
-3.86296
-3.70572
-3.54842
-3.39108
-3.23371
-3.07633
-2.91896
-2.76162
-2.60433
-2.4471
-2.28996
-2.13292
-1.976
-1.81921
-1.66259
-1.50614
-1.34987
-1.19382
-1.03798
-0.882395
-0.727053
-0.571991
-0.417213
-0.26273
-0.108567
-6.15641
-6.01123
-5.86573
-5.71991
-5.57381
-5.42741
-5.28076
-5.13385
-4.98671
-4.83936
-4.69181
-4.54408
-4.39619
-4.24816
-4.1
-3.95174
-3.8034
-3.65499
-3.50652
-3.35804
-3.20954
-3.06105
-2.91259
-2.76419
-2.61585
-2.4676
-2.31946
-2.17143
-2.02356
-1.87585
-1.72831
-1.58098
-1.43386
-1.28698
-1.14034
-0.993972
-0.84788
-0.70209
-0.556614
-0.411463
-6.11107
-5.97491
-5.8384
-5.70158
-5.56444
-5.42701
-5.28931
-5.15135
-5.01314
-4.87472
-4.73609
-4.59727
-4.45829
-4.31916
-4.17989
-4.04052
-3.90107
-3.76154
-3.62196
-3.48235
-3.34274
-3.20313
-3.06356
-2.92404
-2.78459
-2.64523
-2.50598
-2.36686
-2.2279
-2.0891
-1.95048
-1.81208
-1.6739
-1.53596
-1.39828
-1.26088
-1.12377
-0.986964
-0.850487
-0.714353
-6.06574
-5.93859
-5.81108
-5.68324
-5.55508
-5.42662
-5.29786
-5.16885
-5.03958
-4.91008
-4.78036
-4.65046
-4.52038
-4.39015
-4.25978
-4.1293
-3.99873
-3.86809
-3.73739
-3.60667
-3.47593
-3.34521
-3.21452
-3.08389
-2.95333
-2.82286
-2.6925
-2.56229
-2.43223
-2.30234
-2.17265
-2.04317
-1.91393
-1.78494
-1.65622
-1.52778
-1.39964
-1.27183
-1.14436
-1.01724
-6.02041
-5.90227
-5.78376
-5.66491
-5.54572
-5.42622
-5.30642
-5.18634
-5.06601
-4.94543
-4.82464
-4.70364
-4.58247
-4.46113
-4.33966
-4.21807
-4.09639
-3.97463
-3.85282
-3.73097
-3.60912
-3.48728
-3.36548
-3.24373
-3.12205
-3.00048
-2.87902
-2.7577
-2.63655
-2.51558
-2.39481
-2.27426
-2.15395
-2.03391
-1.91414
-1.79467
-1.67552
-1.55669
-1.43822
-1.32012
-5.97508
-5.86595
-5.75644
-5.64657
-5.53636
-5.42582
-5.31497
-5.20384
-5.09244
-4.98079
-4.86891
-4.75682
-4.64455
-4.53212
-4.41954
-4.30684
-4.19404
-4.08116
-3.96823
-3.85527
-3.7423
-3.62934
-3.51642
-3.40355
-3.29077
-3.17809
-3.06553
-2.95311
-2.84086
-2.72881
-2.61696
-2.50533
-2.39397
-2.28287
-2.17206
-2.06155
-1.95137
-1.84154
-1.73207
-1.62298
-5.92975
-5.82963
-5.72912
-5.62824
-5.527
-5.42542
-5.32353
-5.22133
-5.11886
-5.01614
-4.91318
-4.81
-4.70663
-4.60309
-4.49941
-4.3956
-4.29168
-4.18769
-4.08364
-3.97956
-3.87547
-3.7714
-3.66735
-3.56337
-3.45948
-3.35568
-3.25202
-3.14851
-3.04517
-2.94202
-2.83909
-2.7364
-2.63396
-2.53182
-2.42996
-2.32842
-2.22722
-2.12638
-2.02591
-1.92584
-5.88443
-5.79332
-5.70181
-5.60991
-5.51764
-5.42502
-5.33208
-5.23882
-5.14529
-5.05148
-4.95744
-4.86317
-4.7687
-4.67406
-4.57927
-4.48434
-4.38931
-4.29421
-4.19904
-4.10384
-4.00863
-3.91343
-3.81827
-3.72318
-3.62816
-3.53326
-3.4385
-3.34389
-3.24945
-3.15522
-3.06121
-2.96745
-2.87395
-2.78075
-2.68784
-2.59529
-2.50306
-2.41121
-2.31974
-2.22868
-5.83912
-5.75701
-5.6745
-5.59158
-5.50828
-5.42462
-5.34063
-5.25632
-5.17171
-5.08683
-5.00169
-4.91633
-4.83077
-4.74502
-4.65911
-4.57308
-4.48693
-4.4007
-4.31442
-4.2281
-4.14177
-4.05545
-3.96917
-3.88296
-3.79684
-3.71083
-3.62495
-3.53924
-3.45372
-3.3684
-3.28331
-3.19847
-3.11392
-3.02966
-2.94572
-2.86211
-2.77888
-2.69601
-2.61355
-2.53151
-5.79382
-5.72072
-5.64719
-5.57326
-5.49893
-5.42423
-5.34918
-5.2738
-5.19812
-5.12216
-5.04594
-4.96948
-4.89281
-4.81596
-4.73895
-4.66179
-4.58453
-4.50718
-4.42978
-4.35233
-4.27488
-4.19744
-4.12005
-4.04272
-3.96548
-3.88836
-3.81139
-3.73457
-3.65796
-3.58155
-3.50539
-3.42948
-3.35386
-3.27855
-3.20357
-3.12893
-3.05467
-2.98081
-2.90735
-2.83431
-5.74852
-5.68443
-5.61989
-5.55494
-5.48957
-5.42383
-5.35772
-5.29128
-5.22453
-5.15748
-5.09017
-5.02262
-4.95484
-4.88688
-4.81875
-4.75048
-4.6821
-4.61363
-4.5451
-4.47654
-4.40796
-4.3394
-4.27088
-4.20244
-4.13409
-4.06586
-3.99778
-3.92987
-3.86216
-3.79468
-3.72743
-3.66046
-3.59377
-3.5274
-3.46138
-3.39573
-3.33044
-3.26556
-3.20111
-3.1371
-5.70324
-5.64815
-5.59261
-5.53662
-5.48022
-5.42343
-5.36627
-5.30875
-5.25092
-5.19279
-5.13438
-5.07572
-5.01685
-4.95777
-4.89852
-4.83914
-4.77963
-4.72004
-4.66038
-4.60069
-4.54099
-4.48131
-4.42167
-4.36211
-4.30265
-4.24332
-4.18413
-4.12512
-4.06632
-4.00775
-3.94942
-3.89138
-3.83364
-3.77623
-3.71917
-3.66246
-3.60618
-3.55029
-3.49484
-3.43985
-5.65799
-5.6119
-5.56534
-5.51832
-5.47088
-5.42304
-5.3748
-5.32622
-5.2773
-5.22807
-5.17856
-5.1288
-5.07881
-5.02861
-4.97824
-4.92773
-4.8771
-4.82638
-4.7756
-4.72477
-4.67395
-4.62314
-4.57239
-4.52171
-4.47113
-4.42069
-4.37041
-4.3203
-4.27041
-4.22076
-4.17136
-4.12225
-4.07346
-4.025
-3.97689
-3.92917
-3.88186
-3.83497
-3.78853
-3.74256
-5.61278
-5.57568
-5.53809
-5.50004
-5.46155
-5.42264
-5.38333
-5.34366
-5.30364
-5.26331
-5.22269
-5.18181
-5.14069
-5.09937
-5.05787
-5.01622
-4.97446
-4.93261
-4.89069
-4.84874
-4.80679
-4.76486
-4.72298
-4.68119
-4.63951
-4.59796
-4.55657
-4.51538
-4.4744
-4.43367
-4.3932
-4.35304
-4.31319
-4.27367
-4.23454
-4.19581
-4.15747
-4.11958
-4.08215
-4.0452
-5.56765
-5.53952
-5.5109
-5.4818
-5.45224
-5.42224
-5.39184
-5.36106
-5.32992
-5.29847
-5.26671
-5.23469
-5.20243
-5.16996
-5.13732
-5.10453
-5.07162
-5.03863
-5.00557
-4.97249
-4.93941
-4.90636
-4.87337
-4.84046
-4.80768
-4.77503
-4.74257
-4.71028
-4.67823
-4.64643
-4.6149
-4.58369
-4.55278
-4.52224
-4.49209
-4.46233
-4.43299
-4.40411
-4.37571
-4.34778
-5.52267
-5.50351
-5.48382
-5.46363
-5.44297
-5.42185
-5.4003
-5.37837
-5.35607
-5.33343
-5.31049
-5.28728
-5.26383
-5.24019
-5.21636
-5.1924
-5.16833
-5.14418
-5.12
-5.09578
-5.07159
-5.04742
-5.02335
-4.99934
-4.97548
-4.95177
-4.92821
-4.90489
-4.88178
-4.85891
-4.83636
-4.8141
-4.79218
-4.77063
-4.74946
-4.72869
-4.70837
-4.68852
-4.66911
-4.65024
7.34695
7.34712
7.34728
7.34743
7.34757
7.34771
7.34784
7.34795
7.34807
7.34817
7.34826
7.34835
7.34842
7.34849
7.34854
7.34859
7.34863
7.34866
7.34868
7.34869
7.34869
7.34868
7.34866
7.34863
7.34859
7.34854
7.34849
7.34842
7.34835
7.34826
7.34817
7.34806
7.34796
7.34784
7.34771
7.34757
7.34743
7.34728
7.34712
7.34695
7.03968
7.04017
7.04065
7.0411
7.04154
7.04194
7.04233
7.04269
7.04302
7.04333
7.04361
7.04386
7.04409
7.04429
7.04447
7.04461
7.04472
7.04481
7.04487
7.0449
7.0449
7.04487
7.04481
7.04472
7.04461
7.04446
7.04429
7.04409
7.04387
7.04361
7.04333
7.04302
7.04269
7.04233
7.04194
7.04153
7.0411
7.04065
7.04017
7.03968
6.7324
6.73323
6.73402
6.73478
6.7355
6.73618
6.73683
6.73742
6.73798
6.73849
6.73896
6.73939
6.73977
6.7401
6.74039
6.74063
6.74082
6.74096
6.74106
6.74111
6.74111
6.74106
6.74096
6.74082
6.74063
6.74039
6.7401
6.73977
6.73939
6.73896
6.73849
6.73798
6.73743
6.73682
6.73618
6.7355
6.73478
6.73403
6.73323
6.7324
6.42512
6.42628
6.4274
6.42846
6.42947
6.43043
6.43132
6.43216
6.43294
6.43366
6.43432
6.43491
6.43544
6.43591
6.43631
6.43664
6.43691
6.43711
6.43725
6.43732
6.43732
6.43725
6.43711
6.43691
6.43664
6.43631
6.43591
6.43544
6.43491
6.43432
6.43366
6.43294
6.43216
6.43132
6.43043
6.42947
6.42846
6.4274
6.42628
6.42512
6.11784
6.11934
6.12078
6.12214
6.12344
6.12467
6.12582
6.1269
6.1279
6.12882
6.12967
6.13043
6.13112
6.13171
6.13223
6.13266
6.13301
6.13326
6.13344
6.13353
6.13353
6.13344
6.13326
6.13301
6.13266
6.13223
6.13171
6.13112
6.13043
6.12967
6.12882
6.1279
6.1269
6.12582
6.12466
6.12344
6.12214
6.12078
6.11934
6.11784
5.81057
5.8124
5.81415
5.81582
5.81741
5.81891
5.82032
5.82164
5.82286
5.82399
5.82502
5.82596
5.82679
5.82752
5.82815
5.82868
5.8291
5.82942
5.82963
5.82974
5.82974
5.82963
5.82942
5.8291
5.82868
5.82815
5.82752
5.82679
5.82596
5.82502
5.82399
5.82286
5.82164
5.82032
5.81891
5.81741
5.81583
5.81415
5.8124
5.81057
5.5033
5.50546
5.50753
5.50951
5.51138
5.51315
5.51482
5.51638
5.51782
5.51915
5.52038
5.52148
5.52247
5.52333
5.52408
5.5247
5.5252
5.52557
5.52582
5.52595
5.52595
5.52582
5.52557
5.5252
5.5247
5.52407
5.52333
5.52247
5.52148
5.52038
5.51915
5.51782
5.51638
5.51482
5.51315
5.51138
5.5095
5.50753
5.50546
5.5033
5.19602
5.19852
5.20091
5.20319
5.20535
5.2074
5.20932
5.21112
5.21278
5.21433
5.21573
5.21701
5.21815
5.21914
5.22
5.22072
5.2213
5.22173
5.22201
5.22216
5.22216
5.22201
5.22173
5.2213
5.22072
5.22
5.21914
5.21815
5.21701
5.21573
5.21433
5.21279
5.21112
5.20932
5.2074
5.20535
5.20319
5.20091
5.19852
5.19602
4.88875
4.89158
4.89429
4.89687
4.89932
4.90164
4.90382
4.90586
4.90775
4.9095
4.91109
4.91253
4.91382
4.91496
4.91593
4.91674
4.9174
4.91788
4.91821
4.91837
4.91837
4.91821
4.91788
4.9174
4.91674
4.91593
4.91496
4.91382
4.91253
4.91109
4.9095
4.90775
4.90586
4.90382
4.90164
4.89932
4.89687
4.89429
4.89158
4.88875
4.58148
4.58465
4.58767
4.59056
4.59329
4.59588
4.59832
4.6006
4.60272
4.60467
4.60645
4.60806
4.6095
4.61077
4.61186
4.61277
4.6135
4.61404
4.6144
4.61459
4.61459
4.6144
4.61404
4.61349
4.61277
4.61186
4.61077
4.6095
4.60806
4.60645
4.60467
4.60272
4.6006
4.59832
4.59588
4.5933
4.59056
4.58767
4.58465
4.58148
4.27422
4.27771
4.28105
4.28424
4.28727
4.29013
4.29283
4.29534
4.29768
4.29984
4.30181
4.30359
4.30518
4.30659
4.30779
4.30879
4.3096
4.3102
4.3106
4.31081
4.31081
4.3106
4.3102
4.3096
4.30879
4.30779
4.30659
4.30519
4.30359
4.30181
4.29984
4.29768
4.29534
4.29283
4.29014
4.28727
4.28424
4.28105
4.27771
4.27422
3.96695
3.97077
3.97444
3.97793
3.98125
3.98438
3.98733
3.99009
3.99265
3.99501
3.99717
3.99912
4.00087
4.0024
4.00372
4.00482
4.0057
4.00636
4.0068
4.00703
4.00703
4.0068
4.00636
4.0057
4.00482
4.00371
4.0024
4.00087
3.99913
3.99717
3.99501
3.99265
3.99009
3.98733
3.98438
3.98125
3.97793
3.97444
3.97078
3.96695
3.65968
3.66384
3.66782
3.67162
3.67523
3.67863
3.68184
3.68483
3.68762
3.69019
3.69253
3.69466
3.69655
3.69821
3.69964
3.70084
3.7018
3.70252
3.703
3.70325
3.70325
3.703
3.70252
3.70181
3.70084
3.69964
3.69821
3.69655
3.69466
3.69253
3.69019
3.68762
3.68483
3.68184
3.67863
3.67523
3.67162
3.66782
3.66384
3.65968
3.35241
3.35691
3.36121
3.36531
3.3692
3.37289
3.37635
3.37958
3.38259
3.38536
3.3879
3.39019
3.39223
3.39403
3.39558
3.39687
3.39791
3.39869
3.39921
3.39947
3.39947
3.39921
3.39869
3.39791
3.39687
3.39558
3.39403
3.39223
3.39019
3.3879
3.38536
3.38259
3.37958
3.37635
3.37288
3.3692
3.36531
3.36121
3.35691
3.35241
3.04515
3.04998
3.0546
3.059
3.06318
3.06714
3.07085
3.07433
3.07756
3.08054
3.08326
3.08573
3.08792
3.08985
3.09151
3.0929
3.09402
3.09485
3.09541
3.09569
3.09569
3.09541
3.09485
3.09402
3.0929
3.09151
3.08985
3.08792
3.08573
3.08326
3.08054
3.07756
3.07433
3.07086
3.06714
3.06318
3.059
3.0546
3.04998
3.04515
2.73789
2.74305
2.74799
2.7527
2.75717
2.76139
2.76537
2.76909
2.77253
2.77572
2.77863
2.78126
2.78361
2.78567
2.78745
2.78894
2.79013
2.79102
2.79162
2.79191
2.79191
2.79162
2.79102
2.79013
2.78894
2.78745
2.78568
2.78361
2.78126
2.77863
2.77572
2.77254
2.76908
2.76537
2.76139
2.75717
2.7527
2.74799
2.74305
2.73789
2.43063
2.43613
2.44139
2.4464
2.45116
2.45565
2.45988
2.46384
2.46751
2.47091
2.474
2.4768
2.4793
2.4815
2.48339
2.48498
2.48624
2.48719
2.48783
2.48814
2.48814
2.48783
2.48719
2.48624
2.48497
2.48339
2.4815
2.4793
2.4768
2.474
2.4709
2.46751
2.46384
2.45988
2.45565
2.45116
2.4464
2.44139
2.43613
2.43063
2.12338
2.1292
2.13478
2.1401
2.14514
2.14992
2.1544
2.1586
2.16249
2.16609
2.16937
2.17235
2.175
2.17733
2.17934
2.18101
2.18235
2.18336
2.18404
2.18437
2.18437
2.18404
2.18337
2.18235
2.18101
2.17934
2.17733
2.175
2.17235
2.16938
2.16609
2.16249
2.1586
2.1544
2.14991
2.14515
2.1401
2.13478
2.12921
2.12338
1.81612
1.82229
1.82818
1.8338
1.83914
1.84417
1.84892
1.85336
1.85748
1.86128
1.86475
1.86789
1.8707
1.87316
1.87528
1.87705
1.87847
1.87954
1.88025
1.88061
1.88061
1.88025
1.87954
1.87847
1.87706
1.87528
1.87316
1.8707
1.86789
1.86475
1.86128
1.85748
1.85336
1.84892
1.84418
1.83914
1.8338
1.82818
1.82229
1.81613
1.50888
1.51537
1.52159
1.52751
1.53313
1.53845
1.54344
1.54812
1.55246
1.55647
1.56013
1.56344
1.5664
1.56899
1.57123
1.5731
1.57459
1.57572
1.57647
1.57685
1.57685
1.57647
1.57572
1.5746
1.5731
1.57123
1.569
1.5664
1.56344
1.56013
1.55647
1.55246
1.54812
1.54345
1.53845
1.53313
1.52751
1.52159
1.51537
1.50888
1.20163
1.20846
1.21499
1.22122
1.22713
1.23272
1.23798
1.24289
1.24746
1.25166
1.25552
1.259
1.2621
1.26483
1.26718
1.26914
1.27072
1.2719
1.27269
1.27309
1.27309
1.27269
1.2719
1.27072
1.26914
1.26718
1.26483
1.2621
1.25899
1.25552
1.25166
1.24745
1.24289
1.23797
1.23272
1.22713
1.22122
1.21499
1.20846
1.20163
0.894392
0.90155
0.9084
0.914931
0.921133
0.926993
0.932507
0.937661
0.942446
0.946867
0.950901
0.954553
0.95781
0.960675
0.963137
0.965198
0.966848
0.968088
0.968914
0.969328
0.969328
0.968914
0.96809
0.966848
0.965196
0.963137
0.960674
0.957812
0.954553
0.950902
0.946865
0.942448
0.937661
0.932507
0.926995
0.921133
0.91493
0.9084
0.901551
0.894392
0.587154
0.594648
0.60182
0.608652
0.615139
0.621276
0.62704
0.632434
0.637448
0.642069
0.646296
0.650114
0.653528
0.65652
0.659102
0.661253
0.662982
0.664278
0.665145
0.665578
0.665578
0.665145
0.664278
0.66298
0.661255
0.6591
0.656523
0.653526
0.650115
0.646294
0.642069
0.637448
0.632436
0.627042
0.621274
0.615141
0.608652
0.601817
0.594649
0.587155
0.279926
0.28775
0.295239
0.302375
0.309157
0.315558
0.321582
0.327218
0.332455
0.337277
0.341691
0.345684
0.349246
0.352377
0.355065
0.35732
0.35912
0.360478
0.36138
0.361831
0.361833
0.36138
0.360475
0.359122
0.357315
0.355067
0.352376
0.349246
0.345683
0.341692
0.337279
0.332452
0.327218
0.321584
0.315559
0.309154
0.302377
0.295239
0.287751
0.279925
-0.0273002
-0.0191379
-0.0113356
-0.00388885
0.00317206
0.00985266
0.0161334
0.0220069
0.0274617
0.0324983
0.0370956
0.0412578
0.044969
0.0482356
0.0510406
0.0533844
0.055268
0.056679
0.0576224
0.0580946
0.0580946
0.0576224
0.056679
0.0552657
0.0533867
0.051043
0.0482319
0.0449721
0.0412568
0.0370963
0.0324962
0.0274635
0.0220064
0.0161325
0.00985175
0.00317379
-0.00389159
-0.011333
-0.0191395
-0.0272987
-0.334514
-0.326023
-0.317898
-0.310152
-0.302798
-0.29585
-0.28931
-0.283199
-0.277517
-0.27228
-0.26749
-0.263163
-0.259293
-0.2559
-0.252979
-0.250537
-0.248581
-0.24711
-0.246128
-0.245637
-0.245637
-0.246128
-0.24711
-0.248579
-0.250539
-0.252979
-0.255898
-0.259296
-0.263161
-0.267492
-0.27228
-0.277517
-0.283198
-0.289311
-0.295848
-0.302799
-0.310152
-0.317897
-0.326023
-0.334515
-0.641723
-0.632895
-0.624453
-0.616404
-0.608764
-0.601538
-0.594745
-0.588392
-0.582489
-0.577049
-0.572072
-0.56757
-0.563553
-0.560022
-0.556989
-0.554454
-0.552416
-0.55089
-0.54987
-0.549359
-0.549359
-0.54987
-0.55089
-0.552419
-0.554451
-0.556989
-0.560022
-0.563554
-0.567572
-0.572071
-0.577047
-0.58249
-0.588393
-0.594746
-0.601539
-0.608763
-0.616404
-0.624453
-0.632897
-0.641722
-0.948916
-0.939765
-0.930996
-0.922647
-0.914711
-0.907223
-0.900171
-0.893581
-0.887452
-0.8818
-0.87664
-0.871971
-0.8678
-0.864139
-0.860986
-0.858356
-0.856247
-0.854661
-0.853601
-0.85307
-0.85307
-0.853601
-0.854661
-0.856244
-0.858356
-0.860992
-0.864139
-0.867799
-0.871968
-0.876639
-0.881803
-0.887453
-0.893579
-0.900172
-0.907221
-0.914714
-0.922645
-0.930999
-0.939761
-0.948917
-1.2561
-1.24661
-1.23753
-1.22887
-1.22066
-1.21289
-1.20558
-1.19875
-1.1924
-1.18655
-1.18119
-1.17635
-1.17204
-1.16824
-1.16498
-1.16225
-1.16006
-1.15842
-1.15732
-1.15677
-1.15677
-1.15732
-1.15842
-1.16006
-1.16225
-1.16498
-1.16824
-1.17203
-1.17636
-1.18119
-1.18655
-1.1924
-1.19875
-1.20558
-1.21289
-1.22065
-1.22887
-1.23753
-1.24661
-1.2561
-1.56327
-1.55344
-1.54404
-1.53508
-1.52658
-1.51854
-1.51098
-1.50391
-1.49733
-1.49128
-1.48574
-1.48073
-1.47625
-1.47233
-1.46895
-1.46613
-1.46386
-1.46215
-1.46102
-1.46045
-1.46045
-1.46102
-1.46216
-1.46386
-1.46612
-1.46894
-1.47233
-1.47625
-1.48073
-1.48574
-1.49127
-1.49733
-1.5039
-1.51098
-1.51854
-1.52658
-1.53508
-1.54404
-1.55344
-1.56327
-1.87042
-1.86026
-1.85054
-1.84128
-1.83248
-1.82417
-1.81636
-1.80904
-1.80225
-1.79598
-1.79026
-1.78508
-1.78045
-1.77639
-1.7729
-1.76998
-1.76764
-1.76588
-1.76471
-1.76412
-1.76412
-1.76471
-1.76588
-1.76764
-1.76998
-1.7729
-1.77639
-1.78045
-1.78507
-1.79026
-1.79599
-1.80225
-1.80904
-1.81636
-1.82417
-1.83248
-1.84128
-1.85054
-1.86026
-1.87042
-2.17754
-2.16705
-2.15701
-2.14745
-2.13837
-2.12979
-2.12171
-2.11416
-2.10714
-2.10067
-2.09476
-2.08941
-2.08463
-2.08043
-2.07683
-2.07381
-2.07139
-2.06958
-2.06837
-2.06776
-2.06776
-2.06837
-2.06958
-2.0714
-2.07381
-2.07683
-2.08043
-2.08463
-2.08941
-2.09476
-2.10067
-2.10714
-2.11416
-2.12171
-2.12978
-2.13837
-2.14745
-2.15701
-2.16705
-2.17754
-2.48464
-2.47381
-2.46346
-2.45358
-2.44422
-2.43536
-2.42703
-2.41923
-2.41201
-2.40533
-2.39922
-2.3937
-2.38877
-2.38445
-2.38072
-2.37761
-2.37512
-2.37325
-2.372
-2.37137
-2.37137
-2.372
-2.37325
-2.37512
-2.37762
-2.38073
-2.38445
-2.38877
-2.39371
-2.39922
-2.40533
-2.412
-2.41924
-2.42703
-2.43536
-2.44422
-2.45359
-2.46346
-2.47381
-2.48463
-2.79168
-2.78054
-2.76985
-2.75969
-2.75002
-2.7409
-2.73231
-2.72429
-2.71682
-2.70994
-2.70365
-2.69797
-2.69288
-2.68842
-2.68459
-2.68138
-2.6788
-2.67688
-2.67559
-2.67494
-2.67494
-2.67559
-2.67688
-2.67881
-2.68138
-2.68459
-2.68842
-2.69288
-2.69796
-2.70365
-2.70994
-2.71683
-2.72428
-2.73231
-2.7409
-2.75002
-2.75969
-2.76986
-2.78053
-2.79169
-3.09869
-3.08719
-3.07621
-3.06573
-3.05578
-3.04638
-3.03754
-3.02927
-3.02159
-3.01451
-3.00803
-3.00217
-2.99694
-2.99234
-2.98839
-2.98509
-2.98244
-2.98046
-2.97913
-2.97846
-2.97846
-2.97913
-2.98045
-2.98244
-2.98509
-2.98839
-2.99235
-2.99694
-3.00217
-3.00803
-3.01451
-3.02158
-3.02927
-3.03755
-3.04638
-3.05578
-3.06573
-3.07621
-3.08719
-3.09868
-3.4056
-3.39379
-3.38248
-3.3717
-3.36147
-3.35179
-3.34269
-3.33419
-3.32628
-3.31898
-3.31233
-3.3063
-3.30092
-3.29619
-3.29213
-3.28873
-3.286
-3.28396
-3.2826
-3.28191
-3.28191
-3.2826
-3.28396
-3.28601
-3.28873
-3.29213
-3.29619
-3.30092
-3.3063
-3.31233
-3.31899
-3.32629
-3.33419
-3.34269
-3.3518
-3.36147
-3.3717
-3.38248
-3.39379
-3.4056
-3.71241
-3.70027
-3.68865
-3.67756
-3.66704
-3.6571
-3.64774
-3.639
-3.63087
-3.62338
-3.61652
-3.61033
-3.6048
-3.59993
-3.59576
-3.59226
-3.58947
-3.58736
-3.58596
-3.58526
-3.58525
-3.58596
-3.58736
-3.58946
-3.59227
-3.59576
-3.59993
-3.6048
-3.61033
-3.61652
-3.62337
-3.63087
-3.63901
-3.64774
-3.6571
-3.66704
-3.67757
-3.68865
-3.70027
-3.71241
-4.01907
-4.00659
-3.99465
-3.98327
-3.97247
-3.96224
-3.95264
-3.94365
-3.9353
-3.9276
-3.92057
-3.9142
-3.90851
-3.90353
-3.89923
-3.89565
-3.89276
-3.8906
-3.88916
-3.88844
-3.88844
-3.88916
-3.8906
-3.89277
-3.89564
-3.89923
-3.90353
-3.90851
-3.9142
-3.92057
-3.9276
-3.9353
-3.94365
-3.95263
-3.96225
-3.97246
-3.98327
-3.99465
-4.00658
-4.01907
-4.32545
-4.31265
-4.30038
-4.28872
-4.2776
-4.26713
-4.25728
-4.24804
-4.23948
-4.23156
-4.22435
-4.21782
-4.21197
-4.20686
-4.20246
-4.19875
-4.19581
-4.19359
-4.19211
-4.19137
-4.19137
-4.19211
-4.19359
-4.1958
-4.19877
-4.20245
-4.20685
-4.21198
-4.21781
-4.22435
-4.23157
-4.23947
-4.24805
-4.25727
-4.26713
-4.27762
-4.28871
-4.30039
-4.31265
-4.32545
-4.63135
-4.61822
-4.60567
-4.59367
-4.58231
-4.57155
-4.56144
-4.552
-4.54318
-4.5351
-4.52767
-4.52098
-4.51501
-4.50974
-4.50522
-4.50144
-4.49842
-4.49614
-4.49462
-4.49386
-4.49386
-4.49462
-4.49614
-4.49842
-4.50144
-4.50521
-4.50975
-4.515
-4.52099
-4.52767
-4.53509
-4.54321
-4.55198
-4.56145
-4.57157
-4.58229
-4.59369
-4.60566
-4.61821
-4.63136
7.16167
6.79116
6.42064
6.05012
5.67959
5.30906
4.93852
4.56797
4.19742
3.82687
3.45631
3.08574
2.71518
2.34461
1.97403
1.60346
1.23288
0.862304
0.491727
0.121147
-0.249434
-0.620014
-0.990593
-1.36118
-1.73175
-2.10232
-2.4729
-2.84347
-3.21404
-3.58461
-3.95517
-4.32573
-4.69628
-5.06683
-5.43737
-5.80792
-6.17844
-6.54897
-6.91949
-7.29001
6.85873
6.49723
6.13572
5.77419
5.41264
5.05107
4.68948
4.32788
3.96627
3.60464
3.24301
2.88136
2.5197
2.15803
1.79636
1.43468
1.07299
0.711302
0.349604
-0.0120895
-0.373786
-0.73548
-1.09718
-1.45887
-1.82055
-2.18224
-2.54392
-2.90559
-3.26725
-3.6289
-3.99054
-4.35217
-4.71379
-5.07538
-5.43697
-5.79855
-6.1601
-6.52164
-6.88316
-7.24466
6.55579
6.20331
5.8508
5.49826
5.14568
4.79308
4.44045
4.0878
3.73512
3.38242
3.02971
2.67697
2.32422
1.97146
1.61868
1.2659
0.913095
0.560294
0.207486
-0.145326
-0.498139
-0.850952
-1.20376
-1.55656
-1.90936
-2.26215
-2.61494
-2.9677
-3.32046
-3.67319
-4.02591
-4.37861
-4.73129
-5.08395
-5.43658
-5.78918
-6.14176
-6.49431
-6.84683
-7.19931
6.25285
5.90939
5.56588
5.22232
4.87872
4.53509
4.19142
3.84772
3.50397
3.16021
2.81641
2.47259
2.12875
1.78489
1.44101
1.09711
0.753204
0.409287
0.0653656
-0.278562
-0.622491
-0.96642
-1.31034
-1.65426
-1.99817
-2.34207
-2.68595
-3.02981
-3.37366
-3.71748
-4.06128
-4.40505
-4.74879
-5.09251
-5.43617
-5.77982
-6.12342
-6.46698
-6.81049
-7.15396
5.94991
5.61547
5.28095
4.94639
4.61177
4.2771
3.94239
3.60763
3.27283
2.93799
2.60311
2.26821
1.93328
1.59831
1.26333
0.928327
0.593313
0.258284
-0.0767543
-0.411797
-0.746843
-1.08189
-1.41693
-1.75196
-2.08697
-2.42198
-2.75696
-3.09193
-3.42686
-3.76177
-4.09665
-4.43149
-4.7663
-5.10106
-5.43578
-5.77045
-6.10508
-6.43964
-6.77416
-7.10862
5.64698
5.32154
4.99603
4.67046
4.34482
4.01911
3.69336
3.36754
3.04168
2.71577
2.38981
2.06382
1.7378
1.41174
1.08565
0.759547
0.433419
0.107279
-0.218874
-0.545033
-0.871194
-1.19735
-1.52351
-1.84965
-2.17578
-2.50189
-2.82798
-3.15404
-3.48007
-3.80606
-4.13202
-4.45793
-4.7838
-5.10962
-5.43538
-5.76109
-6.08673
-6.41232
-6.73783
-7.06327
5.34404
5.02762
4.71111
4.39453
4.07786
3.76113
3.44432
3.12746
2.81053
2.49355
2.17652
1.85944
1.54232
1.22517
0.907981
0.590765
0.273531
-0.0437269
-0.360992
-0.678268
-0.995546
-1.31282
-1.63009
-1.94735
-2.26458
-2.5818
-2.89899
-3.21615
-3.53328
-3.85035
-4.16739
-4.48438
-4.8013
-5.11818
-5.43498
-5.75172
-6.06839
-6.38498
-6.7015
-7.01793
5.0411
4.7337
4.42619
4.1186
3.81091
3.50314
3.19529
2.88738
2.57939
2.27134
1.96323
1.65506
1.34685
1.0386
0.730307
0.421986
0.113637
-0.194729
-0.503109
-0.811504
-1.11989
-1.42829
-1.73667
-2.04504
-2.35339
-2.66171
-2.97
-3.27826
-3.58648
-3.89464
-4.20276
-4.51082
-4.81881
-5.12673
-5.43459
-5.74236
-6.05005
-6.35765
-6.66516
-6.97258
4.73817
4.43978
4.14127
3.84267
3.54396
3.24516
2.94627
2.64729
2.34824
2.04912
1.74993
1.45068
1.15138
0.852028
0.552635
0.253206
-0.046253
-0.34573
-0.645231
-0.944736
-1.24424
-1.54375
-1.84325
-2.14273
-2.44219
-2.74162
-3.04102
-3.34037
-3.63968
-3.93893
-4.23813
-4.53725
-4.83631
-5.13529
-5.43419
-5.73299
-6.03171
-6.33032
-6.62883
-6.92723
4.43524
4.14586
3.85636
3.56674
3.27701
2.98717
2.69724
2.40722
2.1171
1.8269
1.53663
1.2463
0.955907
0.665458
0.374961
0.0844259
-0.206139
-0.496736
-0.787345
-1.07797
-1.3686
-1.65922
-1.94983
-2.24043
-2.531
-2.82153
-3.11203
-3.40249
-3.69288
-3.98323
-4.2735
-4.56369
-4.85382
-5.14384
-5.43379
-5.72363
-6.01336
-6.30299
-6.5925
-6.88189
4.13231
3.85194
3.57144
3.29081
3.01006
2.72919
2.44821
2.16713
1.88596
1.60469
1.32334
1.04192
0.760436
0.478888
0.197291
-0.0843511
-0.366031
-0.647736
-0.929462
-1.2112
-1.49295
-1.77469
-2.05641
-2.33812
-2.6198
-2.90145
-3.18304
-3.4646
-3.74609
-4.02751
-4.30887
-4.59014
-4.87132
-5.15241
-5.43339
-5.71426
-5.99502
-6.27566
-6.55617
-6.83654
3.82938
3.55802
3.28652
3.01488
2.74311
2.47121
2.19919
1.92705
1.65482
1.38248
1.11005
0.837544
0.564965
0.292321
0.0196191
-0.253129
-0.525919
-0.798736
-1.07158
-1.34443
-1.61729
-1.89015
-2.16299
-2.43581
-2.7086
-2.98135
-3.25406
-3.52671
-3.79929
-4.07181
-4.34423
-4.61658
-4.88882
-5.16096
-5.43299
-5.7049
-5.97668
-6.24833
-6.51983
-6.79119
3.52644
3.26411
3.00161
2.73896
2.47616
2.21323
1.95016
1.68698
1.42367
1.16027
0.896761
0.633168
0.369496
0.105753
-0.15805
-0.421907
-0.685803
-0.949736
-1.21369
-1.47766
-1.74164
-2.00561
-2.26957
-2.5335
-2.7974
-3.06127
-3.32507
-3.58882
-3.8525
-4.11609
-4.3796
-4.64302
-4.90633
-5.16952
-5.43259
-5.69554
-5.95834
-6.221
-6.4835
-6.74585
3.22352
2.97019
2.7167
2.46303
2.20922
1.95525
1.70114
1.4469
1.19253
0.938054
0.683471
0.428792
0.174028
-0.0808117
-0.335719
-0.590682
-0.845693
-1.10073
-1.3558
-1.61089
-1.86599
-2.12108
-2.37615
-2.63119
-2.88621
-3.14117
-3.39609
-3.65093
-3.9057
-4.16038
-4.41497
-4.66946
-4.92383
-5.17808
-5.43219
-5.68617
-5.94
-6.19367
-6.44717
-6.70051
2.92059
2.67628
2.43179
2.18711
1.94227
1.69727
1.45212
1.20682
0.961394
0.715845
0.470183
0.224419
-0.0214387
-0.267377
-0.513386
-0.759457
-1.00558
-1.25174
-1.49792
-1.74412
-1.99034
-2.23654
-2.48273
-2.72888
-2.97501
-3.22108
-3.4671
-3.71304
-3.9589
-4.20467
-4.45034
-4.69589
-4.94133
-5.18663
-5.43179
-5.67681
-5.92166
-6.16634
-6.41085
-6.65516
2.61766
2.38237
2.14687
1.91119
1.67533
1.43929
1.2031
0.966749
0.730258
0.493637
0.256896
0.0200446
-0.216904
-0.45394
-0.691053
-0.92823
-1.16546
-1.40273
-1.64004
-1.87735
-2.11468
-2.352
-2.5893
-2.82657
-3.06381
-3.30099
-3.53811
-3.77515
-4.0121
-4.24896
-4.48571
-4.72234
-4.95884
-5.19519
-5.4314
-5.66744
-5.90332
-6.13901
-6.37451
-6.60982
2.31473
2.08846
1.86196
1.63527
1.40839
1.18132
0.954076
0.726675
0.499123
0.27143
0.0436102
-0.184326
-0.412368
-0.640502
-0.868718
-1.097
-1.32534
-1.55373
-1.78215
-2.01058
-2.23902
-2.46746
-2.69588
-2.92426
-3.15261
-3.3809
-3.60912
-3.83725
-4.0653
-4.29325
-4.52108
-4.74878
-4.97634
-5.20375
-5.431
-5.65807
-5.88497
-6.11168
-6.33818
-6.56447
2.01181
1.79455
1.57706
1.35935
1.14145
0.923346
0.70506
0.486604
0.267989
0.0492254
-0.169674
-0.388696
-0.60783
-0.827061
-1.04638
-1.26577
-1.48522
-1.70472
-1.92426
-2.14381
-2.36336
-2.58292
-2.80245
-3.02195
-3.2414
-3.4608
-3.68012
-3.89936
-4.1185
-4.33753
-4.55644
-4.77522
-4.99384
-5.2123
-5.4306
-5.64871
-5.86663
-6.08435
-6.30185
-6.51913
1.70889
1.50064
1.29216
1.08344
0.874507
0.665374
0.456044
0.246535
0.0368569
-0.172977
-0.382956
-0.593064
-0.803291
-1.01362
-1.22404
-1.43454
-1.6451
-1.85572
-2.06636
-2.27703
-2.4877
-2.69837
-2.90902
-3.11964
-3.3302
-3.5407
-3.75113
-3.96147
-4.17171
-4.38182
-4.59181
-4.80166
-5.01134
-5.22086
-5.4302
-5.63935
-5.84829
-6.05702
-6.26552
-6.47379
1.40598
1.20674
1.00725
0.807527
0.607574
0.407404
0.207033
0.0064693
-0.194272
-0.395178
-0.596235
-0.79743
-0.998749
-1.20018
-1.4017
-1.60331
-1.80498
-2.00671
-2.20847
-2.41025
-2.61205
-2.81383
-3.0156
-3.21732
-3.419
-3.62061
-3.82214
-4.02358
-4.2249
-4.42611
-4.62718
-4.82809
-5.02884
-5.22942
-5.4298
-5.62998
-5.82995
-6.02969
-6.22919
-6.42844
1.10306
0.912839
0.722353
0.531617
0.340641
0.149438
-0.041978
-0.233595
-0.425398
-0.617376
-0.809511
-1.00179
-1.1942
-1.38673
-1.57936
-1.77207
-1.96485
-2.1577
-2.35057
-2.54347
-2.73638
-2.92929
-3.12217
-3.31501
-3.5078
-3.70051
-3.89315
-4.08568
-4.2781
-4.47039
-4.66254
-4.85453
-5.04635
-5.23798
-5.4294
-5.62062
-5.81161
-6.00236
-6.19286
-6.3831
0.800147
0.618941
0.437457
0.255709
0.0737112
-0.108525
-0.290985
-0.473656
-0.656522
-0.839572
-1.02279
-1.20615
-1.38966
-1.57328
-1.75701
-1.94083
-2.12473
-2.30868
-2.49268
-2.67669
-2.86072
-3.04474
-3.22874
-3.41269
-3.59659
-3.78041
-3.96415
-4.14779
-4.3313
-4.51468
-4.69791
-4.88097
-5.06385
-5.24653
-5.42901
-5.61126
-5.79327
-5.97503
-6.15653
-6.33776
0.497239
0.325045
0.152563
-0.0201948
-0.193215
-0.366484
-0.539989
-0.713713
-0.887644
-1.06176
-1.23606
-1.41051
-1.58511
-1.75983
-1.93467
-2.10959
-2.2846
-2.45966
-2.63477
-2.80991
-2.98505
-3.16019
-3.3353
-3.51037
-3.68538
-3.86031
-4.03516
-4.20989
-4.3845
-4.55897
-4.73327
-4.9074
-5.08135
-5.25509
-5.42861
-5.60189
-5.77493
-5.94771
-6.12021
-6.29242
0.194334
0.0311548
-0.132326
-0.296095
-0.460138
-0.62444
-0.788988
-0.953767
-1.11876
-1.28395
-1.44932
-1.61486
-1.78055
-1.94637
-2.11231
-2.27835
-2.44446
-2.61065
-2.77687
-2.94312
-3.10938
-3.27564
-3.44186
-3.60805
-3.77417
-3.94021
-4.10616
-4.27199
-4.43769
-4.60325
-4.76863
-4.93384
-5.09885
-5.26364
-5.42821
-5.59253
-5.75659
-5.92038
-6.08388
-6.24708
-0.108567
-0.262732
-0.417211
-0.57199
-0.727055
-0.882394
-1.03799
-1.19381
-1.34987
-1.50614
-1.66259
-1.81921
-1.976
-2.13292
-2.28996
-2.4471
-2.60433
-2.76162
-2.91896
-3.07633
-3.23371
-3.39108
-3.54842
-3.70572
-3.86296
-4.02011
-4.17716
-4.33409
-4.49089
-4.64753
-4.804
-4.96027
-5.11635
-5.2722
-5.42781
-5.58317
-5.73825
-5.89305
-6.04756
-6.20174
-0.411463
-0.556613
-0.70209
-0.847882
-0.99397
-1.14034
-1.28698
-1.43386
-1.58098
-1.72831
-1.87585
-2.02356
-2.17143
-2.31945
-2.4676
-2.61585
-2.76419
-2.91259
-3.06105
-3.20954
-3.35804
-3.50652
-3.65498
-3.8034
-3.95174
-4.1
-4.24816
-4.39619
-4.54408
-4.69181
-4.83936
-4.98671
-5.13385
-5.28076
-5.42741
-5.57381
-5.71992
-5.86573
-6.01123
-6.15641
-0.714353
-0.850489
-0.986965
-1.12376
-1.26088
-1.39828
-1.53596
-1.6739
-1.81208
-1.95048
-2.0891
-2.2279
-2.36687
-2.50598
-2.64523
-2.78459
-2.92404
-3.06356
-3.20313
-3.34274
-3.48235
-3.62196
-3.76154
-3.90107
-4.04052
-4.17989
-4.31916
-4.45829
-4.59727
-4.73609
-4.87472
-5.01314
-5.15135
-5.28931
-5.42701
-5.56444
-5.70158
-5.8384
-5.97491
-6.11107
-1.01724
-1.14436
-1.27183
-1.39965
-1.52778
-1.65622
-1.78494
-1.91393
-2.04318
-2.17265
-2.30234
-2.43223
-2.56229
-2.6925
-2.82286
-2.95332
-3.08389
-3.21452
-3.34521
-3.47593
-3.60667
-3.73739
-3.86809
-3.99873
-4.1293
-4.25978
-4.39015
-4.52038
-4.65046
-4.78036
-4.91008
-5.03958
-5.16885
-5.29786
-5.42661
-5.55508
-5.68324
-5.81108
-5.93859
-6.06574
-1.32011
-1.43822
-1.55669
-1.67552
-1.79467
-1.91414
-2.03391
-2.15395
-2.27426
-2.39481
-2.51558
-2.63655
-2.7577
-2.87902
-3.00048
-3.12205
-3.24373
-3.36548
-3.48728
-3.60912
-3.73097
-3.85282
-3.97463
-4.09639
-4.21807
-4.33966
-4.46113
-4.58247
-4.70364
-4.82464
-4.94543
-5.06601
-5.18634
-5.30642
-5.42622
-5.54572
-5.66491
-5.78376
-5.90227
-6.0204
-1.62298
-1.73207
-1.84154
-1.95137
-2.06155
-2.17206
-2.28287
-2.39397
-2.50533
-2.61696
-2.72881
-2.84086
-2.95311
-3.06553
-3.17809
-3.29077
-3.40356
-3.51642
-3.62934
-3.7423
-3.85527
-3.96823
-4.08116
-4.19404
-4.30684
-4.41954
-4.53212
-4.64455
-4.75682
-4.86891
-4.98079
-5.09244
-5.20384
-5.31498
-5.42582
-5.53636
-5.64657
-5.75644
-5.86595
-5.97508
-1.92584
-2.02591
-2.12638
-2.22722
-2.32842
-2.42996
-2.53182
-2.63397
-2.7364
-2.83909
-2.94202
-3.04517
-3.14851
-3.25202
-3.35568
-3.45948
-3.56337
-3.66735
-3.7714
-3.87547
-3.97956
-4.08364
-4.18769
-4.29168
-4.3956
-4.49941
-4.60309
-4.70663
-4.81
-4.91318
-5.01614
-5.11886
-5.22133
-5.32353
-5.42542
-5.527
-5.62824
-5.72912
-5.82963
-5.92975
-2.22868
-2.31974
-2.41121
-2.50306
-2.59528
-2.68785
-2.78075
-2.87395
-2.96745
-3.06121
-3.15522
-3.24945
-3.34389
-3.4385
-3.53326
-3.62817
-3.72318
-3.81827
-3.91343
-4.00863
-4.10384
-4.19904
-4.29421
-4.38931
-4.48434
-4.57927
-4.67406
-4.7687
-4.86317
-4.95744
-5.05148
-5.14529
-5.23882
-5.33208
-5.42502
-5.51764
-5.60991
-5.70181
-5.79332
-5.88443
-2.53151
-2.61355
-2.69601
-2.77888
-2.86212
-2.94572
-3.02966
-3.11392
-3.19848
-3.28331
-3.3684
-3.45372
-3.53924
-3.62496
-3.71083
-3.79684
-3.88296
-3.96917
-4.05545
-4.14177
-4.2281
-4.31442
-4.4007
-4.48693
-4.57308
-4.65911
-4.74502
-4.83077
-4.91633
-5.00169
-5.08683
-5.17171
-5.25632
-5.34063
-5.42462
-5.50828
-5.59158
-5.6745
-5.75701
-5.83912
-2.83431
-2.90734
-2.9808
-3.05467
-3.12893
-3.20357
-3.27855
-3.35386
-3.42948
-3.50539
-3.58155
-3.65796
-3.73457
-3.81138
-3.88836
-3.96548
-4.04272
-4.12005
-4.19744
-4.27488
-4.35233
-4.42978
-4.50718
-4.58453
-4.66179
-4.73895
-4.81596
-4.89282
-4.96948
-5.04594
-5.12216
-5.19812
-5.2738
-5.34918
-5.42423
-5.49893
-5.57326
-5.64719
-5.72072
-5.79382
-3.1371
-3.20111
-3.26556
-3.33044
-3.39572
-3.46138
-3.52741
-3.59377
-3.66045
-3.72743
-3.79467
-3.86216
-3.92987
-3.99778
-4.06586
-4.13409
-4.20244
-4.27088
-4.3394
-4.40796
-4.47654
-4.5451
-4.61363
-4.6821
-4.75048
-4.81875
-4.88688
-4.95484
-5.02262
-5.09017
-5.15748
-5.22453
-5.29128
-5.35772
-5.42383
-5.48957
-5.55494
-5.61989
-5.68443
-5.74852
-3.43985
-3.49484
-3.55029
-3.60618
-3.66247
-3.71916
-3.77623
-3.83364
-3.89138
-3.94942
-4.00775
-4.06632
-4.12512
-4.18413
-4.24332
-4.30265
-4.36211
-4.42167
-4.48131
-4.54099
-4.60069
-4.66038
-4.72004
-4.77963
-4.83914
-4.89852
-4.95777
-5.01685
-5.07572
-5.13438
-5.19279
-5.25092
-5.30875
-5.36627
-5.42343
-5.48022
-5.53662
-5.59261
-5.64815
-5.70324
-3.74256
-3.78852
-3.83497
-3.88186
-3.92917
-3.97689
-4.02499
-4.07346
-4.12225
-4.17136
-4.22076
-4.27041
-4.3203
-4.3704
-4.42069
-4.47114
-4.52171
-4.57239
-4.62314
-4.67395
-4.72477
-4.7756
-4.82638
-4.8771
-4.92773
-4.97824
-5.02861
-5.07881
-5.1288
-5.17856
-5.22807
-5.2773
-5.32622
-5.3748
-5.42304
-5.47088
-5.51832
-5.56534
-5.6119
-5.65799
-4.0452
-4.08216
-4.11958
-4.15747
-4.1958
-4.23454
-4.27368
-4.31319
-4.35304
-4.3932
-4.43367
-4.4744
-4.51538
-4.55657
-4.59796
-4.6395
-4.68119
-4.72298
-4.76486
-4.80679
-4.84874
-4.89069
-4.9326
-4.97446
-5.01622
-5.05787
-5.09937
-5.14069
-5.18181
-5.22269
-5.26331
-5.30364
-5.34366
-5.38333
-5.42264
-5.46155
-5.50004
-5.53809
-5.57568
-5.61278
-4.34777
-4.37571
-4.40411
-4.433
-4.46233
-4.49208
-4.52224
-4.5528
-4.58368
-4.6149
-4.64643
-4.67823
-4.71028
-4.74256
-4.77503
-4.80768
-4.84046
-4.87337
-4.90636
-4.93941
-4.97249
-5.00557
-5.03863
-5.07162
-5.10453
-5.13732
-5.16996
-5.20243
-5.23469
-5.26671
-5.29847
-5.32992
-5.36106
-5.39184
-5.42224
-5.45224
-5.4818
-5.5109
-5.53952
-5.56765
-4.65024
-4.66913
-4.68851
-4.70836
-4.72871
-4.74945
-4.77063
-4.79219
-4.8141
-4.83636
-4.85892
-4.88177
-4.90488
-4.92822
-4.95175
-4.97549
-4.99934
-5.02334
-5.04743
-5.07159
-5.09578
-5.11999
-5.14419
-5.16833
-5.1924
-5.21637
-5.24018
-5.26383
-5.28728
-5.31049
-5.33343
-5.35607
-5.37837
-5.4003
-5.42185
-5.44297
-5.46363
-5.48382
-5.50351
-5.52267
7.3125
6.9375
6.5625
6.1875
5.8125
5.4375
5.0625
4.6875
4.3125
3.9375
3.5625
3.1875
2.8125
2.4375
2.0625
1.6875
1.3125
0.9375
0.5625
0.1875
-0.1875
-0.5625
-0.9375
-1.3125
-1.6875
-2.0625
-2.4375
-2.8125
-3.1875
-3.5625
-3.9375
-4.3125
-4.6875
-5.0625
-5.4375
-5.8125
-6.1875
-6.5625
-6.9375
-7.3125
7.3125
6.9375
6.5625
6.1875
5.8125
5.4375
5.0625
4.6875
4.3125
3.9375
3.5625
3.1875
2.8125
2.4375
2.0625
1.6875
1.3125
0.9375
0.5625
0.1875
-0.1875
-0.5625
-0.9375
-1.3125
-1.6875
-2.0625
-2.4375
-2.8125
-3.1875
-3.5625
-3.9375
-4.3125
-4.6875
-5.0625
-5.4375
-5.8125
-6.1875
-6.5625
-6.9375
-7.3125
7.3125
6.9375
6.5625
6.1875
5.8125
5.4375
5.0625
4.6875
4.3125
3.9375
3.5625
3.1875
2.8125
2.4375
2.0625
1.6875
1.3125
0.9375
0.5625
0.1875
-0.1875
-0.5625
-0.9375
-1.3125
-1.6875
-2.0625
-2.4375
-2.8125
-3.1875
-3.5625
-3.9375
-4.3125
-4.6875
-5.0625
-5.4375
-5.8125
-6.1875
-6.5625
-6.9375
-7.3125
7.3125
6.9375
6.5625
6.1875
5.8125
5.4375
5.0625
4.6875
4.3125
3.9375
3.5625
3.1875
2.8125
2.4375
2.0625
1.6875
1.3125
0.9375
0.5625
0.1875
-0.1875
-0.5625
-0.9375
-1.3125
-1.6875
-2.0625
-2.4375
-2.8125
-3.1875
-3.5625
-3.9375
-4.3125
-4.6875
-5.0625
-5.4375
-5.8125
-6.1875
-6.5625
-6.9375
-7.3125
7.3125
6.9375
6.5625
6.1875
5.8125
5.4375
5.0625
4.6875
4.3125
3.9375
3.5625
3.1875
2.8125
2.4375
2.0625
1.6875
1.3125
0.9375
0.5625
0.1875
-0.1875
-0.5625
-0.9375
-1.3125
-1.6875
-2.0625
-2.4375
-2.8125
-3.1875
-3.5625
-3.9375
-4.3125
-4.6875
-5.0625
-5.4375
-5.8125
-6.1875
-6.5625
-6.9375
-7.3125
7.3125
6.9375
6.5625
6.1875
5.8125
5.4375
5.0625
4.6875
4.3125
3.9375
3.5625
3.1875
2.8125
2.4375
2.0625
1.6875
1.3125
0.9375
0.5625
0.1875
-0.1875
-0.5625
-0.9375
-1.3125
-1.6875
-2.0625
-2.4375
-2.8125
-3.1875
-3.5625
-3.9375
-4.3125
-4.6875
-5.0625
-5.4375
-5.8125
-6.1875
-6.5625
-6.9375
-7.3125
7.3125
6.9375
6.5625
6.1875
5.8125
5.4375
5.0625
4.6875
4.3125
3.9375
3.5625
3.1875
2.8125
2.4375
2.0625
1.6875
1.3125
0.9375
0.5625
0.1875
-0.1875
-0.5625
-0.9375
-1.3125
-1.6875
-2.0625
-2.4375
-2.8125
-3.1875
-3.5625
-3.9375
-4.3125
-4.6875
-5.0625
-5.4375
-5.8125
-6.1875
-6.5625
-6.9375
-7.3125
7.3125
6.9375
6.5625
6.1875
5.8125
5.4375
5.0625
4.6875
4.3125
3.9375
3.5625
3.1875
2.8125
2.4375
2.0625
1.6875
1.3125
0.9375
0.5625
0.1875
-0.1875
-0.5625
-0.9375
-1.3125
-1.6875
-2.0625
-2.4375
-2.8125
-3.1875
-3.5625
-3.9375
-4.3125
-4.6875
-5.0625
-5.4375
-5.8125
-6.1875
-6.5625
-6.9375
-7.3125
7.3125
6.9375
6.5625
6.1875
5.8125
5.4375
5.0625
4.6875
4.3125
3.9375
3.5625
3.1875
2.8125
2.4375
2.0625
1.6875
1.3125
0.9375
0.5625
0.1875
-0.1875
-0.5625
-0.9375
-1.3125
-1.6875
-2.0625
-2.4375
-2.8125
-3.1875
-3.5625
-3.9375
-4.3125
-4.6875
-5.0625
-5.4375
-5.8125
-6.1875
-6.5625
-6.9375
-7.3125
7.3125
6.9375
6.5625
6.1875
5.8125
5.4375
5.0625
4.6875
4.3125
3.9375
3.5625
3.1875
2.8125
2.4375
2.0625
1.6875
1.3125
0.9375
0.5625
0.1875
-0.1875
-0.5625
-0.9375
-1.3125
-1.6875
-2.0625
-2.4375
-2.8125
-3.1875
-3.5625
-3.9375
-4.3125
-4.6875
-5.0625
-5.4375
-5.8125
-6.1875
-6.5625
-6.9375
-7.3125
7.3125
6.9375
6.5625
6.1875
5.8125
5.4375
5.0625
4.6875
4.3125
3.9375
3.5625
3.1875
2.8125
2.4375
2.0625
1.6875
1.3125
0.9375
0.5625
0.1875
-0.1875
-0.5625
-0.9375
-1.3125
-1.6875
-2.0625
-2.4375
-2.8125
-3.1875
-3.5625
-3.9375
-4.3125
-4.6875
-5.0625
-5.4375
-5.8125
-6.1875
-6.5625
-6.9375
-7.3125
7.3125
6.9375
6.5625
6.1875
5.8125
5.4375
5.0625
4.6875
4.3125
3.9375
3.5625
3.1875
2.8125
2.4375
2.0625
1.6875
1.3125
0.9375
0.5625
0.1875
-0.1875
-0.5625
-0.9375
-1.3125
-1.6875
-2.0625
-2.4375
-2.8125
-3.1875
-3.5625
-3.9375
-4.3125
-4.6875
-5.0625
-5.4375
-5.8125
-6.1875
-6.5625
-6.9375
-7.3125
7.3125
6.9375
6.5625
6.1875
5.8125
5.4375
5.0625
4.6875
4.3125
3.9375
3.5625
3.1875
2.8125
2.4375
2.0625
1.6875
1.3125
0.9375
0.5625
0.1875
-0.1875
-0.5625
-0.9375
-1.3125
-1.6875
-2.0625
-2.4375
-2.8125
-3.1875
-3.5625
-3.9375
-4.3125
-4.6875
-5.0625
-5.4375
-5.8125
-6.1875
-6.5625
-6.9375
-7.3125
7.3125
6.9375
6.5625
6.1875
5.8125
5.4375
5.0625
4.6875
4.3125
3.9375
3.5625
3.1875
2.8125
2.4375
2.0625
1.6875
1.3125
0.9375
0.5625
0.1875
-0.1875
-0.5625
-0.9375
-1.3125
-1.6875
-2.0625
-2.4375
-2.8125
-3.1875
-3.5625
-3.9375
-4.3125
-4.6875
-5.0625
-5.4375
-5.8125
-6.1875
-6.5625
-6.9375
-7.3125
7.3125
6.9375
6.5625
6.1875
5.8125
5.4375
5.0625
4.6875
4.3125
3.9375
3.5625
3.1875
2.8125
2.4375
2.0625
1.6875
1.3125
0.9375
0.5625
0.1875
-0.1875
-0.5625
-0.9375
-1.3125
-1.6875
-2.0625
-2.4375
-2.8125
-3.1875
-3.5625
-3.9375
-4.3125
-4.6875
-5.0625
-5.4375
-5.8125
-6.1875
-6.5625
-6.9375
-7.3125
7.3125
6.9375
6.5625
6.1875
5.8125
5.4375
5.0625
4.6875
4.3125
3.9375
3.5625
3.1875
2.8125
2.4375
2.0625
1.6875
1.3125
0.9375
0.5625
0.1875
-0.1875
-0.5625
-0.9375
-1.3125
-1.6875
-2.0625
-2.4375
-2.8125
-3.1875
-3.5625
-3.9375
-4.3125
-4.6875
-5.0625
-5.4375
-5.8125
-6.1875
-6.5625
-6.9375
-7.3125
7.3125
6.9375
6.5625
6.1875
5.8125
5.4375
5.0625
4.6875
4.3125
3.9375
3.5625
3.1875
2.8125
2.4375
2.0625
1.6875
1.3125
0.9375
0.5625
0.1875
-0.1875
-0.5625
-0.9375
-1.3125
-1.6875
-2.0625
-2.4375
-2.8125
-3.1875
-3.5625
-3.9375
-4.3125
-4.6875
-5.0625
-5.4375
-5.8125
-6.1875
-6.5625
-6.9375
-7.3125
7.3125
6.9375
6.5625
6.1875
5.8125
5.4375
5.0625
4.6875
4.3125
3.9375
3.5625
3.1875
2.8125
2.4375
2.0625
1.6875
1.3125
0.9375
0.5625
0.1875
-0.1875
-0.5625
-0.9375
-1.3125
-1.6875
-2.0625
-2.4375
-2.8125
-3.1875
-3.5625
-3.9375
-4.3125
-4.6875
-5.0625
-5.4375
-5.8125
-6.1875
-6.5625
-6.9375
-7.3125
7.3125
6.9375
6.5625
6.1875
5.8125
5.4375
5.0625
4.6875
4.3125
3.9375
3.5625
3.1875
2.8125
2.4375
2.0625
1.6875
1.3125
0.9375
0.5625
0.1875
-0.1875
-0.5625
-0.9375
-1.3125
-1.6875
-2.0625
-2.4375
-2.8125
-3.1875
-3.5625
-3.9375
-4.3125
-4.6875
-5.0625
-5.4375
-5.8125
-6.1875
-6.5625
-6.9375
-7.3125
7.3125
6.9375
6.5625
6.1875
5.8125
5.4375
5.0625
4.6875
4.3125
3.9375
3.5625
3.1875
2.8125
2.4375
2.0625
1.6875
1.3125
0.9375
0.5625
0.1875
-0.1875
-0.5625
-0.9375
-1.3125
-1.6875
-2.0625
-2.4375
-2.8125
-3.1875
-3.5625
-3.9375
-4.3125
-4.6875
-5.0625
-5.4375
-5.8125
-6.1875
-6.5625
-6.9375
-7.3125
7.3125
6.9375
6.5625
6.1875
5.8125
5.4375
5.0625
4.6875
4.3125
3.9375
3.5625
3.1875
2.8125
2.4375
2.0625
1.6875
1.3125
0.9375
0.5625
0.1875
-0.1875
-0.5625
-0.9375
-1.3125
-1.6875
-2.0625
-2.4375
-2.8125
-3.1875
-3.5625
-3.9375
-4.3125
-4.6875
-5.0625
-5.4375
-5.8125
-6.1875
-6.5625
-6.9375
-7.3125
7.3125
6.9375
6.5625
6.1875
5.8125
5.4375
5.0625
4.6875
4.3125
3.9375
3.5625
3.1875
2.8125
2.4375
2.0625
1.6875
1.3125
0.9375
0.5625
0.1875
-0.1875
-0.5625
-0.9375
-1.3125
-1.6875
-2.0625
-2.4375
-2.8125
-3.1875
-3.5625
-3.9375
-4.3125
-4.6875
-5.0625
-5.4375
-5.8125
-6.1875
-6.5625
-6.9375
-7.3125
7.3125
6.9375
6.5625
6.1875
5.8125
5.4375
5.0625
4.6875
4.3125
3.9375
3.5625
3.1875
2.8125
2.4375
2.0625
1.6875
1.3125
0.9375
0.5625
0.1875
-0.1875
-0.5625
-0.9375
-1.3125
-1.6875
-2.0625
-2.4375
-2.8125
-3.1875
-3.5625
-3.9375
-4.3125
-4.6875
-5.0625
-5.4375
-5.8125
-6.1875
-6.5625
-6.9375
-7.3125
7.3125
6.9375
6.5625
6.1875
5.8125
5.4375
5.0625
4.6875
4.3125
3.9375
3.5625
3.1875
2.8125
2.4375
2.0625
1.6875
1.3125
0.9375
0.5625
0.1875
-0.1875
-0.5625
-0.9375
-1.3125
-1.6875
-2.0625
-2.4375
-2.8125
-3.1875
-3.5625
-3.9375
-4.3125
-4.6875
-5.0625
-5.4375
-5.8125
-6.1875
-6.5625
-6.9375
-7.3125
7.3125
6.9375
6.5625
6.1875
5.8125
5.4375
5.0625
4.6875
4.3125
3.9375
3.5625
3.1875
2.8125
2.4375
2.0625
1.6875
1.3125
0.9375
0.5625
0.1875
-0.1875
-0.5625
-0.9375
-1.3125
-1.6875
-2.0625
-2.4375
-2.8125
-3.1875
-3.5625
-3.9375
-4.3125
-4.6875
-5.0625
-5.4375
-5.8125
-6.1875
-6.5625
-6.9375
-7.3125
7.3125
6.9375
6.5625
6.1875
5.8125
5.4375
5.0625
4.6875
4.3125
3.9375
3.5625
3.1875
2.8125
2.4375
2.0625
1.6875
1.3125
0.9375
0.5625
0.1875
-0.1875
-0.5625
-0.9375
-1.3125
-1.6875
-2.0625
-2.4375
-2.8125
-3.1875
-3.5625
-3.9375
-4.3125
-4.6875
-5.0625
-5.4375
-5.8125
-6.1875
-6.5625
-6.9375
-7.3125
7.3125
6.9375
6.5625
6.1875
5.8125
5.4375
5.0625
4.6875
4.3125
3.9375
3.5625
3.1875
2.8125
2.4375
2.0625
1.6875
1.3125
0.9375
0.5625
0.1875
-0.1875
-0.5625
-0.9375
-1.3125
-1.6875
-2.0625
-2.4375
-2.8125
-3.1875
-3.5625
-3.9375
-4.3125
-4.6875
-5.0625
-5.4375
-5.8125
-6.1875
-6.5625
-6.9375
-7.3125
7.3125
6.9375
6.5625
6.1875
5.8125
5.4375
5.0625
4.6875
4.3125
3.9375
3.5625
3.1875
2.8125
2.4375
2.0625
1.6875
1.3125
0.9375
0.5625
0.1875
-0.1875
-0.5625
-0.9375
-1.3125
-1.6875
-2.0625
-2.4375
-2.8125
-3.1875
-3.5625
-3.9375
-4.3125
-4.6875
-5.0625
-5.4375
-5.8125
-6.1875
-6.5625
-6.9375
-7.3125
7.3125
6.9375
6.5625
6.1875
5.8125
5.4375
5.0625
4.6875
4.3125
3.9375
3.5625
3.1875
2.8125
2.4375
2.0625
1.6875
1.3125
0.9375
0.5625
0.1875
-0.1875
-0.5625
-0.9375
-1.3125
-1.6875
-2.0625
-2.4375
-2.8125
-3.1875
-3.5625
-3.9375
-4.3125
-4.6875
-5.0625
-5.4375
-5.8125
-6.1875
-6.5625
-6.9375
-7.3125
7.3125
6.9375
6.5625
6.1875
5.8125
5.4375
5.0625
4.6875
4.3125
3.9375
3.5625
3.1875
2.8125
2.4375
2.0625
1.6875
1.3125
0.9375
0.5625
0.1875
-0.1875
-0.5625
-0.9375
-1.3125
-1.6875
-2.0625
-2.4375
-2.8125
-3.1875
-3.5625
-3.9375
-4.3125
-4.6875
-5.0625
-5.4375
-5.8125
-6.1875
-6.5625
-6.9375
-7.3125
7.3125
6.9375
6.5625
6.1875
5.8125
5.4375
5.0625
4.6875
4.3125
3.9375
3.5625
3.1875
2.8125
2.4375
2.0625
1.6875
1.3125
0.9375
0.5625
0.1875
-0.1875
-0.5625
-0.9375
-1.3125
-1.6875
-2.0625
-2.4375
-2.8125
-3.1875
-3.5625
-3.9375
-4.3125
-4.6875
-5.0625
-5.4375
-5.8125
-6.1875
-6.5625
-6.9375
-7.3125
7.3125
6.9375
6.5625
6.1875
5.8125
5.4375
5.0625
4.6875
4.3125
3.9375
3.5625
3.1875
2.8125
2.4375
2.0625
1.6875
1.3125
0.9375
0.5625
0.1875
-0.1875
-0.5625
-0.9375
-1.3125
-1.6875
-2.0625
-2.4375
-2.8125
-3.1875
-3.5625
-3.9375
-4.3125
-4.6875
-5.0625
-5.4375
-5.8125
-6.1875
-6.5625
-6.9375
-7.3125
7.3125
6.9375
6.5625
6.1875
5.8125
5.4375
5.0625
4.6875
4.3125
3.9375
3.5625
3.1875
2.8125
2.4375
2.0625
1.6875
1.3125
0.9375
0.5625
0.1875
-0.1875
-0.5625
-0.9375
-1.3125
-1.6875
-2.0625
-2.4375
-2.8125
-3.1875
-3.5625
-3.9375
-4.3125
-4.6875
-5.0625
-5.4375
-5.8125
-6.1875
-6.5625
-6.9375
-7.3125
7.3125
6.9375
6.5625
6.1875
5.8125
5.4375
5.0625
4.6875
4.3125
3.9375
3.5625
3.1875
2.8125
2.4375
2.0625
1.6875
1.3125
0.9375
0.5625
0.1875
-0.1875
-0.5625
-0.9375
-1.3125
-1.6875
-2.0625
-2.4375
-2.8125
-3.1875
-3.5625
-3.9375
-4.3125
-4.6875
-5.0625
-5.4375
-5.8125
-6.1875
-6.5625
-6.9375
-7.3125
7.3125
6.9375
6.5625
6.1875
5.8125
5.4375
5.0625
4.6875
4.3125
3.9375
3.5625
3.1875
2.8125
2.4375
2.0625
1.6875
1.3125
0.9375
0.5625
0.1875
-0.1875
-0.5625
-0.9375
-1.3125
-1.6875
-2.0625
-2.4375
-2.8125
-3.1875
-3.5625
-3.9375
-4.3125
-4.6875
-5.0625
-5.4375
-5.8125
-6.1875
-6.5625
-6.9375
-7.3125
7.3125
6.9375
6.5625
6.1875
5.8125
5.4375
5.0625
4.6875
4.3125
3.9375
3.5625
3.1875
2.8125
2.4375
2.0625
1.6875
1.3125
0.9375
0.5625
0.1875
-0.1875
-0.5625
-0.9375
-1.3125
-1.6875
-2.0625
-2.4375
-2.8125
-3.1875
-3.5625
-3.9375
-4.3125
-4.6875
-5.0625
-5.4375
-5.8125
-6.1875
-6.5625
-6.9375
-7.3125
7.3125
6.9375
6.5625
6.1875
5.8125
5.4375
5.0625
4.6875
4.3125
3.9375
3.5625
3.1875
2.8125
2.4375
2.0625
1.6875
1.3125
0.9375
0.5625
0.1875
-0.1875
-0.5625
-0.9375
-1.3125
-1.6875
-2.0625
-2.4375
-2.8125
-3.1875
-3.5625
-3.9375
-4.3125
-4.6875
-5.0625
-5.4375
-5.8125
-6.1875
-6.5625
-6.9375
-7.3125
7.3125
6.9375
6.5625
6.1875
5.8125
5.4375
5.0625
4.6875
4.3125
3.9375
3.5625
3.1875
2.8125
2.4375
2.0625
1.6875
1.3125
0.9375
0.5625
0.1875
-0.1875
-0.5625
-0.9375
-1.3125
-1.6875
-2.0625
-2.4375
-2.8125
-3.1875
-3.5625
-3.9375
-4.3125
-4.6875
-5.0625
-5.4375
-5.8125
-6.1875
-6.5625
-6.9375
-7.3125
7.3125
6.9375
6.5625
6.1875
5.8125
5.4375
5.0625
4.6875
4.3125
3.9375
3.5625
3.1875
2.8125
2.4375
2.0625
1.6875
1.3125
0.9375
0.5625
0.1875
-0.1875
-0.5625
-0.9375
-1.3125
-1.6875
-2.0625
-2.4375
-2.8125
-3.1875
-3.5625
-3.9375
-4.3125
-4.6875
-5.0625
-5.4375
-5.8125
-6.1875
-6.5625
-6.9375
-7.3125
7.3125
6.9375
6.5625
6.1875
5.8125
5.4375
5.0625
4.6875
4.3125
3.9375
3.5625
3.1875
2.8125
2.4375
2.0625
1.6875
1.3125
0.9375
0.5625
0.1875
-0.1875
-0.5625
-0.9375
-1.3125
-1.6875
-2.0625
-2.4375
-2.8125
-3.1875
-3.5625
-3.9375
-4.3125
-4.6875
-5.0625
-5.4375
-5.8125
-6.1875
-6.5625
-6.9375
-7.3125
7.3125
6.9375
6.5625
6.1875
5.8125
5.4375
5.0625
4.6875
4.3125
3.9375
3.5625
3.1875
2.8125
2.4375
2.0625
1.6875
1.3125
0.9375
0.5625
0.1875
-0.1875
-0.5625
-0.9375
-1.3125
-1.6875
-2.0625
-2.4375
-2.8125
-3.1875
-3.5625
-3.9375
-4.3125
-4.6875
-5.0625
-5.4375
-5.8125
-6.1875
-6.5625
-6.9375
-7.3125
7.3125
6.9375
6.5625
6.1875
5.8125
5.4375
5.0625
4.6875
4.3125
3.9375
3.5625
3.1875
2.8125
2.4375
2.0625
1.6875
1.3125
0.9375
0.5625
0.1875
-0.1875
-0.5625
-0.9375
-1.3125
-1.6875
-2.0625
-2.4375
-2.8125
-3.1875
-3.5625
-3.9375
-4.3125
-4.6875
-5.0625
-5.4375
-5.8125
-6.1875
-6.5625
-6.9375
-7.3125
7.3125
6.9375
6.5625
6.1875
5.8125
5.4375
5.0625
4.6875
4.3125
3.9375
3.5625
3.1875
2.8125
2.4375
2.0625
1.6875
1.3125
0.9375
0.5625
0.1875
-0.1875
-0.5625
-0.9375
-1.3125
-1.6875
-2.0625
-2.4375
-2.8125
-3.1875
-3.5625
-3.9375
-4.3125
-4.6875
-5.0625
-5.4375
-5.8125
-6.1875
-6.5625
-6.9375
-7.3125
7.3125
6.9375
6.5625
6.1875
5.8125
5.4375
5.0625
4.6875
4.3125
3.9375
3.5625
3.1875
2.8125
2.4375
2.0625
1.6875
1.3125
0.9375
0.5625
0.1875
-0.1875
-0.5625
-0.9375
-1.3125
-1.6875
-2.0625
-2.4375
-2.8125
-3.1875
-3.5625
-3.9375
-4.3125
-4.6875
-5.0625
-5.4375
-5.8125
-6.1875
-6.5625
-6.9375
-7.3125
7.3125
6.9375
6.5625
6.1875
5.8125
5.4375
5.0625
4.6875
4.3125
3.9375
3.5625
3.1875
2.8125
2.4375
2.0625
1.6875
1.3125
0.9375
0.5625
0.1875
-0.1875
-0.5625
-0.9375
-1.3125
-1.6875
-2.0625
-2.4375
-2.8125
-3.1875
-3.5625
-3.9375
-4.3125
-4.6875
-5.0625
-5.4375
-5.8125
-6.1875
-6.5625
-6.9375
-7.3125
7.3125
6.9375
6.5625
6.1875
5.8125
5.4375
5.0625
4.6875
4.3125
3.9375
3.5625
3.1875
2.8125
2.4375
2.0625
1.6875
1.3125
0.9375
0.5625
0.1875
-0.1875
-0.5625
-0.9375
-1.3125
-1.6875
-2.0625
-2.4375
-2.8125
-3.1875
-3.5625
-3.9375
-4.3125
-4.6875
-5.0625
-5.4375
-5.8125
-6.1875
-6.5625
-6.9375
-7.3125
7.3125
6.9375
6.5625
6.1875
5.8125
5.4375
5.0625
4.6875
4.3125
3.9375
3.5625
3.1875
2.8125
2.4375
2.0625
1.6875
1.3125
0.9375
0.5625
0.1875
-0.1875
-0.5625
-0.9375
-1.3125
-1.6875
-2.0625
-2.4375
-2.8125
-3.1875
-3.5625
-3.9375
-4.3125
-4.6875
-5.0625
-5.4375
-5.8125
-6.1875
-6.5625
-6.9375
-7.3125
7.3125
6.9375
6.5625
6.1875
5.8125
5.4375
5.0625
4.6875
4.3125
3.9375
3.5625
3.1875
2.8125
2.4375
2.0625
1.6875
1.3125
0.9375
0.5625
0.1875
-0.1875
-0.5625
-0.9375
-1.3125
-1.6875
-2.0625
-2.4375
-2.8125
-3.1875
-3.5625
-3.9375
-4.3125
-4.6875
-5.0625
-5.4375
-5.8125
-6.1875
-6.5625
-6.9375
-7.3125
7.3125
6.9375
6.5625
6.1875
5.8125
5.4375
5.0625
4.6875
4.3125
3.9375
3.5625
3.1875
2.8125
2.4375
2.0625
1.6875
1.3125
0.9375
0.5625
0.1875
-0.1875
-0.5625
-0.9375
-1.3125
-1.6875
-2.0625
-2.4375
-2.8125
-3.1875
-3.5625
-3.9375
-4.3125
-4.6875
-5.0625
-5.4375
-5.8125
-6.1875
-6.5625
-6.9375
-7.3125
7.3125
6.9375
6.5625
6.1875
5.8125
5.4375
5.0625
4.6875
4.3125
3.9375
3.5625
3.1875
2.8125
2.4375
2.0625
1.6875
1.3125
0.9375
0.5625
0.1875
-0.1875
-0.5625
-0.9375
-1.3125
-1.6875
-2.0625
-2.4375
-2.8125
-3.1875
-3.5625
-3.9375
-4.3125
-4.6875
-5.0625
-5.4375
-5.8125
-6.1875
-6.5625
-6.9375
-7.3125
7.3125
6.9375
6.5625
6.1875
5.8125
5.4375
5.0625
4.6875
4.3125
3.9375
3.5625
3.1875
2.8125
2.4375
2.0625
1.6875
1.3125
0.9375
0.5625
0.1875
-0.1875
-0.5625
-0.9375
-1.3125
-1.6875
-2.0625
-2.4375
-2.8125
-3.1875
-3.5625
-3.9375
-4.3125
-4.6875
-5.0625
-5.4375
-5.8125
-6.1875
-6.5625
-6.9375
-7.3125
7.3125
6.9375
6.5625
6.1875
5.8125
5.4375
5.0625
4.6875
4.3125
3.9375
3.5625
3.1875
2.8125
2.4375
2.0625
1.6875
1.3125
0.9375
0.5625
0.1875
-0.1875
-0.5625
-0.9375
-1.3125
-1.6875
-2.0625
-2.4375
-2.8125
-3.1875
-3.5625
-3.9375
-4.3125
-4.6875
-5.0625
-5.4375
-5.8125
-6.1875
-6.5625
-6.9375
-7.3125
7.3125
6.9375
6.5625
6.1875
5.8125
5.4375
5.0625
4.6875
4.3125
3.9375
3.5625
3.1875
2.8125
2.4375
2.0625
1.6875
1.3125
0.9375
0.5625
0.1875
-0.1875
-0.5625
-0.9375
-1.3125
-1.6875
-2.0625
-2.4375
-2.8125
-3.1875
-3.5625
-3.9375
-4.3125
-4.6875
-5.0625
-5.4375
-5.8125
-6.1875
-6.5625
-6.9375
-7.3125
7.3125
6.9375
6.5625
6.1875
5.8125
5.4375
5.0625
4.6875
4.3125
3.9375
3.5625
3.1875
2.8125
2.4375
2.0625
1.6875
1.3125
0.9375
0.5625
0.1875
-0.1875
-0.5625
-0.9375
-1.3125
-1.6875
-2.0625
-2.4375
-2.8125
-3.1875
-3.5625
-3.9375
-4.3125
-4.6875
-5.0625
-5.4375
-5.8125
-6.1875
-6.5625
-6.9375
-7.3125
7.3125
6.9375
6.5625
6.1875
5.8125
5.4375
5.0625
4.6875
4.3125
3.9375
3.5625
3.1875
2.8125
2.4375
2.0625
1.6875
1.3125
0.9375
0.5625
0.1875
-0.1875
-0.5625
-0.9375
-1.3125
-1.6875
-2.0625
-2.4375
-2.8125
-3.1875
-3.5625
-3.9375
-4.3125
-4.6875
-5.0625
-5.4375
-5.8125
-6.1875
-6.5625
-6.9375
-7.3125
7.3125
6.9375
6.5625
6.1875
5.8125
5.4375
5.0625
4.6875
4.3125
3.9375
3.5625
3.1875
2.8125
2.4375
2.0625
1.6875
1.3125
0.9375
0.5625
0.1875
-0.1875
-0.5625
-0.9375
-1.3125
-1.6875
-2.0625
-2.4375
-2.8125
-3.1875
-3.5625
-3.9375
-4.3125
-4.6875
-5.0625
-5.4375
-5.8125
-6.1875
-6.5625
-6.9375
-7.3125
7.3125
6.9375
6.5625
6.1875
5.8125
5.4375
5.0625
4.6875
4.3125
3.9375
3.5625
3.1875
2.8125
2.4375
2.0625
1.6875
1.3125
0.9375
0.5625
0.1875
-0.1875
-0.5625
-0.9375
-1.3125
-1.6875
-2.0625
-2.4375
-2.8125
-3.1875
-3.5625
-3.9375
-4.3125
-4.6875
-5.0625
-5.4375
-5.8125
-6.1875
-6.5625
-6.9375
-7.3125
7.3125
6.9375
6.5625
6.1875
5.8125
5.4375
5.0625
4.6875
4.3125
3.9375
3.5625
3.1875
2.8125
2.4375
2.0625
1.6875
1.3125
0.9375
0.5625
0.1875
-0.1875
-0.5625
-0.9375
-1.3125
-1.6875
-2.0625
-2.4375
-2.8125
-3.1875
-3.5625
-3.9375
-4.3125
-4.6875
-5.0625
-5.4375
-5.8125
-6.1875
-6.5625
-6.9375
-7.3125
7.3125
6.9375
6.5625
6.1875
5.8125
5.4375
5.0625
4.6875
4.3125
3.9375
3.5625
3.1875
2.8125
2.4375
2.0625
1.6875
1.3125
0.9375
0.5625
0.1875
-0.1875
-0.5625
-0.9375
-1.3125
-1.6875
-2.0625
-2.4375
-2.8125
-3.1875
-3.5625
-3.9375
-4.3125
-4.6875
-5.0625
-5.4375
-5.8125
-6.1875
-6.5625
-6.9375
-7.3125
7.3125
6.9375
6.5625
6.1875
5.8125
5.4375
5.0625
4.6875
4.3125
3.9375
3.5625
3.1875
2.8125
2.4375
2.0625
1.6875
1.3125
0.9375
0.5625
0.1875
-0.1875
-0.5625
-0.9375
-1.3125
-1.6875
-2.0625
-2.4375
-2.8125
-3.1875
-3.5625
-3.9375
-4.3125
-4.6875
-5.0625
-5.4375
-5.8125
-6.1875
-6.5625
-6.9375
-7.3125
7.3125
6.9375
6.5625
6.1875
5.8125
5.4375
5.0625
4.6875
4.3125
3.9375
3.5625
3.1875
2.8125
2.4375
2.0625
1.6875
1.3125
0.9375
0.5625
0.1875
-0.1875
-0.5625
-0.9375
-1.3125
-1.6875
-2.0625
-2.4375
-2.8125
-3.1875
-3.5625
-3.9375
-4.3125
-4.6875
-5.0625
-5.4375
-5.8125
-6.1875
-6.5625
-6.9375
-7.3125
7.3125
6.9375
6.5625
6.1875
5.8125
5.4375
5.0625
4.6875
4.3125
3.9375
3.5625
3.1875
2.8125
2.4375
2.0625
1.6875
1.3125
0.9375
0.5625
0.1875
-0.1875
-0.5625
-0.9375
-1.3125
-1.6875
-2.0625
-2.4375
-2.8125
-3.1875
-3.5625
-3.9375
-4.3125
-4.6875
-5.0625
-5.4375
-5.8125
-6.1875
-6.5625
-6.9375
-7.3125
7.3125
6.9375
6.5625
6.1875
5.8125
5.4375
5.0625
4.6875
4.3125
3.9375
3.5625
3.1875
2.8125
2.4375
2.0625
1.6875
1.3125
0.9375
0.5625
0.1875
-0.1875
-0.5625
-0.9375
-1.3125
-1.6875
-2.0625
-2.4375
-2.8125
-3.1875
-3.5625
-3.9375
-4.3125
-4.6875
-5.0625
-5.4375
-5.8125
-6.1875
-6.5625
-6.9375
-7.3125
7.3125
6.9375
6.5625
6.1875
5.8125
5.4375
5.0625
4.6875
4.3125
3.9375
3.5625
3.1875
2.8125
2.4375
2.0625
1.6875
1.3125
0.9375
0.5625
0.1875
-0.1875
-0.5625
-0.9375
-1.3125
-1.6875
-2.0625
-2.4375
-2.8125
-3.1875
-3.5625
-3.9375
-4.3125
-4.6875
-5.0625
-5.4375
-5.8125
-6.1875
-6.5625
-6.9375
-7.3125
7.3125
6.9375
6.5625
6.1875
5.8125
5.4375
5.0625
4.6875
4.3125
3.9375
3.5625
3.1875
2.8125
2.4375
2.0625
1.6875
1.3125
0.9375
0.5625
0.1875
-0.1875
-0.5625
-0.9375
-1.3125
-1.6875
-2.0625
-2.4375
-2.8125
-3.1875
-3.5625
-3.9375
-4.3125
-4.6875
-5.0625
-5.4375
-5.8125
-6.1875
-6.5625
-6.9375
-7.3125
7.3125
6.9375
6.5625
6.1875
5.8125
5.4375
5.0625
4.6875
4.3125
3.9375
3.5625
3.1875
2.8125
2.4375
2.0625
1.6875
1.3125
0.9375
0.5625
0.1875
-0.1875
-0.5625
-0.9375
-1.3125
-1.6875
-2.0625
-2.4375
-2.8125
-3.1875
-3.5625
-3.9375
-4.3125
-4.6875
-5.0625
-5.4375
-5.8125
-6.1875
-6.5625
-6.9375
-7.3125
7.3125
6.9375
6.5625
6.1875
5.8125
5.4375
5.0625
4.6875
4.3125
3.9375
3.5625
3.1875
2.8125
2.4375
2.0625
1.6875
1.3125
0.9375
0.5625
0.1875
-0.1875
-0.5625
-0.9375
-1.3125
-1.6875
-2.0625
-2.4375
-2.8125
-3.1875
-3.5625
-3.9375
-4.3125
-4.6875
-5.0625
-5.4375
-5.8125
-6.1875
-6.5625
-6.9375
-7.3125
7.3125
6.9375
6.5625
6.1875
5.8125
5.4375
5.0625
4.6875
4.3125
3.9375
3.5625
3.1875
2.8125
2.4375
2.0625
1.6875
1.3125
0.9375
0.5625
0.1875
-0.1875
-0.5625
-0.9375
-1.3125
-1.6875
-2.0625
-2.4375
-2.8125
-3.1875
-3.5625
-3.9375
-4.3125
-4.6875
-5.0625
-5.4375
-5.8125
-6.1875
-6.5625
-6.9375
-7.3125
7.3125
6.9375
6.5625
6.1875
5.8125
5.4375
5.0625
4.6875
4.3125
3.9375
3.5625
3.1875
2.8125
2.4375
2.0625
1.6875
1.3125
0.9375
0.5625
0.1875
-0.1875
-0.5625
-0.9375
-1.3125
-1.6875
-2.0625
-2.4375
-2.8125
-3.1875
-3.5625
-3.9375
-4.3125
-4.6875
-5.0625
-5.4375
-5.8125
-6.1875
-6.5625
-6.9375
-7.3125
7.3125
6.9375
6.5625
6.1875
5.8125
5.4375
5.0625
4.6875
4.3125
3.9375
3.5625
3.1875
2.8125
2.4375
2.0625
1.6875
1.3125
0.9375
0.5625
0.1875
-0.1875
-0.5625
-0.9375
-1.3125
-1.6875
-2.0625
-2.4375
-2.8125
-3.1875
-3.5625
-3.9375
-4.3125
-4.6875
-5.0625
-5.4375
-5.8125
-6.1875
-6.5625
-6.9375
-7.3125
7.3125
6.9375
6.5625
6.1875
5.8125
5.4375
5.0625
4.6875
4.3125
3.9375
3.5625
3.1875
2.8125
2.4375
2.0625
1.6875
1.3125
0.9375
0.5625
0.1875
-0.1875
-0.5625
-0.9375
-1.3125
-1.6875
-2.0625
-2.4375
-2.8125
-3.1875
-3.5625
-3.9375
-4.3125
-4.6875
-5.0625
-5.4375
-5.8125
-6.1875
-6.5625
-6.9375
-7.3125
7.3125
6.9375
6.5625
6.1875
5.8125
5.4375
5.0625
4.6875
4.3125
3.9375
3.5625
3.1875
2.8125
2.4375
2.0625
1.6875
1.3125
0.9375
0.5625
0.1875
-0.1875
-0.5625
-0.9375
-1.3125
-1.6875
-2.0625
-2.4375
-2.8125
-3.1875
-3.5625
-3.9375
-4.3125
-4.6875
-5.0625
-5.4375
-5.8125
-6.1875
-6.5625
-6.9375
-7.3125
7.3125
6.9375
6.5625
6.1875
5.8125
5.4375
5.0625
4.6875
4.3125
3.9375
3.5625
3.1875
2.8125
2.4375
2.0625
1.6875
1.3125
0.9375
0.5625
0.1875
-0.1875
-0.5625
-0.9375
-1.3125
-1.6875
-2.0625
-2.4375
-2.8125
-3.1875
-3.5625
-3.9375
-4.3125
-4.6875
-5.0625
-5.4375
-5.8125
-6.1875
-6.5625
-6.9375
-7.3125
7.3125
6.9375
6.5625
6.1875
5.8125
5.4375
5.0625
4.6875
4.3125
3.9375
3.5625
3.1875
2.8125
2.4375
2.0625
1.6875
1.3125
0.9375
0.5625
0.1875
-0.1875
-0.5625
-0.9375
-1.3125
-1.6875
-2.0625
-2.4375
-2.8125
-3.1875
-3.5625
-3.9375
-4.3125
-4.6875
-5.0625
-5.4375
-5.8125
-6.1875
-6.5625
-6.9375
-7.3125
7.3125
6.9375
6.5625
6.1875
5.8125
5.4375
5.0625
4.6875
4.3125
3.9375
3.5625
3.1875
2.8125
2.4375
2.0625
1.6875
1.3125
0.9375
0.5625
0.1875
-0.1875
-0.5625
-0.9375
-1.3125
-1.6875
-2.0625
-2.4375
-2.8125
-3.1875
-3.5625
-3.9375
-4.3125
-4.6875
-5.0625
-5.4375
-5.8125
-6.1875
-6.5625
-6.9375
-7.3125
7.3125
6.9375
6.5625
6.1875
5.8125
5.4375
5.0625
4.6875
4.3125
3.9375
3.5625
3.1875
2.8125
2.4375
2.0625
1.6875
1.3125
0.9375
0.5625
0.1875
-0.1875
-0.5625
-0.9375
-1.3125
-1.6875
-2.0625
-2.4375
-2.8125
-3.1875
-3.5625
-3.9375
-4.3125
-4.6875
-5.0625
-5.4375
-5.8125
-6.1875
-6.5625
-6.9375
-7.3125
7.3125
6.9375
6.5625
6.1875
5.8125
5.4375
5.0625
4.6875
4.3125
3.9375
3.5625
3.1875
2.8125
2.4375
2.0625
1.6875
1.3125
0.9375
0.5625
0.1875
-0.1875
-0.5625
-0.9375
-1.3125
-1.6875
-2.0625
-2.4375
-2.8125
-3.1875
-3.5625
-3.9375
-4.3125
-4.6875
-5.0625
-5.4375
-5.8125
-6.1875
-6.5625
-6.9375
-7.3125
7.3125
6.9375
6.5625
6.1875
5.8125
5.4375
5.0625
4.6875
4.3125
3.9375
3.5625
3.1875
2.8125
2.4375
2.0625
1.6875
1.3125
0.9375
0.5625
0.1875
-0.1875
-0.5625
-0.9375
-1.3125
-1.6875
-2.0625
-2.4375
-2.8125
-3.1875
-3.5625
-3.9375
-4.3125
-4.6875
-5.0625
-5.4375
-5.8125
-6.1875
-6.5625
-6.9375
-7.3125
7.3125
6.9375
6.5625
6.1875
5.8125
5.4375
5.0625
4.6875
4.3125
3.9375
3.5625
3.1875
2.8125
2.4375
2.0625
1.6875
1.3125
0.9375
0.5625
0.1875
-0.1875
-0.5625
-0.9375
-1.3125
-1.6875
-2.0625
-2.4375
-2.8125
-3.1875
-3.5625
-3.9375
-4.3125
-4.6875
-5.0625
-5.4375
-5.8125
-6.1875
-6.5625
-6.9375
-7.3125
7.3125
6.9375
6.5625
6.1875
5.8125
5.4375
5.0625
4.6875
4.3125
3.9375
3.5625
3.1875
2.8125
2.4375
2.0625
1.6875
1.3125
0.9375
0.5625
0.1875
-0.1875
-0.5625
-0.9375
-1.3125
-1.6875
-2.0625
-2.4375
-2.8125
-3.1875
-3.5625
-3.9375
-4.3125
-4.6875
-5.0625
-5.4375
-5.8125
-6.1875
-6.5625
-6.9375
-7.3125
)
;

boundaryField
{
    FrontBack
    {
        type            empty;
    }
    Cylinder
    {
        type            calculated;
        value           nonuniform List<scalar> 
160
(
-5.5124
-5.52573
-5.53847
-5.55062
-5.56217
-5.57307
-5.58332
-5.59292
-5.60183
-5.61004
-5.61756
-5.62435
-5.63042
-5.63575
-5.64034
-5.64416
-5.64723
-5.64954
-5.65108
-5.65185
-5.65185
-5.65108
-5.64954
-5.64723
-5.64416
-5.64033
-5.63575
-5.63042
-5.62436
-5.61756
-5.61004
-5.60183
-5.59292
-5.58332
-5.57307
-5.56217
-5.55063
-5.53847
-5.52572
-5.5124
-5.49852
-5.4841
-5.46918
-5.45377
-5.43788
-5.42156
-5.40482
-5.38769
-5.3702
-5.35237
-5.33424
-5.31583
-5.29716
-5.27826
-5.25918
-5.23993
-5.22054
-5.20104
-5.18147
-5.16186
-5.14223
-5.12261
-5.10304
-5.08355
-5.06417
-5.04491
-5.02582
-5.00693
-4.98825
-4.96984
-4.9517
-4.93388
-4.91639
-4.89926
-4.88253
-4.8662
-4.85032
-4.83491
-4.81998
-4.80556
-4.79169
-4.77836
-4.76561
-4.75345
-4.74192
-4.73101
-4.72076
-4.71117
-4.70225
-4.69403
-4.68652
-4.67973
-4.67366
-4.66834
-4.66376
-4.65992
-4.65685
-4.65454
-4.653
-4.65223
-4.65223
-4.65301
-4.65455
-4.65686
-4.65992
-4.66375
-4.66834
-4.67366
-4.67973
-4.68652
-4.69403
-4.70225
-4.71117
-4.72076
-4.73101
-4.74192
-4.75346
-4.76561
-4.77836
-4.79168
-4.80556
-4.81998
-4.83491
-4.85032
-4.86621
-4.88253
-4.89926
-4.91639
-4.93388
-4.9517
-4.96984
-4.98825
-5.00693
-5.02582
-5.04491
-5.06417
-5.08355
-5.10304
-5.12261
-5.14222
-5.16186
-5.18147
-5.20104
-5.22053
-5.23993
-5.25918
-5.27826
-5.29716
-5.31583
-5.33424
-5.35237
-5.3702
-5.38769
-5.40482
-5.42156
-5.43788
-5.45377
-5.46918
-5.48411
-5.49852
)
;
    }
    Bottom
    {
        type            calculated;
        value           nonuniform List<scalar> 
120
(
-7.5
-7.5
-7.5
-7.5
-7.5
-7.5
-7.5
-7.5
-7.5
-7.5
-7.5
-7.5
-7.5
-7.5
-7.5
-7.5
-7.5
-7.5
-7.5
-7.5
-7.5
-7.5
-7.5
-7.5
-7.5
-7.5
-7.5
-7.5
-7.5
-7.5
-7.5
-7.5
-7.5
-7.5
-7.5
-7.5
-7.5
-7.5
-7.5
-7.5
-7.5
-7.5
-7.5
-7.5
-7.5
-7.5
-7.5
-7.5
-7.5
-7.5
-7.5
-7.5
-7.5
-7.5
-7.5
-7.5
-7.5
-7.5
-7.5
-7.5
-7.5
-7.5
-7.5
-7.5
-7.5
-7.5
-7.5
-7.5
-7.5
-7.5
-7.5
-7.5
-7.5
-7.5
-7.5
-7.5
-7.5
-7.5
-7.5
-7.5
-7.5
-7.5
-7.5
-7.5
-7.5
-7.5
-7.5
-7.5
-7.5
-7.5
-7.5
-7.5
-7.5
-7.5
-7.5
-7.5
-7.5
-7.5
-7.5
-7.5
-7.5
-7.5
-7.5
-7.5
-7.5
-7.5
-7.5
-7.5
-7.5
-7.5
-7.5
-7.5
-7.5
-7.5
-7.5
-7.5
-7.5
-7.5
-7.5
-7.5
)
;
    }
    Top
    {
        type            calculated;
        value           nonuniform List<scalar> 
120
(
7.5
7.5
7.5
7.5
7.5
7.5
7.5
7.5
7.5
7.5
7.5
7.5
7.5
7.5
7.5
7.5
7.5
7.5
7.5
7.5
7.5
7.5
7.5
7.5
7.5
7.5
7.5
7.5
7.5
7.5
7.5
7.5
7.5
7.5
7.5
7.5
7.5
7.5
7.5
7.5
7.5
7.5
7.5
7.5
7.5
7.5
7.5
7.5
7.5
7.5
7.5
7.5
7.5
7.5
7.5
7.5
7.5
7.5
7.5
7.5
7.5
7.5
7.5
7.5
7.5
7.5
7.5
7.5
7.5
7.5
7.5
7.5
7.5
7.5
7.5
7.5
7.5
7.5
7.5
7.5
7.5
7.5
7.5
7.5
7.5
7.5
7.5
7.5
7.5
7.5
7.5
7.5
7.5
7.5
7.5
7.5
7.5
7.5
7.5
7.5
7.5
7.5
7.5
7.5
7.5
7.5
7.5
7.5
7.5
7.5
7.5
7.5
7.5
7.5
7.5
7.5
7.5
7.5
7.5
7.5
)
;
    }
    Inlet
    {
        type            calculated;
        value           nonuniform List<scalar> 
40
(
7.3125
6.9375
6.5625
6.1875
5.8125
5.4375
5.0625
4.6875
4.3125
3.9375
3.5625
3.1875
2.8125
2.4375
2.0625
1.6875
1.3125
0.9375
0.5625
0.1875
-0.1875
-0.5625
-0.9375
-1.3125
-1.6875
-2.0625
-2.4375
-2.8125
-3.1875
-3.5625
-3.9375
-4.3125
-4.6875
-5.0625
-5.4375
-5.8125
-6.1875
-6.5625
-6.9375
-7.3125
)
;
    }
    Outlet
    {
        type            calculated;
        value           nonuniform List<scalar> 
40
(
7.3125
6.9375
6.5625
6.1875
5.8125
5.4375
5.0625
4.6875
4.3125
3.9375
3.5625
3.1875
2.8125
2.4375
2.0625
1.6875
1.3125
0.9375
0.5625
0.1875
-0.1875
-0.5625
-0.9375
-1.3125
-1.6875
-2.0625
-2.4375
-2.8125
-3.1875
-3.5625
-3.9375
-4.3125
-4.6875
-5.0625
-5.4375
-5.8125
-6.1875
-6.5625
-6.9375
-7.3125
)
;
    }
}


// ************************************************************************* //
