/*--------------------------------*- C++ -*----------------------------------*\
  =========                 |
  \\      /  F ield         | OpenFOAM: The Open Source CFD Toolbox
   \\    /   O peration     | Website:  https://openfoam.org
    \\  /    A nd           | Version:  11
     \\/     M anipulation  |
\*---------------------------------------------------------------------------*/
FoamFile
{
    format      ascii;
    class       volScalarField;
    location    "4.5";
    object      mag(U);
}
// * * * * * * * * * * * * * * * * * * * * * * * * * * * * * * * * * * * * * //

dimensions      [0 1 -1 0 0 0 0];

internalField   nonuniform List<scalar> 
9600
(
0.968437
0.965451
0.960389
0.957565
0.957065
0.952808
0.943284
0.935427
0.933781
0.93515
0.932389
0.908622
0.860858
0.83416
0.828987
0.83193
0.843562
0.875186
0.91464
0.947888
0.978049
1.01066
1.04124
1.06952
1.10414
1.14591
1.18004
1.19237
1.19005
1.18078
1.16024
1.12066
1.07941
1.0452
1.01781
0.997827
0.984224
0.974717
0.96732
0.956035
0.971638
0.970749
0.969137
0.9658
0.96325
0.961143
0.958011
0.954752
0.952713
0.951722
0.950177
0.943802
0.929795
0.920183
0.917928
0.919407
0.926302
0.945954
0.975922
1.00488
1.02943
1.05331
1.0789
1.10472
1.13269
1.16708
1.20323
1.2271
1.23262
1.22838
1.2109
1.17621
1.13908
1.1035
1.07204
1.04489
1.02587
1.00464
0.995669
0.97788
0.970267
0.969627
0.968245
0.96525
0.962606
0.961369
0.959678
0.95525
0.95096
0.950453
0.951307
0.949989
0.946547
0.933086
0.92471
0.925586
0.934218
0.957577
0.981376
1.00827
1.03198
1.0517
1.0756
1.10397
1.13158
1.16268
1.19894
1.22705
1.23567
1.23337
1.22064
1.18824
1.15039
1.11334
1.08407
1.05736
1.0395
1.02297
1.01694
1.00581
0.969427
0.968578
0.966802
0.963739
0.961465
0.960077
0.957613
0.952924
0.950701
0.950722
0.951332
0.952716
0.953156
0.950465
0.947382
0.95065
0.963793
0.983316
1.0034
1.02547
1.04669
1.06372
1.08166
1.10558
1.13226
1.16026
1.19255
1.2235
1.24033
1.2403
1.2272
1.19789
1.16244
1.12841
1.09582
1.0682
1.04663
1.02651
1.01388
0.993402
0.968695
0.967675
0.965614
0.962809
0.960469
0.958676
0.956884
0.954609
0.951427
0.949134
0.949929
0.955852
0.964479
0.966706
0.965819
0.96772
0.976374
0.990033
1.00588
1.02489
1.04649
1.06452
1.08098
1.1039
1.13205
1.15971
1.18962
1.22035
1.24096
1.24456
1.23532
1.20725
1.17217
1.13551
1.10405
1.07458
1.05388
1.0324
1.02343
1.00941
0.967654
0.966547
0.96434
0.961554
0.959054
0.957368
0.956338
0.953895
0.950485
0.949448
0.950998
0.958253
0.968334
0.970517
0.970737
0.97571
0.988306
1.00277
1.01912
1.03674
1.05522
1.07197
1.08663
1.10513
1.13049
1.1584
1.18764
1.21791
1.2426
1.25176
1.24364
1.21823
1.18476
1.1493
1.11566
1.08506
1.06288
1.03942
1.02853
1.00661
0.966813
0.965601
0.963227
0.960409
0.957968
0.956768
0.955676
0.952982
0.950378
0.950329
0.95248
0.960802
0.97094
0.973993
0.978527
0.985576
0.996909
1.00918
1.0226
1.03786
1.05458
1.07148
1.0865
1.10352
1.12792
1.15702
1.18643
1.21483
1.24101
1.25592
1.25286
1.22929
1.19651
1.16052
1.12726
1.09391
1.07147
1.04657
1.03471
1.01699
0.96572
0.964342
0.961877
0.959142
0.957033
0.956071
0.954669
0.952008
0.950914
0.951361
0.953944
0.962368
0.972056
0.976555
0.981983
0.98871
0.999091
1.01336
1.02833
1.04496
1.06078
1.07637
1.0903
1.10529
1.12649
1.15353
1.18374
1.21344
1.24364
1.26113
1.2612
1.24267
1.20988
1.1734
1.13751
1.10285
1.07892
1.05225
1.0396
1.01881
0.964734
0.963379
0.960929
0.95818
0.956379
0.955472
0.953588
0.951646
0.95147
0.952213
0.955287
0.963904
0.972885
0.977582
0.98387
0.992309
1.00196
1.01589
1.02959
1.04551
1.06078
1.07611
1.09077
1.10462
1.12375
1.15115
1.18132
1.21191
1.24136
1.26318
1.26978
1.25379
1.22544
1.18782
1.15364
1.11614
1.09105
1.0637
1.04975
1.02821
0.963701
0.962195
0.959546
0.957066
0.955577
0.954352
0.952485
0.951541
0.95169
0.952779
0.956417
0.964419
0.972906
0.97974
0.987516
0.995431
1.00247
1.01463
1.02925
1.04675
1.06284
1.07794
1.09243
1.10695
1.1246
1.14866
1.17726
1.21036
1.24326
1.2678
1.27893
1.26919
1.24232
1.20555
1.16931
1.13037
1.10331
1.07248
1.05567
1.03145
0.962724
0.961163
0.958585
0.95631
0.954767
0.95332
0.951924
0.951391
0.951861
0.953194
0.957022
0.965236
0.974162
0.981008
0.987339
0.997024
1.00567
1.01711
1.02987
1.04521
1.05983
1.07522
1.08989
1.10505
1.12122
1.1453
1.17615
1.20843
1.24273
1.26989
1.28637
1.28113
1.25883
1.22145
1.18529
1.14424
1.1154
1.08341
1.0671
1.04168
0.961556
0.959824
0.957283
0.955133
0.953499
0.952213
0.951327
0.950978
0.95175
0.953222
0.957524
0.966522
0.973985
0.981204
0.989239
1.00007
1.00865
1.01687
1.02839
1.04174
1.05729
1.07307
1.08666
1.10228
1.12062
1.14351
1.17203
1.20596
1.24357
1.27523
1.29635
1.29753
1.28024
1.24505
1.20728
1.16405
1.13145
1.0974
1.07752
1.04879
0.960308
0.958663
0.956307
0.954199
0.952519
0.951544
0.951108
0.950636
0.951808
0.953205
0.958283
0.966064
0.973669
0.983111
0.990875
0.999949
1.00971
1.01935
1.03054
1.04173
1.05354
1.06653
1.0783
1.09463
1.1112
1.13382
1.16546
1.20101
1.24191
1.27791
1.30478
1.31112
1.29968
1.26555
1.22688
1.18048
1.14668
1.1087
1.08961
1.05892
0.95911
0.957301
0.955033
0.952938
0.951291
0.950581
0.9507
0.95019
0.951354
0.95354
0.957963
0.96592
0.97443
0.98292
0.99129
1.00085
1.01227
1.02297
1.03177
1.0407
1.05046
1.06198
1.07287
1.08474
1.10193
1.1248
1.15466
1.19145
1.23607
1.27927
1.31446
1.32893
1.32295
1.29395
1.25509
1.20808
1.16929
1.12864
1.10569
1.07226
0.957793
0.956095
0.953965
0.952042
0.950355
0.949921
0.950475
0.94999
0.950981
0.953478
0.958093
0.966232
0.973634
0.981989
0.992379
1.00211
1.01241
1.02444
1.03367
1.04369
1.05211
1.05961
1.06645
1.0763
1.08845
1.10736
1.13655
1.17455
1.22229
1.2724
1.31833
1.34304
1.34544
1.3213
1.28402
1.23234
1.19104
1.1434
1.11877
1.08162
0.956676
0.954765
0.95268
0.950652
0.949387
0.948736
0.949743
0.949551
0.950073
0.952703
0.958222
0.964127
0.972703
0.982118
0.991642
1.00287
1.01246
1.02589
1.03726
1.04716
1.0533
1.05846
1.06338
1.06826
1.07633
1.0923
1.11767
1.15359
1.20091
1.25666
1.31185
1.35376
1.36899
1.35485
1.31947
1.26762
1.22249
1.17093
1.14203
1.10193
0.955332
0.953447
0.951509
0.949504
0.948563
0.947843
0.949182
0.949207
0.949985
0.95243
0.956899
0.96433
0.972482
0.982144
0.992104
1.00359
1.0141
1.02724
1.03658
1.0471
1.05447
1.05898
1.06143
1.06296
1.06779
1.07683
1.09679
1.13016
1.17519
1.23271
1.29412
1.34988
1.38357
1.38438
1.35883
1.30502
1.25538
1.19551
1.16342
1.11577
0.954169
0.952037
0.949808
0.948053
0.947633
0.946741
0.947501
0.948291
0.950323
0.950727
0.95499
0.962887
0.971651
0.983492
0.991464
1.0044
1.01482
1.02698
1.03659
1.048
1.05415
1.05844
1.06021
1.05915
1.05987
1.06677
1.0805
1.10979
1.15025
1.20902
1.27173
1.33704
1.38626
1.40842
1.39918
1.35243
1.30166
1.23428
1.19538
1.14085
0.952679
0.950681
0.948541
0.946506
0.946736
0.94591
0.946611
0.947591
0.949393
0.951385
0.954904
0.962437
0.971814
0.985077
0.994878
1.00731
1.01508
1.02984
1.03931
1.04934
1.05486
1.05872
1.05922
1.05683
1.05599
1.05909
1.06684
1.09043
1.12842
1.18537
1.25142
1.32035
1.38075
1.41798
1.43207
1.39926
1.35455
1.27927
1.23518
1.16848
0.951042
0.948867
0.946888
0.944986
0.945157
0.944754
0.945618
0.945267
0.947354
0.950265
0.953746
0.962272
0.969336
0.984189
0.994385
1.00911
1.01855
1.03233
1.04135
1.05207
1.05853
1.06001
1.05888
1.05572
1.05117
1.04949
1.05613
1.07237
1.10612
1.15961
1.23194
1.30681
1.37778
1.424
1.45476
1.44041
1.41243
1.3368
1.28778
1.20659
0.949563
0.947395
0.945747
0.943888
0.943704
0.943547
0.94438
0.945725
0.946147
0.949705
0.953754
0.963296
0.970784
0.985126
0.99453
1.01091
1.02186
1.03604
1.04695
1.05533
1.06197
1.06381
1.06056
1.05463
1.04813
1.04256
1.04521
1.05248
1.0832
1.12625
1.20392
1.28292
1.37495
1.43277
1.4799
1.47432
1.46591
1.39726
1.35471
1.25694
0.947337
0.945453
0.943608
0.941855
0.941747
0.941435
0.941598
0.943839
0.944647
0.949019
0.9516
0.961611
0.969479
0.983905
0.994692
1.00932
1.02145
1.03632
1.05049
1.05866
1.06583
1.06792
1.0641
1.05601
1.04679
1.03551
1.03519
1.03262
1.05932
1.08815
1.16708
1.24049
1.35761
1.43045
1.51198
1.5142
1.52327
1.45659
1.426
1.32372
0.945587
0.94383
0.941985
0.940584
0.93963
0.940975
0.940086
0.9429
0.943524
0.949298
0.953128
0.962584
0.970583
0.985386
0.996763
1.01203
1.02706
1.03936
1.05362
1.06358
1.06928
1.07174
1.06849
1.05882
1.04736
1.02935
1.02753
1.01458
1.03376
1.04794
1.12259
1.1869
1.32146
1.40028
1.53125
1.55334
1.59741
1.529
1.50382
1.39723
0.942568
0.941225
0.938677
0.937893
0.935964
0.937891
0.936976
0.940926
0.941232
0.946618
0.951043
0.960668
0.970906
0.983946
0.997349
1.01174
1.02894
1.04186
1.05698
1.0667
1.07291
1.07443
1.072
1.06092
1.0491
1.02594
1.01927
0.998798
1.00636
1.01088
1.06657
1.12693
1.26039
1.35377
1.52468
1.55685
1.66233
1.61986
1.61205
1.48547
0.940096
0.939564
0.936339
0.93665
0.933811
0.936133
0.935536
0.93947
0.941679
0.947325
0.952843
0.961411
0.972641
0.985565
1.00171
1.01612
1.03378
1.04837
1.06323
1.07414
1.08132
1.08087
1.07835
1.06622
1.05319
1.02734
1.01189
0.989589
0.977681
0.978797
1.00286
1.05986
1.16599
1.29786
1.4584
1.51108
1.65779
1.65674
1.72221
1.61924
0.935453
0.935244
0.93168
0.932437
0.929723
0.932005
0.931666
0.934942
0.938865
0.942969
0.951813
0.959613
0.972787
0.985238
1.00092
1.01813
1.03483
1.05211
1.06746
1.07754
1.08632
1.0865
1.08358
1.07194
1.05871
1.03534
1.00808
0.986312
0.955227
0.952323
0.944968
0.987478
1.05413
1.21442
1.27155
1.38351
1.52582
1.59513
1.70609
1.72311
0.932706
0.932877
0.928965
0.929861
0.928263
0.929243
0.932607
0.93288
0.940802
0.943099
0.953764
0.961921
0.974833
0.991407
1.00573
1.02492
1.04204
1.05901
1.07625
1.08646
1.09411
1.09719
1.09094
1.08234
1.0639
1.04494
1.01206
0.987573
0.94603
0.929206
0.906212
0.909762
0.958522
1.05387
1.0258
1.18354
1.30258
1.45634
1.53627
1.65858
0.926291
0.926743
0.922936
0.921789
0.923384
0.92097
0.927792
0.927259
0.93533
0.941208
0.949018
0.962572
0.973565
0.991503
1.00737
1.02721
1.04654
1.06457
1.08139
1.09407
1.09951
1.10557
1.0979
1.09085
1.07046
1.05269
1.01883
0.991209
0.949232
0.912243
0.888096
0.843825
0.887715
0.859406
0.86603
1.01979
1.16778
1.27347
1.35547
1.46834
0.923695
0.922292
0.921763
0.917824
0.921972
0.920115
0.924675
0.930177
0.933684
0.944477
0.952334
0.96642
0.980131
0.998413
1.017
1.0373
1.0567
1.07682
1.09171
1.10765
1.11245
1.11866
1.11147
1.10539
1.0859
1.06721
1.03716
1.00082
0.967298
0.909359
0.885532
0.81274
0.828369
0.757043
0.761435
0.889064
1.02111
1.14514
1.2417
1.29019
0.917411
0.912394
0.912933
0.910007
0.909522
0.91443
0.914093
0.923326
0.927646
0.938366
0.950109
0.964055
0.980478
1.00046
1.01912
1.04306
1.06274
1.08423
1.10083
1.11547
1.12253
1.12788
1.12478
1.11531
1.10275
1.07757
1.05809
1.01429
0.9853
0.925521
0.896007
0.822099
0.796146
0.74263
0.692862
0.734138
0.831518
0.973955
1.09597
1.19928
0.91194
0.91244
0.907912
0.910667
0.90796
0.913188
0.916813
0.922928
0.932393
0.942734
0.956384
0.973346
0.989819
1.01264
1.03313
1.05682
1.07922
1.09917
1.11856
1.13084
1.14224
1.14303
1.14672
1.13178
1.12712
1.09938
1.08355
1.04219
1.01377
0.957576
0.915731
0.854132
0.795412
0.760668
0.68322
0.624051
0.647405
0.763109
0.918023
1.03052
0.893428
0.897361
0.895616
0.896466
0.899651
0.902757
0.908744
0.91827
0.927784
0.941891
0.955483
0.97585
0.99459
1.0187
1.04213
1.06562
1.09163
1.11008
1.13288
1.14216
1.1578
1.15573
1.16309
1.14964
1.14555
1.1234
1.10841
1.07573
1.04304
0.999134
0.945123
0.897693
0.822335
0.783022
0.734292
0.633801
0.54682
0.555069
0.625526
0.775911
0.891653
0.890756
0.890919
0.891815
0.89507
0.901806
0.909179
0.921445
0.93385
0.951557
0.967787
0.991129
1.01237
1.03783
1.06385
1.08784
1.11524
1.1329
1.15621
1.16545
1.18076
1.18189
1.18608
1.17901
1.17351
1.15747
1.14438
1.12049
1.0885
1.05806
0.999447
0.956459
0.895573
0.819128
0.774106
0.726162
0.614389
0.513882
0.457122
0.526422
0.872103
0.873169
0.874442
0.877805
0.883485
0.890604
0.901755
0.916043
0.930735
0.952702
0.970708
0.998601
1.02107
1.0488
1.07744
1.10212
1.13007
1.14946
1.17154
1.18294
1.19806
1.19907
1.20595
1.20124
1.19627
1.1909
1.17517
1.1649
1.13981
1.1089
1.07836
1.02116
0.964355
0.916328
0.834012
0.767349
0.71724
0.655692
0.522138
0.438759
0.863433
0.866169
0.870105
0.875114
0.884535
0.896277
0.910655
0.929802
0.948826
0.973315
0.996867
1.02404
1.0527
1.07898
1.11159
1.13504
1.16405
1.18482
1.20286
1.22155
1.22571
1.23967
1.23557
1.24256
1.23762
1.23456
1.23316
1.22257
1.20376
1.19787
1.15918
1.12277
1.08857
1.02154
0.960153
0.900509
0.819947
0.725894
0.685068
0.591861
0.841696
0.849263
0.854998
0.864766
0.876831
0.89155
0.911916
0.933205
0.958802
0.98629
1.01492
1.04622
1.07613
1.10854
1.13783
1.16927
1.19277
1.21973
1.23496
1.25184
1.2611
1.26665
1.27056
1.27439
1.27032
1.27894
1.27708
1.27125
1.27787
1.2583
1.24926
1.22454
1.20231
1.14329
1.12037
1.0445
0.98161
0.906236
0.832779
0.734591
0.832719
0.849363
0.860738
0.883529
0.904989
0.929372
0.958475
0.985253
1.01756
1.04766
1.0812
1.11412
1.14933
1.17935
1.21446
1.23862
1.26654
1.28467
1.29795
1.31059
1.30888
1.31668
1.30726
1.31308
1.3048
1.31322
1.30441
1.32103
1.30272
1.31671
1.29765
1.30184
1.26889
1.26783
1.23403
1.19428
1.14198
1.10115
1.02471
1.00499
0.803086
0.828952
0.850366
0.869321
0.899631
0.924815
0.96538
0.998907
1.04222
1.07909
1.12111
1.15734
1.19584
1.22683
1.25907
1.28295
1.30553
1.31925
1.3271
1.33136
1.32408
1.32508
1.30838
1.31137
1.29514
1.30602
1.29949
1.31199
1.29619
1.29622
1.26255
1.26765
1.23948
1.26201
1.21913
1.20954
1.13807
1.12872
1.03634
1.06285
0.864406
0.912634
0.957726
1.00036
1.04543
1.08295
1.12581
1.16061
1.20105
1.23097
1.26706
1.28916
1.3169
1.33227
1.34831
1.35859
1.37071
1.36827
1.37111
1.35782
1.34589
1.32525
1.29966
1.27679
1.24911
1.2333
1.20459
1.19067
1.16157
1.10332
0.988113
0.885745
0.73112
0.678472
0.573209
0.563868
0.490979
0.492816
0.44432
0.480072
0.989191
1.02758
1.06292
1.10095
1.13787
1.17177
1.20218
1.22919
1.25048
1.26677
1.28539
1.28476
1.29397
1.29076
1.29044
1.28262
1.26807
1.24986
1.21423
1.18781
1.12909
1.09451
1.00843
0.958547
0.858854
0.783797
0.69811
0.458132
0.13266
0.0537058
0.0230919
0.0507492
0.118402
0.151759
0.174359
0.189682
0.208175
0.217075
0.227767
0.218259
0.986148
0.985987
0.975091
0.961736
0.95163
0.949912
0.961196
0.985508
1.00112
1.00371
1.00345
1.00321
1.0029
1.0034
1.00511
1.0061
1.00686
1.00775
1.00837
1.00884
1.00918
1.0095
1.00991
1.00993
1.00989
1.00998
1.00989
1.00978
1.00959
1.00941
1.00935
1.00922
1.00917
1.00903
1.00886
1.00872
1.00848
1.00843
1.00839
1.01195
0.993048
0.98772
0.973899
0.958637
0.946536
0.943167
0.954692
0.983027
1.0032
1.00629
1.00463
1.00425
1.00399
1.00386
1.00525
1.00615
1.0068
1.0078
1.00845
1.00897
1.00939
1.00962
1.01001
1.01021
1.01009
1.01014
1.0101
1.00998
1.00983
1.00959
1.00952
1.00942
1.00938
1.0093
1.00911
1.00901
1.00872
1.00832
1.00761
1.0061
0.996141
0.988091
0.974771
0.956368
0.941168
0.935736
0.947555
0.980834
1.00585
1.00977
1.00696
1.00538
1.00472
1.00426
1.0055
1.00649
1.00725
1.00825
1.00878
1.0093
1.00986
1.01014
1.01046
1.01075
1.01061
1.01055
1.0105
1.01029
1.01019
1.00993
1.00986
1.00973
1.00965
1.00957
1.00938
1.00929
1.00913
1.00904
1.00946
1.01175
0.996225
0.990086
0.974356
0.953209
0.93518
0.927186
0.937836
0.976509
1.00769
1.01316
1.00924
1.00668
1.00579
1.00485
1.00567
1.00654
1.00717
1.00824
1.00895
1.00954
1.00999
1.0102
1.01045
1.0109
1.01085
1.01088
1.0109
1.01063
1.01059
1.01026
1.0102
1.00998
1.00987
1.00976
1.00962
1.00948
1.00915
1.0089
1.00822
1.00637
1.00224
0.991073
0.97488
0.950895
0.929213
0.918283
0.926974
0.971853
1.00998
1.01665
1.01251
1.00848
1.00663
1.00534
1.00576
1.0068
1.00754
1.00875
1.00944
1.00998
1.01037
1.01063
1.01073
1.01107
1.01107
1.01113
1.01127
1.01104
1.01108
1.01077
1.01074
1.01044
1.01028
1.0101
1.00999
1.00994
1.0097
1.0096
1.00992
1.01137
1.00272
0.993027
0.975523
0.948244
0.923116
0.908734
0.91407
0.964552
1.01137
1.01948
1.01541
1.00991
1.00733
1.00597
1.00603
1.00701
1.00767
1.00871
1.00949
1.0102
1.01054
1.01086
1.01092
1.01112
1.01118
1.01123
1.01149
1.01134
1.01144
1.0111
1.01116
1.01081
1.01064
1.01037
1.01015
1.01005
1.00974
1.00949
1.00895
1.00742
1.00982
0.99513
0.976347
0.946331
0.917504
0.899427
0.900342
0.95556
1.01238
1.02194
1.01851
1.01159
1.00796
1.00666
1.00637
1.00724
1.00786
1.00907
1.00983
1.01047
1.01081
1.01141
1.01155
1.01152
1.01161
1.01153
1.01187
1.01174
1.01191
1.01152
1.01161
1.01123
1.01109
1.01083
1.01063
1.01056
1.01036
1.01025
1.01036
1.01123
1.01097
0.997387
0.978055
0.945141
0.912343
0.890536
0.885609
0.943205
1.01171
1.02331
1.02077
1.01248
1.00839
1.00734
1.0068
1.00742
1.00797
1.00915
1.00989
1.01058
1.01088
1.01157
1.01188
1.01178
1.01203
1.01181
1.01222
1.01198
1.01222
1.01177
1.0119
1.01154
1.01143
1.01108
1.01082
1.0107
1.01045
1.01022
1.00977
1.00856
1.0196
1.00087
0.979832
0.944778
0.908087
0.88258
0.871249
0.928009
1.00912
1.02415
1.02269
1.01355
1.00895
1.00775
1.00709
1.00733
1.00799
1.00949
1.01027
1.01089
1.01129
1.01187
1.01223
1.01216
1.01267
1.01231
1.01271
1.01244
1.01272
1.01223
1.01235
1.012
1.01204
1.01176
1.01159
1.01136
1.01111
1.01101
1.01091
1.0114
1.02193
1.00383
0.982991
0.946236
0.90475
0.875879
0.857581
0.909022
1.00316
1.02366
1.02309
1.01386
1.00895
1.0078
1.00704
1.0074
1.00813
1.00959
1.01031
1.01104
1.01157
1.01199
1.01242
1.01229
1.01305
1.01274
1.01319
1.0128
1.01307
1.01261
1.01274
1.01231
1.01228
1.01195
1.01184
1.01153
1.01123
1.01103
1.0106
1.00985
1.03241
1.00944
0.986217
0.94879
0.902369
0.870457
0.846076
0.887114
0.992958
1.02209
1.0225
1.01381
1.0086
1.00762
1.00709
1.00744
1.00827
1.00981
1.01062
1.01153
1.01212
1.01242
1.01293
1.01284
1.01355
1.01325
1.01374
1.01326
1.01351
1.01304
1.01314
1.01276
1.01277
1.01239
1.01239
1.01206
1.01187
1.01172
1.0115
1.01175
1.03629
1.01442
0.990835
0.95295
0.901203
0.86586
0.836737
0.862958
0.976989
1.0186
1.02042
1.01258
1.00745
1.00703
1.00656
1.0073
1.00836
1.00976
1.01054
1.01161
1.01248
1.01299
1.01352
1.01347
1.01411
1.01378
1.01426
1.0137
1.0139
1.01343
1.01335
1.01288
1.01287
1.0125
1.01255
1.01218
1.01205
1.01178
1.01144
1.01101
1.04843
1.02407
0.996713
0.958155
0.901275
0.861742
0.829975
0.83844
0.954906
1.01273
1.01739
1.01011
1.00555
1.00616
1.00607
1.00728
1.00843
1.00995
1.01075
1.01206
1.01282
1.01342
1.01405
1.01432
1.01479
1.01459
1.01493
1.01451
1.01453
1.01419
1.01419
1.01381
1.0138
1.01343
1.01351
1.01308
1.01297
1.01253
1.0124
1.01225
1.05522
1.03295
1.0042
0.964193
0.902238
0.857097
0.825115
0.814653
0.92562
1.0025
1.01223
1.00602
1.00272
1.00452
1.00478
1.00691
1.00818
1.0101
1.01072
1.0122
1.013
1.01385
1.0146
1.01504
1.01537
1.01538
1.01551
1.01527
1.01517
1.01484
1.01479
1.01449
1.01455
1.01407
1.01394
1.01336
1.01322
1.01266
1.01249
1.01222
1.06918
1.04798
1.0151
0.971659
0.904872
0.852312
0.820982
0.793788
0.888855
0.987308
1.00479
1.00022
0.998946
1.00241
1.00335
1.00649
1.00792
1.01028
1.01098
1.01294
1.01361
1.01446
1.01511
1.01563
1.01588
1.01614
1.01608
1.01602
1.01594
1.01566
1.01553
1.0152
1.01519
1.01476
1.01456
1.01405
1.01391
1.01339
1.01332
1.01301
1.08191
1.06175
1.02743
0.979873
0.908145
0.846409
0.814698
0.775086
0.847228
0.965521
0.99375
0.992394
0.993438
0.999146
1.00068
1.00539
1.00725
1.01028
1.0113
1.01351
1.01427
1.01526
1.01583
1.01638
1.01645
1.01679
1.01659
1.01638
1.01626
1.0159
1.01575
1.01541
1.01526
1.01484
1.01464
1.0142
1.01407
1.01358
1.01353
1.01328
1.10042
1.08336
1.04577
0.990388
0.913345
0.839661
0.804463
0.756326
0.80454
0.937581
0.979042
0.982098
0.986407
0.995232
0.997493
1.00372
1.00621
1.00997
1.01149
1.014
1.01504
1.01612
1.01663
1.01725
1.01727
1.01771
1.01761
1.01738
1.01739
1.01697
1.01691
1.01652
1.01637
1.01599
1.01578
1.0153
1.01512
1.01459
1.01454
1.01421
1.12361
1.10541
1.06744
1.00275
0.919101
0.830569
0.788504
0.733708
0.760381
0.902576
0.959471
0.969306
0.978127
0.990037
0.993315
1.00121
1.00455
1.00912
1.01125
1.01394
1.01549
1.01682
1.01741
1.01838
1.01815
1.01854
1.0186
1.01827
1.01853
1.01803
1.01828
1.0177
1.01766
1.01701
1.01671
1.01598
1.01569
1.01508
1.01508
1.01474
1.1531
1.13838
1.09996
1.02057
0.925112
0.81808
0.763533
0.706426
0.713917
0.862826
0.936281
0.954564
0.968688
0.983747
0.988873
0.998343
1.00284
1.00822
1.01089
1.01407
1.01578
1.01745
1.01779
1.01913
1.01892
1.01955
1.01962
1.01948
1.01985
1.01919
1.01961
1.01883
1.01906
1.01818
1.01799
1.01714
1.01694
1.01614
1.01609
1.01567
1.19099
1.1761
1.13689
1.04108
0.92753
0.7988
0.726481
0.669528
0.662982
0.818153
0.908798
0.936799
0.957662
0.976004
0.983713
0.994756
1.00097
1.00733
1.01064
1.01432
1.01606
1.0181
1.0183
1.01974
1.01927
1.02004
1.01987
1.01983
1.02026
1.01961
1.02006
1.01921
1.01951
1.0186
1.01868
1.01782
1.01783
1.01699
1.01701
1.01655
1.23608
1.22991
1.19088
1.06315
0.919541
0.766651
0.673832
0.618951
0.611065
0.770022
0.877645
0.915666
0.944645
0.966791
0.978241
0.99111
0.999031
1.00601
1.01021
1.01442
1.01639
1.01875
1.0191
1.02095
1.02035
1.02157
1.02099
1.02117
1.02129
1.02096
1.02142
1.02065
1.02102
1.01998
1.02012
1.0191
1.01909
1.01814
1.01809
1.01761
1.29859
1.3032
1.24523
1.06922
0.887189
0.711181
0.600834
0.551006
0.556504
0.722903
0.843558
0.891161
0.930213
0.955359
0.971868
0.986724
0.996344
1.00438
1.00988
1.01424
1.01694
1.01981
1.0204
1.0224
1.02171
1.02321
1.02236
1.02296
1.02273
1.02243
1.0226
1.02191
1.02209
1.0211
1.02125
1.02019
1.0202
1.0192
1.01923
1.01872
1.37903
1.3918
1.26637
1.04566
0.817331
0.620471
0.502288
0.469937
0.504101
0.683511
0.810918
0.866383
0.915965
0.943125
0.965349
0.981945
0.993092
1.00215
1.00907
1.01373
1.01733
1.0206
1.02143
1.02365
1.02302
1.02476
1.02371
1.02467
1.02422
1.02419
1.02402
1.02335
1.02316
1.02232
1.02227
1.0213
1.0213
1.0203
1.02038
1.01987
1.47278
1.43113
1.25575
0.96205
0.690852
0.485869
0.382097
0.390544
0.464878
0.654039
0.781908
0.844191
0.902452
0.932172
0.958407
0.977369
0.990644
1.00043
1.00828
1.01309
1.01718
1.02012
1.02133
1.02358
1.0232
1.02502
1.02412
1.02526
1.02469
1.02506
1.0247
1.02454
1.02412
1.02378
1.02348
1.02283
1.02265
1.02176
1.02177
1.02125
1.57682
1.45032
1.17716
0.80425
0.503174
0.322296
0.278555
0.356628
0.460664
0.641721
0.760909
0.827778
0.890529
0.923304
0.954724
0.973288
0.989488
0.999431
1.00792
1.0131
1.0178
1.02026
1.02246
1.02411
1.02464
1.026
1.02593
1.02685
1.02665
1.02711
1.02665
1.02681
1.02607
1.02614
1.0253
1.02506
1.02436
1.02376
1.02344
1.02302
1.65333
1.4082
0.980967
0.552279
0.289087
0.254897
0.315083
0.414223
0.501139
0.652108
0.751383
0.821328
0.884234
0.917222
0.95277
0.971038
0.990074
0.999693
1.00967
1.01449
1.02058
1.02264
1.02623
1.02666
1.02879
1.02861
1.02984
1.0296
1.03022
1.03014
1.02988
1.02997
1.02895
1.02916
1.02777
1.02778
1.02633
1.02595
1.02509
1.02494
1.59526
1.30567
0.779385
0.430758
0.391556
0.455206
0.498814
0.537791
0.576819
0.686158
0.759404
0.829464
0.88417
0.91895
0.953091
0.971037
0.992156
1.00111
1.01396
1.0181
1.02589
1.02715
1.032
1.03115
1.03468
1.03261
1.0351
1.03315
1.03473
1.03322
1.03367
1.03299
1.03225
1.03218
1.0306
1.03058
1.02865
1.02862
1.0274
1.02764
1.44141
1.18745
0.865004
0.764762
0.732177
0.726127
0.697333
0.656733
0.666149
0.741801
0.788942
0.854928
0.891979
0.931481
0.956382
0.976847
0.995557
1.00607
1.01785
1.02275
1.03029
1.03141
1.03634
1.0349
1.03876
1.03596
1.03898
1.03592
1.03821
1.03539
1.03699
1.03505
1.03538
1.03434
1.0334
1.03282
1.03113
1.03103
1.02965
1.02999
1.30225
1.24583
1.0701
1.0499
0.964136
0.902579
0.80853
0.753946
0.766774
0.811885
0.838646
0.896807
0.91279
0.954673
0.965544
0.990903
0.999646
1.0152
1.02004
1.02879
1.03172
1.03558
1.03814
1.03858
1.04065
1.03953
1.04137
1.03922
1.04112
1.03839
1.04026
1.03751
1.03917
1.0368
1.03721
1.03552
1.0348
1.034
1.03294
1.03345
1.25945
1.2411
1.11536
1.10512
1.0102
0.935985
0.857539
0.854073
0.861654
0.890638
0.91049
0.951831
0.955719
0.989481
0.987892
1.01279
1.01068
1.029
1.02629
1.03864
1.03611
1.04409
1.04171
1.04668
1.04446
1.04739
1.04595
1.04665
1.04634
1.04489
1.04572
1.0434
1.04481
1.04172
1.04241
1.03954
1.03926
1.03713
1.03662
1.03664
1.13415
1.09361
1.03492
1.01682
0.921588
0.894841
0.873173
0.891021
0.914728
0.943972
0.974113
1.00528
1.02505
1.03246
1.03674
1.04305
1.04109
1.05092
1.04779
1.05591
1.05325
1.05942
1.05581
1.06142
1.05629
1.06134
1.05582
1.05913
1.05481
1.05573
1.05375
1.05303
1.0524
1.05008
1.04992
1.04705
1.04629
1.04449
1.04387
1.04341
0.942192
0.854685
0.854282
0.822888
0.807065
0.828897
0.84858
0.886231
0.923612
0.96338
1.00084
1.03593
1.06478
1.07936
1.09426
1.08644
1.08707
1.0825
1.08342
1.07947
1.08234
1.07756
1.08022
1.07635
1.07539
1.07438
1.06994
1.07112
1.06541
1.06711
1.06224
1.06289
1.05938
1.0586
1.0562
1.05437
1.0522
1.05137
1.04981
1.0503
0.66624
0.590941
0.606617
0.595923
0.637239
0.695917
0.761975
0.832942
0.902132
0.960695
1.00873
1.04903
1.07971
1.10082
1.1201
1.12688
1.13018
1.12196
1.11901
1.11038
1.11063
1.09909
1.10317
1.09204
1.09558
1.08741
1.08828
1.08326
1.08171
1.07946
1.07628
1.07489
1.07163
1.06982
1.06736
1.0651
1.06273
1.06133
1.05881
1.05848
0.424136
0.400802
0.357475
0.330732
0.390879
0.480912
0.59596
0.708226
0.825186
0.919668
0.992507
1.04587
1.08623
1.11199
1.13153
1.14709
1.15639
1.16054
1.15639
1.15286
1.14402
1.13574
1.13056
1.1231
1.12028
1.11425
1.11217
1.10606
1.10502
1.09885
1.09681
1.09209
1.08949
1.08477
1.08287
1.0794
1.07856
1.07469
1.07521
1.07274
0.466765
0.433928
0.359776
0.245974
0.175788
0.213501
0.326982
0.476191
0.651024
0.793857
0.918986
1.00764
1.06949
1.11076
1.1403
1.15989
1.17497
1.18457
1.19032
1.19277
1.19281
1.18948
1.17901
1.17292
1.16244
1.1583
1.15049
1.14757
1.14197
1.13841
1.13264
1.12924
1.12363
1.12028
1.11469
1.11052
1.10698
1.09993
1.09709
1.09463
0.692254
0.621072
0.635928
0.620061
0.531034
0.39267
0.258635
0.227943
0.369819
0.560984
0.743905
0.882737
0.994156
1.06432
1.11658
1.15422
1.17836
1.1962
1.20755
1.21178
1.21705
1.21957
1.22131
1.22237
1.21922
1.21473
1.20763
1.19975
1.19348
1.18909
1.18445
1.1817
1.17715
1.17559
1.16915
1.16394
1.15733
1.1472
1.1397
1.13176
0.903492
0.819324
0.836033
0.894737
0.930066
0.895718
0.804049
0.66761
0.505262
0.392462
0.438093
0.589393
0.755323
0.888674
0.977463
1.04386
1.09985
1.14021
1.17551
1.19875
1.21406
1.22504
1.2334
1.23717
1.24149
1.24292
1.24237
1.24118
1.23863
1.2353
1.23231
1.22849
1.22682
1.22226
1.22175
1.21511
1.21267
1.20749
1.20147
1.19482
0.935368
0.823568
0.734946
0.69611
0.71608
0.74855
0.760595
0.748114
0.728217
0.671198
0.590078
0.484693
0.46258
0.52876
0.590979
0.656656
0.724352
0.81293
0.907563
1.00198
1.07695
1.12545
1.16749
1.19475
1.21777
1.2311
1.24353
1.24834
1.25158
1.24929
1.24528
1.23994
1.24366
1.23803
1.24055
1.23788
1.23873
1.23869
1.24165
1.24735
0.369487
0.272566
0.260137
0.322925
0.408974
0.491449
0.539435
0.552934
0.554312
0.542009
0.534654
0.545166
0.57206
0.613085
0.598578
0.608174
0.599776
0.481235
0.380627
0.388449
0.438891
0.534945
0.647692
0.735212
0.812113
0.882628
0.944721
1.00069
1.04977
1.09383
1.13127
1.16237
1.18402
1.2111
1.22957
1.25166
1.26648
1.28106
1.28589
1.28744
0.224145
0.238142
0.246758
0.253262
0.250855
0.236553
0.227851
0.231556
0.25942
0.290021
0.337465
0.388003
0.434422
0.487704
0.516204
0.545102
0.569515
0.586484
0.611617
0.617431
0.591303
0.422783
0.258521
0.432446
0.535802
0.595698
0.643402
0.688833
0.727837
0.768295
0.804859
0.849641
0.889761
0.933706
0.975545
1.01514
1.06003
1.10639
1.16559
1.21966
1.01798
1.01766
1.01917
1.01939
1.02017
1.02012
1.0207
1.02049
1.02085
1.02045
1.02079
1.02013
1.02
1.01936
1.01824
1.0172
1.01467
1.01237
1.00787
1.00326
0.996417
0.989671
0.98365
0.98188
0.984778
0.992946
1.00303
1.00936
1.00953
1.00931
1.0093
1.00936
1.00952
1.00956
1.00948
1.00937
1.00921
1.00902
1.00882
1.00871
1.00069
1.00125
1.00021
1.00065
1.00005
1.00064
1.00014
1.0009
1.00044
1.00107
1.00103
1.00145
1.00207
1.00241
1.00383
1.00486
1.00737
1.00996
1.01385
1.01799
1.02217
1.0264
1.02811
1.02838
1.02674
1.02166
1.01398
1.0111
1.01065
1.01071
1.01077
1.01082
1.01076
1.01058
1.01039
1.01012
1.00972
1.00949
1.00925
1.00913
1.01603
1.01633
1.01794
1.01834
1.01928
1.01919
1.01976
1.01931
1.01972
1.01891
1.01882
1.01819
1.01729
1.01654
1.01489
1.01364
1.01091
1.00905
1.00545
1.00331
1.00047
1.00093
1.00242
1.00497
1.00695
1.00858
1.00928
1.00954
1.00966
1.00984
1.01004
1.01028
1.01046
1.01043
1.01028
1.01024
1.01008
1.00982
1.00968
1.00959
1.00258
1.00334
1.00267
1.00302
1.00257
1.00314
1.00281
1.00358
1.00358
1.00437
1.00477
1.00564
1.0067
1.00763
1.00933
1.01109
1.01315
1.01589
1.01816
1.02089
1.02263
1.02401
1.02434
1.02398
1.02206
1.01954
1.01735
1.01504
1.01321
1.0124
1.01216
1.01198
1.01159
1.01126
1.01101
1.0105
1.01025
1.01004
1.00985
1.00981
1.01453
1.01523
1.01635
1.01679
1.0175
1.01749
1.01779
1.01739
1.01745
1.01686
1.0163
1.01584
1.01476
1.01398
1.01246
1.01126
1.00933
1.00809
1.00619
1.00557
1.00526
1.00658
1.00739
1.00817
1.00894
1.01029
1.01096
1.01115
1.01105
1.01093
1.01111
1.01133
1.01132
1.01118
1.01115
1.01095
1.01059
1.01038
1.01021
1.01014
1.00484
1.00536
1.00498
1.00538
1.00512
1.00584
1.00591
1.00662
1.0071
1.00775
1.00839
1.00922
1.01024
1.0113
1.01245
1.0138
1.01498
1.01642
1.01743
1.01852
1.0193
1.02033
1.02055
1.0202
1.01896
1.01788
1.0171
1.01568
1.01411
1.01337
1.01311
1.01278
1.01216
1.01174
1.01135
1.01096
1.01082
1.01056
1.01044
1.0104
1.01346
1.01432
1.01511
1.01556
1.01595
1.016
1.01602
1.01585
1.01553
1.01537
1.01466
1.01428
1.01339
1.01272
1.01162
1.01087
1.00974
1.00914
1.00833
1.0082
1.00812
1.00898
1.0095
1.00994
1.01051
1.01157
1.01194
1.01208
1.01208
1.01207
1.01222
1.01223
1.01223
1.01214
1.01183
1.01139
1.01111
1.01086
1.01074
1.01072
1.00681
1.00712
1.00717
1.00762
1.00793
1.00844
1.00885
1.00941
1.00987
1.01046
1.01115
1.01179
1.01255
1.01325
1.01395
1.01472
1.01535
1.01606
1.01659
1.01728
1.01796
1.0183
1.01821
1.01755
1.01677
1.01648
1.016
1.01495
1.01407
1.01374
1.01356
1.01301
1.01253
1.0123
1.01194
1.01162
1.01134
1.0111
1.01102
1.01108
1.0129
1.01361
1.01405
1.01451
1.0146
1.01485
1.01477
1.0149
1.01457
1.01453
1.01396
1.0138
1.01322
1.01291
1.01236
1.01208
1.0117
1.0116
1.01118
1.01088
1.01088
1.01137
1.01137
1.0115
1.01205
1.01271
1.01296
1.01306
1.01306
1.01311
1.01314
1.01313
1.01305
1.01273
1.01235
1.012
1.01165
1.01138
1.01126
1.01126
1.00877
1.00912
1.00934
1.00988
1.01033
1.01076
1.01121
1.01168
1.01213
1.01264
1.01313
1.0137
1.01418
1.0147
1.01517
1.01563
1.01609
1.01639
1.01679
1.01725
1.0174
1.01728
1.01679
1.01613
1.01586
1.01581
1.01526
1.01452
1.01414
1.01392
1.01357
1.01329
1.01318
1.01297
1.01266
1.01234
1.01207
1.01175
1.01161
1.01161
1.01265
1.01324
1.01365
1.01398
1.01413
1.01448
1.01448
1.01472
1.0145
1.01454
1.01431
1.01434
1.01405
1.01394
1.01388
1.01391
1.01392
1.01379
1.01338
1.01312
1.01309
1.01318
1.01308
1.01323
1.01361
1.01395
1.01405
1.01408
1.0141
1.01411
1.01399
1.01381
1.01361
1.01328
1.01295
1.01269
1.01243
1.01202
1.0118
1.01173
1.01049
1.01118
1.01147
1.01201
1.01227
1.01271
1.01297
1.01344
1.01378
1.01428
1.01459
1.01506
1.0154
1.01577
1.01614
1.01647
1.01664
1.01692
1.01722
1.01742
1.01731
1.0169
1.01634
1.01597
1.01582
1.01557
1.01513
1.01477
1.01458
1.01436
1.0142
1.01415
1.01406
1.01373
1.0133
1.01304
1.01283
1.01254
1.01226
1.01224
1.0127
1.01339
1.01367
1.01416
1.01446
1.01474
1.0149
1.01516
1.01516
1.01538
1.01533
1.01553
1.0155
1.01553
1.01554
1.01563
1.01567
1.01561
1.01527
1.01513
1.01505
1.01499
1.01495
1.01504
1.01519
1.01526
1.01528
1.01525
1.0152
1.01502
1.01476
1.01461
1.0145
1.01421
1.01379
1.01343
1.01319
1.01284
1.0126
1.01255
1.012
1.01276
1.01304
1.01355
1.01387
1.01431
1.01464
1.01509
1.01538
1.01583
1.01615
1.01659
1.01687
1.01723
1.01742
1.01756
1.01759
1.01765
1.01771
1.01773
1.0174
1.01703
1.01666
1.01651
1.01624
1.01602
1.01574
1.0156
1.01553
1.01547
1.01526
1.01507
1.01493
1.01465
1.01426
1.01393
1.01373
1.01351
1.01313
1.01294
1.01337
1.01406
1.01434
1.01491
1.0151
1.01555
1.01568
1.0161
1.0162
1.01658
1.01669
1.01702
1.0171
1.01738
1.01739
1.01751
1.01725
1.01708
1.01693
1.01682
1.01674
1.01672
1.0167
1.01671
1.01671
1.0166
1.01639
1.0163
1.01618
1.01602
1.01583
1.0157
1.0156
1.0153
1.01481
1.01434
1.01414
1.01395
1.01365
1.01354
1.01355
1.01405
1.01446
1.01491
1.01523
1.01565
1.0159
1.0163
1.01654
1.01696
1.01719
1.01759
1.01778
1.0181
1.01817
1.01832
1.01824
1.01834
1.01828
1.01827
1.01797
1.0178
1.01756
1.01749
1.01732
1.01713
1.01695
1.01688
1.01676
1.01653
1.01625
1.0161
1.01607
1.01587
1.01543
1.01495
1.01472
1.01454
1.01414
1.01384
1.01439
1.01505
1.01538
1.0159
1.01612
1.01657
1.01673
1.01714
1.01729
1.01771
1.01785
1.01822
1.01832
1.01863
1.01861
1.01871
1.01854
1.01862
1.01859
1.01862
1.01848
1.01842
1.01834
1.01836
1.01819
1.01803
1.0178
1.0177
1.01761
1.01743
1.01709
1.01686
1.01678
1.01659
1.01614
1.01563
1.01538
1.01526
1.0151
1.01482
1.01503
1.01565
1.01607
1.01658
1.01691
1.01737
1.01765
1.0181
1.01834
1.01878
1.01894
1.01929
1.01935
1.01959
1.01953
1.01967
1.01961
1.0198
1.01971
1.01966
1.01937
1.01929
1.01915
1.01918
1.01898
1.01881
1.0185
1.01836
1.01818
1.01804
1.01774
1.01746
1.01729
1.01713
1.0167
1.01619
1.01585
1.0156
1.01533
1.01515
1.01584
1.01656
1.01696
1.01753
1.01786
1.01838
1.01866
1.01915
1.01938
1.0198
1.01993
1.02023
1.02026
1.02049
1.02046
1.02067
1.0207
1.02095
1.02083
1.02074
1.02047
1.02044
1.02035
1.0204
1.02022
1.02005
1.01975
1.0196
1.0194
1.01926
1.01895
1.01858
1.01829
1.01807
1.01769
1.01722
1.01688
1.0167
1.01643
1.01623
1.0168
1.01753
1.01798
1.01861
1.01902
1.01957
1.0199
1.0204
1.02064
1.02101
1.02106
1.02131
1.02129
1.02151
1.0215
1.02176
1.02179
1.02199
1.02177
1.02167
1.02139
1.02142
1.02132
1.02133
1.02101
1.02082
1.02053
1.02038
1.02014
1.02
1.01971
1.01938
1.01903
1.0187
1.01824
1.01782
1.01748
1.01717
1.01683
1.01662
1.01785
1.01862
1.01915
1.01978
1.02027
1.02083
1.02119
1.02164
1.02185
1.02218
1.02221
1.02249
1.02253
1.02285
1.02287
1.02319
1.02321
1.02334
1.02306
1.02299
1.0228
1.02296
1.02289
1.02286
1.0225
1.0224
1.02214
1.02199
1.02168
1.02148
1.02111
1.02085
1.02046
1.01995
1.01936
1.01901
1.01876
1.0185
1.01824
1.01799
1.01903
1.01981
1.02044
1.02107
1.02158
1.02211
1.02242
1.02282
1.02299
1.02329
1.02342
1.02377
1.02393
1.02429
1.02436
1.02465
1.02454
1.02455
1.02419
1.02416
1.02397
1.02412
1.02391
1.02379
1.02345
1.02336
1.02301
1.02287
1.02258
1.02237
1.022
1.02186
1.0215
1.02089
1.0201
1.01966
1.01927
1.01893
1.01877
1.01866
1.02025
1.02106
1.02177
1.02239
1.02291
1.02338
1.02371
1.02412
1.02437
1.0248
1.02511
1.02554
1.02576
1.02611
1.0262
1.02645
1.02625
1.02623
1.02593
1.02597
1.02584
1.02597
1.0257
1.02571
1.02542
1.02526
1.02486
1.02483
1.02453
1.02431
1.02393
1.02383
1.02341
1.02283
1.02198
1.02143
1.02096
1.02068
1.02057
1.02049
1.02166
1.02246
1.02318
1.02373
1.02419
1.02462
1.02496
1.02541
1.02579
1.02636
1.02673
1.02716
1.02738
1.0277
1.02784
1.02806
1.0279
1.02787
1.02759
1.02767
1.02751
1.02748
1.02713
1.02717
1.02678
1.02665
1.02625
1.02623
1.02579
1.02554
1.02514
1.02495
1.02443
1.02393
1.023
1.02222
1.02159
1.02131
1.02116
1.02112
1.02344
1.02437
1.02489
1.02555
1.02598
1.02651
1.02695
1.02759
1.02805
1.02866
1.029
1.02944
1.02967
1.03007
1.03037
1.03068
1.03056
1.03048
1.03033
1.03052
1.03028
1.03011
1.02973
1.02977
1.02937
1.02929
1.02891
1.02876
1.02821
1.02803
1.02775
1.02752
1.02689
1.02639
1.02549
1.02476
1.0241
1.02378
1.02348
1.02342
1.02537
1.02629
1.02673
1.02759
1.02796
1.02877
1.02922
1.02991
1.03032
1.03085
1.03109
1.0315
1.03172
1.03228
1.03257
1.03284
1.03259
1.03263
1.0326
1.03272
1.03231
1.03214
1.03172
1.03168
1.03126
1.03125
1.03076
1.03047
1.02999
1.03003
1.02956
1.02917
1.02833
1.02771
1.02663
1.02595
1.02527
1.02489
1.02449
1.02424
1.02787
1.029
1.02972
1.03058
1.0313
1.03217
1.0327
1.03352
1.03396
1.03461
1.03486
1.03533
1.03568
1.03631
1.03651
1.03667
1.03651
1.03671
1.03656
1.03654
1.03618
1.03614
1.03566
1.03552
1.03509
1.03502
1.03437
1.03412
1.03373
1.03373
1.03313
1.03275
1.03174
1.03102
1.02991
1.02938
1.02859
1.02824
1.02769
1.02746
1.02995
1.03122
1.03207
1.03301
1.03375
1.03458
1.03528
1.0361
1.03662
1.03721
1.03747
1.03817
1.03864
1.03914
1.03917
1.03944
1.03946
1.03961
1.03923
1.03927
1.03896
1.03889
1.0383
1.03813
1.03755
1.03732
1.03665
1.03655
1.03599
1.03589
1.03522
1.03478
1.03361
1.03282
1.0316
1.031
1.03013
1.02987
1.02912
1.02887
1.03356
1.03523
1.03619
1.03744
1.03828
1.0393
1.04032
1.04108
1.04174
1.04227
1.04303
1.04378
1.0442
1.04447
1.04474
1.04517
1.04524
1.04526
1.04494
1.04506
1.04468
1.0446
1.04407
1.04382
1.04299
1.04274
1.04224
1.04211
1.04143
1.04124
1.04038
1.03976
1.03859
1.03778
1.03636
1.03563
1.03472
1.03452
1.03387
1.03369
1.03694
1.03851
1.03981
1.04103
1.04211
1.04354
1.04408
1.04503
1.04558
1.04654
1.04734
1.0477
1.04823
1.04851
1.04921
1.04927
1.04957
1.04949
1.04952
1.04929
1.04905
1.04888
1.04826
1.0476
1.04683
1.04642
1.04577
1.04548
1.0449
1.04447
1.04342
1.04263
1.04124
1.04018
1.03871
1.03787
1.03676
1.03649
1.03582
1.03568
1.04381
1.04597
1.04693
1.04865
1.04955
1.0508
1.05146
1.05282
1.05365
1.05485
1.05507
1.05586
1.05633
1.05697
1.0572
1.05721
1.0574
1.05722
1.05721
1.05678
1.0567
1.05616
1.05575
1.05529
1.05476
1.05428
1.05392
1.0538
1.05321
1.05255
1.05139
1.05013
1.04838
1.04712
1.04568
1.04461
1.04339
1.04283
1.04203
1.04166
1.04907
1.05177
1.05336
1.05487
1.05581
1.05711
1.05833
1.05966
1.06075
1.06149
1.06251
1.06329
1.06405
1.06474
1.06522
1.06597
1.06635
1.0668
1.06689
1.06658
1.06641
1.06579
1.0655
1.06431
1.06361
1.0624
1.06187
1.06086
1.06003
1.05873
1.05738
1.05577
1.05403
1.05246
1.05087
1.04981
1.04848
1.04785
1.04688
1.04655
1.05954
1.06206
1.06298
1.06507
1.06631
1.06826
1.06946
1.07091
1.07175
1.07286
1.07348
1.0746
1.07491
1.07569
1.07537
1.07579
1.07532
1.0752
1.07429
1.0738
1.07312
1.07256
1.07189
1.07123
1.07053
1.06995
1.06937
1.06891
1.06812
1.06741
1.066
1.06486
1.06284
1.06128
1.05903
1.05776
1.05591
1.0549
1.05336
1.05259
1.07117
1.07597
1.07805
1.08068
1.08248
1.08453
1.0863
1.08801
1.08938
1.09085
1.09195
1.09329
1.09429
1.09547
1.0963
1.09723
1.09803
1.09869
1.09915
1.09913
1.0992
1.0987
1.09823
1.09698
1.09577
1.094
1.09245
1.09067
1.08887
1.08666
1.08421
1.08142
1.07842
1.07567
1.07256
1.07034
1.06792
1.06661
1.06493
1.06407
1.09208
1.0951
1.0962
1.09909
1.09997
1.10248
1.10282
1.10488
1.10497
1.10701
1.10703
1.10873
1.10817
1.10895
1.10755
1.10751
1.10585
1.10556
1.1038
1.10326
1.10121
1.10034
1.09839
1.09739
1.09557
1.09472
1.09317
1.09251
1.09113
1.09031
1.08844
1.08687
1.08454
1.08262
1.08014
1.07835
1.07623
1.07476
1.07303
1.07177
1.1343
1.13868
1.13999
1.14381
1.14451
1.14794
1.14815
1.15123
1.15126
1.15394
1.15402
1.15637
1.15646
1.15848
1.15873
1.16061
1.16085
1.16221
1.16199
1.16282
1.16224
1.16238
1.16087
1.16013
1.15774
1.15598
1.15272
1.15004
1.14614
1.14263
1.13804
1.13369
1.12845
1.12352
1.11803
1.11311
1.10794
1.1036
1.09915
1.09555
1.19296
1.18761
1.18696
1.18446
1.18487
1.18301
1.18358
1.18189
1.18233
1.18065
1.18079
1.17894
1.17859
1.17633
1.17531
1.17262
1.17117
1.16828
1.16644
1.16317
1.16087
1.15711
1.15438
1.15022
1.14755
1.14351
1.1412
1.13751
1.1355
1.1321
1.1303
1.12708
1.12507
1.12118
1.118
1.11297
1.10931
1.10515
1.10356
1.10279
1.25276
1.26268
1.26716
1.27485
1.27676
1.283
1.28415
1.28961
1.29041
1.29529
1.29581
1.30017
1.3004
1.30429
1.30417
1.3075
1.30677
1.30936
1.30798
1.30992
1.30803
1.30925
1.30656
1.30669
1.30253
1.30102
1.2952
1.29176
1.28423
1.27889
1.26979
1.26274
1.25251
1.24452
1.23436
1.22668
1.21727
1.20939
1.19853
1.18707
1.2911
1.28862
1.28952
1.29332
1.29943
1.30454
1.31127
1.31544
1.32168
1.32426
1.32963
1.33026
1.33433
1.33291
1.33569
1.33305
1.33523
1.33259
1.33392
1.3304
1.3287
1.32285
1.31801
1.31068
1.30364
1.29591
1.2878
1.28004
1.27162
1.26368
1.25558
1.24781
1.24127
1.23413
1.22809
1.21777
1.20612
1.18773
1.17198
1.15704
1.27264
1.30841
1.35639
1.39479
1.4361
1.47184
1.50901
1.54113
1.57471
1.60276
1.63272
1.65663
1.6827
1.70181
1.72298
1.73622
1.75121
1.75827
1.76725
1.76979
1.77444
1.77421
1.77522
1.77218
1.76915
1.76242
1.75464
1.74423
1.73144
1.71709
1.69897
1.68117
1.65893
1.6394
1.61416
1.59236
1.56365
1.53903
1.51147
1.4873
1.00889
1.00953
1.00955
1.00964
1.00975
1.00983
1.00986
1.01003
1.01024
1.01037
1.01067
1.01112
1.01121
1.01141
1.01169
1.01179
1.01183
1.01151
1.01116
1.01091
1.01048
1.00979
1.00893
1.00784
1.00637
1.0046
1.00237
0.999689
0.996984
0.994358
0.991378
0.988701
0.985443
0.981326
0.979583
0.976447
0.97651
0.974901
0.975133
0.973095
1.0092
1.00968
1.00963
1.00986
1.01
1.01004
1.01006
1.01026
1.01055
1.01083
1.01124
1.01167
1.01181
1.0117
1.0119
1.012
1.01192
1.01165
1.01138
1.01117
1.01063
1.00986
1.009
1.00786
1.00636
1.00448
1.00236
0.999557
0.996654
0.993843
0.99109
0.98819
0.985034
0.980754
0.978929
0.975691
0.975749
0.974011
0.974311
0.972454
1.0096
1.00988
1.00978
1.01007
1.01016
1.01019
1.01022
1.01042
1.01079
1.01118
1.01155
1.01179
1.01175
1.01144
1.01149
1.01152
1.01127
1.01093
1.01059
1.01052
1.00998
1.00916
1.00821
1.00691
1.00527
1.00331
1.00117
0.998157
0.995554
0.992625
0.989716
0.986647
0.983701
0.980209
0.977981
0.975373
0.974631
0.973211
0.973167
0.971932
1.00985
1.01002
1.00994
1.01028
1.0103
1.01044
1.01053
1.01077
1.01106
1.01147
1.01179
1.01189
1.01175
1.01146
1.0115
1.01148
1.0112
1.01078
1.01046
1.01028
1.00965
1.00872
1.00771
1.00639
1.0047
1.00263
1.00054
0.997668
0.994911
0.991755
0.988641
0.985534
0.982636
0.979806
0.977389
0.975325
0.973753
0.972412
0.971933
0.971098
1.01007
1.01015
1.01011
1.01029
1.01023
1.01055
1.01069
1.01086
1.01114
1.01147
1.01169
1.01165
1.01138
1.01104
1.01104
1.01088
1.01062
1.01029
1.00991
1.00955
1.00885
1.00784
1.00672
1.00532
1.00359
1.00151
0.999125
0.996515
0.993456
0.990277
0.987039
0.983867
0.981069
0.978691
0.976358
0.97456
0.972744
0.971293
0.970909
0.970434
1.01042
1.01046
1.01045
1.01057
1.01061
1.01105
1.01118
1.0113
1.01148
1.01172
1.01185
1.01182
1.01161
1.01142
1.01136
1.01112
1.0109
1.01054
1.0102
1.00982
1.00907
1.00804
1.00687
1.00548
1.00367
1.00154
0.999155
0.99654
0.993329
0.990105
0.98659
0.983396
0.980517
0.978176
0.975844
0.974036
0.972181
0.970415
0.969816
0.969515
1.01051
1.01053
1.01053
1.01057
1.01065
1.01121
1.01134
1.01155
1.01163
1.0118
1.01182
1.01169
1.01148
1.01135
1.01131
1.011
1.01073
1.0104
1.01019
1.00976
1.00885
1.00771
1.00638
1.00492
1.00308
1.0009
0.998369
0.995547
0.992285
0.989009
0.985439
0.981976
0.979093
0.976751
0.974522
0.972804
0.971152
0.969226
0.968901
0.968746
1.01098
1.01098
1.011
1.01103
1.01122
1.01179
1.01194
1.01218
1.01217
1.0123
1.01228
1.01217
1.01211
1.01217
1.01212
1.01183
1.01167
1.01142
1.01117
1.0107
1.00976
1.00862
1.00722
1.00566
1.00377
1.00155
0.998904
0.995898
0.992665
0.989263
0.985385
0.981927
0.978814
0.97623
0.973713
0.971845
0.970369
0.968357
0.967802
0.967654
1.01108
1.01109
1.01113
1.01132
1.01159
1.01203
1.01215
1.01237
1.01227
1.01242
1.01237
1.01225
1.01221
1.01232
1.01222
1.01195
1.01189
1.01166
1.01135
1.01072
1.00973
1.00856
1.00714
1.00544
1.00339
1.00105
0.9982
0.9951
0.991666
0.988084
0.984345
0.980682
0.977443
0.974763
0.972151
0.970228
0.969129
0.967108
0.966683
0.966669
1.01155
1.01155
1.01171
1.01206
1.01231
1.01257
1.01273
1.01304
1.01292
1.01315
1.01317
1.01309
1.01307
1.01322
1.01315
1.01298
1.01295
1.01282
1.01243
1.01178
1.01085
1.0097
1.0083
1.00647
1.00428
1.00169
0.998738
0.995352
0.991827
0.988084
0.984009
0.980447
0.976921
0.974024
0.971241
0.969024
0.968041
0.96638
0.965671
0.965571
1.01181
1.01187
1.0121
1.01247
1.01269
1.0127
1.01294
1.01317
1.01304
1.01329
1.01332
1.01327
1.01323
1.01333
1.01328
1.01311
1.01314
1.01293
1.01248
1.01172
1.01075
1.00956
1.00807
1.00617
1.00372
1.00099
0.997663
0.994281
0.990521
0.986489
0.98278
0.978755
0.975272
0.972313
0.969549
0.967368
0.966523
0.96503
0.96469
0.964466
1.01212
1.01232
1.01251
1.01293
1.01303
1.01314
1.01334
1.01369
1.01364
1.01402
1.01411
1.01419
1.0141
1.01413
1.01414
1.01405
1.01404
1.01382
1.01331
1.01268
1.01177
1.01058
1.00896
1.00701
1.0044
1.00124
0.997938
0.994247
0.990401
0.986341
0.98193
0.978328
0.974563
0.971474
0.968702
0.966376
0.965438
0.964047
0.96361
0.963358
1.01265
1.01287
1.0131
1.01341
1.0136
1.01356
1.0138
1.01405
1.0141
1.01427
1.01427
1.01445
1.01431
1.01434
1.01442
1.01422
1.01413
1.01369
1.01314
1.01244
1.01139
1.01006
1.00834
1.00628
1.00347
1.00038
0.996746
0.992978
0.988894
0.984423
0.980614
0.976238
0.972485
0.969373
0.966755
0.964545
0.963632
0.962275
0.962299
0.962044
1.01298
1.01328
1.01345
1.01369
1.01375
1.01383
1.01411
1.01435
1.01449
1.01462
1.01474
1.0151
1.01495
1.01503
1.0151
1.01494
1.0147
1.01432
1.01379
1.01311
1.01211
1.01084
1.00911
1.00684
1.00417
1.0006
0.996943
0.992838
0.988634
0.984249
0.979398
0.975659
0.971672
0.96837
0.965695
0.963383
0.962421
0.960876
0.960886
0.960691
1.01364
1.01394
1.01411
1.01431
1.01441
1.01458
1.01483
1.01505
1.01522
1.01528
1.01526
1.01558
1.01535
1.01544
1.01545
1.01524
1.01502
1.01455
1.01392
1.01299
1.01182
1.01029
1.00833
1.00602
1.00301
0.99958
0.995609
0.991369
0.987023
0.982012
0.978116
0.973212
0.969251
0.965961
0.963404
0.96123
0.96039
0.95887
0.959366
0.959246
1.01387
1.01423
1.01455
1.01485
1.01499
1.01504
1.01513
1.0154
1.01572
1.01576
1.0158
1.01618
1.01603
1.01621
1.01618
1.01621
1.01593
1.01549
1.01479
1.01382
1.01261
1.01096
1.00905
1.00653
1.00369
0.999788
0.995685
0.99125
0.986457
0.981803
0.976462
0.972438
0.968248
0.964732
0.962041
0.959678
0.958935
0.957265
0.957898
0.957897
1.01467
1.01518
1.01537
1.01576
1.01577
1.01585
1.01584
1.01626
1.01674
1.01679
1.01689
1.01721
1.01692
1.01699
1.01695
1.01693
1.0165
1.01601
1.01513
1.01395
1.01248
1.01063
1.00831
1.00571
1.00232
0.998551
0.994217
0.989434
0.984702
0.979242
0.975017
0.969542
0.965483
0.961972
0.959386
0.957222
0.956724
0.955188
0.956245
0.956344
1.01499
1.01544
1.01554
1.01598
1.01611
1.01635
1.01629
1.01673
1.01717
1.01735
1.01767
1.01783
1.01765
1.0179
1.01785
1.01787
1.0174
1.01691
1.01599
1.01478
1.01334
1.01125
1.00906
1.00611
1.0029
0.998765
0.994145
0.989208
0.983811
0.978881
0.972779
0.968501
0.964148
0.960405
0.957702
0.955313
0.954998
0.953336
0.954437
0.954814
1.01612
1.01648
1.01657
1.01708
1.01721
1.01758
1.01754
1.01793
1.01828
1.01857
1.01903
1.01902
1.019
1.01914
1.01878
1.01863
1.01796
1.01738
1.01633
1.01507
1.01326
1.01119
1.00847
1.00547
1.00165
0.997396
0.992509
0.986944
0.981821
0.975649
0.970974
0.96502
0.960808
0.957188
0.954635
0.952474
0.95253
0.951007
0.952585
0.953026
1.01646
1.01683
1.01698
1.01743
1.01758
1.01801
1.01814
1.01854
1.01863
1.01889
1.01933
1.01944
1.01984
1.0197
1.01934
1.01926
1.01848
1.01794
1.01692
1.01558
1.01396
1.01162
1.00892
1.00549
1.00168
0.997133
0.991811
0.986354
0.980266
0.975054
0.96809
0.963616
0.958978
0.95505
0.952418
0.95004
0.950228
0.948794
0.950253
0.95118
1.01774
1.01827
1.01855
1.01904
1.01928
1.01987
1.02015
1.02044
1.02051
1.02068
1.02107
1.02131
1.02152
1.02111
1.0209
1.02049
1.01943
1.01878
1.01749
1.01614
1.01401
1.01166
1.00837
1.00489
1.00049
0.995625
0.990091
0.983775
0.97818
0.971084
0.965979
0.959433
0.954964
0.951409
0.948775
0.946761
0.947257
0.946306
0.948071
0.949318
1.01826
1.0188
1.01905
1.01959
1.01982
1.02032
1.02055
1.02084
1.02102
1.02118
1.02145
1.02161
1.02171
1.02156
1.02155
1.02109
1.02015
1.0194
1.01807
1.01647
1.01448
1.01177
1.00854
1.00445
0.999909
0.994797
0.988512
0.982575
0.9755
0.970024
0.962215
0.957419
0.952395
0.948169
0.945829
0.943517
0.944104
0.94343
0.945113
0.94685
1.02007
1.02068
1.02093
1.02161
1.02191
1.02247
1.02274
1.02322
1.0236
1.02376
1.02395
1.02392
1.02389
1.02367
1.02361
1.02295
1.02193
1.02108
1.01917
1.01743
1.01476
1.01189
1.00791
1.00367
0.998773
0.992737
0.986611
0.979269
0.972989
0.965012
0.959579
0.952171
0.947584
0.944325
0.941373
0.939671
0.940528
0.940504
0.942784
0.944782
1.0208
1.02138
1.02154
1.02214
1.02234
1.02291
1.02314
1.02357
1.02377
1.02387
1.02399
1.0239
1.02389
1.02382
1.02368
1.02302
1.02229
1.02121
1.01948
1.01754
1.0149
1.01161
1.00762
1.00304
0.997233
0.991343
0.98395
0.977237
0.968985
0.962924
0.954175
0.949187
0.943631
0.939162
0.937288
0.935006
0.936271
0.936555
0.938897
0.941525
1.02321
1.02393
1.02409
1.02463
1.02487
1.02554
1.02584
1.02635
1.0265
1.02678
1.02702
1.02702
1.02693
1.02657
1.02607
1.02532
1.02428
1.02304
1.02092
1.01882
1.01552
1.01182
1.00734
1.00176
0.996049
0.988666
0.98167
0.972926
0.965839
0.956888
0.950799
0.942443
0.937684
0.934755
0.93167
0.930757
0.932023
0.932852
0.936072
0.939334
1.02404
1.02476
1.02487
1.02541
1.02558
1.02617
1.02638
1.02679
1.02688
1.02712
1.02724
1.0272
1.02708
1.02671
1.02622
1.02526
1.0243
1.02264
1.02077
1.01828
1.01471
1.01099
1.00575
1.00031
0.993204
0.986245
0.977337
0.969579
0.960029
0.952902
0.943388
0.937982
0.931719
0.92733
0.925931
0.923679
0.926139
0.9274
0.930494
0.935022
1.02721
1.02807
1.02827
1.02893
1.02921
1.02988
1.03022
1.03078
1.03112
1.03153
1.03167
1.03162
1.03133
1.03089
1.02997
1.02891
1.02725
1.02531
1.02278
1.01953
1.01568
1.01087
1.00552
0.998305
0.991593
0.982488
0.974264
0.96402
0.955908
0.945699
0.938641
0.929666
0.924382
0.921563
0.918704
0.918218
0.920818
0.922602
0.926613
0.932525
1.0284
1.02917
1.0292
1.0299
1.03006
1.0307
1.03085
1.0313
1.03145
1.03168
1.03161
1.03154
1.03126
1.03071
1.02991
1.02846
1.02683
1.02452
1.02167
1.01825
1.01365
1.00894
1.00184
0.99523
0.986439
0.97805
0.967367
0.958157
0.946952
0.938486
0.928098
0.92183
0.91533
0.910946
0.9104
0.908312
0.91236
0.914821
0.918472
0.926308
1.03302
1.03391
1.03395
1.035
1.03523
1.03611
1.03623
1.03685
1.03696
1.03732
1.03711
1.03705
1.03636
1.03575
1.03443
1.03288
1.03067
1.02778
1.02454
1.01977
1.01512
1.00816
1.00147
0.992365
0.983935
0.972739
0.962824
0.950629
0.940944
0.92933
0.920875
0.911432
0.905548
0.903154
0.901207
0.900861
0.905602
0.908767
0.913299
0.923076
1.03491
1.03556
1.03553
1.03627
1.03638
1.03705
1.03696
1.03748
1.03726
1.03743
1.03703
1.03664
1.03605
1.0349
1.03343
1.03151
1.02896
1.02603
1.02157
1.01724
1.0107
1.00418
0.995129
0.986652
0.975354
0.964839
0.952022
0.940693
0.927488
0.917626
0.905716
0.898459
0.892035
0.887907
0.888177
0.886889
0.89268
0.897222
0.901604
0.91335
1.04075
1.04199
1.04176
1.04307
1.0429
1.04408
1.044
1.04498
1.04455
1.045
1.04415
1.04397
1.04265
1.04129
1.03926
1.03654
1.03363
1.029
1.02468
1.01805
1.01158
1.00218
0.993486
0.981586
0.970631
0.95687
0.944267
0.92972
0.917985
0.904597
0.894674
0.884845
0.878927
0.876631
0.876814
0.876597
0.883897
0.889601
0.895222
0.908434
1.04588
1.04667
1.04645
1.0471
1.04686
1.04742
1.04705
1.04712
1.04645
1.04613
1.04498
1.04409
1.04211
1.04047
1.0374
1.03484
1.03019
1.02606
1.01926
1.01295
1.00334
0.994653
0.982246
0.971013
0.956387
0.942856
0.926952
0.912903
0.897299
0.885137
0.872254
0.863776
0.857638
0.8545
0.856186
0.856359
0.864712
0.872248
0.878293
0.893105
1.0515
1.05285
1.05256
1.05385
1.05342
1.05442
1.05382
1.05448
1.05379
1.05372
1.0526
1.05134
1.0496
1.04691
1.04429
1.03959
1.03527
1.02809
1.02163
1.01157
1.00231
0.989272
0.977252
0.961566
0.947067
0.929313
0.913422
0.895635
0.880899
0.865749
0.854236
0.844337
0.838814
0.837682
0.841184
0.841866
0.852618
0.862691
0.870878
0.8873
1.06289
1.06367
1.06307
1.06383
1.06299
1.06352
1.0621
1.06213
1.05979
1.0591
1.05573
1.05416
1.04962
1.04692
1.04096
1.03656
1.02857
1.022
1.01121
1.00165
0.987455
0.974868
0.957501
0.94207
0.922072
0.904593
0.883825
0.865741
0.847562
0.83222
0.818752
0.809409
0.804599
0.80453
0.809477
0.811376
0.823244
0.836333
0.845798
0.865698
1.07048
1.07114
1.07066
1.07117
1.0706
1.0706
1.0696
1.06854
1.06675
1.06458
1.06216
1.05889
1.05562
1.05068
1.04597
1.03836
1.03125
1.01997
1.00953
0.994062
0.980089
0.96094
0.943786
0.921849
0.901786
0.878408
0.857497
0.835669
0.816913
0.800261
0.787825
0.779143
0.776213
0.778769
0.788405
0.79193
0.806625
0.824088
0.838841
0.856644
1.09253
1.09285
1.091
1.09161
1.08895
1.08874
1.08468
1.08352
1.0782
1.07626
1.06971
1.06681
1.05849
1.05368
1.04253
1.03464
1.01978
1.00779
0.988886
0.972736
0.950365
0.930585
0.905282
0.881872
0.854943
0.829923
0.803282
0.779799
0.758357
0.740871
0.728557
0.721112
0.719802
0.726058
0.739391
0.744685
0.760377
0.783745
0.801747
0.830512
1.10454
1.10398
1.10432
1.10229
1.10012
1.09638
1.09332
1.08871
1.08511
1.07944
1.07478
1.06707
1.05998
1.04887
1.03807
1.02268
1.0074
0.987425
0.967684
0.943735
0.919899
0.891972
0.864246
0.833898
0.803678
0.773467
0.745106
0.719944
0.698399
0.682533
0.67335
0.670094
0.676027
0.686859
0.710313
0.724272
0.74168
0.770364
0.791162
0.820248
1.1724
1.16525
1.15131
1.14498
1.13345
1.1303
1.1207
1.11883
1.10841
1.10438
1.09034
1.08207
1.06335
1.04981
1.02594
1.00662
0.977892
0.952979
0.919828
0.889438
0.85193
0.816125
0.776927
0.738526
0.701748
0.664806
0.634203
0.603682
0.583756
0.565255
0.563955
0.560385
0.575472
0.589133
0.622936
0.650625
0.672906
0.706581
0.746659
0.779935
1.15645
1.14899
1.15569
1.15336
1.15893
1.15559
1.15341
1.14251
1.13045
1.11165
1.09061
1.06537
1.03693
1.00645
0.971489
0.936129
0.895006
0.855011
0.808801
0.765894
0.717849
0.676481
0.628449
0.592169
0.549019
0.522231
0.490015
0.478848
0.461284
0.475079
0.482688
0.511064
0.545944
0.581495
0.626681
0.675056
0.712407
0.756818
0.786097
0.834071
1.46077
1.43921
1.4009
1.36856
1.32197
1.28081
1.22938
1.18473
1.13026
1.08326
1.02689
0.978551
0.92078
0.871236
0.811789
0.761172
0.700393
0.649417
0.587812
0.536766
0.475755
0.42531
0.370533
0.324346
0.287124
0.25449
0.257882
0.259759
0.273128
0.33304
0.393267
0.435432
0.517926
0.564676
0.642104
0.696798
0.768352
0.823669
0.892001
0.936963
0.99998
1
1
0.999999
0.999999
0.999998
0.999999
0.999999
1
1
1
1
1
1
1
1
1
1
1
1.00001
1.00001
1.00001
1.00001
1.00001
1.00001
1.00001
1.00001
1.00001
1.00001
1.00001
1.00001
1.00001
1.00001
1.00001
1.00001
1
1
1
1
0.999982
0.999982
1.00002
1.00001
1.00001
1.00001
1.00001
1.00001
1
1
1
0.999999
0.999997
0.999995
0.999993
0.999991
0.99999
0.999988
0.999987
0.999986
0.999984
0.999983
0.999982
0.99998
0.999979
0.999978
0.999976
0.999976
0.999975
0.999974
0.999974
0.999974
0.999974
0.999974
0.999974
0.999975
0.999976
0.999978
0.99998
0.999985
0.999935
0.99999
1.00004
1.00003
1.00003
1.00002
1.00002
1.00002
1.00002
1.00002
1.00002
1.00002
1.00001
1.00001
1.00001
1.00001
1.00001
1.00001
1
1
1
0.999998
0.999995
0.999993
0.99999
0.999987
0.999984
0.99998
0.999977
0.999973
0.99997
0.999967
0.999963
0.999961
0.999959
0.999957
0.999955
0.999954
0.999956
0.99996
0.999883
1
1.0001
1.00009
1.00008
1.00007
1.00006
1.00005
1.00004
1.00003
1.00003
1.00002
1.00002
1.00001
1
0.999998
0.999991
0.999983
0.999976
0.999968
0.99996
0.999951
0.999943
0.999935
0.999926
0.999918
0.99991
0.999902
0.999895
0.999887
0.999881
0.999875
0.999871
0.999866
0.999863
0.99986
0.99986
0.999861
0.999868
0.999879
0.999764
1.00003
1.00016
1.00014
1.00012
1.00011
1.0001
1.00009
1.00008
1.00007
1.00007
1.00006
1.00005
1.00004
1.00003
1.00001
1
0.999995
0.999983
0.999972
0.99996
0.999948
0.999936
0.999924
0.999912
0.999899
0.999887
0.999875
0.999863
0.999851
0.99984
0.999828
0.999818
0.99981
0.999804
0.999799
0.999799
0.9998
0.999805
0.999819
0.999673
1.00008
1.00026
1.00026
1.00025
1.00024
1.00023
1.00023
1.00022
1.00021
1.00021
1.0002
1.00019
1.00018
1.00017
1.00016
1.00014
1.00013
1.00012
1.0001
1.00008
1.00007
1.00005
1.00003
1.00001
0.999985
0.999964
0.999943
0.999921
0.999901
0.999881
0.999862
0.999843
0.999825
0.999809
0.999794
0.999783
0.999774
0.999766
0.999772
0.999583
1.00017
1.00042
1.00041
1.0004
1.0004
1.00039
1.00039
1.00039
1.00038
1.00038
1.00037
1.00036
1.00035
1.00034
1.00033
1.00031
1.00029
1.00027
1.00025
1.00022
1.0002
1.00017
1.00014
1.00011
1.00008
1.00004
1.00001
0.999972
0.999935
0.999898
0.999861
0.999826
0.999792
0.999761
0.999732
0.999709
0.999693
0.999682
0.999685
0.999456
1.00022
1.00049
1.00047
1.00045
1.00044
1.00043
1.00042
1.00041
1.0004
1.00039
1.00037
1.00036
1.00034
1.00032
1.0003
1.00027
1.00025
1.00022
1.00019
1.00015
1.00012
1.00008
1.00004
1
0.999959
0.999918
0.999876
0.999834
0.999793
0.999752
0.999711
0.999673
0.99964
0.99961
0.999585
0.999563
0.999552
0.999548
0.999547
0.99927
1.00025
1.00057
1.00055
1.00052
1.0005
1.00048
1.00045
1.00043
1.0004
1.00038
1.00035
1.00032
1.00029
1.00025
1.00022
1.00018
1.00014
1.00009
1.00005
1
0.999955
0.999905
0.999854
0.999801
0.999748
0.999694
0.99964
0.999588
0.999538
0.99949
0.999445
0.999404
0.999366
0.999333
0.999305
0.999283
0.999269
0.999263
0.999257
0.998925
1.00032
1.00067
1.00065
1.00062
1.00059
1.00057
1.00054
1.00051
1.00048
1.00045
1.00042
1.00038
1.00034
1.0003
1.00026
1.00021
1.00016
1.0001
1.00005
0.999992
0.99993
0.999866
0.999799
0.999732
0.999664
0.999595
0.999528
0.999462
0.999399
0.999338
0.999283
0.999233
0.999187
0.999145
0.999112
0.999086
0.999066
0.999053
0.99905
0.998679
1.00047
1.00088
1.00087
1.00084
1.00082
1.0008
1.00078
1.00076
1.00074
1.00071
1.00068
1.00064
1.0006
1.00056
1.00051
1.00046
1.0004
1.00034
1.00028
1.00021
1.00014
1.00006
0.999987
0.999906
0.999823
0.999739
0.999654
0.999569
0.999484
0.999401
0.99932
0.999245
0.999175
0.99911
0.999055
0.999007
0.998973
0.998953
0.998951
0.998536
1.00068
1.00112
1.00111
1.00109
1.00108
1.00106
1.00104
1.00102
1.001
1.00097
1.00094
1.00091
1.00087
1.00082
1.00077
1.00071
1.00065
1.00058
1.00051
1.00043
1.00035
1.00027
1.00017
1.00006
0.999962
0.999856
0.999748
0.999641
0.999534
0.999428
0.999325
0.999226
0.999136
0.999056
0.998983
0.998921
0.998872
0.99884
0.998825
0.998377
1.00077
1.00125
1.00123
1.00121
1.00119
1.00117
1.00114
1.00111
1.00108
1.00104
1.001
1.00095
1.0009
1.00084
1.00077
1.0007
1.00062
1.00055
1.00045
1.00036
1.00026
1.00015
1.00004
0.999918
0.9998
0.999679
0.999556
0.999435
0.999317
0.999204
0.999095
0.99899
0.998893
0.998806
0.99873
0.998666
0.998617
0.998586
0.998565
0.99806
1.00083
1.00134
1.00132
1.00128
1.00125
1.00122
1.00118
1.00114
1.00109
1.00104
1.00098
1.00092
1.00085
1.00078
1.0007
1.00062
1.00053
1.00043
1.00031
1.0002
1.00008
0.999951
0.999819
0.999684
0.999547
0.999408
0.999269
0.999129
0.998994
0.998863
0.998739
0.998623
0.998516
0.998419
0.998337
0.998267
0.998214
0.998175
0.998151
0.997612
1.00097
1.00151
1.00149
1.00146
1.00144
1.0014
1.00137
1.00133
1.00128
1.00123
1.00117
1.00111
1.00104
1.00097
1.00088
1.00078
1.00068
1.00057
1.00044
1.00032
1.00018
1.00004
0.999887
0.999732
0.999572
0.999409
0.999245
0.99908
0.998918
0.998758
0.998605
0.998461
0.99833
0.998209
0.998104
0.998016
0.997945
0.997899
0.997869
0.99729
1.00126
1.00183
1.00182
1.00179
1.00177
1.00173
1.0017
1.00165
1.00161
1.00155
1.00149
1.00142
1.00135
1.00126
1.00116
1.00106
1.00094
1.00082
1.00068
1.00053
1.00038
1.00021
1.00004
0.999864
0.999681
0.999494
0.999304
0.999115
0.998928
0.998745
0.998569
0.998402
0.998248
0.998108
0.997985
0.997881
0.997797
0.997739
0.997701
0.997094
1.00148
1.00208
1.00206
1.00203
1.002
1.00196
1.00192
1.00188
1.00182
1.00176
1.00169
1.00161
1.00152
1.00142
1.00131
1.00119
1.00106
1.00092
1.00076
1.00059
1.00041
1.00022
1.00003
0.999827
0.999618
0.999403
0.999188
0.998973
0.998761
0.998554
0.998356
0.998169
0.997993
0.997834
0.997693
0.997575
0.997479
0.997413
0.997369
0.996747
1.00164
1.00224
1.00223
1.0022
1.00216
1.00212
1.00208
1.00202
1.00196
1.00189
1.00182
1.00173
1.00163
1.00152
1.00139
1.00125
1.0011
1.00095
1.00077
1.00058
1.00038
1.00017
0.999955
0.999726
0.999488
0.999246
0.998999
0.998753
0.998508
0.99827
0.99804
0.99782
0.997619
0.997436
0.997274
0.997135
0.997027
0.996942
0.996889
0.996241
1.00186
1.00248
1.00246
1.00243
1.0024
1.00236
1.00231
1.00226
1.00219
1.00211
1.00204
1.00194
1.00183
1.0017
1.00156
1.00141
1.00124
1.00108
1.00088
1.00067
1.00045
1.00021
0.999967
0.999705
0.999436
0.999159
0.998881
0.998601
0.998326
0.998055
0.997793
0.997551
0.997319
0.997106
0.996918
0.99676
0.996628
0.996541
0.996466
0.995813
1.00216
1.00278
1.00277
1.00274
1.0027
1.00266
1.0026
1.00254
1.00247
1.00239
1.0023
1.00219
1.00207
1.00194
1.00179
1.00162
1.00143
1.00125
1.00104
1.00081
1.00056
1.0003
1.00002
0.999734
0.999436
0.99913
0.998818
0.998504
0.99819
0.997886
0.997591
0.997302
0.997043
0.99681
0.9966
0.996423
0.996279
0.996162
0.996102
0.995406
1.00243
1.00306
1.00303
1.003
1.00297
1.00292
1.00287
1.00281
1.00273
1.00266
1.00255
1.00244
1.00231
1.00216
1.00199
1.00181
1.00161
1.00141
1.00119
1.00093
1.00066
1.00037
1.00006
0.99973
0.999393
0.99905
0.998701
0.998351
0.998009
0.997666
0.997338
0.997037
0.996739
0.996465
0.996223
0.996021
0.995847
0.995743
0.995636
0.99498
1.00269
1.00332
1.00331
1.00328
1.00324
1.00319
1.00313
1.00306
1.00298
1.00289
1.00278
1.00266
1.00252
1.00236
1.00219
1.002
1.00178
1.00156
1.00131
1.00103
1.00073
1.00041
1.00008
0.99973
0.999367
0.998988
0.998603
0.998213
0.997815
0.997432
0.99706
0.996683
0.996361
0.996072
0.995808
0.995578
0.995401
0.995222
0.995161
0.994438
1.00297
1.00359
1.00356
1.00353
1.0035
1.00345
1.0034
1.00333
1.00325
1.00316
1.00304
1.00291
1.00277
1.00261
1.00241
1.0022
1.00198
1.00174
1.00146
1.00116
1.00084
1.00049
1.00012
0.999719
0.999306
0.998885
0.998455
0.998021
0.997602
0.99718
0.99677
0.99641
0.996028
0.995672
0.995367
0.995102
0.994872
0.994757
0.994585
0.99396
1.00325
1.00389
1.00388
1.00385
1.0038
1.00375
1.00369
1.00361
1.00352
1.00343
1.00331
1.00317
1.00301
1.00283
1.00264
1.00244
1.0022
1.00193
1.00163
1.0013
1.00095
1.00058
1.00018
0.999767
0.99933
0.998869
0.998401
0.997926
0.99743
0.996954
0.996489
0.996008
0.995616
0.99526
0.994925
0.994642
0.99443
0.994169
0.994136
0.993356
1.00356
1.00417
1.00415
1.00412
1.00408
1.00403
1.00397
1.0039
1.00382
1.00372
1.0036
1.00346
1.0033
1.00313
1.00291
1.00267
1.00241
1.00213
1.00182
1.00146
1.00108
1.00068
1.00024
0.999764
0.999269
0.998765
0.998239
0.997708
0.997201
0.996688
0.996188
0.995747
0.995262
0.994814
0.994439
0.994102
0.993795
0.993698
0.993437
0.992821
1.00383
1.00449
1.00447
1.00444
1.0044
1.00435
1.00428
1.0042
1.00412
1.00401
1.00388
1.00373
1.00356
1.00336
1.00316
1.00294
1.00267
1.00237
1.00203
1.00167
1.00128
1.00084
1.00035
0.999856
0.999331
0.998772
0.99821
0.997636
0.997027
0.996435
0.99586
0.995275
0.994798
0.994351
0.993924
0.99358
0.99333
0.992973
0.992965
0.992107
1.00417
1.00478
1.00476
1.00472
1.00469
1.00464
1.00458
1.00451
1.00443
1.00432
1.00419
1.00404
1.00388
1.0037
1.00347
1.0032
1.00291
1.00259
1.00224
1.00182
1.00138
1.00091
1.00041
0.999867
0.999287
0.99869
0.998054
0.997406
0.996786
0.996167
0.995555
0.994982
0.99438
0.993846
0.993387
0.992954
0.992555
0.992437
0.992096
0.991496
1.00444
1.00508
1.00507
1.00506
1.00501
1.00496
1.0049
1.00482
1.00474
1.00463
1.0045
1.00434
1.00415
1.00395
1.00375
1.00351
1.00322
1.0029
1.00255
1.00215
1.00169
1.00117
1.0006
0.999999
0.999364
0.998689
0.998016
0.997324
0.996597
0.995869
0.995164
0.994498
0.993897
0.993307
0.992772
0.992345
0.992038
0.991622
0.991585
0.990686
1.00479
1.00543
1.00541
1.00536
1.00534
1.00529
1.00523
1.00517
1.00507
1.00495
1.00483
1.00469
1.00453
1.00434
1.00409
1.0038
1.00349
1.00314
1.00273
1.00228
1.0018
1.00126
1.00069
1.00007
0.9994
0.998699
0.997934
0.997154
0.996388
0.995629
0.994877
0.994108
0.993392
0.992768
0.992185
0.991652
0.991148
0.990931
0.990564
0.989985
1.00509
1.0057
1.00569
1.00568
1.00564
1.0056
1.00555
1.00548
1.00541
1.00531
1.00518
1.00501
1.00481
1.00463
1.00441
1.00417
1.00388
1.00356
1.00317
1.00271
1.00219
1.0016
1.00093
1.00021
0.999447
0.998641
0.997839
0.997
0.996129
0.995255
0.994398
0.993628
0.992854
0.992106
0.991472
0.990913
0.990526
0.990057
0.989925
0.989017
1.00544
1.00609
1.00608
1.00605
1.00602
1.00598
1.00592
1.00586
1.00577
1.00565
1.00551
1.00537
1.00525
1.00504
1.0048
1.0045
1.00418
1.0038
1.00337
1.0029
1.00238
1.00177
1.00111
1.0004
0.999629
0.998798
0.997885
0.996955
0.99602
0.995079
0.994149
0.993184
0.992329
0.991535
0.990771
0.990135
0.989505
0.989201
0.988812
0.988209
1.00573
1.00635
1.00633
1.00631
1.0063
1.00627
1.00623
1.00618
1.00611
1.00602
1.00592
1.00576
1.00557
1.00536
1.00513
1.00491
1.00464
1.00432
1.00392
1.00339
1.00278
1.00213
1.00137
1.00054
0.999641
0.998685
0.997723
0.996701
0.995643
0.994584
0.993541
0.992586
0.991624
0.990761
0.990002
0.989291
0.988769
0.988163
0.987928
0.986997
1.00614
1.00677
1.00677
1.00675
1.00672
1.00669
1.00666
1.00662
1.00654
1.00643
1.00626
1.00611
1.00596
1.00581
1.00561
1.00534
1.00501
1.00464
1.0042
1.00374
1.00319
1.0025
1.00172
1.00088
0.999966
0.998993
0.997916
0.996813
0.995689
0.994532
0.993379
0.992205
0.991133
0.990089
0.989152
0.988339
0.987611
0.987198
0.986716
0.98611
1.00638
1.00701
1.007
1.007
1.00699
1.00698
1.00695
1.00693
1.00687
1.00679
1.0067
1.00656
1.0064
1.00617
1.00595
1.00577
1.00555
1.00523
1.00482
1.00425
1.00355
1.00281
1.002
1.00106
1.00003
0.998895
0.997733
0.996486
0.995182
0.993887
0.992593
0.991416
0.990256
0.989222
0.988247
0.987398
0.98665
0.985944
0.985664
0.984536
1.00683
1.00747
1.00745
1.00742
1.00741
1.0074
1.00742
1.00742
1.00737
1.00728
1.00709
1.00693
1.00676
1.00662
1.0065
1.00627
1.00599
1.00569
1.00527
1.00481
1.00422
1.00345
1.00254
1.00154
1.00046
0.999323
0.998076
0.996769
0.995413
0.993971
0.992533
0.991054
0.989727
0.988461
0.987335
0.986264
0.98544
0.984757
0.984093
0.983593
1.00707
1.00772
1.00771
1.00771
1.00771
1.0077
1.00772
1.00775
1.00774
1.00767
1.00756
1.00739
1.00724
1.00709
1.00696
1.0068
1.00663
1.00636
1.00601
1.00543
1.00467
1.00383
1.00291
1.00186
1.0007
0.999379
0.997959
0.996478
0.994875
0.993284
0.991639
0.990144
0.98867
0.987398
0.986203
0.98516
0.984117
0.983472
0.982848
0.981647
1.00753
1.00817
1.00816
1.00812
1.00808
1.0081
1.00819
1.00829
1.00832
1.00824
1.00804
1.00783
1.00765
1.00759
1.00751
1.00739
1.00722
1.00702
1.0067
1.00619
1.00551
1.00466
1.0037
1.00261
1.00131
0.999932
0.998477
0.9969
0.995299
0.993474
0.991644
0.989755
0.988186
0.986639
0.985052
0.98393
0.982538
0.982045
0.981073
0.980539
1.00776
1.0084
1.00842
1.00841
1.0084
1.00838
1.00848
1.00864
1.00872
1.0087
1.00855
1.00832
1.00815
1.00809
1.00813
1.00813
1.00798
1.00782
1.00767
1.00716
1.00625
1.00535
1.00433
1.00316
1.00187
1.00033
0.998621
0.996914
0.994971
0.992938
0.990869
0.988841
0.986852
0.985389
0.983586
0.982635
0.980872
0.98067
0.979228
0.978309
1.00835
1.00898
1.00895
1.00888
1.00883
1.00885
1.00906
1.00932
1.00944
1.00947
1.00935
1.00906
1.00879
1.00894
1.00913
1.00917
1.00895
1.00887
1.00889
1.00826
1.00741
1.00655
1.0056
1.00444
1.00304
1.00146
0.999414
0.997686
0.995778
0.993324
0.991125
0.988516
0.986402
0.984616
0.982228
0.98117
0.979071
0.979103
0.9775
0.976987
1.00795
1.00884
1.00909
1.00914
1.00916
1.00918
1.00938
1.00965
1.00984
1.00994
1.00989
1.00994
1.00978
1.00994
1.01021
1.01031
1.01021
1.01013
1.01012
1.00953
1.00876
1.00799
1.00711
1.00596
1.00454
1.00277
1.00065
0.998582
0.99602
0.993595
0.991016
0.988484
0.985405
0.982667
0.980401
0.978666
0.977217
0.97671
0.975712
0.973334
1.01267
1.00764
1.00842
1.00823
1.00855
1.00855
1.00872
1.00883
1.0089
1.00908
1.00916
1.00933
1.00949
1.00956
1.00965
1.00948
1.00953
1.0094
1.00895
1.00875
1.00844
1.00784
1.00711
1.00627
1.00539
1.00415
1.00283
1.00254
1.00283
1.00173
1.00065
0.997669
0.985698
0.966701
0.957743
0.957816
0.96453
0.974197
0.983428
0.983429
1.01328
1.0073
1.00864
1.00767
1.00826
1.00818
1.00833
1.00846
1.00855
1.00872
1.00878
1.00889
1.00904
1.00907
1.00912
1.009
1.00903
1.00889
1.00856
1.00833
1.00777
1.00702
1.00635
1.00561
1.00464
1.00379
1.00295
1.00262
1.00179
0.999615
0.998116
0.994473
0.985509
0.971609
0.964788
0.964914
0.968224
0.974865
0.980712
0.981343
1.01306
1.00755
1.00864
1.00728
1.00802
1.00784
1.00803
1.00818
1.00828
1.00841
1.00845
1.00854
1.00864
1.0086
1.00862
1.00854
1.0085
1.00829
1.00793
1.00757
1.00697
1.00634
1.00582
1.00521
1.00434
1.00388
1.00336
1.00235
1.00051
0.997995
0.99651
0.992437
0.985212
0.975323
0.969541
0.970777
0.97205
0.97623
0.979566
0.98041
1.01227
1.00775
1.00842
1.00699
1.00779
1.00746
1.00779
1.00793
1.00796
1.00806
1.00811
1.0082
1.00825
1.00821
1.00823
1.00813
1.00797
1.00762
1.00721
1.00685
1.00638
1.00592
1.00556
1.00506
1.00434
1.00404
1.00322
1.00172
0.999397
0.996749
0.995191
0.991302
0.985045
0.978302
0.972934
0.9752
0.975561
0.977854
0.978974
0.980261
1.01108
1.00761
1.00795
1.00675
1.00758
1.00714
1.0076
1.00765
1.00768
1.00779
1.00783
1.0079
1.00794
1.00792
1.00792
1.00775
1.00747
1.00705
1.00668
1.00644
1.00609
1.0057
1.00556
1.00511
1.00422
1.00357
1.00266
1.00063
0.998559
0.995899
0.993921
0.990723
0.985149
0.980733
0.975521
0.978821
0.979074
0.98003
0.978669
0.979774
1.01035
1.00729
1.0075
1.00662
1.00739
1.00697
1.00742
1.00738
1.00745
1.00756
1.00758
1.00764
1.00764
1.00761
1.00753
1.00732
1.007
1.00666
1.00644
1.0063
1.00597
1.00562
1.00548
1.00484
1.00364
1.00267
1.00156
0.999698
0.997828
0.995374
0.99293
0.990506
0.985557
0.982743
0.977427
0.981585
0.982015
0.982234
0.979153
0.978708
1.01026
1.0069
1.00713
1.00647
1.00716
1.00679
1.0072
1.00715
1.00726
1.00734
1.00732
1.00735
1.00734
1.00725
1.00713
1.00694
1.00673
1.00652
1.00639
1.00625
1.00586
1.00537
1.00495
1.0042
1.00293
1.00194
1.00081
0.99895
0.997079
0.995013
0.992344
0.990511
0.985995
0.984416
0.978923
0.983064
0.983707
0.983861
0.979845
0.978476
1.01023
1.00655
1.00689
1.00617
1.00687
1.00648
1.00695
1.00686
1.00702
1.00706
1.00703
1.00704
1.00697
1.00689
1.00682
1.00672
1.00659
1.00641
1.00621
1.00606
1.00562
1.00498
1.00444
1.00367
1.00248
1.00138
1.00017
0.99835
0.996559
0.994851
0.992072
0.990673
0.986218
0.985797
0.98018
0.984038
0.984468
0.985469
0.98048
0.978887
1.01004
1.00628
1.00665
1.00577
1.00652
1.00614
1.00668
1.00655
1.00674
1.00671
1.0067
1.00671
1.00669
1.0067
1.00668
1.00665
1.00651
1.00629
1.006
1.00578
1.00529
1.00456
1.00409
1.00333
1.0021
1.00087
0.999663
0.998114
0.996446
0.994962
0.992061
0.99112
0.986384
0.987029
0.980947
0.985414
0.984721
0.987768
0.981691
0.98008
1.00989
1.00602
1.00638
1.00529
1.00623
1.00583
1.00645
1.00629
1.00649
1.00646
1.00648
1.00655
1.00658
1.00663
1.00661
1.00653
1.00633
1.00605
1.00572
1.00543
1.00488
1.0042
1.0037
1.00295
1.0018
1.00058
0.999501
0.998221
0.996523
0.995234
0.992218
0.991815
0.98671
0.988244
0.981304
0.986899
0.984699
0.990363
0.983465
0.981456
1.00978
1.00566
1.00596
1.00486
1.00599
1.00556
1.00623
1.00604
1.0063
1.00627
1.00634
1.00644
1.00646
1.00644
1.00637
1.00623
1.00604
1.00568
1.00529
1.00494
1.00447
1.00385
1.00327
1.00259
1.00159
1.00045
0.999432
0.998223
0.996413
0.995417
0.992299
0.992387
0.987089
0.989351
0.981526
0.987888
0.984449
0.992397
0.985174
0.982391
1.00908
1.00505
1.00552
1.00464
1.00584
1.0054
1.00606
1.00586
1.0062
1.00617
1.00632
1.00641
1.00636
1.00626
1.00613
1.00597
1.00578
1.00536
1.00498
1.0046
1.00414
1.00355
1.00297
1.00224
1.00127
1.00016
0.999074
0.997909
0.996079
0.995408
0.992223
0.992702
0.987449
0.990235
0.981721
0.988476
0.983952
0.993485
0.98614
0.984077
1.00727
1.00449
1.00532
1.00468
1.0058
1.00533
1.00599
1.00582
1.0062
1.00618
1.00635
1.00638
1.00627
1.00613
1.00597
1.0058
1.0056
1.00519
1.00483
1.00438
1.00385
1.0033
1.00263
1.00185
1.00084
0.999747
0.998622
0.997595
0.995822
0.99538
0.99223
0.993004
0.987913
0.990931
0.982032
0.989076
0.983198
0.993659
0.985795
0.988321
1.0056
1.00435
1.00539
1.00486
1.00581
1.00531
1.00601
1.00582
1.00623
1.00618
1.0063
1.00627
1.00614
1.00598
1.00581
1.00561
1.00539
1.00497
1.00456
1.00404
1.00351
1.00298
1.00228
1.00153
1.0006
0.99958
0.998487
0.997605
0.995869
0.995564
0.992558
0.99346
0.988562
0.99155
0.982798
0.989813
0.981843
0.993179
0.984437
0.993904
1.00371
1.00429
1.00554
1.00504
1.00583
1.00532
1.00604
1.00574
1.00617
1.00607
1.00616
1.00607
1.00587
1.00567
1.00548
1.00522
1.00497
1.00457
1.00414
1.00365
1.0032
1.0027
1.00202
1.00137
1.00057
0.999636
0.998577
0.997788
0.9961
0.99589
0.993084
0.99393
0.98931
0.992086
0.984081
0.990599
0.980963
0.992042
0.982717
0.998949
1.00131
1.00425
1.0057
1.00522
1.00586
1.00534
1.00598
1.00565
1.00611
1.00588
1.00588
1.00576
1.00559
1.00537
1.00517
1.00488
1.00464
1.00429
1.00388
1.00345
1.00303
1.00252
1.00188
1.00131
1.00057
0.999647
0.998607
0.997912
0.99633
0.99618
0.993635
0.99431
0.990169
0.992527
0.98582
0.991477
0.981436
0.99173
0.981157
1.00127
0.998742
1.00435
1.00611
1.00547
1.00591
1.00533
1.00582
1.00558
1.00608
1.00576
1.0057
1.00558
1.00545
1.00523
1.00502
1.00472
1.00448
1.00417
1.00373
1.00334
1.00288
1.00234
1.00168
1.00117
1.00045
0.999488
0.998489
0.997917
0.99648
0.996343
0.994137
0.99463
0.991136
0.992866
0.987783
0.992545
0.984007
0.993836
0.985632
0.991628
0.996453
1.00517
1.00658
1.00557
1.0058
1.0052
1.00555
1.00544
1.00604
1.00569
1.00557
1.00546
1.00538
1.00517
1.00491
1.00459
1.00436
1.00405
1.00356
1.0032
1.00272
1.00214
1.00148
1.001
1.00029
0.99934
0.998406
0.997946
0.996654
0.996489
0.994683
0.994957
0.992232
0.993165
0.98974
0.993494
0.988922
0.996673
0.996866
0.971883
0.994746
1.00662
1.00674
1.00557
1.00547
1.00499
1.00517
1.00522
1.00585
1.00552
1.0053
1.00521
1.00515
1.00494
1.00464
1.00432
1.0041
1.00379
1.00328
1.003
1.00253
1.00189
1.00125
1.00081
1.00014
0.999225
0.998359
0.997962
0.996819
0.996603
0.995207
0.995246
0.993323
0.993353
0.99158
0.99388
0.993443
0.997611
1.01366
0.951687
0.993761
1.00784
1.00653
1.00556
1.00506
1.00479
1.00482
1.00501
1.00561
1.00532
1.00504
1.00495
1.00491
1.00469
1.00439
1.00407
1.00392
1.00359
1.00307
1.00286
1.00239
1.00173
1.00108
1.00066
1.00002
0.999169
0.998366
0.997988
0.996996
0.996716
0.995714
0.995451
0.994404
0.993464
0.993446
0.993821
0.997958
0.996791
1.02251
0.93799
0.993568
1.00862
1.00609
1.00553
1.00472
1.00465
1.00456
1.00485
1.00536
1.0051
1.00482
1.00474
1.00466
1.00446
1.00415
1.00386
1.00375
1.00342
1.00284
1.00269
1.00222
1.00154
1.00089
1.00046
0.999858
0.99907
0.998324
0.997942
0.997098
0.99674
0.996105
0.995545
0.995332
0.993481
0.995308
0.993457
1.00155
0.993661
1.0245
0.935445
0.994143
1.00882
1.00553
1.0055
1.00441
1.00456
1.00437
1.00472
1.00511
1.0049
1.00464
1.00456
1.00446
1.00426
1.00397
1.0037
1.00361
1.00328
1.00266
1.00251
1.00207
1.00139
1.00075
1.00031
0.999736
0.99902
0.998331
0.997927
0.997231
0.99677
0.996469
0.995573
0.996131
0.993505
0.996953
0.992819
1.00319
0.989468
1.02322
0.940282
0.995329
1.00869
1.00491
1.00542
1.0041
1.0045
1.00421
1.00461
1.00483
1.00468
1.00444
1.00435
1.00424
1.00403
1.00377
1.0035
1.00342
1.00308
1.00246
1.0023
1.00186
1.00122
1.00061
1.00017
0.999612
0.998962
0.998329
0.997888
0.997333
0.996759
0.99674
0.995552
0.996699
0.993458
0.997962
0.992044
1.0034
0.985812
1.02071
0.949175
0.996856
1.00813
1.00428
1.00527
1.00385
1.00445
1.00403
1.00448
1.00453
1.00445
1.00423
1.00415
1.00402
1.00381
1.00357
1.00331
1.00322
1.00289
1.00229
1.00211
1.00169
1.0011
1.00052
1.00007
0.999542
0.998947
0.998372
0.997895
0.997464
0.996782
0.996993
0.99552
0.997122
0.993405
0.998479
0.991233
1.00321
0.983378
1.01583
0.959167
0.998354
1.00718
1.00377
1.00514
1.0037
1.0044
1.0039
1.00435
1.00428
1.00426
1.00405
1.00397
1.00382
1.00362
1.00339
1.00314
1.00302
1.00272
1.00215
1.00194
1.00153
1.00098
1.00044
0.999993
0.999491
0.998939
0.998412
0.997902
0.997577
0.99679
0.997183
0.995488
0.997389
0.993326
0.998676
0.990429
1.00259
0.982925
1.01131
0.96791
0.999578
1.00638
1.00345
1.00496
1.00358
1.00431
1.00376
1.0042
1.00405
1.00407
1.00387
1.00378
1.00362
1.00344
1.00321
1.00297
1.00282
1.00253
1.002
1.00177
1.00137
1.00086
1.00036
0.999921
0.999437
0.998927
0.998446
0.997912
0.997681
0.996804
0.997338
0.995476
0.997567
0.99331
0.998719
0.990067
1.00169
0.983783
1.00743
0.974767
1.00052
1.00565
1.00327
1.00477
1.00349
1.00423
1.00367
1.00409
1.00387
1.00391
1.00372
1.00363
1.00347
1.00328
1.00307
1.00284
1.00267
1.00238
1.00191
1.00165
1.00126
1.0008
1.00032
0.999894
0.999426
0.998945
0.998505
0.997951
0.997792
0.996845
0.997473
0.995475
0.997679
0.993368
0.998642
0.990168
1.00087
0.985064
1.00408
0.979958
1.00121
1.00502
1.00315
1.00454
1.00339
1.00411
1.00355
1.00393
1.00369
1.00374
1.00356
1.00346
1.0033
1.00311
1.00291
1.00268
1.00249
1.00221
1.00178
1.00151
1.00113
1.00069
1.00025
0.999829
0.99939
0.998926
0.998526
0.997964
0.997862
0.996876
0.997566
0.995496
0.997735
0.9935
0.998508
0.99055
1.00007
0.986537
1.00153
0.983827
1.0017
1.00456
1.0031
1.00433
1.00333
1.004
1.00347
1.00381
1.00355
1.0036
1.00342
1.00332
1.00316
1.00298
1.00278
1.00256
1.00235
1.00208
1.00169
1.00141
1.00104
1.00064
1.00022
0.99981
0.999388
0.998949
0.998571
0.998013
0.997941
0.99694
0.997644
0.995562
0.997748
0.993688
0.998326
0.991048
0.999349
0.987962
0.999617
0.986645
1.002
1.00418
1.00307
1.00411
1.00326
1.00385
1.00337
1.00366
1.00341
1.00345
1.00328
1.00318
1.00301
1.00284
1.00264
1.00242
1.0022
1.00194
1.00158
1.0013
1.00094
1.00056
1.00016
0.999775
0.999367
0.998954
0.998595
0.998051
0.998
0.997004
0.997704
0.995689
0.997752
0.993941
0.998162
0.991648
0.99876
0.989329
0.998321
0.988775
1.00219
1.00392
1.00306
1.00393
1.00321
1.00373
1.00329
1.00354
1.0033
1.00332
1.00316
1.00305
1.0029
1.00272
1.00253
1.0023
1.00209
1.00183
1.00149
1.0012
1.00086
1.0005
1.00012
0.99974
0.999351
0.998948
0.998612
0.998075
0.998035
0.997064
0.99772
0.995797
0.997701
0.994185
0.997954
0.992209
0.998236
0.990466
0.997387
0.990256
1.00229
1.00369
1.00303
1.00375
1.00314
1.00359
1.0032
1.0034
1.00318
1.00318
1.00303
1.00292
1.00277
1.00259
1.0024
1.00218
1.00196
1.00171
1.0014
1.00112
1.00079
1.00045
1.00009
0.999722
0.999358
0.998971
0.998654
0.998141
0.998097
0.997167
0.997772
0.995979
0.997701
0.994512
0.997825
0.992832
0.997863
0.991527
0.996847
0.991481
1.00237
1.00353
1.00302
1.0036
1.00309
1.00347
1.00312
1.00329
1.00309
1.00308
1.00293
1.00282
1.00266
1.00249
1.0023
1.00209
1.00186
1.00161
1.00132
1.00104
1.00072
1.00039
1.00004
0.999688
0.999329
0.998963
0.998646
0.998162
0.998097
0.997231
0.997756
0.996105
0.997628
0.994764
0.997644
0.993319
0.997524
0.992326
0.996458
0.992331
1.00238
1.00338
1.00299
1.00344
1.00303
1.00333
1.00303
1.00316
1.00297
1.00295
1.0028
1.00269
1.00253
1.00236
1.00217
1.00197
1.00174
1.0015
1.00122
1.00095
1.00065
1.00033
0.999998
0.999668
0.999325
0.998981
0.998675
0.998223
0.998146
0.997337
0.9978
0.996294
0.997635
0.995094
0.997567
0.993878
0.99733
0.993132
0.996305
0.993104
1.00237
1.00328
1.00297
1.00333
1.00299
1.00323
1.00298
1.00307
1.0029
1.00286
1.00272
1.0026
1.00245
1.00228
1.0021
1.00189
1.00167
1.00143
1.00116
1.00089
1.0006
1.00029
0.999974
0.999648
0.999323
0.998983
0.998687
0.998255
0.998157
0.997414
0.997789
0.996435
0.997577
0.995337
0.997437
0.994277
0.997137
0.993684
0.996186
0.993589
1.00233
1.00316
1.00292
1.00319
1.00291
1.0031
1.00288
1.00294
1.00279
1.00273
1.0026
1.00248
1.00233
1.00216
1.00198
1.00178
1.00156
1.00132
1.00106
1.0008
1.00052
1.00022
0.999925
0.999615
0.999305
0.998984
0.998696
0.9983
0.998183
0.997515
0.997817
0.996619
0.997584
0.99565
0.997397
0.99476
0.99705
0.994299
0.9962
0.994109
1.00232
1.00309
1.0029
1.00311
1.00288
1.00302
1.00283
1.00287
1.00273
1.00266
1.00253
1.00241
1.00226
1.0021
1.00191
1.00171
1.0015
1.00126
1.00101
1.00075
1.00048
1.0002
0.999905
0.999608
0.999302
0.998996
0.998704
0.99834
0.998189
0.997595
0.997805
0.99675
0.99754
0.995849
0.997316
0.995051
0.996964
0.994662
0.99621
0.994398
1.00225
1.00299
1.00285
1.00299
1.00281
1.0029
1.00274
1.00275
1.00262
1.00255
1.00242
1.0023
1.00215
1.00199
1.00181
1.00161
1.0014
1.00118
1.00093
1.00068
1.00042
1.00015
0.99987
0.999585
0.999297
0.999004
0.998727
0.998389
0.998231
0.997694
0.997855
0.996926
0.997581
0.996139
0.997334
0.995468
0.996965
0.995168
0.996326
0.994834
1.00222
1.00294
1.00282
1.00293
1.00277
1.00284
1.0027
1.00269
1.00258
1.00249
1.00237
1.00224
1.0021
1.00193
1.00176
1.00156
1.00135
1.00113
1.0009
1.00065
1.00039
1.00012
0.999854
0.999575
0.999294
0.999007
0.998732
0.998417
0.998232
0.997757
0.997844
0.997025
0.997553
0.996281
0.997289
0.995659
0.996946
0.995382
0.996372
0.995001
1.00216
1.00283
1.00274
1.00281
1.00268
1.00272
1.0026
1.00257
1.00245
1.00237
1.00225
1.00212
1.00197
1.00181
1.00164
1.00145
1.00125
1.00104
1.00081
1.00058
1.00033
1.00008
0.999823
0.99956
0.999296
0.999027
0.998772
0.998475
0.998304
0.997866
0.997934
0.997212
0.997644
0.996573
0.997374
0.996066
0.997036
0.995847
0.996559
0.995425
)
;

boundaryField
{
    FrontBack
    {
        type            empty;
    }
    Cylinder
    {
        type            calculated;
        value           uniform 0;
    }
    Bottom
    {
        type            calculated;
        value           uniform 0;
    }
    Top
    {
        type            calculated;
        value           uniform 0;
    }
    Inlet
    {
        type            calculated;
        value           uniform 1;
    }
    Outlet
    {
        type            calculated;
        value           nonuniform List<scalar> 
40
(
1.00216
1.00283
1.00274
1.00281
1.00268
1.00272
1.0026
1.00257
1.00245
1.00237
1.00225
1.00212
1.00197
1.00181
1.00164
1.00145
1.00125
1.00104
1.00081
1.00058
1.00033
1.00008
0.999823
0.99956
0.999296
0.999027
0.998772
0.998475
0.998304
0.997866
0.997934
0.997212
0.997644
0.996573
0.997374
0.996066
0.997036
0.995847
0.996559
0.995425
)
;
    }
}


// ************************************************************************* //
