/*--------------------------------*- C++ -*----------------------------------*\
  =========                 |
  \\      /  F ield         | OpenFOAM: The Open Source CFD Toolbox
   \\    /   O peration     | Website:  https://openfoam.org
    \\  /    A nd           | Version:  11
     \\/     M anipulation  |
\*---------------------------------------------------------------------------*/
FoamFile
{
    format      ascii;
    class       volScalarField;
    location    "3";
    object      mag(U);
}
// * * * * * * * * * * * * * * * * * * * * * * * * * * * * * * * * * * * * * //

dimensions      [0 1 -1 0 0 0 0];

internalField   nonuniform List<scalar> 
9600
(
0.978993
0.977614
0.970029
0.963264
0.962593
0.962657
0.946493
0.889365
0.843428
0.825784
0.825407
0.834025
0.863358
0.896845
0.929114
0.956944
0.989571
1.01997
1.05289
1.08515
1.11056
1.13717
1.15303
1.15318
1.14816
1.13723
1.11761
1.09086
1.0636
1.03803
1.01734
1.00056
0.989078
0.981333
0.97559
0.971176
0.967678
0.966084
0.966249
0.962898
0.979599
0.978803
0.976985
0.972915
0.969646
0.96578
0.956568
0.936814
0.920631
0.911989
0.911363
0.917699
0.94014
0.967802
0.989381
1.00946
1.03176
1.05593
1.08388
1.1102
1.13384
1.15769
1.17185
1.17291
1.16951
1.15826
1.13892
1.11094
1.08561
1.05849
1.03659
1.01566
1.00169
0.988124
0.980346
0.973475
0.970568
0.969013
0.966676
0.966291
0.978928
0.978105
0.976356
0.971491
0.967287
0.966949
0.963062
0.951992
0.929516
0.914487
0.913516
0.923402
0.941316
0.960417
0.979986
1.00245
1.02586
1.05284
1.08055
1.10969
1.13612
1.15679
1.17463
1.18173
1.17938
1.17002
1.15118
1.12479
1.09996
1.0751
1.05267
1.03516
1.02261
1.01114
1.00625
1.00086
0.996589
0.993003
0.99117
0.987977
0.978298
0.977401
0.97505
0.970799
0.969496
0.968673
0.96503
0.96039
0.951715
0.945289
0.947997
0.960924
0.978086
0.99731
1.01126
1.02575
1.04177
1.06056
1.08563
1.11119
1.13424
1.15578
1.17257
1.1783
1.17544
1.16462
1.14744
1.12385
1.09925
1.0742
1.05164
1.03208
1.01548
1.00123
0.989734
0.979974
0.973739
0.972659
0.970481
0.972222
0.977563
0.976652
0.974298
0.971528
0.969205
0.968176
0.970477
0.972884
0.973175
0.965519
0.960441
0.961647
0.967476
0.979492
0.995082
1.01513
1.03671
1.05992
1.08555
1.11112
1.13707
1.15703
1.17121
1.18143
1.18228
1.17429
1.15705
1.13274
1.10825
1.08341
1.05995
1.0416
1.02585
1.01525
1.00834
1.00186
0.998383
0.993873
0.992048
0.98716
0.976852
0.97601
0.973846
0.970962
0.969068
0.970689
0.975162
0.977658
0.976378
0.971024
0.970548
0.978737
0.993938
1.01183
1.02668
1.03947
1.05363
1.07001
1.09073
1.11417
1.13708
1.15621
1.17297
1.18196
1.18217
1.1733
1.15628
1.1344
1.1104
1.08543
1.06306
1.04309
1.02658
1.01164
0.999355
0.987423
0.97993
0.976633
0.973541
0.974964
0.976365
0.975566
0.973335
0.970648
0.969951
0.973325
0.979129
0.982148
0.981433
0.980517
0.981846
0.985515
0.990591
0.996549
1.00732
1.0244
1.04466
1.067
1.09204
1.11506
1.13899
1.15957
1.17278
1.18105
1.18623
1.18053
1.16437
1.14231
1.11826
1.09317
1.06955
1.04938
1.0326
1.0206
1.01166
1.00461
1.00034
0.994833
0.992452
0.987243
0.975913
0.975132
0.972851
0.970883
0.971438
0.976038
0.981846
0.984532
0.984016
0.983459
0.986903
0.992689
1.00205
1.0171
1.032
1.04571
1.06053
1.07773
1.09769
1.11912
1.14165
1.15887
1.17598
1.18621
1.18858
1.18148
1.16625
1.14608
1.12292
1.0984
1.07469
1.05341
1.0355
1.02015
1.00799
0.995206
0.986647
0.981117
0.976962
0.977415
0.975531
0.974774
0.972568
0.971507
0.972874
0.978419
0.98401
0.985608
0.98514
0.986347
0.991286
0.998312
1.00663
1.01473
1.02348
1.03638
1.05382
1.07388
1.09745
1.11965
1.14246
1.1632
1.17677
1.18413
1.18997
1.18817
1.17343
1.15374
1.13001
1.10575
1.08176
1.05965
1.04088
1.02724
1.01622
1.00773
1.00278
0.996556
0.99352
0.987444
0.975112
0.974417
0.972446
0.972248
0.97445
0.980587
0.985039
0.986745
0.98775
0.988086
0.991252
0.997388
1.00794
1.02295
1.03791
1.05147
1.06663
1.08386
1.10354
1.12367
1.1466
1.16384
1.17952
1.19192
1.19528
1.1913
1.17766
1.15888
1.13676
1.11155
1.087
1.0643
1.04459
1.02846
1.01488
1.00288
0.99401
0.986303
0.98076
0.979727
0.974867
0.974182
0.972588
0.973075
0.976046
0.982212
0.986165
0.987637
0.988231
0.987876
0.991725
1.00097
1.01185
1.025
1.0375
1.05011
1.06616
1.08377
1.10494
1.12531
1.14696
1.16809
1.18264
1.19094
1.19571
1.19688
1.18489
1.16666
1.14411
1.11992
1.09556
1.07313
1.0513
1.03532
1.02223
1.01203
1.00608
0.998417
0.995147
0.9881
0.974561
0.973849
0.972955
0.973847
0.977668
0.983475
0.98679
0.987974
0.988604
0.988213
0.992573
1.00043
1.00989
1.0251
1.04329
1.05872
1.07474
1.0922
1.11154
1.12984
1.15196
1.17064
1.18492
1.19797
1.20442
1.20252
1.19104
1.17413
1.1522
1.12692
1.10177
1.07793
1.05624
1.03827
1.02302
1.01032
1.00041
0.99184
0.986234
0.982287
0.974465
0.973782
0.973475
0.974676
0.979083
0.98419
0.986873
0.987955
0.988363
0.988762
0.990675
0.99897
1.01088
1.02721
1.04537
1.0609
1.07731
1.09469
1.11439
1.13357
1.15297
1.17425
1.19028
1.20045
1.20522
1.20725
1.19905
1.1818
1.16119
1.13712
1.11084
1.08765
1.06402
1.04471
1.02965
1.01769
1.00984
1.00076
0.997399
0.989743
0.974195
0.973672
0.973809
0.975454
0.980258
0.984514
0.986719
0.987803
0.987948
0.988016
0.990122
0.99881
1.00962
1.02379
1.04348
1.06403
1.08365
1.10301
1.12291
1.14047
1.15985
1.1794
1.19304
1.20654
1.21444
1.21422
1.20749
1.19088
1.1701
1.14537
1.11909
1.09408
1.07099
1.05087
1.03344
1.01903
1.00759
0.997288
0.99191
0.985228
0.974033
0.973755
0.974118
0.976101
0.98057
0.983956
0.986021
0.986869
0.986666
0.987494
0.989209
0.995998
1.00573
1.02197
1.04417
1.06624
1.08672
1.10716
1.12664
1.14755
1.16356
1.18248
1.2002
1.21179
1.21765
1.21944
1.21439
1.20021
1.18015
1.15668
1.12933
1.10408
1.07947
1.05737
1.03952
1.02536
1.01527
1.00437
0.999401
0.992725
0.973505
0.973491
0.973925
0.976026
0.979846
0.982872
0.985267
0.985654
0.985838
0.987401
0.989284
0.995249
1.00575
1.01957
1.04035
1.0642
1.08673
1.11097
1.13423
1.15548
1.17374
1.19215
1.20716
1.21858
1.22645
1.22803
1.22326
1.21078
1.19167
1.16804
1.14134
1.11424
1.08794
1.06554
1.0462
1.02976
1.01656
1.00438
0.997117
0.989143
0.973482
0.973571
0.974092
0.976388
0.979754
0.982661
0.984927
0.984464
0.985055
0.987215
0.989855
0.996067
1.0054
1.0171
1.03717
1.06196
1.08752
1.1128
1.13565
1.16091
1.18032
1.19697
1.21497
1.22692
1.23335
1.23591
1.23153
1.22082
1.20249
1.17949
1.15234
1.12558
1.09832
1.07395
1.05294
1.03559
1.0229
1.011
1.00291
0.995475
0.97269
0.972889
0.973677
0.97645
0.979031
0.981064
0.983531
0.981946
0.98152
0.98532
0.989675
0.994493
1.00326
1.01628
1.03374
1.0571
1.08337
1.11029
1.13725
1.16351
1.18681
1.20697
1.22404
1.23612
1.24485
1.24852
1.2446
1.2355
1.21795
1.1944
1.167
1.13979
1.11084
1.08463
1.06221
1.04306
1.02713
1.01338
1.00242
0.994222
0.972635
0.973337
0.974385
0.977309
0.980437
0.980913
0.981876
0.980178
0.978351
0.982073
0.988003
0.992711
1.00168
1.0143
1.03176
1.05114
1.07683
1.10675
1.13524
1.163
1.19004
1.2122
1.23102
1.24641
1.2556
1.25965
1.25615
1.24836
1.23234
1.21088
1.18221
1.1545
1.12482
1.09804
1.07215
1.05167
1.03343
1.01984
1.0078
0.999024
0.971726
0.972534
0.97359
0.975511
0.978949
0.978968
0.978381
0.977329
0.975988
0.977798
0.985413
0.992471
1.00053
1.01225
1.02924
1.04916
1.07227
1.09942
1.12945
1.15847
1.18654
1.2141
1.23761
1.25592
1.26764
1.27465
1.27196
1.26415
1.2491
1.22947
1.20045
1.17137
1.14065
1.11282
1.0842
1.06254
1.04211
1.02584
1.01141
0.999394
0.9721
0.973134
0.974382
0.975902
0.978534
0.97899
0.97702
0.97556
0.97582
0.976332
0.982595
0.991062
1.00099
1.01164
1.02825
1.04797
1.069
1.09419
1.12261
1.15244
1.18151
1.21042
1.23701
1.26117
1.27728
1.28881
1.2892
1.28348
1.26751
1.24941
1.22077
1.19138
1.15738
1.12909
1.09938
1.07524
1.05139
1.03352
1.01842
1.00497
0.970565
0.971304
0.972238
0.972767
0.973495
0.973827
0.973177
0.971116
0.973385
0.975781
0.980342
0.987911
1.00024
1.01311
1.02785
1.04735
1.06897
1.09265
1.11812
1.14663
1.17458
1.20359
1.23095
1.25995
1.28099
1.29925
1.30572
1.30572
1.29074
1.2728
1.2449
1.21529
1.17914
1.14786
1.11663
1.08972
1.06525
1.04348
1.02664
1.01019
0.97062
0.9713
0.97235
0.972263
0.971697
0.971217
0.971741
0.971138
0.973253
0.976679
0.982565
0.988078
0.998748
1.01391
1.02975
1.04905
1.06978
1.09385
1.11772
1.14431
1.16954
1.19869
1.22369
1.25333
1.27689
1.30209
1.31478
1.32389
1.31573
1.30129
1.27252
1.24278
1.20605
1.17179
1.13565
1.10711
1.08039
1.05696
1.03712
1.0192
0.968127
0.967462
0.967521
0.967718
0.965938
0.96468
0.965282
0.966404
0.970241
0.974155
0.980569
0.989652
0.999107
1.01397
1.03083
1.05174
1.07185
1.09718
1.12005
1.14741
1.16978
1.1974
1.21938
1.24802
1.26995
1.29707
1.31517
1.33267
1.33511
1.32961
1.30584
1.27664
1.23734
1.20088
1.16239
1.12848
1.09791
1.0715
1.0511
1.02998
0.967467
0.967211
0.965589
0.965282
0.965184
0.963379
0.963593
0.965211
0.969612
0.976209
0.981927
0.992083
1.00343
1.01947
1.03342
1.05591
1.07522
1.10195
1.12388
1.15265
1.1733
1.20123
1.22143
1.24838
1.26863
1.2942
1.31243
1.33307
1.34286
1.349
1.33622
1.31401
1.27618
1.23812
1.19527
1.15609
1.12174
1.09086
1.06782
1.04235
0.961928
0.961335
0.959742
0.957144
0.95734
0.957775
0.958325
0.960227
0.963759
0.971912
0.978877
0.991437
1.00127
1.02198
1.03704
1.06118
1.07903
1.10812
1.12833
1.15819
1.1781
1.20669
1.22634
1.25492
1.27382
1.30033
1.31641
1.33815
1.34671
1.3582
1.35476
1.34679
1.31736
1.28127
1.23784
1.19391
1.1548
1.11584
1.08942
1.06033
0.959802
0.958691
0.957758
0.956028
0.95512
0.955997
0.958127
0.962382
0.9647
0.973765
0.979269
0.994988
1.00491
1.02643
1.04064
1.06845
1.08562
1.1152
1.13471
1.16471
1.18282
1.21251
1.23077
1.26098
1.27984
1.31051
1.32684
1.35264
1.362
1.3741
1.36991
1.36593
1.34951
1.32407
1.2867
1.24098
1.19814
1.15307
1.12173
1.08377
0.951521
0.949646
0.94748
0.946981
0.946655
0.949018
0.949603
0.956472
0.959686
0.971883
0.977308
0.993905
1.00404
1.02753
1.04196
1.07014
1.08883
1.12003
1.1391
1.16993
1.18809
1.21698
1.23502
1.26498
1.28417
1.31556
1.33705
1.36593
1.38276
1.40066
1.40166
1.39665
1.37947
1.35595
1.32782
1.29085
1.25425
1.20179
1.16702
1.11801
0.948996
0.948205
0.945689
0.945183
0.943928
0.948635
0.949114
0.957797
0.960466
0.973722
0.981236
1.00012
1.01138
1.03489
1.05079
1.07939
1.09777
1.12716
1.14627
1.17447
1.19301
1.22004
1.2386
1.26582
1.2871
1.31689
1.34141
1.37324
1.39761
1.42362
1.43679
1.44127
1.43081
1.40578
1.37693
1.33296
1.30109
1.25127
1.22685
1.17143
0.93676
0.937372
0.933352
0.935028
0.932587
0.939041
0.939525
0.949326
0.954174
0.968549
0.977472
0.996847
1.01174
1.03528
1.05512
1.08163
1.10426
1.1312
1.15261
1.17779
1.19807
1.22034
1.24198
1.26415
1.28874
1.31391
1.34424
1.37465
1.40827
1.43724
1.4646
1.47803
1.48717
1.46828
1.45447
1.40336
1.37016
1.3095
1.27486
1.22672
0.932831
0.935369
0.930949
0.933945
0.932758
0.938823
0.942246
0.951537
0.959805
0.971922
0.986726
1.00232
1.02386
1.04222
1.06806
1.08951
1.11715
1.13835
1.16549
1.18283
1.20831
1.2234
1.24856
1.26288
1.29217
1.3094
1.34672
1.36983
1.41785
1.44367
1.49238
1.50619
1.53894
1.53021
1.53094
1.49196
1.46821
1.40517
1.36868
1.30199
0.915759
0.918884
0.915735
0.917893
0.919972
0.924541
0.933533
0.939438
0.955239
0.963993
0.986795
0.99879
1.02704
1.04394
1.07456
1.09377
1.12458
1.14265
1.17091
1.18561
1.21124
1.22373
1.24823
1.26312
1.28946
1.30808
1.344
1.36674
1.42006
1.44197
1.51189
1.5286
1.59119
1.58567
1.6178
1.5846
1.58102
1.52186
1.49191
1.41847
0.914031
0.914665
0.915107
0.914326
0.922588
0.923378
0.939776
0.943393
0.964443
0.974829
0.998351
1.01422
1.04216
1.06108
1.09128
1.11192
1.13963
1.15957
1.18335
1.20015
1.21985
1.23514
1.253
1.26936
1.28934
1.30981
1.33622
1.36194
1.40578
1.43659
1.50592
1.53287
1.61094
1.62684
1.68017
1.66894
1.69
1.64797
1.63326
1.57834
0.89661
0.894527
0.900549
0.897309
0.909511
0.912602
0.927649
0.939579
0.957287
0.976037
0.997207
1.02017
1.0458
1.07055
1.09814
1.12309
1.14703
1.16937
1.1892
1.20681
1.22469
1.23914
1.25545
1.27184
1.28812
1.30586
1.32593
1.34808
1.37383
1.41016
1.44564
1.49813
1.54783
1.59495
1.62073
1.66052
1.6638
1.6993
1.67342
1.69199
0.887333
0.891148
0.8953
0.902625
0.909748
0.926278
0.936795
0.959716
0.975143
1.00098
1.02236
1.04837
1.07436
1.1009
1.12725
1.15192
1.17483
1.1959
1.21356
1.23115
1.24458
1.25873
1.26973
1.28382
1.2931
1.30742
1.31477
1.32466
1.33101
1.34353
1.35064
1.37141
1.37328
1.36216
1.33536
1.34965
1.34901
1.41728
1.41592
1.51674
0.858531
0.871971
0.874148
0.887833
0.895845
0.915919
0.932944
0.956582
0.981483
1.00683
1.03597
1.06178
1.0919
1.11892
1.14647
1.17084
1.19662
1.21638
1.2359
1.24844
1.25898
1.26547
1.27354
1.27677
1.28296
1.28326
1.27777
1.27045
1.25651
1.23132
1.19443
1.14229
1.05348
0.863658
0.802694
0.836444
0.907056
0.974054
0.998433
1.0349
0.864245
0.876149
0.894472
0.910955
0.936196
0.956148
0.985022
1.00799
1.03889
1.0668
1.09781
1.12813
1.15715
1.18616
1.20998
1.23232
1.24689
1.25716
1.26119
1.2627
1.26325
1.26361
1.26365
1.2631
1.25949
1.24953
1.2285
1.20209
1.14735
1.0816
0.970252
0.836042
0.525241
0.424997
0.530257
0.658686
0.744382
0.779693
0.797992
0.792705
0.832861
0.852499
0.875047
0.896041
0.925317
0.954947
0.991077
1.02651
1.06315
1.09993
1.13251
1.16673
1.1923
1.22031
1.23589
1.25309
1.25718
1.26082
1.25385
1.24658
1.23372
1.22451
1.2225
1.22028
1.20545
1.17656
1.11475
1.03338
0.919723
0.7573
0.57837
0.257995
0.156576
0.244658
0.330332
0.372857
0.42353
0.507576
0.591357
0.627189
0.902779
0.944327
0.989724
1.029
1.06669
1.10306
1.1363
1.17109
1.19772
1.22669
1.24348
1.26335
1.26864
1.28242
1.27847
1.28369
1.26689
1.25702
1.22593
1.2036
1.16234
1.13819
1.0897
1.06316
0.990764
0.900871
0.77223
0.592874
0.348725
0.115137
0.0294781
0.0561752
0.0299957
0.0727063
0.0851114
0.107081
0.140627
0.195543
0.265609
0.325621
1.01582
1.05077
1.08147
1.11501
1.14624
1.17378
1.19551
1.21273
1.22459
1.23031
1.22864
1.22664
1.21532
1.20918
1.18282
1.16446
1.11678
1.08066
1.01007
0.956238
0.861423
0.788906
0.673152
0.621315
0.37349
0.125353
0.242545
0.226577
0.170118
0.178431
0.183195
0.181621
0.191875
0.200911
0.211362
0.225559
0.241185
0.252917
0.274929
0.29421
0.976886
0.977835
0.982527
0.982204
0.980227
0.976998
0.980994
0.983692
0.987391
0.99117
0.99417
0.996993
0.999666
1.00194
1.00338
1.00476
1.0065
1.00756
1.00767
1.008
1.0081
1.00791
1.00777
1.00776
1.00792
1.00799
1.0079
1.0077
1.00757
1.00744
1.0073
1.00712
1.00696
1.0068
1.00666
1.00642
1.00599
1.00594
1.00561
1.01014
0.979253
0.978056
0.981239
0.981731
0.978812
0.976055
0.97972
0.983238
0.986783
0.9908
0.993881
0.996774
0.999565
1.0021
1.00373
1.00488
1.00648
1.00761
1.00779
1.00799
1.00806
1.00782
1.00772
1.00784
1.00803
1.00809
1.00804
1.00789
1.0077
1.00757
1.00744
1.0073
1.00719
1.00708
1.00696
1.00675
1.00642
1.00587
1.00476
1.00414
0.980405
0.977837
0.979699
0.981113
0.977236
0.975129
0.97836
0.982771
0.986483
0.990777
0.993984
0.996919
0.99975
1.00258
1.00442
1.00554
1.00709
1.00815
1.00832
1.00818
1.00806
1.00791
1.00793
1.0081
1.0083
1.00841
1.00832
1.00814
1.00793
1.00779
1.00765
1.00758
1.00748
1.00738
1.00725
1.00696
1.00684
1.00669
1.00684
1.00918
0.979452
0.977239
0.978288
0.979785
0.975412
0.97366
0.976829
0.981793
0.985976
0.990578
0.993811
0.996741
0.999605
1.00265
1.00487
1.00594
1.00737
1.00823
1.00829
1.00802
1.00793
1.00796
1.00814
1.00836
1.00846
1.0086
1.00859
1.00841
1.00833
1.00822
1.00803
1.00792
1.00777
1.00769
1.00759
1.00722
1.00695
1.00654
1.00572
1.00433
0.980799
0.977181
0.976961
0.978214
0.973794
0.972299
0.975269
0.980962
0.985747
0.990754
0.994115
0.996976
0.99984
1.00309
1.00564
1.0068
1.0079
1.00835
1.00839
1.00824
1.00821
1.00836
1.00851
1.00867
1.00871
1.00888
1.00887
1.00867
1.00865
1.00855
1.00834
1.00825
1.00804
1.0079
1.00786
1.00761
1.00747
1.00736
1.00741
1.00847
0.98004
0.976196
0.975192
0.975951
0.971526
0.970377
0.973487
0.979637
0.985156
0.990606
0.994001
0.996723
0.999712
1.00322
1.006
1.0073
1.00807
1.00829
1.00829
1.00834
1.00845
1.00868
1.00885
1.00897
1.00898
1.0091
1.00903
1.00892
1.00901
1.00889
1.00868
1.00857
1.00829
1.00814
1.00801
1.00776
1.00757
1.00728
1.00668
1.00553
0.981339
0.976179
0.973561
0.973528
0.969453
0.96832
0.971423
0.978482
0.985043
0.991005
0.994461
0.997071
1.00027
1.00381
1.00654
1.00768
1.00801
1.00822
1.00837
1.00854
1.00877
1.00909
1.0092
1.00926
1.00935
1.00948
1.0094
1.00929
1.00935
1.00925
1.009
1.00884
1.00857
1.00839
1.00836
1.00816
1.00805
1.00795
1.00795
1.00828
0.980857
0.974941
0.971374
0.970606
0.966685
0.965779
0.969139
0.976842
0.984399
0.990879
0.994325
0.996915
1.0005
1.00418
1.00678
1.00754
1.0078
1.00813
1.00849
1.00871
1.00895
1.00919
1.00933
1.00951
1.00962
1.00976
1.00975
1.00975
1.00982
1.00975
1.00953
1.00925
1.00894
1.00864
1.00855
1.00829
1.00817
1.00795
1.00759
1.00679
0.981974
0.975224
0.969239
0.967421
0.963673
0.962769
0.966355
0.975334
0.984383
0.991312
0.994732
0.997483
1.00151
1.00499
1.00683
1.00731
1.00757
1.00823
1.00887
1.00914
1.00933
1.00967
1.00959
1.00961
1.00978
1.00989
1.01004
1.01015
1.01013
1.01009
1.00988
1.00964
1.00943
1.00911
1.00906
1.00875
1.00864
1.00851
1.00849
1.00846
0.981409
0.973851
0.966724
0.963824
0.960274
0.959012
0.963045
0.972982
0.983916
0.991287
0.994589
0.99764
1.00222
1.00525
1.00661
1.00704
1.00749
1.00828
1.00906
1.00929
1.00958
1.01004
1.0101
1.0101
1.01022
1.01021
1.01035
1.01053
1.01043
1.01046
1.01032
1.01
1.00977
1.00944
1.00935
1.009
1.00883
1.00861
1.00839
1.00788
0.982648
0.974379
0.96453
0.959913
0.955809
0.954527
0.959114
0.97058
0.983891
0.991971
0.995251
0.998555
1.00348
1.00556
1.0063
1.0068
1.00754
1.00854
1.0095
1.00989
1.01014
1.01057
1.01068
1.01071
1.01076
1.01055
1.01067
1.01088
1.0107
1.01066
1.01055
1.01035
1.01021
1.00993
1.00988
1.00953
1.0093
1.00909
1.009
1.00886
0.981624
0.972851
0.961884
0.955608
0.951168
0.949026
0.954194
0.967131
0.983109
0.992241
0.995751
0.999098
1.00401
1.00552
1.00614
1.00674
1.00774
1.00881
1.00986
1.01026
1.01042
1.01092
1.01122
1.01148
1.01153
1.0114
1.01141
1.01143
1.01106
1.01093
1.01084
1.0106
1.01051
1.01022
1.01017
1.00992
1.00962
1.00935
1.00905
1.00882
0.983019
0.973514
0.960009
0.951007
0.94496
0.942291
0.948023
0.962906
0.982263
0.993549
0.997483
1.00059
1.00491
1.00593
1.00619
1.0069
1.00838
1.0094
1.01038
1.01087
1.01092
1.01135
1.0118
1.01197
1.01199
1.01194
1.01203
1.01202
1.01157
1.01141
1.01129
1.01104
1.011
1.01074
1.01067
1.01048
1.01015
1.0099
1.00952
1.00941
0.981526
0.971245
0.957313
0.945785
0.93863
0.934558
0.94026
0.95659
0.979971
0.99443
0.999334
1.00156
1.00529
1.00644
1.0065
1.00739
1.00909
1.00998
1.01066
1.01138
1.01145
1.01197
1.01244
1.01257
1.01269
1.01273
1.01279
1.01259
1.01213
1.01194
1.01182
1.01145
1.01147
1.01111
1.01103
1.01085
1.01055
1.01029
1.00978
1.00962
0.983271
0.971272
0.955622
0.940415
0.930794
0.925555
0.930481
0.948088
0.976764
0.996296
1.00267
1.00389
1.00649
1.0077
1.00752
1.00853
1.00983
1.01043
1.01103
1.0119
1.01225
1.01271
1.01324
1.01349
1.01331
1.01335
1.01339
1.01323
1.01285
1.01255
1.01242
1.01195
1.01208
1.01162
1.01145
1.01117
1.01087
1.01061
1.01031
1.01028
0.98179
0.968456
0.952548
0.93443
0.922989
0.915741
0.918101
0.93614
0.971548
0.997242
1.00584
1.00619
1.00784
1.00939
1.00912
1.00973
1.01037
1.01094
1.01156
1.01243
1.013
1.01359
1.01419
1.0146
1.01432
1.01429
1.01409
1.01381
1.0135
1.01316
1.01306
1.01255
1.01267
1.01223
1.01215
1.01171
1.0114
1.01097
1.01066
1.01063
0.984252
0.968785
0.950597
0.928488
0.914565
0.904947
0.902902
0.92099
0.96511
0.998326
1.00828
1.0099
1.01046
1.01168
1.01087
1.01091
1.01094
1.01161
1.01233
1.01319
1.01398
1.01441
1.01494
1.01536
1.01527
1.01533
1.01487
1.0146
1.01447
1.01396
1.0139
1.01338
1.01353
1.01296
1.01296
1.01239
1.01217
1.01163
1.01131
1.01126
0.983714
0.966483
0.946895
0.922294
0.90662
0.893705
0.885423
0.901763
0.955725
0.999047
1.01
1.01222
1.01276
1.01354
1.01225
1.01206
1.01188
1.01276
1.0135
1.01393
1.0149
1.01518
1.01582
1.01598
1.01601
1.01628
1.01576
1.01549
1.01535
1.01495
1.01494
1.01449
1.01456
1.0139
1.01382
1.01305
1.01278
1.01222
1.0119
1.01184
0.98682
0.967998
0.945717
0.916935
0.898668
0.882702
0.866078
0.878291
0.943142
0.998712
1.01153
1.01439
1.01512
1.01575
1.01358
1.01329
1.01324
1.01412
1.01489
1.01489
1.01614
1.01605
1.01675
1.01664
1.01652
1.01693
1.01643
1.01637
1.01606
1.01575
1.01555
1.0152
1.01516
1.01455
1.01433
1.01368
1.01336
1.01281
1.01256
1.01248
0.98758
0.966644
0.943029
0.911827
0.891336
0.872885
0.84663
0.850157
0.92448
0.995155
1.01172
1.01558
1.01656
1.01752
1.01586
1.01463
1.01502
1.01542
1.01652
1.0164
1.01763
1.01725
1.01783
1.01763
1.01753
1.01778
1.01714
1.01732
1.01669
1.0167
1.0163
1.01604
1.01574
1.01536
1.01497
1.0145
1.01416
1.01356
1.01339
1.0132
0.991167
0.970493
0.94526
0.908971
0.884105
0.864876
0.829017
0.819032
0.898733
0.987537
1.01033
1.01566
1.01704
1.01847
1.01798
1.0164
1.01694
1.01696
1.01809
1.01765
1.019
1.0184
1.01905
1.01877
1.01892
1.01876
1.01821
1.01828
1.01755
1.01775
1.01732
1.01743
1.01696
1.01681
1.01627
1.01582
1.01534
1.01463
1.01441
1.01417
0.99477
0.972565
0.946603
0.907358
0.877605
0.858431
0.815499
0.786723
0.862815
0.972797
1.00538
1.0135
1.01659
1.01876
1.01851
1.01797
1.01851
1.01875
1.01962
1.01918
1.02026
1.01961
1.02032
1.01986
1.0204
1.02
1.01974
1.0197
1.01915
1.01944
1.0189
1.01914
1.01849
1.01835
1.01759
1.01712
1.01643
1.01574
1.01535
1.01516
1.00132
0.979751
0.953534
0.909801
0.872727
0.853133
0.807497
0.756652
0.816755
0.947814
0.995826
1.00921
1.01443
1.01792
1.01835
1.01859
1.01986
1.02049
1.02122
1.02106
1.02173
1.02108
1.02159
1.021
1.0215
1.02103
1.02105
1.0208
1.0203
1.02051
1.01994
1.02016
1.01938
1.01918
1.0184
1.01803
1.01734
1.01679
1.01638
1.01624
1.01056
0.987024
0.959244
0.914176
0.870956
0.84866
0.804731
0.730878
0.761383
0.909052
0.979824
1.001
1.00863
1.01538
1.01699
1.01812
1.02076
1.02164
1.02284
1.02327
1.02362
1.02302
1.02343
1.02287
1.02309
1.0225
1.02231
1.02172
1.02134
1.02104
1.02069
1.02056
1.02003
1.01972
1.0193
1.01888
1.0184
1.01784
1.01747
1.01737
1.02299
0.998227
0.968764
0.922619
0.87444
0.846072
0.8039
0.711329
0.703657
0.852057
0.95422
0.986552
0.998181
1.00971
1.01348
1.01635
1.02017
1.02177
1.0237
1.0249
1.025
1.02483
1.02515
1.02473
1.02486
1.02437
1.02399
1.02326
1.02303
1.02247
1.02247
1.02194
1.0218
1.0211
1.02089
1.02012
1.01978
1.019
1.01867
1.01858
1.04006
1.01387
0.981435
0.93473
0.884615
0.846611
0.8009
0.696521
0.647339
0.775859
0.915497
0.964407
0.982612
1.00015
1.00749
1.01177
1.01745
1.01981
1.02284
1.025
1.02605
1.02688
1.02749
1.02745
1.02775
1.02716
1.02695
1.02621
1.02613
1.02544
1.02558
1.02447
1.02448
1.02317
1.02303
1.02186
1.02159
1.02056
1.02025
1.02004
1.06441
1.03808
1.0041
0.957082
0.904076
0.852031
0.793359
0.681273
0.589882
0.68572
0.859736
0.933073
0.961341
0.985474
0.998369
1.00458
1.01263
1.01598
1.02037
1.02335
1.02557
1.02747
1.02868
1.02927
1.03008
1.02957
1.03004
1.02922
1.02959
1.02848
1.02868
1.02712
1.02717
1.02562
1.02557
1.02413
1.02399
1.0226
1.02239
1.02196
1.09778
1.06978
1.03648
0.992118
0.933655
0.861847
0.778555
0.658378
0.531727
0.581548
0.781152
0.8888
0.931984
0.96455
0.984915
0.995279
1.00643
1.01127
1.01747
1.02149
1.02451
1.02726
1.02894
1.02985
1.03117
1.03102
1.03221
1.03135
1.03227
1.03089
1.03152
1.03001
1.0303
1.02871
1.02884
1.02719
1.02712
1.02543
1.02518
1.02457
1.14173
1.10771
1.08254
1.04371
0.971205
0.87126
0.752924
0.617913
0.466315
0.475113
0.674867
0.826872
0.889821
0.93391
0.965976
0.981369
0.99788
1.00512
1.0136
1.01874
1.02286
1.0266
1.02936
1.03078
1.03293
1.03279
1.03444
1.03345
1.03507
1.03379
1.03498
1.03342
1.03408
1.03229
1.03254
1.03061
1.03055
1.0287
1.02846
1.0278
1.19884
1.16897
1.16528
1.11381
1.00425
0.864931
0.707394
0.548171
0.381868
0.357306
0.552045
0.744958
0.832102
0.890557
0.937214
0.960283
0.98443
0.995918
1.008
1.01563
1.02172
1.02667
1.03082
1.03277
1.03557
1.03542
1.03774
1.03678
1.03871
1.03729
1.03857
1.03678
1.03745
1.03548
1.03581
1.03368
1.03376
1.0319
1.03188
1.03114
1.27246
1.28439
1.27055
1.16243
1.01011
0.821237
0.623493
0.438163
0.264202
0.222359
0.420065
0.645232
0.759612
0.834159
0.896913
0.93061
0.963096
0.981396
0.998182
1.00951
1.01843
1.02461
1.03008
1.03311
1.03685
1.03705
1.04005
1.03903
1.04117
1.03959
1.041
1.03901
1.03997
1.03794
1.03862
1.03653
1.0369
1.03507
1.03509
1.03448
1.3978
1.39539
1.3046
1.15597
0.944161
0.70691
0.476363
0.276724
0.105523
0.104022
0.309316
0.534897
0.676125
0.770659
0.844886
0.894756
0.934785
0.960547
0.984969
0.997457
1.01147
1.01889
1.02594
1.03077
1.03517
1.03652
1.04052
1.04011
1.04318
1.04174
1.04393
1.04185
1.04353
1.04131
1.04244
1.03975
1.04017
1.03782
1.03834
1.03762
1.54705
1.44346
1.29372
1.07245
0.789792
0.501162
0.247297
0.0648266
0.129306
0.186
0.240372
0.445794
0.589607
0.707208
0.789286
0.851979
0.903096
0.933268
0.967607
0.982105
1.00115
1.01231
1.02069
1.02942
1.03394
1.03825
1.04263
1.04354
1.04716
1.04642
1.04948
1.04774
1.05022
1.04811
1.04963
1.04703
1.04787
1.04564
1.04611
1.04539
1.60994
1.40703
1.15065
0.825489
0.476245
0.182852
0.131095
0.265386
0.360576
0.360545
0.34229
0.428078
0.536392
0.651508
0.73816
0.808256
0.86953
0.903622
0.948385
0.966781
0.991806
1.00872
1.01914
1.0335
1.03731
1.0462
1.04917
1.0525
1.05561
1.05558
1.05881
1.05717
1.06022
1.05743
1.05961
1.05618
1.05762
1.05469
1.056
1.05439
1.42127
1.16434
0.821583
0.434456
0.151767
0.355049
0.547896
0.660608
0.692576
0.634674
0.488249
0.451882
0.532537
0.626026
0.700186
0.776528
0.842617
0.879413
0.934816
0.957867
0.989999
1.01114
1.0242
1.04248
1.04588
1.05845
1.0588
1.06561
1.06726
1.06895
1.07203
1.07126
1.07473
1.07205
1.07442
1.07112
1.07264
1.06937
1.06868
1.06796
0.974632
0.744802
0.589339
0.638668
0.78913
0.904905
0.951168
0.959146
0.903013
0.734629
0.619733
0.589839
0.5891
0.645002
0.697649
0.770234
0.833682
0.868249
0.926204
0.948297
0.985387
1.00476
1.02219
1.04088
1.04822
1.06096
1.06515
1.07346
1.0765
1.08116
1.0849
1.08573
1.09007
1.08798
1.09255
1.08923
1.0923
1.08696
1.08594
1.08337
0.731534
0.76656
0.809878
0.963642
1.01054
1.07047
1.08312
1.06196
0.935124
0.813459
0.764601
0.704338
0.655572
0.672691
0.695052
0.747038
0.798371
0.834036
0.87831
0.902114
0.944297
0.964018
0.993706
1.01107
1.03578
1.05027
1.06681
1.07504
1.08582
1.09125
1.09867
1.10301
1.10927
1.11257
1.11945
1.12144
1.12281
1.12542
1.12684
1.12599
0.612748
0.686927
0.733617
0.834946
0.873592
0.92021
0.930214
0.908095
0.79537
0.748922
0.739898
0.672069
0.596955
0.597526
0.613833
0.641149
0.685896
0.750257
0.805857
0.854582
0.895851
0.931458
0.970108
0.992221
1.02208
1.039
1.06229
1.07575
1.09167
1.10015
1.10983
1.11443
1.1192
1.12053
1.1221
1.12308
1.125
1.12834
1.13436
1.14558
0.371555
0.453094
0.499544
0.571449
0.588914
0.60575
0.607032
0.579463
0.471176
0.379501
0.347502
0.317215
0.339087
0.396811
0.446782
0.494445
0.564371
0.652016
0.743127
0.845295
0.906489
0.92576
0.97366
0.990293
1.02319
1.03908
1.06196
1.08071
1.10347
1.12376
1.14404
1.1642
1.1815
1.19993
1.21356
1.2284
1.23637
1.24431
1.24937
1.24924
0.309535
0.318734
0.325426
0.325797
0.316222
0.318766
0.321599
0.32435
0.31266
0.293056
0.27771
0.26936
0.262204
0.257039
0.256782
0.269549
0.292984
0.345626
0.38452
0.473081
0.430837
0.391069
0.52815
0.550691
0.598703
0.632267
0.674915
0.727323
0.769418
0.82926
0.871439
0.931885
0.971689
1.02731
1.06195
1.11297
1.14797
1.205
1.2527
1.31962
1.01578
1.0152
1.0171
1.01743
1.01837
1.01836
1.01893
1.01902
1.01898
1.01944
1.01907
1.01962
1.01908
1.01963
1.01907
1.01936
1.01886
1.01873
1.01813
1.01752
1.01644
1.01493
1.01268
1.00948
1.00503
0.999007
0.991481
0.983625
0.978458
0.97865
0.984666
0.993696
1.00317
1.00589
1.0053
1.00536
1.00553
1.00575
1.00626
1.00648
0.999133
0.999785
0.998446
0.998816
0.998222
0.998314
0.998422
0.998137
0.998658
0.998199
0.998747
0.998471
0.998735
0.998782
0.998835
0.999006
0.999042
0.999322
0.999547
1.00006
1.00082
1.0021
1.004
1.00683
1.01071
1.01525
1.01975
1.02458
1.02692
1.0269
1.02326
1.0151
1.00954
1.008
1.0076
1.00746
1.00737
1.00707
1.00682
1.00672
1.01266
1.0133
1.01517
1.0159
1.01723
1.01747
1.01762
1.01825
1.01782
1.01844
1.01783
1.01846
1.01763
1.01821
1.01728
1.01749
1.01664
1.01626
1.0152
1.01416
1.01258
1.01065
1.00822
1.00543
1.00241
0.999249
0.996607
0.996441
0.999188
1.00218
1.00397
1.00559
1.00647
1.00665
1.00665
1.00647
1.00632
1.00672
1.00703
1.00707
1.00149
1.00225
1.00119
1.00126
1.00078
1.00074
1.00078
1.00057
1.00089
1.0008
1.00087
1.00124
1.00097
1.00166
1.00149
1.00216
1.00227
1.00317
1.00378
1.00497
1.00633
1.00807
1.01008
1.01255
1.01517
1.01745
1.0193
1.02102
1.02172
1.0211
1.01835
1.01527
1.01369
1.01204
1.01017
1.00905
1.00858
1.00799
1.00755
1.00736
1.01069
1.01209
1.01353
1.01443
1.01516
1.01591
1.01581
1.01643
1.01616
1.01652
1.01614
1.01649
1.0158
1.01594
1.01529
1.01517
1.01438
1.0137
1.01262
1.01144
1.00992
1.00831
1.00652
1.00484
1.00335
1.00194
1.00124
1.00221
1.00409
1.00513
1.00584
1.00719
1.00787
1.00812
1.00812
1.00792
1.00793
1.008
1.00795
1.00783
1.0039
1.00402
1.00372
1.00349
1.00354
1.0035
1.00351
1.00356
1.00353
1.00369
1.00365
1.004
1.00406
1.00454
1.00467
1.00518
1.00549
1.00643
1.00721
1.0083
1.00948
1.01079
1.01207
1.01344
1.01463
1.01542
1.01591
1.01685
1.01735
1.01685
1.01488
1.01373
1.01323
1.0124
1.01084
1.00969
1.00911
1.00862
1.00829
1.00819
1.00953
1.01109
1.01203
1.01311
1.01343
1.01417
1.01428
1.01465
1.01458
1.01489
1.01459
1.0147
1.01431
1.01433
1.0138
1.01354
1.01275
1.01207
1.01107
1.01008
1.00887
1.00771
1.00655
1.00559
1.00485
1.00421
1.00411
1.00517
1.00648
1.00678
1.00704
1.0083
1.0089
1.00914
1.00918
1.00916
1.00907
1.00882
1.00866
1.00858
1.00594
1.00548
1.00541
1.00561
1.00578
1.0058
1.00602
1.00611
1.00615
1.00641
1.00648
1.00668
1.00681
1.00708
1.00734
1.00771
1.00818
1.00884
1.00947
1.01024
1.01097
1.01173
1.01251
1.01336
1.01386
1.01401
1.01429
1.01464
1.01459
1.01387
1.01268
1.01219
1.01203
1.01139
1.01028
1.00974
1.00938
1.00904
1.00888
1.00882
1.00911
1.01051
1.01106
1.01194
1.01215
1.01282
1.01288
1.01329
1.01327
1.01352
1.01343
1.01356
1.01331
1.01324
1.01289
1.0126
1.01198
1.01139
1.01063
1.00994
1.00915
1.00839
1.00779
1.00749
1.00726
1.00701
1.00728
1.00811
1.0086
1.00851
1.00871
1.00949
1.00984
1.01005
1.01008
1.00992
1.00963
1.00932
1.00911
1.00903
1.00752
1.00734
1.00734
1.00754
1.00778
1.00809
1.00833
1.00857
1.0087
1.00873
1.00884
1.00895
1.00912
1.00938
1.00955
1.00986
1.01021
1.01065
1.01109
1.01158
1.01208
1.01259
1.01316
1.01357
1.01369
1.01363
1.01366
1.01357
1.01308
1.01222
1.01163
1.01138
1.01119
1.01064
1.01016
1.00992
1.00967
1.00947
1.00929
1.00924
1.00913
1.01021
1.01063
1.01142
1.01155
1.01209
1.01219
1.01251
1.0126
1.01286
1.01293
1.01308
1.01288
1.01287
1.01264
1.01245
1.01202
1.01163
1.01114
1.01068
1.01017
1.00981
1.00959
1.00953
1.00948
1.00947
1.00982
1.01031
1.01039
1.0103
1.01046
1.01071
1.01082
1.01078
1.01055
1.0103
1.00998
1.00967
1.00952
1.00949
1.00866
1.00901
1.00923
1.00953
1.00981
1.01003
1.0102
1.01034
1.0104
1.0105
1.01065
1.01084
1.01094
1.0111
1.01131
1.01154
1.01177
1.01207
1.01237
1.01267
1.01301
1.01332
1.0136
1.01368
1.01352
1.01335
1.01323
1.013
1.01243
1.0118
1.01149
1.01133
1.0111
1.01088
1.0107
1.01054
1.01025
1.00991
1.00974
1.00972
1.00953
1.01041
1.01075
1.01136
1.01155
1.012
1.01216
1.01248
1.01267
1.0129
1.01303
1.01313
1.01308
1.01311
1.01296
1.01292
1.01267
1.01248
1.01212
1.0118
1.01158
1.01147
1.01149
1.01154
1.01154
1.0116
1.01183
1.012
1.01193
1.01187
1.01186
1.01181
1.01156
1.0113
1.0111
1.01088
1.01062
1.01036
1.01019
1.01018
1.00973
1.01033
1.01061
1.01107
1.0113
1.01158
1.01176
1.01191
1.01201
1.01215
1.01224
1.01241
1.01255
1.01276
1.01282
1.013
1.01311
1.01332
1.01343
1.01366
1.01387
1.01405
1.0141
1.01391
1.01365
1.0135
1.01333
1.013
1.01262
1.01235
1.01222
1.01212
1.01192
1.01165
1.01145
1.01122
1.01089
1.01055
1.01036
1.01042
1.01056
1.0111
1.0114
1.01192
1.01217
1.01257
1.01277
1.01313
1.01325
1.01353
1.01358
1.01376
1.01374
1.01386
1.01378
1.01386
1.01372
1.01364
1.01341
1.01328
1.01325
1.01327
1.01329
1.01327
1.0132
1.01322
1.01327
1.01319
1.01303
1.01286
1.01278
1.01262
1.01233
1.01208
1.01193
1.01176
1.01146
1.01107
1.01087
1.01092
1.01098
1.01154
1.01184
1.01231
1.01254
1.01288
1.01305
1.01332
1.0134
1.01363
1.01368
1.01389
1.01389
1.01405
1.014
1.01409
1.01403
1.01412
1.01411
1.01419
1.01422
1.01426
1.01414
1.01392
1.01376
1.01372
1.01365
1.01355
1.01341
1.01328
1.01322
1.01311
1.0128
1.01247
1.01227
1.01208
1.0118
1.01135
1.0111
1.01109
1.01158
1.01217
1.01246
1.01299
1.01323
1.01363
1.01381
1.01412
1.01423
1.0145
1.01454
1.01474
1.01474
1.01485
1.01477
1.01482
1.01468
1.01465
1.0145
1.01443
1.01441
1.0144
1.01431
1.01419
1.01415
1.01417
1.01416
1.01409
1.01394
1.01384
1.0138
1.0137
1.01346
1.01316
1.0129
1.01269
1.0125
1.01206
1.01168
1.0116
1.0122
1.01279
1.01308
1.0136
1.01383
1.01423
1.01441
1.01475
1.01487
1.01514
1.01519
1.01539
1.0154
1.01552
1.01546
1.01558
1.01553
1.01561
1.01553
1.01553
1.01543
1.01533
1.01506
1.01489
1.01482
1.01485
1.01486
1.0148
1.0146
1.0145
1.01443
1.01426
1.01402
1.01371
1.01335
1.01309
1.01288
1.01253
1.01208
1.01194
1.01289
1.01348
1.01378
1.01431
1.01455
1.01499
1.01518
1.01554
1.01567
1.01596
1.01601
1.01621
1.01622
1.01635
1.01633
1.01646
1.01644
1.01653
1.01642
1.01639
1.01625
1.01609
1.0158
1.01564
1.0156
1.01568
1.0157
1.0156
1.0154
1.01534
1.01526
1.0151
1.01493
1.01469
1.0143
1.01394
1.01373
1.01347
1.01311
1.01287
1.01364
1.01426
1.0146
1.01515
1.01538
1.01584
1.01602
1.01642
1.01654
1.01686
1.01689
1.01714
1.01714
1.01734
1.01735
1.01756
1.01758
1.01767
1.01754
1.01748
1.01727
1.01702
1.01666
1.01653
1.01649
1.01655
1.01649
1.01629
1.0161
1.01603
1.01591
1.01571
1.01548
1.01519
1.01475
1.01433
1.01403
1.0137
1.01346
1.01347
1.01456
1.01519
1.01551
1.01609
1.01632
1.0168
1.01696
1.01739
1.01749
1.01784
1.01789
1.01817
1.01819
1.01846
1.01849
1.01877
1.01878
1.01888
1.01869
1.01862
1.0183
1.01798
1.01762
1.01756
1.01757
1.01762
1.01747
1.0172
1.01706
1.01705
1.01693
1.01676
1.01655
1.01629
1.0159
1.01555
1.01517
1.01473
1.01447
1.01457
1.01559
1.0162
1.01653
1.01711
1.01734
1.01787
1.01803
1.01848
1.01858
1.01896
1.01902
1.01935
1.01942
1.01972
1.01979
1.02007
1.02003
1.02008
1.01982
1.01967
1.01925
1.01894
1.01871
1.01876
1.01879
1.0188
1.01849
1.01819
1.01799
1.01785
1.01758
1.01738
1.01714
1.0168
1.0164
1.01604
1.01555
1.01506
1.0148
1.01491
1.0167
1.01732
1.01771
1.0183
1.01855
1.01909
1.01924
1.01972
1.01979
1.02022
1.02028
1.02068
1.02074
1.02111
1.02117
1.02142
1.02135
1.02136
1.02105
1.02088
1.02041
1.02024
1.02012
1.02022
1.02024
1.02013
1.01975
1.01952
1.01933
1.01905
1.01879
1.01868
1.01852
1.01816
1.01779
1.01738
1.01682
1.0163
1.01591
1.01589
1.01789
1.01852
1.01892
1.01952
1.01982
1.02038
1.02059
1.0211
1.02121
1.02167
1.02179
1.02222
1.0223
1.02271
1.02268
1.02288
1.02267
1.02262
1.02226
1.02199
1.02157
1.02147
1.02137
1.02152
1.02143
1.0212
1.02083
1.02071
1.02048
1.02013
1.01984
1.01972
1.01939
1.01896
1.01856
1.01806
1.01746
1.01704
1.01672
1.01669
1.01918
1.01985
1.02035
1.02097
1.02135
1.02194
1.02222
1.02275
1.02298
1.02352
1.02369
1.02421
1.02431
1.0247
1.02461
1.02474
1.02449
1.02441
1.02398
1.02375
1.02338
1.02332
1.02322
1.02341
1.02322
1.02289
1.02259
1.02261
1.02249
1.0222
1.0219
1.02171
1.02135
1.02088
1.02044
1.01979
1.01911
1.01852
1.01815
1.0181
1.02074
1.02152
1.02204
1.02275
1.02317
1.02384
1.02417
1.02481
1.02507
1.02568
1.02586
1.02637
1.02638
1.02667
1.02647
1.02655
1.02625
1.02627
1.0259
1.02585
1.0254
1.02532
1.02517
1.02517
1.02477
1.02431
1.0241
1.02407
1.02386
1.0236
1.0233
1.02301
1.02249
1.02213
1.02162
1.02082
1.01996
1.01934
1.0191
1.01919
1.02269
1.02358
1.02419
1.02503
1.02553
1.02629
1.02668
1.02737
1.02763
1.02825
1.02838
1.02882
1.02874
1.02901
1.02881
1.02904
1.02887
1.02915
1.02894
1.02898
1.0285
1.02856
1.02837
1.0284
1.02787
1.02767
1.02736
1.02719
1.0268
1.02675
1.02642
1.02601
1.02538
1.02504
1.0243
1.02348
1.02257
1.02194
1.02172
1.02185
1.02522
1.02619
1.0268
1.02774
1.02821
1.02906
1.02938
1.03011
1.03029
1.03082
1.03079
1.03115
1.03097
1.03129
1.0311
1.03147
1.03138
1.03177
1.03141
1.03131
1.03078
1.03096
1.03062
1.03048
1.02986
1.02979
1.02924
1.02894
1.02856
1.02854
1.02811
1.02773
1.0271
1.02654
1.02559
1.02481
1.02382
1.02318
1.02274
1.02277
1.02848
1.02956
1.03018
1.03116
1.03159
1.03249
1.03276
1.03347
1.03364
1.03416
1.03418
1.03468
1.03468
1.03517
1.03511
1.03565
1.03564
1.03596
1.03542
1.03545
1.03526
1.03563
1.03507
1.03483
1.0343
1.03435
1.03375
1.03343
1.03293
1.03276
1.03221
1.03198
1.03135
1.03048
1.02941
1.02858
1.02759
1.02707
1.02668
1.02658
1.03197
1.0328
1.03361
1.03436
1.03485
1.03548
1.03581
1.03643
1.03668
1.03725
1.03749
1.03819
1.03837
1.03888
1.03889
1.03951
1.03938
1.03946
1.03896
1.03929
1.03908
1.03897
1.03797
1.03786
1.03744
1.03735
1.0365
1.03628
1.03568
1.03533
1.03478
1.0346
1.03361
1.03259
1.03132
1.03023
1.02908
1.02857
1.02812
1.02802
1.03566
1.03655
1.03739
1.03835
1.03905
1.03997
1.04051
1.04136
1.04187
1.0428
1.04339
1.04419
1.04444
1.0451
1.04551
1.04623
1.04595
1.04595
1.04571
1.04617
1.04559
1.04518
1.04445
1.04477
1.04413
1.04375
1.04294
1.04289
1.04212
1.04173
1.04105
1.04047
1.03925
1.0384
1.03694
1.03564
1.0344
1.03396
1.03348
1.0335
1.0394
1.04016
1.04159
1.0423
1.04341
1.04421
1.04507
1.04588
1.04675
1.04768
1.04815
1.04875
1.04923
1.05042
1.05085
1.05136
1.05101
1.05194
1.05222
1.05268
1.05175
1.05162
1.05097
1.05067
1.0495
1.04907
1.04807
1.04783
1.04689
1.04664
1.04548
1.04466
1.04356
1.0425
1.04081
1.03931
1.03783
1.0371
1.03663
1.03653
1.04711
1.04891
1.05036
1.05189
1.05306
1.05446
1.05532
1.05688
1.05724
1.05831
1.05832
1.05972
1.06026
1.06128
1.06077
1.061
1.06097
1.06153
1.06089
1.06043
1.05953
1.05938
1.05852
1.05847
1.0577
1.05754
1.05671
1.05671
1.05602
1.05553
1.05409
1.05345
1.05188
1.05082
1.04879
1.04729
1.04545
1.04432
1.04327
1.04296
1.05575
1.05779
1.0597
1.06115
1.0626
1.06434
1.06573
1.06716
1.06768
1.06935
1.07042
1.07236
1.07247
1.0731
1.07341
1.07484
1.07576
1.07658
1.07707
1.07763
1.0777
1.07757
1.07698
1.07659
1.07547
1.07444
1.07273
1.07131
1.06914
1.06794
1.06588
1.06425
1.06193
1.06019
1.05782
1.05602
1.05355
1.05201
1.05063
1.05038
1.06834
1.07016
1.0716
1.07402
1.07599
1.07806
1.07911
1.08044
1.082
1.08396
1.08507
1.08559
1.08573
1.08626
1.08675
1.08708
1.08689
1.08604
1.08449
1.08326
1.08188
1.08115
1.08021
1.07979
1.07879
1.0783
1.07715
1.07662
1.07547
1.07497
1.07382
1.07281
1.07105
1.06951
1.06728
1.06558
1.06319
1.06168
1.05978
1.05904
1.08663
1.09084
1.09433
1.0978
1.10002
1.10311
1.10543
1.10846
1.11069
1.11357
1.11535
1.11766
1.11899
1.12146
1.12281
1.12541
1.12707
1.12968
1.13106
1.13294
1.13322
1.13379
1.13294
1.13273
1.13081
1.12962
1.12664
1.12458
1.12081
1.11813
1.11389
1.11051
1.10556
1.10155
1.09627
1.09221
1.0873
1.084
1.08012
1.07817
1.12737
1.12559
1.12657
1.12724
1.12904
1.13044
1.1322
1.13357
1.13488
1.13597
1.13677
1.13744
1.13778
1.13827
1.1381
1.13794
1.13687
1.13551
1.13329
1.13094
1.12858
1.12628
1.12428
1.12229
1.12033
1.11848
1.11657
1.11477
1.11292
1.11119
1.10932
1.10751
1.10532
1.10299
1.09983
1.0966
1.09294
1.08983
1.08727
1.08662
1.15442
1.16988
1.18067
1.19329
1.20024
1.21106
1.21686
1.22636
1.23144
1.23977
1.24412
1.25123
1.25481
1.2609
1.2638
1.26912
1.27173
1.27656
1.27852
1.28191
1.28202
1.28326
1.28135
1.2806
1.27717
1.2745
1.26936
1.26478
1.25801
1.25173
1.24349
1.23581
1.22648
1.21807
1.20842
1.20004
1.19047
1.18193
1.17134
1.16056
1.25031
1.24341
1.24964
1.25111
1.26089
1.26357
1.27309
1.27496
1.28338
1.28396
1.29096
1.29011
1.2952
1.29295
1.29608
1.29277
1.29437
1.29087
1.29132
1.28737
1.28554
1.28005
1.27551
1.26927
1.26341
1.25733
1.25074
1.24459
1.23772
1.23125
1.22447
1.21793
1.21221
1.20591
1.2003
1.19095
1.1802
1.16384
1.14945
1.1364
1.3647
1.40155
1.44309
1.47878
1.51432
1.5462
1.5778
1.60565
1.634
1.65759
1.68275
1.70209
1.72349
1.73836
1.7548
1.76468
1.77547
1.78022
1.78566
1.78609
1.78764
1.78494
1.78322
1.77704
1.77092
1.76117
1.75055
1.73747
1.72185
1.70533
1.68494
1.66531
1.64091
1.61911
1.59166
1.56765
1.53738
1.51122
1.48213
1.45599
1.00659
1.00714
1.00725
1.00742
1.00756
1.00765
1.00775
1.0079
1.00807
1.00831
1.00866
1.00885
1.00884
1.00885
1.00909
1.00924
1.00925
1.00907
1.00878
1.00835
1.00784
1.00724
1.00642
1.00545
1.00421
1.00256
1.00085
0.999064
0.99683
0.995
0.992864
0.990941
0.98841
0.985879
0.984389
0.982558
0.982352
0.981273
0.981577
0.979457
1.00689
1.0074
1.00748
1.0077
1.00779
1.00786
1.00795
1.00807
1.00833
1.00866
1.00904
1.00927
1.00931
1.00924
1.0092
1.00933
1.00938
1.00927
1.0089
1.00843
1.00803
1.00738
1.00652
1.00551
1.00424
1.00251
1.00066
0.998809
0.996413
0.994716
0.992434
0.990533
0.987981
0.985428
0.983815
0.98201
0.981807
0.980574
0.980906
0.979077
1.00722
1.00765
1.00766
1.00793
1.00797
1.00799
1.00812
1.00831
1.00858
1.0088
1.0091
1.0093
1.00939
1.0092
1.00901
1.00914
1.00916
1.00891
1.00846
1.00812
1.00761
1.00697
1.00607
1.00506
1.0037
1.00179
1.00011
0.99792
0.996031
0.993706
0.991579
0.989394
0.987164
0.985004
0.983332
0.981816
0.981355
0.979941
0.980102
0.978706
1.0075
1.00782
1.00776
1.00803
1.00799
1.00808
1.00826
1.00851
1.00878
1.00891
1.00905
1.0092
1.0093
1.00914
1.00887
1.00872
1.0086
1.00839
1.00808
1.00774
1.00731
1.0064
1.00529
1.00407
1.00281
1.00133
0.999477
0.997352
0.995165
0.993066
0.990516
0.988315
0.986179
0.984408
0.982839
0.98151
0.980918
0.979208
0.979349
0.978156
1.00782
1.00807
1.008
1.00826
1.00814
1.00836
1.0085
1.00879
1.00906
1.00902
1.00895
1.00909
1.00929
1.00917
1.00896
1.00879
1.00857
1.00834
1.00808
1.00753
1.00684
1.00597
1.00503
1.00381
1.00248
1.00088
0.999024
0.996977
0.995043
0.992254
0.989908
0.987424
0.985466
0.983846
0.982382
0.980998
0.980451
0.978561
0.978439
0.977474
1.00819
1.00836
1.00826
1.00848
1.00827
1.00855
1.00872
1.00908
1.0092
1.00911
1.00897
1.00913
1.00936
1.00921
1.00887
1.00867
1.00847
1.00824
1.00798
1.00751
1.00687
1.00603
1.00481
1.00348
1.00222
1.00078
0.999058
0.996668
0.994298
0.991854
0.989216
0.986773
0.984642
0.983076
0.981692
0.980208
0.979762
0.977978
0.97773
0.976672
1.00852
1.0086
1.00862
1.00879
1.00857
1.00892
1.00912
1.00939
1.00942
1.00951
1.0094
1.00945
1.00959
1.00952
1.00929
1.00919
1.00911
1.00893
1.00864
1.00811
1.00725
1.00626
1.00522
1.00401
1.00267
1.00079
0.998643
0.9966
0.994384
0.991459
0.988966
0.986233
0.984108
0.982403
0.981015
0.979408
0.979102
0.977541
0.977397
0.976072
1.00883
1.00884
1.00893
1.00904
1.00878
1.00913
1.00929
1.00969
1.00972
1.00996
1.00985
1.0098
1.00985
1.00983
1.00959
1.00951
1.00946
1.00921
1.00894
1.00831
1.00768
1.00673
1.00551
1.00393
1.00248
1.00063
0.998783
0.996293
0.993585
0.990961
0.98818
0.985563
0.983248
0.981466
0.980094
0.978457
0.978254
0.976903
0.976984
0.975574
1.00903
1.00899
1.00927
1.00945
1.00932
1.00957
1.00977
1.01027
1.0102
1.01041
1.01042
1.01035
1.01031
1.01041
1.01015
1.01005
1.01022
1.00994
1.00954
1.0091
1.00832
1.00731
1.00613
1.00466
1.0031
1.00082
0.998336
0.996051
0.993513
0.990585
0.987714
0.984883
0.98263
0.980777
0.979407
0.977813
0.977697
0.97648
0.976626
0.975135
1.00918
1.00906
1.0094
1.00957
1.00952
1.00967
1.00985
1.01037
1.01029
1.01043
1.01058
1.01059
1.0104
1.0105
1.01033
1.01012
1.01021
1.00989
1.00945
1.00919
1.00858
1.00781
1.00652
1.00487
1.0027
1.00067
0.998308
0.995701
0.992557
0.989501
0.986604
0.983915
0.981598
0.979609
0.978307
0.976782
0.976752
0.975637
0.976006
0.974558
1.00948
1.00939
1.00984
1.01002
1.01004
1.01017
1.01028
1.01086
1.01079
1.01083
1.01089
1.01112
1.01094
1.01093
1.01077
1.01051
1.01047
1.01039
1.01
1.00974
1.00905
1.00817
1.00681
1.00531
1.00332
1.0008
0.997892
0.995027
0.991943
0.989049
0.985999
0.983187
0.980739
0.978756
0.977556
0.976133
0.976172
0.975058
0.975397
0.974148
1.00971
1.00966
1.01
1.01019
1.01042
1.01041
1.01044
1.01094
1.01086
1.01088
1.01081
1.01106
1.01097
1.011
1.01101
1.01053
1.01043
1.01052
1.01013
1.0097
1.00912
1.00816
1.0069
1.00512
1.00269
1.00017
0.997387
0.994516
0.991205
0.987953
0.984811
0.9819
0.979301
0.977344
0.976207
0.974946
0.975104
0.974103
0.974557
0.973653
1.01023
1.01018
1.01039
1.01075
1.01112
1.01107
1.01106
1.01143
1.01145
1.01158
1.01139
1.0116
1.01139
1.01134
1.01153
1.01119
1.01101
1.01104
1.01054
1.01003
1.00934
1.00823
1.00688
1.00513
1.00285
1.00014
0.997074
0.993647
0.990258
0.987385
0.984041
0.980928
0.978193
0.976308
0.975138
0.974021
0.974261
0.973396
0.974059
0.973435
1.01048
1.01046
1.01054
1.01096
1.01142
1.0115
1.01145
1.01145
1.0115
1.01177
1.01162
1.01187
1.01178
1.01171
1.0121
1.01207
1.01185
1.01177
1.01122
1.01051
1.00958
1.00848
1.007
1.00495
1.00259
0.999742
0.996467
0.993099
0.989773
0.986329
0.982841
0.979644
0.97684
0.974941
0.973727
0.972632
0.973063
0.972379
0.973371
0.973038
1.01102
1.01103
1.01098
1.01131
1.01177
1.01199
1.01197
1.01184
1.01194
1.01229
1.01228
1.01269
1.01258
1.01215
1.01234
1.0125
1.01226
1.01197
1.01146
1.01044
1.00933
1.00793
1.00637
1.00444
1.00197
0.999062
0.995665
0.99202
0.988254
0.984726
0.98131
0.978011
0.9752
0.973368
0.972241
0.971304
0.972011
0.971642
0.972997
0.972742
1.01126
1.0113
1.01127
1.01158
1.01195
1.01215
1.01228
1.01202
1.01222
1.01241
1.01272
1.01326
1.01328
1.01295
1.01288
1.01292
1.01295
1.01266
1.01225
1.01128
1.01027
1.00868
1.00698
1.00489
1.00226
0.999216
0.995584
0.991747
0.987749
0.983951
0.980189
0.976753
0.973737
0.971838
0.970809
0.969723
0.970752
0.970413
0.972176
0.972165
1.01175
1.01175
1.01175
1.01191
1.01225
1.01249
1.01261
1.01259
1.01287
1.01293
1.01316
1.01362
1.01372
1.01335
1.01306
1.01278
1.0126
1.01221
1.01182
1.01072
1.0095
1.00791
1.00602
1.00377
1.00098
0.997817
0.994171
0.990165
0.98598
0.981896
0.978244
0.974585
0.971464
0.969763
0.968916
0.968115
0.969566
0.969554
0.97181
0.972029
1.01205
1.01223
1.01236
1.01274
1.01338
1.01366
1.01378
1.01378
1.01385
1.01402
1.01449
1.01482
1.01494
1.01495
1.01464
1.01411
1.01374
1.01332
1.01284
1.01177
1.01048
1.0089
1.00691
1.00444
1.00149
0.998212
0.994348
0.990069
0.985461
0.981069
0.977159
0.973151
0.969744
0.967765
0.967048
0.965918
0.967864
0.967933
0.970672
0.971234
1.01285
1.01296
1.01315
1.01345
1.01383
1.01403
1.01431
1.01441
1.01449
1.0146
1.01492
1.01489
1.01498
1.01495
1.01464
1.01422
1.01365
1.01296
1.01225
1.01096
1.00954
1.00784
1.00545
1.00275
0.999542
0.996056
0.992044
0.987595
0.982954
0.978386
0.974417
0.970328
0.96706
0.96535
0.964945
0.963961
0.966383
0.966721
0.970391
0.971285
1.0134
1.01349
1.0137
1.01418
1.01475
1.01515
1.01549
1.01556
1.01563
1.01566
1.01581
1.01591
1.01607
1.01612
1.01608
1.01604
1.0155
1.01462
1.01366
1.0122
1.01075
1.00888
1.00637
1.00345
1.00007
0.996261
0.991882
0.987217
0.982003
0.977157
0.972715
0.968437
0.964985
0.962918
0.962778
0.961183
0.96392
0.964523
0.968546
0.970111
1.01456
1.01439
1.01446
1.01497
1.01551
1.01577
1.01589
1.01602
1.01602
1.0159
1.01588
1.01596
1.01607
1.01601
1.01592
1.01576
1.01512
1.0142
1.01309
1.01153
1.00985
1.00779
1.00497
1.00184
0.997975
0.993834
0.989245
0.984188
0.97907
0.97358
0.969332
0.964916
0.961654
0.959831
0.960156
0.958771
0.962087
0.962821
0.968006
0.970318
1.01513
1.01521
1.01551
1.01585
1.01624
1.01652
1.01667
1.01724
1.01738
1.01728
1.01707
1.01716
1.01725
1.01703
1.01702
1.01682
1.01638
1.01574
1.01466
1.01308
1.01123
1.00876
1.00577
1.00224
0.998236
0.993663
0.988569
0.983254
0.977107
0.972054
0.966995
0.96262
0.958748
0.956546
0.957223
0.955137
0.958629
0.959693
0.965044
0.968456
1.01626
1.0166
1.01682
1.01694
1.01731
1.01756
1.01781
1.0183
1.0184
1.01828
1.01799
1.01803
1.01793
1.01774
1.01767
1.01725
1.01651
1.0154
1.01408
1.01234
1.01012
1.00757
1.00422
1.00047
0.995907
0.990765
0.985475
0.979345
0.973827
0.967391
0.962985
0.958124
0.954378
0.952398
0.953825
0.952034
0.956085
0.957462
0.963825
0.968447
1.01694
1.01743
1.01777
1.01806
1.01834
1.01843
1.01843
1.01889
1.01913
1.01949
1.01946
1.0196
1.0194
1.01932
1.01911
1.0186
1.01768
1.01647
1.01537
1.01326
1.01116
1.00802
1.00457
1.00026
0.99542
0.990054
0.983979
0.977886
0.970567
0.964979
0.95913
0.954603
0.950002
0.94763
0.949664
0.947113
0.951362
0.953127
0.959373
0.965239
1.01841
1.01875
1.0194
1.01963
1.02016
1.02024
1.02028
1.02044
1.02066
1.021
1.02107
1.02117
1.02088
1.02044
1.01992
1.01939
1.01834
1.01717
1.01526
1.01296
1.01016
1.00681
1.00287
0.998108
0.992724
0.986529
0.980111
0.972639
0.966409
0.958967
0.954271
0.94859
0.944182
0.942089
0.945068
0.942956
0.947706
0.950276
0.956879
0.964242
1.01917
1.01947
1.01992
1.02022
1.02092
1.02142
1.02183
1.02207
1.02217
1.02228
1.02235
1.02269
1.0225
1.02209
1.02158
1.02073
1.01962
1.01788
1.01613
1.01336
1.01065
1.00685
1.00251
0.997308
0.991142
0.984816
0.977278
0.970172
0.9618
0.955039
0.94808
0.943184
0.937879
0.935298
0.938997
0.936017
0.941067
0.944105
0.950054
0.958571
1.022
1.02232
1.0227
1.0232
1.02374
1.024
1.02444
1.02469
1.02469
1.02469
1.02468
1.0247
1.02417
1.02374
1.02267
1.02175
1.01994
1.01822
1.01588
1.01309
1.00972
1.00519
1.00032
0.994274
0.987751
0.980115
0.972343
0.963204
0.955635
0.947032
0.941639
0.93522
0.93005
0.928062
0.932681
0.930498
0.936115
0.940259
0.946395
0.956386
1.02285
1.0231
1.02356
1.02412
1.02476
1.02507
1.0256
1.02606
1.02635
1.02647
1.0264
1.02609
1.02559
1.02503
1.0242
1.02316
1.02149
1.01936
1.01693
1.01328
1.00927
1.0044
0.998704
0.992448
0.984622
0.976526
0.967044
0.958593
0.948616
0.940767
0.932365
0.926761
0.921175
0.918631
0.923739
0.92094
0.926605
0.931504
0.937241
0.948041
1.02664
1.02704
1.02757
1.02811
1.02844
1.02861
1.02884
1.02918
1.02927
1.02931
1.02906
1.02892
1.02798
1.02726
1.02594
1.02452
1.02202
1.01971
1.01627
1.01243
1.00787
1.00188
0.995684
0.987781
0.979421
0.969572
0.960397
0.949164
0.940175
0.930111
0.923262
0.916364
0.910641
0.909087
0.915041
0.913747
0.920142
0.926086
0.93282
0.944966
1.02798
1.02829
1.02864
1.02899
1.02943
1.02993
1.03043
1.03062
1.03076
1.03067
1.03071
1.0302
1.02949
1.02838
1.02698
1.02488
1.02259
1.01982
1.01614
1.0116
1.00564
0.999254
0.991485
0.983257
0.972738
0.962901
0.951021
0.94049
0.928334
0.9188
0.909464
0.902985
0.897836
0.895317
0.901654
0.900445
0.906291
0.913601
0.92051
0.933055
1.0334
1.0337
1.03384
1.03413
1.03438
1.03482
1.03514
1.03557
1.03543
1.0354
1.03469
1.03417
1.03267
1.03155
1.02942
1.0271
1.02392
1.02006
1.01532
1.00951
1.00306
0.995086
0.98654
0.975727
0.965304
0.952426
0.940913
0.927203
0.916104
0.904657
0.896177
0.889412
0.883615
0.882795
0.88975
0.890985
0.897927
0.906331
0.915166
0.929943
1.03626
1.03619
1.03651
1.03667
1.03721
1.03723
1.03749
1.03708
1.03715
1.0365
1.03601
1.03477
1.03343
1.03174
1.02918
1.02632
1.02236
1.01826
1.0122
1.00583
0.997311
0.988623
0.977178
0.966067
0.95229
0.939638
0.924346
0.911277
0.896749
0.885536
0.875446
0.86784
0.863329
0.861341
0.868353
0.871078
0.877907
0.887774
0.897377
0.913972
1.04262
1.04305
1.04346
1.04414
1.04449
1.04495
1.04483
1.04476
1.04405
1.04334
1.04212
1.04056
1.03845
1.03585
1.0325
1.02835
1.02352
1.01738
1.01021
1.00143
0.992022
0.97991
0.967971
0.953096
0.939493
0.922523
0.908003
0.891002
0.877629
0.864716
0.854931
0.848828
0.844309
0.844448
0.851905
0.858412
0.867531
0.879233
0.890908
0.90938
1.05018
1.0501
1.05042
1.05012
1.05009
1.04937
1.04897
1.04794
1.04689
1.04526
1.04323
1.04089
1.03786
1.03452
1.02975
1.02525
1.01841
1.0118
1.00161
0.992331
0.978746
0.966339
0.949392
0.934339
0.915381
0.89814
0.878635
0.861841
0.845192
0.831509
0.821186
0.814059
0.810932
0.810857
0.817973
0.827947
0.838153
0.851803
0.864175
0.886246
1.05795
1.05822
1.05808
1.05842
1.05824
1.05793
1.05715
1.05589
1.05455
1.05226
1.04994
1.04642
1.04316
1.03798
1.03301
1.02533
1.01768
1.00661
0.995574
0.98104
0.966298
0.948254
0.930704
0.90989
0.890672
0.868552
0.849367
0.829184
0.812757
0.798996
0.789102
0.785173
0.783742
0.787098
0.795563
0.809266
0.824892
0.842077
0.85951
0.876875
1.07613
1.07583
1.0747
1.07442
1.07249
1.07131
1.06816
1.06595
1.06184
1.05877
1.05361
1.0493
1.04225
1.03589
1.02611
1.01695
1.00353
0.990974
0.973663
0.957419
0.936075
0.916572
0.891616
0.869704
0.843091
0.819604
0.794959
0.773109
0.754742
0.739752
0.73037
0.727254
0.727678
0.733023
0.74096
0.761134
0.780978
0.803201
0.82107
0.852488
1.08708
1.08601
1.08566
1.08348
1.0813
1.07805
1.07486
1.07085
1.06696
1.06176
1.0566
1.0491
1.04154
1.03068
1.01979
1.00466
0.98952
0.969589
0.95003
0.925747
0.901925
0.873765
0.846658
0.817308
0.788489
0.761308
0.735286
0.713668
0.696339
0.684373
0.679412
0.680473
0.689085
0.701801
0.713827
0.737546
0.763913
0.79259
0.820818
0.844175
1.14748
1.14072
1.12908
1.12363
1.11433
1.11094
1.10292
1.09946
1.08962
1.08329
1.06963
1.05926
1.04108
1.02591
1.00282
0.98233
0.954184
0.928092
0.895156
0.863483
0.826546
0.792067
0.754394
0.718738
0.683817
0.650476
0.621971
0.596802
0.580474
0.567367
0.568541
0.569289
0.588808
0.612587
0.627937
0.655293
0.689332
0.723659
0.772398
0.803666
1.13609
1.12981
1.13569
1.13351
1.13711
1.13108
1.12614
1.11225
1.09835
1.07749
1.05615
1.02966
1.00187
0.970279
0.936269
0.899507
0.859601
0.818529
0.774746
0.732975
0.688473
0.649477
0.606692
0.573633
0.535607
0.511659
0.485794
0.481603
0.476705
0.493023
0.513447
0.54454
0.575204
0.62179
0.662944
0.706272
0.743128
0.786638
0.819776
0.858658
1.42747
1.40344
1.36366
1.32847
1.28031
1.23814
1.18635
1.14142
1.08805
1.04171
0.987358
0.939246
0.883118
0.832788
0.774875
0.723236
0.664741
0.613041
0.55503
0.503295
0.448744
0.397242
0.352607
0.308124
0.282265
0.25571
0.258737
0.315878
0.330033
0.38512
0.442992
0.492045
0.570727
0.610598
0.69231
0.740962
0.813835
0.861096
0.928646
0.96803
0.999988
1
1.00001
1.00001
1.00002
1.00002
1.00002
1.00002
1.00002
1.00003
1.00003
1.00003
1.00003
1.00003
1.00003
1.00003
1.00003
1.00003
1.00003
1.00003
1.00003
1.00003
1.00003
1.00003
1.00003
1.00003
1.00002
1.00002
1.00002
1.00002
1.00002
1.00002
1.00002
1.00002
1.00001
1.00001
1.00001
1.00001
1.00001
0.999979
0.999975
1.00002
1.00001
1
0.999997
0.999993
0.999991
0.999989
0.999987
0.999986
0.999985
0.999983
0.999982
0.999981
0.99998
0.999979
0.999979
0.999978
0.999977
0.999976
0.999975
0.999974
0.999972
0.999971
0.999969
0.999967
0.999965
0.999963
0.999961
0.999959
0.999958
0.999956
0.999955
0.999955
0.999955
0.999956
0.999957
0.999959
0.999963
0.999924
0.999981
1.00005
1.00003
1.00002
1
0.99999
0.999981
0.999973
0.999965
0.999958
0.999951
0.999945
0.999939
0.999932
0.999926
0.999919
0.999912
0.999906
0.9999
0.999894
0.999888
0.999883
0.999878
0.999873
0.999869
0.999865
0.999861
0.999859
0.999857
0.999856
0.999855
0.999855
0.999856
0.999858
0.99986
0.999863
0.999868
0.999875
0.999885
0.999797
1.00001
1.00011
1.00009
1.00008
1.00006
1.00005
1.00004
1.00004
1.00003
1.00002
1.00001
0.999999
0.99999
0.99998
0.999971
0.999963
0.999955
0.999946
0.999938
0.999929
0.999921
0.999912
0.999903
0.999894
0.999884
0.999876
0.999867
0.99986
0.999852
0.999846
0.99984
0.999836
0.999833
0.999832
0.999832
0.999834
0.99984
0.999849
0.999865
0.999743
1.00008
1.00024
1.00024
1.00023
1.00022
1.00022
1.00022
1.00022
1.00022
1.00022
1.00021
1.00021
1.00021
1.0002
1.0002
1.00019
1.00018
1.00017
1.00016
1.00015
1.00013
1.00012
1.00011
1.00009
1.00007
1.00006
1.00004
1.00002
1
0.999986
0.999966
0.999947
0.999928
0.99991
0.999893
0.999878
0.999867
0.999859
0.999857
0.999704
1.00014
1.00035
1.00035
1.00034
1.00033
1.00033
1.00033
1.00033
1.00033
1.00032
1.00032
1.00032
1.00031
1.0003
1.00029
1.00028
1.00027
1.00025
1.00024
1.00022
1.0002
1.00018
1.00016
1.00013
1.00011
1.00008
1.00006
1.00003
1
0.999975
0.999946
0.999917
0.99989
0.999865
0.999843
0.999824
0.999812
0.999804
0.999804
0.999616
1.00012
1.00035
1.00034
1.00033
1.00032
1.00031
1.0003
1.00029
1.00028
1.00027
1.00025
1.00024
1.00023
1.00021
1.00019
1.00017
1.00015
1.00013
1.00011
1.00008
1.00006
1.00003
1.00001
0.999978
0.99995
0.999921
0.999891
0.999862
0.999834
0.999806
0.999779
0.999755
0.999731
0.999712
0.999696
0.999684
0.999679
0.999678
0.999683
0.999452
1.00013
1.00039
1.00037
1.00035
1.00032
1.0003
1.00028
1.00026
1.00023
1.00021
1.00018
1.00015
1.00012
1.00009
1.00006
1.00003
0.999995
0.999959
0.999922
0.999884
0.999845
0.999806
0.999766
0.999726
0.999687
0.999648
0.999611
0.999576
0.999543
0.999513
0.999486
0.999462
0.999441
0.999424
0.999408
0.999397
0.99939
0.999393
0.9994
0.9991
1.00018
1.00048
1.00046
1.00044
1.00042
1.00039
1.00037
1.00035
1.00032
1.0003
1.00027
1.00024
1.00021
1.00018
1.00015
1.00011
1.00008
1.00003
0.999992
0.999952
0.999908
0.999863
0.999818
0.999772
0.999726
0.999681
0.999635
0.999591
0.999548
0.999506
0.999468
0.999433
0.999403
0.999377
0.999354
0.999338
0.999332
0.999332
0.999335
0.999005
1.00037
1.00072
1.00071
1.0007
1.00069
1.00068
1.00067
1.00065
1.00064
1.00062
1.0006
1.00058
1.00056
1.00053
1.0005
1.00046
1.00042
1.00038
1.00033
1.00028
1.00022
1.00016
1.0001
1.00004
0.999979
0.999912
0.999844
0.999777
0.999712
0.999649
0.999589
0.99953
0.999476
0.999428
0.999385
0.999346
0.999314
0.999294
0.999285
0.998938
1.00051
1.00088
1.00087
1.00086
1.00085
1.00084
1.00082
1.0008
1.00078
1.00076
1.00073
1.0007
1.00067
1.00063
1.00059
1.00054
1.0005
1.00044
1.00038
1.00032
1.00026
1.00019
1.00013
1.00006
0.999986
0.999912
0.999836
0.999758
0.999681
0.999603
0.999528
0.999457
0.999389
0.999328
0.999275
0.99923
0.999192
0.99917
0.999158
0.998788
1.00054
1.00092
1.00091
1.00089
1.00087
1.00085
1.00083
1.0008
1.00077
1.00073
1.0007
1.00065
1.00061
1.00056
1.0005
1.00044
1.00038
1.00032
1.00024
1.00017
1.00008
1
0.999912
0.999821
0.999728
0.999635
0.999545
0.999454
0.999368
0.999286
0.999208
0.999135
0.999068
0.999007
0.998955
0.998911
0.998877
0.998854
0.99884
0.998434
1.00063
1.00102
1.00101
1.00099
1.00097
1.00094
1.00091
1.00088
1.00085
1.00081
1.00076
1.00071
1.00066
1.00059
1.00053
1.00046
1.00038
1.00031
1.00022
1.00013
1.00003
0.99994
0.999839
0.999734
0.999627
0.999519
0.999409
0.999301
0.999196
0.999093
0.998997
0.998906
0.998823
0.998749
0.998683
0.99863
0.998588
0.998561
0.998542
0.99812
1.00084
1.00125
1.00123
1.00122
1.00119
1.00117
1.00114
1.00111
1.00107
1.00103
1.00098
1.00093
1.00087
1.0008
1.00073
1.00065
1.00057
1.00049
1.00041
1.0003
1.00019
1.00008
0.999955
0.999834
0.99971
0.999584
0.999457
0.999329
0.999205
0.999086
0.998971
0.998864
0.998764
0.998675
0.998597
0.998533
0.998484
0.998449
0.998426
0.997997
1.00107
1.00148
1.00147
1.00145
1.00143
1.0014
1.00137
1.00134
1.00129
1.00124
1.00119
1.00113
1.00106
1.00098
1.0009
1.0008
1.0007
1.00062
1.00051
1.00039
1.00027
1.00014
0.999996
0.999857
0.999716
0.999573
0.99943
0.999289
0.999151
0.999017
0.998889
0.998767
0.998656
0.998556
0.998468
0.998395
0.998338
0.998295
0.998267
0.997835
1.00117
1.00159
1.00158
1.00156
1.00154
1.00151
1.00147
1.00143
1.00139
1.00133
1.00127
1.0012
1.00112
1.00104
1.00095
1.00084
1.00074
1.00064
1.00052
1.00038
1.00024
1.0001
0.99994
0.999782
0.999622
0.999459
0.999295
0.999133
0.998973
0.998817
0.998668
0.998527
0.998398
0.998279
0.998177
0.99809
0.998021
0.99797
0.997934
0.997489
1.00132
1.00174
1.00173
1.00171
1.00168
1.00165
1.00162
1.00157
1.00152
1.00146
1.0014
1.00132
1.00124
1.00114
1.00104
1.00094
1.00081
1.0007
1.00056
1.00041
1.00026
1.00009
0.999921
0.999743
0.999562
0.999377
0.99919
0.999006
0.998823
0.998646
0.998476
0.998316
0.998167
0.998032
0.997914
0.997813
0.99773
0.997672
0.997627
0.997172
1.00153
1.00195
1.00193
1.00191
1.00189
1.00185
1.00181
1.00177
1.00171
1.00165
1.00157
1.00149
1.0014
1.0013
1.00119
1.00107
1.00094
1.0008
1.00065
1.00049
1.00031
1.00013
0.999941
0.999744
0.999541
0.999336
0.999129
0.998923
0.99872
0.998521
0.998332
0.998153
0.997987
0.997837
0.997702
0.997589
0.997495
0.997422
0.997376
0.996932
1.00173
1.00214
1.00213
1.00211
1.00208
1.00205
1.002
1.00195
1.00189
1.00182
1.00175
1.00166
1.00156
1.00145
1.00134
1.0012
1.00106
1.00091
1.00074
1.00056
1.00037
1.00017
0.999955
0.999737
0.999513
0.999286
0.999055
0.998826
0.998599
0.998379
0.998167
0.997966
0.99778
0.99761
0.99746
0.997332
0.997228
0.997143
0.997093
0.996654
1.00191
1.00233
1.00232
1.00229
1.00227
1.00223
1.00218
1.00213
1.00207
1.00199
1.00191
1.00182
1.00171
1.00159
1.00147
1.00133
1.00117
1.001
1.00082
1.00062
1.00041
1.00019
0.999962
0.999722
0.999475
0.999223
0.998967
0.998713
0.998461
0.998213
0.997977
0.997753
0.997543
0.997354
0.997186
0.997041
0.996925
0.996833
0.996772
0.996316
1.00211
1.00253
1.00251
1.00249
1.00246
1.00242
1.00237
1.00232
1.00225
1.00217
1.00209
1.00199
1.00187
1.00176
1.00162
1.00146
1.00129
1.00111
1.00091
1.0007
1.00047
1.00023
0.999978
0.999714
0.999442
0.999164
0.998882
0.9986
0.99832
0.998047
0.997782
0.997533
0.9973
0.99709
0.996901
0.996738
0.996606
0.996508
0.996435
0.995961
1.00231
1.00273
1.00271
1.00269
1.00266
1.00262
1.00257
1.00251
1.00244
1.00236
1.00227
1.00216
1.00205
1.00192
1.00177
1.00161
1.00143
1.00123
1.00102
1.00079
1.00054
1.00028
1
0.999715
0.999417
0.999111
0.9988
0.99849
0.99818
0.997877
0.997585
0.997307
0.997049
0.996812
0.996602
0.996421
0.996274
0.996164
0.996088
0.995604
1.00251
1.00294
1.00292
1.00289
1.00286
1.00282
1.00277
1.00271
1.00264
1.00256
1.00246
1.00235
1.00224
1.0021
1.00194
1.00177
1.00157
1.00136
1.00113
1.00089
1.00062
1.00034
1.00003
0.999721
0.999394
0.999059
0.998717
0.998375
0.998035
0.9977
0.997377
0.997071
0.996784
0.99652
0.996284
0.996085
0.995918
0.995797
0.995709
0.995242
1.00273
1.00314
1.00314
1.00311
1.00308
1.00303
1.00298
1.00292
1.00285
1.00276
1.00266
1.00255
1.00243
1.00228
1.00212
1.00193
1.00173
1.0015
1.00126
1.00099
1.0007
1.0004
1.00007
0.999735
0.99938
0.999014
0.998641
0.998263
0.997886
0.997518
0.997161
0.996816
0.996498
0.996207
0.995949
0.995725
0.995542
0.995397
0.995306
0.994829
1.00294
1.00336
1.00334
1.00332
1.00329
1.00325
1.0032
1.00314
1.00306
1.00298
1.00287
1.00277
1.00263
1.00248
1.00231
1.00211
1.0019
1.00166
1.0014
1.00112
1.00081
1.00048
1.00013
0.999757
0.999367
0.998965
0.998554
0.998142
0.997731
0.997324
0.996929
0.99656
0.996205
0.995879
0.995588
0.995339
0.99513
0.994981
0.994862
0.994417
1.00316
1.00358
1.00357
1.00355
1.00352
1.00348
1.00342
1.00336
1.00328
1.00319
1.00309
1.00298
1.00284
1.00268
1.0025
1.00231
1.00208
1.00183
1.00155
1.00125
1.00092
1.00057
1.00019
0.999793
0.999375
0.998939
0.998491
0.998037
0.99758
0.99713
0.996696
0.996266
0.995878
0.995526
0.995207
0.99493
0.994707
0.994514
0.994416
0.993918
1.00338
1.0038
1.00378
1.00375
1.00373
1.0037
1.00365
1.00359
1.00352
1.00343
1.00332
1.00321
1.00307
1.00291
1.00272
1.00251
1.00228
1.00202
1.00173
1.00142
1.00107
1.00069
1.00028
0.999831
0.999367
0.998889
0.998397
0.997899
0.997409
0.996916
0.996438
0.996
0.995563
0.995153
0.994794
0.994484
0.994219
0.994051
0.993881
0.993456
1.00361
1.00404
1.00404
1.00402
1.00398
1.00394
1.00389
1.00383
1.00375
1.00366
1.00357
1.00344
1.00329
1.00313
1.00295
1.00274
1.00249
1.00222
1.00192
1.00158
1.0012
1.0008
1.00036
0.999903
0.999413
0.998896
0.998365
0.99782
0.99726
0.996716
0.996185
0.995643
0.995175
0.994754
0.994362
0.994022
0.993757
0.993486
0.993404
0.992852
1.00384
1.00425
1.00424
1.00422
1.0042
1.00417
1.00413
1.00408
1.00401
1.00392
1.00383
1.0037
1.00356
1.0034
1.0032
1.00297
1.00272
1.00246
1.00214
1.00178
1.00139
1.00095
1.00047
0.999955
0.999408
0.998841
0.998251
0.997652
0.997068
0.996476
0.995896
0.995385
0.994839
0.994325
0.993885
0.993496
0.99315
0.992992
0.992727
0.992311
1.00407
1.00452
1.00451
1.00449
1.00447
1.00444
1.0044
1.00434
1.00426
1.00417
1.00408
1.00395
1.0038
1.00363
1.00345
1.00324
1.00298
1.0027
1.00237
1.002
1.00158
1.00113
1.00062
1.00009
0.999512
0.998897
0.998267
0.99762
0.996933
0.996266
0.995616
0.994943
0.994385
0.993876
0.993387
0.992976
0.992663
0.992274
0.992218
0.991605
1.00433
1.00472
1.00472
1.00471
1.0047
1.00468
1.00464
1.0046
1.00454
1.00446
1.00437
1.00424
1.0041
1.00395
1.00375
1.00351
1.00326
1.00297
1.00263
1.00222
1.00178
1.00129
1.00076
1.00015
0.999515
0.99885
0.998142
0.997417
0.996718
0.996011
0.995313
0.994681
0.994001
0.993377
0.992845
0.992352
0.9919
0.991732
0.991362
0.990969
1.00453
1.00498
1.00498
1.00499
1.00497
1.00496
1.00492
1.00488
1.00481
1.00473
1.00464
1.00452
1.00437
1.00419
1.00402
1.00381
1.00357
1.00328
1.00294
1.00256
1.00212
1.00159
1.00099
1.00036
0.999676
0.998939
0.99819
0.997416
0.99659
0.995773
0.994973
0.994189
0.993512
0.992862
0.992249
0.991752
0.991373
0.990885
0.990804
0.990138
1.00481
1.00524
1.00523
1.00522
1.00523
1.00522
1.0052
1.00517
1.00511
1.00504
1.00495
1.00484
1.00471
1.00456
1.00435
1.00413
1.00388
1.00358
1.00321
1.00279
1.00229
1.00174
1.00115
1.00048
0.999739
0.998968
0.998121
0.997247
0.996386
0.995524
0.994678
0.993842
0.993022
0.992306
0.99166
0.991047
0.990474
0.990195
0.989761
0.989385
1.00503
1.00543
1.00546
1.00549
1.00548
1.00548
1.00547
1.00545
1.00541
1.00537
1.00527
1.00513
1.00496
1.00482
1.00467
1.0045
1.00427
1.00401
1.00368
1.00327
1.00277
1.00219
1.00149
1.00073
0.999913
0.999032
0.998143
0.997204
0.996224
0.995229
0.994247
0.993364
0.992505
0.991665
0.990943
0.990302
0.989837
0.98929
0.989091
0.988328
1.00528
1.00575
1.00577
1.00577
1.00578
1.0058
1.0058
1.00579
1.00576
1.00568
1.00557
1.00548
1.00538
1.00522
1.00505
1.00484
1.00462
1.00434
1.00398
1.00355
1.00303
1.0024
1.00174
1.00098
1.00014
0.999227
0.998226
0.997173
0.996106
0.995031
0.993985
0.992905
0.991944
0.991078
0.990246
0.989521
0.988801
0.988395
0.987926
0.987467
1.00548
1.00593
1.00594
1.00597
1.006
1.00602
1.00605
1.00608
1.00607
1.00604
1.00596
1.00583
1.00567
1.00552
1.00538
1.00525
1.00508
1.00488
1.00458
1.00414
1.00358
1.00293
1.00214
1.00126
1.00031
0.999269
0.998197
0.997062
0.995869
0.994649
0.99344
0.992342
0.991279
0.990302
0.989462
0.988663
0.988057
0.987368
0.98698
0.986168
1.00577
1.00625
1.00629
1.00633
1.00634
1.00637
1.00643
1.00649
1.00651
1.00645
1.0063
1.00618
1.00609
1.00599
1.00588
1.00574
1.00556
1.00535
1.00504
1.00464
1.0041
1.00339
1.00261
1.00175
1.00077
0.999704
0.998498
0.99725
0.995956
0.994629
0.993264
0.991906
0.990736
0.989619
0.988558
0.98772
0.986812
0.986422
0.985742
0.985195
1.00593
1.00641
1.00645
1.00651
1.00655
1.0066
1.00666
1.00676
1.00683
1.00683
1.00671
1.00661
1.00653
1.00641
1.00625
1.00622
1.00614
1.00601
1.00577
1.00531
1.00465
1.00393
1.00312
1.00218
1.00109
0.999867
0.998562
0.997163
0.995691
0.994153
0.992637
0.991183
0.989918
0.988776
0.987547
0.986772
0.985705
0.98513
0.98464
0.983595
1.00627
1.00675
1.00684
1.00688
1.00693
1.00699
1.0071
1.00727
1.00743
1.00747
1.00723
1.00713
1.00711
1.00705
1.00705
1.00709
1.00694
1.00679
1.0066
1.00623
1.00562
1.00486
1.00398
1.00301
1.00188
1.00068
0.999212
0.997727
0.99621
0.994423
0.992743
0.990881
0.989344
0.987985
0.986488
0.985569
0.984399
0.984067
0.983109
0.98262
1.00563
1.00659
1.00688
1.00703
1.00712
1.00721
1.00732
1.00755
1.00774
1.0078
1.00778
1.00781
1.00783
1.00779
1.00786
1.00794
1.00789
1.0078
1.00759
1.00713
1.00654
1.00583
1.00497
1.004
1.00279
1.00133
0.999658
0.998073
0.996182
0.994259
0.99235
0.990425
0.988486
0.986804
0.985267
0.984148
0.983221
0.982772
0.982238
0.98
1.01249
1.00426
1.00661
1.00557
1.00637
1.00634
1.00655
1.00677
1.00698
1.00715
1.00729
1.00743
1.0075
1.00754
1.00744
1.00746
1.00759
1.00772
1.00787
1.00793
1.00777
1.00739
1.00684
1.00571
1.00414
1.00282
1.00133
0.999233
0.996891
0.99417
0.99134
0.988074
0.983893
0.982464
0.977941
0.981874
0.982761
0.984758
0.978544
0.977817
1.01265
1.00443
1.0069
1.00504
1.00612
1.00595
1.00629
1.00651
1.00667
1.00681
1.00694
1.00702
1.00703
1.00708
1.00717
1.00735
1.00755
1.00758
1.00758
1.00769
1.00727
1.00637
1.00586
1.005
1.00378
1.00243
1.00078
0.99895
0.996894
0.994254
0.991473
0.989046
0.98415
0.984382
0.97849
0.983528
0.982545
0.987563
0.979578
0.980424
1.01112
1.00527
1.00665
1.00455
1.00595
1.0056
1.00615
1.00624
1.00642
1.00654
1.00664
1.00675
1.00684
1.007
1.00719
1.00737
1.00741
1.00735
1.00727
1.00705
1.00637
1.00562
1.00525
1.00451
1.00328
1.00191
1.0003
0.998679
0.996861
0.994451
0.991485
0.99
0.984593
0.986185
0.978863
0.985487
0.982111
0.990365
0.981404
0.982866
1.01004
1.00519
1.00609
1.00439
1.00588
1.00537
1.00608
1.00606
1.00629
1.00638
1.00651
1.0067
1.00687
1.00704
1.00715
1.00721
1.00723
1.00701
1.00663
1.00632
1.00582
1.00522
1.00468
1.00392
1.00273
1.00136
0.999974
0.998421
0.996639
0.994635
0.991523
0.990814
0.985301
0.987584
0.979237
0.987023
0.982034
0.992167
0.983599
0.98323
1.00884
1.00473
1.00544
1.00429
1.00578
1.00525
1.00601
1.00593
1.00621
1.00632
1.00653
1.00676
1.00688
1.00693
1.00695
1.00695
1.00679
1.00638
1.00597
1.00564
1.00528
1.00473
1.0041
1.00332
1.00225
1.001
0.999747
0.998092
0.996196
0.994646
0.991559
0.991339
0.986089
0.988619
0.979795
0.987381
0.981763
0.992736
0.984529
0.983762
1.00682
1.00412
1.00506
1.00431
1.00572
1.00521
1.00595
1.00587
1.00621
1.00637
1.00661
1.00676
1.00677
1.00674
1.0066
1.00648
1.00631
1.00595
1.00559
1.00524
1.00482
1.00433
1.00374
1.00291
1.00181
1.00061
0.999323
0.997681
0.995856
0.994679
0.99164
0.991713
0.986749
0.989462
0.98055
0.987656
0.98119
0.992912
0.984741
0.985267
1.0053
1.00393
1.00516
1.00463
1.00576
1.00526
1.00593
1.00589
1.0063
1.00636
1.00655
1.00664
1.00658
1.00642
1.00631
1.00621
1.00606
1.00574
1.00544
1.00505
1.00454
1.00408
1.00343
1.00254
1.00142
1.00021
0.998942
0.997568
0.995903
0.994943
0.991967
0.992278
0.987414
0.990253
0.981373
0.98867
0.980087
0.993019
0.984431
0.989319
1.00377
1.00411
1.0055
1.00487
1.00586
1.00535
1.00604
1.00591
1.00631
1.0063
1.00643
1.00645
1.00628
1.00615
1.00607
1.00589
1.00574
1.00543
1.00515
1.00468
1.00422
1.00371
1.00298
1.00222
1.00126
1.00014
0.99899
0.99784
0.996208
0.99538
0.992561
0.993032
0.988234
0.991002
0.982455
0.989864
0.979138
0.992544
0.98351
0.994688
1.00136
1.00417
1.00583
1.00504
1.00594
1.00527
1.00607
1.00574
1.00626
1.00615
1.00614
1.00606
1.00594
1.00581
1.0057
1.00547
1.00532
1.00503
1.00468
1.00428
1.00389
1.00337
1.00265
1.00205
1.00127
1.00022
0.999124
0.99805
0.996434
0.995771
0.993172
0.993589
0.989131
0.991571
0.984088
0.990704
0.979261
0.991461
0.981777
0.998665
0.998256
1.00427
1.00647
1.00539
1.00601
1.00526
1.00592
1.00562
1.00618
1.00593
1.00584
1.00583
1.00576
1.00561
1.00546
1.00522
1.00508
1.00482
1.00444
1.0041
1.0037
1.00314
1.00244
1.00188
1.00111
1.00003
0.998939
0.997979
0.996491
0.995972
0.993654
0.993885
0.990094
0.991934
0.986181
0.991508
0.981241
0.991864
0.982275
0.996935
0.995885
1.00504
1.00689
1.0056
1.00604
1.00523
1.00569
1.00556
1.00618
1.00589
1.00577
1.00577
1.00574
1.00558
1.0054
1.00513
1.005
1.00473
1.0043
1.00396
1.00349
1.00287
1.00215
1.00161
1.0008
0.999673
0.998651
0.997879
0.99655
0.996083
0.994133
0.994191
0.991212
0.992209
0.988376
0.992411
0.986544
0.99429
0.989583
0.980121
0.994733
1.00643
1.00688
1.00554
1.00571
1.005
1.00535
1.00535
1.0061
1.00581
1.0056
1.0056
1.0056
1.00545
1.00522
1.00493
1.00477
1.00448
1.00397
1.00368
1.00319
1.00254
1.00185
1.00133
1.00056
0.999472
0.998551
0.997924
0.996714
0.996242
0.994702
0.994582
0.992441
0.992443
0.990475
0.992864
0.991854
0.995917
1.00808
0.956818
0.994133
1.00791
1.00668
1.00544
1.00517
1.00473
1.00492
1.00508
1.00577
1.00552
1.00527
1.00525
1.00524
1.00509
1.00483
1.00453
1.00442
1.00411
1.00361
1.00342
1.00295
1.00226
1.0016
1.00112
1.00039
0.99941
0.998558
0.997991
0.996892
0.996411
0.995256
0.994902
0.993625
0.992603
0.992525
0.992795
0.996992
0.995534
1.02416
0.938075
0.993793
1.00896
1.00623
1.00542
1.00474
1.0046
1.00463
1.00492
1.00548
1.00526
1.00501
1.00498
1.00495
1.00479
1.00453
1.00428
1.0042
1.0039
1.00336
1.00325
1.00277
1.00207
1.00138
1.00091
1.00023
0.999325
0.998517
0.997969
0.997
0.996503
0.995689
0.995064
0.994654
0.992714
0.994588
0.99235
1.00141
0.992536
1.02912
0.928841
0.994241
1.00924
1.00562
1.00543
1.00445
1.00456
1.00448
1.00482
1.00527
1.00509
1.00486
1.00483
1.00477
1.00461
1.00436
1.00413
1.00408
1.00377
1.00317
1.00305
1.00257
1.00186
1.00117
1.00068
1.00003
0.999203
0.998441
0.997903
0.997062
0.996526
0.996019
0.995115
0.99548
0.992768
0.996355
0.991636
1.00358
0.987756
1.02841
0.933417
0.995622
1.00904
1.00495
1.00541
1.00419
1.00455
1.00434
1.00473
1.00502
1.00488
1.00469
1.00465
1.00457
1.0044
1.00417
1.00394
1.0039
1.00357
1.00294
1.00279
1.00233
1.00165
1.00099
1.00049
0.999866
0.999118
0.998405
0.997866
0.997145
0.996542
0.9963
0.995124
0.996102
0.992792
0.99746
0.990884
1.00383
0.983944
1.02499
0.943859
0.997379
1.00821
1.00429
1.00533
1.00398
1.00454
1.00417
1.00463
1.00471
1.00464
1.00448
1.00442
1.00432
1.00414
1.00394
1.0037
1.00364
1.00332
1.00271
1.00253
1.0021
1.00147
1.00085
1.00035
0.999754
0.999079
0.998412
0.997864
0.997253
0.996572
0.996542
0.995121
0.996538
0.992782
0.997994
0.990071
1.00351
0.981634
1.0178
0.955754
0.998976
1.00715
1.00382
1.00521
1.00384
1.00449
1.00404
1.00448
1.00443
1.00443
1.00428
1.00421
1.00409
1.00392
1.00371
1.0035
1.00339
1.0031
1.00252
1.00232
1.00189
1.00133
1.00074
1.00025
0.999679
0.999058
0.998436
0.997881
0.997362
0.996615
0.996746
0.995123
0.996829
0.992777
0.998213
0.989424
1.00258
0.981584
1.01191
0.965955
1.00022
1.00627
1.00355
1.00504
1.00375
1.00443
1.00395
1.00435
1.00423
1.00426
1.00411
1.00403
1.0039
1.00374
1.00353
1.00333
1.00318
1.0029
1.00237
1.00214
1.00171
1.00119
1.00065
1.00016
0.999616
0.999039
0.998455
0.997905
0.997457
0.996657
0.996907
0.995137
0.997014
0.992822
0.998238
0.989285
1.00151
0.982744
1.00703
0.973644
1.00114
1.00551
1.00339
1.00484
1.00367
1.00435
1.00386
1.00422
1.00406
1.00409
1.00396
1.00387
1.00374
1.00357
1.00338
1.00317
1.00299
1.00271
1.00224
1.00197
1.00156
1.00107
1.00056
1.00008
0.999568
0.99903
0.998479
0.997936
0.997549
0.996709
0.997035
0.995188
0.997125
0.992947
0.998141
0.989574
1.00052
0.98428
1.00314
0.979263
1.00178
1.00493
1.0033
1.00462
1.00359
1.00424
1.00376
1.00408
1.0039
1.00393
1.0038
1.0037
1.00357
1.0034
1.00322
1.003
1.0028
1.00253
1.00211
1.00181
1.00141
1.00096
1.00048
1.00002
0.999525
0.999013
0.998499
0.997963
0.997623
0.996767
0.997126
0.995269
0.997172
0.993135
0.997962
0.990063
0.999563
0.985913
1.00035
0.983351
1.00222
1.0045
1.00327
1.0044
1.00352
1.00411
1.00367
1.00395
1.00376
1.00379
1.00366
1.00356
1.00342
1.00326
1.00307
1.00286
1.00264
1.00238
1.00199
1.00169
1.0013
1.00088
1.00042
0.999972
0.999498
0.999012
0.998525
0.998007
0.997688
0.996844
0.9972
0.995389
0.997191
0.993385
0.997763
0.99066
0.998756
0.987476
0.998446
0.986286
1.00248
1.00418
1.00325
1.0042
1.00346
1.00398
1.00358
1.00381
1.00363
1.00364
1.00351
1.00341
1.00326
1.00311
1.00291
1.0027
1.00248
1.00222
1.00186
1.00156
1.00118
1.00078
1.00035
0.999913
0.999459
0.999
0.998532
0.998037
0.997732
0.996916
0.997248
0.995513
0.997174
0.993655
0.997549
0.991282
0.998083
0.98886
0.997179
0.988394
1.00265
1.00395
1.00324
1.00401
1.0034
1.00385
1.0035
1.00369
1.00352
1.00351
1.00339
1.00328
1.00315
1.00298
1.0028
1.00258
1.00236
1.0021
1.00177
1.00146
1.0011
1.00071
1.0003
0.999882
0.999444
0.999006
0.998561
0.998082
0.997789
0.997005
0.9973
0.995674
0.997164
0.99397
0.997361
0.991918
0.997548
0.99007
0.996379
0.989976
1.00273
1.00377
1.00323
1.00385
1.00334
1.00372
1.00341
1.00356
1.0034
1.00337
1.00326
1.00314
1.003
1.00283
1.00265
1.00243
1.00221
1.00195
1.00164
1.00134
1.00099
1.00062
1.00023
0.999823
0.999409
0.998983
0.998564
0.998104
0.997814
0.99708
0.997313
0.995823
0.997118
0.994271
0.997171
0.99251
0.997125
0.991101
0.995902
0.991146
1.00277
1.00362
1.00321
1.0037
1.00329
1.0036
1.00334
1.00345
1.0033
1.00327
1.00315
1.00304
1.0029
1.00274
1.00255
1.00234
1.00211
1.00185
1.00156
1.00126
1.00093
1.00057
1.0002
0.999803
0.999407
0.999
0.998594
0.998162
0.997861
0.997189
0.997353
0.996013
0.997105
0.994602
0.99704
0.993082
0.996831
0.991981
0.99564
0.992035
1.00278
1.0035
1.00319
1.00357
1.00324
1.00348
1.00325
1.00333
1.00319
1.00314
1.00302
1.00291
1.00276
1.0026
1.00241
1.00221
1.00198
1.00173
1.00144
1.00115
1.00083
1.00048
1.00012
0.99975
0.999364
0.998979
0.998582
0.998178
0.997869
0.997259
0.997353
0.99616
0.997058
0.994883
0.996907
0.993575
0.9966
0.992712
0.995509
0.992747
1.00277
1.0034
1.00316
1.00345
1.00318
1.00336
1.00318
1.00322
1.00311
1.00304
1.00294
1.00281
1.00267
1.00251
1.00233
1.00212
1.0019
1.00165
1.00137
1.00108
1.00078
1.00045
1.0001
0.999741
0.999372
0.998998
0.998622
0.998233
0.997925
0.997367
0.9974
0.996347
0.997066
0.995191
0.996841
0.994058
0.996469
0.993356
0.995487
0.993335
1.00273
1.00331
1.00312
1.00334
1.00313
1.00326
1.00311
1.00312
1.00302
1.00294
1.00283
1.0027
1.00256
1.00239
1.00222
1.00201
1.00179
1.00155
1.00128
1.00099
1.00069
1.00038
1.00004
0.99969
0.999341
0.998973
0.998618
0.99824
0.997935
0.997428
0.9974
0.996485
0.997035
0.995444
0.996759
0.99446
0.996358
0.993878
0.995501
0.993774
1.00269
1.00323
1.00308
1.00324
1.00307
1.00316
1.00303
1.00303
1.00292
1.00285
1.00273
1.00261
1.00247
1.00231
1.00213
1.00193
1.00171
1.00147
1.00121
1.00093
1.00064
1.00033
1.00001
0.999679
0.999337
0.998993
0.998644
0.998294
0.997979
0.997533
0.997438
0.99666
0.997048
0.995719
0.996736
0.994853
0.996329
0.994357
0.995584
0.994155
1.00266
1.00315
1.00305
1.00316
1.00302
1.00308
1.00297
1.00295
1.00285
1.00277
1.00265
1.00253
1.00238
1.00222
1.00204
1.00185
1.00163
1.00139
1.00114
1.00087
1.00058
1.00028
0.999972
0.999656
0.99932
0.998992
0.998651
0.998317
0.998
0.9976
0.997457
0.996793
0.997049
0.995938
0.99671
0.995169
0.996305
0.994738
0.995677
0.994505
1.00261
1.00308
1.003
1.00307
1.00296
1.00298
1.00289
1.00285
1.00276
1.00267
1.00256
1.00243
1.00229
1.00213
1.00195
1.00175
1.00154
1.00131
1.00106
1.0008
1.00052
1.00023
0.999931
0.999618
0.999303
0.99898
0.998662
0.998334
0.998035
0.99766
0.997492
0.99692
0.997072
0.99615
0.996722
0.995472
0.996334
0.995102
0.995801
0.994792
1.00256
1.00302
1.00296
1.003
1.00292
1.00292
1.00284
1.00279
1.0027
1.0026
1.0025
1.00236
1.00222
1.00206
1.00189
1.00169
1.00148
1.00126
1.00102
1.00076
1.00049
1.00021
0.999921
0.999618
0.999316
0.999002
0.998695
0.998377
0.998082
0.997739
0.997537
0.997052
0.997102
0.996348
0.996737
0.995734
0.996359
0.99539
0.995903
0.995044
1.00253
1.00295
1.0029
1.00292
1.00285
1.00284
1.00276
1.0027
1.00261
1.00252
1.0024
1.00228
1.00213
1.00198
1.0018
1.00161
1.0014
1.00118
1.00094
1.00069
1.00042
1.00015
0.999866
0.999578
0.999279
0.998984
0.99868
0.998386
0.998091
0.997784
0.997559
0.997154
0.997125
0.996517
0.996764
0.99597
0.996413
0.995653
0.996021
0.995278
1.00251
1.00291
1.00286
1.00287
1.00281
1.00278
1.00271
1.00265
1.00256
1.00246
1.00235
1.00222
1.00207
1.00192
1.00174
1.00155
1.00135
1.00113
1.0009
1.00065
1.00039
1.00013
0.999855
0.999574
0.999287
0.999
0.998708
0.998421
0.998136
0.997843
0.997607
0.997252
0.997166
0.996664
0.9968
0.996161
0.996461
0.995855
0.996114
0.99548
1.00247
1.00283
1.0028
1.0028
1.00274
1.00271
1.00264
1.00257
1.00249
1.00239
1.00227
1.00214
1.002
1.00184
1.00167
1.00148
1.00128
1.00107
1.00084
1.0006
1.00035
1.00009
0.999827
0.999552
0.99928
0.998997
0.998723
0.99844
0.998173
0.997893
0.99766
0.997348
0.997224
0.996813
0.996866
0.99636
0.996547
0.996079
0.996258
0.995708
1.00244
1.00279
1.00276
1.00275
1.0027
1.00266
1.00259
1.00252
1.00244
1.00233
1.00222
1.00209
1.00195
1.00179
1.00162
1.00143
1.00123
1.00102
1.00079
1.00056
1.00031
1.00006
0.999796
0.99953
0.99926
0.998988
0.998717
0.998445
0.998183
0.997917
0.997682
0.997402
0.997247
0.996909
0.99689
0.996489
0.996591
0.996222
0.996334
0.995817
1.00241
1.00274
1.00271
1.00269
1.00265
1.0026
1.00253
1.00246
1.00237
1.00227
1.00215
1.00202
1.00188
1.00172
1.00155
1.00137
1.00117
1.00097
1.00075
1.00052
1.00028
1.00003
0.999782
0.999528
0.999266
0.999007
0.998743
0.998487
0.998231
0.997982
0.997748
0.997499
0.997326
0.997046
0.996979
0.996664
0.996696
0.996424
0.996486
0.996008
1.00239
1.00271
1.00268
1.00266
1.00262
1.00257
1.0025
1.00243
1.00234
1.00223
1.00212
1.00199
1.00184
1.00169
1.00152
1.00134
1.00114
1.00094
1.00072
1.00049
1.00026
1.00002
0.999769
0.999517
0.999261
0.999005
0.998749
0.998495
0.998247
0.998004
0.997775
0.99754
0.997356
0.997111
0.997013
0.996748
0.996743
0.996513
0.996553
0.996088
1.00234
1.00265
1.00263
1.0026
1.00256
1.0025
1.00244
1.00236
1.00227
1.00216
1.00204
1.00192
1.00177
1.00162
1.00145
1.00127
1.00108
1.00088
1.00067
1.00045
1.00023
0.999994
0.999756
0.999512
0.999268
0.999023
0.998779
0.998538
0.998303
0.998073
0.997857
0.997639
0.997462
0.997248
0.997136
0.996926
0.996887
0.996716
0.996719
0.996268
)
;

boundaryField
{
    FrontBack
    {
        type            empty;
    }
    Cylinder
    {
        type            calculated;
        value           uniform 0;
    }
    Bottom
    {
        type            calculated;
        value           uniform 0;
    }
    Top
    {
        type            calculated;
        value           uniform 0;
    }
    Inlet
    {
        type            calculated;
        value           uniform 1;
    }
    Outlet
    {
        type            calculated;
        value           nonuniform List<scalar> 
40
(
1.00234
1.00265
1.00263
1.0026
1.00256
1.0025
1.00244
1.00236
1.00227
1.00216
1.00204
1.00192
1.00177
1.00162
1.00145
1.00127
1.00108
1.00088
1.00067
1.00045
1.00023
0.999994
0.999756
0.999512
0.999268
0.999023
0.998779
0.998538
0.998303
0.998073
0.997857
0.997639
0.997462
0.997248
0.997136
0.996926
0.996887
0.996716
0.996719
0.996268
)
;
    }
}


// ************************************************************************* //
